0.0048681 0.0057738 0.0050882 0.006674 0.012512 -0.011444 0.021961 0.035369 0.012726 -0.00086655 0.013011 0.017108 0.00085469 0.0012183 0.0010135 0.0012183 0.039719 0.0070624 0.045719 0.020995 -0.15752 -0.11662 0.45552 0.28018 0.27792 -0.13825 0.3054 0.16764 -0.0011122 3.9682e-06 0.010182 0.0038981 0.055205 -0.01379 0.058081 0.026855 -0.15153 0.19697 0.31488 0.26031 0.20451 0.14602 0.30576 0.23455 -0.0030005 -0.01353 0.010407 0.013733 -0.0013472 0.0014451 0.0027783 0.0087863 0.017677 -0.010924 0.027289 0.028247 -0.0023205 0.00021887 0.012925 0.020477 -1.5278e-05 0.00087025 0.0010132 0.0022768
0.0046394 0.0044052 0.0052828 0.0056 -0.0026626 0.022521 0.016943 0.028475 0.0066435 0.0069675 0.014772 0.013197 0.0020424 -0.0034298 0.0030388 0.0037272 0.016849 -0.021597 0.038822 0.024136 -0.11416 -0.24183 0.2213 0.34446 0.24079 -0.15527 0.32707 0.30181 -0.011531 0.0010378 0.037333 0.022137 -0.025402 0.007918 0.049947 0.01811 -0.032371 0.15531 0.30081 0.2808 0.28738 0.19034 0.30529 0.24585 -0.028499 0.0027435 0.034291 0.0067119 0.0041705 -0.00049368 0.0045641 0.0013868 0.011391 0.012557 0.015946 0.01378 0.008982 0.003219 0.011329 0.0069075 -0.0037287 0.0017982 0.0040635 0.0018671
-0.0049075 1.1295e-05 0.0063964 0.0028199 0.028088 -0.0011352 0.05486 0.010187 -0.0070853 -0.0023313 0.025484 0.0075235 0.0023577 0.0005763 0.0024978 0.0015257 -0.047436 0.0094024 0.050162 0.01424 0.29245 0.091791 0.4928 0.13722 -0.18466 0.12169 0.22684 0.15919 0.045685 -0.0072884 0.047964 0.017181 -0.06181 0.00013579 0.068449 0.015344 0.19792 -0.056575 0.38338 0.34411 -0.071211 -0.066699 0.19436 0.36769 0.02964 0.0055887 0.034127 0.012398 -0.0044257 -0.0028923 0.0049253 0.0029199 0.02262 -0.0077522 0.027086 0.02035 0.00038628 -0.014229 0.0078181 0.028588 -0.0015362 -0.0020568 0.0022604 0.0032915
-0.00028436 0.001281 0.0038092 0.0019122 0.07544 -0.0021129 0.094434 0.025568 -0.03094 -0.01037 0.10688 0.046937 0.0035893 -0.00068738 0.004316 0.0014758 0.032212 -0.0027648 0.040206 0.019476 0.04567 0.064313 0.23209 0.25556 0.1945 -0.074928 0.36652 0.40027 0.0045572 0.0068546 0.013122 0.029923 0.041393 -0.0068041 0.041393 0.025111 -0.042869 0.1007 0.23785 0.21158 0.29884 0.19619 0.39032 0.30066 -0.02327 -0.024087 0.034715 0.050195 0.0088821 0.00016078 0.0088821 0.0030358 0.0042406 -0.022529 0.025049 0.034695 0.0098599 -0.046356 0.027857 0.060805 -0.0094981 -0.0057527 0.012265 0.0091868
0.0036545 -0.00061596 0.0043455 0.00097003 0.021101 -0.0098903 0.037407 0.016745 0.0017003 -0.0022159 0.047778 0.012003 0.0030316 -0.00034733 0.0057883 0.0013731 0.019267 -0.011847 0.025866 0.013169 0.20104 0.069856 0.27823 0.17427 0.099001 0.22798 0.26174 0.35565 0.031633 0.0071395 0.039644 0.017443 0.0036589 0.0035429 0.025833 0.008537 0.26546 -0.033799 0.37712 0.15586 0.051206 -0.29274 0.2942 0.39563 -0.0064593 -0.0093525 0.025791 0.029839 0.004819 -0.00027236 0.0054695 0.00083975 0.013033 0.01947 0.044776 0.022697 0.025052 0.035537 0.036404 0.052904 -0.0023318 0.0017108 0.0036608 0.0021653
5.445e-05 0.0034825 0.0012895 0.0036851 0.0084535 0.019466 0.011634 0.020442 0.038311 0.051413 0.038397 0.051448 0.0024726 0.0059833 0.0025231 0.0059833 -0.0025469 0.0073958 0.011671 0.018486 0.19966 0.11025 0.24589 0.21142 0.066211 0.10083 0.33475 0.25291 0.023881 -0.0093654 0.026909 0.021637 -0.020912 0.0056463 0.025515 0.018157 0.40409 -0.015709 0.44084 0.18361 -0.21836 -0.006877 0.38133 0.19575 0.051389 -0.0072892 0.05419 0.069741 -7.5315e-05 0.0020678 0.002974 0.0036995 0.005846 0.015389 0.015771 0.032166 0.021407 -0.01901 0.03723 0.041578 0.00086138 0.00048633 0.0021544 0.0017639
-0.001443 -0.0019073 0.0014812 0.0023633 -0.002645 -0.0035724 0.0061573 0.012819 0.020821 0.0068796 0.024599 0.0086793 -0.0031481 0.0026846 0.0031481 0.0026846 -0.014495 -0.010263 0.016218 0.018018 -0.025055 -0.16191 0.16044 0.23908 0.28712 -0.1312 0.30446 0.18893 -0.003275 0.0057174 0.018942 0.0090893 -0.012547 0.018274 0.025004 0.078324 -0.10992 0.19546 0.45546 0.41053 0.2857 0.12322 0.31153 0.17192 0.012499 0.0073553 0.017636 0.0088045 0.0016719 0.0082578 0.0023372 0.0089079 -0.0011457 0.021687 0.012268 0.024041 0.010291 0.0046362 0.017044 0.0081863 0.0031962 0.0013502 0.0042981 0.0015163
-0.0021597 0.0018903 0.0048502 0.0019027 -0.020645 0.024134 0.10341 0.036588 0.050161 -0.0041942 0.065405 0.019087 -0.0031178 -7.6113e-05 0.0065848 0.0046367 -0.011979 0.015456 0.028516 0.016199 -0.12011 -0.1631 0.38968 0.27478 0.26741 -0.11226 0.41712 0.13778 0.0049788 0.01943 0.017428 0.020437 -0.004089 -0.016558 0.011739 0.018357 -0.13573 0.21823 0.22492 0.24461 0.27945 0.20624 0.28016 0.22665 0.010588 -0.0011912 0.012201 0.013869 0.0048956 -0.0051918 0.0051367 0.0057206 0.016025 -0.017838 0.016539 0.029039 0.0014824 -0.027948 0.0056677 0.027948 -0.00076586 -0.0050236 0.00087834 0.0050236
0.0014572 0.0024697 0.0015393 0.0027253 -0.0020576 -0.01327 0.0091017 0.037491 0.0097496 0.047074 0.022092 0.051786 0.0057787 0.0052031 0.0057787 0.0065325 0.0018035 0.007364 0.01731 0.023982 -0.082906 -0.017741 0.11178 0.10283 0.39126 0.022399 0.55001 0.20372 -0.020993 -0.025857 0.059274 0.050812 0.012171 0.0097024 0.02031 0.021317 -0.0063281 0.20916 0.15119 0.24734 0.23946 0.085478 0.45842 0.19328 -0.030572 0.031227 0.055235 0.041915 0.0029906 -0.0018114 0.0029906 0.0034914 -0.0071344 -0.0058829 0.020698 0.044648 0.016618 -0.04404 0.033835 0.054427 0.0004994 0.00037093 0.0033143 0.0048597
0.00053328 0.003509 0.0026291 0.0050512 0.0010687 0.03168 0.018441 0.036209 0.018576 0.029408 0.033163 0.03543 0.0058478 0.0073303 0.0058478 0.0077241 0.015705 0.0064716 0.016338 0.013324 -0.10118 -0.016135 0.13862 0.11443 0.3356 0.042271 0.59313 0.22914 0.010578 -0.04222 0.057774 0.0682 0.027379 0.00053206 0.028679 0.0085065 -0.04441 0.18124 0.1785 0.20098 0.24324 0.038521 0.39917 0.28027 -0.002224 0.053287 0.038622 0.06378 0.0040351 -0.0017217 0.0040351 0.0024903 0.019251 0.0094816 0.033332 0.03317 -0.014462 0.020329 0.031021 0.035292 0.0082758 -0.00077595 0.0091524 0.0065293
-3.7377e-05 -0.0066957 0.0014661 0.0071219 0.00047736 -0.0055958 0.0094681 0.017182 0.0037359 0.0025147 0.01177 0.011751 0.0025591 -0.0014968 0.003 0.0019086 -0.035482 -0.024776 0.050225 0.05259 0.28286 -0.083281 0.44392 0.41345 -0.06405 0.010372 0.14447 0.20454 0.037532 -0.018367 0.037532 0.018939 -0.031451 0.038472 0.045808 0.048164 0.28952 0.14804 0.3614 0.34714 -0.12615 -0.020425 0.16654 0.23264 0.024008 0.0025621 0.043851 0.0059679 0.0016848 0.0015977 0.0016848 0.0019345 0.0038695 0.0074352 0.0084924 0.013419 -0.028469 -0.0021794 0.028578 0.011945 0.004186 -0.0003829 0.0052746 0.0012647
-0.0010817 5.1925e-05 0.0052497 0.00099188 0.018742 0.017896 0.03829 0.018319 -0.015394 0.010607 0.063941 0.021897 0.0015221 0.0022676 0.0019552 0.0022684 0.0048678 0.0084002 0.033132 0.011998 0.23833 0.028309 0.38743 0.10421 -0.19543 0.013633 0.52329 0.1219 0.0015318 0.0071981 0.019372 0.012516 -0.014583 -0.0020647 0.02026 0.0076094 0.1793 -0.10875 0.34448 0.13145 -0.09479 -0.069392 0.47479 0.13285 0.0016919 -0.0052862 0.0081288 0.0061939 -0.001949 0.00092586 0.0022464 0.001457 -0.019931 -0.004232 0.041715 0.024658 0.034145 0.0038263 0.053945 0.022862 0.00011309 -0.00056204 0.00091117 0.0014689
0.001647 -0.0041931 0.0017685 0.0061281 0.0028586 -0.010616 0.0088951 0.01655 -0.011242 -0.0057309 0.015033 0.014101 -0.001912 -0.0001435 0.0026456 0.00088898 -0.02872 -0.037115 0.045711 0.057877 0.27805 -0.18023 0.35402 0.38567 -0.031443 -0.0090769 0.16141 0.17847 0.0087531 -0.0050583 0.01635 0.010283 -0.042475 0.031049 0.059797 0.076638 0.29497 0.083263 0.38175 0.48472 -0.029649 -0.015273 0.16294 0.16802 0.021734 0.012494 0.021911 0.017338 -0.0016058 0.0032617 0.0028399 0.0079288 0.00084019 0.019919 0.0091525 0.04435 0.00041856 -0.015105 0.020459 0.020314 -0.0021748 -0.0076803 0.0066282 0.0077342
0.0039549 -0.0039638 0.004002 0.0044583 0.0021563 -0.0052234 0.022121 0.016943 0.030222 0.055587 0.042463 0.056927 -0.0044152 0.0017102 0.0068493 0.0032613 0.015571 0.002042 0.020953 0.016133 0.1179 0.0029437 0.19551 0.14018 0.38357 -0.057309 0.40547 0.19326 -0.033495 0.025747 0.039362 0.026512 0.0521 0.067582 0.052524 0.0676 -0.050474 0.38273 0.075486 0.3835 0.26468 0.16459 0.33002 0.19255 -0.01118 0.00036741 0.023334 0.0098224 0.0038255 0.001264 0.0038255 0.0012754 0.0035881 0.0021326 0.0035881 0.0023897 -0.0026598 0.0025706 0.021529 0.012756 -0.0017743 -0.0018449 0.0057653 0.0024222
-0.0022347 -0.0084437 0.0029572 0.0089688 0.011586 -0.059877 0.016995 0.061873 0.0010137 -0.017112 0.018366 0.023587 -0.0069079 0.0026972 0.0073165 0.0029302 -0.021183 -0.015863 0.051625 0.056499 0.1709 -0.031144 0.41361 0.4545 0.0052393 -0.01771 0.38052 0.31623 -0.0051794 0.008711 0.025298 0.010544 -0.023559 0.03574 0.039433 0.064067 0.15667 0.1297 0.33595 0.30575 -0.0029305 0.061092 0.18464 0.18003 0.015085 0.0072397 0.023445 0.008447 -0.00044925 0.0040731 0.0015014 0.0044213 0.00016956 0.035521 0.011507 0.04459 -0.0080353 0.0098764 0.014315 0.013695 0.0011444 0.00059283 0.0021612 0.00090421
-0.0024925 -0.0026712 0.0028848 0.0051234 0.015178 0.017796 0.021395 0.070852 0.018565 0.011936 0.031778 0.04309 -0.00046812 -0.00050835 0.0020805 0.0015807 0.0025766 -0.024569 0.0096186 0.057012 -0.067054 -0.28602 0.15136 0.43823 0.30564 -0.012109 0.42656 0.14821 -0.062084 -0.009653 0.068277 0.018607 -0.0076685 0.00021445 0.010788 0.036002 0.077086 0.061768 0.13192 0.25907 0.28755 -0.154 0.32192 0.24947 -0.043132 -0.0084381 0.051241 0.021452 -0.0014288 -0.0026978 0.0017892 0.0054328 -0.0091893 -0.018366 0.010652 0.03333 0.010499 -0.042048 0.018402 0.042805 0.0026054 -0.0079762 0.0028567 0.0083891
-0.00060974 -0.0025806 0.0024631 0.003222 0.00047511 -0.0045079 0.021185 0.044502 -0.015961 0.043825 0.021017 0.053564 0.0047406 0.0045411 0.0047406 0.0048055 -0.0058786 -0.0065942 0.014558 0.010085 0.30262 0.015502 0.36192 0.24422 -0.015367 0.27986 0.11643 0.33119 0.033165 0.024533 0.04342 0.028432 0.01199 -0.0032117 0.015598 0.015362 0.21741 -0.13417 0.28544 0.25255 0.2223 -0.2161 0.26908 0.32878 -0.012257 0.0069807 0.026711 0.018604 0.00044759 -0.0035028 0.0016459 0.0036304 0.036566 -0.014891 0.047636 0.017095 0.056345 0.036135 0.056345 0.045483 8.8363e-05 0.00011159 0.002095 0.0018285
-0.00087041 -0.00081644 0.0013882 0.0018003 -0.01052 -0.0051563 0.011309 0.0099368 -0.0042193 -0.015802 0.016173 0.018434 -0.0039084 -0.0011643 0.0039084 0.0013401 -0.046709 -0.038148 0.057467 0.04794 0.087455 -0.21627 0.33228 0.36671 -0.023738 -0.072086 0.24093 0.17003 -0.016352 -0.011484 0.03226 0.012687 -0.068211 0.020228 0.075662 0.051047 0.1739 0.10128 0.338 0.4061 -0.04622 0.058848 0.38358 0.31447 -0.032814 -0.01984 0.038354 0.019895 -0.00016695 0.0034701 0.0017939 0.0043832 -0.0021141 0.052601 0.0098469 0.05414 -0.020544 0.012055 0.027638 0.022873 -0.0084077 -0.0022284 0.0088612 0.0023905
-0.0008731 0.00085656 0.0045626 0.0030631 0.055179 0.049897 0.069111 0.053844 0.025838 0.013535 0.047537 0.056414 0.00036254 0.0029884 0.0045794 0.0083802 0.016606 0.037093 0.020405 0.047585 0.25551 0.13492 0.46858 0.19933 0.05165 -0.0019394 0.26048 0.24332 0.010236 0.011649 0.031553 0.030395 0.0055182 0.005395 0.010051 0.011535 0.060388 -0.064625 0.23414 0.26482 0.0024519 -0.29232 0.15686 0.48273 -0.030824 -0.071614 0.037695 0.077095 -0.00094615 -0.0013577 0.0015636 0.0022263 -0.045162 -0.033249 0.051719 0.066778 0.0040889 0.00052722 0.021634 0.029943 0.0051571 0.0041943 0.0052881 0.0042432
-0.0038583 -5.4367e-05 0.0043232 0.00087613 0.02254 0.012735 0.041123 0.018295 -0.015205 0.012834 0.074496 0.023082 0.00048052 0.0029076 0.0015527 0.0029284 -0.010754 0.0063633 0.022238 0.010997 0.23999 -0.010387 0.41175 0.1167 -0.17642 -0.013274 0.53683 0.12534 0.0070461 0.0041428 0.012168 0.01297 -0.022029 0.00066333 0.022743 0.006738 0.08789 -0.11468 0.31566 0.15773 0.024301 -0.080409 0.46608 0.17874 -0.000389 -0.0076757 0.0082435 0.0079644 0.00028879 -0.00054737 0.0010689 0.0014609 -0.032741 0.029363 0.035051 0.029407 0.046335 0.030357 0.048508 0.035033 0.0011412 0.0016826 0.0011776 0.0016826
-0.00015383 -0.0029771 0.001563 0.0030351 -0.0034172 -0.056287 0.041943 0.057205 0.019059 -0.016606 0.022449 0.020897 -0.00016472 -0.001496 0.0012606 0.0017527 -0.014138 0.0022677 0.017441 0.007261 0.15008 0.1593 0.34818 0.2031 0.0034761 0.055054 0.46579 0.2362 0.0061216 0.017783 0.013313 0.019803 -0.021505 0.013349 0.023653 0.013862 0.21706 0.02004 0.3333 0.12026 -0.12424 0.12964 0.48476 0.22354 0.023517 -0.0084177 0.030983 0.015464 -0.00087091 8.1009e-05 0.0019621 0.0010305 -0.013318 0.01123 0.02324 0.015927 0.01177 -0.028924 0.071954 0.039472 0.010177 -0.0032474 0.01035 0.0032527
-0.002387 0.0017802 0.0029279 0.0026412 -0.0041604 -0.0024189 0.027267 0.014303 0.052866 -0.0040326 0.063758 0.0089993 0.0023226 -0.0007101 0.0023226 0.00075284 0.0072454 -0.0029289 0.047976 0.02082 0.19136 0.14288 0.49492 0.15636 0.058197 0.08405 0.35597 0.15719 0.014792 -0.0026611 0.014792 0.0063926 -0.027324 0.0052927 0.063382 0.026627 0.30137 -0.056245 0.41483 0.13504 -0.043949 -0.011176 0.43511 0.085273 0.017331 -0.001786 0.017331 0.004897 0.0021429 -0.0050439 0.0045418 0.0050605 0.013431 -0.016062 0.032215 0.018635 0.023463 -0.025467 0.085965 0.029176 0.0030207 -0.00023249 0.0030207 0.0006306
0.0034101 -0.0015026 0.0047777 0.0032536 0.023445 -0.017012 0.055114 0.020831 0.022774 0.025245 0.035492 0.041309 -0.0039107 0.0060018 0.0048399 0.0080255 -0.035442 0.019108 0.041763 0.030699 0.40695 0.071866 0.45888 0.13676 0.0086679 0.085862 0.21963 0.21797 -0.0086743 0.020306 0.034057 0.040335 -0.025137 0.0057796 0.025411 0.007923 0.35538 -0.042492 0.4878 0.15567 0.10084 0.029286 0.2154 0.12668 -0.012494 -0.007484 0.037882 0.027908 -0.00076514 0.00096979 0.00091532 0.00097938 0.014902 -0.022155 0.062216 0.037365 0.039551 -0.035572 0.051856 0.038131 0.00033387 -0.0021461 0.0054145 0.0041555
-0.0040899 -0.00074294 0.0040928 0.000865 0.0069405 0.0056383 0.035815 0.025851 0.048899 0.013176 0.050156 0.013176 -0.0028341 0.00291 0.0036536 0.0039573 -0.054795 -0.010698 0.054795 0.013804 0.367 0.0028263 0.42115 0.079124 0.17609 0.024811 0.17609 0.072204 -0.02368 -0.0054231 0.028638 0.012001 -0.037234 -0.015584 0.037234 0.016826 0.43017 -0.044465 0.46202 0.08575 0.0022024 -0.12729 0.24383 0.31325 -0.0066985 -0.0048815 0.016858 0.017733 -0.0029512 0.00097715 0.0040445 0.0011803 0.016188 0.0032668 0.023976 0.023926 0.028337 -0.06375 0.036264 0.072401 0.00054802 -0.0070853 0.003745 0.0086945
0.0027937 -0.003347 0.0045671 0.0041595 0.0040883 -0.022283 0.027285 0.024569 0.020726 -0.022591 0.020726 0.024692 0.0020564 -0.0021652 0.0022493 0.0023034 0.0074894 0.0050657 0.027919 0.020279 -0.050295 0.0060948 0.17691 0.18425 0.31242 -0.029023 0.33781 0.16118 0.0077302 0.0039664 0.017231 0.023418 0.023631 -0.036265 0.033686 0.041299 -0.0060248 -0.0028068 0.28197 0.48145 0.32426 0.12871 0.35446 0.31293 -0.0033704 0.010372 0.0099082 0.012253 -0.0010305 -0.00047851 0.0023672 0.0018875 -0.0035131 -0.015185 0.01954 0.025282 0.055095 -0.095435 0.055598 0.096243 0.0030368 -0.0035768 0.003387 0.004142
-0.004047 0.0020922 0.004201 0.0021256 -0.002155 -0.0047733 0.024514 0.0098486 0.063544 -0.0046285 0.063544 0.0070428 0.0022718 -0.00048612 0.0022718 0.0011182 -0.018123 0.0087717 0.029131 0.016855 -0.14745 0.047538 0.17129 0.089889 0.43255 -0.074742 0.43255 0.084613 0.020636 -0.0067056 0.020636 0.0067056 0.0040892 -0.0042792 0.017915 0.022665 -0.15568 0.040184 0.23373 0.097691 0.3469 0.11923 0.5193 0.1807 0.017347 -0.0053932 0.017347 0.0056432 0.0016842 -0.0038012 0.0027538 0.0038251 -0.0071955 -0.011294 0.041565 0.019141 0.038663 -0.013658 0.085226 0.022603 0.003638 -0.00018079 0.003638 0.00058595
0.0066311 0.0052581 0.0071108 0.0052742 -0.0035147 0.026088 0.031552 0.026088 0.022357 0.021909 0.032739 0.021909 -0.0030082 0.0045539 0.0084938 0.0045539 0.027302 -0.011191 0.042747 0.020955 -0.082022 -0.026923 0.34719 0.14374 0.24424 -0.0013124 0.35119 0.080889 -0.00019328 -0.0047486 0.046607 0.023147 -0.0045421 0.0074108 0.041516 0.025779 -0.045772 0.1141 0.45266 0.34934 0.35442 0.059863 0.38901 0.11703 -0.042948 0.022921 0.052828 0.03168 0.012976 0.002401 0.013237 0.0045835 -0.0056527 -0.010646 0.025647 0.049368 0.010961 0.012173 0.021625 0.03852 0.0028386 -0.00020416 0.0049413 0.0028324
-0.010177 -0.0049431 0.010202 0.0053512 0.053939 0.0073865 0.062925 0.038186 -0.02994 -0.00017628 0.039843 0.023262 -0.0032198 -0.0019087 0.0038411 0.0021509 -0.051806 0.013759 0.061554 0.027335 0.37118 0.054054 0.39443 0.14719 -0.32257 0.033088 0.32257 0.1608 -0.00075566 -0.011765 0.018954 0.012898 -0.055566 -0.011217 0.055566 0.013571 0.26805 -0.05189 0.33367 0.15658 -0.27332 -0.13479 0.27759 0.17795 0.0003601 -0.0059528 0.0097493 0.0071766 -0.0040932 -0.00068575 0.0055193 0.0031426 0.037132 -0.013538 0.046837 0.032732 -0.041028 -0.006201 0.041339 0.015918 -0.0019955 -0.00023972 0.0024156 0.0011546
-0.0002143 0.00021864 0.0019665 0.00056433 0.031976 0.011083 0.046452 0.013285 0.053549 0.023178 0.055538 0.023178 -0.0048254 -0.00038422 0.0085381 0.0036875 -0.012213 0.0096734 0.016885 0.012195 0.39828 0.052447 0.45824 0.11384 0.1297 -0.10381 0.2842 0.17415 0.010966 0.0045172 0.0458 0.036597 -0.017831 0.0022937 0.022616 0.016119 0.35558 0.0098145 0.45773 0.15781 0.060724 -0.025446 0.24258 0.1587 0.0081855 -0.0012732 0.016612 0.039535 0.0033185 0.001513 0.0036517 0.0026217 -0.0083094 0.027221 0.048588 0.027285 0.046165 -0.013023 0.047976 0.034729 -0.0009763 -0.0028286 0.0017568 0.0038981
0.0051161 6.9927e-05 0.0054121 0.0017995 -0.0028448 0.013473 0.032725 0.028938 0.037623 0.013804 0.053372 0.015869 0.00012306 8.7478e-05 0.00043564 0.00072164 0.057404 -0.0038891 0.05774 0.024864 -0.12709 -0.030961 0.29822 0.16038 0.37517 -0.065848 0.39133 0.12308 -0.020078 0.01407 0.020658 0.015175 0.035053 0.01426 0.036724 0.015977 -0.14887 0.036474 0.32685 0.14061 0.41589 0.086776 0.41753 0.14846 -0.0077746 0.0039254 0.0082139 0.0045552 0.00057436 -0.00025745 0.0030838 0.0016302 -0.0038548 -0.012521 0.043451 0.015062 0.057792 0.008426 0.058725 0.012471 -0.0003761 3.2044e-05 0.0004184 0.00032835
0.0033708 0.00019956 0.0049293 0.00094744 0.01252 -0.0064475 0.048876 0.018993 0.010244 -0.0063207 0.04841 0.01404 0.0021071 -0.0010337 0.0049976 0.0022999 0.0025623 -0.01446 0.03708 0.015177 0.014972 0.03 0.2646 0.12969 0.16631 -0.057744 0.47566 0.17135 0.049777 0.0096457 0.051272 0.015043 0.010886 -0.0093681 0.01764 0.013581 0.27799 0.1697 0.37673 0.21503 0.027683 0.25035 0.15666 0.45477 0.024479 0.017615 0.033168 0.026059 0.0012402 0.0036148 0.0025652 0.0036984 0.018842 -0.032639 0.051203 0.049887 0.0085225 -0.070675 0.027233 0.087502 0.0010913 -0.001636 0.0030694 0.0044792
-0.00086012 0.00074375 0.0024088 0.0028618 -0.022313 0.0024914 0.024838 0.022986 0.012874 0.013461 0.015525 0.015672 7.7143e-05 0.001859 0.0027278 0.0020229 0.015873 0.008039 0.031839 0.038639 -0.15264 0.016407 0.29539 0.29515 0.29485 -0.042177 0.35499 0.14 -0.015427 -0.001805 0.015427 0.0060855 0.040834 -0.011452 0.043588 0.017132 -0.26488 -0.10412 0.36037 0.1579 0.36069 0.077575 0.40334 0.13728 -0.0080337 -0.0025334 0.010975 0.0076758 0.001002 -0.00011681 0.0021182 0.00091267 -0.0059189 0.00080386 0.045723 0.011224 0.026078 -0.0032927 0.031469 0.015363 -0.0012661 -0.0030011 0.0012716 0.0030296
-0.004552 -0.0010316 0.0067461 0.0019931 0.039699 0.022952 0.042038 0.024165 0.041379 0.040478 0.042828 0.040478 0.00015202 0.008207 0.0046475 0.0084151 -0.0060096 0.011959 0.030191 0.015028 0.33111 0.16478 0.39634 0.19523 0.14056 0.053365 0.25875 0.23509 0.023634 -0.012667 0.039966 0.046618 0.034166 -0.0076371 0.037861 0.016121 0.25457 -0.062878 0.29075 0.19589 0.026998 -0.14829 0.24386 0.45601 0.045901 0.007243 0.058941 0.060503 -4.4201e-05 0.00044762 0.0018656 0.0014651 0.02221 -0.034612 0.024529 0.03524 0.03562 -0.035324 0.047203 0.05795 -0.00080529 -0.0054994 0.010132 0.0095464
-0.00064367 -0.0024572 0.0035795 0.0024616 0.029909 0.014736 0.063353 0.021569 0.0085223 0.0054803 0.048176 0.011736 0.0026448 -0.00015339 0.0029498 0.0013021 0.008584 -0.019524 0.020546 0.021584 0.006699 -0.056202 0.22338 0.12303 0.26021 -0.051536 0.29413 0.11603 0.018892 0.00065371 0.019798 0.0079309 -0.0047803 -0.0094775 0.016153 0.015292 0.1618 0.019113 0.53232 0.32627 0.24348 0.2274 0.37649 0.23492 0.029764 -0.0010346 0.03047 0.0050529 -0.00053568 -0.0012601 0.0016916 0.0021139 0.10164 -0.032144 0.10703 0.03223 -0.0075635 -0.00078457 0.018465 0.0044599 0.0047665 -0.00092875 0.0049264 0.00095033
-0.001742 -0.0015561 0.0020283 0.0019306 0.065948 0.0040244 0.066247 0.022117 -0.02137 0.00051338 0.034372 0.023058 0.0034935 0.0031179 0.0074114 0.0098993 0.0054642 0.032989 0.011511 0.034361 0.39027 0.13897 0.46338 0.19964 -0.24422 -0.011633 0.40604 0.11741 -0.026963 -0.034297 0.073265 0.066685 0.012795 -0.0058007 0.019207 0.044955 0.18831 -0.052536 0.32173 0.23831 -0.084426 0.03451 0.258 0.12214 -0.015159 0.059218 0.054942 0.080724 -0.0033889 0.0020445 0.0033889 0.0054485 0.018146 -0.019123 0.025002 0.036076 0.024341 -0.011899 0.036233 0.026322 0.00024088 0.00044544 0.0025733 0.0027962
-0.0005701 0.0019407 0.0013506 0.0020175 0.0016594 -0.0022539 0.031829 0.0090153 0.067552 0.0083059 0.067552 0.008446 0.0018835 0.00055494 0.00244 0.00058567 0.004651 0.010482 0.012812 0.015298 -0.10324 0.030093 0.18177 0.093399 0.49191 -0.042198 0.49191 0.049574 0.018064 -0.0019838 0.018457 0.0034742 0.0033256 -0.016615 0.015485 0.019269 0.053411 0.051007 0.46474 0.16148 0.25611 0.037887 0.32928 0.11335 0.029152 -0.00328 0.029152 0.0060528 -0.0027553 -0.0012139 0.0027553 0.0017639 0.022559 -0.025833 0.041269 0.025896 0.042465 -0.014905 0.050145 0.016984 0.0033268 -0.00034783 0.0033319 0.0011727
0.0013269 -0.0016511 0.0026614 0.0025561 0.026712 0.0056162 0.033804 0.024889 -0.027368 0.023959 0.046832 0.042774 0.01664 0.0033386 0.024991 0.0068348 0.036792 0.0048428 0.036941 0.017786 0.32015 0.072401 0.3237 0.27819 -0.13543 0.099395 0.29222 0.26681 0.061798 -0.0070496 0.11161 0.042173 0.051738 0.0037522 0.051738 0.019948 0.3151 0.089613 0.3151 0.21764 -0.16107 0.091227 0.2756 0.31758 0.074943 0.02554 0.083216 0.057148 0.009835 0.0015821 0.009835 0.0043171 0.026055 -0.012944 0.028104 0.035241 0.010566 0.022017 0.019286 0.062459 -0.00084997 -0.0039753 0.004586 0.0051433
0.0014271 -0.00094449 0.0022997 0.0015027 0.067536 0.0018971 0.067536 0.017048 -0.0076576 -0.039036 0.016359 0.045612 -0.0001661 -0.0092713 0.0016428 0.0099447 0.016441 0.0095545 0.019161 0.012954 0.13955 -0.050062 0.30431 0.12574 -0.10028 -0.068479 0.5936 0.39668 0.016347 -0.026498 0.0565 0.053424 0.023828 0.0019668 0.033005 0.010026 -0.0014165 0.10684 0.34549 0.14328 0.082245 0.076332 0.26018 0.2731 0.015501 0.065526 0.042443 0.066201 0.0017566 -5.2133e-05 0.0022537 0.00071148 0.039835 -0.0030094 0.041321 0.01405 0.0021711 0.023683 0.018827 0.024536 0.0019479 0.0010895 0.0019513 0.0011896
-0.00048882 0.00889 0.0033017 0.0091228 -0.017913 0.057981 0.029468 0.058169 -0.036508 0.019581 0.048711 0.026385 -0.0044106 0.001182 0.0044106 0.0020311 -0.0069838 -0.059125 0.021637 0.085589 0.076163 -0.16554 0.31862 0.53973 -0.11601 0.11857 0.295 0.21409 -0.046634 0.025257 0.046634 0.0255 -0.032632 0.034484 0.057686 0.064601 0.075953 0.10932 0.38972 0.28582 0.16962 0.069085 0.25728 0.11719 -0.056045 0.02046 0.056045 0.020851 8.8927e-05 0.0056717 0.00116 0.0065629 -0.0067138 0.018882 0.0116 0.028615 0.00014127 0.010097 0.016537 0.010998 -0.0065529 0.0016953 0.0065529 0.0017917
-0.0043741 -0.0030742 0.0043741 0.0030742 0.01365 0.0035866 0.021098 0.0099208 0.018849 0.04375 0.028123 0.043946 0.0040615 0.0085332 0.0065164 0.0085332 -0.032291 0.0028185 0.03248 0.014338 0.092818 -0.027893 0.18321 0.065097 0.29383 0.037807 0.38244 0.25872 0.038152 0.026127 0.059066 0.035366 -0.0127 -0.013823 0.0127 0.013823 0.026991 -0.0054956 0.33743 0.065968 0.38388 0.030409 0.4882 0.32208 0.046302 -0.010707 0.073836 0.036173 -0.00029973 -0.00011741 0.00030314 0.00053444 0.0082813 0.0036122 0.033853 0.0084092 0.088242 -0.010707 0.088289 0.022969 -0.0037887 0.0019436 0.0076462 0.0027634
0.00053122 -0.00012506 0.0010467 0.00033195 0.029742 0.00018637 0.038047 0.012068 0.023504 -0.0014738 0.036129 0.02302 1.7803e-05 -0.00060568 0.005735 0.0030454 0.012492 0.0047264 0.016202 0.0055139 0.10852 -0.10666 0.24987 0.1152 0.32267 0.068255 0.38293 0.25336 -0.01041 0.037885 0.048164 0.048701 0.019499 0.0055161 0.030593 0.010378 0.032464 0.031617 0.2498 0.073506 0.36623 -0.037914 0.51668 0.26771 0.0096206 -0.04497 0.060691 0.076751 -0.0010966 -0.0017792 0.0057298 0.0018883 0.024367 -0.00021628 0.03913 0.0054959 0.055259 0.027132 0.07446 0.032612 0.0038616 0.0068907 0.0051809 0.0069959
-0.0082229 -0.00022016 0.0082236 0.00060619 0.035045 -0.0023067 0.038979 0.016001 0.043206 0.015725 0.045673 0.01778 0.001673 0.001184 0.0022356 0.001184 -0.036617 -0.012475 0.036641 0.017878 0.39297 0.03333 0.42022 0.051796 0.21432 0.016076 0.23945 0.093827 0.0058445 -0.0066978 0.0093955 0.0083557 -0.016184 -0.011147 0.016919 0.013378 0.37931 -0.03356 0.38787 0.087606 0.006963 -0.10394 0.36878 0.25648 0.045644 -0.039021 0.048955 0.069401 0.0019932 0.0012411 0.0026374 0.0013521 0.013411 0.011022 0.02219 0.029072 0.0385 -0.053031 0.049826 0.0762 -7.0662e-05 0.0031267 0.0023725 0.011109
-0.0069782 0.0031686 0.01274 0.0093349 0.059954 0.018776 0.08158 0.080459 -0.016558 -0.025797 0.026438 0.027897 0.0029579 0.0021093 0.005652 0.004777 0.020298 -0.040617 0.061217 0.081682 0.11432 -0.034078 0.20688 0.36567 -0.062222 0.027111 0.20258 0.24548 -0.0035591 -0.011047 0.033619 0.052126 -0.031118 0.024758 0.034364 0.030265 0.42155 0.032505 0.42947 0.18175 -0.22322 -0.051704 0.373 0.23361 -0.01915 -0.02417 0.056739 0.07961 0.0051974 0.00092548 0.0059268 0.0036442 0.0022805 -0.02067 0.035457 0.040939 -0.010581 -0.030156 0.055952 0.049531 -0.0068983 0.0075067 0.011689 0.010551
0.0013743 -0.004462 0.003767 0.0052903 0.011941 0.0030403 0.022827 0.01934 0.0049043 -0.0018752 0.018876 0.016645 -0.0043396 0.0031874 0.0064287 0.0032636 0.025655 0.015417 0.1017 0.047876 -0.13272 -0.071556 0.22529 0.23169 0.34875 -0.073448 0.34928 0.093751 -0.018264 0.0061601 0.019138 0.015952 0.011926 0.0056153 0.039936 0.066284 -0.22249 -0.066493 0.31107 0.22523 0.42817 0.030455 0.43979 0.081506 -0.025332 -0.013155 0.025707 0.013862 -0.0050038 -0.00072872 0.0054447 0.0037225 0.0070216 -0.0035259 0.055847 0.014806 0.023505 0.0021415 0.02878 0.013707 -0.002604 -0.0016882 0.0048077 0.0021421
0.0048629 -0.0040973 0.0095541 0.0046324 0.042863 -0.067039 0.050314 0.067451 0.0069579 -0.015384 0.024916 0.023006 0.0024936 0.00024861 0.0026579 0.001462 0.019541 0.017154 0.030296 0.018765 0.26168 -0.015717 0.3908 0.35224 0.0086058 0.039992 0.22959 0.54842 0.01718 -0.012827 0.020465 0.078597 -0.0060279 0.0053029 0.027102 0.029374 0.27412 0.016662 0.36794 0.095433 0.063704 0.037425 0.1697 0.10464 0.019474 0.0016644 0.028704 0.010984 0.00033962 -0.0047826 0.0014554 0.004796 0.039356 -0.0027299 0.059816 0.030349 0.021448 -0.0048388 0.023923 0.0069189 0.00095484 -0.0014251 0.0015801 0.0014466
-0.0063992 -0.00046063 0.0064061 0.0023583 0.060353 -0.049398 0.06319 0.051099 0.013169 -0.0029171 0.016477 0.0081078 -0.0027984 0.0021178 0.0028261 0.0022767 -0.044084 0.017443 0.051061 0.025305 0.44848 0.12753 0.50026 0.16456 0.10059 0.03437 0.10725 0.074618 -0.0037626 0.0033551 0.0045264 0.004078 -0.049898 -0.011705 0.057461 0.047606 0.3918 -0.098241 0.44368 0.18244 0.13394 -0.026037 0.15481 0.062116 -0.0020307 -0.0003012 0.0024585 0.0024093 -0.006888 -0.0030026 0.007023 0.003288 0.054837 -0.012852 0.060832 0.021567 0.034396 -0.0031168 0.036663 0.0088873 -0.0003111 0.00018092 0.00050386 0.00048091
0.0039067 -0.0013902 0.0039067 0.0016959 -0.011898 -0.022112 0.013974 0.022189 -0.011231 -0.048101 0.017178 0.049852 0.0019182 -0.0037497 0.0024275 0.0043301 0.017373 -0.014109 0.018311 0.014967 -0.094311 -0.10137 0.27534 0.24975 -0.097382 0.027158 0.41458 0.32498 0.028586 -0.021374 0.040294 0.061138 0.00973 -0.003116 0.020832 0.0075955 0.19586 -0.02903 0.50916 0.17564 -0.23946 0.073679 0.31219 0.20313 0.01279 0.01655 0.034654 0.060894 -0.0011758 0.002192 0.0030697 0.0023644 -9.527e-05 0.0059515 0.027195 0.025695 0.0062509 -0.016872 0.014595 0.042944 0.0032631 0.002343 0.0032631 0.0052754
0.0013538 -0.0012415 0.0023327 0.0015381 -0.0015145 -0.023958 0.04635 0.032902 -0.0048975 -0.0014456 0.028621 0.027019 0.0020252 -0.0015331 0.0045692 0.0028169 -1.8657e-06 -0.0030417 0.012421 0.010395 0.27282 0.096577 0.29582 0.22651 -0.13409 0.20203 0.29238 0.37237 0.0026934 0.0024476 0.025907 0.026488 -0.0093551 0.0018706 0.014366 0.015371 0.28355 -0.18009 0.28355 0.27211 -0.018906 -0.10688 0.20048 0.39692 0.0017481 0.02691 0.02705 0.046465 -0.0013258 -0.0012004 0.0017774 0.001745 0.020444 -0.0076991 0.02142 0.022779 0.034127 -0.016213 0.040229 0.043498 -0.0037146 0.00058076 0.0042963 0.0021364
-0.00053226 -0.0068912 0.001257 0.0070225 0.0025461 0.0033738 0.01388 0.021313 -0.011165 0.027759 0.024646 0.03106 -0.0015443 0.004538 0.0020593 0.0046712 0.0093398 0.03632 0.018158 0.036967 0.045085 0.021012 0.42137 0.2981 0.17156 0.048521 0.19319 0.12213 -0.020206 0.03516 0.021159 0.03516 -0.019737 -0.0547 0.040053 0.082289 0.086551 -0.059324 0.58073 0.25476 0.29169 0.046673 0.32561 0.087089 -0.017803 0.0033511 0.020201 0.010939 -0.0045331 0.0013221 0.013255 0.015654 0.034675 0.029406 0.060653 0.037516 0.021717 0.0059435 0.049429 0.012918 -0.0025694 -0.00094035 0.0040244 0.0020559
0.00011704 -0.00021526 0.0031283 0.0053828 -0.0062006 0.0050812 0.015111 0.018297 0.022109 0.044673 0.028584 0.050724 0.0064724 0.0043435 0.0069161 0.0045149 -0.0098346 -0.0070964 0.017403 0.050631 0.10594 -0.030393 0.14027 0.37851 0.28783 0.046765 0.34259 0.18802 0.00059426 0.01251 0.012881 0.013908 -0.0078059 -0.0018995 0.014282 0.027093 0.0311 -0.043018 0.093921 0.33509 0.44113 -0.12727 0.44113 0.20398 -0.0045207 0.0044963 0.016051 0.015057 -0.001481 0.00096663 0.0018673 0.0037178 -0.0060074 -0.013104 0.012171 0.02082 0.030744 -0.024005 0.031539 0.030902 0.009382 -0.0041268 0.0095523 0.0044359
-0.0012201 -0.00027948 0.0039681 0.0030735 0.019511 0.014778 0.028727 0.022009 0.044464 -0.033569 0.053152 0.047519 1.47e-05 -0.0001645 0.00079803 0.0011134 -0.039583 0.012256 0.047323 0.0163 0.049266 -0.044831 0.12603 0.082025 0.42325 -0.0052183 0.49659 0.30385 0.0056291 0.0031366 0.010717 0.010526 -0.019983 0.00043865 0.049365 0.01051 0.012461 0.04882 0.15104 0.088531 0.43382 0.022403 0.43382 0.14645 0.00072093 -0.0012177 0.0050632 0.0087479 -0.0042585 0.00034088 0.0082385 0.0011934 0.027007 0.0092082 0.03464 0.019771 0.015372 0.0024296 0.040878 0.034448 0.0043905 -0.0028851 0.0044642 0.0032089
0.00198 -0.0057361 0.0052316 0.0097106 0.04221 -0.012927 0.07421 0.030849 0.0052183 -0.0045738 0.022684 0.01819 -0.010286 0.0043129 0.010305 0.0056875 0.026424 0.063717 0.042503 0.07134 -0.049389 0.00038223 0.66639 0.19093 0.28388 -0.081542 0.31191 0.12331 -0.049405 -0.0058367 0.05181 0.017471 -0.0052023 -0.012988 0.015502 0.038754 0.045843 0.036106 0.41209 0.24013 0.05024 -0.016079 0.18958 0.086837 -0.046686 -0.033753 0.049135 0.03637 -0.0021414 0.0010738 0.0024548 0.0021867 0.0080148 0.028818 0.017265 0.029763 -0.029282 -0.007623 0.031101 0.017532 -0.00042976 0.0032073 0.0020319 0.0044472
-0.0017807 -0.0015052 0.0018736 0.0052923 -0.009793 0.016622 0.014465 0.034985 -0.016193 0.052007 0.017325 0.052506 0.0012586 0.0049538 0.0018043 0.0054008 -0.0012644 0.018602 0.028187 0.035382 0.06127 0.069068 0.34959 0.36568 0.16961 0.085784 0.23356 0.16289 -0.042832 0.01712 0.047855 0.02834 -0.061146 -0.015857 0.067094 0.054295 0.14289 -0.12173 0.44426 0.34649 0.31054 0.030199 0.34255 0.06581 -0.057995 0.0030546 0.074449 0.022226 -0.0010436 0.0047427 0.0067343 0.0058813 -0.0059072 0.049753 0.045409 0.065029 0.011844 -0.0016105 0.03164 0.012866 -0.0038982 -0.00092983 0.0050825 0.0042303
-0.00079501 -0.0061877 0.0026431 0.011673 -0.015277 -0.0094283 0.024435 0.037229 -0.047722 0.042928 0.063158 0.043707 -0.0073076 0.0042237 0.0073238 0.0042615 0.023063 -0.049567 0.07207 0.091748 0.049875 -0.041137 0.47601 0.51232 0.097723 0.049507 0.27013 0.17068 -0.053153 0.033971 0.053153 0.034 0.010599 0.069287 0.060782 0.089404 0.10627 0.20771 0.31017 0.33357 0.11872 0.099582 0.1916 0.10004 -0.047779 0.016495 0.047779 0.018576 0.00016747 0.0011198 0.00090167 0.0029043 -0.0057656 0.00058733 0.0091545 0.020362 -0.002516 0.011119 0.012532 0.012482 -0.0040595 0.00036456 0.0040595 0.001164
-0.0010436 -0.0001877 0.0023863 0.0012496 -0.0048631 -0.00093529 0.011889 0.0076055 0.040764 0.012254 0.06688 0.027656 0.0053407 0.0020332 0.0053665 0.00235 -0.010756 0.014615 0.014912 0.019575 -0.074834 0.026891 0.13836 0.14162 0.41591 0.05156 0.50289 0.081983 -0.0020107 -0.014572 0.021503 0.021698 -0.0037632 -0.0096003 0.013685 0.034693 0.17701 0.21785 0.22368 0.27767 0.050232 0.012554 0.51572 0.16925 0.013702 0.00543 0.019414 0.012104 0.0033413 0.0027628 0.0039833 0.0040301 0.0096884 0.011294 0.017845 0.012245 -0.013995 0.0069097 0.055513 0.014242 0.0047819 -0.00069787 0.0048486 0.0020666
0.0013772 -0.00058837 0.0021376 0.0015521 0.066152 -0.0028429 0.066152 0.015197 -0.019207 -0.067449 0.026795 0.068979 0.0013861 -0.0056413 0.0028438 0.0090392 0.021591 0.0091067 0.026331 0.013527 0.04037 -0.033459 0.33929 0.12887 -0.0064035 0.037581 0.61185 0.33884 0.010925 0.008524 0.062661 0.080323 0.024836 0.0012895 0.037132 0.012341 0.029938 0.12569 0.36775 0.16671 0.076022 0.086463 0.22447 0.29278 0.020003 0.046814 0.03295 0.049086 0.0019172 -0.00083825 0.0029351 0.0011532 0.046866 -0.00049556 0.046866 0.011442 0.0030561 0.02454 0.015158 0.025775 0.0015613 0.002034 0.0015613 0.0021928
0.0056069 -0.0072369 0.0067994 0.0093487 0.034962 -0.056759 0.03555 0.056759 0.0015372 -0.025384 0.016778 0.025834 0.0020901 -0.0024025 0.0023374 0.002677 -0.0029669 0.010415 0.044851 0.018951 0.19547 0.014389 0.31412 0.41941 -0.021621 0.078355 0.15626 0.58577 0.025405 -0.028966 0.025442 0.067606 -0.0049163 0.007962 0.031499 0.014117 0.28974 -0.00575 0.37708 0.086877 0.051738 0.060226 0.18116 0.11635 -0.0022845 0.025277 0.015984 0.025955 -0.0012437 -0.00086376 0.0025158 0.0018234 0.025393 0.00058745 0.040029 0.011914 0.024263 -0.0052825 0.024356 0.0078088 -0.00036391 0.00013556 0.001411 0.0020424
0.0025831 -9.5378e-05 0.003284 0.0011686 -0.011528 -0.001823 0.045754 0.014044 0.018122 0.0072945 0.050259 0.025705 -0.0087285 0.0031517 0.013405 0.0043136 0.015944 0.0022451 0.027474 0.010285 0.21533 0.021716 0.35209 0.20833 -0.0042379 0.091697 0.53417 0.18996 -0.12597 -0.008522 0.19931 0.024089 0.0069711 -0.0094125 0.015773 0.013975 0.19797 -0.10378 0.30484 0.13026 -0.01985 -0.14616 0.38771 0.19536 -0.064581 -0.0097198 0.11456 0.012286 -1.1329e-05 0.00053874 0.0010769 0.00093958 0.01839 -0.0067269 0.033534 0.013229 -0.0072354 -0.0054101 0.04563 0.0090537 -0.0036201 -0.0011833 0.010652 0.0016975
-0.0049492 0.0049052 0.0058674 0.0050793 0.035291 -0.022699 0.041935 0.037578 0.027103 -0.053518 0.028407 0.053518 0.0018384 -0.0045615 0.0019819 0.0045615 -0.0043927 -0.0059045 0.020788 0.013496 0.15311 0.10668 0.41027 0.17221 -0.075995 0.29582 0.26714 0.52105 0.011095 -0.012347 0.030242 0.070506 -0.017251 -0.0026077 0.037321 0.0072112 0.30196 -0.045221 0.39139 0.092788 0.13163 0.0074845 0.1438 0.083346 -0.021226 0.049551 0.024217 0.049551 -0.00022124 -0.00072948 0.0045895 0.0017638 0.029173 0.011532 0.034305 0.015319 0.028227 -0.005047 0.028328 0.0095745 0.0018232 -5.8894e-05 0.0025387 0.00095993
0.0031946 0.0038994 0.0053254 0.0049542 0.015867 0.064092 0.026351 0.064141 0.0064282 0.031956 0.033354 0.036564 -0.0031021 0.0042644 0.0069962 0.0081897 0.03648 0.0072911 0.040249 0.032332 0.17513 0.00062762 0.29293 0.22161 -0.050573 0.25245 0.23673 0.33772 -0.014641 0.031457 0.053362 0.075118 0.012535 -0.027495 0.016453 0.030505 0.19649 -0.11126 0.36715 0.39652 0.10384 -0.1348 0.32654 0.27763 0.016976 0.0026884 0.027122 0.017299 -0.00062919 -0.00013823 0.0056841 0.0027826 0.05763 0.0059928 0.057748 0.04516 0.0078742 0.01656 0.048102 0.026837 0.0034635 -0.0028948 0.0073143 0.0060555
0.0035231 -0.00079876 0.0055176 0.0089674 -0.022795 -0.043859 0.025514 0.084489 0.02039 0.025717 0.050104 0.040163 -0.0052441 0.0017134 0.0052441 0.0017438 -0.0016759 0.0024655 0.015332 0.029203 -0.14711 -0.051286 0.20981 0.32095 0.1885 0.074107 0.23176 0.14384 -0.033909 0.0091807 0.033909 0.0095209 -0.027991 -0.0016936 0.032767 0.018512 -0.24053 0.070933 0.46222 0.30106 0.35951 -0.044246 0.41349 0.11667 -0.02916 -0.0030011 0.02916 0.0081296 -0.0046865 -0.00034669 0.004887 0.0011703 -0.024725 -0.0031099 0.052572 0.0096577 0.03085 -0.00020242 0.047549 0.018136 -0.0020119 -0.0052568 0.0034663 0.0053402
0.0036228 0.0032483 0.0049637 0.0032524 0.010091 0.031983 0.040369 0.031983 0.011125 0.032567 0.04257 0.032567 7.5973e-05 0.0061226 0.0037021 0.0061226 0.021221 -0.0048156 0.025659 0.01391 -0.027542 -0.019437 0.3937 0.1936 0.24968 0.026877 0.41597 0.1112 -0.035382 -0.00085565 0.043166 0.031979 0.051465 -0.015092 0.056979 0.021286 0.10541 0.073475 0.30816 0.51203 0.17327 0.0086038 0.25748 0.21094 -0.013451 0.039015 0.042042 0.048961 0.0099659 0.0028321 0.0099659 0.0032217 -0.017623 -0.0014178 0.068221 0.046342 0.046359 0.0032349 0.08017 0.037362 0.0078228 -0.0027102 0.010426 0.0028733
0.00087118 0.0028963 0.0025467 0.0045233 -0.0076376 0.027326 0.013109 0.032792 0.040285 0.065429 0.040553 0.066969 0.00095583 0.0095974 0.0013221 0.0096329 0.029459 0.007552 0.030137 0.011216 0.32376 0.15782 0.48067 0.21827 -0.067688 0.079542 0.44581 0.34319 0.013241 0.0043123 0.014054 0.010403 0.039753 -0.0023921 0.039753 0.019029 0.0077154 -0.0028864 0.19125 0.17773 0.20053 0.048008 0.30144 0.18633 -0.0010558 -0.017586 0.010819 0.031066 0.0066755 0.0015414 0.0066755 0.0041723 0.012671 0.024275 0.026604 0.038337 0.0049933 -0.018354 0.037734 0.034761 8.1331e-05 -0.0022061 0.0019613 0.0094668
0.00035236 -0.00027187 0.0016661 0.00092417 -0.024901 -0.0065383 0.050334 0.0077306 0.11281 -0.036381 0.11281 0.036508 0.0057386 -0.0027161 0.0068373 0.0028219 -0.025511 0.0064415 0.030222 0.01887 0.10459 0.10124 0.20298 0.12211 0.15812 -0.081457 0.58558 0.35691 0.046122 -0.050701 0.049912 0.050701 -0.0066636 0.017866 0.021427 0.042691 0.014735 0.091667 0.25293 0.18236 0.076881 0.086157 0.42354 0.22544 0.0044107 0.0016048 0.075335 0.09629 0.0018877 0.0010597 0.0032102 0.0051959 -0.024625 -0.010115 0.044852 0.023599 0.05297 0.026499 0.053818 0.028607 4.3676e-05 0.0024138 0.0049879 0.0025991
0.0021057 -0.00046909 0.003067 0.0027378 0.003341 -0.023788 0.013764 0.027808 -0.0086078 -0.01698 0.020283 0.025941 -0.0014203 0.00040366 0.0032009 0.001898 -0.0027209 -0.039336 0.016091 0.040394 -0.10508 -0.26831 0.13416 0.26831 0.25112 -0.066911 0.30956 0.14382 -0.013013 -0.0015877 0.033716 0.012359 -0.0018008 0.0027125 0.026722 0.057613 -0.027665 0.16777 0.35628 0.2659 0.39319 0.081534 0.44996 0.13224 -0.040245 0.0067075 0.053009 0.017506 -0.00041 0.0015955 0.002943 0.0052157 -0.03231 -0.046494 0.054415 0.047625 0.062689 -0.026633 0.067205 0.027695 -0.0039862 9.1524e-06 0.0039902 0.0018883
-0.0065178 -0.010608 0.0095296 0.012219 0.023872 -0.080298 0.12195 0.081698 0.030031 -0.05245 0.043959 0.053272 -0.00043146 -0.00082057 0.0036808 0.0031075 -0.027673 -0.010191 0.082993 0.045092 0.044673 0.11924 0.30162 0.17299 0.23843 -0.12526 0.40974 0.23228 0.05749 -0.031133 0.064772 0.034937 0.045713 0.02759 0.078673 0.039128 -0.091715 0.25756 0.27843 0.29141 0.17353 0.12719 0.38308 0.24449 0.010863 0.012463 0.0496 0.022304 0.009093 -0.0046675 0.010049 0.0051185 -0.013817 -0.038849 0.032738 0.039028 0.011964 -0.022847 0.045194 0.022847 -0.0025804 -0.0027353 0.0044144 0.0027353
-0.00084002 -0.0017483 0.0017263 0.0022723 -0.040049 -0.0082243 0.046859 0.0098504 0.044188 0.0019832 0.059644 0.020965 -0.0074896 0.00083864 0.0088612 0.0018933 -0.0053715 -0.0077869 0.013263 0.013497 -0.25952 -0.076149 0.30478 0.10385 0.27817 -0.0076429 0.35578 0.17486 -0.048573 -0.010513 0.060134 0.022409 -3.5212e-05 -0.011467 0.011858 0.014107 -0.27551 -0.012805 0.30605 0.048386 0.24349 -0.1288 0.47597 0.29726 -0.0023486 -0.011081 0.017378 0.013943 -0.00014138 -0.00064028 0.00099732 0.0016308 -0.027877 0.006352 0.029397 0.013701 0.002175 0.0095696 0.044347 0.059825 0.00071957 -0.00024656 0.0021875 0.001887
-0.00056338 -0.0059032 0.0033104 0.0080563 0.022448 -0.042804 0.022757 0.052735 -0.0051953 -0.061593 0.017969 0.070467 -0.002774 -0.0070534 0.0031606 0.008549 -0.011105 0.015127 0.0298 0.023377 0.19133 0.11822 0.48923 0.16746 -0.092402 0.11367 0.36917 0.38205 -0.001176 0.0088895 0.0083742 0.052657 -0.022991 0.0084107 0.026138 0.010557 0.19746 -0.077459 0.45928 0.14495 -0.080273 0.088043 0.18735 0.15027 0.0073538 0.030854 0.014089 0.03904 0.00044036 -6.2332e-05 0.0024034 0.0029259 0.023119 0.035854 0.039815 0.039658 0.012713 0.0019432 0.013478 0.017932 -0.0020952 -0.0017572 0.0023673 0.0017967
0.00011677 0.00096975 0.0021187 0.001157 -0.007641 0.0035739 0.017709 0.015407 0.074092 0.0035896 0.076793 0.024916 -0.0031382 -0.0029712 0.00371 0.0030256 -0.015687 -0.0026492 0.0291 0.032948 -0.098581 -0.075689 0.15227 0.14213 0.46309 -0.1119 0.49941 0.12889 -0.026125 -0.018506 0.050448 0.033466 -0.0038513 -0.027499 0.017028 0.034782 0.05371 0.065639 0.092559 0.19903 0.3302 0.1186 0.40752 0.2379 0.03763 0.048178 0.037784 0.048205 0.0057237 0.0053751 0.0059414 0.0055049 -0.0067545 0.01292 0.02644 0.017626 0.083041 0.034539 0.083041 0.036665 0.0015479 0.0032943 0.0022839 0.0033007
-0.0012463 -0.0091373 0.0049959 0.0097426 -0.0069103 -0.025931 0.02046 0.028949 0.012212 -0.024128 0.015001 0.025422 -0.0019083 -0.00098024 0.0024017 0.0018267 0.077759 -0.007161 0.096002 0.047084 -0.12605 -0.11608 0.23761 0.2916 0.24361 -0.077861 0.26599 0.098655 -0.033804 -0.015256 0.033804 0.016026 0.038263 -0.00062059 0.064908 0.097256 -0.072424 -0.043025 0.56126 0.41817 0.17084 -0.015621 0.29657 0.12919 -0.041276 -0.034079 0.04246 0.034746 -0.00074612 0.012552 0.0031957 0.01258 -0.0054564 0.02232 0.035449 0.030677 -0.022334 -0.030588 0.03745 0.03415 -0.0017497 -0.002665 0.0032892 0.0037367
-0.0029834 -0.0060018 0.0037097 0.0088566 0.01719 0.0040991 0.032359 0.026696 0.0054333 0.016012 0.029632 0.016041 -0.0072888 0.0018112 0.0072888 0.0018266 -0.036369 0.0031657 0.066026 0.069632 0.35072 -0.017206 0.63419 0.16198 -0.069515 -0.0027506 0.10196 0.080023 -0.04496 0.0023312 0.04496 0.0078761 -0.038067 -0.0063991 0.056098 0.0096464 0.30672 -0.01626 0.48362 0.10516 -0.068852 -0.1165 0.088725 0.1442 -0.025745 -0.013803 0.027436 0.018474 -0.0065867 0.0021489 0.0082207 0.0028676 0.030291 -0.0041047 0.052249 0.021097 -0.037138 -0.057303 0.04962 0.061418 -0.0029491 -0.006291 0.0069835 0.0080064
0.0068994 0.0012733 0.0070529 0.0013562 0.043824 0.015673 0.043824 0.015992 0.0063087 -0.0022377 0.010109 0.010461 0.0011326 -0.00039447 0.0011326 0.0011954 0.058952 0.006581 0.059035 0.0080817 0.066897 -0.085306 0.29629 0.12068 0.088321 -0.16815 0.14634 0.28806 0.014113 -0.02444 0.0169 0.028293 0.025522 0.00070929 0.030435 0.021101 -0.047375 0.062378 0.47153 0.15619 -0.039889 -0.061717 0.57318 0.33016 0.073681 -0.015533 0.077472 0.060049 0.0015403 -0.0015066 0.0038233 0.0033799 0.045901 -0.050128 0.051616 0.059146 -0.015092 0.032982 0.034828 0.072326 0.002552 -0.00046957 0.0029737 0.0087813
-0.0082743 0.0013494 0.011663 0.004428 0.013257 -0.01704 0.059132 0.019569 -0.0010171 0.038198 0.037989 0.044899 0.0024992 0.012641 0.0062513 0.013973 -0.067862 -0.0047417 0.078752 0.016855 0.038335 0.132 0.44589 0.16367 0.32064 0.025341 0.34555 0.13015 -0.026403 0.012393 0.027267 0.016165 -0.051546 0.015709 0.059662 0.028402 0.070711 -0.012827 0.29512 0.48128 0.22986 -0.035422 0.25476 0.12161 -0.033622 -0.010019 0.033622 0.010128 -0.00038447 -0.0068517 0.0063502 0.0082607 0.011736 -0.053497 0.021177 0.10491 0.0078384 -0.059658 0.04235 0.073376 -0.0016474 -0.0014901 0.0044079 0.001532
-0.005781 -2.1009e-05 0.005781 0.0008371 -0.0033246 0.0057886 0.098671 0.0084873 -0.013093 0.014678 0.030264 0.015725 -0.0020555 0.00099551 0.002565 0.0012731 -0.059875 -0.0051893 0.059875 0.010118 0.11559 -0.0018153 0.63794 0.14332 -0.087386 0.029583 0.29227 0.14913 -0.030132 0.0037399 0.037052 0.011918 -0.06913 -0.0036364 0.069677 0.010557 0.078881 -0.01433 0.53516 0.091282 -0.12418 -0.12445 0.22864 0.1479 0.014935 -0.0013668 0.034036 0.012591 -0.009918 0.0015357 0.009918 0.0017138 -0.023709 -0.00041174 0.049671 0.0099943 0.0026816 -0.012788 0.021988 0.013726 0.001958 0.00031863 0.0051202 0.0011173
-0.0048329 0.0045211 0.0057693 0.0048928 -0.004027 0.0072779 0.072935 0.05489 -0.01972 0.044524 0.028148 0.055212 0.0030268 0.0021112 0.0040108 0.0060501 0.0033459 -0.0099476 0.0249 0.018305 -0.0092349 0.059533 0.5978 0.18004 -0.11072 0.18242 0.14764 0.24599 -0.0051276 0.013803 0.0051276 0.016194 -0.04515 -0.085938 0.05601 0.090661 0.24536 -0.14898 0.44849 0.29642 0.00033252 -0.13599 0.13288 0.17219 -0.00089039 0.0037593 0.0036624 0.012371 0.0076689 0.0081857 0.0096522 0.017321 0.011587 0.025099 0.013409 0.048651 -0.0030815 -0.0069732 0.0051045 0.017332 0.00063711 -0.0021789 0.00069818 0.002671
-0.0011336 0.0098393 0.0059552 0.015905 0.05293 -0.0082048 0.074981 0.032503 -0.01659 -0.0091425 0.033079 0.014112 -0.0057807 -0.0020523 0.012686 0.0077729 0.028992 -0.045766 0.040864 0.059699 0.28034 0.072871 0.40506 0.21668 -0.072088 0.037844 0.27142 0.085182 0.014844 0.020363 0.055215 0.030241 0.0032366 0.0026471 0.021855 0.036202 0.41235 -0.053154 0.48222 0.35397 0.012788 -0.012018 0.1547 0.10816 -0.016212 0.014557 0.036586 0.021749 -3.5137e-05 0.00081851 0.0014773 0.0043478 0.061041 -0.060873 0.067166 0.084873 0.012035 0.0097976 0.041339 0.032141 -0.0022689 -0.0019397 0.0041144 0.0033288
0.011897 -0.0025502 0.011924 0.0027722 -0.023867 -0.048997 0.04792 0.052739 0.015958 -0.067579 0.053406 0.078419 -0.0029188 -0.00017964 0.0042615 0.0061369 0.053479 -0.003952 0.053787 0.017897 0.088065 -0.0057615 0.46033 0.19773 0.051797 0.2141 0.45024 0.4342 0.014703 0.010218 0.025268 0.019103 0.026998 -0.0092175 0.03143 0.012784 0.14821 0.08644 0.28118 0.23011 0.16925 0.13988 0.16925 0.14475 0.014261 0.004652 0.015607 0.0088981 0.0040671 -0.0019602 0.0043042 0.0020198 0.054349 -0.035916 0.055921 0.035916 0.018954 -0.017126 0.018954 0.017126 0.0022988 -0.0011827 0.00242 0.0012396
-0.0053908 -0.0064158 0.0062089 0.0075497 0.0099922 0.026255 0.023371 0.036425 0.023653 0.040438 0.037945 0.054616 0.005819 0.0028038 0.005819 0.0098985 -0.0087061 -0.0030356 0.040551 0.033381 0.15686 0.02774 0.29294 0.10973 0.15389 0.077933 0.43069 0.26299 0.037028 0.006934 0.043517 0.046164 -0.019671 -0.012908 0.032579 0.017815 0.40307 -0.031605 0.40307 0.16455 0.09975 0.12795 0.31969 0.27052 -0.016824 0.00042815 0.028794 0.047703 -0.003555 0.0015969 0.0044069 0.0022335 0.057051 -0.018252 0.058479 0.026892 0.0030742 -0.045854 0.024643 0.060714 0.0020672 -0.0035963 0.014136 0.0059017
0.0019214 0.00065217 0.0046518 0.0020123 0.051217 0.014631 0.052958 0.033622 -0.0034153 -0.0035585 0.067788 0.034485 -0.0064902 -0.0032815 0.01044 0.005197 0.011498 0.009477 0.032071 0.021083 0.2749 0.058644 0.38983 0.41717 -0.074005 0.05931 0.22401 0.1674 -0.025809 -0.0008001 0.034513 0.024998 0.032507 0.011497 0.037295 0.03154 0.17858 0.11002 0.36565 0.34168 -0.16619 -0.091281 0.29976 0.21385 -0.014722 -0.0087269 0.042591 0.019711 0.001559 -0.00026089 0.0023306 0.0020081 0.053324 -0.028814 0.056988 0.067313 -0.048228 0.0033241 0.060934 0.035199 -0.00093722 -0.000275 0.0020345 0.0022488
0.0020517 -0.0018261 0.0028012 0.0062927 0.01684 -0.032256 0.018688 0.047258 -0.0038638 -0.049006 0.014365 0.060732 -0.0031346 -0.0072149 0.0033108 0.0086294 -0.025266 0.0087446 0.026876 0.021813 0.21692 0.087969 0.40105 0.2112 -0.067387 0.11324 0.32776 0.34466 -0.011704 0.0067751 0.017865 0.057307 -0.020076 0.013088 0.021767 0.013131 0.18719 -0.087139 0.60179 0.1686 -0.056013 0.051438 0.13479 0.10698 0.0055358 0.033107 0.018349 0.036699 0.00030644 -0.0025311 0.0020329 0.0028336 0.019751 0.043141 0.047174 0.046503 0.015257 0.0029288 0.015788 0.016078 -0.0013638 -0.0021468 0.0014809 0.0022008
-0.0045573 -0.00079595 0.0064888 0.0015005 0.044485 0.0040194 0.087708 0.02164 -0.04353 0.001029 0.060715 0.01453 0.0010976 8.1605e-05 0.0030359 0.0017037 -0.05426 -0.013125 0.060559 0.017445 0.31171 -0.011434 0.41333 0.13752 -0.27995 -0.049354 0.37237 0.15395 0.0052529 0.0021858 0.024498 0.03417 -0.056142 -0.008317 0.058696 0.011332 0.19314 -0.12767 0.39921 0.2106 -0.17485 -0.1588 0.29332 0.17413 0.0095989 -0.010691 0.023982 0.013001 -0.0046734 -0.00010855 0.0048359 0.0012299 -0.0067822 -0.0017047 0.068893 0.04361 0.013218 -0.0019242 0.023933 0.011875 0.0013678 0.00024118 0.0029949 0.00092266
-0.005163 -0.011925 0.0090978 0.013425 0.014274 -0.083821 0.11277 0.088049 0.046344 -0.032707 0.057255 0.035436 -0.0026104 -0.00019918 0.0032855 0.0028477 -0.023583 0.001428 0.068295 0.047127 0.097431 0.086183 0.37599 0.13644 0.24835 -0.17034 0.38073 0.24343 0.046906 -0.025753 0.057389 0.027467 -0.0051906 0.030485 0.083735 0.036451 -0.060488 0.23744 0.2383 0.29425 0.14456 0.15252 0.40945 0.19297 0.055931 -0.0025647 0.067071 0.016637 -0.0026894 -0.0060221 0.0095242 0.0060221 -0.005821 -0.0271 0.038424 0.031392 0.030523 -0.019061 0.055362 0.021774 -2.8061e-05 0.00048616 0.0047038 0.0032524
