0 0 0 0 -0.028983 -0.0056617 0.028983 0.005774 0.020407 0.0044112 0.062854 0.013038 0 0 0 0 -0.00034997 -0.040554 0.0047795 0.042623 -0.23053 -0.2797 0.25709 0.2797 0.26525 -0.18073 0.28597 0.21064 0.0050767 -0.030125 0.0052632 0.030125 -0.00013608 0.04403 0.0032659 0.04403 -0.24797 0.20387 0.26331 0.22901 0.21363 0.25734 0.24012 0.27356 -0.001431 0.024605 0.0075708 0.060289 2.5149e-05 1.5289e-05 2.5149e-05 1.5598e-05 -0.016964 -0.00073003 0.067027 0.0057737 0.024928 0.0025278 0.025295 0.002716 -7.0911e-06 2.6389e-05 2.6389e-05 2.6389e-05
-0.011697 0.0026539 0.011742 0.0028696 0.037844 -0.0071198 0.039307 0.0080064 -0.013463 -0.043284 0.013648 0.043284 -0.0038233 -0.010267 0.0040565 0.010897 -0.044233 -0.018623 0.050887 0.059625 0.19276 0.030725 0.2863 0.36118 0.066712 0.23091 0.14248 0.43707 0.01017 0.032679 0.010208 0.032679 0.0087647 0.044836 0.0092165 0.044836 0.21057 -0.038854 0.60594 0.19079 0.012495 -0.0022077 0.012495 0.0073303 -3.7802e-05 -1.1139e-05 0.00012164 0.00012164 -0.00012069 -2.5916e-05 0.00012069 0.00013603 -0.0063025 -0.00032957 0.077566 0.015373 0.026889 -0.0080356 0.026889 0.0080436 0 0 0 0
-0.00014084 -1.1714e-05 0.00014084 1.1714e-05 0.0076951 0.0045924 0.083342 0.024077 0.015379 0.0053348 0.015379 0.0053561 0 0 0 0 0.00048197 -0.0018825 0.0011655 0.0019468 0.19371 0.019508 0.59753 0.085563 0.0067353 -0.0021688 0.0067353 0.0056878 -3.413e-05 -0.00012701 0.00012701 0.00012701 -0.0242 -0.028492 0.040914 0.08565 0.17165 -0.036525 0.32088 0.39657 0.026101 -0.18409 0.04856 0.49283 0.0057695 -0.033329 0.011325 0.051879 -0.013012 -0.0017403 0.013026 0.0020023 0.0393 0.0059587 0.042695 0.008968 -0.002063 0.010647 0.0042207 0.010906 -0.0017384 0.0089888 0.0020888 0.0089981
0.00015598 0.00013562 0.00022737 0.00014157 -0.01303 0.0015092 0.048018 0.0035649 0.065797 -0.0045748 0.065797 0.0045748 0 0 0 0 0.00053126 0.0014887 0.00066128 0.0014887 -0.15058 0.040145 0.35695 0.048988 0.40075 -0.053988 0.46251 0.24142 0.0010966 0.0069856 0.0015238 0.046813 0.0027852 0.010051 0.0029152 0.010435 -0.044185 0.25461 0.19641 0.26252 0.17941 0.12008 0.27113 0.30619 -0.0037964 -0.02633 0.011833 0.083588 0.0011097 0.0023299 0.0011369 0.0024165 0.0029668 0.0077229 0.0038066 0.0081973 -0.011274 -0.0045627 0.011274 0.0085246 0.001421 -0.0033092 0.003712 0.0035134
-0.00011989 -2.4851e-05 0.00011989 7.1772e-05 0.016848 0.0049802 0.093109 0.025057 0.0057843 0.0021153 0.0057843 0.0024933 -1.463e-05 -5.0113e-05 2.7046e-05 5.0492e-05 -0.00087926 -0.00051844 0.0017919 0.001449 0.18701 0.02488 0.59862 0.092961 0.003567 -0.0060973 0.0052441 0.0063543 -0.00039744 -0.00029172 0.00047664 0.00030206 -0.015092 -0.027525 0.01899 0.090329 0.16401 -0.083917 0.32928 0.33049 0.0159 -0.1858 0.060619 0.52704 0.0024363 -0.029465 0.0069402 0.063602 -0.012242 -0.0018161 0.012242 0.0019164 0.041538 0.010731 0.050942 0.014239 -0.0024627 0.012507 0.0034259 0.012544 -0.00039162 0.0048471 0.00071816 0.0048471
-3.9324e-05 -1.5204e-05 3.9324e-05 3.9324e-05 -0.012945 -0.0041508 0.077847 0.017877 0.027518 0.0051755 0.027518 0.0062267 0 0 0 0 0.010632 -0.050963 0.011287 0.050963 0.16991 0.008224 0.62461 0.15692 0.0129 0.00018537 0.0129 0.012363 9.5624e-05 -0.00042743 9.5624e-05 0.00042743 -0.029402 0.02751 0.038328 0.055959 0.16709 -0.056602 0.29308 0.38109 0.08356 -0.25796 0.13697 0.40912 0.0075151 -0.033569 0.0077176 0.034111 -0.011739 -0.0028157 0.01174 0.002888 0.035527 0.0081682 0.042708 0.0096065 -0.01808 0.060336 0.018385 0.060346 -0.0023277 0.00989 0.0025598 0.010204
0 0 0 0 1.2361e-05 -0.0053496 0.084451 0.017343 0.01086 0.0041237 0.010902 0.0041237 -4.8419e-05 0.00011188 5.194e-05 0.00011723 0.011614 -0.038328 0.012044 0.038328 0.12798 0.0056367 0.59588 0.14545 0.0040355 -0.0015605 0.0040355 0.0036912 0 0 0 0 -0.024395 0.022 0.0385 0.077338 0.14668 -0.054104 0.33971 0.44588 0.064987 -0.17968 0.13429 0.43337 0.0092964 -0.029425 0.0093148 0.029425 -0.011936 -0.0024012 0.011936 0.0024096 0.030287 0.0076807 0.035076 0.0094342 -0.010267 0.029824 0.010396 0.029894 -0.0034064 0.011405 0.0037734 0.012367
-5.2187e-05 -1.1675e-05 5.2187e-05 1.1675e-05 -0.0019958 -0.00092999 0.08654 0.015073 0.014117 0.0047631 0.014134 0.0049096 -4.4559e-05 5.8608e-05 5.3844e-05 7.9144e-05 -7.97e-05 -0.0035805 0.0020191 0.003673 0.13157 0.01994 0.60505 0.13578 0.002758 -0.0020952 0.0043934 0.0039652 1.9515e-05 -0.00025802 1.9515e-05 0.00025802 -0.014517 -0.016206 0.034558 0.08874 0.14217 -0.05018 0.35825 0.40916 0.029199 -0.13596 0.076134 0.47985 0.0051257 -0.02423 0.0076536 0.047966 -0.012622 -0.0028034 0.012622 0.0028034 0.032953 0.0088337 0.0367 0.011534 -0.0021566 0.0053316 0.0021566 0.0053316 -0.0011244 0.0067171 0.0011244 0.0067171
0.0031162 -0.00064564 0.006052 0.0009596 -0.003384 -0.0036842 0.0034003 0.0037642 -0.0091173 -0.0070037 0.017031 0.019906 0.00085744 4.365e-05 0.00095178 0.00039006 0.0044087 -0.024111 0.037197 0.06517 -0.095152 -0.2951 0.13606 0.58212 0.32729 -0.091555 0.35559 0.18581 0.0030887 -0.0020587 0.0077815 0.0038918 0.0020331 -0.00098201 0.012683 0.047775 0.065754 0.21804 0.088258 0.23784 0.24281 0.045579 0.24669 0.14836 -0.0015567 -0.0041195 0.0060748 0.011138 0.00010771 -6.4953e-06 0.00021354 7.5494e-05 0.00047989 -0.00048548 0.00047989 0.00057405 0.0011397 -0.0016751 0.0012786 0.0019722 0.0012049 -0.0021377 0.0012345 0.0021765
0.00087481 3.462e-05 0.0033087 0.00064708 0.055454 0.0055768 0.091828 0.0083307 0.0024584 0.00038843 0.0028827 0.0010206 7.3937e-05 2.5826e-05 7.3937e-05 2.5826e-05 0.032868 0.001141 0.043578 0.0083808 0.36049 0.0060056 0.53605 0.07589 0.00691 -0.00018739 0.00764 0.0031675 6.4854e-05 -0.00016016 0.00012126 0.00016016 0.045925 0.0052209 0.053698 0.0081628 0.2195 -0.029301 0.41627 0.29433 0.0447 -0.13145 0.085449 0.46037 0.0058171 -0.022491 0.009634 0.040686 0.0044263 0.00028969 0.005788 0.00053999 0.048654 0.0031846 0.067935 0.0090736 -0.0012179 0.0045331 0.0017189 0.0045676 -0.001589 0.0060787 0.0015899 0.006086
-0.0011103 0.0011182 0.0018645 0.0041192 -0.0012689 0.0051509 0.012629 0.037075 0.019871 -0.013459 0.026654 0.021841 0.0018513 -0.00090328 0.0019262 0.0012342 -0.013074 0.012236 0.013166 0.012236 -0.14417 -0.12939 0.26859 0.26694 0.066755 -0.057676 0.39869 0.19006 0.045331 -0.016099 0.054963 0.019316 -0.0082386 0.0011001 0.0082541 0.0032788 -0.28627 0.03542 0.33072 0.26672 0.25516 0.037674 0.47779 0.20014 0.013689 -0.0018801 0.056619 0.010514 -0.0014169 -0.0014022 0.0014399 0.0014022 -0.019766 0.028867 0.02677 0.030616 0.0030876 0.004676 0.030737 0.018501 0.0055046 0.00039569 0.005512 0.0020017
0.0014579 -0.0005751 0.0034528 0.0008782 0.051231 -0.00833 0.084718 0.010722 0.0016565 -0.00038977 0.0016854 0.00060236 1.008e-05 -3.46e-05 3.302e-05 3.46e-05 -0.013101 0.0026221 0.016842 0.0059381 0.10741 -0.066389 0.37297 0.094993 0.15882 -0.28894 0.20407 0.39168 0.00047348 -0.0046477 0.0063871 0.072314 -0.027226 0.0073162 0.033723 0.0081703 -0.037598 0.020816 0.32049 0.068441 0.39705 0.14839 0.39732 0.23923 0.0021447 0.013385 0.0021965 0.013497 -0.0077599 0.0012803 0.0077826 0.0013051 0.0052448 8.4327e-05 0.060498 0.0080751 0.046802 -0.0061136 0.061468 0.010162 0.00011047 -3.4454e-05 0.00011794 4.9097e-05
-0.0041895 -0.00060265 0.0051009 0.00062561 0.058263 0.011468 0.09134 0.013547 0.0028238 0.0011075 0.0033879 0.0011426 0 0 0 0 -0.020741 -0.0037414 0.026772 0.0045501 0.39331 0.036717 0.5384 0.050954 0.0035179 -0.00011098 0.0048252 0.000762 0 0 0 0 -0.005258 0.0021024 0.031704 0.0049413 0.2879 -0.030449 0.45291 0.26277 0.030439 -0.088963 0.073196 0.39642 0.0042278 -0.014988 0.006155 0.036867 0.0035773 0.00071498 0.0080079 0.0012293 0.044948 0.0032963 0.062729 0.0056039 -0.00027878 0.001194 0.0011147 0.0013953 -0.00091364 0.0034287 0.00095314 0.0034491
-0.00023228 -0.00022418 0.00047813 0.00037368 -0.016136 -0.02423 0.017444 0.024771 0.010577 -0.028143 0.011276 0.02947 0.00043408 -0.0016417 0.00069294 0.0023028 -0.067505 -0.023907 0.067786 0.023907 -0.11304 -0.10918 0.44325 0.21539 0.18621 -0.12886 0.25871 0.26407 0.014631 0.0057083 0.01493 0.0085187 -0.026609 -0.0068519 0.05015 0.010307 -0.1543 0.087754 0.47927 0.19442 0.23137 0.12322 0.29048 0.26585 0.0072237 0.0018093 0.0081935 0.0035422 -0.0039322 0.0037947 0.0046219 0.0053396 -0.0073723 0.021779 0.02943 0.026696 0.020559 0.017723 0.020923 0.018001 0.0011574 -0.00020385 0.0011759 0.00020385
-0.0045908 -0.004741 0.0045908 0.0050569 0.0016309 -0.0087413 0.013356 0.019062 0.056283 0.0092102 0.057029 0.017562 0.00045519 0.001061 0.00045519 0.0010633 0.0067767 -0.0094763 0.013977 0.016762 0.22296 0.17606 0.2992 0.20872 0.25703 0.1128 0.25803 0.11513 0.00023992 6.023e-05 0.00023992 0.00043033 0.021319 0.022003 0.029182 0.032851 0.25473 0.096517 0.6213 0.33917 0.093169 -0.045061 0.098159 0.056646 -0.0046219 -0.011325 0.0046219 0.011337 0.0051804 2.2377e-05 0.0052873 0.0026661 -0.046056 0.0083922 0.066977 0.03003 0.036443 -0.043824 0.066149 0.046879 -0.00066366 -0.00099247 0.0006766 0.00099247
-0.0013036 6.8388e-05 0.0015038 0.00031485 -0.0066436 -0.02656 0.010801 0.038122 0.003143 -0.025317 0.0048668 0.033174 0.00071819 -0.0021278 0.0014669 0.0023495 -0.038865 -0.011508 0.039846 0.012591 -0.12731 -0.15293 0.384 0.20663 0.19921 -0.14406 0.24559 0.18561 0.0040023 0.0042071 0.0043087 0.0049025 -0.060984 -0.00092551 0.061616 0.0035163 -0.1711 0.13236 0.51629 0.21955 0.26485 0.096136 0.30383 0.25056 0.0061919 -0.0022377 0.006359 0.0027833 -0.0027417 0.0002218 0.0029433 0.0018177 0.0074247 0.0036139 0.032792 0.031614 0.0041393 0.015276 0.011114 0.035694 0.00071873 -0.00055954 0.00084563 0.00092352
-0.010814 0.0026428 0.010814 0.0026428 0.026459 -0.0059073 0.035722 0.0078165 -0.0056446 -0.0071931 0.0056446 0.0084939 -0.0057558 -0.0076059 0.0057878 0.0087712 -0.012685 -0.016016 0.021929 0.083859 0.12939 0.041208 0.42523 0.47298 0.037513 0.10318 0.099445 0.40615 -0.014302 0.024137 0.018846 0.024247 0.0094264 0.024298 0.0094264 0.024298 0.097686 -0.015848 0.5848 0.12359 0.0027014 -0.00014017 0.0027014 0.00014017 -0.0098888 0.0030215 0.0098888 0.0030215 0.0001159 -0.0006591 0.00017636 0.0006591 0.00039926 0.001713 0.093104 0.016335 0.0083506 -0.0036088 0.0083506 0.0036362 -0.00053221 0.00016108 0.00053221 0.00016108
8.4414e-06 1.4519e-06 8.4414e-06 1.4519e-06 0.00087432 -0.001217 0.089845 0.016452 -0.0056471 0.015624 0.020794 0.015741 -0.0043074 0.0083767 0.0063253 0.011056 0.00012757 -0.0016258 0.00097707 0.0016301 0.096073 0.013449 0.57872 0.11181 -0.0007733 -0.0015861 0.0021582 0.0025186 -0.0028582 0.0051219 0.0029967 0.0055643 -0.0068137 -0.010445 0.01759 0.084563 0.10972 -0.041938 0.40899 0.45263 0.024928 -0.094207 0.071247 0.46986 0.0055798 -0.014528 0.0078778 0.04582 -0.010518 -0.0021541 0.010518 0.0021541 0.025556 0.0061679 0.035186 0.0069927 -0.00024058 0.00086674 0.00024058 0.00086674 -0.00077961 0.0025737 0.00078324 0.0025737
-0.0011736 0.00030108 0.010428 0.00092735 0.041859 -0.0070754 0.043022 0.0070992 -6.4514e-05 -0.00015388 6.4514e-05 0.00015388 -3.0027e-05 -0.00020941 3.0027e-05 0.00020941 -0.065363 0.011955 0.065773 0.011955 0.38357 -0.048945 0.42005 0.25148 0.0067644 0.053293 0.015956 0.36197 0.00056278 0.0081592 0.0054992 0.031765 -0.0038767 0.025481 0.028381 0.027226 0.20493 0.1199 0.32884 0.27482 -0.090736 -0.1578 0.10063 0.40821 0.00047172 -0.030253 0.00857 0.092064 0.0011514 0.0024201 0.0011514 0.0024392 -0.0035217 0.0039246 0.0050499 0.0059532 -0.0087904 -0.017865 0.017037 0.020121 0.0029776 -0.0017114 0.0032751 0.0025515
-0.0058187 -0.001227 0.0058187 0.0015234 0.008381 -0.011457 0.038813 0.027861 0.031977 0.03281 0.058891 0.048433 0.00026983 0.00032111 0.00026983 0.00033851 -0.053788 -0.02979 0.053788 0.029804 0.024173 -0.10403 0.12145 0.13704 0.46007 -0.091733 0.46007 0.11093 0.00031564 4.3141e-05 0.00031564 0.00054323 -0.024374 -0.011594 0.024636 0.021276 0.089542 0.013615 0.17425 0.11754 0.441 0.06843 0.441 0.1639 0.00013958 -0.00099962 0.00071184 0.00099962 0.00087932 -0.001351 0.0021731 0.0020492 0.03624 0.01856 0.044494 0.036151 0.024394 -0.023973 0.065279 0.088853 0.00031851 -0.0028371 0.0020744 0.0028721
-0.0014583 -0.0047108 0.0018032 0.0047253 -0.0059609 -0.0086589 0.0085582 0.012976 0.0052104 -0.0037536 0.015826 0.011598 0.0099661 0.0026853 0.0099661 0.0027299 -0.001282 -0.0010461 0.019636 0.0082196 -0.036339 -0.03389 0.10281 0.071274 0.33753 0.17641 0.35503 0.18756 0.01499 0.0083521 0.01499 0.0095191 0.0029849 0.0036353 0.014744 0.015434 0.19811 0.30532 0.21312 0.31763 0.12404 0.0062851 0.55343 0.25102 0.003343 -0.00075734 0.0033478 0.0010677 0.0030155 0.003669 0.0030417 0.0036751 0.024332 -0.003285 0.024506 0.0060431 -0.0288 0.010076 0.079823 0.029957 0.0022304 -0.0022336 0.0026515 0.0022385
0.0008168 -0.0029781 0.0011886 0.0029792 -0.015506 -0.0089054 0.024866 0.0090168 0.022928 -0.0091291 0.027451 0.019618 -0.00088795 0.0018402 0.0023874 0.0020376 0.0039225 -0.006484 0.015183 0.034151 -0.27001 -0.07214 0.35171 0.095448 0.36769 -0.0031557 0.36831 0.049541 -0.0069813 -9.3408e-05 0.014769 0.0010097 -0.0019941 0.023276 0.0051766 0.024009 -0.2988 0.0067105 0.33207 0.048716 0.38655 0.029346 0.38655 0.031084 -0.0075126 0.0001002 0.014565 0.00039435 -0.00079886 -0.00055116 0.00079886 0.00055116 -0.018582 -0.0087353 0.055657 0.019471 0.039023 0.010691 0.039027 0.010759 -0.0014975 -0.00045098 0.0026585 0.00046396
0.00042027 -0.00034348 0.00046276 0.00039492 -0.011883 -0.003784 0.012914 0.0046915 0.010558 -0.0040412 0.017772 0.0093084 -0.0014418 0.006495 0.0025248 0.0079466 0.0089588 4.6697e-05 0.0089588 0.0022302 -0.27985 -0.10421 0.28351 0.10512 0.32038 -0.07979 0.32264 0.088635 0.00071104 0.00054821 0.00083735 0.00059083 0.0059087 -0.00080573 0.0060444 0.0040649 -0.28558 -0.12352 0.30935 0.12564 0.42198 0.092749 0.42198 0.11518 9.5565e-05 7.415e-05 0.00057507 0.00022119 0.00099491 0.00039753 0.0018042 0.0011875 -0.028378 -0.0055785 0.041716 0.0076537 0.064087 -0.00043495 0.064087 0.0061594 -1.5162e-06 -1.629e-06 3.8758e-06 1.629e-06
0.00012975 6.9135e-05 0.00014268 0.00014294 0.024305 0.0066748 0.0245 0.0066748 -0.0070706 -0.0013578 0.048786 0.017228 0.0026717 0.0014109 0.0026807 0.0014109 0.00013324 0.0007005 0.0014545 0.0011922 -0.068426 -0.11322 0.24252 0.13791 0.17848 -0.10678 0.44637 0.17286 0.0073112 -0.017451 0.0092486 0.01799 0.0011029 -4.1313e-05 0.0011029 0.00077353 -0.31253 -0.089124 0.32155 0.093609 0.4301 0.023002 0.45574 0.065509 -0.0096401 -0.0016894 0.027705 0.030369 0.00017917 -0.00012989 0.00017917 0.00017015 -0.028897 -0.0031019 0.043055 0.008522 0.059457 0.0068485 0.062565 0.010759 0.00023772 0.0035096 0.0011774 0.0048938
0.00074736 0.00069008 0.0010935 0.00073413 0.0012057 0.0021486 0.001962 0.0021794 0.030421 0.0024514 0.032347 0.0040741 0.002468 0.001164 0.0025169 0.001235 0.0018295 0.0009791 0.0019907 0.0014464 0.18134 0.1467 0.18326 0.14983 0.022975 0.12458 0.43838 0.18282 0.02344 0.00093682 0.023635 0.0020824 0.00080755 0.00066643 0.0011759 0.00097465 0.35427 -0.039684 0.35427 0.077943 -0.1837 -0.013401 0.56491 0.10794 0.02697 -0.0044097 0.027043 0.0071821 0.00029784 5.4321e-05 0.00031849 9.6259e-05 0.04613 -0.0072694 0.04617 0.0077466 -0.030972 -0.038057 0.10732 0.039148 0.0021843 -0.0020979 0.0031583 0.0021811
0.0001496 5.3073e-05 0.00017639 0.00014526 0.021797 0.0059116 0.021797 0.0059116 -0.0013447 0.0027384 0.048555 0.020148 0.0022211 0.0013547 0.0023053 0.0013547 0.0011633 0.00056696 0.0012556 0.00082347 -0.095952 -0.12106 0.24638 0.15194 0.23763 -0.088765 0.40505 0.16033 0.0069117 -0.023374 0.0082891 0.024183 0.0017069 -0.00024029 0.0017125 0.00089073 -0.28026 -0.08585 0.33189 0.0938 0.42194 0.04019 0.47623 0.098239 -0.0057035 0.003256 0.024054 0.039745 0.00029685 -5.1986e-05 0.00031728 8.8693e-05 -0.016734 0.0035026 0.05129 0.0099987 0.057375 0.01013 0.058258 0.01169 0.00044418 0.0053249 0.0009658 0.0055024
0.009923 -0.0077894 0.01078 0.0089248 -0.056364 -0.019165 0.059518 0.019165 0.056698 0.01802 0.068892 0.020206 -2.5158e-05 -9.4174e-06 2.5158e-05 9.4174e-06 -0.030682 0.020801 0.045518 0.030205 0.23344 0.014322 0.70401 0.2493 0.063978 0.031143 0.063978 0.031143 -0.0034424 -0.0011942 0.0034424 0.0011942 -0.058258 0.0034417 0.058258 0.0092675 0.26432 -0.2436 0.34309 0.25292 0.11143 -0.046581 0.11143 0.047959 -0.010426 -0.0037112 0.010426 0.0037112 -0.009977 -0.00075776 0.009977 0.0009073 0.0088533 -0.0017872 0.024789 0.015173 0.047921 -0.02245 0.050303 0.051843 -0.0025488 -0.0027364 0.003039 0.0036159
0.00017757 0.00028676 0.00026327 0.00029508 0.0012653 0.0017326 0.0019163 0.0019187 0.027754 -0.0030446 0.030476 0.0050352 0.0027632 0.00018652 0.0027708 0.00024121 0.0022927 -0.00046126 0.0023545 0.0019051 0.18886 0.21363 0.19247 0.21747 -0.048785 0.13441 0.42091 0.21637 0.024472 -0.0022232 0.024472 0.003189 0.00053471 0.00051915 0.001567 0.00106 0.32387 -0.026278 0.32387 0.086578 -0.27052 -0.013523 0.51888 0.094857 0.03993 -0.0063531 0.03993 0.00682 6.5373e-05 0.0001063 0.00014765 0.00016485 0.05229 -0.014221 0.05229 0.014917 -0.039307 0.0011512 0.078197 0.022088 0.0057434 -0.00096029 0.0057504 0.0010167
0.0014671 -0.0012199 0.0025075 0.0043211 0.023836 -0.0076273 0.077212 0.012268 -0.0036123 0.0012301 0.039202 0.0054032 0 0 0 0 -0.007587 0.0070314 0.0092995 0.010646 0.1649 -0.024519 0.536 0.050054 -0.05044 -0.0092353 0.34054 0.054752 -6.498e-06 -6.498e-06 6.498e-06 6.498e-06 -0.022421 -0.041887 0.027549 0.042539 0.16616 0.053047 0.3262 0.40717 -0.068351 -0.044794 0.30289 0.37001 -0.0014806 -0.0085088 0.0057073 0.085105 0.009448 0.0078863 0.010901 0.0095643 0.0064664 -0.0011357 0.0090735 0.012862 -0.011635 -0.0090828 0.031013 0.012802 0.0017405 -0.0038677 0.0023011 0.003871
-0.0011881 0.00023308 0.0011881 0.00029765 -0.019071 0.012407 0.061714 0.015335 0.024493 -0.01098 0.095833 0.067523 0.0034099 0.0036708 0.0041432 0.0044764 -0.036793 -0.02117 0.036793 0.021327 -0.06343 -0.18748 0.22487 0.21789 0.40151 0.022868 0.41491 0.14366 0.00016915 0.00016915 0.00019828 0.00019828 -0.04885 -0.039973 0.050678 0.039973 0.096987 0.0096152 0.19481 0.107 0.43381 0.04115 0.43414 0.13514 -0.0042793 -0.0048423 0.0047171 0.0050512 -0.00092918 0.00012005 0.0016997 0.0018127 0.055008 0.048859 0.058571 0.059666 0.0071411 -0.012875 0.065737 0.06917 -0.0028836 -0.0042673 0.0040268 0.0042673
-0.0069723 -0.0086783 0.0070036 0.0093661 -0.031363 -0.056316 0.055926 0.066513 0.04875 0.002223 0.049916 0.015002 0.00031881 -0.00019194 0.00034255 0.00025771 -0.023668 -0.035099 0.024273 0.03535 0.4642 0.11855 0.48503 0.13555 -0.031235 0.074961 0.10791 0.080281 -0.0028487 -0.0067566 0.0046692 0.0073966 -0.00060745 -0.0028554 0.0030852 0.0043262 0.45151 -0.10911 0.45481 0.13344 -0.023863 -0.088763 0.07912 0.092151 -0.004506 0.0037251 0.0094014 0.0099727 0.0002045 -0.00040314 0.00050504 0.00051333 0.019798 -0.010467 0.02421 0.010846 0.037698 -0.039151 0.041148 0.039886 0.0006781 -0.00060007 0.00067998 0.00068514
0.0043042 -0.00065836 0.0052676 0.0016196 0.020859 8.79e-05 0.025659 0.011099 -0.0011311 0.00032982 0.0012919 0.0010546 -0.00010553 6.2263e-05 0.00015946 0.00024065 -0.021373 0.018 0.034014 0.023771 0.4263 0.042427 0.43104 0.18142 -0.17029 0.11975 0.17054 0.12188 0.00015736 0.0011984 0.00070194 0.0015432 -0.063568 0.042703 0.063568 0.042703 0.396 0.018512 0.45722 0.15099 -0.12265 0.053759 0.24418 0.13736 -0.0025898 -4.2307e-05 0.0029328 0.0023547 -0.0034574 0.0010961 0.0034574 0.0011131 0.044878 -0.0045066 0.076361 0.018557 -0.017686 0.013048 0.022383 0.017047 -0.0021936 0.0013037 0.0022749 0.0013656
0.0012948 0.00027159 0.0013203 0.00027884 -0.029897 0.014762 0.039942 0.030045 0.012479 -0.018452 0.053949 0.042085 0.0006451 -0.0011158 0.0010543 0.0011158 0.0052315 0.00090588 0.0052315 0.00090588 0.066053 0.014796 0.53624 0.075117 -0.12622 0.19503 0.15579 0.24345 -0.0065022 0.026869 0.028027 0.081815 0.0013033 -0.0083102 0.0072677 0.082597 0.085456 -0.056004 0.4293 0.427 0.020693 -0.071661 0.038247 0.39024 0.0039071 -0.0068782 0.0041397 0.031046 -0.00073409 -0.00030757 0.00090627 0.00036544 0.0137 0.002799 0.0548 0.0069847 -9.632e-05 0.00017515 9.632e-05 0.00017515 -0.00011551 0.00037562 0.00011734 0.00037562
0.00013992 6.5472e-05 0.00013992 8.2682e-05 -0.026755 -0.015419 0.039784 0.016939 0.041788 -0.014056 0.057499 0.016146 -0.00072581 -0.0049823 0.0037101 0.0049823 0.0016564 -0.00034345 0.0016564 0.00053229 -0.30001 -0.044008 0.3073 0.044686 0.39804 -0.0023967 0.4204 0.081612 0.0037624 0.022123 0.014873 0.0398 0.00081359 -0.0009822 0.0010978 0.0012153 -0.2447 0.014191 0.27282 0.041242 0.395 -0.00025479 0.395 0.067891 0.0072446 -0.00094377 0.0072446 0.0025818 -3.0828e-05 -5.4151e-05 0.00014383 0.00019979 -0.032045 0.0083136 0.033501 0.0093203 0.038574 -0.011677 0.042975 0.016946 0.0022608 -0.0020771 0.0022608 0.0020771
-0.0020489 0.002711 0.0020765 0.00286 -0.0096148 0.002317 0.051875 0.013696 -0.01445 -0.0078047 0.024306 0.010363 0.0011645 -0.0022897 0.0021991 0.0022897 -0.014351 -0.001474 0.01446 0.0015989 0.16477 -0.015117 0.49958 0.10008 -0.28288 0.24278 0.29147 0.25209 0.0028432 -0.0041514 0.010269 0.0092375 -0.026277 -0.0018737 0.027079 0.0023266 0.26203 0.0051808 0.56426 0.019756 -0.044371 0.081616 0.05014 0.082029 -0.023784 0.053142 0.023987 0.053241 -0.0065053 -0.00029083 0.0065219 0.0003432 0.04089 0.0007571 0.074814 0.002457 0.0005213 -4.8214e-05 0.0006893 0.00018567 -7.3439e-05 0.000106 0.00015711 0.00015709
-0.0024638 0.0029633 0.0028228 0.0031086 0.0055615 -0.0028482 0.0055615 0.0043113 0.068189 -0.015041 0.068189 0.015431 -0.001272 -0.00078601 0.0016601 0.00080505 -0.031954 0.020131 0.032173 0.023506 -0.084517 0.089893 0.11905 0.11087 0.48278 0.0052526 0.48682 0.020949 -0.032894 -0.02078 0.034944 0.023108 0.0015119 0.00071878 0.0035125 0.0030002 -0.19815 0.21587 0.20635 0.2183 0.28783 -0.0025096 0.43461 0.13717 -0.0078084 -0.005739 0.047969 0.030036 1.8183e-05 0.00028044 0.00017374 0.00028692 0.0011314 0.0011026 0.0021877 0.001976 -0.009653 -0.010472 0.028107 0.023422 0.0052822 0.0031881 0.0052822 0.0031881
-0.0048314 0.0027778 0.011093 0.0034158 -0.016439 0.0059606 0.028121 0.020149 0.07322 -0.0061777 0.073325 0.018563 -0.00043551 0.00023059 0.00048378 0.00043491 -0.087414 -0.0028883 0.092897 0.015795 0.040311 -0.060142 0.19748 0.25926 0.36051 -0.082284 0.36051 0.30337 0.0026871 -0.0021397 0.0053077 0.003625 -0.041465 0.0016061 0.089383 0.030194 0.12959 0.22659 0.28023 0.33788 0.19527 0.25092 0.23568 0.25508 0.0043579 -0.0013902 0.0050355 0.0025056 -0.003623 -0.0033764 0.0068679 0.0058278 0.050592 0.0041573 0.061949 0.024362 0.0050009 -0.00027308 0.0088532 0.002552 0.00061443 -0.00011463 0.00068659 0.00027804
0.0039281 -0.0014231 0.0089871 0.0015614 -0.023471 -0.033967 0.034788 0.049132 0.011834 0.01689 0.021854 0.016957 -0.00021859 0.003166 0.00083968 0.0031721 -0.0011254 -0.010213 0.01946 0.12273 0.50747 0.074414 0.53836 0.49471 0.021416 -0.0085 0.075715 0.055897 0.0027221 0.00098824 0.0033698 0.0023166 0.0069499 0.016564 0.0071893 0.018551 0.13254 -0.12581 0.13309 0.13372 0.13943 -0.15993 0.16463 0.16451 0.0063821 -0.0035437 0.007895 0.003592 0.00015679 -4.9287e-05 0.00025695 9.5328e-05 0.0015049 -0.00042538 0.0018996 0.00069931 0.027929 -0.0088244 0.028111 0.0091333 0.0012006 -0.00085033 0.0013077 0.00085187
-0.0016817 -0.00065322 0.0019354 0.0022034 0.0020928 0.00092202 0.014883 0.020037 0.050862 -0.089453 0.051277 0.094413 0.0024801 -0.011235 0.0027221 0.011395 0.00065794 -0.004432 0.013274 0.014383 -0.04092 -0.017436 0.10139 0.13134 0.42181 0.085533 0.46691 0.33156 -0.014176 0.046142 0.023012 0.081196 0.0040752 -0.0033436 0.0094333 0.015681 0.035638 -0.019412 0.10031 0.1237 0.41026 -0.011682 0.4107 0.23454 0.0081008 -0.027689 0.0089002 0.028727 0.00033484 0.0012982 0.0022951 0.0024199 0.00027663 0.0057507 0.010127 0.011793 0.037039 0.0060185 0.037093 0.0096688 -0.00054187 -0.00025159 0.00068516 0.00049207
-0.012843 0.0068181 0.012843 0.0068181 0.078851 0.017608 0.084368 0.025408 -0.034077 0.018332 0.034199 0.018394 -0.0001374 0.00015684 0.00030948 0.00022322 -0.03731 0.014559 0.03731 0.014634 0.29856 0.12043 0.57906 0.19491 -0.17416 0.075152 0.28138 0.11594 -0.0024318 0.00046905 0.0029638 0.0017791 -0.025839 0.0056405 0.025839 0.0056405 0.22475 -0.030907 0.45759 0.10532 -0.10712 0.015835 0.25279 0.13782 -0.017381 0.0069589 0.017642 0.0078219 -0.0035334 0.0011664 0.0035334 0.0012076 0.0097873 -0.004928 0.054262 0.012125 0.016751 0.012955 0.028911 0.013922 -0.007141 0.00032009 0.0071432 0.00090764
3.0937e-05 0.00050008 0.00034725 0.00050655 0.0026242 0.00075133 0.0031356 0.0023101 0.069848 -0.001083 0.069848 0.0053523 -0.0011354 -0.00087742 0.001518 0.0010703 0.0015397 0.036649 0.014145 0.038752 -0.12551 0.12583 0.15085 0.13816 0.45154 -0.0079139 0.47182 0.028894 -0.034972 -0.024422 0.039371 0.028286 0.0041387 -0.0064356 0.0055593 0.0079039 -0.19774 0.15508 0.20495 0.18621 0.24384 -0.016479 0.49422 0.18337 0.0092425 0.015069 0.042859 0.032259 0.00045934 0.00041414 0.00068898 0.00042426 0.0011044 0.0018293 0.001714 0.0018435 0.0082946 0.0066203 0.030953 0.016173 0.0017804 0.0012562 0.0017804 0.0012669
-0.0047008 0.00174 0.0049559 0.00174 0.02217 -0.0031713 0.042046 0.018358 0.05337 -0.02452 0.053891 0.024967 -0.0038142 -0.0029679 0.0038509 0.0029679 -0.057153 0.020396 0.057153 0.020461 -0.12169 0.040268 0.12949 0.056388 0.43243 -0.13886 0.55074 0.2032 -0.066892 -0.039026 0.10789 0.06884 -0.030831 0.0042692 0.030831 0.0057268 -0.14565 0.065767 0.15694 0.088722 0.16133 -0.0033136 0.45881 0.24198 0.06068 0.055982 0.071553 0.056217 -0.0046862 -0.0013022 0.0046862 0.0013606 -0.015635 -0.013117 0.019221 0.01467 0.019735 -0.02355 0.02077 0.023825 0.0069408 -0.003299 0.0069428 0.0038925
0.0025005 -0.0065457 0.0044623 0.0091158 -0.0090283 0.012874 0.016966 0.039553 -0.0011926 -0.028426 0.026613 0.051524 0.0031254 0.0017647 0.0050178 0.0024989 0.0053866 0.018164 0.02254 0.029539 0.13122 -0.11037 0.43244 0.33038 -0.053368 0.027191 0.34785 0.20672 -0.022236 -0.0050308 0.029706 0.037052 0.0016939 0.0046247 0.0040968 0.0055202 -0.27047 -0.044815 0.37128 0.13264 0.29074 -0.081732 0.37048 0.15608 -0.017639 -0.0086579 0.017663 0.0086579 -0.0012552 -0.0030305 0.001554 0.0030305 -0.032226 -0.02634 0.046365 0.038385 0.030946 -0.00089375 0.054862 0.049871 0.0012759 -0.0025135 0.0014298 0.0043753
6.0639e-05 -0.00018597 0.00015483 0.0002032 -0.0017769 -0.0035917 0.003695 0.0039633 0.022954 -0.015309 0.048992 0.017053 -0.0011794 0.00046844 0.0013551 0.00057966 -0.0016247 -0.0024751 0.0027327 0.0035291 -0.19498 -0.21616 0.20142 0.21696 0.37801 -0.03433 0.49368 0.043937 -0.0022383 0.00097668 0.0027795 0.0021518 -0.011247 -0.037761 0.012761 0.038469 -0.043758 -0.045011 0.080529 0.050529 0.45016 0.034679 0.45016 0.04929 0.0017859 0.00031955 0.0025425 0.0015782 0.0001632 -0.00047768 0.00064732 0.00074581 -0.0019508 -0.0022588 0.0072332 0.0031567 0.067429 -0.0062773 0.067429 0.0065101 0.00062969 -0.00023679 0.00063188 0.00025614
-0.003029 0.0047525 0.0030581 0.0069889 -0.038972 0.11382 0.043393 0.14917 -0.023656 0.12227 0.042177 0.19037 0.0019896 -0.006987 0.0061217 0.016966 0.017494 -0.051157 0.041 0.051157 -0.097425 -0.14201 0.254 0.16963 0.18789 -0.018934 0.24683 0.223 -0.027552 0.055653 0.027552 0.055905 0.0056468 -0.008525 0.066041 0.063091 -0.10436 0.010592 0.54375 0.10684 0.35696 0.11487 0.35844 0.11646 -0.0074599 0.0068029 0.0074599 0.007722 0.0080596 0.0068628 0.01347 0.008327 0.031369 0.0095501 0.10007 0.040133 0.01224 0.012759 0.015006 0.012759 -0.00019485 0.00073591 0.00034581 0.00088287
0.00070161 0.0023696 0.0032723 0.0030896 0.00922 -3.1664e-05 0.024149 0.013682 0.018952 -0.029276 0.030493 0.029411 -0.00029251 -0.00019412 0.00029692 0.00019788 -0.05689 -0.016401 0.063116 0.029264 0.32832 -0.072433 0.44228 0.15188 -0.040482 0.029826 0.5046 0.09441 -0.0037593 -0.0043918 0.0043832 0.0043918 -0.026887 0.0088376 0.03144 0.031494 0.24814 0.097145 0.35729 0.19338 -0.069331 -0.074819 0.35627 0.10572 0.00092189 -0.0059571 0.0064878 0.0075531 -0.0019916 0.0021581 0.0021004 0.0024149 -0.0083327 -0.0029196 0.020705 0.012257 0.014582 0.0042369 0.034972 0.016558 -0.00042215 -0.0023023 0.00054024 0.0023023
4.246e-06 -4.246e-06 4.246e-06 4.246e-06 -0.021103 -0.0052338 0.035148 0.018564 0.0078774 0.019763 0.052402 0.055538 -0.0038153 -0.011372 0.0046312 0.014385 0.040657 -0.070057 0.048234 0.083388 -0.11959 -0.17064 0.38072 0.30985 0.071396 0.021108 0.32672 0.47712 -0.038025 0.043326 0.040489 0.066912 -0.0097455 0.026027 0.015956 0.027283 0.18195 0.1065 0.3202 0.28722 0.003198 -0.0042327 0.2524 0.20857 -0.0060055 -0.019347 0.014607 0.022173 0.0042334 -0.0001731 0.0042801 0.0028093 0.013166 -0.0046622 0.021657 0.014611 -0.0052226 0.0013398 0.018701 0.026307 -0.0051682 0.0019151 0.0073 0.0062304
-0.0016518 0.0099468 0.0029582 0.01032 -0.011849 0.11306 0.021641 0.11311 0.0064259 0.093101 0.040732 0.096901 0.00045119 0.0058351 0.0010474 0.0058351 0.025757 -0.00058712 0.026089 0.0088322 0.075263 -0.046542 0.45655 0.27179 -0.0061562 0.056768 0.129 0.19837 0.012063 0.013587 0.013575 0.020653 0.021379 -0.023023 0.026526 0.042779 0.19823 -0.082744 0.64819 0.19416 -0.037656 -0.02085 0.22627 0.11495 -0.0096423 -0.0075728 0.024912 0.023139 0.0073333 -0.016044 0.0073352 0.016901 0.037238 -0.062334 0.072858 0.10049 0.040885 -0.031827 0.040885 0.03473 -0.0016908 0.0032527 0.0025635 0.0046241
-8.0299e-05 0.00076085 0.00096697 0.00083825 0.023554 -0.0025891 0.10419 0.018914 0.0070512 -0.0025892 0.0072043 0.0026207 -0.0035617 0.001146 0.0065289 0.0023059 -0.0076833 -0.00033321 0.0076833 0.0011652 -0.11385 -0.042914 0.52862 0.060013 0.31841 -0.02992 0.31934 0.032167 -0.0097705 0.0044357 0.01185 0.0048872 -0.0099619 -0.003403 0.0099619 0.0034681 0.032347 0.030176 0.55223 0.13387 0.16286 -0.089408 0.25688 0.1815 -0.0099451 -0.021696 0.019387 0.068681 -0.0055648 -0.0077809 0.0055785 0.0077849 0.021777 0.0017423 0.031539 0.05486 0.010764 0.046273 0.026308 0.11267 0.0021458 0.003562 0.0021638 0.003562
-0.0059297 -0.0053543 0.0059297 0.006013 0.010698 0.014481 0.023617 0.033416 -0.005099 0.03694 0.011636 0.03694 -0.0047408 0.010981 0.005263 0.011383 0.013577 0.033866 0.041151 0.041911 -0.12698 -0.22875 0.18952 0.32844 0.15535 -0.12409 0.16035 0.16291 -0.0029583 0.015365 0.0085312 0.016985 -0.039683 -0.024413 0.075564 0.035691 0.00036928 -0.02806 0.41583 0.52541 0.27884 0.15654 0.28526 0.15911 0.0071418 0.012768 0.0076328 0.012768 -0.0047023 0.0012937 0.0094502 0.0050179 0.035606 0.046214 0.066167 0.081445 0.028675 0.018731 0.028675 0.020251 0.00049472 0.00015597 0.00054552 0.00033624
0.00017433 0.00026699 0.00028848 0.00028632 0.0038023 0.0012518 0.0039993 0.0015914 0.06295 0.014318 0.06295 0.014318 -0.00091035 0.00026207 0.0013553 0.00032127 0.0023644 0.017061 0.0064457 0.020346 0.0068303 0.039261 0.033419 0.043661 0.44973 -0.016002 0.46868 0.034938 -0.027627 -0.021892 0.030818 0.026013 0.0049668 0.025179 0.0066135 0.028172 -0.18443 0.22134 0.21976 0.25179 0.28629 -0.021041 0.5112 0.1253 0.021463 0.015328 0.037255 0.032683 -0.00037187 0.00076377 0.00089742 0.00076719 0.0023731 0.0027004 0.0030579 0.0027004 0.014013 0.010094 0.023492 0.018253 0.0016876 0.0010921 0.0019672 0.0012948
-0.0013715 -0.0004195 0.0013729 0.00055698 0.00072835 -0.012664 0.0053695 0.012994 -0.0093474 0.0082088 0.01416 0.016299 -0.012065 0.012907 0.012878 0.014487 -0.026974 -0.016587 0.02699 0.016628 -0.080279 -0.25318 0.20414 0.25318 0.17796 -0.11535 0.21614 0.11535 -0.0048299 -0.016241 0.020719 0.031305 -0.057968 -0.037798 0.057968 0.037798 -0.013543 -0.060111 0.4953 0.4261 0.24808 0.052639 0.41617 0.097545 -0.013208 -0.013826 0.05378 0.022039 -0.009698 0.0042925 0.010277 0.0069725 0.066274 0.035275 0.092602 0.052957 -0.016159 -0.014447 0.055537 0.035966 0.0072367 0.0048229 0.0072503 0.0048252
0.00041546 -0.00038787 0.0005636 0.00050304 0.0090341 0.0082472 0.0099337 0.0097496 0.05994 0.068933 0.072982 0.070022 0.00063268 0.0011428 0.0010551 0.001298 0.0024463 -0.00050661 0.0032656 0.011638 0.40859 0.13935 0.40987 0.16453 0.092809 -0.034911 0.13163 0.08072 -0.0017483 -0.007211 0.0040487 0.0084242 0.0038312 0.0024234 0.0049361 0.0032419 0.43557 -0.15559 0.55311 0.17904 0.037323 -0.0084184 0.037323 0.016926 -0.0054624 0.0063343 0.0083604 0.0071642 0.0019463 0.00069809 0.0019762 0.00075259 0.020642 -0.011561 0.054211 0.015968 0.055393 -0.012973 0.055734 0.016282 6.9785e-05 0.00033662 9.295e-05 0.00040837
-0.0010059 0.00066309 0.0022084 0.0037699 0.02894 -0.01384 0.03594 0.019946 0.01732 0.0041663 0.01732 0.0072587 -0.00036176 0.00010644 0.00043664 0.00020973 -0.0095129 -0.044145 0.055048 0.063473 0.059134 -0.054317 0.26801 0.14802 0.29402 -0.076717 0.29917 0.08651 -0.0023747 -0.0018114 0.0025266 0.001954 0.082443 0.027455 0.11178 0.049336 -0.14852 0.056763 0.5716 0.12862 0.37499 0.03474 0.39398 0.067619 -0.002633 -0.0067193 0.0034084 0.0067408 0.006322 0.0028118 0.007038 0.0047147 0.0099797 -0.012841 0.05743 0.026309 0.016302 -0.0035238 0.022461 0.0079409 -0.00017171 -0.00014372 0.00061064 0.00021337
-0.0035338 0.0028883 0.0095081 0.0037003 0.0091069 -0.0056736 0.046937 0.016267 0.030147 -0.0040992 0.030712 0.0086856 -0.00026745 0.00010414 0.00029146 0.0002534 -0.069765 0.02268 0.069765 0.022876 -0.13038 -0.01551 0.28993 0.11524 0.3713 -0.041259 0.37678 0.12762 -0.0021819 0.00028119 0.0023647 0.0016126 -0.068815 -0.0030687 0.068815 0.012319 -0.21598 -0.052025 0.26028 0.089161 0.45824 0.037921 0.46218 0.063244 -0.0018979 0.00096357 0.0024418 0.0015447 -0.013311 0.00070332 0.013323 0.0010001 -0.003584 -0.0018696 0.038695 0.010524 0.055762 -3.9603e-05 0.05721 0.00845 -0.00025516 0.00022983 0.00030414 0.00027227
-0.0012129 0.00080408 0.0022202 0.0033277 0.0095302 0.0065673 0.013938 0.043398 -0.0052469 0.0097428 0.011689 0.030063 0.0014364 0.0010923 0.0014975 0.0021799 -0.010142 0.0068177 0.010407 0.0078716 0.11884 0.051824 0.4231 0.33237 0.0017682 0.12477 0.1909 0.24802 0.004888 0.0022587 0.0057745 0.0062658 -0.014552 -0.017463 0.014623 0.01784 0.24307 -0.1261 0.61692 0.17014 -0.11794 -0.11335 0.17219 0.12485 0.0048839 -0.027033 0.00764 0.027342 0.0068848 -0.010543 0.010696 0.015134 0.050308 -0.00012065 0.094611 0.023716 -0.039006 -0.0068523 0.046099 0.016727 -0.011069 -0.010146 0.015934 0.015362
-0.00052418 0.0016241 0.00094616 0.0016295 -0.027562 0.0082596 0.047211 0.018272 0.040978 -0.0006047 0.055414 0.0099339 -0.00018898 -0.0018859 0.006356 0.0044596 -0.0091057 -0.0063514 0.013449 0.012337 -0.34292 -0.018419 0.402 0.10198 0.36878 -0.097894 0.48033 0.11421 -0.027626 0.017948 0.039499 0.044132 0.006811 -0.020359 0.017034 0.021147 -0.182 0.1153 0.22473 0.18061 0.21585 0.11323 0.27817 0.17529 0.013246 0.011575 0.014542 0.012094 0.0080831 -0.012834 0.011411 0.019545 0.024693 -0.050525 0.025698 0.052343 0.0087153 -0.020726 0.012286 0.021432 0.001769 -0.0024957 0.0017719 0.0024957
0.00068469 0.0007723 0.0073238 0.0024757 -0.0022846 -0.0022162 0.041542 0.013098 0.043903 -0.0066014 0.044481 0.013378 -0.00012398 0.00023994 0.00017166 0.00045031 -0.029545 0.016612 0.041009 0.02243 -0.12517 -0.036787 0.23198 0.11557 0.41788 -0.052117 0.41868 0.10376 -0.002248 0.0006671 0.002248 0.0015503 -0.058152 -0.012175 0.058152 0.014127 -0.10688 -0.029423 0.25927 0.10972 0.45811 0.075095 0.46031 0.099435 -0.0021535 9.4303e-05 0.0023074 0.001502 -0.0078531 -0.0035476 0.0078531 0.0036054 0.033672 0.0026173 0.053769 0.013457 0.034945 0.0090546 0.035183 0.010655 -0.00019986 -9.7098e-05 0.00022718 0.00017709
-4.3833e-05 0.0022368 0.0020966 0.0059382 0.019165 0.0033691 0.10747 0.022835 -0.0039138 -0.0015503 0.022805 0.0048546 0.0067797 -0.0015482 0.0067797 0.0015482 -0.0041671 0.0048404 0.0048581 0.0059326 -0.108 -0.042375 0.57911 0.052481 0.21721 -0.0042975 0.2521 0.025289 -0.024763 0.0010057 0.094482 0.01841 -0.011417 -0.011411 0.011417 0.011551 0.066417 -0.032095 0.57232 0.22765 0.066542 -0.090442 0.13922 0.27305 -0.026642 -0.0043521 0.067191 0.056062 -0.0040553 -0.0087738 0.0044663 0.0091146 0.037384 0.046074 0.042294 0.058194 0.011815 0.047052 0.011833 0.047105 -0.0017729 0.0006098 0.0035453 0.0011236
0.00067293 0.0027044 0.00097331 0.0060647 -0.011247 -0.0061966 0.081222 0.045123 0.024397 0.024592 0.02511 0.024592 0.00046441 0.0012562 0.00061771 0.0012562 0.0064999 -0.0013957 0.0075245 0.0021928 0.080308 0.05767 0.65298 0.079504 0.056952 0.014286 0.056952 0.019117 0.00080199 -9.9311e-05 0.0011418 0.0029791 0.0073996 -0.0009578 0.014212 0.0026699 0.06452 -0.0077312 0.65767 0.079826 -0.051849 -0.12691 0.10078 0.23556 0.014839 -0.024092 0.015114 0.029828 0.0017931 -0.00043231 0.0044515 0.00069963 0.00044561 0.0187 0.083477 0.02044 -0.019598 0.016743 0.020438 0.02022 0.004248 0.0033546 0.0043529 0.0033619
-0.00061357 -0.00065228 0.0010217 0.00081502 -0.00079364 0.0052613 0.056598 0.034069 0.052997 0.038815 0.052997 0.038815 -0.00069605 0.0030025 0.0026938 0.0032156 -0.047407 0.00080393 0.047973 0.010484 0.3386 0.078276 0.50142 0.11934 0.18171 0.069936 0.18171 0.069936 0.0022631 0.0037042 0.0046339 0.0045813 -0.035817 -0.013895 0.035832 0.037747 0.35122 -0.11141 0.49151 0.14315 0.21535 -0.04376 0.21535 0.072042 0.0036313 0.0030099 0.0039507 0.0034098 -0.0086596 0.0028433 0.0087332 0.0028751 -0.0038918 -0.0055645 0.028864 0.010496 0.084065 -0.03662 0.08433 0.036744 0.00055857 -0.00055281 0.00055857 0.00059352
-2.8067e-05 2.1592e-05 0.00011077 5.6381e-05 -0.0047944 0.0068183 0.086256 0.018689 0.021451 0.0085073 0.021451 0.0085073 0.0007382 1.5108e-05 0.0007382 0.00018187 -0.0010896 0.00012441 0.0012888 0.00034779 0.11165 0.023356 0.64147 0.062227 0.031435 0.010336 0.032848 0.026489 0.003402 -0.0006911 0.003402 0.0026831 -0.00062076 2.5081e-05 0.00090302 0.00012416 0.12803 -0.010814 0.68322 0.072712 -0.075953 -0.067053 0.11341 0.17973 -0.00051061 -0.024608 0.0069608 0.063539 1.3569e-05 -5.6873e-05 0.00013813 9.859e-05 0.0089645 0.0156 0.098163 0.019113 -0.01543 -0.0041083 0.017429 0.012998 -0.0020337 0.0021399 0.0048603 0.0028772
-0.0012306 -0.0033047 0.0015149 0.0033076 -0.0011964 -0.0098009 0.014581 0.014172 0.00094038 -0.020879 0.036044 0.02714 0.00032289 0.00010334 0.00055949 0.00061664 -0.0094821 -0.011514 0.030861 0.031243 0.19437 -0.061548 0.3485 0.17738 -0.11028 0.050959 0.36377 0.084157 0.015197 0.0039932 0.015571 0.0052746 -0.026752 -0.0024934 0.058638 0.056633 0.34552 -0.013614 0.41226 0.17677 -0.059191 -0.020502 0.5362 0.1429 0.00435 0.0045537 0.0056945 0.0045537 0.00032123 7.0896e-05 0.0032237 0.0034356 0.0021431 0.0039926 0.040821 0.013713 0.024845 0.025466 0.041698 0.026022 -0.00019638 0.00012712 0.0003556 0.00025848
-0.0014661 0.0044562 0.0019452 0.0045977 0.076439 0.080517 0.088811 0.087258 0.014227 0.018421 0.041326 0.027214 0.0026318 0.0011302 0.0027015 0.0011943 0.0028776 -0.0014721 0.0028776 0.0023282 0.26959 -0.155 0.27244 0.15889 0.24762 -0.22673 0.31864 0.24566 0.017417 -0.0010312 0.017663 0.003955 0.00029294 0.00026296 0.0020868 0.0020683 0.045846 0.009178 0.047477 0.017373 0.47864 0.11114 0.47864 0.11789 0.016587 0.0019888 0.016878 0.0040298 6.6417e-05 -0.00010653 0.00028373 0.00021441 0.026503 0.0019786 0.026552 0.0043637 0.056476 0.0057239 0.056476 0.008192 0.00042799 -0.0010364 0.00079208 0.0010627
1.6331e-05 -0.00011372 6.2534e-05 0.00017076 -0.027641 0.0054516 0.028294 0.006688 0.0029861 0.031814 0.070232 0.031889 -0.0014887 0.00052905 0.0014887 0.00057804 -0.0099962 -0.10717 0.011126 0.11337 0.23698 -0.23304 0.34786 0.38 -0.015328 0.062845 0.103 0.069585 0.00017079 0.0040033 0.003633 0.0043942 -0.0017937 0.011441 0.010094 0.12711 0.45659 0.061618 0.48987 0.29171 0.002696 -0.041501 0.089293 0.06896 0.0044356 0.0006497 0.0044356 0.001669 0.0016084 0.006688 0.0017775 0.0067382 0.035243 -0.0084187 0.035243 0.010801 -0.0046099 0.00070983 0.01266 0.009171 0.0013473 -0.00065621 0.0013473 0.00065621
0.00022546 -0.00012707 0.00036609 0.00024476 0.062578 0.00080263 0.062578 0.0015289 0.0036995 -0.002948 0.012897 0.0039075 -0.0048594 -0.0033557 0.0048594 0.0033557 -0.015331 0.013224 0.018269 0.015272 0.45132 -0.054206 0.4517 0.074293 -0.088705 -0.065165 0.13582 0.067049 -0.022497 -0.0092475 0.039521 0.027046 -0.035691 0.034068 0.036478 0.034275 0.33868 0.10193 0.44183 0.13454 -0.17801 -0.1538 0.28541 0.22121 0.029113 0.029009 0.029113 0.029009 -8.5744e-05 0.00014969 0.00067186 0.00023147 -0.016898 -0.01667 0.025396 0.020157 0.024748 0.01009 0.039814 0.020436 0.0010412 0.00097111 0.0010412 0.00097111
-8.4249e-05 -4.1697e-06 0.00072394 0.00043222 0.0049149 0.0065712 0.0057383 0.0081947 0.048032 0.015158 0.048032 0.016884 0.00067271 -0.00029496 0.0010369 0.00074377 0.0035507 0.0017744 0.0041539 0.0034791 -0.055304 -0.045656 0.13382 0.093595 0.40706 -0.04039 0.48128 0.059727 0.0027209 0.00065394 0.0028246 0.0012646 0.025825 0.013974 0.026631 0.014245 -0.16066 0.020476 0.21309 0.052101 0.47369 0.010553 0.49504 0.040466 0.0014108 0.0014411 0.0014966 0.0023224 0.0075173 0.0018607 0.0092371 0.0027582 -0.036769 -0.0049204 0.036935 0.0068008 0.069522 0.0034554 0.070752 0.013218 0.00039146 -4.0609e-05 0.00041168 0.00022326
0.0016058 -0.0023593 0.0032604 0.0039226 -4.3694e-05 0.024197 0.03106 0.048231 0.056913 0.010428 0.062229 0.034701 -0.00032645 0.00022954 0.00033049 0.00042308 0.013654 0.015008 0.025632 0.023201 0.0026966 -0.061212 0.24578 0.14265 0.42005 -0.063445 0.42562 0.16861 -0.0013317 -0.00045234 0.0015836 0.0025215 0.0073237 -0.00041425 0.029355 0.023731 -0.055878 0.04478 0.13917 0.13003 0.46651 0.093751 0.46704 0.12229 -0.0011161 0.0004291 0.003352 0.0036357 0.00039937 -0.00095486 0.0044364 0.0036139 0.0085583 0.027185 0.020054 0.049438 0.047602 0.014189 0.047602 0.025599 -7.1667e-05 -0.00021167 0.00041383 0.00031615
-0.001933 0.0055208 0.0027875 0.006369 -0.024835 0.11638 0.048838 0.15965 0.12068 0.069342 0.12808 0.12544 0.0014369 0.0023879 0.0025527 0.0024707 0.0034389 0.0006983 0.0034964 0.0018552 0.18186 -0.035804 0.18495 0.064459 0.33546 -0.15952 0.40516 0.22858 0.0092452 0.0033523 0.0094411 0.0038457 0.0012493 -0.00073895 0.0033177 0.0019679 0.072425 0.018537 0.077829 0.030206 0.45749 0.14263 0.45749 0.14486 0.0058457 -0.0029961 0.0075638 0.0049485 0.00059087 -0.00030338 0.00059087 0.00031206 0.042238 0.0056699 0.042238 0.0075593 0.036804 -0.0012621 0.036849 0.004281 -0.00051948 -0.001078 0.0010808 0.0017189
-0.00029296 8.4955e-06 0.00067218 0.00051541 0.0051159 0.0069524 0.0058104 0.0084197 0.047128 0.01907 0.047128 0.02005 0.0004402 -3.4619e-06 0.00059544 0.00091711 0.0038405 0.001685 0.0043527 0.0025804 -0.050608 -0.048413 0.12396 0.093932 0.40292 -0.034161 0.4834 0.089563 0.003208 0.0007259 0.0033415 0.0011696 0.012207 0.014315 0.013696 0.014505 -0.12666 -0.02093 0.17996 0.065684 0.48799 0.011386 0.50352 0.048005 0.0018477 0.0015387 0.001865 0.0023456 -0.00020121 0.0022733 0.010237 0.0032231 -0.025358 -0.00013513 0.026929 0.005647 0.071721 0.0035085 0.074131 0.0049628 0.00030762 -0.0001895 0.00031311 0.00035554
-0.0076072 -0.0042889 0.007621 0.0042917 0.023648 0.0077404 0.045658 0.015457 0.050825 0.015392 0.050825 0.015842 0.0022535 0.0013108 0.002255 0.0013108 -0.032831 0.011769 0.039362 0.013541 0.34484 0.034231 0.51045 0.1136 0.18759 0.070934 0.18759 0.070934 0.0085519 0.0013262 0.0087634 0.0030364 -0.020129 -0.0093623 0.029411 0.047702 0.34536 -0.075462 0.49645 0.10864 0.22845 -0.056712 0.22845 0.071871 0.0087333 0.002461 0.0087333 0.0040019 -0.0036096 -0.0039446 0.0036325 0.0047909 0.0013015 -0.0056953 0.021624 0.017688 0.074186 -0.034439 0.074601 0.034553 0.0016415 -0.00018239 0.0016415 0.0004348
0.0025602 0.0041581 0.00358 0.0044696 -0.013965 0.0049743 0.018303 0.014101 0.058576 0.010786 0.06076 0.014006 0.0034022 0.00063452 0.0034022 0.00087515 0.0025021 0.0016826 0.019973 0.03253 -0.073757 -0.065299 0.097096 0.1398 0.52271 -0.013391 0.52271 0.089755 0.01733 0.002614 0.01733 0.0051286 -0.0054774 -0.008187 0.014591 0.029738 0.0088513 0.057751 0.11162 0.20017 0.39992 -0.0058817 0.40848 0.070388 0.032136 -0.0023182 0.032136 0.006978 0.0013911 0.0014482 0.0025684 0.0035671 0.0040708 0.016336 0.020865 0.024306 0.042501 0.0057896 0.042871 0.012022 0.006674 -0.0004975 0.006674 0.00074944
-0.0039122 0.0014771 0.0051788 0.0039224 0.038125 -0.029895 0.043825 0.033695 0.045969 -0.011898 0.046323 0.012679 -0.00025019 -0.00030111 0.00027701 0.00067893 -0.015246 0.0031388 0.039305 0.02179 0.063408 0.074021 0.15845 0.13016 0.43756 -0.1573 0.43847 0.16421 -0.00076536 0.00025277 0.0024937 0.0028307 -0.0076097 -0.0063265 0.029536 0.017461 0.027309 0.048776 0.15218 0.38525 0.35179 0.024959 0.35179 0.26235 0.0036797 -0.002854 0.0042647 0.0047424 0.0027105 -0.0002488 0.0083672 0.0025528 -0.0051397 0.016029 0.029733 0.026073 0.04696 0.021524 0.050218 0.024574 0.00045167 -6.0121e-05 0.00045167 0.00020931
0.0089146 0.0042175 0.009676 0.0065193 -0.030166 0.011521 0.07741 0.02399 0.02739 0.052687 0.048075 0.05727 -0.0017172 0.0058583 0.0046708 0.0062564 -0.010344 0.011162 0.018816 0.017045 -0.28396 -0.10461 0.49359 0.2954 0.34485 -0.021038 0.34485 0.09994 -0.030681 -0.0035841 0.030681 0.0055077 -0.02182 -0.0012028 0.023767 0.010482 -0.068348 0.11798 0.1602 0.37054 0.10277 -0.11248 0.14699 0.25708 -0.027497 -0.016102 0.027497 0.017674 -0.005444 -0.0044177 0.0056292 0.0068476 0.0011646 -0.00049337 0.012803 0.075381 0.012844 0.055771 0.032008 0.057099 -0.0080506 -0.0031968 0.0085914 0.0033911
0 0 0 0 -0.045383 -0.0015504 0.045383 0.0051956 0.047422 -0.00025279 0.047427 0.002269 5.1296e-06 2.7355e-06 5.1296e-06 2.7355e-06 -0.00015589 -0.00010292 0.00015589 0.00010292 -0.34174 -0.0039172 0.34174 0.0066487 0.35449 -0.0087924 0.35449 0.012445 0 0 0 0 -0.00016491 0 0.00016491 0 -0.34492 -0.011921 0.34516 0.027078 0.35826 0.010184 0.35826 0.028809 0 0 0 0 5.2222e-06 -2.8761e-06 1.802e-05 0.00013293 -0.046958 0.00066733 0.046958 0.0019824 0.050532 -0.002177 0.050544 0.0022223 2.9477e-07 -1.313e-05 5.1763e-06 1.313e-05
-0.0006134 -7.4492e-05 0.00073909 0.00032714 -0.037505 -0.0011098 0.042054 0.0051754 0.057713 -0.0055305 0.057713 0.010539 7.5899e-05 -3.7852e-05 0.00016291 8.8003e-05 -0.0065705 -0.0021697 0.0070948 0.003157 -0.27988 -0.0022796 0.29569 0.048332 0.41388 -0.0034484 0.41388 0.049332 0.00038376 2.1883e-05 0.0011223 0.00043885 -0.011773 -0.0030584 0.011927 0.0039339 -0.2453 -0.012069 0.24854 0.064314 0.4103 0.014539 0.4103 0.067705 0.00046066 0.00029829 0.0013234 0.00039363 -0.0032342 -0.00070447 0.0032423 0.0007467 -0.026243 -0.00042121 0.026243 0.0083682 0.057338 -0.003019 0.061362 0.013607 0.00016117 -7.0727e-05 0.00020478 7.2302e-05
0.0013761 -0.00018819 0.0013761 0.00036172 -0.033934 -0.013987 0.035776 0.016775 0.029053 0.0046067 0.041574 0.023019 0.0032659 0.003379 0.0032702 0.003379 0.017908 -0.0044452 0.01794 0.005064 -0.25402 -0.030615 0.29984 0.12247 0.36017 0.01097 0.47132 0.082353 0.01373 0.0058646 0.013779 0.0059844 0.028515 -0.0058164 0.028609 0.0069371 -0.24579 0.023824 0.27731 0.051935 0.3603 -0.040186 0.39792 0.11334 0.0089534 -0.0019778 0.0089534 0.0047065 0.0015529 0.0019577 0.0020484 0.0047291 -0.044079 0.05339 0.073247 0.074795 0.021688 0.0060949 0.034256 0.029863 0.0082921 -0.00515 0.0082921 0.0051714
-0.0023899 0.0029256 0.0070386 0.0042431 0.060206 -0.0090766 0.071912 0.031088 0.00069851 -0.0014145 0.005018 0.0030587 -0.00056316 0.00031142 0.00056316 0.00050602 -0.1236 0.037401 0.1246 0.043524 0.30394 0.080338 0.36586 0.4081 0.10929 0.0040017 0.11416 0.061577 -0.0030406 -0.00033663 0.0030406 0.0021804 -0.13904 -0.0084275 0.13904 0.01918 0.35118 -0.066786 0.56249 0.17343 0.018001 -0.0031473 0.037729 0.020552 -0.0001454 -0.00096933 0.00249 0.0026685 -0.012464 -0.0033454 0.012464 0.0055308 0.056533 0.015639 0.087681 0.028947 -0.0026763 0.0002714 0.0035158 0.0021167 5.8437e-05 -5.8142e-05 0.00019802 0.00033153
-0.0034768 -0.0018682 0.0047346 0.0022472 0.051182 0.0075547 0.061086 0.01524 0.021148 0.010517 0.021148 0.010517 0.00039312 0.0008142 0.00064681 0.00081737 -0.0071764 -0.0032778 0.033903 0.013928 0.44771 0.024779 0.53117 0.077033 0.10059 0.030464 0.10059 0.031779 0.0013227 0.0019285 0.0022679 0.0021852 -0.012694 0.0041835 0.027789 0.011697 0.44668 -0.044354 0.47775 0.10831 0.11736 -0.013033 0.11736 0.028748 0.0019281 -0.0004453 0.0025905 0.0024535 -0.0043581 0.0021056 0.0056133 0.0029155 0.039607 -0.012507 0.043181 0.019001 0.042803 -0.01837 0.042803 0.01837 0.00031549 -0.00059645 0.00033162 0.00059645
0.00067436 0.0012965 0.002409 0.0036142 0.061058 -0.01034 0.069534 0.02704 0.0050889 -0.0014786 0.0088588 0.0027805 -0.0038751 0.0016524 0.0038812 0.0017383 0.014966 0.00064984 0.02379 0.045477 0.33473 0.062301 0.4496 0.28554 0.1478 0.023813 0.17064 0.067894 -0.0083127 0.0031245 0.0083239 0.0039041 -0.021886 0.0070987 0.041447 0.0099799 0.46056 -0.048802 0.51899 0.16128 0.060826 -0.013126 0.074582 0.035046 -0.0035815 -0.00029073 0.0035815 0.0019301 -0.00208 -0.00088225 0.0035163 0.0037908 0.060675 0.011323 0.065572 0.022562 0.0060037 -0.00021397 0.0089419 0.0034218 -0.00036567 7.6162e-05 0.0003739 0.00021257
0.0030345 0.0031731 0.0045765 0.0094066 0.014638 0.018644 0.015738 0.020488 0.0085202 0.0072073 0.0087997 0.0083655 0.00082861 0.001709 0.00084393 0.001709 -0.003989 0.014094 0.014459 0.014793 -0.20376 -0.11218 0.24221 0.14108 0.25618 -0.090659 0.31122 0.12701 0.014251 -0.0083055 0.014353 0.0087605 -0.010919 0.0045892 0.014582 0.011942 -0.33451 0.015213 0.40276 0.073851 0.40103 0.05494 0.46316 0.076372 -0.013424 -0.012243 0.034573 0.022501 0.00015105 -0.0011368 0.0011158 0.0011496 -0.034517 -0.014794 0.049676 0.028459 0.042144 -0.009145 0.064055 0.018001 -0.0032935 -0.0041382 0.0091251 0.007608
0.0002165 -0.00097484 0.0071722 0.0015477 -0.0066716 -0.019315 0.031099 0.037035 0.040348 -0.045516 0.042965 0.061685 0.0036431 -0.0022453 0.003667 0.0032059 0.014467 0.022611 0.033541 0.029197 0.092442 0.15998 0.32901 0.2974 0.08934 0.39725 0.25102 0.39938 0.015648 0.006393 0.016009 0.0080849 -0.01657 -0.013116 0.03907 0.037482 0.30979 -0.0010051 0.4688 0.14526 0.082316 0.013682 0.097248 0.043418 -0.0005223 0.00070437 0.0015779 0.0019674 -0.0006106 -0.0020797 0.004571 0.0042329 0.054409 0.0091279 0.057496 0.01685 0.0051744 0.0029787 0.0088201 0.0051297 -7.6473e-05 -2.9297e-05 0.00025619 0.00038155
0.0028069 -0.00066697 0.0044101 0.0028356 0.0121 -0.0021225 0.07727 0.022472 0.021548 -0.0026908 0.021947 0.0052103 -0.00012616 0.00041798 0.00025165 0.00044518 0.075937 -0.03539 0.083669 0.042026 -0.13326 -0.0091384 0.56696 0.11389 0.34486 -0.0042714 0.34486 0.065668 -0.00151 0.0024561 0.001553 0.0024561 0.046012 0.011555 0.083902 0.041566 0.010636 0.0783 0.41718 0.1261 0.28879 0.036209 0.28949 0.064955 -0.002517 0.00018501 0.002517 0.0020672 -0.0013526 0.0018116 0.0032583 0.0037462 0.021288 0.012501 0.023763 0.014729 0.018697 -6.4677e-05 0.019064 0.0047009 -0.00012772 7.4323e-05 0.00020113 0.00013603
-0.0011533 -0.00062909 0.0011533 0.00078908 0.0020432 -0.0069701 0.062808 0.021439 0.0097115 -0.012936 0.033414 0.015757 2.5535e-05 -0.0042098 0.0016694 0.0042098 -0.0157 -0.08263 0.021195 0.08263 -0.13147 -0.057957 0.28712 0.18111 0.28462 -0.053064 0.50214 0.088343 -0.029227 -0.0015008 0.032079 0.033252 0.0034655 0.047564 0.077999 0.088302 0.15319 0.070866 0.31929 0.41729 0.20015 0.13644 0.27231 0.1683 -0.019672 0.037287 0.022039 0.043163 0.0016915 0.0016444 0.0037941 0.011108 0.031016 0.063654 0.031968 0.068161 -0.00071783 0.0012459 0.0019696 0.0071008 -0.00027289 -0.00057085 0.00030026 0.0007401
0.0029138 0.00041986 0.0033025 0.0015625 0.04147 0.00073719 0.056659 0.013765 0.034215 0.0067503 0.034215 0.0067503 0.00099127 0.00058276 0.00099127 0.00058531 0.0046176 -0.0079591 0.01806 0.02103 0.42181 0.022854 0.49844 0.069371 0.16795 0.034274 0.16795 0.035158 0.0046694 0.0019487 0.0046694 0.0023196 -0.0042169 0.0028475 0.013413 0.024293 0.43068 -0.031367 0.46842 0.091896 0.19397 -0.01922 0.19453 0.037494 0.0032315 -0.00054949 0.0032445 0.0011276 -0.00060335 0.0016752 0.0022452 0.0035376 0.03746 -0.0031593 0.040393 0.014493 0.050724 -0.0094654 0.050724 0.0098932 0.00028045 -2.4312e-05 0.00028045 0.00030821
0.0020645 0.0016186 0.0053684 0.0026168 0.0024175 -0.012976 0.035633 0.027723 0.060119 -0.026516 0.060303 0.034269 -0.00023911 -6.8184e-05 0.00025533 0.00027975 0.01201 0.011437 0.045974 0.023142 -0.11307 0.073553 0.13521 0.17312 0.47867 -0.0006813 0.48101 0.089382 -0.0011575 0.00094992 0.0021004 0.0031622 -0.011265 -0.013097 0.043955 0.019646 0.021935 0.020967 0.13192 0.35972 0.34108 0.072987 0.34108 0.22717 0.0016386 -0.0013646 0.0034289 0.002553 0.0011831 0.0021671 0.0070397 0.0032457 -0.0056525 0.038225 0.028762 0.043591 0.052144 0.022728 0.05217 0.023377 0.00052247 -0.0005788 0.0005836 0.00064373
-0.0049479 -0.00028038 0.004992 0.0018375 0.053213 -0.005446 0.072994 0.015016 0.0055703 0.00087612 0.0077691 0.0037111 -0.00016464 0.00013495 0.00029085 0.00023575 -0.042315 -0.0049865 0.042315 0.008131 0.42747 0.003501 0.53431 0.083524 0.018459 0.00051663 0.024943 0.013418 -0.0021115 -0.00017623 0.0025134 0.0014863 -0.038639 -0.0091064 0.038639 0.014698 0.46629 -0.01227 0.52231 0.074601 0.013212 0.0083625 0.030499 0.017894 -0.0014303 0.001726 0.0018173 0.0019483 -0.0081145 0.00067812 0.0081145 0.00097164 0.069478 0.012263 0.072799 0.015077 0.00042914 0.00076607 0.0031444 0.0014467 -7.661e-05 4.8889e-05 8.882e-05 8.3928e-05
-0.00032318 -7.5583e-05 0.0053352 0.0028787 0.016594 0.0075239 0.024868 0.014637 0.068292 0.014603 0.068292 0.014675 0.001013 0.0001202 0.0010144 0.00027143 -0.01522 0.018573 0.03638 0.038701 0.10112 -0.017849 0.1412 0.1134 0.47404 -0.017402 0.47404 0.07348 0.0046636 -0.00058502 0.0046636 0.0012562 -0.06506 0.020301 0.069241 0.038427 0.12585 0.05546 0.16859 0.11634 0.44899 0.0087755 0.44899 0.05695 0.0037376 -0.0034351 0.0037519 0.0035139 -0.0096608 0.00759 0.0096623 0.0076518 -0.015609 0.026816 0.028764 0.031491 0.051157 -0.01348 0.051695 0.01514 0.00072787 -0.00099043 0.00072787 0.00099043
0.0013629 -0.00016238 0.0013629 0.0003958 -0.030274 -0.013509 0.032176 0.014735 0.019654 -0.0034472 0.040509 0.038295 0.0041671 0.0039448 0.0041671 0.0039448 0.01861 -0.0050252 0.018627 0.0056562 -0.29479 -0.072538 0.32013 0.11323 0.3534 0.012026 0.42953 0.080665 0.016695 0.007206 0.016706 0.007206 0.028801 -0.0063509 0.028978 0.0074728 -0.26358 0.053361 0.31377 0.082483 0.3359 -0.043696 0.38862 0.091435 0.012864 -0.0021694 0.012864 0.0042592 0.00077725 0.0011513 0.0010074 0.0026642 -0.035082 0.045996 0.066773 0.068401 0.014137 0.010661 0.038963 0.02739 0.0097547 -0.0059197 0.0097547 0.0059197
