0.00041534 0.010013 0.00089476 0.010183 0.0097408 0.00068039 0.038413 0.017451 0.049412 -0.010037 0.049412 0.010037 0 0 0 0 -0.028571 -0.018412 0.028571 0.019117 -0.13037 -0.0008214 0.19148 0.093946 0.47353 -0.10827 0.47353 0.10827 0 0 0 0 -0.022575 -0.012636 0.022575 0.015383 0.13133 0.25999 0.2967 0.3266 0.20683 0.20918 0.20683 0.20918 0 0 0 0 0.002415 0.0020339 0.0061488 0.0054827 0.023672 0.020878 0.023672 0.020878 0 0 0 0 0 0 0 0
0.00029312 0.0020602 0.0013916 0.0037545 -0.025875 -0.0014287 0.054902 0.022827 0.033258 -0.0083323 0.055801 0.015646 0 0 0 0 0.011859 -0.0035667 0.035239 0.015571 -0.2248 -0.027252 0.44865 0.1233 0.28828 -0.019029 0.36406 0.071857 0 0 0 0 -0.00018648 0.0020028 0.014255 0.041288 -0.21374 0.014825 0.42645 0.17107 0.3042 0.01648 0.36464 0.077018 0 0 0 0 0.00057151 -0.00036079 0.0015862 0.0010467 -0.033459 0.0072875 0.062467 0.016943 0.041287 0.0067169 0.052478 0.012389 0 0 0 0
4.4978e-05 6.5165e-05 0.00027069 0.00016114 0.00048994 -0.00061917 0.0014889 0.00093862 -1.2296e-05 0.00011301 0.0025542 0.00050039 0 0 0 0 0.0026935 0.0014957 0.019147 0.044323 -0.089319 -0.089802 0.15778 0.32331 0.15746 -0.10302 0.16847 0.18582 0 0 0 0 0.0062787 -0.0067834 0.019231 0.047173 -0.32165 -0.13034 0.43335 0.25853 0.42283 0.044814 0.42283 0.085867 0 0 0 0 -0.00012659 -0.0028276 0.0010177 0.0088703 -0.0013494 -0.0051481 0.073545 0.038986 0.03152 0.0083176 0.03152 0.0083507 0 0 0 0
-0.01025 -0.013173 0.01025 0.013176 0.01408 -0.00060011 0.025784 0.015077 0.029371 0.016744 0.029371 0.016744 0.0013229 0.00080387 0.0013229 0.00087983 -0.04586 0.0145 0.047899 0.023844 0.40296 0.03107 0.4246 0.17211 0.080914 0.028662 0.082096 0.044215 -0.0091257 -0.025552 0.01108 0.027598 -0.10261 0.042072 0.10311 0.042072 0.22809 -0.15989 0.26389 0.19338 -0.095297 -0.41826 0.11391 0.42997 -0.011523 -0.045537 0.014757 0.050122 -0.0026971 0.0019698 0.0026971 0.0019698 -0.031877 0.020964 0.038953 0.020964 0.0034522 0.012718 0.0041739 0.012718 0.0010272 0.002994 0.0011037 0.0030855
0.00035632 0.00049694 0.0018963 0.0064397 -0.029581 0.0012858 0.0579 0.040176 0.042005 -0.0021991 0.042005 0.013495 0 0 0 0 0.0001607 -0.0073027 0.010404 0.027997 -0.23936 -0.025205 0.40727 0.20827 0.32443 0.0091166 0.34229 0.094605 0 0 0 0 -0.00025852 0.0065828 0.0099844 0.014884 -0.23447 0.031101 0.37847 0.16211 0.32936 -0.040525 0.36879 0.092925 0 0 0 0 -0.001543 -0.0022246 0.005652 0.0028477 -0.032337 -0.0049404 0.050804 0.029805 0.045913 0.0072416 0.056637 0.016836 0 0 0 0
-0.00012173 0.0028811 0.003129 0.0063442 -0.011311 0.01278 0.080072 0.040329 0.040249 -0.0068301 0.040249 0.0068301 0 0 0 0 -0.0043958 -0.018758 0.018307 0.047672 -0.27528 0.060456 0.40122 0.25389 0.42527 -0.045466 0.42527 0.12095 0 0 0 0 0.0017175 0.022192 0.0080072 0.056635 -0.13108 0.15285 0.22422 0.23264 0.21572 0.078939 0.25993 0.18161 0 0 0 0 9.1214e-05 -3.6935e-05 9.1214e-05 9.1972e-05 0.00021701 0.00081739 0.00034961 0.00081739 0.00010494 0.000335 0.00010494 0.000335 0 0 0 0
3.191e-05 -0.0001933 0.00016631 0.00026978 0.00022904 -0.0010125 0.000396 0.0017103 0.00070286 -0.00061619 0.00099032 0.002035 9.7933e-05 -3.0146e-05 0.00012912 0.00049917 0.017973 -0.055539 0.018899 0.056284 -0.0088501 -0.40862 0.047531 0.41549 0.20828 -0.13439 0.29278 0.22431 0.0010096 0.0047182 0.0013632 0.0052441 -0.00099423 -0.001031 0.0016122 0.0026581 0.02839 -0.0079119 0.039516 0.022276 0.46421 0.060147 0.46553 0.067287 0 0 0 0 3.0914e-05 9.3177e-05 0.00051791 0.00058987 0.0015895 0.0035743 0.0028259 0.0044322 0.071243 0.0049421 0.071277 0.008365 0 0 0 0
0 0 0 0 -0.0047366 -0.0066935 0.0047366 0.0066935 0.0026418 -0.036732 0.011551 0.036732 -0.00015161 5.0917e-05 0.00015161 8.3342e-05 -0.096207 -0.010221 0.096207 0.012778 0.09576 -0.052483 0.27183 0.42245 0.043813 0.073805 0.27478 0.4408 0.038855 -0.043911 0.038874 0.04394 -0.10932 0.0057069 0.10932 0.0057069 0.37135 -0.024625 0.42753 0.059924 -0.13302 0.12523 0.13886 0.12589 -0.01854 0.0019218 0.053396 0.042805 -0.0072979 0.0012333 0.0072979 0.0012652 0.040918 -0.0012874 0.074072 0.011294 0.0012299 0.0023082 0.0049859 0.0027372 -0.0051294 0.0039884 0.0051365 0.0039884
-0.0020537 -2.4312e-05 0.0020537 5.5103e-05 0.03291 0.011912 0.088272 0.031351 -0.0028316 0.0045013 0.04056 0.016848 -0.00085319 0.0012396 0.0015692 0.0020115 -0.06818 -0.0045944 0.06818 0.0078439 0.27872 0.090477 0.49914 0.20712 -0.054204 0.022645 0.24925 0.19635 -0.0047601 -0.012702 0.015097 0.030814 -0.078996 -0.0007821 0.078996 0.0019494 0.27665 -0.11863 0.50841 0.13832 -0.073579 -0.032549 0.16236 0.26577 0.013532 -0.00077999 0.018964 0.038651 -0.011527 8.193e-05 0.011527 0.00028863 0.030686 0.014995 0.075196 0.021373 0.0067329 -0.0056938 0.034968 0.011952 0.0012259 0.00039768 0.0066173 0.00083607
0 0 0 0 -0.035654 -0.016653 0.060534 0.023602 0.043904 0.014377 0.04402 0.014504 0.00058973 -0.00015045 0.00058973 0.00015045 -0.0056194 -0.0037896 0.0056194 0.0037896 0.14013 0.0095291 0.66681 0.19527 0.065404 0.023213 0.069131 0.025772 -0.00076511 -0.013302 0.0078882 0.013302 -0.017154 -0.0048341 0.022553 0.015468 0.1483 -0.02891 0.6141 0.19481 0.090443 -0.042032 0.10665 0.042032 -0.042593 -0.015593 0.059721 0.016897 0.0029934 0.0012205 0.0051883 0.0019389 -0.023444 0.024142 0.066011 0.028524 0.027383 -0.011163 0.033924 0.011163 -0.008331 -0.0020963 0.01227 0.0029139
-0.00032669 -0.00077859 0.0003642 0.00083671 0.023587 0.012366 0.024699 0.030327 0.043122 -0.027213 0.051378 0.047201 0.0018656 -0.0012597 0.0018656 0.0012597 -0.013273 0.0035472 0.01367 0.0073471 0.084538 -0.074154 0.11366 0.14634 0.23957 -0.056799 0.46717 0.23312 0.055137 -0.0095836 0.055177 0.01228 -0.017117 0.0044913 0.017117 0.0063102 -0.010352 0.033242 0.026468 0.033242 0.36476 0.10279 0.64447 0.15307 0.04915 0.01169 0.04919 0.011735 -0.0019216 -0.00027771 0.0019382 0.00050075 0.0097571 0.0045487 0.013291 0.0070306 0.050077 0.00039081 0.092848 0.02577 0.0034897 0.000781 0.0035022 0.000781
-0.0096299 0.0016183 0.0096299 0.0017565 0.020854 -0.012313 0.08013 0.019095 0.0096838 0.010174 0.027885 0.024829 0.0013652 4.8743e-05 0.0048572 0.0032381 -0.032618 -4.7923e-06 0.032618 0.0010138 0.16256 -0.01488 0.55875 0.13637 -0.013643 0.084783 0.16351 0.22871 0.0052009 0.0028951 0.034927 0.013758 -0.032568 0.00010518 0.032568 0.00073734 0.16258 0.029343 0.6082 0.2314 -0.020005 -0.12361 0.028572 0.24907 -0.0055708 -0.010442 0.021813 0.034984 -0.0048167 -1.8115e-06 0.0048167 4.6305e-06 0.021859 0.0040933 0.082564 0.020449 -0.0031575 0.023241 0.0048976 0.041673 0.00099512 0.0031661 0.0015656 0.0064112
-0.00134 -3.7695e-05 0.00134 6.9747e-05 0.013883 -0.012545 0.085894 0.025533 -0.0019358 0.0037079 0.0043103 0.02776 0.0028825 -0.0017216 0.0039313 0.0050841 -0.0048834 0.0010371 0.0048834 0.0011163 0.1017 0.034045 0.55531 0.21042 -0.0017448 0.11408 0.01625 0.39647 0.0063554 -0.00047555 0.039329 0.021539 -0.00072412 0 0.00072412 0 0.14409 -0.012478 0.56474 0.22025 -0.029834 -0.046722 0.036761 0.22211 0.0051635 -0.00070396 0.044029 0.013077 -5.8292e-05 1.4248e-05 5.8292e-05 4.3114e-05 0.013597 0.015307 0.071412 0.04061 -0.0043409 -0.018996 0.0055778 0.046615 0.0014006 0.00035834 0.0045349 0.0025866
-0.015722 -0.00011854 0.015722 0.00058058 0.046854 -0.014117 0.057383 0.03563 -0.00031676 0.013989 0.001589 0.019951 -0.0025303 0.0007021 0.0066716 0.0029247 -0.11003 -0.00014034 0.11003 0.0028616 0.30824 -0.020696 0.46627 0.22599 -0.0047996 0.069738 0.016122 0.33343 -0.011733 0.0072314 0.04317 0.029411 -0.089691 0.0083763 0.089691 0.011785 0.21923 0.1586 0.42468 0.33896 -0.0005046 -0.064444 0.013822 0.30537 -0.0069695 0.00052699 0.030635 0.034002 -0.00024882 0.00011591 0.00024882 0.00012432 0.00029417 0.0015992 0.00070431 0.0021299 3.2722e-05 -0.0005857 0.00044775 0.0012252 -0.00011129 5.2365e-05 0.00016574 0.00020054
-0.010589 -0.0040729 0.010589 0.0060781 0.020076 -0.027862 0.035699 0.083091 0.0013438 -0.031734 0.01068 0.10396 0.0054467 -0.0018998 0.0055741 0.0059051 -0.070961 0.012365 0.10026 0.057542 0.23076 0.073638 0.38602 0.28893 0.029381 0.090139 0.27544 0.2692 0.008205 0.0069751 0.0085234 0.0087176 -0.075262 -0.0099693 0.10937 0.048258 0.26967 -0.060543 0.43824 0.26581 0.019681 -0.028695 0.26636 0.25954 0.0014539 0.00096495 0.0014539 0.0014591 -0.01288 0.0044278 0.013052 0.0080233 0.048633 -0.0059301 0.07987 0.026284 -0.0045042 -0.0068477 0.044038 0.021123 0.00041476 1.122e-05 0.00041476 0.0001058
-0.01202 -0.00026012 0.01202 0.00061132 0.039631 -0.00728 0.079098 0.026231 -0.013871 0.013367 0.027059 0.040102 -2.6691e-06 -0.0042059 1.279e-05 0.0042059 -0.08882 0.00037802 0.08882 0.0027009 0.31929 0.054001 0.50033 0.21472 -0.087517 0.017996 0.10168 0.27492 0.0014564 0.0064334 0.0020747 0.045545 -0.089362 -0.00063844 0.089362 0.0011637 0.30457 -0.05536 0.48147 0.17677 -0.075478 -0.035428 0.22118 0.18529 -0.0017398 0.0064423 0.010434 0.040984 -0.012922 -0.00071071 0.012922 0.0011135 0.039599 -0.015147 0.056911 0.036367 0.0053923 -0.0059038 0.039019 0.0099951 -0.00090018 -0.00083112 0.001295 0.0012391
0.00064884 0.001328 0.0044949 0.0030278 -0.0385 0.006199 0.04606 0.024336 0.049025 0.0044953 0.049025 0.012302 0 0 0 0 0.0059194 0.0014827 0.029876 0.020374 -0.263 0.047221 0.34037 0.15562 0.32969 -0.017322 0.33402 0.15011 0 0 0 0 -0.0019228 -0.0030373 0.027592 0.032758 -0.27961 -0.014471 0.34512 0.22828 0.3491 -0.0077619 0.36801 0.1399 0 0 0 0 -0.000138 -0.0011658 0.00036407 0.008813 -0.024991 -0.0034307 0.031255 0.040446 0.034652 0.0077022 0.040671 0.014545 0 0 0 0
0.0024425 -0.0059104 0.0025257 0.0062355 0.045387 -0.084679 0.045481 0.084679 0.0013467 -0.00068992 0.0013467 0.0014271 0 0 0 0 -0.0054715 0.013314 0.010068 0.02496 0.49744 0.11913 0.53361 0.18906 0.046937 0.0016715 0.047601 0.023832 0 0 0 0 0.00061213 0.015382 0.0076919 0.015382 0.30136 -0.074706 0.48406 0.15992 0.11369 -0.033541 0.11436 0.035382 0 0 0 0 -0.00083019 0.00053341 0.00090365 0.00083825 0.015617 -0.0012505 0.063373 0.015657 0.041663 -0.0092786 0.041663 0.0093293 0 0 0 0
-0.013204 -0.0043972 0.013204 0.0085805 0.048859 -6.3927e-05 0.080398 0.029532 -0.0048253 0.009296 0.045202 0.020192 0.00023044 0.00038563 0.00042321 0.00055809 -0.07349 0.0088487 0.11776 0.049411 0.27257 0.061254 0.44824 0.25638 0.020298 0.029752 0.26431 0.26911 0.0010026 0.00029985 0.00107 0.00073568 -0.076288 -0.017189 0.099427 0.056361 0.23226 -0.07418 0.38897 0.28081 0.060179 -0.068121 0.27185 0.26823 0.000671 0.00011114 0.000671 0.00011114 -0.012131 0.001845 0.012775 0.0030317 0.018234 0.025012 0.088623 0.041079 0.025811 0.014391 0.044633 0.025237 -7.8066e-07 -2.4855e-05 1.4654e-05 3.2261e-05
-0.0066783 0.0042846 0.015143 0.0066579 0.016829 0.024116 0.066367 0.038616 0.00237 0.0015187 0.018674 0.060238 0.0040657 0.0022812 0.0041949 0.0023983 -0.051806 -0.017926 0.062396 0.022146 0.26265 -0.0048808 0.51386 0.19525 -0.078265 0.061779 0.2536 0.22515 0.030274 -0.012331 0.038067 0.013713 -0.045565 0.013401 0.096332 0.052466 0.21403 0.019911 0.472 0.2107 -0.043908 0.010877 0.31422 0.21134 0.024502 0.0033131 0.034333 0.013539 -0.0075051 0.0070142 0.016818 0.0149 0.027509 -0.016576 0.041519 0.033328 -0.0099292 -0.028818 0.0121 0.043717 0.006377 0.0011297 0.0064803 0.0023463
-0.0037692 -0.00059028 0.004043 0.0015033 -0.038412 0.0048331 0.047663 0.027187 0.053596 -0.0045436 0.053596 0.0087575 0 0 0 0 -0.024636 -0.00073285 0.024636 0.006726 -0.27524 0.027805 0.35403 0.19666 0.36141 0.012551 0.36141 0.10373 0 0 0 0 -0.020686 -0.0027965 0.025931 0.01773 -0.24912 -0.035749 0.29925 0.24209 0.34732 -0.0025566 0.34732 0.12972 0 0 0 0 0.00011388 0.0030658 0.0006377 0.0035134 -0.01315 0.035956 0.01632 0.035956 0.017245 0.022417 0.017245 0.022417 0 0 0 0
-0.0059574 0.0039408 0.0059574 0.0041847 0.0097808 -0.01158 0.033165 0.03039 0.044415 -0.028291 0.044415 0.028318 0 0 0 0 -0.0051746 0.011385 0.0065119 0.013144 -0.27107 0.062463 0.27497 0.062723 0.43461 -0.022661 0.43461 0.063642 0 0 0 0 -0.0050492 9.6429e-05 0.0050492 0.00079217 -0.25849 0.030084 0.25849 0.035513 0.39148 0.033651 0.39148 0.033651 0 0 0 0 -0.00079992 -3.1947e-05 0.00081041 7.4628e-05 -0.032734 0.0017291 0.032734 0.0030178 0.053172 0.0037566 0.053172 0.0037566 0 0 0 0
-0.0065097 0.0049508 0.0065185 0.0053892 0.0097053 -0.0082163 0.02606 0.020916 0.056319 -0.0055166 0.062852 0.01907 0 0 0 0 -0.060622 0.0077858 0.061421 0.0088446 -0.093234 0.028812 0.13745 0.037951 0.46518 -0.034533 0.50451 0.073311 8.9575e-05 1.6268e-05 8.9575e-05 8.9575e-05 -0.061333 -0.001567 0.061358 0.0027141 -0.10947 0.036576 0.10947 0.039168 0.46409 0.032877 0.46409 0.034007 0 0 0 0 -0.0089053 -0.00028437 0.0089202 0.0003003 -0.013015 0.0043583 0.013015 0.0049203 0.063887 0.0060094 0.063887 0.0060094 0 0 0 0
0.0048636 -0.0095006 0.0048943 0.009546 0.0221 -0.045402 0.0221 0.045402 9.5218e-05 -0.00030397 9.5218e-05 0.00030397 0 0 0 0 -0.01094 0.021175 0.020827 0.027281 0.46367 0.035111 0.51904 0.28592 0.019806 -0.00062755 0.019806 0.0097491 0 0 0 0 -0.019313 0.015723 0.024372 0.015733 0.31031 -0.063681 0.54457 0.10654 0.06322 -0.013282 0.06322 0.013533 0 0 0 0 -0.0036437 0.00024137 0.0036437 0.0004677 0.022238 -0.003593 0.065962 0.0090284 0.02822 -0.0046862 0.02822 0.0046862 -4.1134e-06 -1.1673e-06 4.1134e-06 2.1826e-06
-0.0025536 0.0001918 0.0025536 0.00060953 0.011421 -0.0064616 0.028196 0.0066315 0.064835 -0.0084832 0.064835 0.0085814 0 0 0 0 -0.02559 0.0037296 0.02559 0.0072019 -0.025381 -0.0087797 0.10622 0.034144 0.53528 -0.069697 0.53528 0.069992 0 0 0 0 -0.029755 0.00011183 0.029755 0.008729 0.12328 0.046343 0.2137 0.075237 0.35303 0.060815 0.41476 0.11147 0.0002183 -0.00012005 0.0002183 0.00012005 -0.0063313 0.0027441 0.0075033 0.0033465 0.040785 0.033243 0.046493 0.04099 0.032155 0.022125 0.032155 0.022125 6.2075e-05 6.2075e-05 6.2075e-05 6.2075e-05
-0.0030952 -0.0001489 0.0031726 0.001401 -0.034557 -0.00029015 0.040658 0.032436 0.047329 -0.00079343 0.047329 0.0097697 0 0 0 0 -0.02573 -0.00097627 0.02573 0.0088006 -0.27221 0.034941 0.34558 0.18169 0.36574 0.011016 0.36574 0.10003 0 0 0 0 -0.027656 0.00043208 0.027656 0.0077385 -0.25989 -0.02836 0.34235 0.1954 0.34557 -0.013081 0.34557 0.10812 0 0 0 0 -0.0029778 -1.659e-05 0.0039426 0.0026476 -0.03308 0.0035478 0.038272 0.034356 0.047345 0.0072651 0.047345 0.018579 0 0 0 0
-1.1663e-05 -7.8426e-05 0.00042609 0.0001998 -0.00043078 -0.0042111 0.0013668 0.0042111 -0.00024975 -0.0067431 0.002041 0.0067431 -5.242e-05 -0.00031505 0.00019173 0.00036365 0.0034049 0.0052821 0.02343 0.077597 0.071848 -0.0069664 0.31641 0.39959 -0.0097401 0.0042779 0.37654 0.30662 0.00018912 0.00083559 0.001481 0.0011537 0.021409 -0.0034634 0.03453 0.0065303 0.096883 -0.012327 0.47345 0.097004 -0.099117 0.03723 0.42694 0.091235 0.0021605 -0.00074739 0.0036172 0.0017977 0.003315 -0.0048493 0.0060751 0.011821 -0.017199 -0.050324 0.063952 0.10344 0.0083966 -0.095229 0.050897 0.12677 0.0056474 -0.0018009 0.0057139 0.0023903
0.0042298 -0.00090033 0.0087313 0.0058776 0.0013284 -0.0024959 0.0029047 0.0030594 -0.00010155 -0.0055025 0.00119 0.0055025 -0.00015626 -0.0015911 0.00026416 0.0015911 0.021907 -0.015207 0.078284 0.035222 0.02431 -0.035633 0.3195 0.30821 -0.051671 0.0197 0.32338 0.35772 -0.012001 0.011988 0.028827 0.042882 -0.010412 0.0015065 0.081645 0.0047058 0.19338 -0.016661 0.51008 0.040978 -0.091907 0.032614 0.4341 0.067404 -0.013094 0.0028314 0.023843 0.0063996 -0.0046832 -0.0033062 0.0088172 0.014112 0.010579 -0.043959 0.047461 0.11619 -0.015278 -0.093871 0.037692 0.12256 -0.0028996 -0.017921 0.008041 0.024571
-0.00028224 -0.00083561 0.00048271 0.00087754 0.06518 -0.021843 0.06518 0.021843 0.009345 -0.0036669 0.0094337 0.0038121 5.988e-06 2.8253e-05 9.6086e-06 2.8253e-05 -0.001173 -0.0080954 0.0044979 0.0085904 0.27258 -0.069966 0.44828 0.16315 0.27112 -0.08919 0.27112 0.089518 0 0 0 0 -0.0056155 0.0077305 0.0058178 0.008072 0.2033 0.1284 0.42648 0.2159 0.32586 0.064485 0.32586 0.09112 0 0 0 0 0.0027134 0.0012345 0.0031501 0.0015367 0.0476 0.018235 0.073116 0.028597 0.011019 0.0056904 0.011019 0.0056904 0 0 0 0
-0.0041145 0.0030442 0.0041145 0.0030442 0.00665 -0.011671 0.038584 0.032707 0.038306 -0.030242 0.038314 0.030647 0 0 0 0 -0.011591 0.0072893 0.011721 0.0072893 -0.31109 0.088867 0.31866 0.10109 0.40612 -0.026702 0.40612 0.04791 0 0 0 0 -0.0026951 9.7092e-05 0.002759 9.7092e-05 -0.30225 0.032217 0.30225 0.032805 0.34607 0.024512 0.35966 0.024512 0 0 0 0 -0.00038478 6.5293e-06 0.00046039 6.2668e-05 -0.03826 0.0027487 0.03826 0.0028248 0.044253 0.0023726 0.051509 0.0023726 0 0 0 0
0.0034463 -0.0001462 0.0073348 0.0020491 0.032372 -0.02051 0.081228 0.029934 0 0 0 0 0 0 0 0 0.023953 0.011236 0.033637 0.025298 0.2436 0.10894 0.63595 0.12437 0.0018018 0.00015515 0.0018018 0.00057738 0 0 0 0 0.0203 -0.011143 0.036373 0.020528 0.22494 -0.064216 0.62795 0.18689 0.0006122 -5.6059e-05 0.0006122 0.0006122 0 0 0 0 0.0034354 0.000154 0.0067582 0.0020613 0.034572 -0.0095479 0.094602 0.028736 0.00043261 -0.00015426 0.00043261 0.00015426 0 0 0 0
-0.00039862 -8.0985e-05 0.00048623 0.00031478 0.070273 0.008449 0.070636 0.0089057 0.002141 0.0016991 0.0031652 0.0023953 0.00027082 -5.3277e-05 0.00033705 0.00020727 -0.0014211 -0.0017847 0.0026489 0.0041613 0.49226 0.030279 0.49376 0.042125 0.0047264 0.0029605 0.016012 0.0086263 0.0028221 0.00085001 0.0028863 0.00087549 -0.00054612 0.035181 0.0044847 0.035303 0.45442 0.13103 0.45852 0.25216 0.008101 0.0035489 0.019653 0.0087948 0.0019058 0.00067528 0.0026696 0.001423 0.00025063 0.0012332 0.00028449 0.0012345 -0.0031782 0.0050091 0.0035172 0.0050091 -0.0031309 0.0017321 0.0052284 0.002087 0.00021458 0.00021553 0.00035226 0.00022486
-0.012443 -0.0029658 0.012845 0.0051855 0.035861 0.003456 0.081801 0.042751 0.0075674 0.011281 0.032016 0.047174 0.00033163 3.5293e-05 0.00033163 0.00019914 -0.066821 0.0027585 0.11086 0.046339 0.22021 0.015226 0.38936 0.28055 0.04501 0.021911 0.27707 0.26828 0.0012321 8.1919e-05 0.0012321 8.1919e-05 -0.089521 -0.0063474 0.095491 0.038156 0.14221 -0.023003 0.49325 0.32643 0.16402 -0.068723 0.24012 0.22385 0.00090621 -0.00010993 0.00090621 0.00054153 -0.010732 -0.0034449 0.010946 0.00874 0.025363 0.019324 0.045963 0.046551 0.012309 0.0070673 0.041888 0.031439 7.1644e-05 -0.00010113 8.0811e-05 0.00012559
-0.0044001 0.006263 0.0083506 0.0093495 0.038561 0.0056984 0.080598 0.01919 0.0039326 0.015011 0.010686 0.016486 -0.0035437 0.0010744 0.010079 0.0036005 -0.041598 0.013428 0.065603 0.063746 0.17216 0.04002 0.53192 0.15727 0.036287 -0.25261 0.075635 0.26616 -0.003409 0.0074515 0.053323 0.034229 -0.0045709 -0.01563 0.061078 0.052115 0.16819 -0.0011703 0.50655 0.17457 0.028307 0.26932 0.090905 0.28302 0.0024504 -0.0087498 0.047372 0.028685 0.00014512 -0.0046115 0.0082887 0.0079075 0.032951 -0.0049629 0.076881 0.024848 -0.0016415 -0.016823 0.009396 0.022202 -0.0021866 -0.00045573 0.0093889 0.0026637
0.0033201 -0.00085576 0.00542 0.003395 0.034645 -0.00068773 0.092245 0.023546 0.00023077 6.9662e-05 0.00023077 0.00012518 0 0 0 0 0.022595 0.0060413 0.042378 0.01769 0.22929 0.068994 0.65251 0.20512 0.00060698 5.5581e-05 0.00060698 0.00060698 0 0 0 0 0.023442 -0.0056615 0.041074 0.015141 0.22067 -0.057464 0.60326 0.18185 0 0 0 0 0 0 0 0 0.0035149 0.0004217 0.005924 0.0028277 0.034245 -0.0077333 0.090901 0.028406 5.8273e-06 -5.8273e-06 5.8273e-06 5.8273e-06 0 0 0 0
-0.0023176 0.00070964 0.0023176 0.00072462 0.012738 -0.010526 0.066922 0.029868 0.0049481 -0.0080447 0.027831 0.019807 0.0062758 -0.00014657 0.0062758 0.00095157 -0.0016851 8.9601e-06 0.0016851 0.00019529 0.06005 -0.040688 0.59795 0.18594 0.016856 0.04713 0.18033 0.32836 0.028295 -0.0052795 0.028295 0.011154 -0.0014148 2.4766e-05 0.0014148 0.00046562 0.074333 0.073874 0.53644 0.1766 0.0018733 -0.012227 0.26892 0.17939 0.041051 0.0025527 0.041101 0.0083557 -9.2124e-05 4.0606e-05 9.2124e-05 4.0606e-05 0.0071193 -0.01268 0.085852 0.025697 -0.0022696 -0.017417 0.0035181 0.066047 0.0046286 -0.0005887 0.0052695 0.0027752
0.0089805 0.003192 0.0089845 0.0036211 0.097828 0.058385 0.097828 0.059884 0.0073611 0.0017276 0.013165 0.0077524 0.00094243 0.00059495 0.0010244 0.00064484 0.12699 -0.0049296 0.12737 0.038503 0.29472 -0.2339 0.29472 0.32702 0.21554 -0.12886 0.24866 0.15122 -0.00012908 -8.9807e-05 0.00078241 0.00034292 0.091982 -0.0088228 0.094573 0.021091 0.25116 0.086678 0.3063 0.14415 0.34414 0.034232 0.34652 0.062968 0.0011764 -0.0015394 0.0045489 0.0045827 0.0038985 0.0032035 0.0047096 0.0035743 0.056903 -0.0031589 0.057403 0.0070357 0.037968 -0.0028205 0.037968 0.0065938 0.00028719 -0.000292 0.0005584 0.00043393
-0.0036855 -0.0011398 0.0036855 0.0016147 -0.0019718 -0.0064303 0.0052284 0.0064303 0.076319 -0.004064 0.076319 0.0046808 -0.00030226 0.00028148 0.00050829 0.00050249 -0.033823 0.00019731 0.033823 0.0065894 0.019303 -0.039638 0.030711 0.047222 0.50793 -0.038722 0.50793 0.038722 0.0034587 0.00024536 0.0039431 0.00042821 -0.033819 -0.0076654 0.033819 0.010843 0.21996 0.0022902 0.24172 0.092886 0.32132 0.042318 0.46821 0.085762 0.0060925 -0.00057777 0.0060925 0.00067392 -0.0014594 -0.00055332 0.0014594 0.00066745 0.046366 0.024598 0.054745 0.030088 0.031852 0.017277 0.061327 0.019436 0.0010347 2.1657e-05 0.0010386 0.00019387
0.0032002 0.0026775 0.0032411 0.00852 0.029118 -0.00034193 0.12295 0.042545 0.0015794 0.00032835 0.0015794 0.0010308 0 0 0 0 0.020673 -0.0089505 0.027356 0.022885 0.2021 0.061842 0.63873 0.27193 0.0066809 0.001213 0.0066809 0.0031939 0 0 0 0 0.023927 -0.00073332 0.053602 0.010698 0.24637 -0.084491 0.59944 0.10948 0.00050135 -0.00021019 0.00050135 0.00021019 0 0 0 0 0.0013369 0.0031133 0.0040429 0.0057144 0.032907 0.022576 0.090389 0.033366 0.00023698 5.3017e-05 0.00023698 5.3017e-05 0 0 0 0
0 0 0 0 0.011918 -0.004239 0.090406 0.018047 0.0063675 -0.013736 0.028694 0.029711 8.6277e-07 5.1934e-06 1.3516e-06 5.1934e-06 0 0 0 0 0.061409 0.014691 0.62591 0.19696 0.054376 0.025471 0.26601 0.13055 0.00016822 -0.00038662 0.00016822 0.00038662 0 0 0 0 0.020641 -0.0013837 0.59297 0.18942 0.07038 -0.033541 0.1248 0.2091 0.0060982 -0.0013544 0.0060982 0.0049831 0 0 0 0 0.0099584 0.0072282 0.083789 0.027661 0.0043057 0.012168 0.02202 0.03831 6.0674e-05 0.00023455 6.0674e-05 0.00023455
-0.0016122 5.2621e-05 0.0016148 0.00042134 0.07158 0.0068057 0.071994 0.0098819 0.002125 0.00055446 0.003532 0.0010164 0.00035468 0.00013007 0.00037236 0.00017658 -0.017217 -0.0014803 0.017217 0.0058046 0.49283 0.015878 0.49386 0.049857 0.0068864 0.0045 0.021435 0.0095888 0.0039091 0.0012117 0.0040294 0.0013951 -0.02167 0.038303 0.022201 0.038303 0.45105 0.15861 0.45183 0.24763 0.0094438 0.0069625 0.020576 0.0076166 0.0035423 0.00058744 0.0035739 0.00092019 6.799e-05 0.00064522 0.00014791 0.00064522 -0.0033679 0.0030882 0.0038335 0.0030882 -0.0025254 0.0025778 0.0060587 0.0026185 0.00022703 9.7991e-05 0.00023701 0.00012878
0.0035163 -0.00030509 0.0061734 0.0026882 0.035617 -0.0039967 0.088851 0.022463 5.8879e-06 5.8879e-06 5.8879e-06 5.8879e-06 0 0 0 0 0.023527 0.0087329 0.039997 0.018236 0.22429 0.067342 0.63652 0.22739 0 0 0 0 0 0 0 0 0.017345 -0.0054146 0.017871 0.034055 0.22191 -0.039449 0.61392 0.1945 0.00075977 -0.00020264 0.00075977 0.00075977 0 0 0 0 0.0032961 0.0007075 0.0045676 0.0035921 0.025179 0.014541 0.075493 0.045417 0.00023844 5.3344e-05 0.00023844 5.3344e-05 0 0 0 0
-0.0016951 -8.1503e-05 0.0017983 0.00044032 0.015631 0.0023542 0.015732 0.0034078 0.071188 -0.0040847 0.071188 0.0052529 0 0 0 0 -0.0046665 -0.0015005 0.0057367 0.0026226 0.11654 -0.018429 0.11654 0.034572 0.47985 -0.017848 0.47985 0.027679 0 0 0 0 -9.0905e-06 0.0029569 0.0020779 0.0049072 0.10074 0.018615 0.1032 0.034713 0.48252 0.0088784 0.48252 0.024747 0 0 0 0 2.0084e-05 0.00041234 0.00026991 0.00058377 0.018003 0.0051109 0.018369 0.0060761 0.067024 0.015589 0.067024 0.016487 0 0 0 0
-0.01132 0.00060351 0.01132 0.00098649 -0.0029248 -0.0039828 0.074001 0.013739 0.020196 0.004223 0.024648 0.011516 0.0014959 -5.9946e-05 0.0016573 0.00095429 -0.066538 0.0089992 0.066538 0.0091999 0.039194 0.14728 0.49544 0.2262 -0.060643 -0.053439 0.12849 0.11015 -0.00090578 -0.012279 0.012225 0.016173 -0.089734 -0.032902 0.089734 0.045853 -0.0031864 -0.27592 0.49999 0.33647 -0.028197 -0.23521 0.22256 0.24667 -0.0082075 -0.018747 0.018856 0.020018 -0.012591 -0.0045817 0.012998 0.0062905 -0.0063558 0.010125 0.0078462 0.012606 0.001558 0.0081924 0.017188 0.028233 -0.00073272 -0.0042532 0.0023333 0.0053224
-0.0006475 -0.0040675 0.0015777 0.0040675 0.0033702 -0.0083728 0.0037194 0.0083728 -0.00020799 -0.00069946 0.00043866 0.00071373 -0.0012515 0.00074039 0.0013492 0.00087573 -0.055325 -0.012583 0.093003 0.049184 0.12989 -0.016013 0.25137 0.51076 0.025402 -0.0034983 0.075784 0.55253 0.020974 -0.0055367 0.021615 0.016754 -0.048445 -0.011598 0.087642 0.053428 0.16922 0.0048809 0.33568 0.255 0.035428 -0.0068153 0.23908 0.21319 0.003732 0.012079 0.003957 0.01248 -0.0094799 0.0043123 0.0098451 0.00755 0.027914 -0.0094854 0.048637 0.041183 0.0069746 -0.0072567 0.035971 0.034428 1.9725e-06 0.00012753 1.9725e-06 0.00012753
0.0028183 0.0065563 0.0055624 0.010522 0.025631 -0.012516 0.064737 0.040192 0.0020787 -0.00021068 0.0020787 0.00061888 0 0 0 0 0.0097339 -0.047644 0.022238 0.051402 0.15961 -0.0077098 0.59624 0.26697 0.02694 -0.0056332 0.02694 0.0079827 0 0 0 0 -0.0083733 0.019009 0.037254 0.095274 0.10515 -0.068896 0.31988 0.54171 0.18488 -0.10844 0.18812 0.11296 -2.7452e-05 -7.6841e-05 7.6841e-05 7.6841e-05 0.0087873 -0.0017009 0.015323 0.0050022 -0.0063934 0.0081245 0.095327 0.026514 0.021084 0.00082885 0.079492 0.01582 -1.2672e-05 -0.00021813 0.00015618 0.00033905
-0.023924 0.0012994 0.023924 0.0029815 0.041584 -0.015542 0.054685 0.04862 0.014461 0.00053417 0.044082 0.01378 -0.00037072 0.00035799 0.00043881 0.00036273 -0.15857 0.0028118 0.15857 0.0089626 0.26489 0.011956 0.39223 0.24768 0.12101 0.042738 0.28577 0.093479 -3.7553e-06 3.7553e-06 3.7553e-06 3.7553e-06 -0.16657 -0.0035395 0.16657 0.016332 0.28251 0.019717 0.44597 0.29986 0.12247 -0.048113 0.2828 0.10859 8.3145e-05 -6.7498e-05 8.3145e-05 0.00037165 -0.022141 -5.4249e-05 0.022141 0.0024091 0.028515 -0.033684 0.047736 0.068733 0.023414 -0.005934 0.038667 0.023775 0.00010942 -0.00013234 0.00010942 0.00018769
-0.00063361 -0.0059876 0.0027289 0.0096425 -0.0068055 -0.0024099 0.025831 0.075244 0.03444 -0.016414 0.034613 0.018355 -0.00027845 5.0727e-05 0.00029616 0.00027189 -0.019849 0.0066984 0.071142 0.007845 -0.20706 0.052584 0.41053 0.064758 0.29937 0.0032372 0.30345 0.015915 7.5705e-05 -0.00050076 0.0021021 0.0010806 -0.011827 -0.025115 0.050896 0.057244 -0.14042 -0.29139 0.30942 0.37524 0.27353 -0.054783 0.27656 0.20528 -0.00065576 0.0010828 0.0012516 0.0013025 0.0071782 0.006889 0.0096077 0.019814 0.0029078 0.064391 0.070391 0.11703 0.065517 0.026766 0.10255 0.037545 -0.00038829 -0.00014386 0.00038829 0.00032034
-2.4898e-05 -0.00011129 2.4898e-05 0.00011129 -0.00037547 -0.00092284 0.00037547 0.0010952 -0.027625 0.024085 0.027625 0.024762 -0.014471 0.012786 0.015037 0.012921 -0.076881 -0.039207 0.077506 0.060023 0.10719 -0.17938 0.20226 0.33031 0.11146 0.028292 0.19858 0.28732 -0.034121 0.032235 0.034336 0.032547 -0.14982 0.028532 0.14982 0.036969 0.30728 -0.01112 0.43128 0.39034 0.105 -0.065722 0.3167 0.18924 -0.00019642 0.00092339 0.00082871 0.00092339 -0.016787 0.002042 0.016787 0.002042 0.041805 0.014162 0.077285 0.053633 0.010321 0.001857 0.046344 0.032663 0 0 0 0
0 0 0 0 1.2105e-05 -0.0014966 0.001016 0.0014966 -2.3121e-05 -0.00071116 0.00037766 0.00071116 -0.00015198 5.0564e-05 0.00016077 0.00013001 0 0 0 0 0.05475 -0.17004 0.44193 0.2487 -0.014164 -0.15389 0.070936 0.39524 0.005192 -0.0086304 0.0087822 0.026121 0 0 0 0 0.041408 0.042072 0.56858 0.24197 0.0091714 0.12093 0.13839 0.305 0.022571 0.0058108 0.030655 0.016821 -7.1227e-05 -3.4937e-05 7.1227e-05 3.4937e-05 -0.0012294 0.012233 0.088255 0.029174 0.01306 -0.015536 0.027902 0.030679 0.0047223 0.0011574 0.0047223 0.0014355
0.00086256 -0.0030406 0.0012584 0.0038856 0.029896 0.020878 0.081984 0.03709 0 0 0 0 0 0 0 0 0.0033946 0.0067423 0.0080071 0.0115 0.20432 -0.0080885 0.65245 0.20959 0 0 0 0 0 0 0 0 0.021726 -0.0093597 0.023188 0.039126 0.2107 -0.035938 0.60644 0.23121 0 0 0 0 0 0 0 0 0.002531 -0.00031984 0.0027021 0.0037098 0.030501 0.014257 0.08745 0.022848 0 0 0 0 0 0 0 0
-0.007034 -0.019714 0.0070629 0.019714 0.020846 -0.072111 0.034132 0.072111 -0.0074539 -0.059069 0.0079854 0.059069 -0.00058779 -0.011438 0.00064218 0.011438 -0.033932 -0.022388 0.036658 0.023598 0.27673 -0.20357 0.33408 0.46591 -0.11494 -0.02866 0.15888 0.52291 0.0028741 0.010645 0.0084877 0.083143 -0.020453 -0.0069548 0.020915 0.0089039 0.23904 0.058973 0.24784 0.15823 0.096261 0.034393 0.10478 0.093006 0.0053485 0.015975 0.0064788 0.016523 0.0039774 0.0065996 0.0071383 0.0066231 0.032243 0.10307 0.032547 0.10316 0.008709 0.06007 0.0089431 0.060132 0.00028459 0.0052812 0.00047777 0.0052963
0.0060571 -0.0049262 0.020633 0.0081873 -0.0046433 0.037113 0.026829 0.086875 0.030177 -0.011581 0.03634 0.036917 0.0010292 0.00056155 0.0010537 0.00068633 0.018773 0.022605 0.1545 0.039338 0.025533 -0.24779 0.23743 0.34601 0.1284 0.054881 0.46578 0.14577 3.6526e-05 0.00056077 0.00011753 0.0016064 0.022379 -0.021148 0.15444 0.037128 0.076446 0.25845 0.19239 0.30998 0.092867 -0.045449 0.43256 0.1372 0 0 0 0 0.0052104 0.0032465 0.022824 0.0058451 -0.0039088 -0.045116 0.033508 0.085975 0.032108 0.012256 0.045509 0.0312 0 0 0 0
-0.013243 -0.0024986 0.017873 0.0051302 0.026925 0.011921 0.063518 0.052924 0.029226 -0.0060801 0.029226 0.013438 0 0 0 0 -0.10983 0.0094143 0.11268 0.046226 0.19326 0.00015527 0.35743 0.4266 0.15352 -0.02818 0.2837 0.1658 0.0003938 -0.00071637 0.00096203 0.00097446 -0.13087 0.013675 0.13087 0.033445 0.22146 -0.024066 0.27473 0.37149 0.14762 -0.0060695 0.34745 0.17475 0.0011172 0.0005319 0.0011172 0.00080465 -0.021579 0.0019572 0.021579 0.00409 0.036777 0.014074 0.053117 0.050102 0.015959 0.0062262 0.056307 0.01948 0 0 0 0
0.0019568 0.007951 0.0043658 0.013672 0.030681 -0.0090848 0.055561 0.0601 0.002084 0.0064213 0.0047385 0.0064436 3.3745e-05 3.9654e-05 5.4699e-05 8.6066e-05 0.0079007 -0.040412 0.036228 0.051244 0.1847 -0.040511 0.66446 0.24319 0.022589 -0.0036267 0.02299 0.018732 4.3845e-05 0.00049366 4.3845e-05 0.00049366 0.02319 0.031613 0.043674 0.053861 0.13713 0.046178 0.53465 0.34156 0.056915 -0.0090527 0.056915 0.016467 0 0 0 0 0.003306 -0.0047283 0.0071213 0.0084219 0.017543 -0.012749 0.086071 0.059756 0.010023 0.0027253 0.010023 0.0036726 0 0 0 0
0.0030316 0.00019507 0.0031341 0.0066638 0.035562 -0.021718 0.09236 0.033582 0.0004408 0 0.0004408 0 0 0 0 0 0.026261 -0.00561 0.026679 0.034824 0.25246 0.038721 0.62664 0.25109 0.0030518 0 0.0030518 0 0 0 0 0 0.014803 0.006466 0.017037 0.034036 0.23943 0.0154 0.57787 0.24739 0.0028848 0.00016703 0.0028848 0.00016703 0 0 0 0 0.0026376 0.00053358 0.009408 0.0017108 0.039269 -0.023303 0.087496 0.02539 0.00033527 -0.00010553 0.00033527 0.00010553 0 0 0 0
0.00037836 -0.0005463 0.00048784 0.00068078 0.0041293 -0.0008341 0.0046895 0.0022162 0.071233 -0.0028936 0.071233 0.0072692 4.9286e-05 -4.9286e-05 4.9286e-05 4.9286e-05 0.0042133 -5.2212e-05 0.0047777 0.0021101 0.02823 -0.0039972 0.034129 0.01323 0.48891 -0.0099152 0.48891 0.041193 0.00011534 0.00024966 0.00097005 0.00056853 0.0012937 -0.00092763 0.0044334 0.0023807 0.031538 0.00096843 0.03464 0.018272 0.49649 0.015039 0.49649 0.035222 -3.5963e-05 0.00011572 0.00011572 0.00011572 0.00029391 -0.00040514 0.00070676 0.00045548 0.0064901 6.7354e-05 0.006522 0.0021677 0.071764 -0.00050117 0.073433 0.0059876 0 0 0 0
-0.0021175 -5.8403e-05 0.0021175 0.00084107 0.033967 0.051983 0.0361 0.052262 -0.022073 0.077928 0.035071 0.081026 0.0018421 0.0019854 0.0050799 0.0044817 -0.0099388 0.001604 0.010249 0.0030987 0.455 0.0055863 0.47556 0.03404 -0.084497 0.11042 0.089309 0.11042 -0.024454 0.029085 0.026367 0.029085 -0.0085146 0.00065364 0.0095021 0.0030881 0.48757 -0.01227 0.49722 0.031805 -0.011648 0.024193 0.04479 0.026403 -0.014412 0.011967 0.014412 0.011967 -0.0010311 0.00011915 0.0012256 0.00039055 0.070573 -0.0041215 0.071728 0.0057441 0.0030926 0.00075869 0.0033177 0.00096684 -0.0011023 0.0010714 0.001203 0.0010831
-0.00013379 -0.00017893 0.00031582 0.00040703 0.021489 -0.0052789 0.021489 0.0062366 0.069702 -0.011326 0.069702 0.011463 0 0 0 0 0.00052361 0.0013423 0.0024706 0.0042358 0.10898 0.0030415 0.1151 0.027975 0.49422 -0.0033521 0.49422 0.034083 0 0 0 0 5.1728e-05 0.0015335 0.0015859 0.0037922 0.13521 0.014139 0.13982 0.030744 0.45969 -0.0025932 0.45969 0.028961 0 0 0 0 0.00021655 -0.00068354 0.00021796 0.00068992 0.01776 -0.0043848 0.019087 0.0052094 0.071014 0.005693 0.071279 0.0069516 0 0 0 0
