0.0010331 -0.00062103 0.0012033 0.00090711 0.00075918 0.015388 0.02549 0.016312 0.0069361 0.00026704 0.021304 0.010514 -0.0014098 0.0012195 0.0017772 0.0016744 -0.0028527 0.0064932 0.010413 0.025885 0.40084 0.068405 0.42675 0.2652 -0.23501 0.0963 0.28229 0.12204 0.0014191 -0.0045258 0.0038285 0.0056206 -0.00060649 0.017019 0.0033878 0.028516 0.27948 -0.049957 0.32286 0.31074 -0.12854 -0.031212 0.24359 0.24581 0.0070888 -0.0071861 0.014452 0.014587 -0.00010061 0.00040433 0.00014927 0.00047103 0.0016446 0.0043507 0.0024402 0.0046315 -0.0035528 0.0010839 0.0035631 0.0028586 -0.0036365 0.0034767 0.0043506 0.0040017
0.0011713 0.00040342 0.0013499 0.0012701 0.023192 0.0052159 0.030893 0.0098287 -0.0075929 0.0029847 0.016524 0.011063 0.001507 0.00060612 0.0044246 0.0015939 -0.0012043 -0.00272 0.0067105 0.0072657 0.042991 -0.20467 0.17658 0.30391 0.17953 -0.014575 0.3834 0.29689 -0.014655 0.0048885 0.032149 0.015514 -0.0044329 -0.0012174 0.0094968 0.023648 -0.003243 0.086989 0.060599 0.14145 0.44076 0.035864 0.47527 0.29901 -0.059581 0.020537 0.069294 0.027151 0.00023635 0.0043694 0.00060836 0.0086857 -0.00091195 0.028137 0.010672 0.046306 0.02384 0.0094574 0.032479 0.064583 -0.00083611 -0.0048534 0.004734 0.0072754
-0.00019014 -0.00064088 0.00099436 0.0019466 -3.399e-05 -0.001417 0.0050056 0.003477 0.061635 -0.0050032 0.061635 0.0056025 0 0 0 0 -0.025932 0.021586 0.027303 0.023788 -0.073182 -0.0028208 0.12019 0.15454 0.47933 -0.085874 0.47933 0.10503 0 0 0 0 -0.0046994 -0.002122 0.0046994 0.0025239 -0.13851 0.14391 0.13887 0.16697 0.39024 0.073328 0.45115 0.12425 0 0 0 0 -0.00049622 -0.00076532 0.00054178 0.00078068 -0.0077277 -0.0038262 0.0080162 0.0038262 0.046289 -0.0034969 0.046313 0.0061554 -5.297e-06 -2.3277e-05 5.297e-06 4.0892e-05
-0.0029455 0.00043338 0.0037914 0.00067706 -0.002857 0.0028602 0.016254 0.015864 0.0048238 -0.001648 0.075407 0.0069518 0.0079371 -0.0006004 0.008144 0.0006953 -0.02076 0.00093123 0.025447 0.0077387 -0.12693 -0.040292 0.3129 0.13215 0.12802 -0.017318 0.61136 0.045553 0.050489 -0.005145 0.051407 0.0061403 -0.02517 -0.0096954 0.033165 0.014854 -0.012152 -0.00010312 0.20094 0.11214 0.072124 0.019439 0.62179 0.044763 0.040502 0.00066264 0.040877 0.013097 -0.0036877 -0.0021988 0.0038774 0.0021988 0.010706 -0.0018158 0.023151 0.0037995 0.0073332 -0.00082114 0.088844 0.0031053 0.0026864 -0.0012037 0.0033949 0.0012941
-0.004732 -0.00422 0.010058 0.010124 0.040402 -0.027917 0.06455 0.033024 0.021997 -0.0086526 0.022731 0.0089183 2.2606e-07 -0.00026521 0.00082566 0.00034239 -0.018015 -0.0004732 0.020012 0.016036 -0.017253 0.021941 0.12824 0.076279 0.46466 -0.079866 0.46986 0.14903 0.014461 0.0078086 0.025239 0.030475 0.021699 -0.0019911 0.030296 0.023296 0.097984 0.26235 0.15376 0.32599 0.23903 0.12971 0.31922 0.3307 -0.0010044 -0.016465 0.012329 0.017203 0.0092385 -0.0015281 0.010334 0.0047319 0.019233 -0.0095388 0.045604 0.024633 0.0047154 -0.0036396 0.012949 0.0043182 0.00079317 -0.00011265 0.00093723 0.00058096
0.0086312 0.0013934 0.008632 0.001545 0.053675 0.010403 0.055362 0.014188 0.0018896 -0.00054632 0.010259 0.010652 -0.00073413 -0.00014211 0.0012784 0.0010698 0.069814 0.0095601 0.069814 0.016333 0.079323 -0.12671 0.41909 0.17244 0.25258 -0.14616 0.30543 0.19249 -0.0019516 0.001041 0.0090209 0.0036624 0.080452 0.0017173 0.080507 0.0098384 -0.0041394 0.12411 0.45852 0.17999 0.29708 0.15044 0.34124 0.19237 -0.0033055 -0.0012252 0.0083289 0.0080557 0.011479 -0.0002128 0.011523 0.0012951 0.035182 -0.0039185 0.043098 0.019287 0.0061248 -0.0054247 0.012835 0.01923 -0.00072864 -0.0014066 0.0011051 0.0016836
-0.0042045 0.0011208 0.0049821 0.0025207 0.020291 0.0028947 0.023806 0.016132 0.011232 0.0044237 0.076697 0.015142 -0.0057562 -0.0012864 0.00886 0.0043673 -0.033652 0.013193 0.042834 0.018436 0.048948 -0.032563 0.17226 0.10137 0.085425 -0.023475 0.62353 0.067163 0.029129 0.0086272 0.035464 0.0097891 -0.02242 0.0022252 0.031861 0.0079778 -0.10637 0.07711 0.22445 0.11924 0.14975 0.016851 0.64672 0.057658 0.055589 0.0043237 0.055667 0.0054292 -0.0032469 -0.00037752 0.003905 0.00085302 -0.0045434 -0.00023084 0.019005 0.013827 0.0046575 0.00016642 0.084217 0.012753 0.0086881 0.00013347 0.0092423 0.00057357
0.00025801 -0.00071824 0.0010571 0.0033837 -0.0038569 0.0046243 0.0077115 0.030097 0.063851 -0.0068073 0.063851 0.011099 0 0 0 0 -0.011596 0.014923 0.015913 0.029097 -0.01867 -0.047631 0.066554 0.20116 0.48287 -0.08192 0.48287 0.08241 0 0 0 0 -0.0023811 -0.0034309 0.0087153 0.0081814 -0.071174 0.099732 0.07533 0.11484 0.43005 0.054116 0.47731 0.069212 0 0 0 0 -0.0027473 0.0014131 0.0038138 0.0039358 -0.00061128 -0.0061973 0.0070452 0.0077387 0.056695 -0.0028871 0.06247 0.004385 0 0 0 0
0.0059975 -0.00048908 0.006808 0.0036082 0.0066775 0.0037692 0.0093794 0.0083099 0.0056105 0.0024448 0.0083745 0.0034012 1.79e-05 5.4696e-05 0.00073783 0.00056933 0.027293 0.022299 0.041598 0.034682 0.23254 0.13391 0.2368 0.1666 -0.13558 0.18309 0.17884 0.19775 0.0026557 0.0032763 0.027043 0.020622 -0.0055407 -0.00060504 0.0098835 0.0033743 0.30779 -0.18314 0.5074 0.33186 -0.15578 -0.20773 0.23468 0.30278 -0.00071253 -0.0091773 0.024083 0.037171 0.00042959 -0.00064673 0.0022214 0.0024385 -0.00095641 -0.018813 0.028784 0.035497 0.0090153 0.0044103 0.016065 0.018819 0.00042981 -0.00066361 0.00093239 0.00067378
-0.00043532 0.0026563 0.0005216 0.0034634 -0.0040488 0.012979 0.0044865 0.018695 0.075457 -0.00099737 0.076074 0.015875 1.7181e-06 0.00020066 1.7181e-06 0.00020066 -0.0018492 0.0037949 0.0038804 0.0050139 -0.025441 -0.026317 0.10633 0.1357 0.45117 -0.0072752 0.45723 0.1636 0 0 0 0 -0.0067726 -0.0012307 0.0075866 0.0030964 -0.056666 0.058942 0.059149 0.060277 0.47171 0.027243 0.51699 0.063506 0 0 0 0 -0.0038722 0.0064018 0.0042651 0.0071361 -0.0069061 0.011385 0.010494 0.015057 0.062492 0.0090234 0.062492 0.010571 0 0 0 0
-0.0011495 0.00042183 0.0012299 0.00042183 -0.028013 0.0086156 0.031969 0.0086156 0.053232 0.0016138 0.069883 0.0016712 -0.0090485 -0.00020709 0.012347 0.00040347 -0.0083297 0.0073514 0.0091156 0.0073593 -0.21794 0.0050368 0.22976 0.07305 0.35585 -0.0094199 0.46962 0.023877 -0.059644 -0.0029885 0.091356 0.0080905 -0.0080698 -0.0031785 0.010332 0.021227 -0.25293 -0.0003865 0.27508 0.032986 0.36616 0.020017 0.47851 0.026707 -0.061486 -0.0011993 0.071322 0.0087416 -0.00092578 -0.00015893 0.00092578 0.00016807 -0.03428 0.0025499 0.036268 0.0035248 0.051211 0.00039422 0.068235 0.00049652 -0.0058783 -0.00039161 0.0086454 0.0012309
-0.00084095 0.0026424 0.00088842 0.0026424 -0.0042409 0.016697 0.0053061 0.016697 0.071547 0.014616 0.072966 0.015789 1.0526e-06 9.5635e-05 5.231e-05 9.5635e-05 -0.011949 -0.0012691 0.012388 0.0051725 0.021813 -0.064733 0.10852 0.1914 0.43568 -0.023711 0.43568 0.11998 0 0 0 0 -0.0056987 0.00059862 0.0057886 0.0025511 -0.060105 0.067646 0.061653 0.067839 0.49811 0.040183 0.50806 0.085742 0 0 0 0 -0.00096462 0.001043 0.0012188 0.0014562 -0.0024903 0.0025537 0.0050342 0.0038934 0.065098 0.004608 0.065098 0.0072831 0 0 0 0
0.001918 -0.00021753 0.003845 0.00079821 -0.014449 0.0055062 0.020134 0.023709 0.054769 0.0057556 0.061352 0.0081971 -0.0074109 -0.00035589 0.0077934 0.00038724 0.0081714 0.0037893 0.02202 0.0052831 -0.0015242 -0.032966 0.18839 0.11923 0.29191 -0.027127 0.50834 0.066274 -0.0545 -0.00025729 0.056352 0.00025729 0.012669 0.0032202 0.025421 0.01621 -0.17523 -0.023246 0.25694 0.25516 0.44661 0.034582 0.44661 0.05395 -0.063672 -0.0058687 0.066824 0.0062475 -0.0029507 0.0013714 0.0096099 0.0025018 -0.011393 -0.0034744 0.017818 0.0057768 0.069335 -0.00086479 0.069335 0.0015125 -0.010166 1.3008e-06 0.010682 2.8998e-05
0.0010647 -0.00083376 0.002137 0.0021799 0.017685 0.0033104 0.029748 0.012555 0.030266 0.008215 0.063442 0.0098873 -0.0010572 -1.264e-05 0.0015405 4.991e-05 0.012284 0.00067941 0.020402 0.0060528 0.2752 0.050429 0.30836 0.076817 0.061033 0.091465 0.52337 0.095558 -0.0073921 -4.6036e-05 0.010643 0.00021779 0.0094393 0.005141 0.017561 0.0065462 0.25048 -0.023907 0.31867 0.10022 0.10651 -0.09249 0.53602 0.15025 -0.011796 -0.00073926 0.014922 0.0014269 5.9257e-05 0.0016946 0.0068455 0.0022282 -0.012978 -0.036146 0.012978 0.040799 0.063619 -0.019596 0.06744 0.021547 -0.0020377 3.1837e-07 0.0023253 3.1837e-07
-0.0017447 0.0018735 0.0047614 0.0028013 4.2628e-05 0.00082554 0.02432 0.012961 0.070667 -0.0091217 0.070667 0.0099739 -0.0084317 0.0010185 0.0089107 0.0010943 0.012135 -0.0034202 0.022887 0.012085 -0.12924 0.043895 0.22646 0.26385 0.46369 -0.0064322 0.46369 0.02117 -0.05157 0.00016167 0.054171 0.00017637 0.012349 0.00060917 0.021348 0.0096093 0.004473 0.053595 0.14428 0.1403 0.31601 0.0039049 0.49672 0.088836 -0.045856 0.0036785 0.048088 0.0040673 0.0022381 0.00016027 0.004572 0.00098796 -0.020882 -0.00020887 0.025614 0.021948 0.060373 -0.012299 0.060814 0.014137 -0.0059577 3.5228e-05 0.0062196 9.04e-05
-0.0031357 -0.00076327 0.0091715 0.0031152 -0.0046622 0.0090543 0.014016 0.020256 0.0088181 0.0050111 0.0492 0.013203 -0.00017449 0.00070378 0.0026852 0.0030809 -0.014753 -0.017508 0.035847 0.027309 0.24784 -0.01183 0.26723 0.141 -0.14148 0.10215 0.47024 0.11317 0.017436 0.010725 0.030594 0.011632 -0.039642 0.011382 0.041494 0.01512 0.28247 0.059273 0.29975 0.17913 -0.10998 -0.035877 0.58142 0.089274 0.0074916 -0.012793 0.026595 0.016169 -0.0051538 0.0012357 0.00843 0.0026973 0.0090721 -0.010612 0.053215 0.042102 -0.0055299 -0.00058641 0.023237 0.01455 8.796e-05 0.00099452 0.0022898 0.0016105
-0.00014446 0.0018425 0.0011644 0.0058033 0.005529 -0.0089414 0.017847 0.049877 0.056817 -0.016268 0.056987 0.020733 0.00010879 -4.7953e-05 0.00010879 4.7953e-05 -0.002824 -0.0024592 0.010536 0.034166 0.00059784 -0.10165 0.080636 0.18255 0.44112 -0.11417 0.44112 0.15177 0.0010455 6.9515e-05 0.0010455 6.9515e-05 -0.00066149 -0.0057571 0.011572 0.0093607 -0.05582 0.052647 0.087562 0.11002 0.46001 0.060564 0.50332 0.10039 0.0001206 0.0001206 0.0001206 0.0001206 0.00042436 -0.00052183 0.0010368 0.0038078 0.0034822 -0.0080825 0.0084712 0.014895 0.06293 -0.0089878 0.063522 0.010732 0.00012471 -7.5593e-05 0.00012471 7.5593e-05
0.00098901 0.0010805 0.0015873 0.0024453 0.021925 0.0080318 0.045833 0.015718 0.019904 0.0098704 0.062418 0.011283 0.00077144 5.5967e-05 0.0008121 6.0483e-05 0.010832 -0.002284 0.017975 0.0058164 0.26943 0.044318 0.40285 0.071123 0.016967 0.068966 0.51593 0.07279 0.0059634 2.175e-06 0.0061256 0.00079466 0.0086542 0.003629 0.017214 0.0083641 0.24385 -0.04221 0.34264 0.11846 0.051533 -0.10316 0.49369 0.11472 0.0047279 2.3466e-05 0.0048902 0.00068787 -0.00041409 0.0007723 0.0043288 0.0013649 -0.0089455 -0.033627 0.0096706 0.036099 0.05578 -0.0077594 0.062177 0.023816 0.00039347 0.00020051 0.00039347 0.00023495
-0.0034214 -0.00028587 0.0037111 0.0031226 0.033643 -0.0061689 0.070729 0.013981 -0.031243 -0.006051 0.039206 0.010082 0.0022801 -0.00070307 0.0024993 0.002501 -0.00774 0.0059565 0.0078935 0.0059565 0.22892 0.035256 0.50261 0.04993 -0.25373 0.028281 0.28451 0.031504 0.023305 0.011973 0.024372 0.011973 -0.0073215 0.003112 0.0085132 0.013171 0.20803 -0.014391 0.55375 0.052275 -0.22575 0.0095414 0.33711 0.071954 0.022874 0.0060691 0.022976 0.0072675 -0.00061272 -0.00035654 0.00073664 0.00035772 0.028789 0.00081113 0.073792 0.0034344 -0.030285 0.0015033 0.044444 0.0064961 0.0032555 -0.00057538 0.0033265 0.00058784
0.0016711 -0.0027567 0.0091015 0.0032813 -0.011193 0.011638 0.023436 0.024276 0.0060399 0.0028095 0.03355 0.014629 0.00062848 0.00080419 0.0023188 0.0058571 -0.037872 -0.008596 0.051565 0.017411 0.22953 -0.037932 0.24445 0.14429 -0.13086 0.079763 0.49291 0.13508 0.007113 -0.024696 0.023433 0.044836 -0.053783 0.0080582 0.053783 0.0085886 0.3222 0.10129 0.35959 0.18612 -0.24972 -0.039722 0.45196 0.09384 -0.0058039 -0.012144 0.016203 0.01633 -0.0062812 -8.1695e-05 0.007965 0.0020843 0.013591 -0.02763 0.055007 0.045981 -0.031011 -0.0061572 0.032204 0.0090593 -0.0011283 0.00045384 0.0032452 0.0017461
0.00014012 0.00032102 0.0016708 0.0017185 -0.0069812 0.005515 0.01861 0.013869 0.021488 0.0065217 0.029027 0.010912 6.3898e-07 1.4752e-05 4.9166e-06 1.903e-05 -0.011178 -0.026067 0.017111 0.042819 -0.086529 -0.21898 0.14817 0.26146 0.28175 -0.083722 0.30748 0.20701 0.00013328 -0.00013328 0.00013328 0.00013328 -0.013103 -0.016942 0.017791 0.017943 -0.067979 -0.12324 0.11735 0.16712 0.51013 0.05547 0.51013 0.12796 0.00044133 8.5302e-05 0.00044133 0.00028768 -0.0028285 -0.0063871 0.0035242 0.0063904 0.0059757 -0.033494 0.02159 0.041377 0.0966 0.018815 0.097073 0.019274 2.9566e-05 -9.1883e-06 2.9566e-05 2.9566e-05
-0.0014223 -0.00048447 0.0028654 0.0010133 -0.046848 -0.010205 0.064103 0.015032 0.038288 0.016001 0.043538 0.026748 -0.008185 -9.5319e-05 0.013274 0.0020498 -0.122 -0.027924 0.12203 0.027956 0.017468 0.21801 0.4216 0.39076 0.048004 0.12016 0.37007 0.26779 0.031495 0.0091398 0.056433 0.025569 -0.091151 -0.017999 0.12473 0.027964 0.22047 -0.06454 0.3128 0.22746 -0.14605 -0.10157 0.19223 0.21885 0.0308 0.015565 0.038381 0.017362 -0.0011769 -0.0045242 0.015847 0.0045581 -0.0023588 -0.0010014 0.018971 0.026991 0.005127 -0.0080836 0.019125 0.013826 0.0021806 -7.0911e-05 0.0036913 0.0011068
-0.00021909 0.00010092 0.010806 0.001947 -0.016328 -0.033405 0.0514 0.051389 0.056684 -0.016817 0.071888 0.017062 0.001018 1.4195e-05 0.0010799 0.00022915 -0.035231 -0.0060961 0.04165 0.01277 0.23082 0.17422 0.30694 0.24092 0.24806 0.21396 0.30207 0.41346 0.0050765 -0.0063978 0.012345 0.030533 -0.013963 -0.0011815 0.03421 0.024075 0.25205 0.012929 0.38402 0.26722 0.16936 -0.033291 0.20566 0.091732 0.00077946 -0.0020321 0.012564 0.01174 0.0069559 0.00064466 0.016651 0.0042146 0.0044225 0.026195 0.030375 0.041321 0.019985 -0.0057331 0.048024 0.052503 -0.0015906 -0.0029305 0.0037607 0.0031794
-0.00351 0.00024625 0.0042637 0.0012362 -0.0024655 -0.0092349 0.018285 0.013409 0.031365 0.0070083 0.056618 0.024498 -0.00069446 -1.379e-05 0.0031605 3.7976e-05 -0.020396 -0.0037741 0.028581 0.0084774 0.014528 0.12243 0.22189 0.14953 0.10051 0.090964 0.45313 0.21498 -0.0045962 6.6452e-05 0.021983 0.00025278 -0.048745 -0.0058932 0.052961 0.013397 -0.087704 -0.12618 0.39008 0.22897 0.21176 -0.21388 0.49572 0.23751 -0.0043587 -4.0905e-05 0.022329 0.00029772 -0.0070928 -0.0015643 0.0072614 0.0016296 -0.013924 -0.01096 0.054292 0.019419 0.032749 0.010572 0.063129 0.014161 -0.00064412 -9.2901e-06 0.0032186 1.5208e-05
0.0030061 -0.015449 0.0030098 0.015459 0.041685 -0.039777 0.041947 0.043595 -0.029009 -0.013111 0.029708 0.014955 0.00013512 -0.00078469 0.00051449 0.0013723 0.0067564 0.0052081 0.012354 0.028091 0.46682 0.033474 0.49184 0.26763 -0.092136 -0.037423 0.11147 0.072156 0.0014545 -0.006285 0.0064201 0.007923 -0.0089427 -0.0044485 0.014424 0.017384 0.23732 -0.17923 0.25474 0.35734 0.017612 -0.22627 0.192 0.23237 -0.0035457 -0.023919 0.017491 0.036324 -0.00052425 0.0028552 0.00075457 0.0029434 -0.0051526 -0.0030226 0.014597 0.025105 0.023656 -0.010848 0.03032 0.019795 0.0023397 0.0016563 0.0033992 0.0049125
0.00047343 -0.0024749 0.001148 0.0029188 0.0038313 0.016072 0.017001 0.05014 0.0026175 0.032525 0.0092925 0.04814 -0.0014404 0.0062118 0.0016272 0.0081057 0.013992 0.0017696 0.016955 0.016123 0.22121 0.03259 0.2916 0.09209 -0.062617 0.058576 0.17197 0.12272 0.0058045 -0.0052886 0.035552 0.013749 0.0024864 -0.0018662 0.0061202 0.0080462 0.098096 -0.19488 0.23467 0.31435 0.26894 -0.056992 0.49029 0.50704 -0.042702 0.031354 0.050309 0.037845 -0.00074903 -0.00095268 0.001376 0.0017165 0.0028576 0.032985 0.012902 0.043668 0.060968 -0.021686 0.068791 0.044484 -0.0031906 -9.1072e-05 0.0043832 0.0081555
-0.0019993 -0.0020898 0.0026722 0.0034848 -0.015244 -0.01547 0.018841 0.016172 0.044048 -0.0041309 0.047719 0.018496 8.0572e-05 -7.5791e-05 0.0001308 0.00014008 0.0020707 -0.013497 0.014705 0.018667 -0.077015 -0.16902 0.10104 0.17695 0.36686 -0.085826 0.43354 0.11822 0.000781 0.00034979 0.00086049 0.00071144 -0.0089283 -0.023589 0.0095212 0.024204 -0.023796 -0.044844 0.024681 0.053268 0.50725 0.072673 0.52807 0.10371 0 0 0 0 -0.00019997 -0.00018215 0.00024938 0.00041974 -0.0017545 -0.0030936 0.0027526 0.0050392 0.082172 0.0092328 0.082376 0.021074 0 0 0 0
-0.0006231 -3.9282e-05 0.011844 0.0052928 -0.010491 -0.010328 0.049063 0.018029 0.04779 0.033819 0.054248 0.048989 0.0016902 -0.0016093 0.0019986 0.0036568 -0.0092305 -0.020353 0.084227 0.030431 0.1889 0.16579 0.46187 0.22951 0.12105 0.089952 0.33732 0.2611 -0.011957 -0.010506 0.024929 0.025473 -0.036068 0.021498 0.061315 0.033352 0.21315 -0.11808 0.41908 0.18437 -0.022208 -0.2206 0.15715 0.29371 0.022986 -0.034613 0.023056 0.034613 -0.0060337 -0.002696 0.0088162 0.0031734 0.021533 -0.016196 0.050935 0.020523 -0.013776 -0.011676 0.021904 0.016203 -0.0019733 -0.00037894 0.0038693 0.0033388
-0.010241 -0.0015298 0.010241 0.0015298 0.044135 0.0045689 0.088826 0.0091096 -0.0056309 0.0045195 0.0095815 0.0045195 -0.0057727 0.0016282 0.0081437 0.0018655 -0.14376 -0.011737 0.14376 0.011737 0.35791 0.0017018 0.40819 0.088211 -0.03816 -0.062342 0.15734 0.090666 -0.025917 -0.013246 0.059261 0.01835 -0.082135 0.023385 0.082135 0.035681 0.21038 0.20359 0.35157 0.27574 -0.27703 -0.13588 0.28143 0.34474 0.019195 -0.0061591 0.048909 0.011243 0 0 0 0 0 0 0 0 -0.014455 0.048781 0.014455 0.048886 -0.00082817 0.01442 0.0033577 0.014437
-0.0038681 -0.0020571 0.0038741 0.0021834 -0.054783 -0.016008 0.062874 0.018466 0.037322 0.015345 0.041761 0.026745 -0.0063675 -0.00027378 0.011057 0.0024098 -0.12696 -0.036695 0.12716 0.036885 0.032131 0.14766 0.4022 0.45029 0.047285 0.11891 0.38328 0.24707 -0.0021164 -0.0092876 0.019324 0.013998 -0.058526 -0.016763 0.10021 0.035107 0.18435 -0.027872 0.32143 0.1737 -0.21141 -0.1635 0.21549 0.1931 -0.0087628 -0.0055846 0.01419 0.0082339 -0.001952 -0.0038721 0.0084156 0.0046171 -0.00067611 0.0043972 0.01873 0.019115 -0.015172 -0.0084143 0.028178 0.0092994 -0.00035545 -0.00013385 0.0040094 0.0026134
-0.0034297 -0.00044423 0.0035446 0.0019373 0.039884 0.00049281 0.071373 0.0035551 -0.039794 -0.0022502 0.062523 0.0089093 0.0020942 0.0015487 0.0030681 0.0016234 -0.0079956 -0.00077995 0.0098506 0.0015366 0.25531 0.0047685 0.50136 0.029225 -0.25098 0.03037 0.34598 0.10463 0.020062 -0.00071432 0.020403 0.0038877 -0.016422 -0.0033973 0.01705 0.0045767 0.25835 0.0027566 0.44552 0.0084534 -0.2639 -0.038807 0.35082 0.064223 0.014449 -0.0048041 0.023344 0.0055496 -0.0021134 -0.00099813 0.0021385 0.00099813 0.040875 -0.0024538 0.058104 0.0025576 -0.042299 0.0078562 0.050789 0.0098771 0.00016423 -0.0016411 0.005042 0.0018155
-5.0495e-05 1.1308e-05 0.0002172 9.2826e-05 -0.017377 -0.061283 0.018181 0.062156 -0.031966 -0.027119 0.03212 0.12537 -0.0029438 0.0042187 0.0030644 0.017702 -0.019591 -0.066136 0.021175 0.070173 0.30937 -0.09057 0.52538 0.2659 0.066805 0.10089 0.11158 0.25953 -0.0045949 0.012757 0.015326 0.034088 0.013963 0.0080484 0.022978 0.013193 0.3901 0.019114 0.43431 0.12781 0.026233 -0.020451 0.15246 0.15676 0.0060682 0.0025312 0.01764 0.018368 0.003237 -0.00036585 0.0046207 0.0021111 0.01541 -0.021559 0.030419 0.027741 0.037623 -0.0098499 0.057738 0.026649 0.0014639 0.00086366 0.0020129 0.0036472
-4.2029e-05 -3.2843e-05 0.00028439 0.00011072 -0.0020458 -0.001756 0.0038637 0.0028119 -0.026902 -0.089105 0.027344 0.08961 -0.0038322 -0.014036 0.0040493 0.014054 -0.021108 -0.078121 0.024491 0.078226 0.18786 -0.20286 0.44487 0.38321 0.040845 0.16562 0.11091 0.32603 -0.0055399 0.043521 0.017998 0.052796 0.010663 0.0079036 0.014916 0.0099095 0.36752 0.013626 0.44847 0.14611 0.030178 -0.037792 0.11049 0.11976 0.0098548 0.00075519 0.014002 0.018981 0.0023712 -0.00089591 0.0034769 0.0017372 0.034224 -0.019232 0.047137 0.022633 0.026097 0.0077015 0.035761 0.028578 0.00022457 0.00072798 0.0016891 0.0018894
0.0011855 -0.0003529 0.0023999 0.0019005 -0.014725 0.012919 0.036342 0.020791 0.063645 0.00076328 0.063645 0.0017923 -0.0061933 0.00015058 0.0062634 0.00015721 0.0030484 0.00094963 0.005993 0.0042391 -0.075258 -0.052516 0.36821 0.084892 0.42454 -0.0080508 0.43499 0.0095938 -0.04236 -0.00038501 0.043437 0.00060675 -0.002682 -0.00066334 0.009095 0.0063385 -0.055254 -0.012077 0.21468 0.064471 0.44302 0.044073 0.44302 0.050303 -0.050769 -0.0049607 0.05188 0.0049727 -0.00078201 -0.00078794 0.0013085 0.00094117 -0.0048481 -0.00011703 0.024199 0.0048098 0.064948 0.00074915 0.064948 0.00082084 -0.00836 -2.2097e-06 0.0083897 1.6091e-05
0.009093 -0.0014564 0.010112 0.0035236 -0.020689 -0.023046 0.03259 0.028765 0.0034623 -0.0014016 0.03399 0.010896 0.013012 0.00072721 0.013087 0.0040482 0.018437 -0.011781 0.040675 0.044078 -0.22429 0.034068 0.22429 0.10044 0.43288 0.0041563 0.47018 0.29401 0.01612 -0.00429 0.020622 0.018588 0.0085988 -0.0017719 0.04524 0.035076 -0.067269 0.034475 0.25305 0.20638 0.21504 0.1697 0.32394 0.26982 0.034629 -0.0051941 0.043307 0.031044 -0.0042932 -0.0016923 0.0087674 0.0046926 0.024482 0.01057 0.075341 0.039152 0.024309 -0.013863 0.031791 0.031281 -0.00091927 -0.0036369 0.0017638 0.0058359
0.00096161 0.00074084 0.0020459 0.0013332 0.0033696 -0.037128 0.012477 0.045065 0.048528 -0.016478 0.065997 0.017168 -0.003646 -1.3519e-05 0.0038107 6.6175e-05 0.0017332 0.006264 0.066454 0.013763 -0.15108 0.06553 0.15108 0.083959 0.47773 -0.037881 0.47773 0.060486 -0.020494 0.0017632 0.022806 0.0020753 0.015701 -0.0015469 0.044113 0.012233 -0.10439 0.12827 0.17305 0.23724 0.31482 0.045001 0.47255 0.13048 -0.018434 -4.4049e-05 0.020365 5.6175e-05 -0.002211 0.00032294 0.0029398 0.00063999 -0.0054051 0.00057956 0.021854 0.012955 0.040544 0.015646 0.0625 0.01801 -0.0026168 3.2723e-05 0.0029619 4.7865e-05
0.0002012 -0.00065403 0.0028908 0.0023316 -0.013959 0.0024164 0.025204 0.028168 0.026561 0.0084841 0.031992 0.020435 3.7745e-05 5.9837e-05 3.7745e-05 0.00010163 -0.0082178 -0.017855 0.015329 0.044183 -0.049278 -0.16645 0.15272 0.32518 0.20607 -0.1091 0.298 0.23996 0.00050389 3.3857e-05 0.00050389 0.00024735 -0.0045415 -0.024208 0.023593 0.026457 -0.086425 -0.16774 0.15692 0.20602 0.47567 0.0731 0.50057 0.16419 0.00026887 -1.2336e-05 0.00026887 0.00026887 -0.0016271 -0.0040769 0.002574 0.0047368 0.0055541 -0.033662 0.029703 0.041378 0.08844 0.014824 0.088687 0.014858 0 0 0 0
-0.0098266 -0.013557 0.0098266 0.013557 0.00067623 -0.018928 0.037437 0.030376 0.011025 0.010792 0.034576 0.015444 0.00056219 0.00089505 0.00070226 0.00089505 -0.012648 0.00040299 0.040192 0.014282 0.11815 0.038825 0.31461 0.056743 0.12415 0.14385 0.4017 0.27772 0.0064756 0.00022984 0.0066116 0.0032381 -0.0528 0.0072396 0.058202 0.034084 0.043069 -0.056726 0.28349 0.16961 -0.016092 -0.35084 0.40832 0.41901 0.051448 -0.0068962 0.052664 0.023862 -0.018969 0.0064086 0.018971 0.0064401 -0.011224 0.0062842 0.056002 0.019789 0.024786 0.011537 0.04013 0.024146 0.0024563 -0.0014989 0.0035036 0.0023736
0.0020126 -0.0011504 0.0024336 0.0019735 -0.0049345 -0.0094885 0.020285 0.015358 0.040439 0.0054288 0.059561 0.026487 0.0040319 -0.00096722 0.0040369 0.0010126 0.013474 0.00032954 0.013618 0.0040688 0.026765 0.14074 0.27736 0.18164 0.094308 0.10846 0.41593 0.27521 0.058364 -0.0083659 0.058409 0.0091457 0.011267 0.0062293 0.018331 0.009605 -0.10717 -0.1074 0.46865 0.21154 0.088387 -0.23787 0.36375 0.26102 0.11078 -0.0030786 0.11083 0.0044303 -0.0034772 0.0012733 0.0042067 0.0029108 -0.013909 -0.011772 0.072451 0.021217 0.0024176 0.011538 0.035589 0.015663 0.021724 -0.00015224 0.021726 0.00017565
-0.0045814 -0.00097083 0.0047358 0.0014031 -0.023369 -0.0034979 0.026426 0.0080546 0.041516 0.028153 0.05849 0.041889 -0.0013346 0.014983 0.004882 0.01529 -0.022412 -0.0025606 0.024255 0.0070041 0.035002 0.035349 0.19658 0.20243 0.37177 -0.020246 0.53164 0.26931 0.0036456 -0.0030407 0.014802 0.025613 0.012559 -0.0055528 0.043406 0.046108 0.10846 0.22598 0.24911 0.29342 0.12288 0.081578 0.27449 0.29764 0.030762 -0.0071449 0.031419 0.011126 0.0081703 0.00071178 0.014697 0.0054708 0.030426 0.0094578 0.049157 0.018536 -0.027514 0.019281 0.054032 0.036128 0.0065595 0.0018361 0.007336 0.0027356
0.0016804 0.0010284 0.0034768 0.0015072 0.0045478 -0.019754 0.017102 0.031719 0.044146 -0.024099 0.07048 0.024333 0.00023052 7.9409e-05 0.00023052 0.00011745 0.041566 -0.0057834 0.073584 0.020276 -0.22105 0.057861 0.22105 0.11152 0.457 -0.063124 0.45927 0.094775 0.0026434 -0.0022119 0.0027609 0.0024933 -0.017663 -0.0046306 0.040524 0.04656 -0.0057011 0.078031 0.30179 0.19499 0.23773 0.069836 0.42801 0.21689 0.01964 -0.0027238 0.019694 0.0037063 0.0014865 0.0022926 0.0018294 0.0029267 -0.0044582 -0.001857 0.026454 0.010699 0.024463 0.017105 0.043923 0.026094 0.0094435 -0.00071064 0.0094554 0.00071735
-0.0011625 0.0015839 0.0023475 0.0050249 0.035503 -0.0069457 0.045264 0.020485 -0.038856 0.0040445 0.066036 0.025516 -0.0004541 0.0031231 0.0017122 0.0068246 -0.022039 0.011785 0.022617 0.011841 0.16083 0.039228 0.36772 0.067664 -0.16387 0.012925 0.47972 0.025483 0.0044155 0.0079685 0.0080998 0.0083784 -0.019445 -0.0061477 0.020858 0.0064418 0.12591 -0.0279 0.39854 0.085005 -0.13118 -0.0092354 0.58995 0.031778 0.0020671 0.0016017 0.0064451 0.010809 -0.0040493 -0.0032974 0.0040771 0.0032974 0.024672 -0.007866 0.036053 0.0082901 -0.019967 -0.0088436 0.10168 0.0090166 0.00094756 -0.0012526 0.0015097 0.0012537
0.0022203 0.0015727 0.003826 0.0018678 0.055698 0.027701 0.056036 0.028557 0.0068822 0.0070237 0.020268 0.015248 -0.001933 0.0036001 0.0037267 0.0055549 0.010603 -0.00081534 0.022903 0.013471 0.39946 -0.0066775 0.49093 0.11835 0.032346 0.049176 0.11681 0.16649 0.0011242 -0.0021625 0.011215 0.012773 0.014658 0.00086125 0.022822 0.0074963 0.40315 0.023834 0.56599 0.091449 0.042257 0.0029316 0.10804 0.1228 0.010855 0.0065689 0.01886 0.013752 0.0031804 0.0016397 0.0033962 0.0019899 0.054611 -0.0007053 0.070569 0.0099016 0.0067816 -0.0032002 0.01429 0.023891 1.6682e-05 0.00064129 0.0012045 0.0013645
-0.0081948 0.0020931 0.0081997 0.0026796 0.046491 0.008486 0.056216 0.012327 0.011199 0.0046231 0.022423 0.012518 -0.00051164 0.00026447 0.0012203 0.0015205 -0.098332 0.028635 0.099126 0.028905 0.32164 0.057137 0.42747 0.1643 -0.0028391 0.012001 0.1269 0.13542 0.009437 -0.0017802 0.018699 0.0089596 -0.0091696 0.0042625 0.010023 0.0052124 0.051852 0.10932 0.73379 0.16851 0.048038 -0.044137 0.13741 0.079371 -0.0079557 -0.0058356 0.011591 0.015234 7.5336e-06 -7.6331e-05 5.2284e-05 0.00019987 -0.023134 -0.0001647 0.069904 0.025398 0.0079639 -0.015712 0.031566 0.041353 -0.0018436 -0.0023668 0.0043028 0.0073865
0.0038446 -9.1988e-05 0.0044607 0.00054962 0.018445 -0.0026899 0.032149 0.016474 0.065887 -0.0060977 0.078253 0.01229 -0.00017978 0.0014652 0.0026177 0.0027237 0.030414 -0.00034241 0.030662 0.0024403 0.12623 0.0052276 0.17168 0.10292 0.4322 -0.048309 0.52027 0.16304 -0.00078226 -0.00033821 0.014658 0.016296 0.017969 9.4242e-05 0.018166 0.003546 0.16845 0.013396 0.22584 0.11248 0.4003 0.040176 0.40643 0.11918 0.0037588 -0.0010974 0.010762 0.012712 0.0004823 -1.9968e-05 0.00060713 0.00026411 0.034788 0.003163 0.036734 0.017489 0.045687 0.0025728 0.056208 0.017868 -0.0001763 0.0011081 0.0016793 0.0016525
-0.0012893 -0.0022305 0.0014124 0.0023171 -0.002374 -0.0039027 0.002635 0.0045867 0.065279 0.0010501 0.066953 0.0067341 2.4044e-05 -2.4044e-05 2.4044e-05 2.4044e-05 -0.0016051 0.00079392 0.0018609 0.0024614 -0.023882 -0.040263 0.034285 0.055737 0.46043 -0.028646 0.49175 0.074346 0.0012832 -9.53e-05 0.0012832 0.00026922 -0.0032559 -0.0034496 0.004931 0.0070386 -0.026902 0.01666 0.038404 0.048013 0.49618 0.014727 0.50327 0.08259 0.00039894 0.00011996 0.00039894 0.00077883 0.00045163 0.0012525 0.00081602 0.0016977 0.0054552 0.02784 0.015057 0.032884 0.0612 0.041752 0.061233 0.041752 3.7903e-05 -1.0185e-05 3.7903e-05 3.7903e-05
0.0014938 -0.00011626 0.0046302 0.001214 0.018773 -0.0075123 0.041218 0.016275 0.046048 -0.0016333 0.073432 0.01632 0.00010405 0.0011918 0.0012731 0.0027858 -0.00059288 0.0061471 0.040321 0.0082257 0.075956 -0.0093704 0.2181 0.13895 0.35537 -0.018564 0.51991 0.12281 0.0047962 -0.0010431 0.017064 0.0203 0.003616 -0.0043253 0.02959 0.016661 0.15859 0.043562 0.22156 0.11661 0.25031 -0.015942 0.58119 0.058566 0.012186 0.0020293 0.014602 0.018437 0.0023567 -0.00057494 0.0023614 0.0010856 0.0083274 -0.0047389 0.014512 0.014261 0.047458 -0.004437 0.06237 0.012693 5.6181e-05 -0.0012249 0.0014622 0.0020996
-0.00022141 0.0013855 0.00067807 0.0013855 0.029769 0.004322 0.079725 0.0079816 -0.035974 -0.0021058 0.044809 0.0082337 0.0027134 0.0022106 0.0028114 0.0022106 -0.0040914 -0.0044247 0.0057785 0.0064326 0.19606 0.018087 0.56016 0.026728 -0.21021 0.0093321 0.3611 0.048385 0.030979 0.0036587 0.031228 0.0052477 -0.0043303 -0.010065 0.0066246 0.010065 0.19347 -0.01605 0.47968 0.038516 -0.20617 -0.033889 0.35637 0.077478 0.02493 -0.011582 0.026872 0.011622 0.00056255 -0.0016924 0.0014658 0.0066584 0.032918 9.0843e-06 0.071377 0.020803 -0.030043 0.0031151 0.035333 0.01623 0.0019569 -0.00087851 0.003354 0.003698
0.0019242 0.00050716 0.0036496 0.0036323 0.052726 -0.000693 0.087815 0.0143 0.0070863 -0.0012518 0.016663 0.017683 0.0010632 0.0017887 0.0027954 0.0024275 0.0048417 -0.00035067 0.02191 0.013666 0.35677 0.0046069 0.54942 0.12792 0.032295 0.076492 0.13081 0.14595 0.00083221 -0.0026903 0.011408 0.015382 -0.0017325 0.0012881 0.023342 0.017763 0.37865 0.024471 0.54558 0.12102 0.045903 -0.046318 0.09167 0.13085 -0.0042546 0.0040855 0.01127 0.0075524 0.0049632 -0.00010757 0.005577 0.0010941 0.036898 -0.00036673 0.086642 0.011809 0.0092013 -0.0060021 0.016715 0.0094775 -0.0003666 -0.0011939 0.0017793 0.0016698
-0.0020531 0.001119 0.0042969 0.0013778 0.029315 0.0018786 0.048472 0.0098588 0.003424 0.010433 0.0066383 0.014082 0.014811 0.0029842 0.014858 0.0044746 -0.0062372 0.0033247 0.026189 0.008192 0.28559 0.090733 0.47384 0.11183 0.03389 0.07162 0.31424 0.18335 0.057809 0.01495 0.058128 0.022937 -0.011755 0.0038219 0.023616 0.016311 0.30115 -0.048549 0.51822 0.14856 0.047277 0.018567 0.30597 0.15352 0.039695 -0.00063571 0.040227 0.013451 -0.00028559 4.002e-05 0.0025745 0.0085966 0.0035592 0.015794 0.090146 0.027552 0.036884 0.0011116 0.056341 0.015464 0.011796 0.00053099 0.012058 0.0015788
0.0016134 -0.0011695 0.0025595 0.0027347 0.042909 -0.0025817 0.076483 0.0092996 0.014612 -0.0061319 0.035735 0.018995 0.0033964 -0.0020951 0.0042503 0.0038302 0.012211 -0.0066265 0.024649 0.010531 0.29891 0.055737 0.46182 0.14599 -0.061818 0.0039564 0.19589 0.37966 0.0038515 -0.031069 0.020286 0.054012 0.011577 -0.0034136 0.027622 0.0079318 0.35817 -0.082968 0.53688 0.091131 -0.060505 -0.021821 0.1208 0.094165 -0.021462 0.014184 0.021462 0.02599 0.00051471 1.785e-05 0.0021716 0.0012213 0.043486 -0.0074243 0.070097 0.00982 0.0025257 -0.01372 0.043427 0.022327 -0.0015063 -0.0025468 0.001514 0.0026423
-0.0016217 -0.00027498 0.0016997 0.00092422 0.016011 0.027122 0.029457 0.044741 -0.01122 0.023343 0.019646 0.033694 0.016122 0.003691 0.016198 0.0040253 -0.015529 0.004188 0.01645 0.025463 0.38062 0.071015 0.60138 0.25507 0.042359 0.13294 0.12338 0.3009 0.0046464 -0.0046565 0.018739 0.03157 -0.0059745 0.0088174 0.017161 0.021702 0.24472 0.02749 0.34053 0.22039 0.11595 -0.090017 0.13309 0.11659 -3.4588e-05 0.00052719 0.0070104 0.0033667 0.0012354 0.0023459 0.0040943 0.0049079 -0.0076842 0.015511 0.038352 0.021385 0.017897 -0.014117 0.073523 0.04151 0.0033333 0.0014915 0.0052356 0.0046244
-0.0032653 0.00049711 0.0038803 0.0021392 0.012304 -0.017583 0.040804 0.04029 0.035185 -0.012947 0.059312 0.047489 0.0021944 -0.0014724 0.0075381 0.0071051 -0.0094664 0.013427 0.011535 0.014566 -0.071797 0.03168 0.12011 0.10279 0.44769 -0.0073491 0.50648 0.18443 -0.00070043 0.029355 0.025603 0.032048 -0.016474 0.014186 0.019748 0.023622 0.13372 0.10384 0.25946 0.37998 0.12973 0.053323 0.32231 0.27707 0.033506 -0.01752 0.042451 0.053805 0.00065066 0.0019398 0.004716 0.0042579 -0.034714 -0.010663 0.038231 0.031946 0.049674 -0.04051 0.067389 0.053259 0.002239 -0.0019627 0.0024606 0.004335
-0.00065922 -0.0057624 0.00088091 0.0064853 -0.0058605 -0.037465 0.0075955 0.043968 0.076902 -0.014792 0.077207 0.018132 1.9342e-05 0.00014044 2.393e-05 0.00021797 -0.0015405 0.014171 0.0048835 0.014171 -0.0084342 0.087901 0.018655 0.087901 0.52181 -0.010877 0.52297 0.058728 -6.7866e-05 0.00071707 0.00020228 0.00071707 -0.0092234 0.0075364 0.0099929 0.011116 0.016532 0.033082 0.072314 0.19665 0.40892 0.0039582 0.41561 0.15203 0 0 0 0 -0.0018078 0.00010825 0.0018599 0.00044169 -0.0048776 0.0044762 0.005722 0.012779 0.066488 -0.0041254 0.069917 0.011835 0 0 0 0
-3.3328e-05 3.1108e-05 4.1034e-05 4.1034e-05 -0.062376 -0.064836 0.062522 0.065548 -0.025528 -0.047606 0.033937 0.047637 0.00038754 -0.0027213 0.00044832 0.0028523 -0.080144 -0.067342 0.080819 0.06761 -0.073332 -0.18272 0.41342 0.38051 0.14411 0.19384 0.14411 0.21998 0.014502 0.026698 0.014502 0.026698 -0.06415 0.047177 0.1015 0.08893 -0.0045244 0.18849 0.48328 0.30978 0.14899 -0.03395 0.14899 0.077199 0.01254 0.00082253 0.01254 0.0053422 0.0067284 -0.0054129 0.0094217 0.009042 -0.051341 0.051026 0.090956 0.090048 0.0048072 0.0003756 0.06567 0.061266 0.0037727 -0.0017721 0.0037727 0.0022648
-0.0031324 0.0002695 0.0044067 0.0021322 -0.008027 -0.012402 0.0094189 0.017712 0.055724 -0.0038183 0.060237 0.0074165 0.003076 -0.00015385 0.003076 0.00018287 -0.015201 0.0034176 0.035616 0.019815 -0.10441 0.014895 0.11656 0.043772 0.40585 -0.0070396 0.41749 0.035864 0.022931 -0.00026418 0.022931 0.00071111 0.019122 0.0017032 0.032606 0.018151 -0.17015 0.16457 0.38492 0.37881 0.35629 0.032733 0.35725 0.10312 0.02214 0.0003564 0.022509 0.00068729 0.0017822 0.00095204 0.0030285 0.0016646 -0.017903 0.010331 0.020947 0.013189 0.042108 0.0064769 0.053846 0.0086821 0.0032833 2.0884e-05 0.0033246 0.00010165
-0.007996 -0.0010103 0.007996 0.0010103 0.042418 0.001731 0.10079 0.011851 -0.011014 0.02087 0.019039 0.03028 -0.0039344 0.0053443 0.0062741 0.0083297 -0.11672 -0.0073855 0.11672 0.0073855 0.40649 0.0086834 0.58062 0.039083 0.019757 0.0097028 0.025649 0.022432 -0.022745 0.011533 0.024463 0.011606 -0.16082 -0.0074403 0.16082 0.0074403 0.39631 0.0062289 0.42374 0.050475 0.085634 -0.033274 0.15226 0.13337 -0.017593 -0.0051964 0.021789 0.0060671 -0.020085 -0.0015807 0.020085 0.0023166 0.066438 -0.0071666 0.066939 0.0077341 0.00036715 -0.0077532 0.0068282 0.010513 -0.0060976 -0.0040562 0.0063705 0.0040587
-0.0087931 -0.0022954 0.012494 0.0038615 0.022449 -0.011046 0.047078 0.045032 0.019538 0.027208 0.043167 0.04092 -0.00025958 -0.0029928 0.0096065 0.0063376 0.030542 -0.001353 0.044289 0.019083 0.25402 0.057305 0.55778 0.15932 0.073939 0.084087 0.22313 0.15825 -0.012197 0.031447 0.028251 0.033283 0.00048323 -0.011217 0.016025 0.022968 0.28908 -0.055874 0.4294 0.19391 -0.039162 -0.16795 0.17144 0.32884 0.016085 -0.043026 0.02297 0.054004 -0.00056188 -0.00020387 0.0030356 0.00076011 0.04873 -0.015365 0.077259 0.016202 -0.013221 -0.0021257 0.02089 0.014253 -0.0026113 0.00069939 0.0026113 0.0022879
0.0057727 -0.0033134 0.0092508 0.0060565 0.010945 -0.001845 0.038617 0.011588 0.03395 0.0069417 0.043927 0.014622 -0.00076364 -0.00047865 0.00095615 0.00059447 0.032971 0.010423 0.040884 0.020401 0.24698 -0.011087 0.52527 0.094082 0.12761 0.0015771 0.41656 0.10376 0.00025359 -0.001579 0.0037847 0.004076 -0.0086885 -0.010538 0.015942 0.015385 0.26543 -0.048002 0.4003 0.14853 0.12975 -0.12267 0.33858 0.1894 0.0058867 -0.0040886 0.0072312 0.007027 0.00067536 -0.00074215 0.0035918 0.0012024 0.034069 -0.0077081 0.057828 0.013692 -0.0053344 -0.0087062 0.030184 0.024678 0.0098464 -0.0068757 0.010033 0.0071131
-0.00093359 -0.00028777 0.00093359 0.00061267 0.064153 0.0020317 0.076842 0.013701 0.0029188 0.0051144 0.014498 0.018891 -0.00034848 0.00086573 0.0012466 0.0026239 -0.010803 -0.0057881 0.011056 0.0059763 0.42894 -0.0042086 0.53688 0.092659 0.046053 0.014058 0.1009 0.088556 -0.0039305 -0.0015672 0.013023 0.013857 -0.014021 -0.003818 0.014079 0.0055653 0.41564 0.01556 0.50145 0.10572 0.057437 -0.055282 0.14448 0.11816 0.0019979 -0.0029271 0.016643 0.016004 -0.0020355 -4.828e-05 0.0020401 0.00073118 0.064488 0.0016326 0.068556 0.011897 0.00092258 0.0049436 0.019753 0.0087968 -0.00041521 0.00069073 0.0017723 0.0013569
-0.00012993 -0.0002689 0.00019129 0.0002689 -0.0045608 -0.019376 0.0056495 0.019507 -0.014619 -0.047613 0.017286 0.047613 -0.0010725 -0.0020611 0.0027976 0.0061906 -0.021954 -0.068841 0.02444 0.069493 0.23552 -0.11852 0.44584 0.37627 -0.033874 0.0093303 0.2478 0.15016 0.03095 0.008794 0.036117 0.02243 0.001504 0.0011084 0.003649 0.0077038 0.34237 -0.024536 0.47317 0.12861 0.026043 0.032567 0.31252 0.13364 0.021077 -0.00093656 0.031341 0.011273 0.00018976 -0.0001867 0.00027551 0.00069614 0.056946 0.0024853 0.066056 0.0081252 0.00022308 -0.00075377 0.018026 0.018798 -0.0014651 -0.00047038 0.0039784 0.003705
8.4777e-05 -0.00022379 0.0029123 0.0012918 0.0516 0.013977 0.078594 0.022651 -0.01376 -0.0093945 0.04092 0.04365 0.012748 -0.00036656 0.013211 0.0016299 -0.032583 -0.011223 0.05754 0.018564 0.4483 0.02062 0.51055 0.076408 -0.12905 0.012539 0.18207 0.14358 0.047426 -0.027045 0.077965 0.04107 -0.040202 0.011199 0.069652 0.03325 0.38995 -0.071152 0.38995 0.098557 -0.14503 -0.1375 0.15621 0.14286 0.0018877 -0.015472 0.031397 0.02182 -0.012527 0.027039 0.012625 0.027388 -0.020295 0.08014 0.052033 0.08457 -0.0081651 0.0082475 0.014756 0.016946 -0.0015063 -0.00031861 0.0015063 0.00084496
-0.00072592 -0.00076039 0.00077396 0.00093436 -0.0025902 0.0052944 0.0056467 0.0099428 0.062614 0.0052419 0.068095 0.010252 0 0 0 0 0.005346 -0.0052952 0.0062307 0.0080276 -0.026016 -0.04477 0.042426 0.0555 0.45874 -0.015362 0.49311 0.041506 0.00013207 -0.00013207 0.00013207 0.00013207 -0.011033 0.006184 0.026251 0.025019 0.0038476 -0.033222 0.03606 0.049241 0.4961 0.031269 0.50651 0.063689 0.00013207 0.00013207 0.00013207 0.00013207 -0.0059391 0.0033759 0.0059391 0.0035686 -0.0069719 0.00047298 0.021549 0.020777 0.079553 -0.0030225 0.079553 0.011857 0 0 0 0
0.0012992 -0.0020365 0.0020927 0.003419 0.059155 -0.0045605 0.090534 0.015475 -0.0058945 -0.0068349 0.020851 0.01632 0.00032736 0.0010833 0.0034689 0.0020396 0.012824 0.0084749 0.02281 0.012919 0.43565 -0.029251 0.49325 0.098001 -0.045972 0.0772 0.1439 0.15223 0.0075728 -0.0011322 0.014213 0.012441 0.013186 -0.0022375 0.034085 0.014043 0.42167 0.020464 0.50236 0.15813 -0.011782 -0.021869 0.12196 0.098104 0.0012568 0.0047341 0.017632 0.01289 0.0032493 -0.00016104 0.0039184 0.0019373 0.055422 0.015263 0.05734 0.022811 0.0015067 -0.0034149 0.013831 0.016642 -0.00020294 -0.0012198 0.00087101 0.0017609
-0.0078228 0.0027306 0.009531 0.0028585 -0.0015227 0.015466 0.059323 0.026257 -0.028928 0.011043 0.029366 0.014602 0.0072356 -0.00054828 0.0076202 0.00083107 -0.055241 0.023387 0.063793 0.047923 0.27305 -0.003134 0.3977 0.22752 -0.17439 0.27828 0.40969 0.37389 0.013771 0.01678 0.048191 0.038288 -0.027863 -0.023216 0.052794 0.050154 0.21824 -0.01328 0.26489 0.14545 -0.14601 -0.11236 0.18702 0.24239 0.00058214 -0.00098491 0.028992 0.036463 0.0011826 -0.0011752 0.0012019 0.0016373 0.021879 0.0030302 0.03991 0.012081 -0.012817 -0.0059687 0.022749 0.020155 0.0015899 0.00079618 0.0068912 0.005428
0.001179 0.00081559 0.0039354 0.0017943 0.025038 0.002829 0.029323 0.014063 0.031835 0.0049883 0.045154 0.019378 0.0010072 -0.0015683 0.0017449 0.0024822 0.0032606 -0.0050327 0.018215 0.0073376 0.22122 -0.02443 0.27253 0.11734 0.22149 0.011116 0.5725 0.088985 0.0093639 0.012228 0.01448 0.023281 0.005263 0.0053758 0.018427 0.0080639 0.1311 0.022229 0.23277 0.10374 0.31999 -0.011649 0.51014 0.12625 0.0040814 -0.0031086 0.013257 0.013467 -0.00079104 -0.00066358 0.005753 0.0012046 0.023905 0.010366 0.025267 0.017026 0.041338 0.0070165 0.071554 0.016238 0.0013254 0.00066855 0.002155 0.0028272
-0.0080896 0.0050431 0.0090405 0.0055026 -0.0077429 -0.00073457 0.039361 0.021801 0.063854 -0.023665 0.084431 0.025668 0.00022082 0.00012393 0.00022623 0.00030059 -0.029327 -0.0049206 0.037601 0.018698 -0.020512 0.086139 0.44801 0.27074 0.25238 0.058175 0.51792 0.31372 0.024618 -0.0077692 0.024992 0.0090089 -0.024329 -0.034506 0.035841 0.043935 0.16425 -0.059847 0.21116 0.12131 0.023629 0.037591 0.33241 0.15845 0.10934 -0.011689 0.10934 0.011974 -0.0046695 -0.00033018 0.010669 0.0028093 0.040845 0.00081663 0.040845 0.0087664 -0.024582 0.007674 0.052358 0.030747 0.023791 -0.0023982 0.023791 0.0024168
-0.00061627 0.00093931 0.0044173 0.0053145 -0.0207 0.065088 0.021985 0.065705 0.054158 0.018384 0.068842 0.020622 0.0026866 2.32e-05 0.00281 0.00011382 0.0040643 0.0022611 0.02622 0.021556 0.12378 -0.031206 0.30667 0.11437 0.11714 0.094356 0.52717 0.10588 0.018212 -0.00021514 0.019596 0.00021514 0.013935 0.00075666 0.016535 0.0047065 0.15459 -0.013674 0.31273 0.057311 0.11883 -0.041833 0.61548 0.12125 0.0056004 0.0023758 0.0070868 0.003202 0.0015158 -7.6061e-05 0.0019514 0.0022203 0.015396 0.0026926 0.042886 0.0078211 0.026485 0.0069006 0.082572 0.010139 0.0001619 -2.6712e-05 0.0001619 2.6712e-05
0.0040454 -0.00025545 0.0048413 0.0019818 0.026088 0.0029486 0.036796 0.015084 0.033182 0.0057134 0.042845 0.012762 -0.0002282 -0.00034497 0.0010265 0.00089417 0.01204 0.0058402 0.019542 0.0095868 0.44254 0.10903 0.5198 0.15227 -0.01648 -0.018679 0.037117 0.032512 -0.0028607 -0.0041408 0.010152 0.006603 0.0037357 0.0028911 0.023046 0.018153 0.41244 -0.11902 0.51662 0.15116 -0.00048445 -0.040432 0.034647 0.049402 -0.00063488 0.0015675 0.0085703 0.0085954 0.002176 0.0015376 0.0050793 0.0026615 0.042428 -0.011813 0.080197 0.020618 0.0089038 -0.0053743 0.013968 0.0094951 0.00043338 0.00043298 0.00092609 0.00099452
0.0014339 9.8399e-05 0.0039817 0.0012602 0.031646 0.0056343 0.033838 0.018083 0.046162 -0.005773 0.066908 0.013113 0.0011922 0.00029869 0.0022889 0.0019494 0.021086 -0.0020849 0.024777 0.0078579 0.20491 -0.029614 0.21577 0.14089 0.30922 -0.062037 0.54501 0.11338 -0.002859 0.0027755 0.0095628 0.012809 0.035184 -0.0036434 0.035191 0.0043169 0.15312 0.04798 0.22434 0.087493 0.32928 0.021652 0.50486 0.11686 0.0029923 -0.0028618 0.011398 0.0083844 0.0026223 -0.00014807 0.0027001 0.00052438 0.029419 -0.011041 0.033645 0.023171 0.041557 0.0079619 0.041871 0.020874 -0.004278 -0.004338 0.0047298 0.0049936
-0.001419 -0.00058316 0.0014297 0.00067551 0.068066 0.0013869 0.079699 0.011793 0.0023608 -0.00045759 0.011211 0.0099624 0.001027 0.0006488 0.0023919 0.0018263 -0.012336 -0.0014852 0.012408 0.0053974 0.42421 0.021934 0.50094 0.077761 0.034436 0.012258 0.12565 0.13424 -0.0040854 -0.0027941 0.010809 0.017376 -0.031943 0.007137 0.031957 0.01636 0.44557 0.019517 0.50982 0.097713 0.022418 -0.051576 0.1395 0.098056 0.0017464 0.00086722 0.02106 0.0080855 -0.016031 0.0086631 0.016067 0.0086859 0.055388 -0.014929 0.077136 0.024512 0.0030732 0.017194 0.023568 0.0203 -0.00094486 -0.0010852 0.0025813 0.0016168
-0.0047844 -0.0040323 0.0069455 0.0059317 0.0047438 -0.0090868 0.033497 0.023213 0.050069 0.0078111 0.093116 0.019434 0.0057761 0.0016412 0.0059102 0.0021268 -0.009802 -0.0037926 0.019533 0.018731 0.27871 0.087883 0.44511 0.16289 0.16608 -0.02727 0.42577 0.15159 0.01051 -0.0016077 0.011494 0.0069472 -0.10395 0.087563 0.10772 0.097994 0.12484 0.049911 0.38135 0.21035 0.1143 -0.16649 0.30023 0.17898 0.036924 -0.010632 0.038628 0.021902 0.00024931 0.00014357 0.00043767 0.00032064 -0.074499 0.081729 0.07474 0.087035 -0.025599 0.0070582 0.027284 0.029565 0.022573 -0.004601 0.022836 0.0059696
-0.0037029 -0.00066511 0.0047142 0.0027935 0.018115 -0.018457 0.020257 0.018733 0.016434 0.010642 0.085997 0.019982 0.0025367 0.00014119 0.0049991 0.0024789 -0.071104 0.025514 0.074385 0.025664 0.099604 -0.0064993 0.12927 0.060944 0.26008 -0.07175 0.34352 0.16989 -0.062522 0.0087106 0.063085 0.012659 -0.084617 0.028774 0.08467 0.028794 0.038762 0.12811 0.49351 0.38705 0.21939 0.065716 0.36826 0.30976 -0.040777 0.0049311 0.046355 0.0082983 -0.019445 0.0050882 0.01948 0.0050882 -0.015045 0.0078814 0.034341 0.017341 0.032856 -0.0020853 0.033055 0.016581 -0.003722 -0.00044813 0.0040314 0.0020165
-0.0021342 0.0026565 0.0072991 0.002776 -0.019735 0.0052576 0.040545 0.01752 0.051622 -0.005197 0.064208 0.014718 -0.00082428 2.4988e-05 0.003404 2.4988e-05 -0.051133 0.011257 0.053486 0.01681 -0.073708 0.14861 0.31779 0.1762 0.26941 0.14583 0.55994 0.257 -0.0057198 -0.00015489 0.023616 0.00015489 -0.022449 0.0042247 0.029473 0.0080971 0.0041776 -0.094784 0.18042 0.18626 0.17083 0.0052586 0.44454 0.19561 -0.0052185 4.9634e-05 0.024052 0.00026043 -0.0030016 0.00039285 0.0042166 0.00084942 -0.0047844 0.025803 0.028882 0.02808 0.02957 -0.014778 0.060597 0.023278 -0.00074353 -3.6138e-05 0.0034859 0.00014967
0.0065475 9.338e-05 0.008033 0.0026593 0.012576 -0.0055406 0.049171 0.015078 0.012485 -0.0035715 0.059217 0.016574 0.0015492 0.00021791 0.0019008 0.0012407 0.031789 0.024888 0.038327 0.029393 0.0042116 -0.16825 0.25292 0.27297 0.2759 0.040112 0.41898 0.12527 0.0060913 -0.0016229 0.015714 0.011725 0.0095285 -0.0020032 0.028368 0.015286 -0.1479 0.098259 0.18163 0.11951 0.41288 -0.099697 0.49868 0.19159 0.0081037 -0.0017383 0.015845 0.010454 -0.0014228 2.4942e-05 0.0075441 0.0027683 -0.013253 -0.021203 0.015182 0.021203 0.033556 -0.024365 0.054038 0.027318 0.0023986 0.0011081 0.0029913 0.0021067
-0.0015632 -0.0015574 0.01066 0.0049873 0.0020315 -0.008174 0.0068151 0.015017 -0.017098 -0.0091219 0.021509 0.022228 -0.00015027 0.0044976 0.0041379 0.0053662 -0.016485 -0.0011055 0.017549 0.012106 -0.043371 -0.1318 0.19079 0.25662 0.068356 -0.2356 0.16224 0.27567 0.0057114 -0.0094594 0.014226 0.018152 -0.0072007 -0.0032158 0.010582 0.0068221 -0.19946 0.04266 0.26241 0.12918 0.28569 0.24684 0.50566 0.37582 0.075957 0.056623 0.082827 0.089956 -0.0017298 0.00058662 0.0017298 0.00064671 -0.0078666 -0.0026479 0.024371 0.012123 0.03915 0.010411 0.12772 0.051968 0.014368 0.0036726 0.014951 0.0058783
-0.015212 -0.0026122 0.015212 0.0026199 -0.0047474 -0.046179 0.033603 0.065527 0.040852 -0.006556 0.041299 0.079288 -0.0034204 0.0038475 0.0036319 0.01481 -0.16124 0.00024275 0.16124 0.0010059 0.058165 0.00011984 0.2481 0.075042 0.40285 0.0164 0.43925 0.13743 0.0063341 0.001025 0.014715 0.014134 -0.15643 0.00057414 0.15643 0.00057414 0.051675 0.0062092 0.2101 0.034384 0.41662 -0.027192 0.44243 0.096786 -0.00068957 0.004824 0.012823 0.011937 -0.021975 -9.1252e-05 0.021975 0.00020453 0.0097713 0.004339 0.029254 0.010219 0.052816 -0.0045836 0.052841 0.014187 0.00022548 0.001261 0.0013099 0.0023974
-0.0026991 -0.0010387 0.0037134 0.0021871 0.073483 -0.060825 0.10023 0.072908 -0.0018131 -0.030908 0.03155 0.031118 0.0007257 -0.00065593 0.0015106 0.001202 -0.0091081 0.012458 0.012226 0.01431 0.33128 0.15711 0.42827 0.2013 -0.12095 0.080796 0.23615 0.30274 0.088937 -0.0059038 0.091356 0.040559 0.016715 -0.0060162 0.051363 0.048217 0.23458 0.058946 0.35792 0.30166 0.095719 0.089587 0.22867 0.24382 0.0068112 0.021343 0.014479 0.027907 -0.0052349 0.0081819 0.0075615 0.011566 0.055001 -0.025403 0.072812 0.045242 0.0038284 -0.0045432 0.020173 0.042533 -0.0031908 -0.0096259 0.0035183 0.011659
0.0017684 0.0021848 0.0035932 0.0035594 0.029567 -0.0029725 0.060741 0.017123 0.01368 0.0073889 0.032882 0.019902 0.0021594 0.001012 0.0026544 0.0014764 0.046653 0.023115 0.047562 0.03014 0.20464 0.072287 0.54729 0.10441 0.091052 0.086541 0.31808 0.10379 0.0042301 0.0041977 0.0075117 0.0093038 0.070809 -0.008296 0.073078 0.030478 0.13093 -0.027639 0.5388 0.10269 0.14566 -0.077441 0.34733 0.13997 -0.0029557 0.0065877 0.0050957 0.0088292 -0.0040396 -0.0020161 0.0073282 0.0056514 0.02167 0.0057413 0.032084 0.01367 0.022033 0.0055349 0.03982 0.020146 -0.00039312 0.00044502 0.0005433 0.00056966
-0.0097085 0.004539 0.011029 0.0056619 -0.0085241 0.0031917 0.048854 0.013893 0.046387 -0.015464 0.06943 0.02111 -0.002633 1.7354e-05 0.0062363 9.2207e-05 -0.023593 0.0038988 0.040584 0.019496 -0.019194 0.10236 0.39911 0.15977 0.11576 0.13162 0.52203 0.37455 0.0168 -0.0015189 0.06795 0.0041519 -0.010568 0.0055572 0.021109 0.012452 0.014829 -0.021004 0.18708 0.1218 0.064543 0.027728 0.49669 0.16188 0.023355 -0.00014305 0.072685 0.00045329 -0.0012747 0.00012204 0.0047512 0.0018351 0.0070614 0.0032834 0.03476 0.014819 -0.0082525 -0.0035664 0.067672 0.036909 0.0064038 -0.00068213 0.012992 0.0013523
0.0014299 0.0011183 0.0019471 0.0080379 0.025833 0.063687 0.033059 0.093659 -0.027093 0.031459 0.048076 0.060515 -0.0014744 -0.0010079 0.0026531 0.0039514 0.013813 0.0099922 0.027041 0.039872 0.21552 -0.0089502 0.33691 0.14842 -0.24275 0.089828 0.32541 0.34148 0.028942 0.052395 0.057325 0.054911 -0.0024158 -0.027279 0.01162 0.027349 0.28719 -0.027808 0.37384 0.15638 0.020879 0.12576 0.27586 0.38062 0.0031586 0.010903 0.0052395 0.013166 -0.0014592 -0.0018959 0.0051779 0.0031515 0.040356 0.029042 0.040356 0.029057 0.013888 -0.015548 0.02135 0.031764 0.00024401 0.0007661 0.0023641 0.0033781
-0.0014628 -0.00069694 0.0031803 0.0010474 0.054832 0.013804 0.088879 0.021623 -0.012985 0.0034886 0.037977 0.048829 0.0047562 -0.0087978 0.0054404 0.0089026 -0.00078588 -0.0042854 0.044872 0.017164 0.4336 0.012195 0.59334 0.10013 -0.12995 -0.020708 0.15977 0.13727 -0.016454 -0.0011281 0.025624 0.025689 -0.051291 -0.012729 0.074584 0.016137 0.35725 -0.059685 0.35725 0.08689 -0.10613 -0.14464 0.18237 0.15812 -0.011473 -0.010673 0.011652 0.015583 -0.0039318 0.0039986 0.010978 0.0063441 0.030632 0.0013898 0.031668 0.0060288 -3.4877e-05 -0.0020959 0.0075208 0.0084724 -0.0012954 -0.00068411 0.0012954 0.0014918
-0.0018839 -0.0012143 0.0026335 0.0017401 0.03223 -0.0088279 0.065011 0.019713 0.023367 0.003174 0.031074 0.0078391 -0.004212 0.0026535 0.0043691 0.0043717 0.00064093 -0.018219 0.0081256 0.023189 0.33993 0.019065 0.49209 0.11786 -0.0095903 -0.014415 0.071622 0.16945 -0.012528 -0.042526 0.027474 0.051564 -0.014398 -0.012871 0.014497 0.014998 0.36063 0.019867 0.43596 0.31811 0.055287 -0.056822 0.15289 0.33759 0.0039903 0.043673 0.033699 0.075122 -0.0016707 -0.0012765 0.0038676 0.0018574 0.048064 0.016031 0.048355 0.016125 0.0038012 0.0043955 0.0051345 0.0069596 -0.00063428 0.0039551 0.0018874 0.0055189
-0.016974 -0.019817 0.016974 0.019817 -0.031519 -0.063891 0.070006 0.067359 0.010026 0.025004 0.1036 0.13197 0.0036922 0.0067514 0.0037609 0.0067514 -0.011351 -0.011275 0.12292 0.092654 0.096405 0.24805 0.31225 0.31402 0.15662 -0.0026803 0.39571 0.48619 -0.031225 -0.030898 0.048482 0.078018 0.018099 -0.0096842 0.027666 0.052074 0.10777 -0.053008 0.27655 0.19087 -0.080374 -0.13407 0.17544 0.20573 0.0023245 0.035974 0.03423 0.039308 -0.0010484 -0.0013017 0.0070282 0.0053805 -0.006678 -0.0081902 0.028637 0.023793 0.020437 0.011018 0.028663 0.024787 0.0026837 0.0013824 0.005054 0.0038182
0.0018781 0.0011054 0.0026901 0.0025723 0.001487 0.0015874 0.018266 0.0062137 0.05619 0.0048484 0.068944 0.011994 -0.0011991 -0.00025448 0.0016394 0.00084937 0.044819 -0.0013012 0.062716 0.013072 -0.019224 -0.06326 0.065462 0.10731 0.42812 0.0019927 0.49623 0.1036 -0.0050605 -0.00052265 0.0065857 0.0053783 0.055867 -0.0018335 0.067378 0.01198 -0.080166 0.016805 0.082179 0.07922 0.46426 -0.048561 0.48851 0.17496 -0.0071941 -0.0039825 0.010851 0.0067586 0.0088474 -0.00076039 0.011314 0.0032973 -0.01819 0.010991 0.025418 0.017247 0.057227 -0.01168 0.066565 0.021697 0.00067756 -0.0007484 0.0015461 0.001303
0.0076032 0.00055657 0.011601 0.0023028 0.049128 0.023893 0.065559 0.025401 0.0074811 0.0056116 0.012836 0.013932 0.0010621 0.00023146 0.0016358 0.0019434 0.057436 -0.00015409 0.10026 0.018116 0.36864 0.0047695 0.53899 0.14753 -0.015999 0.043276 0.047309 0.073381 0.0038089 0.00089783 0.0082968 0.0071862 0.042711 0.0068123 0.057983 0.016762 0.45128 -0.018436 0.53366 0.087574 -0.04088 0.010085 0.050155 0.04837 0.0019504 -0.00022975 0.0067753 0.0059825 0.0074532 -0.00064125 0.0088793 0.0012558 0.066602 -0.0094557 0.077609 0.012309 -0.0067355 -0.0017372 0.0090833 0.0039374 -0.00046939 -0.00035245 0.0012183 0.00075465
0.0020918 -0.00077954 0.0045794 0.0020471 0.0040202 0.0073966 0.019968 0.011877 0.046674 0.009899 0.058245 0.0202 -0.00041075 -0.00033774 0.00050455 0.00046235 0.064747 0.013195 0.082238 0.022119 -0.055521 -0.028322 0.086745 0.12508 0.40468 -0.042781 0.51236 0.14846 -0.00053354 -0.0052022 0.0055449 0.0093829 0.0701 0.0052316 0.072887 0.012104 -0.18224 0.083702 0.23055 0.10821 0.39511 -0.016692 0.46162 0.09256 0.006187 -0.0030559 0.0079834 0.0066096 0.0082402 -0.0022411 0.0083017 0.0027036 -0.024567 -0.0032748 0.047812 0.015173 0.04411 -0.0084091 0.071219 0.016023 0.0014192 -0.00026488 0.0020153 0.00097031
0.00078584 -0.0053819 0.0033205 0.0077653 -0.012293 0.015355 0.048995 0.024828 0.032785 0.0122 0.043006 0.01723 0.0087503 0.0026536 0.0088174 0.0030222 0.019047 0.0013857 0.037011 0.010603 -0.11427 -0.01295 0.68423 0.13916 0.28067 -0.026599 0.38623 0.10187 0.068881 0.014515 0.069781 0.015005 0.033475 0.022158 0.053786 0.066798 -0.10803 0.045021 0.30822 0.19015 0.14527 0.020044 0.21155 0.070714 0.081783 -0.0075422 0.084724 0.0094304 -0.00071662 0.0018559 0.0047753 0.0042389 -0.00056765 -0.0093251 0.019573 0.016397 0.017207 -0.0049109 0.02655 0.0091716 0.011396 -0.001541 0.01185 0.0018753
0.0041407 0.0081358 0.004151 0.0081389 0.01067 0.097371 0.039121 0.097371 0.028756 0.10755 0.029827 0.10894 0.0011576 0.0031786 0.0029137 0.011665 0.0065411 0.018943 0.013063 0.059065 0.27404 0.17392 0.29573 0.37877 -0.21561 0.24958 0.2591 0.3334 0.0033777 0.022011 0.0082675 0.022269 0.0089218 0.020671 0.0093063 0.02083 0.10309 0.016738 0.10821 0.099644 0.030727 0.0097352 0.48348 0.23374 -5.918e-06 0.006623 0.0022671 0.0081191 0.0012297 0.00053106 0.0013449 0.00067618 0.0012364 0.0017828 0.0036761 0.0059396 0.019105 -0.0099884 0.036964 0.019734 -0.0046206 0.0025771 0.005245 0.0031256
0.0038165 0.001277 0.0059572 0.0036795 0.037741 0.0063154 0.072685 0.017671 0.011552 0.0010164 0.025018 0.010006 -0.0013751 -0.00073937 0.0020815 0.0020955 0.020811 -0.0022277 0.02949 0.027184 0.27213 -0.018967 0.572 0.14045 0.014688 -0.02234 0.10495 0.087127 0.00041515 0.0018801 0.011512 0.014436 0.034215 0.011319 0.037747 0.017786 0.25293 0.013118 0.43408 0.14879 -0.20457 -0.21317 0.2585 0.30589 0.0083237 -0.05239 0.042014 0.07557 0.0048642 -0.0024907 0.0066051 0.0062797 0.043243 -0.012137 0.060706 0.026212 -0.052367 -0.0052974 0.060509 0.012767 -0.0029084 0.0013329 0.011279 0.0032131
-0.019572 -0.0079785 0.019577 0.0079872 0.0044062 0.010655 0.080316 0.091991 0.040477 0.08267 0.052031 0.085302 -0.012612 -0.0071427 0.015944 0.0084663 -0.10379 0.022474 0.16581 0.066562 0.37558 0.06413 0.3798 0.23188 -0.19527 -0.16391 0.27823 0.37639 -0.017381 -0.01538 0.019212 0.015917 -0.038518 -0.03877 0.098287 0.054812 0.13713 -0.033569 0.20619 0.22959 -0.17203 -0.1296 0.30298 0.14009 -0.014166 -0.0079274 0.015836 0.0081867 0.0044656 0.0026601 0.0087614 0.0050027 -0.012136 -0.0029523 0.037643 0.024899 -0.018161 -0.017701 0.028103 0.020452 -0.0039899 0.00047112 0.0044052 0.0044331
-0.0046005 0.00036623 0.0055806 0.0015125 0.026792 0.0069189 0.074861 0.011763 0.015782 0.0053531 0.017136 0.016308 -0.0026603 0.00020414 0.0029911 0.0020308 -0.030786 0.002968 0.042159 0.0084354 0.26056 0.080078 0.49647 0.10879 0.026282 0.035792 0.20605 0.13127 0.029204 0.039326 0.062304 0.06025 -0.011024 0.0038599 0.022818 0.023036 0.25199 -0.034036 0.51607 0.11228 0.083609 -0.037788 0.28917 0.30831 -0.0017763 -0.035965 0.13092 0.14337 0.0020665 -0.0070937 0.0032008 0.0077629 0.0002891 0.01211 0.090973 0.031285 0.013888 -0.035794 0.02255 0.051945 -0.013107 0.0018218 0.014909 0.010739
-0.0039388 -0.00068616 0.0046817 0.001795 0.021541 0.014653 0.056061 0.027978 0.019627 0.029384 0.039762 0.044293 0.0057076 0.0052033 0.0099698 0.0053907 0.0073162 0.009394 0.020811 0.014383 0.037634 -0.046834 0.33538 0.14421 0.31636 -0.042331 0.39701 0.20576 0.054334 0.011117 0.12797 0.029364 0.031481 0.0041778 0.031562 0.0072225 0.056523 0.0308 0.31118 0.12051 0.20796 -0.0098477 0.52656 0.12464 0.15787 0.027331 0.18201 0.046745 0.0061687 0.00065778 0.0061691 0.00089365 0.0072831 0.0034307 0.043225 0.028718 0.041871 0.033099 0.084729 0.048856 0.013998 0.0037178 0.01985 0.0051454
0.0066442 -0.0023919 0.0096299 0.0033752 0.017815 -0.002596 0.022894 0.006902 0.0064515 -8.9486e-05 0.0076649 0.0025253 0.0022049 0.0028563 0.002939 0.0036439 0.095002 -0.037505 0.10017 0.040083 0.20524 0.022514 0.30799 0.1323 0.11721 0.093703 0.24822 0.33862 -0.011331 -0.014593 0.023868 0.031169 0.030726 -0.009994 0.079107 0.034202 0.40925 -0.13383 0.48146 0.26025 -0.024737 -0.2168 0.14655 0.22002 0.0035171 -0.0033927 0.0059148 0.0039262 -0.0011394 0.002455 0.01599 0.0054469 0.059218 -0.028333 0.059218 0.028333 3.6551e-05 -0.0023555 0.031676 0.013255 0.00064775 -0.00094613 0.00070728 0.00097813
-0.0021453 -0.00019916 0.0022651 0.00027183 -0.013723 -0.0054145 0.034476 0.0070972 0.07356 -0.00076117 0.07356 0.0010236 -0.0033132 -6.3691e-06 0.0033132 7.5054e-06 -0.017288 7.8417e-05 0.017613 0.0064644 -0.057357 -0.018353 0.17653 0.052945 0.47966 0.0041893 0.47966 0.013454 -0.023144 2.7284e-05 0.023144 8.3444e-05 -0.01587 -0.0054366 0.016203 0.0065989 -0.036148 0.0083684 0.14966 0.04868 0.47415 0.0024233 0.47464 0.0068457 -0.023126 -3.2641e-05 0.023126 5.7383e-05 -0.0031899 0.00092804 0.0032817 0.0010805 -0.0026401 -0.0001055 0.025637 0.0063109 0.068182 -0.0001124 0.068396 0.0004599 -0.0033605 -1.7102e-06 0.0033605 1.7102e-06
0.0023443 0.00030813 0.0063538 0.0013095 0.065544 0.00062683 0.067339 0.024565 0.0032899 0.0055974 0.020562 0.019292 -0.00043108 0.00011403 0.0019455 0.0028869 0.017962 0.0019918 0.033695 0.013214 0.4721 -0.031723 0.4721 0.15243 0.025946 0.0091538 0.080693 0.10595 0.0032364 0.0031056 0.012799 0.013652 0.01987 -0.00091412 0.024858 0.0061132 0.46825 0.037289 0.4899 0.11607 0.038488 0.0028732 0.0859 0.078478 0.0022244 -0.00047471 0.0075578 0.009605 0.0050355 -2.5569e-05 0.0050355 0.00055217 0.064952 0.0021526 0.064952 0.010365 0.0036994 -0.00029803 0.010139 0.0094728 0.00025756 0.00038301 0.0013618 0.00112
-0.0021951 -9.7022e-05 0.0062712 0.0023607 0.015121 0.0068858 0.051001 0.0095682 0.027311 0.030856 0.064706 0.052195 0.0011345 0.00010677 0.0011783 0.00038658 -0.064946 0.0051644 0.072455 0.040524 0.036911 -0.065407 0.3413 0.20481 0.029402 -0.21814 0.40489 0.34996 0.038692 -0.0030155 0.041812 0.02393 -0.14446 0.049784 0.14451 0.049957 -0.10379 0.034807 0.37824 0.1891 0.21707 0.05484 0.3576 0.21217 0.02127 -0.016479 0.024199 0.021459 -0.0049924 0.002672 0.0050371 0.0027387 -0.038591 -0.00069256 0.06831 0.027923 0.024247 0.016329 0.047941 0.04381 0.0015447 0.0026434 0.0038162 0.0075662
0.00018181 0.0017919 0.00048793 0.0018269 0.058553 -0.00087143 0.068318 0.013253 0.0061332 0.0019605 0.026941 0.018759 0.0012292 0.0021626 0.0026989 0.0030195 -0.0013359 -0.0037578 0.0027469 0.011112 0.42028 0.0069609 0.52242 0.16602 0.0078049 0.052173 0.27128 0.18727 -0.00070639 0.0069038 0.020483 0.023132 -0.0018685 0.0044421 0.0038336 0.0082561 0.39386 0.023972 0.39904 0.11751 0.067706 -0.015267 0.15161 0.18464 -0.0082075 -0.0026901 0.021662 0.012744 -0.00016576 0.00015756 0.00041843 0.00058932 0.058134 -0.0077943 0.064506 0.022382 0.005437 -0.010119 0.020887 0.026146 0.00031308 0.00052181 0.0021534 0.0018687
-0.0017028 -0.0018689 0.0017167 0.0019763 0.046056 -0.013551 0.065207 0.021025 0.012324 -0.010111 0.03312 0.016641 0.0011909 -8.8006e-05 0.0017546 0.0022219 -0.0050704 -0.0081639 0.0057389 0.0099451 0.37713 0.02079 0.51549 0.105 0.084029 0.033359 0.11985 0.080266 -0.0021924 0.0045016 0.012124 0.019841 -0.014145 -0.00083996 0.014145 0.0057319 0.44457 -0.0090526 0.52669 0.11553 0.061608 -0.0090081 0.13614 0.13344 -0.0037222 -0.003757 0.010592 0.021146 -0.0023143 -0.00076687 0.0023338 0.00086633 0.067063 -0.01097 0.08202 0.016991 0.0090647 -0.0047119 0.024054 0.010831 -0.0010498 -0.00043335 0.0023795 0.0014112
-0.002884 0.010235 0.0031744 0.011901 -0.0026692 -0.0017414 0.012868 0.0184 0.10568 -0.033877 0.10958 0.034102 9.8374e-05 -9.8374e-05 9.8374e-05 9.8374e-05 -0.00020824 0.021718 0.035155 0.040119 -0.10402 0.14221 0.14086 0.50052 0.28858 0.043849 0.42768 0.29885 0.00068395 0.000359 0.00068395 0.00071338 -0.013287 -0.00066851 0.017742 0.049604 -0.07537 0.15168 0.19628 0.26611 0.17911 0.015219 0.27937 0.21132 0.0021661 -0.0010139 0.0021661 0.0010139 -0.0029775 -0.0030252 0.0036439 0.0066331 -0.016316 -0.026298 0.038397 0.040404 -0.00035671 -0.051569 0.077502 0.052518 0.0027625 -0.00085558 0.0027625 0.00085558
0.0012383 -0.00042287 0.0016553 0.00097189 0.026232 -0.0083661 0.0548 0.011965 -0.0001697 -0.015089 0.09969 0.016311 0.0080153 -5.8518e-05 0.008093 9.9325e-05 0.0076205 0.010935 0.0091762 0.01766 0.12042 0.047156 0.33994 0.12041 0.089192 0.073327 0.55824 0.13777 0.041382 0.007318 0.041569 0.008177 0.0049742 -0.0082651 0.0056413 0.021589 0.1183 -0.036034 0.29729 0.08425 0.18053 -0.026206 0.56802 0.077248 0.00034067 -0.00044905 0.0013861 0.00081918 0.0011135 -0.0017874 0.001452 0.0069381 0.024778 0.014456 0.04277 0.047745 0.03386 0.049189 0.070122 0.0628 0.00024223 3.0829e-05 0.00026711 0.00033924
-0.011375 0.0041244 0.022425 0.004567 0.050271 0.017154 0.052108 0.018453 0.021813 0.016963 0.062522 0.021354 0.00012362 0.00075418 0.0020158 0.001513 -0.0747 -0.0081526 0.1623 0.035285 0.22488 -0.057184 0.36223 0.11754 0.32147 0.030181 0.45233 0.10906 -0.0040129 0.0024466 0.0087341 0.0079973 -0.032745 -0.0066422 0.05524 0.020151 0.10913 0.067838 0.23921 0.10047 0.37224 -0.033568 0.43367 0.10738 -0.0070623 0.0019769 0.0085859 0.004339 0.0002009 -0.001726 0.0054689 0.002984 0.019407 -0.00478 0.031948 0.0084923 0.046369 -0.0064154 0.060011 0.011739 -0.001145 -0.00028662 0.0012595 0.00081136
-0.0044427 0.01525 0.0046936 0.015902 -0.016632 0.032375 0.019753 0.046566 0.10372 -0.014582 0.10372 0.015839 4.6918e-05 -4.6918e-05 4.6918e-05 4.6918e-05 0.0057182 -0.00084668 0.021243 0.024399 -0.10454 0.069358 0.18357 0.51511 0.31285 0.10979 0.4196 0.2019 0.0011708 0.00018601 0.0011708 0.00018601 0.0084934 0.00174 0.026065 0.033614 -0.10485 0.12071 0.16058 0.25147 0.2659 -0.014275 0.30293 0.1719 0 0 0 0 -0.00094274 -0.0027102 0.0038854 0.0054728 -0.037165 -0.048459 0.038812 0.061073 0.066093 -0.03345 0.079537 0.038323 0.00011078 -3.7079e-05 0.00011078 9.1166e-05
0.0030081 0.0057703 0.0046983 0.0069655 0.064513 0.049999 0.089736 0.091928 -0.0087682 0.049947 0.036241 0.091852 -0.011585 0.010971 0.013621 0.021903 0.075852 0.00085372 0.078555 0.024324 0.2991 -0.028191 0.58089 0.21494 0.034 0.02177 0.18721 0.14616 -0.025196 0.025759 0.035975 0.04447 0.054885 -0.0037527 0.062267 0.031817 0.28143 0.13117 0.43178 0.24591 0.039109 0.0084032 0.16909 0.15331 -2.1739e-05 0.0031205 0.014919 0.019949 -0.00047382 -0.0013614 0.0060676 0.0045036 0.054751 0.012911 0.062604 0.028378 0.0044968 0.0026649 0.022633 0.01995 -0.0018389 -0.00022572 0.0042542 0.0021251
-0.0025214 0.00037624 0.0064705 0.0020015 0.020584 0.0091566 0.048843 0.014216 0.021477 -0.018647 0.075594 0.066366 0.0015039 -6.3973e-06 0.0015564 0.00079368 -0.086984 0.0191 0.090147 0.051258 0.0070734 -0.08122 0.37089 0.23928 0.095075 -0.053626 0.39441 0.32177 0.026684 -0.010037 0.032135 0.018068 -0.13326 0.054938 0.13347 0.055251 -0.14189 0.070114 0.3977 0.21659 0.17504 0.0086311 0.35318 0.21051 0.026498 -0.0093346 0.031134 0.02914 -8.8438e-05 0.00015165 0.00015937 0.00025825 -0.051887 0.011062 0.082418 0.045117 0.018758 -0.015919 0.066075 0.042136 -0.0018122 -0.0039216 0.0028195 0.0065372
-0.0024658 0.0018186 0.0045436 0.0070218 0.054993 0.001872 0.098945 0.027444 -0.0015828 0.021939 0.038312 0.034784 0.0061887 0.0024263 0.0091547 0.0064455 -0.027079 -0.013229 0.036421 0.017654 0.29045 0.012362 0.53377 0.15052 -0.02375 -0.17834 0.23569 0.30571 0.027332 -0.037262 0.046796 0.047752 -0.0088143 0.0093892 0.038151 0.018899 0.23672 -0.11254 0.45522 0.11857 -0.15879 -0.091743 0.15879 0.12716 0.028352 -0.032689 0.063794 0.039916 -0.015167 0.028978 0.015276 0.02901 -0.019447 0.092348 0.052388 0.10077 -0.019762 0.0092933 0.019762 0.032524 -0.0021198 0.00025328 0.002709 0.0012553
-0.0021412 -0.0060558 0.0024416 0.0060682 0.0066802 -0.029421 0.01631 0.030752 -0.0055535 -0.00047512 0.027667 0.0081304 0.0013112 -0.00010988 0.0017378 0.0030425 -0.0092091 -0.003661 0.01319 0.018535 0.29164 0.03829 0.31536 0.13207 -0.09243 0.21857 0.15791 0.3311 0.0036219 0.022955 0.012962 0.033991 -0.033648 0.095797 0.03376 0.095807 0.059035 0.25428 0.2188 0.35909 0.234 -0.11935 0.27182 0.33535 -0.0063599 0.018513 0.019405 0.097273 -0.0003247 0.00039715 0.00035847 0.00047353 -0.025756 0.11326 0.025849 0.11326 -0.045241 0.13706 0.045362 0.13711 -0.0038294 0.011623 0.004334 0.012063
0.0015265 -0.0011741 0.0041495 0.0025789 0.0095158 0.0073746 0.042342 0.086672 -0.034705 0.057447 0.055224 0.088292 0.0040327 -0.003418 0.0040899 0.0039883 -0.005235 -0.025953 0.0128 0.026848 0.12556 -0.24796 0.13085 0.24796 0.14301 -0.0029924 0.31932 0.25236 -0.0098728 0.012487 0.026316 0.020565 -0.022349 0.061054 0.025297 0.062494 0.046907 0.038182 0.1618 0.14089 0.23749 -0.1626 0.51739 0.42545 0.011403 -0.013989 0.019909 0.029332 -0.0023456 0.0043742 0.0023456 0.0043742 -0.04955 0.11666 0.04955 0.11666 -0.025406 0.044857 0.031774 0.051636 0.004292 0.001962 0.0055588 0.0060241
0.0012128 -0.00013199 0.0017232 0.00085497 0.026819 -0.0062953 0.049296 0.0078403 0.01541 -0.010884 0.10006 0.011827 9.8457e-05 -2.4481e-05 0.00035212 0.00010478 0.0088793 0.0045508 0.0090516 0.01038 0.1157 0.014934 0.28856 0.084143 0.18086 0.041794 0.58761 0.063948 0.0011175 -4.3932e-05 0.001391 0.00050002 0.0057316 -0.0023894 0.0066521 0.018096 0.10586 -0.024914 0.29721 0.068443 0.19152 -0.01476 0.58228 0.057419 0.0011641 -0.00030098 0.0011641 0.00087129 0.0010243 -0.0012797 0.0012985 0.0032584 0.023295 0.010772 0.042919 0.032631 0.033711 0.045056 0.06713 0.049085 0.00019226 -2.3695e-05 0.00021546 0.00037017
0.0010894 0.0020654 0.0065984 0.0052894 -0.011022 0.0035606 0.018758 0.012069 0.017501 -0.0007372 0.025788 0.0060312 0.00070571 -0.001216 0.0028923 0.0015288 0.031439 -0.013654 0.033581 0.015788 -0.086263 -0.048478 0.55493 0.10091 0.16831 -0.014371 0.22356 0.067607 0.0056216 -0.0062792 0.025001 0.016047 0.032403 -0.012143 0.032403 0.01619 -0.063743 -0.036399 0.64324 0.09306 0.23168 0.049425 0.27823 0.097724 -0.012724 0.0068026 0.033916 0.014327 0.0010874 0.0016751 0.0015102 0.0031433 -0.0046105 -0.013684 0.058769 0.015528 0.045168 -0.017995 0.045533 0.019619 -0.0046187 0.0011607 0.0057593 0.0028179
0.003166 0.0010434 0.003166 0.0057033 0.0085472 -0.015577 0.094056 0.032862 0.013985 -0.01733 0.03093 0.027859 -0.0015525 0.0029689 0.0031288 0.0047926 0.0037118 -0.007577 0.016361 0.018416 -0.077945 -0.049503 0.42684 0.081235 0.33572 -0.029855 0.35495 0.15082 -0.017637 0.0014957 0.017637 0.0069441 0.0069006 -0.022173 0.010704 0.02223 -0.10931 -0.049451 0.1857 0.11667 0.45492 0.052785 0.47428 0.11999 -0.008922 -0.012566 0.010541 0.015849 -0.00060425 -0.00071814 0.0011569 0.00095692 0.026166 -0.023936 0.053049 0.040348 0.042696 0.0015779 0.057402 0.046747 -0.0014857 -0.00097827 0.004206 0.0091648
0.00068783 -0.0027935 0.0025149 0.0029095 -0.01787 -0.0082407 0.020276 0.01662 0.039436 0.0036215 0.065618 0.015173 -0.0010072 -0.0017517 0.0010207 0.0019449 0.0019742 -0.0086978 0.0064979 0.010255 -0.0085453 -0.13518 0.040639 0.14544 0.27611 -0.17569 0.48775 0.21259 -0.0074327 0.0031317 0.015032 0.027745 -0.0036602 -0.0028391 0.0046686 0.0080084 -0.13587 -0.049023 0.13787 0.054811 0.44025 0.17768 0.49148 0.18504 0.0083408 -0.0039159 0.0095518 0.050322 -9.5e-05 -0.0017178 0.00038801 0.0017624 -0.0066477 -0.0096887 0.026962 0.012531 0.075729 0.017724 0.076663 0.018111 0.00050613 0.00014913 0.00062907 0.00026318
-0.0062111 -0.0024816 0.0065837 0.0038753 0.017852 0.015167 0.056115 0.029284 0.013081 0.040202 0.046842 0.043792 -0.0047004 0.002371 0.0054697 0.0025443 -0.055079 0.033115 0.068344 0.05317 0.35188 0.038838 0.47435 0.2988 0.081902 0.075859 0.23519 0.13046 -0.020471 0.010135 0.025984 0.019493 0.034782 -0.0095512 0.034782 0.010034 0.14554 -0.059797 0.57981 0.09283 0.12775 0.026858 0.20036 0.11285 0.018324 -0.010645 0.029406 0.017273 0.0026631 -0.0028319 0.0030188 0.0041242 0.0023788 -0.0033046 0.05124 0.010856 0.039068 -0.02596 0.039499 0.038189 -0.0024412 -0.0022401 0.0025354 0.0036916
-0.0019273 0.00016879 0.0038855 0.002967 0.028821 0.0018985 0.052935 0.0084806 -0.00076857 0.0018381 0.0081411 0.01055 0.001475 0.0018396 0.009009 0.0029601 -0.020297 0.00073568 0.041051 0.011449 0.24431 0.038544 0.43955 0.065522 0.0052903 0.071221 0.21153 0.13668 0.03223 0.051793 0.10395 0.058936 -0.003324 0.005559 0.032524 0.020873 0.20155 -0.011478 0.46518 0.14229 0.062171 -0.07304 0.41021 0.38275 -0.042309 -0.097605 0.084479 0.11099 -0.0004842 -0.0093928 0.004125 0.010874 -0.010466 0.016549 0.085417 0.041181 -0.0045787 -0.044344 0.022995 0.052238 -0.0017638 0.0026016 0.0042393 0.0033969
-0.00079166 -0.001209 0.0019003 0.0021977 0.00092854 0.0037628 0.044309 0.011643 0.024135 -0.0025227 0.029655 0.023068 -0.0004777 0.0010387 0.0016507 0.0016197 0.0082856 -0.00019834 0.014135 0.024633 -0.11663 0.10678 0.40667 0.13694 0.22577 -0.0075512 0.22613 0.054792 -0.00061599 0.0087527 0.016045 0.013223 0.034433 -0.00094724 0.034433 0.011047 -0.26632 0.077254 0.63153 0.12307 0.2905 -0.0012663 0.2905 0.070174 -0.016211 -0.0023006 0.024478 0.012484 0.003783 0.00028575 0.0038241 0.0027937 -0.035795 -0.010338 0.084185 0.029301 0.035991 0.0040149 0.036529 0.0077887 -0.00034397 -0.0015606 0.0015617 0.0018184
0.00057497 0.00020518 0.00085578 0.001278 0.029007 -0.0085589 0.043992 0.018341 0.012704 -0.014999 0.1117 0.032985 0.00021817 2.3417e-05 0.00021817 5.2168e-05 0.0056931 0.0039979 0.0063917 0.0090228 0.095692 0.0093024 0.23578 0.05268 0.21177 0.037169 0.61833 0.067972 0.000684 3.7152e-05 0.0017013 0.00013826 0.0026739 -0.0047099 0.0052217 0.011145 0.080946 -0.032378 0.22249 0.060438 0.24182 -0.026768 0.59044 0.058906 0.0018803 -5.0463e-06 0.0018803 0.00054909 0.00021095 -0.0020443 0.00041927 0.004064 0.015307 -0.0091421 0.032164 0.018964 0.037923 -0.0036616 0.079959 0.0093194 9.2402e-05 0 9.2402e-05 0
-0.016802 0.004472 0.016822 0.0045247 0.070981 0.0079734 0.082251 0.0196 0.0029797 0.0081351 0.011177 0.014796 0.0004799 -0.0017239 0.0013386 0.0026613 -0.085762 0.024612 0.086505 0.025482 0.2497 0.11263 0.6108 0.20633 0.039095 -0.020372 0.15806 0.13396 -0.007584 -0.0098771 0.025502 0.015796 -8.5956e-05 0.00037972 0.0011953 0.0017239 -0.038459 -0.026687 0.47641 0.28216 0.021508 -0.16406 0.13545 0.24008 -0.01113 -0.0207 0.028567 0.045622 3.3598e-05 0.00016974 0.00012533 0.00050618 -0.076248 0.0032109 0.083246 0.033045 0.016133 -0.040761 0.01994 0.046255 -0.002483 -0.0066684 0.0028652 0.0081223
-0.0054997 -0.011491 0.010223 0.012614 0.036163 -0.037486 0.038694 0.08717 -0.026276 -0.018171 0.032481 0.12003 0.00088301 -0.01036 0.00092689 0.010625 -0.045579 0.0016582 0.10853 0.0042235 0.42535 0.013955 0.42892 0.12894 -0.034779 0.12643 0.12394 0.14837 -0.02976 0.050479 0.036808 0.053347 -0.060611 0.0017197 0.087127 0.0025685 0.49105 -0.028454 0.49105 0.068114 0.01666 0.0051769 0.038127 0.043838 -0.0023839 0.0034257 0.0048416 0.0048082 -0.0099178 0.00011553 0.010502 0.00024905 0.071333 -0.0011951 0.071333 0.006877 0.0048033 0.0014236 0.0074757 0.0051789 -0.00026005 0.00014878 0.0004138 0.00053586
-0.00053322 -0.00052916 0.00073569 0.00088067 0.0048837 0.0019511 0.071601 0.0046367 -0.0066681 0.00010723 0.066465 0.010493 0.0012496 0.00068142 0.0038087 0.00096326 -0.0048178 -0.0054736 0.0058235 0.0055263 0.13355 -0.010121 0.53011 0.034669 -0.14824 -0.025372 0.36047 0.059059 0.018285 -0.0036306 0.018456 0.0041217 -0.0017283 -0.019596 0.01057 0.019928 0.26152 -0.058998 0.53404 0.066941 -0.23779 0.012939 0.31567 0.044756 0.0085394 -0.011272 0.026552 0.012236 -0.0009492 0.0074314 0.00098299 0.0076398 0.040816 0.040732 0.04885 0.053426 -0.029642 0.015864 0.03061 0.023496 -0.0004029 0.0040853 0.0016654 0.0049242
-0.0115 -0.0040064 0.011832 0.0045986 -0.0052811 -0.0087633 0.074917 0.016755 0.042139 -0.0054341 0.04724 0.016051 0.013853 0.00062855 0.014513 0.0022649 -0.039117 0.018661 0.053791 0.047698 -0.071369 -0.096104 0.32959 0.16598 0.32957 -0.018627 0.54966 0.12649 0.10311 -0.015196 0.10325 0.015522 -0.039451 -0.0077639 0.067989 0.024392 -0.033546 -0.044061 0.27795 0.067194 0.24473 -0.031437 0.38731 0.23876 0.065627 -0.030081 0.07825 0.038955 -0.00068402 2.515e-05 0.00308 0.0047897 -0.0082932 -0.0071329 0.061824 0.0097981 0.04301 -0.011539 0.060839 0.018827 -0.0019624 -0.0030617 0.004783 0.0033268
0.014081 0.0017416 0.014081 0.0019331 0.027631 0.009335 0.11917 0.014406 0.027155 0.055475 0.074111 0.066064 0.0012857 -0.0005159 0.0022935 0.0015762 0.11143 -0.0011104 0.11166 0.010885 0.44646 0.01589 0.46938 0.11278 0.012812 0.055111 0.10262 0.19881 0.0045827 -0.0015996 0.012655 0.012824 0.10892 -0.0014121 0.10892 0.0084443 0.41958 -0.039192 0.41958 0.12263 0.021636 -0.055766 0.099781 0.20638 0.0037823 -0.010845 0.020128 0.018961 0.012291 0.0039545 0.015126 0.0053391 0.057031 -0.0045427 0.057721 0.01733 0.0026984 -0.024067 0.01925 0.038304 -0.0070581 -0.0055731 0.0071008 0.0068966
0.0013701 0.0006806 0.0022236 0.0093745 0.003331 0.070683 0.037945 0.088162 0.03281 0.061863 0.036042 0.078608 -0.0042557 0.0055463 0.0058694 0.0083495 0.015899 0.01574 0.032699 0.06124 -0.19513 -0.066135 0.28245 0.16277 0.37337 -0.012515 0.41514 0.16488 -0.025516 0.0084999 0.030216 0.036467 0.010036 -0.018427 0.01408 0.018723 -0.054637 -0.11714 0.19996 0.14609 0.39817 0.079587 0.42955 0.17723 -0.035321 0.0020732 0.043839 0.044322 -0.00096278 -0.0010499 0.0011123 0.0010499 0.054486 0.0013609 0.074104 0.03143 0.0076166 -0.0071442 0.025413 0.039243 0.003903 0.0007043 0.009813 0.015123
0.00046816 -0.00015622 0.00085435 0.00073111 0.03611 -0.0085913 0.052573 0.0099179 0.0048484 -0.017766 0.11925 0.021156 0.0012903 -2.9841e-05 0.0012903 9.647e-05 0.0049159 0.0029027 0.0049159 0.0087877 0.11235 -0.0085354 0.26232 0.095905 0.16753 0.021195 0.59756 0.10111 0.0096956 0.0001282 0.010087 0.0010503 0.0012109 -0.0031489 0.0061573 0.014352 0.10865 -0.019656 0.25882 0.067008 0.21626 -0.0016156 0.57857 0.12839 0.0069676 0.00070882 0.0071721 0.001392 -0.00016144 -0.0010548 0.00059583 0.0019794 0.016215 0.00041596 0.031464 0.015277 0.04191 0.0052777 0.092031 0.011352 0.00021898 0.00011122 0.00021898 0.00011122
0.0091746 0.00099643 0.0094082 0.0040903 -0.0006894 0.0030603 0.10642 0.02256 -0.004414 0.0035055 0.075542 0.027688 0.0062109 0.0014984 0.008666 0.003611 0.060751 0.0014361 0.061797 0.025679 0.25305 0.026471 0.44012 0.13442 0.010147 0.35206 0.32746 0.36095 0.016307 -0.0044104 0.020756 0.019815 0.069034 -0.0017424 0.069253 0.017377 0.32451 -0.045563 0.34885 0.12606 0.036086 -0.043977 0.13449 0.22292 0.0031956 0.0026575 0.019599 0.018043 0.0092819 -0.00098744 0.0092918 0.002314 0.051646 -0.0039792 0.056175 0.020923 0.0071552 -0.012561 0.014373 0.022726 0.00052464 -0.00016352 0.0021622 0.0025886
