-0.0005491 -0.00080201 0.00088765 0.00085122 0.0067406 -0.029734 0.017682 0.029812 0.00057932 -0.00054963 0.00088808 0.00054963 0 0 0 0 -0.0086137 -0.016862 0.038695 0.05213 0.013078 -0.18522 0.30442 0.3576 0.21447 -0.23264 0.23875 0.2339 0.00043936 -0.0023351 0.0011163 0.0023351 0.017138 0.0032042 0.033796 0.047714 -0.22371 -0.10907 0.26624 0.1592 0.37708 -0.029382 0.42107 0.18007 0.010117 -0.013134 0.014184 0.024821 -0.00029862 0.00047352 0.0042009 0.0028594 -0.011203 -0.010047 0.048136 0.026704 0.056152 0.018785 0.056641 0.025889 -0.0008293 -0.00038227 0.0013214 0.00057823
8.7102e-05 0.00019802 0.0054145 0.0043099 -0.0053398 0.0056393 0.067285 0.024917 0.030858 -0.06376 0.031547 0.0653 -0.0014136 -0.00053379 0.0035114 0.0037197 0.064894 -0.028859 0.091115 0.041786 -0.034196 -0.10796 0.26174 0.31635 0.16666 0.092945 0.29595 0.40393 0.012811 0.013711 0.012921 0.024513 -0.016675 0.02256 0.057053 0.037255 0.0088218 0.025798 0.36363 0.18947 0.36794 0.057963 0.40697 0.083713 0.00015327 0.00026358 0.00026358 0.00026358 -0.002548 0.0071814 0.008887 0.0074935 -0.00099378 0.061337 0.062937 0.061337 0.028596 0.018156 0.028596 0.018156 0 0 0 0
0.0014483 -0.0033057 0.0015578 0.0033057 0.0015122 -0.0036148 0.0018121 0.0036148 0.00016434 -0.00016434 0.00016434 0.00016434 0 0 0 0 -0.0068865 -0.00016981 0.01346 0.013891 -0.16136 -0.32951 0.28593 0.32951 0.25211 -0.14433 0.27043 0.16779 0.00094392 -0.0017955 0.00094392 0.0017955 -0.041337 -0.051139 0.044712 0.051291 -0.0076018 -0.087146 0.1466 0.17337 0.29968 -0.076654 0.51535 0.22696 0.025465 -0.0020379 0.025654 0.0096552 0.0040255 0.0015913 0.0061047 0.0036208 0.018999 0.029985 0.030789 0.04199 0.015179 0.0036352 0.03868 0.027699 0.00083272 0.00028485 0.00083272 0.00033263
0 0 0 0 0 0 0 0 0 0 0 0 0 0 0 0 -0.011232 -0.017624 0.015265 0.017624 -0.10452 -0.2677 0.3059 0.30629 0.19772 -0.1712 0.21526 0.18057 0.0040864 -0.010166 0.0040864 0.010166 0.0011863 -0.018907 0.059956 0.033872 -0.24722 0.0012425 0.39974 0.11419 0.39194 0.035518 0.41543 0.077544 0.0054136 8.5882e-05 0.019113 0.0088671 0.0020243 -4.055e-05 0.0065156 0.0041152 -0.012928 0.0011955 0.066994 0.0093633 0.040549 0.004518 0.043658 0.008041 0.00090821 -2.5128e-05 0.0033439 0.00071269
-0.0070495 0.00046866 0.0081095 0.0017923 0.027633 -0.027015 0.036143 0.027015 -0.015751 -0.053209 0.017533 0.053209 -0.0031641 -0.012878 0.0038369 0.012878 -0.054118 -0.003991 0.055491 0.0062179 0.18752 -0.024793 0.52117 0.11218 -0.20371 0.13321 0.3264 0.38158 0.0066698 0.015029 0.02553 0.045381 -0.024695 -0.032407 0.039493 0.056019 0.19519 -0.0030595 0.33648 0.20695 -0.12557 -0.082569 0.20879 0.25637 -0.035627 -0.041262 0.048447 0.042502 0.00065792 0.00080742 0.0056387 0.0081919 0.012817 -0.0091968 0.02399 0.022667 -0.046206 -0.029115 0.054345 0.048697 0.004161 0.0032373 0.0051964 0.0042789
-0.003229 -0.0018116 0.0038999 0.0023961 -0.036333 -0.0060671 0.037783 0.015538 0.059954 0.021738 0.08451 0.024605 -0.00048623 -0.00023123 0.0039162 0.0017156 -0.093689 -0.02788 0.095804 0.031248 0.3735 0.13766 0.44949 0.19147 -0.019869 -0.0087547 0.26788 0.15004 -0.0083997 -0.0011259 0.024671 0.018888 -0.069469 -0.0038853 0.069703 0.02031 0.37878 -0.1553 0.45181 0.18638 -0.012367 0.025731 0.16523 0.12062 -0.0080365 0.00099624 0.036097 0.018381 -0.010861 -8.5309e-05 0.0115 0.0035075 0.032187 -0.0034223 0.063446 0.013493 0.02802 0.0016124 0.068731 0.021114 -0.0011485 -0.00013361 0.0061877 0.0028999
-0.0067105 0.00085202 0.0067105 0.00088301 0.010012 0.0063666 0.082191 0.024756 0.0081971 -0.00021628 0.049052 0.011527 0.002475 0.00024441 0.0040704 0.0022756 -0.04451 0.0022445 0.044605 0.0049924 0.35168 0.005172 0.53787 0.078996 -0.20456 0.097261 0.34398 0.16293 -0.010064 0.010952 0.040685 0.024185 -0.033928 0.014211 0.043253 0.029197 0.22397 -0.025254 0.32293 0.26954 -0.117 -0.08795 0.28295 0.16347 -0.0095806 -0.014314 0.04227 0.0248 -0.0017962 -0.0025627 0.0040026 0.0049565 0.0074234 0.00067855 0.031303 0.012931 -0.0025065 -0.0071863 0.059271 0.01776 0.00092007 0.0001412 0.003253 0.0032228
0.0013716 -2.1844e-05 0.0031801 0.0019952 0.007977 -0.0094993 0.068842 0.038299 0.021214 -0.0048521 0.047156 0.027609 0.00094396 -0.00052962 0.0010857 0.00053694 -0.00065062 -0.0010771 0.03001 0.011363 0.26762 0.083187 0.61231 0.14157 -0.061493 0.025808 0.11875 0.21633 0.028454 -0.0070951 0.028454 0.02201 0.024196 -0.012307 0.063575 0.031992 0.1077 -0.014456 0.39882 0.36014 0.066883 0.018557 0.17057 0.31476 0.007651 0.011208 0.013457 0.01976 0.0029288 0.00059623 0.013369 0.0049506 0.046014 0.0069633 0.072087 0.020937 0.0021783 0.00075564 0.0021783 0.00080599 0 0 0 0
0.0076414 -0.0011922 0.011721 0.0023698 0.0053501 0.00033877 0.067775 0.021863 0.023094 -0.010671 0.038684 0.032024 0.0014252 0.0015485 0.0036555 0.0051321 0.012215 0.00014483 0.040917 0.023483 0.25635 0.095846 0.534 0.10463 0.018712 0.065901 0.13309 0.13576 -0.0049575 0.002991 0.014642 0.039524 0.0081478 0.00054368 0.036042 0.019437 0.031746 0.06002 0.42944 0.35017 0.14031 -0.15226 0.2013 0.40303 -0.002608 0.00024947 0.031262 0.046016 0.0019221 -0.002963 0.0099052 0.0036462 0.015221 -0.06104 0.03917 0.069578 0.024936 0.026624 0.024936 0.027005 0.00022416 0.00087126 0.00026656 0.00091644
0.0013264 -0.0001116 0.0031334 0.0017428 0.0030348 -0.0027002 0.072671 0.019758 0.029401 -0.012094 0.033681 0.018149 0.00061307 0.00067642 0.0015516 0.0013692 0.0035787 0.0024835 0.015149 0.023175 -0.22437 -0.0023324 0.33137 0.065737 0.39411 -0.08515 0.4206 0.10768 -0.0025478 -0.0012657 0.0074094 0.011869 0.016626 0.0095969 0.019733 0.019887 -0.20118 -0.066992 0.27353 0.10153 0.39352 0.074734 0.408 0.096121 0.00019831 0.0013364 0.0086022 0.0068548 0.001342 0.00088229 0.0039919 0.0014105 -0.015501 0.00068891 0.051556 0.0068557 0.04627 0.006553 0.049601 0.012547 0.0017662 0.00025372 0.0020178 0.00057593
-0.001048 0.00038389 0.0055279 0.0015014 0.0032993 0.012382 0.029704 0.035413 0.014944 -0.00049569 0.015287 0.0024449 0.00010835 -2.4241e-05 0.00010835 2.4241e-05 0.0021649 0.00037639 0.013259 0.016378 -0.28778 -0.15728 0.30826 0.18173 0.35874 -0.053575 0.35947 0.053785 0.00097128 -0.00099799 0.0010724 0.0011311 0.0088776 -0.036257 0.0099627 0.065184 0.053893 0.0069469 0.32178 0.34037 0.012565 -0.099617 0.39893 0.29443 0.018611 -0.03912 0.023977 0.061354 0.00058817 -0.0013326 0.002462 0.0042426 -0.00094601 -0.031578 0.013473 0.047815 -0.0068824 -0.017831 0.021403 0.053501 0.00059928 -0.0017069 0.004023 0.0071005
-3.8915e-05 -0.00031518 0.0023303 0.0024262 0.017085 -0.010071 0.038696 0.025568 0.042056 -0.010267 0.042056 0.01043 0 0 0 0 -0.0098816 9.5811e-05 0.021435 0.015896 -0.094641 -0.010084 0.17644 0.10555 0.46678 -0.088703 0.46678 0.095401 0 0 0 0 -0.010493 0.0040877 0.022541 0.015719 -0.069462 0.025499 0.16254 0.1082 0.45399 0.10803 0.45399 0.11748 0 0 0 0 0.00032135 -0.0014952 0.0016765 0.0022906 0.032418 0.0054856 0.05893 0.02508 0.023707 0.012842 0.023707 0.013103 0 0 0 0
-0.0025555 0.0014915 0.0099772 0.0034566 0.03195 -0.026479 0.033729 0.030667 -0.012049 -0.00066742 0.026678 0.033491 0.0003556 -0.0015886 0.0017655 0.0037736 0.0051466 0.0015099 0.05121 0.048243 0.12623 0.059258 0.27039 0.60924 0.11126 0.12945 0.11721 0.28976 0.0036553 0.012485 0.0036553 0.012485 -0.0035781 -0.0093953 0.074403 0.033189 0.36234 0.013952 0.49618 0.086383 0.0054752 0.00097175 0.0054752 0.0055297 0 0 0 0 0.011271 0.0042822 0.014412 0.0063272 0.026278 0.02833 0.059506 0.02833 0.0013696 0.00014841 0.0013696 0.00055548 0 0 0 0
0.00066146 0.00066579 0.0012561 0.0015192 -0.047107 -0.030897 0.050089 0.031609 0.036626 0.02333 0.048829 0.032768 -0.00054836 -0.001302 0.0038396 0.0022513 -0.027785 -0.011322 0.033356 0.013256 -0.17843 -0.032117 0.22348 0.060457 0.32402 -0.0374 0.43175 0.1859 0.0016609 0.001136 0.02732 0.013974 -0.033372 -0.0025076 0.040039 0.0082992 -0.18528 -0.01605 0.21306 0.045707 0.40941 0.075697 0.53999 0.075697 -0.011833 -0.0062986 0.023249 0.014778 -0.010496 -0.0016269 0.011422 0.0019174 -0.019096 9.6194e-05 0.023474 0.0065136 0.075908 0.01111 0.085011 0.011423 -0.0054134 0.0024309 0.0064021 0.0032193
5.2933e-05 -0.0004573 0.0013646 0.0004573 0.0044602 -0.0082295 0.082919 0.025171 -0.014183 0.0029736 0.014894 0.0097562 0.0045817 -0.0013104 0.0055763 0.0018937 -0.0096709 -0.0021026 0.011806 0.0059419 0.17447 0.062495 0.61308 0.086112 -0.18541 0.027528 0.19432 0.064577 0.00901 0.00024433 0.027259 0.010003 -0.0084257 0.0011694 0.011516 0.004981 0.12767 -0.033653 0.64499 0.076534 -0.14204 -0.02314 0.15139 0.07983 0.014891 0.0059361 0.037233 0.010484 -0.0015088 0.0003274 0.0020048 0.00083354 0.0062143 0.0031639 0.060152 0.019652 -0.0053553 -0.002227 0.01618 0.013958 0.0046987 0.0019159 0.007299 0.0030045
0.0044203 -0.0022568 0.0061432 0.0053452 0.019553 -0.034984 0.06055 0.057094 0.014033 -0.0049023 0.014033 0.009859 -8.5932e-06 1.1245e-05 3.1978e-05 3.1978e-05 0.034088 -0.03621 0.044234 0.050187 -0.13331 0.053488 0.32812 0.19141 0.42782 -0.067791 0.43061 0.090318 0 0 0 0 -0.014454 0.046148 0.031153 0.049335 0.13551 0.17796 0.41559 0.31146 0.21109 0.10187 0.21355 0.1081 0 0 0 0 0.0032863 0.0013971 0.0040646 0.0014573 0.001212 0.0030627 0.0023793 0.0030627 0 0 0 0 0 0 0 0
0.00018862 -0.00034103 0.0010553 0.00067873 0.006123 -0.0075013 0.072934 0.017117 -0.011648 0.0032033 0.012671 0.0099437 0.0016264 -0.00019529 0.0027124 0.0015241 -0.010222 -0.0019903 0.012414 0.0049871 0.20612 0.040159 0.6137 0.053868 -0.19117 0.043481 0.20504 0.073272 -0.0033319 0.00034421 0.015924 0.0074018 -0.0074512 0.0016448 0.01023 0.0045033 0.19043 -0.010242 0.59649 0.037719 -0.18602 -0.036681 0.20546 0.080335 0.0027063 0.0037126 0.01669 0.010134 -0.001407 0.00030915 0.0017213 0.00095727 0.0073363 -7.9786e-05 0.065763 0.016095 -0.0061305 -0.0025484 0.012931 0.011385 0.0012448 -0.00025307 0.0031111 0.0027352
-0.0006286 -0.00016893 0.0027613 0.0014018 -0.04006 0.0012224 0.042261 0.0062621 0.062149 -0.0038278 0.068871 0.011617 -0.006301 -0.0015625 0.0080092 0.0031213 -0.004985 0.00010683 0.012762 0.0095361 -0.28196 -0.016971 0.2904 0.059841 0.36242 -0.044234 0.49201 0.077843 -0.014156 0.0013871 0.024012 0.013525 -0.0050359 0.0026098 0.016337 0.0058355 -0.25659 0.012799 0.28978 0.068987 0.28252 0.017297 0.40994 0.15059 -0.0040684 -3.6385e-05 0.021308 0.017712 -0.002569 0.0005889 0.0031935 0.0012036 -0.042887 0.016468 0.048777 0.017885 0.038056 -0.0073152 0.062385 0.01957 -0.00054623 -0.001664 0.0020794 0.0024961
0.0023079 0.0022758 0.012173 0.0056153 0.014643 -0.0096076 0.043518 0.014457 0.042436 -0.0074727 0.042436 0.0076911 0 0 0 0 0.0005803 0.010168 0.083263 0.020389 -0.094716 0.020707 0.11217 0.089701 0.45834 -0.11264 0.47152 0.11264 0 0 0 0 -0.019063 -0.0038455 0.088407 0.018725 -0.10498 0.004893 0.12376 0.086601 0.45919 0.11874 0.45919 0.11999 0 0 0 0 0.00012749 -0.00011818 0.0057916 0.00239 0.019478 0.013407 0.044927 0.025456 0.03507 0.0046633 0.035149 0.0080061 0 -3.1811e-05 0 3.1811e-05
-0.0096467 0.0008205 0.0098807 0.0013652 0.013099 -0.0032364 0.067986 0.016321 -0.0065886 -0.0023375 0.046472 0.023487 0.005434 0.0025144 0.0072243 0.0062399 -0.020249 0.0013614 0.022758 0.0057536 0.075511 -0.020016 0.49094 0.10036 0.045632 0.080938 0.46682 0.20099 0.001055 -0.0072536 0.018587 0.021197 -0.018801 0.001417 0.022981 0.010509 0.044069 0.046204 0.51407 0.097634 0.11584 0.025833 0.28584 0.28219 0.011081 0.017304 0.016777 0.037257 -4.8737e-05 0.003294 0.00042935 0.003294 -0.017577 0.050153 0.039503 0.050153 0.024029 0.026644 0.024029 0.026644 0 0 0 0
0.0077397 -0.00086424 0.0084731 0.0071701 0.01037 0.00015849 0.011706 0.0070282 0.00052614 -0.00052614 0.00052614 0.00052614 0 0 0 0 -0.020213 -0.038495 0.045111 0.058584 0.41682 -0.13212 0.4722 0.32825 0.0054472 -0.025697 0.017315 0.03168 0.00021141 -0.00021141 0.00021141 0.00021141 -0.018673 -0.017369 0.027113 0.022937 0.3319 -0.036236 0.39997 0.3188 0.078791 -0.11434 0.11521 0.23568 0.011905 -0.013554 0.016574 0.016761 0.0093895 0.0059075 0.010582 0.0068511 0.033572 0.018616 0.034095 0.032184 -0.0024631 -0.0028154 0.014563 0.0096017 -0.00058168 -0.00082369 0.0030431 0.0014718
-0.010737 0.00078657 0.010813 0.0020002 0.052972 0.0023265 0.067128 0.013297 -0.020544 0.0024581 0.033149 0.017067 0.0020298 0.00098187 0.0059633 0.0032118 -0.083694 0.0010702 0.084463 0.013973 0.33224 -0.022448 0.46881 0.091897 -0.072585 0.052786 0.25316 0.17597 0.012664 -0.0087273 0.039769 0.025587 -0.095836 0.0031032 0.096169 0.01026 0.38212 -0.023752 0.51 0.066309 -0.098353 -0.037382 0.20497 0.18292 -0.0019911 0.0048829 0.07003 0.033815 -0.014021 0.00036017 0.014153 0.0015651 0.054912 0.0013874 0.065008 0.010746 -0.0087661 0.0048524 0.027689 0.017566 -0.0063131 -0.0018221 0.011425 0.0033059
0.0032831 0.0015785 0.0045101 0.0034464 -0.041317 -0.00064034 0.057334 0.0078964 0.050571 -0.0024087 0.052465 0.0086025 0.0016517 -4.7939e-05 0.0021351 0.00065472 0.030149 -0.0024829 0.037972 0.014437 -0.32115 0.0047056 0.348 0.062738 0.39512 0.0020738 0.40533 0.063815 0.013046 -0.0018598 0.016628 0.0079122 0.034508 -0.0016383 0.045153 0.013564 -0.26659 0.0564 0.27072 0.084209 0.3191 0.036176 0.39819 0.090317 0.01415 -0.0022355 0.017213 0.0078843 0.0038618 -0.0020903 0.0056594 0.0033322 -0.025721 0.0064594 0.032446 0.010006 0.037108 0.012441 0.039643 0.015203 0.0026914 -0.00068728 0.0031809 0.0013916
0.0017207 -0.00019997 0.0019029 0.0015899 -0.041846 0.00011219 0.067159 0.0035869 0.046608 -0.0060959 0.048747 0.0075021 0.0013085 6.7981e-05 0.0015689 0.00067743 0.0014687 0.0012863 0.010153 0.0076774 -0.25094 -0.028336 0.48503 0.068608 0.33355 -0.012816 0.33859 0.031439 0.00056681 -0.0027505 0.006898 0.0049132 0.010336 -0.0036945 0.014787 0.013534 -0.24178 0.0018114 0.34591 0.12742 0.33691 0.063184 0.3593 0.094415 0.0072544 0.0023068 0.0077739 0.0084721 0.0021313 -0.00023389 0.0022758 0.0016803 -0.0079089 -0.0052073 0.060326 0.020965 0.034649 0.014063 0.039207 0.018363 0.0015759 0.00096627 0.0015759 0.0010022
-0.0043945 -0.0068381 0.0064346 0.0071439 0.020819 -0.036912 0.098716 0.038678 0.02934 -0.019062 0.048553 0.019978 0 0 0 0 -0.027443 -0.030412 0.069928 0.037376 0.087456 0.040206 0.36482 0.16442 0.35848 -0.064206 0.45489 0.095856 0 0 0 0 0.049417 0.038107 0.074325 0.04878 -0.11457 -0.0062817 0.23772 0.14991 0.40307 0.0019105 0.41702 0.095472 0 0 0 0 -0.00068925 0.00077464 0.0074474 0.0036261 -0.010389 -0.0015264 0.021291 0.022812 0.048578 -0.0070368 0.060269 0.0092468 0.00012755 -3.7271e-05 0.00012755 7.2374e-05
0.00019905 0.00093153 0.0058175 0.0066216 -0.02369 0.023285 0.070334 0.045078 0.075692 -0.03445 0.077143 0.037211 8.75e-05 2.3513e-05 8.75e-05 8.75e-05 0.013347 -0.01837 0.022066 0.039849 0.20084 -0.0022606 0.50902 0.34804 0.2251 0.2043 0.2664 0.2455 0.00021469 3.8992e-05 0.00021469 0.00021469 0.0089161 0.070248 0.049025 0.079548 0.20758 0.31286 0.2751 0.31614 0.01122 0.0081759 0.01122 0.0081759 0 0 0 0 0.0038901 0.0021447 0.0044621 0.0023093 0.0011668 0.00098903 0.0011668 0.00098903 0 0 0 0 0 0 0 0
-0.00059706 -0.00035724 0.0016249 0.0015111 0.03631 -0.002202 0.10273 0.008481 -0.023156 -0.011743 0.042609 0.013896 -0.0012486 -0.00075015 0.0023832 0.0021346 -0.012961 0.0015241 0.018489 0.0070028 0.17383 0.051772 0.59616 0.14174 -0.090328 -0.0051809 0.14783 0.1502 -0.0072198 0.00044715 0.011428 0.012691 -0.01093 0.0019541 0.013472 0.010998 0.08491 0.013529 0.63492 0.179 -0.035392 -0.028672 0.18449 0.14414 -0.03397 -0.0038802 0.062383 0.049249 0.0004077 0.00079658 0.0013253 0.0012036 -0.052998 0.018644 0.074049 0.033847 0.040005 -0.0081256 0.061449 0.023836 -0.0056519 0.0016228 0.015918 0.0020095
0.0018113 -0.0014414 0.0050782 0.0034606 -0.022563 -0.007925 0.03373 0.019219 0.064995 0.010731 0.066945 0.023055 0.00014365 -3.7118e-05 0.00020396 0.00014992 -0.018067 -0.0054022 0.031674 0.020115 -0.01185 0.0012816 0.17014 0.12039 0.37748 -0.025899 0.48518 0.10208 0.00079402 0.0006138 0.00079402 0.00085289 0.0011588 0.014114 0.023526 0.019192 -0.11343 0.019523 0.25151 0.11334 0.43269 0.039534 0.50825 0.076264 0.0010721 -0.00091693 0.0014717 0.001156 0.0013306 -0.0020931 0.0026563 0.0026523 -0.014528 0.0082605 0.038725 0.022764 0.063844 0.0055933 0.065504 0.0089856 0.00013868 -0.00015808 0.00020927 0.00026294
-0.012867 -0.0028305 0.013345 0.002958 0.022646 0.012816 0.042548 0.021536 0.024776 -0.0018881 0.050204 0.021261 0.0010337 -0.0020961 0.0079804 0.0037201 -0.089192 0.01551 0.092668 0.019442 0.3535 0.052684 0.38544 0.11271 -0.045972 -0.0068312 0.38078 0.19329 -0.0077417 0.0065594 0.039086 0.014487 -0.072886 0.01281 0.078944 0.020205 0.32766 -0.056465 0.48977 0.098142 -0.11435 0.015543 0.25386 0.1971 0.0031926 -0.0068044 0.037603 0.015086 0.0004629 0.00093641 0.0028553 0.0024524 -0.0034231 -0.000802 0.066005 0.018404 0.018368 -0.010026 0.065939 0.02184 -0.0020005 -0.0001542 0.0049328 0.0020376
-0.0027281 -0.0015202 0.0057664 0.0031927 -0.011775 0.0029203 0.021009 0.015041 0.071949 -0.0020542 0.072463 0.0074643 8.1724e-05 -0.00010318 0.00020927 0.00031176 0.0096395 0.0086866 0.030497 0.018013 0.057073 0.22107 0.15099 0.32741 0.25623 0.031101 0.28894 0.2283 7.9125e-05 -0.0075078 0.0049202 0.0091607 -0.04879 -0.016479 0.067679 0.052038 0.41442 -0.1836 0.44121 0.24993 -0.089589 -0.02638 0.2823 0.17899 0.0029297 -0.012446 0.013551 0.012513 -0.0066577 -0.001003 0.01176 0.0019434 0.060046 0.0064295 0.060046 0.0088041 -0.0064928 -0.015531 0.01878 0.031691 0.0013412 0.0027881 0.0046672 0.0058
-0.0016893 0.00016969 0.0042807 0.0029639 0.030047 -0.024933 0.05262 0.039245 0.00060966 -0.0054807 0.012867 0.031923 0.0018887 0.0015412 0.0018887 0.0023008 -0.0011542 -0.0042162 0.062382 0.069827 0.01551 -0.072792 0.21 0.44919 0.3078 0.014908 0.3078 0.14827 0 0 0 0 -0.03813 0.038152 0.040337 0.040851 0.086443 0.20651 0.43768 0.39917 0.22428 0.057329 0.22428 0.098905 0 0 0 0 0.00049931 0.0010279 0.0011771 0.003168 0.0049704 0.005664 0.0049704 0.005664 0 0 0 0 0 0 0 0
-0.0014783 0.0010152 0.0017857 0.0018315 -0.036965 0.0024496 0.040091 0.015347 0.026416 -0.01016 0.045579 0.016455 0.00073589 7.9623e-05 0.0030622 0.0017669 -0.0060297 -0.0055712 0.015107 0.01409 -0.26837 -0.062598 0.26885 0.069795 0.20043 -0.034029 0.5437 0.11874 0.0026261 -0.0036256 0.029264 0.017194 -0.012757 -0.0050138 0.023505 0.018394 -0.19264 -0.060646 0.19264 0.067893 0.21918 0.097138 0.56228 0.15012 0.0056626 -0.0014519 0.028056 0.020389 -0.0086824 -0.001094 0.0096003 0.0026064 0.0078119 0.011039 0.030538 0.020257 0.02154 0.012941 0.061645 0.024896 0.00086205 -0.00024909 0.0080469 0.0019513
-0.0017721 0.0013377 0.002639 0.0019121 0.031241 0.0022084 0.076507 0.028556 -0.00052204 -0.0026565 0.022963 0.020453 -0.0015015 0.001174 0.0036008 0.0025921 -0.012487 -0.0015889 0.01756 0.0077174 0.35915 0.0091934 0.51435 0.1411 -0.12607 0.050174 0.21321 0.14292 0.0074526 0.0077901 0.027241 0.025676 -0.012525 0.004237 0.023821 0.011136 0.34424 -0.004166 0.50544 0.087541 -0.089136 -0.042296 0.22062 0.19576 0.00011595 0.0012249 0.035053 0.017103 -0.0031693 -0.00076082 0.0045603 0.002109 0.049149 -0.019873 0.07039 0.032163 -0.0067529 0.0061689 0.031534 0.02748 0.00043499 0.0027559 0.0042055 0.0046098
-0.00062264 0.00096181 0.0031614 0.0026458 -0.01339 -0.0071466 0.018715 0.01909 0.059759 -0.0013716 0.06088 0.025616 0.00025708 -0.00011541 0.00044527 0.00021715 -0.011032 -0.00069833 0.041483 0.014687 -0.041035 -0.039127 0.16458 0.17367 0.42957 -0.024181 0.51609 0.10647 0.0045021 0.00025645 0.0045021 0.0032927 -0.024256 -0.00041568 0.032036 0.015699 -0.011426 0.065999 0.23506 0.17072 0.39591 0.021455 0.4434 0.11128 0.0030186 0.00051077 0.0030186 0.0013591 -0.00084273 -0.00031746 0.0031155 0.0024469 -0.0018084 -0.0062348 0.024118 0.019857 0.054862 0.0078181 0.065379 0.019584 4.502e-05 -2.7483e-05 4.502e-05 4.502e-05
-0.0077268 5.0961e-05 0.0098397 0.0024555 0.058394 6.9163e-06 0.076875 0.0092653 0.0090603 0.0014055 0.013159 0.0096597 9.9586e-05 -0.00071193 0.0015655 0.0017837 -0.066345 -0.001997 0.075764 0.01311 0.45121 0.023479 0.48771 0.10581 0.028546 0.029127 0.083686 0.067751 0.0053537 0.0070291 0.0086638 0.015676 -0.062179 0.0043202 0.077039 0.014846 0.38855 -0.032934 0.54514 0.095067 0.084753 -0.034037 0.11655 0.11321 -0.0047493 -0.0075666 0.01201 0.015739 -0.0089418 0.0011094 0.010384 0.0022527 0.058463 -0.0040832 0.067834 0.011743 0.0123 -0.0061726 0.015496 0.02381 0.00081767 0.00099646 0.0014153 0.0023052
0.0003114 -0.0033945 0.0099172 0.0040698 0.014859 0.0097921 0.05362 0.026051 0.050751 -0.011723 0.071936 0.020105 0 0 0 0 0.063468 0.042876 0.08183 0.053689 -0.13821 -0.0539 0.2199 0.19562 0.42583 -0.0087207 0.4392 0.093004 0 0 0 0 -0.013896 0.0027426 0.040426 0.024378 -0.097494 0.0097853 0.194 0.12713 0.41794 -0.010977 0.46605 0.1134 0.0003529 -3.2315e-05 0.0003529 0.0003529 -0.0029486 -0.0022875 0.0034907 0.003814 -0.0092043 0.00051469 0.020868 0.019397 0.059433 -0.0031592 0.07247 0.016403 0 0 0 0
0.0046113 0.00055715 0.0057793 0.0043805 -0.035568 -0.017786 0.043957 0.020754 0.04445 -0.031907 0.067228 0.031907 0.0027948 -2.6406e-05 0.0032608 0.0037225 0.0055084 0.0021753 0.038375 0.036539 -0.23033 -0.0085952 0.29083 0.092272 0.28068 -0.048905 0.40434 0.12918 0.022131 0.0020981 0.024772 0.0194 -0.0072778 0.0062281 0.028908 0.018024 -0.31926 -0.026354 0.37451 0.067757 0.38058 0.030022 0.40303 0.082584 0.0034986 -0.0014847 0.024435 0.010809 0.00010559 -0.00023132 0.0024916 0.0020494 -0.044023 0.0075072 0.059718 0.010309 0.049453 -0.0027154 0.052329 0.014239 0.0014922 -8.6441e-05 0.0016677 0.00059519
-0.010087 -0.0011599 0.010359 0.0013997 0.068094 0.0058149 0.07875 0.0083207 -0.019473 -0.0062824 0.028961 0.011318 0.00042381 0.00018559 0.002851 0.0012278 -0.054457 -0.0062823 0.057605 0.0091675 0.44955 0.021087 0.51504 0.051329 -0.19298 -0.093057 0.23237 0.11966 0.0048107 0.00055343 0.025315 0.025662 -0.04444 -0.0071864 0.045086 0.010447 0.27608 0.020377 0.50008 0.12552 -0.052215 -0.030119 0.15246 0.12577 -0.0027362 -0.00073559 0.019068 0.019596 -0.0058663 0.0020843 0.0060722 0.0021755 0.024857 -0.0050173 0.044314 0.0165 -0.0020984 -6.9931e-05 0.03715 0.024456 0.00099379 0.00031039 0.0050802 0.0018295
-0.003536 -0.0002798 0.0043739 0.0011946 0.027043 -0.0051467 0.051952 0.018013 -0.0055421 0.0052638 0.022729 0.012684 -0.0018882 0.00040909 0.0030982 0.0016245 -0.023927 0.0013792 0.036364 0.0088418 0.32589 0.014098 0.49766 0.091284 -0.1633 0.03549 0.24838 0.10867 -0.0037774 0.0052199 0.014393 0.013095 -0.032205 0.0036398 0.0336 0.0080227 0.42721 0.026821 0.45128 0.056015 -0.22305 0.079383 0.24779 0.099643 -0.0059581 -0.0024854 0.014989 0.012688 -0.0052966 0.00068178 0.0053499 0.00081698 0.058567 -0.0045155 0.060464 0.012706 -0.027409 -0.0057881 0.030672 0.0085872 -0.0013809 -0.00095363 0.003105 0.0022665
-0.0068611 0.0028519 0.006893 0.0034495 0.020386 -0.011475 0.08079 0.019597 0.0019557 -0.0023274 0.031655 0.019839 -0.0044649 0.0027427 0.0056038 0.003853 -0.073964 -0.022623 0.073964 0.022884 0.21979 -0.014963 0.48097 0.042609 -0.03335 0.01943 0.31706 0.19139 0.0084836 -0.0017388 0.02519 0.021391 -0.04727 -0.019527 0.04727 0.019546 0.29128 0.044052 0.53628 0.098155 -0.090222 -0.034006 0.3385 0.16152 0.023405 -0.0049383 0.05341 0.018805 -0.0024146 -0.0010876 0.0025303 0.0011657 0.022191 0.02237 0.10343 0.025599 -0.00108 0.0042952 0.038877 0.021883 -0.0045472 0.0005688 0.0088515 0.0029042
-0.0011809 -0.00035008 0.0032108 0.001628 0.023734 0.022387 0.074642 0.036565 0.0049678 -0.010245 0.053906 0.027968 -0.00053127 -0.0014671 0.0058323 0.0037278 0.019814 0.00073329 0.045645 0.020456 0.10576 -0.027893 0.51657 0.19582 -0.045596 -0.03265 0.36729 0.20142 0.0079069 0.00229 0.034041 0.025227 -0.0067617 0.0026844 0.04252 0.0084763 0.055999 -0.0033528 0.47461 0.25071 -5.7014e-05 -0.010328 0.38232 0.16096 0.04533 0.021921 0.072073 0.036864 -0.0071291 0.00036785 0.0074368 0.0018497 0.021678 0.0061679 0.077074 0.027359 0.0086008 0.0095631 0.068064 0.025627 -0.0022745 -0.0054442 0.01789 0.0060011
-0.0044012 -0.0006691 0.0054911 0.002186 0.026288 -0.009723 0.062818 0.016289 0.0093761 -0.00057492 0.0093761 0.0045146 0 0 0 0 -0.029185 -0.0018951 0.047099 0.0070295 0.078804 -0.028155 0.73427 0.076686 0.16055 -0.02795 0.16055 0.036142 0 0 0 0 -0.052111 0.023441 0.052111 0.023441 0.13162 0.031478 0.55126 0.11021 0.13077 0.041965 0.13457 0.044494 0 0 0 0 -6.9788e-05 6.9788e-05 6.9788e-05 6.9788e-05 0.0086232 0.026441 0.066361 0.027071 0.0099927 0.0028306 0.0099927 0.0028306 0 0 0 0
0.0017557 -0.0010401 0.0040874 0.0025256 -0.024966 -0.010046 0.034906 0.023298 0.076302 -0.021463 0.076302 0.021689 0 0 0 0 -0.015451 -0.00061623 0.028744 0.020868 -0.023211 -0.0063883 0.21065 0.19017 0.38534 -0.020828 0.47304 0.1192 0.0038124 -0.00056076 0.0038124 0.00086545 0.0043258 0.0072744 0.024555 0.026755 -0.11185 0.052391 0.19881 0.13668 0.42116 0.046784 0.48821 0.1197 0.0013156 0.0001791 0.0019864 0.0011499 -0.00060493 -0.00016056 0.0034426 0.0032754 -0.009434 0.0024782 0.026131 0.014655 0.058372 -0.0023382 0.060473 0.013476 8.9361e-05 -8.9155e-06 8.9361e-05 0.00034091
0.00021937 -0.00066 0.00044393 0.00066 0.00034057 -0.00069098 0.00034057 0.00069098 0 0 0 0 0 0 0 0 -0.031419 -0.056985 0.048422 0.057672 0.24989 -0.23918 0.38695 0.27713 0.0056314 -0.0094915 0.014355 0.012666 0.00012648 -0.00056537 0.00012648 0.00056537 -0.020786 -0.033268 0.024168 0.040052 0.31888 -0.014904 0.56338 0.24082 0.12958 -0.17007 0.25916 0.19571 0.0021077 0.0003491 0.0021077 0.00078798 0.0040019 0.0052288 0.0043875 0.0064587 -0.0022851 -0.016724 0.041849 0.040508 0.059348 0.012589 0.059348 0.014936 0 0 0 0
0.0013514 0.0030262 0.0034435 0.004275 0.045493 0.055764 0.05983 0.06747 0.00058298 -0.01533 0.011996 0.017882 -0.00021468 -0.00063685 0.00041617 0.00066205 -0.030652 -0.024162 0.044936 0.041763 0.37404 -0.062825 0.39984 0.09017 -0.078905 0.081848 0.36983 0.26623 -0.010852 -0.020352 0.025601 0.026742 -0.022131 -0.0025947 0.061285 0.0057794 0.36646 0.024604 0.3747 0.065169 -0.049778 -0.049765 0.18815 0.33211 0.0017657 0.018943 0.030409 0.046898 -0.0035807 0.0018931 0.0085525 0.002669 0.061647 0.00028295 0.061647 0.0095756 -0.0071112 -0.0041212 0.012541 0.01749 -0.0015902 -0.0023984 0.002315 0.0053629
0.0034094 0.00040269 0.0041482 0.0025642 -0.04568 -0.00019309 0.060944 0.011038 0.045172 0.0039244 0.049038 0.013745 0.00042387 0.00070489 0.0014273 0.001829 0.015271 0.0050966 0.026275 0.01721 -0.31602 -0.027927 0.36784 0.079536 0.34917 -0.025639 0.36898 0.074463 0.011532 0.0013961 0.019698 0.0066588 0.016659 -0.0091206 0.021165 0.020064 -0.28845 0.0091845 0.38142 0.072992 0.32157 0.001294 0.34624 0.098138 0.01334 -0.00018922 0.02037 0.0072815 0.0038314 0.00056579 0.0046845 0.0032611 -0.051275 0.0056998 0.066438 0.010908 0.045424 -0.0055032 0.051755 0.011163 0.0016098 -0.0014034 0.0021822 0.0021854
