-0.0023257 0.0021615 0.0030072 0.0073905 -0.0061187 0.0070722 0.017861 0.047877 0.043512 -0.006845 0.050007 0.0082024 0 0 0 0 0.0082762 -0.023584 0.020418 0.03062 -0.17427 -0.2072 0.17731 0.21884 0.43658 -0.11384 0.44449 0.11803 0.00056139 -0.00014002 0.00056139 0.00027699 -0.0119 -0.020842 0.01928 0.031451 0.13821 0.17219 0.22179 0.29979 0.29138 0.099433 0.3173 0.18217 0.0084983 -0.0021889 0.0084983 0.002488 0.002235 0.0057037 0.0028234 0.0068152 0.014174 0.0047516 0.027293 0.042915 0.016569 0.012889 0.022703 0.024556 0.0031032 -0.00012692 0.0031032 0.0004328
0.0092717 -0.001334 0.010636 0.0029851 -0.041906 -0.010792 0.05197 0.027146 0.00037709 -0.0020013 0.0046446 0.0069422 -0.00026258 -0.00016689 0.0004736 0.00095956 0.0056872 -0.011367 0.012171 0.026384 0.18377 0.055033 0.28137 0.24876 -0.19823 0.12215 0.28465 0.39767 -0.001599 -0.0056711 0.0050066 0.027183 -0.0010785 0.0035649 0.0043545 0.014046 0.26065 -0.11433 0.27619 0.171 -0.22276 -0.058555 0.38536 0.35506 -0.0060132 0.0087071 0.012016 0.031714 -0.00020442 6.5357e-05 0.00043448 0.00057448 0.00058392 -0.00078134 0.0023892 0.0047876 0.045403 0.012801 0.049813 0.023424 -0.0079521 0.010007 0.013263 0.010203
0.00041488 -0.002996 0.0027329 0.0049305 -0.0082521 -0.01452 0.039687 0.033161 -0.0055997 -0.012435 0.02669 0.02431 -0.00039505 -0.00042816 0.00086226 0.0012049 -0.012684 -0.014862 0.023782 0.042651 0.21662 0.12195 0.31295 0.23481 -0.25761 0.112 0.28503 0.36526 -0.003002 -0.0073215 0.0064763 0.039655 -0.0015145 -0.0090208 0.0076916 0.017512 0.22012 -0.179 0.28386 0.2596 -0.17771 -0.033217 0.34553 0.30333 -0.0062387 0.0098337 0.011772 0.039837 -0.00019925 0.00041045 0.00061477 0.0011152 0.0017015 0.0045265 0.0026353 0.0077972 0.032958 -0.014253 0.076828 0.021463 -0.0035805 0.00042245 0.004803 0.0024955
0.0013982 -0.00073151 0.0046241 0.0013338 -0.022643 0.0012225 0.043957 0.018295 0.018646 0.020936 0.073653 0.030626 0.0099332 -0.00044325 0.0099617 0.0013667 0.014375 -0.0025429 0.027917 0.0096986 -0.22215 -0.11264 0.45615 0.25694 0.34341 -0.095413 0.40762 0.22839 -0.00036144 0.0056357 0.0067546 0.0093809 -0.012439 -0.0010715 0.049246 0.025421 0.017865 0.18726 0.27255 0.25688 0.19802 0.14209 0.21044 0.1558 0.0035758 0.0024989 0.0081475 0.0038948 0.0056912 -0.0013309 0.0059843 0.0015321 0.0025559 0.0028109 0.0034714 0.0045024 0.0032604 0.0017992 0.00398 0.0041264 0.00043754 0.00030381 0.00099341 0.00071662
-0.00056298 -3.4783e-05 0.0016769 0.0011376 0.028172 0.0039397 0.03284 0.014847 0.04177 -0.007406 0.04733 0.010286 0.00024849 -1.9708e-05 0.00024849 1.9708e-05 -0.0011247 -0.0011521 0.0057269 0.0048512 -0.045075 -0.0082222 0.23275 0.097332 0.45682 -0.084265 0.49314 0.11231 0.012759 -0.004879 0.012759 0.004879 0.0059729 0.015 0.038727 0.023587 0.12066 0.18914 0.2759 0.31683 0.16057 0.12223 0.30724 0.27445 0.034412 -0.0027158 0.035048 0.0027158 -0.0050444 -0.0012144 0.007982 0.0033082 0.019203 -0.043262 0.030712 0.044942 0.023897 -0.050506 0.047759 0.056809 0.0024557 -0.00086293 0.0038879 0.00090594
0.0077071 -0.0017723 0.0079439 0.003705 -0.037215 -0.0097225 0.061146 0.023115 0.0028174 -0.0011298 0.0095325 0.012755 0.00028545 0.0040005 0.0011757 0.0044734 0.0094365 -0.016088 0.014271 0.027385 0.15501 0.077244 0.29083 0.23701 -0.10466 0.27951 0.29634 0.49151 0.038298 0.035205 0.045869 0.049978 0.00016767 0.0037838 0.0059754 0.0072168 0.35213 0.0057557 0.381 0.27091 0.031932 0.080941 0.13931 0.14619 0.014305 0.013489 0.015632 0.014816 0.0027217 0.00099154 0.0036283 0.0063778 0.027091 0.024685 0.031066 0.02953 0.011371 0.017178 0.011371 0.017178 3.3477e-05 3.3477e-05 3.3477e-05 3.3477e-05
0.0022759 0.0068696 0.0055237 0.0089068 -0.0011151 0.025649 0.034062 0.028647 0.036355 0.0021274 0.06598 0.0171 0.0031924 0.00052707 0.0031924 0.00052707 0.02845 -0.023687 0.030877 0.036621 0.10962 -0.14336 0.29491 0.23095 0.27296 -0.017539 0.33934 0.28095 0.00316 0.00098224 0.00316 0.00098224 -0.0056472 -0.0063972 0.010843 0.010829 0.028633 0.023433 0.078564 0.073535 0.49436 0.10718 0.50569 0.10718 0.00043621 0.00013664 0.00043621 0.00013664 0.00023448 0.0078726 0.0024489 0.0081515 0.017214 0.029563 0.034934 0.035516 0.050315 0.01105 0.053185 0.011221 0 0 0 0
0.00080077 -0.002484 0.00080077 0.002484 0.00010492 -0.00037459 0.00010492 0.00037459 0 0 0 0 0 0 0 0 -0.015898 -0.040092 0.033869 0.045689 0.068039 -0.32888 0.11926 0.36323 0.17071 -0.18186 0.1813 0.21619 0.0023106 0.00026968 0.0023106 0.0016207 -0.011193 0.016016 0.051468 0.04079 -0.11908 0.020292 0.26979 0.14613 0.47128 0.063601 0.49004 0.076129 0.0001382 0.0001382 0.0001382 0.0001382 -0.0014153 0.0011203 0.0043587 0.0046376 -0.010719 0.014268 0.02691 0.034643 0.053348 0.010367 0.056895 0.010786 0 0 0 0
-0.0076924 -0.00124 0.0082068 0.0049705 0.031741 -0.03656 0.060293 0.040294 0.0043864 -0.0043163 0.023906 0.035403 0.0035614 0.00042773 0.0037381 0.004642 -0.035147 -0.0015055 0.03817 0.042851 0.2545 0.045603 0.48232 0.08236 0.023694 0.022893 0.19315 0.21859 0.037116 -0.0039598 0.041071 0.011176 -0.01293 0.0072043 0.025253 0.018794 0.21557 -0.039056 0.61103 0.1432 -0.07946 -0.037066 0.29384 0.17387 0.078352 0.0096542 0.078352 0.018277 0.0023147 0.0019614 0.00378 0.0030964 0.01606 -0.00026396 0.090365 0.016257 0.007635 0.0061219 0.030201 0.017445 0.0062792 0.0017274 0.0062792 0.0017274
-0.0011265 -0.0027023 0.0015729 0.0033172 -0.017227 -0.017615 0.051767 0.042384 0.019527 -0.0049847 0.029061 0.011021 -3.9004e-05 -0.0003717 0.00058989 0.00054502 -0.0059111 0.0013458 0.032577 0.014022 -0.31293 -0.10631 0.38557 0.19041 0.34045 -0.066792 0.50212 0.07577 -0.0032775 -0.0044933 0.0056792 0.0051777 0.013574 -0.0093297 0.026016 0.035642 -0.14495 -0.053953 0.3444 0.13387 0.248 0.017851 0.2918 0.064238 -0.014699 -0.0085599 0.023172 0.010488 -0.00015113 -0.001157 0.0023025 0.0023437 -0.0054698 0.0064136 0.049502 0.019044 0.028349 -0.0015001 0.034959 0.0098141 -0.0037149 -0.00044777 0.004372 0.001901
0.00011664 0.0020731 0.0031647 0.0032839 0.021049 -0.01026 0.075243 0.025413 -0.0025812 0.00012621 0.023816 0.022176 0.0052153 -0.00069963 0.0052153 0.0020551 0.019838 -0.0034701 0.025377 0.016319 -0.21975 0.071119 0.3347 0.14482 0.26748 -0.017564 0.408 0.16442 0.049983 0.0021549 0.049983 0.010634 0.031918 0.0045282 0.048766 0.019272 -0.24737 0.14389 0.33813 0.1615 0.27892 0.025748 0.45214 0.14508 0.021387 0.0080677 0.023017 0.01577 0.0014681 0.00077601 0.0030446 0.0027084 0.0043082 0.0024734 0.0093549 0.0080195 -0.003737 0.012228 0.030257 0.034721 0.0045918 -0.0013758 0.0045918 0.0015523
0.00026523 -0.00074544 0.0007615 0.0015149 9.305e-05 -0.0036994 0.0083432 0.011587 0.01857 -0.0014763 0.022884 0.006152 0.0044213 0.00018866 0.0044213 0.00019603 0.00060073 -0.045588 0.01011 0.047784 -0.041689 -0.28133 0.086036 0.34022 0.2953 -0.092046 0.37349 0.15068 0.010414 0.0025125 0.010414 0.0025125 0.00018737 0.0048633 0.0045536 0.0073455 0.0038624 -0.004193 0.026115 0.033879 0.49324 0.068343 0.5141 0.070735 0.0031468 0.00013423 0.0032631 0.00069043 0 0 0 0 -9.3698e-05 -0.00022705 0.00074624 0.00079084 0.077408 0.015256 0.080467 0.01683 8.4939e-05 3.1771e-05 0.00023194 3.1771e-05
-0.00785 0.0018381 0.0082878 0.0028225 0.048435 -0.011205 0.060705 0.017033 -0.015627 -0.0056918 0.033922 0.029388 0.0065315 0.00063694 0.007069 0.0026145 -0.022565 0.013466 0.044646 0.016278 0.29286 0.097577 0.57415 0.15611 -0.059703 0.013815 0.17883 0.207 0.043956 0.0076225 0.047213 0.0088478 0.021405 -0.0003095 0.029582 0.0073886 0.044732 0.098483 0.51926 0.29611 0.077543 0.054376 0.1732 0.20355 0.014148 0.0042214 0.017389 0.0046119 0.00030972 -0.00014155 0.0024721 0.0011338 -0.0032338 -0.00079629 0.019309 0.023021 0.0082353 -0.015254 0.044935 0.035773 0.002018 0.00053611 0.002224 0.00053611
-0.0030793 0.00050224 0.0032755 0.0044037 -0.003325 -0.003322 0.038678 0.01352 0.033545 -0.0053594 0.041697 0.017989 -0.0017659 -0.00012903 0.0041254 0.0030853 -0.01969 0.0067264 0.02333 0.014672 -0.14936 0.010205 0.1808 0.089046 0.31669 -0.037025 0.43412 0.20454 -0.0066595 0.022329 0.03382 0.046858 0.0063196 0.0012359 0.010542 0.010896 -0.2785 0.070745 0.30371 0.085419 0.40164 0.039107 0.46988 0.10097 -0.00126 -0.0091935 0.026849 0.026216 -0.0019336 0.00053769 0.0020356 0.00070503 -0.041169 0.039401 0.064157 0.046071 0.041369 -0.011562 0.070651 0.029842 0.0018405 0.00029713 0.0034541 0.0029647
-0.0041444 0.0021352 0.0078806 0.0039853 0.027086 -0.00444 0.042703 0.026678 0.0098472 -0.0040621 0.04442 0.028315 0.002194 5.7614e-05 0.0022197 5.7614e-05 -0.060063 0.012767 0.061188 0.019163 0.29704 -0.018198 0.42309 0.21861 0.034393 0.10285 0.36355 0.24904 0.019461 0.0017831 0.019461 0.0017831 -0.047058 0.027729 0.071155 0.033058 0.2681 0.011614 0.5389 0.18217 0.050719 0.015674 0.16663 0.1336 0.023809 -6.5025e-05 0.023809 0.00011768 0.0028349 -4.8309e-05 0.0040115 0.0014636 0.0013866 0.023588 0.064899 0.046202 0.01949 0.0064528 0.032515 0.031614 0.0039952 0.00046717 0.0039952 0.00046717
-0.0029919 -0.010111 0.0086478 0.011424 0.0059145 -0.081568 0.034723 0.087015 0.025665 -0.029674 0.030707 0.036748 0.00038621 4.4067e-05 0.00074876 0.00074918 0.00050443 0.0099564 0.026495 0.058261 -0.15688 0.13869 0.30375 0.35427 0.27529 -0.034162 0.4164 0.25628 0.0046923 -0.0035936 0.0054747 0.0061825 0.002132 -0.010647 0.020473 0.038875 -0.088921 -0.070721 0.23853 0.32491 0.15446 -0.03487 0.22667 0.37878 0.0051372 -0.020387 0.008981 0.023612 0.00026052 -0.00015854 0.00046275 0.00037034 -0.00069926 -0.00083353 0.0033072 0.0014975 0.00047105 -0.00052097 0.0022107 0.0016341 0.00015589 -0.00017789 0.00064198 0.00039916
-0.003463 0.0036441 0.0045807 0.0041622 0.022137 -0.0047291 0.085645 0.022375 0.024141 -0.011316 0.043556 0.038068 0.0022132 -0.0034863 0.0036501 0.0038039 -0.022411 -0.016205 0.026802 0.037337 -0.09495 -0.018169 0.333 0.14064 0.36953 -0.12372 0.39615 0.20034 -0.025081 -0.010583 0.041854 0.023101 -0.022212 0.0092249 0.034261 0.019394 -0.11438 0.015035 0.33251 0.09811 0.36476 0.072042 0.41565 0.17979 -0.0069029 0.00359 0.044782 0.020298 -0.00026033 -0.0046784 0.0041577 0.0063039 0.013316 0.0031494 0.090569 0.018379 0.019507 0.0088221 0.036921 0.023559 -0.00059881 0.0033809 0.0031267 0.0038152
-0.00070668 -0.0028179 0.0017146 0.0029238 0.046979 -0.051919 0.074829 0.051919 0.010895 -0.0045261 0.010895 0.0045261 0 0 0 0 -0.0057172 -0.01448 0.010356 0.016157 0.11934 -0.045298 0.12537 0.058757 0.45371 -0.16088 0.45418 0.16169 -0.0018954 -0.0042779 0.0018954 0.0042779 1.3893e-05 5.6835e-05 7.5627e-05 7.5627e-05 0.15627 0.091548 0.15695 0.092223 0.24853 0.095324 0.49367 0.29346 0.039596 -0.0099116 0.039703 0.04111 0.0002154 0.00084576 0.00036575 0.0010576 0.055737 0.037486 0.067181 0.040264 -0.0089767 -0.02828 0.039361 0.038026 0.0050668 -0.0045299 0.0050857 0.0083022
-0.0047438 0.00056785 0.0052535 0.0031672 0.056705 0.0048677 0.071463 0.020553 -0.0071734 -0.0045631 0.024915 0.040351 -0.0021219 0.0031569 0.0072382 0.0045593 -0.067075 0.029714 0.090599 0.034538 0.29297 0.060621 0.48737 0.12724 -0.0086076 0.0017822 0.25019 0.18668 0.0065388 -0.00035351 0.032566 0.016562 0.011515 -0.0029125 0.021264 0.015076 0.051934 0.051188 0.59203 0.28587 0.081512 0.039546 0.16211 0.22565 0.0035942 0.015598 0.013326 0.01785 0.00031893 0.00018416 0.0020741 0.0010143 -0.0085503 0.0032348 0.038274 0.025214 0.013701 -0.031469 0.044005 0.045109 0.0017293 -0.00088391 0.0022557 0.0018461
0.0022963 0.0038625 0.0044624 0.0058009 -0.02416 0.002806 0.052202 0.038319 0.044707 0.00133 0.056803 0.015713 0 0 0 0 -0.026614 -0.014717 0.043157 0.024683 -0.084302 -0.19227 0.32001 0.27716 0.36059 -0.027343 0.3977 0.094742 0 0 0 0 -0.017648 -0.016263 0.039956 0.033762 0.0061289 0.025708 0.21085 0.24506 0.35683 0.014836 0.44917 0.07131 0 0 0 0 -0.0025913 0.01238 0.0039813 0.01238 0.0011077 0.093622 0.006571 0.093622 0.033589 0.03002 0.035809 0.030552 0 0 0 0
-0.005547 0.001082 0.0059122 0.0027963 0.045792 -0.009696 0.053915 0.023108 -0.017723 -0.0089014 0.031051 0.019976 0.0071545 -0.001109 0.0071545 0.0032755 -0.04744 0.019445 0.052879 0.021535 0.33603 0.002803 0.49059 0.083331 -0.069066 0.061235 0.16527 0.19753 0.047196 0.006432 0.052375 0.0087963 0.015156 0.00033279 0.024607 0.0086179 0.084925 0.084625 0.61864 0.2597 0.053841 0.0083993 0.20797 0.16723 0.017895 0.0031234 0.027303 0.0066091 -0.00053989 0.00093414 0.001034 0.00096412 -0.0077117 0.026581 0.020974 0.032272 0.016091 -0.01213 0.035179 0.037271 0.0023748 -0.0006146 0.0023748 0.00074112
-0.0075826 0.00037182 0.010069 0.0029205 0.031863 -0.016403 0.038586 0.027418 0.0195 -0.01511 0.045837 0.03974 -0.00070207 -0.00013869 0.0060983 0.0036711 -0.080702 0.033028 0.084141 0.038835 0.25633 0.03254 0.32772 0.12231 0.14196 -0.0027891 0.28907 0.18225 -0.001374 -0.0070519 0.028389 0.01499 -0.021047 0.025144 0.033949 0.034979 0.066117 0.21467 0.46133 0.47952 0.051669 0.05181 0.18728 0.32808 -0.0095741 0.0072076 0.036545 0.029011 -0.00036325 0.0043021 0.00036325 0.0043021 -0.0037097 0.019793 0.004405 0.020301 -0.00081693 0.011812 0.0023583 0.02255 -0.0016325 0.0047481 0.0016492 0.0048572
0.014777 -0.0005359 0.018254 0.0014964 0.0038872 -0.011249 0.048353 0.017639 -0.022271 -0.025104 0.035744 0.029025 0.001517 -0.0029293 0.0038504 0.0036825 0.08433 0.0094351 0.10474 0.025784 -0.12517 -0.14578 0.32817 0.27444 0.0061968 0.077375 0.42987 0.28358 0.058358 0.021061 0.075009 0.028501 0.077478 0.010703 0.085665 0.015364 -0.084254 0.13462 0.31096 0.24364 0.12293 -0.020298 0.34695 0.35014 0.023606 0.028526 0.040424 0.037629 0.013751 0.0015719 0.014221 0.003352 -0.024528 -0.012165 0.034576 0.040431 0.028878 0.019941 0.093447 0.035076 0.0019212 0.0010278 0.002706 0.0013738
-0.0011413 7.634e-05 0.0035176 0.012002 -0.0014361 -0.014596 0.016937 0.058147 0.0578 -0.0072491 0.067064 0.035314 0.0011561 4.8951e-05 0.0011561 7.3143e-05 -0.022819 0.0087085 0.039208 0.042457 -0.01592 0.071574 0.16693 0.28839 0.38706 0.0057705 0.45141 0.23619 0.0071718 -0.0001928 0.0071718 0.00032356 0.0027225 0.0049214 0.0088964 0.03211 -0.11668 0.10292 0.14094 0.3271 0.3079 0.011239 0.42219 0.12743 0.0077037 -4.1495e-05 0.0077037 0.00085548 0.00052441 0.0092567 0.0010232 0.0095643 -0.0029316 0.075073 0.0052634 0.077245 0.017348 0.032808 0.023361 0.038182 0.0030934 -0.00069557 0.0030934 0.00096765
0.0013728 0.0019871 0.0039888 0.0043175 -0.015897 -0.012255 0.042057 0.032468 0.036991 0.0022377 0.055348 0.013694 0 0 0 0 -0.03186 -0.013744 0.042592 0.028246 -0.079983 -0.072737 0.28029 0.27173 0.37864 -0.021025 0.44225 0.12698 0 0 0 0 -0.0086732 -0.0006384 0.029154 0.057682 0.013631 0.025316 0.16646 0.31228 0.35408 0.049508 0.43785 0.095687 0 0 0 0 -0.00051573 0.0043326 0.00091713 0.0043326 -0.0015178 0.061231 0.0056371 0.061231 0.015499 0.027444 0.018105 0.028072 0 0 0 0
-0.0023355 -0.010175 0.002863 0.010405 0.015034 -0.081771 0.020035 0.081771 0.0076076 -0.070743 0.0076076 0.070743 0.0020417 -0.00072998 0.0020417 0.00087399 -0.03781 0.003722 0.047905 0.036158 0.18986 0.00209 0.47483 0.14278 0.14415 0.030192 0.1989 0.16887 0.025423 0.0013192 0.025423 0.0013192 -0.014891 -0.0020357 0.024247 0.021207 0.23827 -0.038461 0.5981 0.16736 0.036752 -0.027446 0.33264 0.15725 0.015186 0.0015199 0.015186 0.0015199 0.0049244 -0.00058324 0.0089446 0.0020943 0.0087359 0.00652 0.10303 0.02219 0.026321 0.0058579 0.045857 0.016699 0.00044302 0.00015716 0.00044302 0.00015716
0.0023308 0.00068576 0.0028529 0.00071755 -0.019677 -0.020506 0.046945 0.031357 0.016208 -0.0076945 0.04949 0.06341 -0.0053075 0.00025923 0.007845 0.0067007 0.018835 0.00213 0.018835 0.0049779 -0.1993 -0.022648 0.38751 0.23517 0.29998 -0.021663 0.34541 0.15876 -0.052646 0.014622 0.057676 0.034429 0.020156 0.0011508 0.028717 0.014131 -0.087672 0.090324 0.37176 0.30007 0.15717 0.058257 0.40265 0.2131 -0.013594 0.0086357 0.045532 0.0174 0.0018108 -0.00065825 0.0069228 0.0024604 0.028505 -0.001569 0.10118 0.031777 -0.0032245 0.021845 0.042902 0.043417 -0.001046 0.0009809 0.0052941 0.0016841
-0.00024679 0.00071507 0.0047988 0.006093 0.015132 0.014651 0.049215 0.075917 0.016951 -0.0052187 0.022568 0.012327 3.2765e-05 -3.2765e-05 3.2765e-05 3.2765e-05 0.051509 -0.043196 0.053805 0.07349 0.17964 0.012208 0.41867 0.25469 -0.041916 -0.042694 0.14411 0.11056 0.01744 -0.0095623 0.022116 0.014239 -0.013407 0.033411 0.043586 0.1166 0.21173 -0.063574 0.32752 0.53454 -0.037405 -0.12336 0.27806 0.32522 0.012006 -0.016955 0.02337 0.019622 0.00020105 0.0016416 0.0015801 0.0031608 0.028717 0.019191 0.040479 0.02425 -0.036288 0.00029028 0.047063 0.02015 0.0013759 0.0014583 0.0077088 0.010994
-0.0066457 0.0033517 0.01328 0.0064678 -0.0012555 0.0063624 0.044123 0.033741 0.05169 0.0074383 0.083125 0.017158 0.00033328 -5.9958e-06 0.00033328 5.9958e-06 -0.012536 0.0069345 0.037616 0.047398 -0.1874 0.09635 0.28457 0.27532 0.33427 -0.014247 0.38826 0.1719 0.0047005 -0.0020169 0.0047005 0.0020169 -0.0049304 -0.0076653 0.010614 0.017833 -0.11686 0.038324 0.32955 0.29587 0.20063 0.076168 0.42648 0.21833 0.018648 -0.001648 0.018648 0.001648 0.00057444 -0.00051537 0.00068843 0.00060477 0.00088855 -0.0017797 0.015751 0.0091046 0.01737 -0.007672 0.019393 0.011313 0.0045527 5.8548e-05 0.0045527 0.00024694
-0.001064 0.013917 0.0024898 0.016 0.042122 0.056637 0.043532 0.062419 0.027599 0.015609 0.057251 0.0471 0.0051479 0.00060504 0.0051479 0.00061994 -0.0079916 -0.0069017 0.021377 0.043396 0.025633 -0.172 0.13909 0.32883 0.31651 -0.049102 0.37299 0.23077 0.012815 0.0026701 0.012815 0.0032755 -0.016309 0.020243 0.04662 0.054523 0.00093246 0.1038 0.13367 0.26755 0.39352 0.10664 0.46004 0.18018 0.0013667 0.00023038 0.0013667 0.00023038 -0.0014531 0.0020727 0.0024069 0.0026425 -0.0046496 -0.0031151 0.02578 0.046461 0.056348 -0.0049308 0.063624 0.015111 0 0 0 0
0.003652 -0.001448 0.0071145 0.0020142 0.0063205 -0.016816 0.024067 0.031197 -0.026127 0.018453 0.050684 0.027283 0.0023548 -0.0023645 0.019928 0.0056755 0.024615 -0.0029936 0.028706 0.004306 -0.20162 0.0011823 0.31885 0.12001 0.25476 -0.057187 0.34639 0.22015 -0.066733 0.019228 0.11952 0.034856 0.0060735 -0.0022361 0.0062606 0.0024454 -0.057212 0.00036683 0.44992 0.14288 0.19144 0.15114 0.44564 0.26421 -0.035646 0.035188 0.085143 0.04251 0.00015181 -3.4213e-05 0.00021187 5.4204e-05 -0.015306 -0.011794 0.057366 0.03819 0.05669 -0.0062843 0.061293 0.018849 7.9139e-05 0.00094558 0.0017448 0.0015645
-0.005917 0.00011265 0.0061234 0.0023267 0.064005 -0.02582 0.082799 0.05094 0.012348 -0.011141 0.017685 0.016782 0.0016616 -0.0013786 0.0016616 0.0013786 -0.047742 -0.015824 0.049147 0.026343 0.38099 0.04007 0.45968 0.10781 0.090273 -0.041969 0.2816 0.24323 0.005979 -0.017084 0.011058 0.023889 -0.035267 -0.010935 0.037149 0.018794 0.37937 0.041379 0.39068 0.16542 -0.075528 -0.081617 0.22226 0.24245 0.014124 -0.024904 0.029193 0.055581 0.0033776 0.0035254 0.0080297 0.0041223 0.026447 0.0022032 0.039035 0.027928 -0.0077763 0.001021 0.04322 0.031772 -0.0022996 0.00036172 0.0029288 0.0029441
-0.0015817 5.4785e-05 0.0027972 0.0044973 0.019289 0.0018495 0.075474 0.040053 0.0066612 -0.0091831 0.040663 0.019308 0.0051807 -0.00060766 0.0051807 0.00084457 -0.0059798 -0.0076164 0.028608 0.019245 -0.23834 0.10516 0.38041 0.16909 0.32672 -0.042859 0.44503 0.1642 0.047094 0.00051734 0.047094 0.0067714 -0.0038944 0.0056863 0.046541 0.017525 0.055353 0.07745 0.1808 0.14784 0.042923 0.14247 0.49777 0.26401 0.029294 -0.0019351 0.031102 0.01033 -0.0013303 -0.0015881 0.0038914 0.0068639 0.016581 0.0032588 0.016973 0.0064193 -0.0077831 -0.0037372 0.02694 0.015347 0.0086901 -0.00059687 0.0086901 0.00063789
-0.0069943 0.0017294 0.010189 0.0032581 0.017984 -0.0021094 0.040789 0.0254 0.031302 -0.0012249 0.04271 0.018901 0 0 0 0 -0.031344 0.016906 0.037846 0.026109 0.22434 -0.030044 0.49786 0.21327 0.11936 0.061826 0.28828 0.19846 0 0 0 0 0.0053113 0.0040892 0.014576 0.0089823 0.11702 0.11517 0.56884 0.26889 0.11524 -0.0046884 0.21899 0.13782 0.00077745 -0.00022806 0.00077745 0.00022806 0.00078525 4.0429e-05 0.0010197 0.00045297 0.0035408 0.004279 0.01701 0.011507 0.0061441 0.0012447 0.033842 0.020854 0.0013637 -0.00029958 0.0013637 0.00029958
0.0091091 -0.0026005 0.011547 0.0038625 -0.0078226 -0.013192 0.049859 0.020874 0.029459 0.013235 0.051463 0.044779 0.0046822 0.0004104 0.0046822 0.0004104 0.074721 -0.017086 0.10572 0.025013 0.028659 0.044116 0.2691 0.27001 0.14674 -0.0076713 0.42865 0.18269 0.031082 0.0014825 0.031082 0.0014825 0.0035794 -3.3696e-05 0.060349 0.023577 0.17254 0.047458 0.44539 0.35416 0.12166 0.066833 0.41488 0.15261 0.021906 0.00086762 0.021906 0.00086762 -0.0046071 0.0047128 0.015858 0.0082444 0.029606 -0.0027515 0.06256 0.031572 0.021516 0.00052977 0.041853 0.020043 0.00043052 0.00028284 0.00043052 0.00028284
0.0015595 0.00043758 0.0019185 0.00064915 -0.027207 -0.0022864 0.041954 0.042809 0.02718 0.012593 0.049379 0.052689 -0.0039023 0.0013906 0.0047383 0.0079198 0.013053 0.0015168 0.014647 0.003742 -0.15414 -0.043234 0.32158 0.27346 0.22991 -0.11732 0.31811 0.22742 -0.025887 0.0065042 0.038877 0.023608 0.014637 9.8633e-05 0.024978 0.01139 -0.0060778 0.099222 0.37502 0.23848 0.069205 0.13446 0.5205 0.20901 -0.012706 0.0076561 0.027952 0.011135 0.0013611 -0.00056273 0.0060029 0.0019798 0.033896 -0.0050653 0.085375 0.032221 -0.010138 0.029124 0.062404 0.039267 -0.00012354 0.00065812 0.0018028 0.00087295
-0.0029097 -0.00077509 0.0031424 0.0014257 0.0080961 0.003261 0.052383 0.034506 0.0028506 0.0033421 0.010479 0.041356 -0.0022305 -0.0037544 0.0045637 0.0064861 -0.0089598 -0.015444 0.012735 0.03494 -0.041872 -0.14141 0.36824 0.27178 0.052809 -0.047582 0.13314 0.16497 -0.0064197 0.005051 0.015798 0.0084007 -0.00015969 0.0052664 0.028733 0.02178 -0.22189 -0.052784 0.60549 0.1268 0.25977 -0.0017281 0.43246 0.083023 0.01085 -0.0040293 0.011819 0.0059664 -0.0038803 -0.00080996 0.0064907 0.004116 -0.023134 -0.022275 0.045754 0.029714 0.048968 -0.003274 0.079931 0.010991 0.00034361 -0.00014078 0.00063339 0.00039566
-0.0019985 -0.0012508 0.0042828 0.0060854 -0.0034197 -0.010274 0.01867 0.02942 0.012834 0.049044 0.044639 0.065008 0.00068758 0.0022963 0.0017184 0.0082188 -0.0048681 0.025656 0.026003 0.036671 0.15681 0.1422 0.33954 0.26851 -0.042597 0.067699 0.19654 0.30163 -0.010771 0.0058064 0.020153 0.045827 0.0087225 -0.01756 0.024536 0.070833 0.16088 -0.1042 0.42705 0.37102 -0.090114 -0.090459 0.28929 0.36716 0.004429 -0.024504 0.022965 0.080216 0.0020589 0.0023972 0.0056074 0.013391 -0.014966 -0.011177 0.040453 0.039241 0.00013903 -0.0075186 0.06184 0.057953 -0.0016649 -0.00054275 0.002088 0.0061779
-0.00090363 -0.00052719 0.0040368 0.0017139 0.018618 0.013038 0.06198 0.044865 0.014566 -0.0066325 0.06565 0.022694 0.0022569 0 0.0022569 0 0.028019 -0.00076476 0.041495 0.042212 -0.053227 -0.081211 0.40713 0.24346 0.23584 -0.016799 0.36676 0.15447 0.015625 0 0.015625 0 0.063392 -0.01351 0.079138 0.029419 -0.14382 0.20643 0.37161 0.37671 0.25143 0.030181 0.32119 0.090571 0.015625 0 0.015625 0 0.0094963 -7.0344e-05 0.012455 0.0026906 0.0033014 -0.0082662 0.038131 0.032942 0.013762 0.0065794 0.030394 0.018984 0.0022569 0 0.0022569 0
-0.00062107 -0.0029483 0.0012141 0.0036644 -0.0080057 -0.042404 0.04198 0.056428 0.0030479 -0.0047547 0.0159 0.018036 0.00023677 -0.0002448 0.00096875 0.00078181 -0.0062337 -0.00079598 0.029268 0.017785 -0.2701 -0.10732 0.40697 0.17489 0.30086 -0.058823 0.48214 0.078104 -0.0018931 -0.0049649 0.0055282 0.0056863 0.015616 -0.01002 0.02298 0.033969 -0.1301 -0.059384 0.38804 0.19772 0.24065 0.0035408 0.31081 0.073979 -0.016403 -0.01262 0.031642 0.017089 0.00031573 -0.0014768 0.0028107 0.0020013 0.0034715 0.0067648 0.046947 0.016708 0.021871 -2.3543e-05 0.031737 0.006923 -0.0057203 -0.00029122 0.0065312 0.0016486
-0.014101 -0.00073747 0.01754 0.0037312 0.060386 -0.0020207 0.077262 0.010868 -0.020537 0.0048235 0.025031 0.0080339 0.001057 -0.00045862 0.0056626 0.0051029 -0.075232 0.0084209 0.088508 0.01946 0.27243 0.01188 0.44568 0.16072 -0.022492 -0.069957 0.23999 0.22876 -0.012311 0.013828 0.061125 0.039053 -0.052195 0.0067168 0.088182 0.014102 0.12469 -0.062379 0.54361 0.18173 0.11046 -0.046163 0.3347 0.24366 -0.022056 0.01404 0.038007 0.03368 -0.0077654 -0.0036938 0.0098831 0.0045389 0.013305 0.0058924 0.047217 0.02864 0.024113 0.0049094 0.035519 0.042107 -0.00057862 -0.0016404 0.0035362 0.0057457
0.00022124 -0.0022439 0.0044342 0.0041229 0.0015248 0.003427 0.058165 0.011145 0.032929 -0.0068978 0.045857 0.011539 -0.006379 -0.00040556 0.0077511 0.0028376 -0.0090348 0.0058589 0.035694 0.018369 0.097502 0.017056 0.51149 0.11567 0.08646 -0.011077 0.29119 0.25649 -0.033586 0.0081838 0.044556 0.031346 -0.0018767 0.0019342 0.021326 0.011093 0.056351 -0.035913 0.60176 0.11325 0.060371 -0.090797 0.31581 0.20532 -0.0034032 0.0081546 0.025705 0.026982 -0.0038564 -0.0029997 0.0047192 0.0043073 0.0047497 0.0051047 0.065242 0.020195 0.018345 0.0042321 0.033847 0.050352 0.0017103 -0.001377 0.0035097 0.0055367
-0.0025907 -0.0041116 0.0025939 0.0045308 -0.01475 0.012899 0.02664 0.047732 -0.043736 0.077733 0.043736 0.077733 -0.0013946 0.0022045 0.0013953 0.0022045 -0.033438 -0.0011644 0.061872 0.047098 0.30897 -0.016188 0.41018 0.30097 -0.032488 0.06014 0.10355 0.20263 -0.013068 0.030071 0.027862 0.061104 -0.024608 0.036612 0.025471 0.037181 -0.07188 0.010003 0.25578 0.51997 0.046707 -0.12031 0.34464 0.23793 0.0031332 -0.029301 0.038223 0.054352 -4.2293e-05 -0.00024963 0.0001968 0.0006525 -0.030232 0.057591 0.031143 0.058115 0.033696 0.040111 0.036868 0.040257 -0.0042394 0.0090191 0.0064864 0.0090223
-1.7738e-05 1.4318e-05 1.7738e-05 2.5344e-05 0.025137 0.006058 0.025432 0.0070405 -0.025645 0.0095801 0.046524 0.023902 -0.00025467 0.0049408 0.0085657 0.0065447 -0.00075014 9.6945e-05 0.0014986 0.00056362 0.10793 -0.017898 0.2247 0.099914 0.010298 0.047892 0.50025 0.27434 -0.021687 0.025478 0.060848 0.045921 0.0010368 -0.00023658 0.0023935 0.0010163 -0.046704 -0.068655 0.2614 0.25439 0.16183 -0.031717 0.53179 0.36711 0.0089837 -0.0058836 0.012788 0.0099231 4.2458e-05 5.6424e-05 6.796e-05 9.5263e-05 0.02691 0.0096881 0.03901 0.012924 0.006232 0.0046912 0.0063704 0.0051455 0.00034402 0.00046648 0.00096089 0.00065055
-0.016304 0.011318 0.019786 0.011656 0.039171 -0.014367 0.063021 0.033074 0.026226 0.021834 0.040849 0.03502 0.00061996 0.00019606 0.00061996 0.00019606 -0.014277 0.0011256 0.032119 0.010355 0.11891 0.11109 0.37125 0.47441 0.14176 -0.085638 0.23663 0.15371 6.0927e-05 6.0927e-05 6.0927e-05 6.0927e-05 0.0099219 0.0031453 0.041425 0.041183 -0.17539 -0.08625 0.28028 0.26808 0.35891 0.050734 0.37724 0.13005 0 0 0 0 -0.002677 -0.00085799 0.0071011 0.0066077 0.0015308 -0.022541 0.033636 0.033288 0.047927 0.0059747 0.049526 0.0068848 0 0 0 0
0.002223 -0.00017658 0.0064281 0.010057 -0.009479 -0.024783 0.025762 0.041253 0.045943 -0.003105 0.046242 0.015626 0.00029575 6.5807e-05 0.00029575 7.8405e-05 -0.026312 0.016634 0.044662 0.056193 -0.07673 0.016427 0.28077 0.11882 0.42064 -0.023498 0.43062 0.049203 0.0032276 -0.00038101 0.0032276 0.00038101 0.0011595 0.0048975 0.030808 0.055929 -0.071851 0.072157 0.36833 0.19421 0.3033 -0.022106 0.45983 0.13151 0.0031108 4.7103e-05 0.0031108 0.00015157 0.00024875 -0.00040589 0.0044871 0.0051468 -0.019287 -0.0090279 0.070075 0.026769 0.043192 0.0079742 0.06287 0.023831 0.00050535 -8.4765e-07 0.00050535 3.9003e-05
-0.00093775 -0.0012998 0.0019837 0.0019569 0.0095187 -0.011101 0.060697 0.042339 0.012965 -0.0071501 0.061256 0.026171 -0.0029497 0.0031413 0.0051224 0.0058276 -0.039941 -0.0034832 0.043303 0.014043 -0.050107 -0.086128 0.37548 0.28943 0.27958 -0.013112 0.30047 0.099852 -0.0060842 -0.0066255 0.027733 0.014461 -0.032899 -0.011381 0.041539 0.015981 -0.050246 0.2265 0.30118 0.33776 0.23493 0.018719 0.47737 0.10727 -0.0091983 0.0049003 0.035775 0.012223 -0.0026619 0.00053581 0.0065453 0.0039864 -0.011706 0.027493 0.075564 0.05784 0.030856 0.0038464 0.043742 0.01957 -0.00052373 0.00059808 0.0025636 0.0010248
-0.00050853 -0.0023074 0.001097 0.0036604 0.062013 0.0091212 0.073403 0.050301 -0.057282 0.021265 0.064941 0.032494 5.3478e-05 -0.001079 0.00055683 0.0023956 -0.00019434 -0.0071664 0.0058351 0.041977 0.12068 -0.12876 0.17403 0.27784 0.010309 0.084495 0.47669 0.4376 -0.012791 0.011732 0.027149 0.019332 0.0011131 0.0051273 0.007906 0.033103 0.0092537 0.050338 0.036539 0.25246 0.15429 -0.17121 0.41715 0.33011 -0.0061867 0.0024235 0.035678 0.029696 1.4043e-05 0.00013003 0.00028001 0.00032159 0.014097 0.017503 0.015975 0.01987 0.0042821 0.016895 0.035761 0.03548 0.0025719 0.0010408 0.0077027 0.0049337
-0.0039807 -0.0004162 0.0074171 0.0061761 0.031021 0.0078668 0.05613 0.063024 0.0056938 0.010928 0.031012 0.060737 0.0048684 0.00088036 0.011495 0.0022978 -0.040099 0.034931 0.060599 0.03768 0.0074265 0.11728 0.32719 0.3001 0.11666 0.05325 0.32459 0.27829 -0.027124 -0.0029431 0.054337 0.026943 -0.013414 0.0082684 0.023364 0.012374 -0.10325 -0.0021073 0.33974 0.3092 0.1532 -0.065884 0.39373 0.37617 -0.050352 -0.0078315 0.057561 0.021939 -0.0030564 0.0016005 0.0030564 0.0016005 -0.032137 0.020308 0.035468 0.022296 0.0056691 0.011243 0.066964 0.054138 -0.0016398 -0.0015425 0.0067092 0.0058812
0.00088065 -0.00025679 0.0024989 0.00080213 0.0019829 -0.0080153 0.036606 0.018492 0.069249 -0.048302 0.069249 0.048302 0.0021622 -0.0020755 0.0021622 0.0020755 -0.0053678 0.00064602 0.015342 0.0054117 -0.045623 0.0080824 0.21547 0.048641 0.31571 -0.027613 0.42295 0.1914 0.010031 -0.030019 0.027627 0.03636 -0.012069 0.0028387 0.028055 0.0055747 0.19951 0.06357 0.41192 0.22662 -0.11583 -0.00021021 0.26107 0.49903 -0.0028792 -0.051408 0.035585 0.053081 0.0050472 0.0037188 0.0085776 0.0077733 -0.030784 0.032603 0.061527 0.063134 0.00043728 -0.010736 0.016615 0.012367 0.00010354 -0.00019578 0.0011863 0.00051204
0.00090468 0.0019747 0.0014061 0.0072464 -0.0067234 -0.032199 0.025742 0.049553 0.0032248 0.0088264 0.014386 0.037125 -0.00026277 0.0075929 0.00092626 0.0096782 0.016635 0.006419 0.028191 0.027713 0.13572 0.17573 0.35447 0.23394 -0.052116 0.12614 0.24628 0.30201 -0.018175 -0.0066384 0.034598 0.062038 0.020044 -0.0022184 0.045264 0.058564 0.13661 -0.16071 0.39989 0.28933 -0.17245 -0.24023 0.30714 0.29877 -0.014401 -0.03186 0.035078 0.060388 -0.0036232 -0.0057869 0.006399 0.015431 0.0037884 -0.041578 0.026535 0.052742 -0.033183 -0.050709 0.036629 0.067186 0.00010172 -0.0008529 0.0075508 0.012904
-0.0051179 0.00032057 0.006395 0.0036803 -0.031717 0.0076838 0.050368 0.014743 0.044587 -0.00088605 0.065286 0.012328 0.00055648 0.0013112 0.0030571 0.0029332 -0.018164 -0.0131 0.026206 0.055191 -0.099931 0.0067849 0.13857 0.22008 0.17776 -0.02132 0.6243 0.12131 0.016107 0.0071769 0.035642 0.0126 -0.035944 0.0055726 0.056783 0.021075 -0.055637 0.069083 0.23615 0.12273 0.16401 -0.0069095 0.57827 0.118 -0.01319 -0.00019667 0.040206 0.0090231 0.0039329 0.0035681 0.0095355 0.0081673 -0.026735 0.0031672 0.052516 0.022789 0.0056486 -0.0032312 0.064307 0.017362 0.00025775 0.00034882 0.0038863 0.0031344
-0.018958 0.0028329 0.022428 0.0034911 0.030217 -0.012138 0.048265 0.024791 -0.007333 0.003202 0.02889 0.01714 0.0009169 0.00087927 0.0013354 0.0014242 -0.11235 -0.0092146 0.11936 0.020944 0.33221 -0.0046256 0.35353 0.19639 -0.071334 0.034339 0.23379 0.23248 -0.032348 0.01709 0.055325 0.039944 -0.039547 0.061074 0.049216 0.062165 0.10839 0.26429 0.4155 0.4539 -0.13915 0.028253 0.16319 0.20815 -2.099e-05 -0.022047 0.023499 0.02878 0 0 0 0 -0.0036643 0.015116 0.0036643 0.015116 -0.016237 0.055768 0.016237 0.055768 -0.003836 0.016405 0.0038409 0.016405
-0.015824 -0.0011534 0.016684 0.0027688 0.036739 0.00070552 0.037526 0.017116 0.0019592 -0.024127 0.020103 0.03953 -0.0014033 -0.0012387 0.0019841 0.0021007 -0.080725 0.017371 0.093662 0.031763 0.33797 0.019551 0.42871 0.22108 -0.046006 0.040608 0.21675 0.18002 0.010773 -0.0030342 0.026165 0.019445 -0.012097 0.037025 0.033534 0.041745 0.05792 0.26482 0.39109 0.46139 -0.05039 0.033697 0.14625 0.27057 -0.0097739 0.00095266 0.014182 0.01149 -3.4034e-05 3.4034e-05 3.4034e-05 3.4034e-05 -0.0038498 0.016972 0.0038498 0.016972 -0.0092054 0.032328 0.0092054 0.032328 -0.0025591 0.01299 0.0025591 0.01299
-0.012926 0.00214 0.016373 0.003672 0.02215 -0.0087993 0.041839 0.02395 -0.004597 0.006325 0.034017 0.014269 0.00017178 0.00041382 0.0013378 0.0010106 -0.045052 -0.0081009 0.057741 0.017403 0.24156 -0.035058 0.47354 0.19765 -0.062816 0.04564 0.22193 0.18173 -0.021695 0.014442 0.040612 0.045528 -0.011171 0.045587 0.033536 0.048495 0.10142 0.28195 0.43737 0.44439 -0.13112 0.025562 0.15314 0.20524 -0.0010748 -0.018344 0.017456 0.024733 0 0 0 0 -0.0032178 0.012483 0.0032178 0.012483 -0.011646 0.044092 0.011646 0.044092 -0.0030679 0.015388 0.0030679 0.015388
-0.0070301 0.00045354 0.01219 0.0037754 0.010939 -0.0034764 0.061646 0.014917 -0.0021209 0.010184 0.04472 0.019346 0.00041433 0.00041386 0.00068145 0.00066226 -0.0176 -0.0033727 0.033164 0.025292 0.17643 -0.047319 0.4775 0.21684 -0.068123 0.050769 0.18902 0.2219 -0.018596 0.024313 0.03739 0.030376 -0.0040244 0.035284 0.018146 0.046714 0.10235 0.2657 0.48479 0.42483 -0.12187 -0.00877 0.16447 0.1828 -0.0032236 -0.025059 0.032378 0.034389 0 0 0 0 -0.0035524 0.014902 0.0035524 0.014902 -0.016334 0.060198 0.016334 0.060198 -0.0032028 0.013596 0.0038483 0.013596
-0.00021538 0.00024477 0.00057017 0.00027099 0.0056863 0.0026026 0.027319 0.011938 0.053943 -0.0093187 0.062786 0.012538 0 0 0 0 -0.00012078 0.0030894 0.029929 0.011389 -0.022297 -0.013601 0.18208 0.074289 0.38614 -0.0039435 0.41517 0.068624 0.0010002 -5.791e-05 0.0010002 5.791e-05 -0.011136 0.01174 0.045169 0.056663 -0.063694 0.066533 0.30072 0.34519 0.35816 -0.00074348 0.3898 0.34183 0.0035552 -0.00069978 0.0035552 0.00069978 -0.0022788 9.1297e-05 0.0028044 0.0010511 -0.001745 0.00040228 0.014084 0.011102 0.045328 0.001703 0.046349 0.012445 0.0019089 -0.00025724 0.0019089 0.00025724
0.00011411 -3.9583e-05 0.00020954 8.999e-05 0.020075 -0.0046168 0.056788 0.011141 0.0026983 -0.047294 0.10074 0.066809 0.0011799 3.0848e-05 0.0034003 0.0037721 -0.00054338 0.0001261 0.00089917 0.00038296 0.11727 0.086699 0.34229 0.28967 0.19209 0.33596 0.30377 0.41085 0.0075737 0.0077544 0.0083078 0.0093765 7.4183e-06 2.7964e-05 0.00014157 0.0001055 0.38933 -0.072637 0.40668 0.087613 0.053218 0.029137 0.055778 0.033453 0.0038057 0.0011316 0.011188 0.012082 -0.00014509 0.0034945 0.00014509 0.0036811 0.049957 0.012751 0.051033 0.035564 0.017069 0.0043412 0.023506 0.017128 0.00098402 0.0013925 0.0051182 0.0051872
0.00062357 0.0017705 0.0011173 0.0021879 -0.039146 0.012634 0.055966 0.03011 0.029516 -0.0020736 0.065492 0.033699 -0.0022986 0.00029297 0.00514 0.0029779 0.0083987 -0.022733 0.067455 0.049917 -0.28161 -0.080473 0.47463 0.39441 0.17622 -0.0099606 0.36162 0.15014 0.015144 0.010042 0.042278 0.016026 -0.072838 0.0038266 0.07358 0.011363 -0.03599 -0.088628 0.35059 0.29025 0.16459 0.011369 0.25011 0.062588 -0.010548 -0.0044196 0.011602 0.0058741 -0.0097368 0.0020465 0.010528 0.002539 0.0057135 0.011403 0.043793 0.033275 0.023191 0.0084565 0.029422 0.028142 -0.00049023 -0.00028509 0.00064264 0.00051251
-0.003174 -0.0051389 0.0036002 0.0059721 0.0097504 -0.034473 0.064311 0.043316 -0.055577 0.0028052 0.057134 0.016065 -1.8627e-05 0.00027128 0.00095633 0.00095759 -0.013779 -0.032231 0.023822 0.060401 0.067214 -0.18167 0.1641 0.45754 0.017782 0.028631 0.38492 0.45668 -0.034185 0.01714 0.03796 0.03648 0.0036514 0.0099071 0.0060743 0.016691 0.0075717 0.067921 0.067331 0.090101 0.27862 0.0036065 0.41314 0.25113 -0.064393 -0.00091549 0.06756 0.042669 -0.0006262 -0.0042969 0.0011712 0.0046492 -0.0014725 -0.030656 0.012171 0.031768 -0.0027133 -0.035026 0.012647 0.035924 0.0052204 -0.0036636 0.0074757 0.0085416
-0.0043949 -0.0081964 0.008174 0.011043 -0.01912 0.049956 0.054534 0.063526 0.016156 0.0047837 0.026605 0.019363 -0.00026461 -0.0011233 0.0052008 0.0074933 -0.0025504 0.0090796 0.0090281 0.045747 -0.11712 -0.16996 0.46042 0.26546 0.21592 0.061472 0.36052 0.18922 0.014842 0.0074694 0.032677 0.030373 0.0093543 -0.0022894 0.020703 0.02555 0.1027 0.10009 0.27894 0.22311 0.04374 0.035689 0.38259 0.36359 -0.011494 -0.016652 0.048515 0.05431 0.0028187 0.0021485 0.0028296 0.0021742 -0.0031371 0.0067892 0.032702 0.031717 0.0036813 -0.012954 0.051731 0.025125 -0.0076794 -0.0043958 0.0093304 0.0055782
-0.0072088 0.0019995 0.0083821 0.0035779 0.011142 -0.0017005 0.04448 0.045396 0.012282 -0.0034067 0.027622 0.0081261 -0.0044075 0.0014069 0.0044766 0.0014402 0.0098899 -0.0090178 0.020414 0.021461 -0.23223 0.15454 0.33846 0.34123 0.23541 -0.012753 0.28255 0.21944 -0.019918 0.0057217 0.020342 0.0095285 0.033572 -0.025486 0.037699 0.086127 -0.027167 -0.029546 0.18488 0.47089 0.061132 0.057239 0.26802 0.37771 -0.02734 0.0007812 0.040035 0.021172 0.0050774 -0.005016 0.01233 0.0094075 0.022239 -0.031718 0.036348 0.038158 0.0049564 -0.013495 0.033841 0.042699 -0.0042853 -0.00028412 0.0056611 0.0062958
-0.0019467 -0.0014706 0.0030779 0.0044027 -0.0040175 0.022306 0.015337 0.044183 0.026981 -0.0064892 0.042464 0.025877 0.0038019 0.00036661 0.0038019 0.00037103 -0.010783 -0.002783 0.027491 0.042355 -0.074829 -0.0058705 0.17074 0.43037 0.27149 0.010598 0.33022 0.16268 0.013168 0.0026841 0.013168 0.003238 0.01774 -0.024863 0.037323 0.038598 -0.13274 -0.21376 0.16847 0.2227 0.39242 -0.0077083 0.48246 0.11902 0.00092075 3.2563e-05 0.00092075 0.00024165 -0.00042143 -0.0027625 0.0019187 0.0056954 0.0055326 0.026449 0.018591 0.052376 0.072186 0.019018 0.075077 0.021441 4.1569e-05 -1.117e-05 4.1569e-05 4.1569e-05
0.00028865 -0.00053288 0.00073058 0.0011066 0.060408 0.0080519 0.067201 0.025166 -0.053878 0.0021311 0.056653 0.015696 -9.8912e-05 -0.00031505 0.00059377 0.00078579 -0.005026 -0.007783 0.012479 0.034888 0.12579 -0.16311 0.19941 0.34298 -0.033648 0.0027756 0.29175 0.52246 -0.029146 0.020532 0.034337 0.054438 -0.00070352 0.012388 0.0041204 0.022997 0.0022466 0.090235 0.11556 0.11733 0.31144 0.0077387 0.43809 0.27761 -0.063214 -0.0034868 0.06897 0.025851 0.00017779 -0.0054464 0.00060682 0.0059993 0.005305 -0.037994 0.012133 0.045396 0.0038279 -0.026128 0.021707 0.049171 -0.0002263 -0.0019069 0.006395 0.0049738
-2.7698e-05 -0.0025974 0.0057876 0.0044105 0.024841 -0.0058464 0.041879 0.032995 0.0036842 0.001689 0.059162 0.0097434 -0.0010696 -0.00026127 0.0041217 0.0019919 0.0056955 0.012765 0.042827 0.048069 0.10157 -0.051735 0.27624 0.52784 0.096498 -0.022626 0.41649 0.20682 0.0042003 -0.014668 0.0166 0.025034 -0.031963 0.032543 0.052654 0.050457 0.041493 0.059655 0.25235 0.2718 0.084132 -8.6778e-05 0.45295 0.12961 0.0072511 0.012213 0.016945 0.024917 -0.001843 0.0017555 0.0022265 0.0020538 -0.013803 0.023161 0.05399 0.045905 0.011782 -0.0091592 0.076967 0.031712 -0.0019708 -0.00056141 0.0063034 0.0041137
-4.9134e-05 -0.00024937 0.0011632 0.00051191 0.004972 -0.007534 0.0071755 0.0077218 -0.0030319 -0.016252 0.010345 0.016456 -0.00011304 -0.00040133 0.00034787 0.000426 -0.038799 -0.013798 0.05635 0.032809 0.30512 -0.081148 0.37051 0.22863 -0.31036 0.13144 0.39097 0.4328 0.079668 0.007129 0.080082 0.026424 0.00165 0.0013274 0.026233 0.073569 0.065613 0.12231 0.19524 0.25968 -0.086064 -0.059293 0.18213 0.18515 0.0010872 -0.057967 0.027838 0.073956 0.0031822 -0.0047665 0.0031822 0.0047665 0.040545 -0.075348 0.040545 0.075348 -0.0086269 -0.00020633 0.035137 0.039811 -7.0633e-05 0.0082043 0.0041648 0.01044
-0.010573 -0.00037898 0.011189 0.0028152 0.056759 0.0057125 0.07756 0.014884 0.0024311 -0.0062049 0.041038 0.019397 -0.0012418 -0.00077337 0.0076239 0.003379 -0.044513 -0.0041744 0.061503 0.012274 0.35407 0.0057297 0.48616 0.16036 -0.04364 -0.056353 0.326 0.19942 -0.0028491 0.0059701 0.06752 0.029495 -0.029677 0.0032245 0.06458 0.015928 0.29044 -0.02213 0.35776 0.14382 -0.062563 -0.0087274 0.38043 0.19088 0.0049127 0.0030315 0.077789 0.030294 -0.0017874 -0.0010567 0.0035958 0.0020953 0.03552 0.01421 0.06013 0.019188 -0.0022807 -0.011404 0.029116 0.02292 0.0031343 -0.00026863 0.010389 0.0031655
0.002157 0.0063174 0.0033916 0.0092903 0.0044615 -0.017597 0.02499 0.0573 0.054848 -0.020045 0.06011 0.037321 0.00025003 -3.9211e-05 0.00025003 5.2552e-05 -0.038876 0.02013 0.046368 0.041569 -0.094043 0.11107 0.26492 0.21346 0.38993 -0.056506 0.41845 0.19396 0.012311 -0.001232 0.012311 0.0015958 0.027836 -0.00327 0.033535 0.053599 -0.076044 0.16282 0.13983 0.29427 0.22237 0.19759 0.39839 0.28445 0.018998 -0.0014267 0.018998 0.0017586 0.00080325 0.0055454 0.001086 0.0056118 0.00066781 0.035437 0.003776 0.035437 0.0032862 0.018814 0.0038009 0.033968 0.0034305 0.00064692 0.0034305 0.00083045
-0.00075661 -0.015901 0.0016523 0.016929 -0.0012699 -0.081464 0.012507 0.088584 0.016846 -0.04343 0.022918 0.050066 0.00044044 0.00022782 0.00044044 0.00032335 -0.0017303 0.016298 0.055772 0.053474 -0.12454 0.01442 0.32896 0.16607 0.41383 0.010003 0.46395 0.079295 0.0036925 -0.00013014 0.0036925 0.00026041 -0.0033079 0.0080014 0.0481 0.037605 -0.074117 0.053101 0.29057 0.21176 0.26649 -0.015309 0.43887 0.12445 0.019416 -0.0031205 0.019416 0.0033456 -0.0010708 0.00058016 0.0052658 0.0040703 -0.0040587 0.0063821 0.040422 0.049764 0.021888 -0.0069539 0.04945 0.015 0.0037244 1.0337e-05 0.0037244 0.00010711
-0.015162 0.010504 0.020291 0.011544 0.04391 -0.016543 0.068883 0.052445 0.032608 0.019716 0.038683 0.024163 0 0 0 0 0.005357 -0.0015463 0.017073 0.013584 -0.0016701 0.082222 0.36728 0.3929 0.2461 -0.053229 0.28944 0.095119 0 0 0 0 0.012744 0.004769 0.04696 0.041981 -0.16715 -0.088315 0.29942 0.25607 0.39567 0.01731 0.39567 0.10049 0 0 0 0 -0.0062331 -0.0012763 0.0073115 0.0036364 -0.0076723 -0.027208 0.041372 0.042092 0.069587 0.00028931 0.072006 0.0092684 0 0 0 0
0.00019962 -8.3506e-05 0.00021059 0.00018921 0.014791 -0.0055999 0.014791 0.0063213 0.057701 -0.010538 0.072966 0.018121 -0.0066939 0.0049026 0.0087549 0.0097127 0.00017117 -9.9866e-05 0.00047177 0.00040046 0.052013 -0.021765 0.052013 0.022066 0.48047 -0.074855 0.48047 0.086814 -0.02105 0.019102 0.026563 0.022694 0.00017175 -0.00020152 0.0015351 0.00083189 0.077744 0.065882 0.13494 0.15231 0.44165 0.061324 0.47008 0.14019 0.0059187 0.0020434 0.0059588 0.0021345 0.001517 0.003053 0.0032949 0.005086 -0.0022506 -0.0093975 0.025829 0.027927 0.080043 0.02309 0.080665 0.023924 0.00014862 6.5509e-05 0.00014862 6.5509e-05
-0.018761 -0.00285 0.019875 0.003629 0.044538 -0.0088058 0.074807 0.038253 0.0073609 -0.032075 0.04557 0.07188 -0.0009091 0.0024158 0.0060095 0.0070527 -0.063847 -0.015552 0.11671 0.024707 0.16722 0.0070887 0.25399 0.18115 0.22393 0.017224 0.43185 0.16885 -0.015084 0.011035 0.073784 0.029284 0.019622 -0.0088395 0.1137 0.017578 0.22606 0.070141 0.34331 0.3552 0.017928 0.1298 0.26621 0.38296 0.014199 -0.0053263 0.041531 0.044536 0.0058306 0.0008175 0.011037 0.0024469 0.017697 -0.0040435 0.032916 0.025438 0.047526 0.0016487 0.08519 0.039021 -0.0038898 -0.0010805 0.0047161 0.0045907
-9.8521e-05 2.8284e-05 9.8521e-05 9.8521e-05 0.038757 0.008436 0.042676 0.010676 -0.0097445 -0.012973 0.044278 0.018785 -0.0078738 0.0017023 0.014529 0.0063933 0.0010696 -0.00067361 0.0019396 0.001402 0.26957 -0.019387 0.31116 0.10887 -0.041345 0.0051185 0.40081 0.21684 -0.063905 -0.010151 0.12067 0.065806 0.00040923 0.00019908 0.0026001 0.00081483 0.15525 -0.030733 0.28287 0.11657 -0.13012 -0.25018 0.42313 0.40909 -0.0344 0.0053036 0.087312 0.060711 3.6567e-05 0.00014633 9.2657e-05 0.00016048 0.041349 0.01124 0.042663 0.01935 -0.0018242 0.090629 0.041466 0.091002 -0.00056951 0.0041055 0.0039556 0.0043903
-0.00098956 0.001558 0.0033386 0.0023449 0.057002 0.0037937 0.089077 0.011213 -0.00038851 -0.0015786 0.033639 0.010172 -0.003127 -0.0028284 0.0049281 0.0034056 -0.048061 -0.0029512 0.055877 0.017893 0.41024 0.013648 0.53928 0.10835 -0.032356 0.0033692 0.26929 0.13821 -0.013878 -0.012743 0.036478 0.024703 -0.053939 -0.002299 0.074502 0.023759 0.31884 -0.025671 0.41236 0.12375 -0.038993 -0.076857 0.20823 0.23749 0.025047 0.0046277 0.038253 0.021478 -0.0073759 -0.0014837 0.0079535 0.0020961 0.050791 0.012177 0.0606 0.015059 0.0022214 0.0076013 0.039771 0.025558 -0.00063321 0.0015601 0.0053681 0.0064218
-0.0065462 -0.0021309 0.0065462 0.0034976 -0.027454 -0.0082212 0.083733 0.022318 0.02916 -0.00046632 0.058984 0.011963 0.001002 -0.0007744 0.0068362 0.0034264 0.0083975 0.014813 0.038624 0.029836 -0.15489 -0.0058904 0.65636 0.087097 0.11278 -0.035539 0.19477 0.17291 0.0095822 0.011812 0.02104 0.016508 -0.012681 -0.017582 0.017754 0.023535 -0.12237 -0.067713 0.45368 0.14591 0.20859 0.049077 0.25783 0.25359 -0.014759 -0.0020337 0.032866 0.029352 -0.001106 0.0093122 0.0041413 0.0093122 -0.01834 0.036566 0.079492 0.037616 0.021355 0.0052117 0.033771 0.032079 -0.0032506 -0.0024113 0.0048373 0.0028237
2.9383e-06 -2.3556e-05 0.00011817 9.995e-05 0.022846 -0.0013161 0.022846 0.011769 0.053976 -0.016738 0.054004 0.017027 7.013e-07 5.5832e-05 3.8614e-06 5.7739e-05 0.00077709 0.00022809 0.0013956 0.00047207 0.0031864 -0.008661 0.19496 0.08236 0.47991 -0.062029 0.48564 0.065535 0.00014217 -0.00014217 0.00014217 0.00014217 0.012312 0.0070472 0.013077 0.0083596 -0.02205 -0.0077706 0.13988 0.076898 0.45773 0.011261 0.47123 0.071127 0.00079036 8.2744e-05 0.00079036 0.00024663 -0.00186 -0.0010308 0.0054473 0.0024521 0.006604 0.0031776 0.02493 0.012128 0.058265 -0.005973 0.075224 0.006052 5.7395e-05 -2.0669e-05 5.7395e-05 2.0669e-05
-0.0037463 -0.0044885 0.0049889 0.0062444 0.012544 -0.011894 0.035535 0.053767 -0.0076966 0.002773 0.022563 0.011808 0.0015186 0.00032527 0.0018424 0.0014628 -0.11226 0.0045052 0.11972 0.024504 0.28469 0.0087463 0.47313 0.1435 -0.010483 -0.038057 0.14406 0.057132 -0.0025729 -0.0031101 0.0040943 0.0039378 -0.096085 -0.038396 0.11611 0.038511 0.34789 -0.081165 0.63641 0.15638 -0.035099 -0.027654 0.13684 0.060398 0.00029624 -0.0027151 0.0026354 0.0044088 -0.0023194 -0.0017166 0.0055313 0.003669 0.038113 0.0080925 0.075876 0.031885 0.0044968 0.0016361 0.01927 0.0077819 -0.0014527 -0.00073745 0.0017865 0.0011373
0.001218 0.00092767 0.0012371 0.00095126 0.0018357 0.0015184 0.02311 0.012202 0.068236 -0.00017858 0.068236 0.0085932 0 0 0 0 -0.0018708 -0.0015331 0.026459 0.011484 -0.013792 -0.010946 0.17925 0.086037 0.4916 -0.037235 0.4916 0.039398 0 0 0 0 0.0050477 0.004301 0.020093 0.011838 0.011754 0.020161 0.16281 0.074607 0.44577 0.004549 0.4639 0.049973 0 0 0 0 0.0042225 0.0013192 0.0094272 0.0078857 0.010696 0.022717 0.050606 0.067436 0.036692 0.019672 0.037825 0.047473 0 0 0 0
-0.00042027 -0.0038924 0.0034166 0.007048 0.010436 0.011148 0.035102 0.044659 -0.01711 0.040853 0.05786 0.072681 0.00089288 -0.0029265 0.0015798 0.0066341 -0.0095049 -0.013905 0.011307 0.020072 0.13178 -0.12747 0.19241 0.24896 -0.045139 -0.017936 0.44204 0.49213 0.005944 -0.0059839 0.012372 0.038245 -0.022254 0.014211 0.026918 0.022097 0.012917 0.028727 0.041233 0.16846 0.15579 -0.12844 0.5113 0.26538 0.0030354 0.025095 0.017226 0.031609 -0.013981 0.0069977 0.013981 0.0069977 -0.0012573 0.0052555 0.0044624 0.01098 0.028835 0.011268 0.031483 0.018333 -0.00021229 0.0078334 0.011375 0.0085302
0.0040204 -0.0020211 0.0044628 0.0020979 0.0053107 0.016162 0.084059 0.036569 0.024795 0.033404 0.048721 0.045352 0.0028867 0.0036506 0.0096336 0.0081813 0.00033734 -0.00018766 0.00037298 0.00021314 0.26881 0.052438 0.45736 0.32473 0.14412 0.024568 0.16837 0.10205 -0.03131 -0.014394 0.062024 0.026615 -0.010123 0.014265 0.010283 0.014265 0.37527 0.065257 0.37974 0.30699 0.054604 0.14724 0.21211 0.23685 0.0060704 0.040387 0.020107 0.07948 0.00082583 0.01897 0.0056511 0.021279 0.015871 0.067938 0.016055 0.067938 0.0043701 0.015572 0.0043701 0.015572 0 0 0 0
0.00022731 -0.00018371 0.00027188 0.00024743 0.024117 -0.0063639 0.024124 0.012498 0.047547 -0.0073325 0.047679 0.010722 0.00024517 9.2766e-05 0.00025296 0.00015484 -0.00030503 -0.00025202 0.0015442 0.00060212 0.0010483 -0.021483 0.23349 0.15578 0.45129 -0.038205 0.45284 0.044611 0.0010418 5.406e-05 0.0010418 5.406e-05 0.01525 0.010138 0.020433 0.015807 -0.050089 -0.030491 0.1161 0.06376 0.47825 0.011482 0.49265 0.031651 0.0013007 -4.875e-05 0.0013007 0.00015687 -0.0018798 -0.0016119 0.003915 0.0027176 0.012632 0.0074634 0.016522 0.01059 0.058032 0.0055731 0.06189 0.0096602 0.00011263 9.3354e-06 0.00011263 3.004e-05
-0.0012187 1.3869e-05 0.0036822 0.0046151 0.049016 0.0096836 0.054721 0.025327 -0.057137 0.0066345 0.066671 0.043973 0.00011185 -0.0003138 0.0020422 0.0025994 -0.0057451 -0.010125 0.013305 0.035612 0.15004 -0.1815 0.18057 0.33766 -0.094578 0.023923 0.35475 0.53006 0.005473 -0.0035114 0.01858 0.059375 -0.00010563 0.0051666 0.0023828 0.010884 0.0086619 0.032914 0.026436 0.071613 0.35331 -0.01421 0.40929 0.18965 -0.098361 0.017272 0.10408 0.044379 0.00021892 -0.0033093 0.00047755 0.0033435 0.0017849 -0.017707 0.0061904 0.018563 0.004227 -0.015574 0.012358 0.023699 0.0017524 0.00038257 0.0073985 0.0080745
1.3792e-05 -2.615e-05 1.3792e-05 2.615e-05 0.022228 -0.007942 0.022228 0.013628 0.055232 -0.012553 0.056715 0.017713 9.3518e-05 0.00024519 0.00012568 0.00024519 -0.00027183 1.2472e-05 0.00027183 0.00027183 0.017537 0.0049926 0.17644 0.088672 0.48256 -0.034102 0.48256 0.034102 0 0 0 0 0.011813 0.006325 0.014467 0.0075968 -0.00067791 -0.0018257 0.151 0.085239 0.46836 0.0069743 0.46836 0.063514 0 0 0 0 -0.001604 -0.00092272 0.0041344 0.0019587 -0.0030071 -0.00074606 0.027975 0.014614 0.071683 -0.0006761 0.071683 0.0022954 0 0 0 0
0.0024689 -0.0086513 0.004821 0.011717 -0.023858 -0.045219 0.052915 0.071721 -0.0014588 0.0092426 0.035593 0.042882 -0.00088451 -0.0020443 0.0050862 0.0051689 -0.013949 -0.0019908 0.016991 0.050808 -0.057216 -0.048908 0.14801 0.25663 0.3925 0.098839 0.4258 0.27569 -0.087832 0.032348 0.09623 0.057295 -0.0035006 -0.012755 0.007106 0.017819 -0.0032439 -0.019398 0.094579 0.30738 0.24444 -0.20369 0.32544 0.34151 -0.060739 -0.038719 0.082257 0.077313 -1.0219e-06 0.00033904 0.00075619 0.0012838 -0.00047351 0.004241 0.0065247 0.0058584 0.0091883 0.0013221 0.014642 0.0051473 0.010338 0.010125 0.013508 0.010785
-0.0050158 0.00085407 0.0050992 0.0029524 0.013711 0.037274 0.069334 0.068073 -0.024546 0.0078666 0.037896 0.012679 4.3522e-05 1.3525e-05 4.3522e-05 4.3522e-05 0.028666 -0.022076 0.068336 0.054896 0.0087692 0.032575 0.59071 0.268 -0.16622 0.05077 0.33892 0.080274 0 0 0 0 -0.0044787 -0.017155 0.081496 0.049871 0.2009 -0.093185 0.4655 0.16592 -0.21174 0.0019034 0.21694 0.046327 0.00035403 -0.00034761 0.00061407 0.00092215 -0.0055541 0.0031873 0.0057453 0.0062088 0.030892 0.012924 0.065389 0.03057 -0.022163 0.0032032 0.022723 0.0057226 -5.2757e-05 0.00023473 0.00037375 0.00045464
-0.0030006 0.004211 0.0046671 0.0056317 -0.00029915 0.00053833 0.0064439 0.0096901 0.073373 -0.0049179 0.073859 0.0083439 0 0 0 0 -0.018573 0.0068973 0.030386 0.036092 6.0289e-05 -0.01281 0.054873 0.094429 0.50027 -0.02735 0.50913 0.07023 0 0 0 0 -0.017886 -0.0084896 0.040421 0.035045 -0.0085118 0.12535 0.058102 0.16956 0.43688 0.030856 0.44844 0.055166 0 0 0 0 0.0023679 0.0058225 0.0035386 0.0074592 -0.0093994 -0.010832 0.019182 0.061135 0.049529 -0.0069416 0.067241 0.020232 2.5693e-06 -2.5693e-06 2.5693e-06 2.5693e-06
-0.013128 -0.0015904 0.015687 0.0038887 0.033682 -0.021565 0.092208 0.025582 -0.0052637 -0.01213 0.042088 0.021716 -0.0080412 -0.0033936 0.013257 0.0080254 -0.1091 -0.01065 0.12622 0.031719 0.33615 -0.0075925 0.43644 0.079019 -0.17606 -0.051645 0.34907 0.12522 0.017352 0.0040242 0.045635 0.023273 -0.10232 -0.0024512 0.10922 0.01834 0.32548 -0.037448 0.36468 0.20832 -0.17405 -0.0031813 0.26311 0.23167 0.040696 0.0071302 0.047462 0.017885 -0.020716 0.0013145 0.022463 0.0025413 0.041131 -0.025942 0.054586 0.03134 0.0047215 0.0021555 0.031225 0.030951 7.4576e-05 -0.0011966 0.0031651 0.0041807
-0.00080327 -0.00079092 0.0011841 0.0011075 0.032778 0.00025595 0.033336 0.0021108 -0.025117 -0.0018606 0.051491 0.015447 0.0085809 -0.0010454 0.009613 0.0034254 1.7815e-05 5.8481e-05 0.00013401 0.00013401 0.22838 0.0021364 0.26384 0.060151 -0.065019 0.015347 0.46747 0.25855 0.0078138 0.031004 0.097455 0.04356 -4.0944e-05 -1.4327e-05 0.00016959 0.00010381 0.12358 0.00026929 0.24919 0.14159 0.13255 0.039383 0.48957 0.45129 -0.0044177 0.0093108 0.018634 0.015285 -0.00019794 0.00014061 0.00026034 0.00018792 0.052239 0.00017966 0.054086 0.0042045 0.0069347 0.0070253 0.0073278 0.0075854 0.0010445 0.0006405 0.0020568 0.0019713
-0.0078563 -0.0035123 0.010691 0.0052711 0.033749 -0.018582 0.11229 0.024472 -0.00036421 -0.0067913 0.017531 0.0084482 0.0005571 -0.0038191 0.0071253 0.0052536 -0.098008 -0.0094226 0.1097 0.030974 0.42099 0.0021313 0.47652 0.095056 -0.1684 0.0070859 0.22321 0.057218 0.03004 -0.0077996 0.060924 0.048877 -0.083285 -0.0075524 0.085638 0.014736 0.33466 0.011657 0.42711 0.19009 -0.10392 -0.068477 0.21867 0.1901 0.0032857 0.0071694 0.05019 0.032948 -0.015893 0.0010361 0.016272 0.0015562 0.039746 -0.007411 0.071502 0.022838 -0.0021302 -0.0038662 0.043154 0.043662 0.00086591 0.0030293 0.0035719 0.0050074
-0.0019497 -0.0084255 0.0039283 0.0084361 -0.0024891 -0.05216 0.0035734 0.059823 0.052005 -0.021841 0.053766 0.022175 0 0 0 0 -0.015245 0.0062808 0.020482 0.021509 0.00029063 -0.0083341 0.041753 0.062442 0.48067 -0.0056286 0.49383 0.038925 0 0 0 0 -0.011676 -0.0037722 0.018012 0.019053 -0.0085767 -0.00027513 0.054597 0.094838 0.48561 0.0084556 0.49482 0.021924 0 0 0 0 -0.0011988 -0.0014557 0.0028753 0.004493 -0.0011611 0.015981 0.0053874 0.018689 0.06548 0.0041557 0.067301 0.0052536 0 0 0 0
0.00039871 -0.0017645 0.013507 0.0058829 0.018126 -0.015268 0.032586 0.038635 -0.030819 -0.0055016 0.053095 0.063912 -0.0027215 0.0038036 0.0072598 0.0059416 -0.020112 0.0074669 0.037316 0.036904 0.12846 -0.027424 0.26338 0.31249 0.028198 0.094591 0.43205 0.28229 -0.0087635 0.0041452 0.044135 0.056746 -0.017894 -0.01254 0.049299 0.030599 0.056396 -0.010649 0.19947 0.25677 0.010843 -0.11273 0.35316 0.50653 -0.00085586 -0.011434 0.03337 0.098907 -0.0023615 0.00021096 0.0058064 0.001028 0.022759 -0.012417 0.026763 0.015974 0.0031361 -0.0027526 0.0081033 0.0054494 -0.00085974 5.3896e-05 0.0026046 0.0016636
-0.0057025 -0.0019899 0.0057025 0.0019899 -0.020479 -0.024934 0.048896 0.040646 0.0014038 -0.047895 0.038306 0.058611 0.0041343 -0.0023149 0.0074645 0.0063643 -0.12583 -0.0319 0.12583 0.0319 -0.016874 -0.058342 0.12892 0.10828 0.10641 -0.071905 0.40313 0.43686 0.0031713 -0.0088651 0.025161 0.027133 -0.095389 -0.025002 0.099333 0.027913 0.027371 0.0053407 0.11759 0.10433 0.06863 0.089109 0.44992 0.50408 -0.00061727 -0.00050834 0.022624 0.022885 -0.0067618 0.016265 0.0067618 0.016453 0.016851 0.092214 0.044367 0.092214 -0.041819 0.063898 0.0556 0.074444 0.0012525 0.00051673 0.0046469 0.0052982
-0.0086188 0.0030173 0.012873 0.0035037 0.013163 0.030305 0.047357 0.067528 0.027158 0.021465 0.054011 0.03939 -0.0016158 0.00061244 0.0034301 0.0033196 -0.056413 0.018992 0.05794 0.018992 0.039405 0.045097 0.3463 0.278 0.05599 0.012192 0.47921 0.2458 -0.0021443 -0.0017891 0.0093741 0.0068932 -0.024803 0.0063512 0.027851 0.0070488 0.08762 0.10592 0.4065 0.23032 -0.12286 -0.16775 0.32036 0.27275 -0.011914 -0.0031828 0.02425 0.013281 -0.0041889 0.00091148 0.0041889 0.00091148 -0.024599 -0.0023583 0.050772 0.03441 -0.043655 0.016014 0.092004 0.096324 0.0056937 -0.010029 0.01084 0.014543
-0.00040025 0.0037794 0.004982 0.0077074 -0.014262 0.0027751 0.048177 0.021965 0.069349 -0.00088374 0.069349 0.003059 0 0 0 0 -0.0034721 0.017649 0.033805 0.036359 -0.13355 0.063717 0.35269 0.16025 0.41635 0.015109 0.41635 0.065645 0 0 0 0 0.0017352 -0.0042214 0.02542 0.037391 -0.16693 0.070455 0.26963 0.23347 0.35833 -0.033751 0.38588 0.1287 5.6125e-05 -5.6125e-05 5.6125e-05 5.6125e-05 -0.001547 0.00096467 0.0024056 0.0018594 -0.00041407 -0.003537 0.02703 0.024681 0.026613 0.015874 0.039179 0.017095 0.00014812 0 0.00014812 0
-0.0013223 0.0067007 0.0023826 0.0067733 0.052569 0.011351 0.067156 0.059175 -0.061031 -0.03392 0.068164 0.044605 4.9417e-05 0.0012879 0.00072896 0.0014396 0.00093015 -0.01419 0.0048953 0.01886 0.0070501 -0.13948 0.11611 0.16738 0.34396 0.096399 0.44424 0.33562 -0.079566 0.020131 0.086593 0.039132 -0.00089709 0.0087479 0.0080684 0.050549 0.014765 0.074339 0.082406 0.31153 0.15431 -0.14953 0.31316 0.44366 -0.037714 -0.026096 0.04828 0.042546 8.6721e-05 -0.00044858 0.00045025 0.00055791 0.0087128 0.0061788 0.012244 0.017789 0.0069 0.012595 0.034012 0.030445 -0.00041909 0.0027103 0.0056017 0.0051043
-0.0012282 -0.0095879 0.0051771 0.012395 0.007446 -2.2517e-05 0.018618 0.024976 0.0057275 0.0028109 0.0082311 0.0083045 -0.00013505 -0.00055584 0.0010936 0.0013396 -0.0443 0.0019812 0.055057 0.085667 0.34435 -0.017226 0.5031 0.41809 0.02937 -0.026283 0.039059 0.047607 0.0006786 -0.0025639 0.0062639 0.0085135 -0.055311 0.0080238 0.066766 0.045736 0.30926 0.012206 0.46312 0.30835 0.028423 -0.0051871 0.038787 0.047915 0.0047063 -0.0022681 0.0071298 0.0089443 0.0011371 -0.0013801 0.0014129 0.0019651 0.014429 -0.058036 0.021096 0.062387 0.0088667 -0.052918 0.014866 0.055275 0.0011689 -0.0038847 0.001313 0.0045263
-5.3649e-05 -0.0032462 0.00084144 0.0075735 0.026648 -0.026511 0.033045 0.053632 -0.015215 -0.0076038 0.049428 0.049043 0.0023003 0.0043939 0.0084703 0.008662 0.019948 0.029486 0.021389 0.031133 0.083757 0.13536 0.2675 0.24371 0.071653 0.06076 0.46015 0.34394 -0.022679 0.0047164 0.044324 0.053535 0.004548 0.0049834 0.0084142 0.012121 0.05574 -0.067422 0.32488 0.29109 -0.11007 0.0015247 0.37556 0.31372 0.032066 -0.049707 0.078861 0.057086 0.0035756 -0.010166 0.013936 0.012277 0.023116 -0.014047 0.073413 0.053466 -0.023336 -0.0077057 0.039399 0.10764 -0.0036133 -0.0024369 0.0073404 0.0045357
-0.0016808 -0.001377 0.0043071 0.0030683 0.028201 0.0021042 0.032057 0.0050632 -0.017496 8.3655e-05 0.048112 0.0358 0.0049917 0.0027068 0.0094242 0.005477 -0.0032422 -0.0020407 0.0047296 0.0035049 0.24966 -0.0083462 0.25156 0.026842 -0.22228 0.073933 0.38125 0.21839 0.059374 -0.0040398 0.095081 0.038583 1.3246e-05 1.3246e-05 1.3246e-05 1.3246e-05 0.26228 -0.016551 0.27441 0.069273 -0.05553 -0.065472 0.60479 0.23175 -0.01643 0.02362 0.10292 0.035776 -6.2104e-06 2.9922e-06 8.2355e-06 5.9888e-06 0.015993 -0.0082567 0.028473 0.019403 0.014619 -0.001671 0.09116 0.082821 0.0015081 0.00065046 0.001772 0.00077574
-0.0011087 -0.0018768 0.0048111 0.0019781 -0.076061 -0.018878 0.082373 0.019391 0.041989 0.0051551 0.045339 0.018607 0.0010389 3.9056e-05 0.0031654 0.0017479 0.0047007 0.0027639 0.028445 0.024113 -0.27703 -0.096484 0.55114 0.15113 0.21895 -0.010792 0.27844 0.19045 0.017796 0.023469 0.02883 0.061255 -0.0025719 -0.0025884 0.032183 0.022754 -0.16308 -0.054813 0.48451 0.14031 0.18032 0.013033 0.21862 0.13903 0.027945 -0.015865 0.048616 0.036527 0.001252 0.00011283 0.0066341 0.002901 -0.031136 0.0083494 0.073362 0.015226 0.034578 0.014817 0.035105 0.039181 0.002096 0.0040453 0.003533 0.0046879
-0.0018962 -0.0014419 0.0035056 0.0027643 0.016389 0.0091603 0.018411 0.011096 0.052993 -0.0017857 0.056866 0.012883 0.00024654 6.3918e-06 0.00024654 2.7485e-05 -0.0019149 -0.00029763 0.0038732 0.003517 -0.022203 -0.010187 0.23041 0.14111 0.44798 -0.024997 0.4848 0.039938 0.0026065 -0.00011758 0.0026065 0.00046179 0.01757 0.010908 0.027883 0.01729 -0.061564 -0.044729 0.10954 0.066463 0.46045 -0.0035737 0.48617 0.011122 0.0019893 0.00011751 0.0019893 0.00033586 -0.0025615 -0.0019086 0.0043653 0.0032103 0.006296 0.0085416 0.0098441 0.011844 0.062291 0.016728 0.064903 0.019347 0.00026342 3.2957e-05 0.00026342 3.2957e-05
0.0003172 -0.00049218 0.00043196 0.0006241 0.060883 -0.00090907 0.066585 0.034863 -0.060909 -2.4509e-05 0.072167 0.045387 0.00048674 -0.0012696 0.0012399 0.0020766 0.0035742 -0.0033151 0.0086845 0.030427 0.12697 -0.1642 0.17077 0.30988 -0.062133 0.046874 0.33503 0.45977 -0.0097575 0.011537 0.02922 0.054176 -0.0012388 0.0053493 0.0048403 0.011442 -0.011225 0.021257 0.049296 0.084682 0.42927 0.02365 0.46145 0.19167 -0.045537 0.057455 0.074009 0.060011 0.00063761 -0.0027589 0.0010411 0.0039148 0.033722 0.027155 0.037851 0.053718 0.035146 0.06197 0.038989 0.06694 0.0019655 0.0035434 0.0019655 0.0046392
0.00056833 0.002358 0.0038189 0.0043869 -0.035522 -0.014028 0.079611 0.024911 0.051059 -0.015504 0.079131 0.025324 -0.00028209 -0.0011187 0.0022223 0.0013165 -0.0016931 -0.0023437 0.045783 0.043356 -0.096453 0.009918 0.49954 0.11855 0.26304 -0.050379 0.38684 0.1402 -0.010772 0.0043579 0.022109 0.0079602 -0.005732 -0.017054 0.023974 0.029779 -0.019815 0.008069 0.51844 0.081414 0.15877 0.03277 0.31477 0.21669 -0.0031803 -0.0069191 0.011926 0.013383 -0.00090999 0.003336 0.0041797 0.0056559 -0.0067583 0.0042433 0.089001 0.011729 0.020491 -0.0021913 0.057358 0.027936 -0.00022232 0.00088821 0.0053587 0.0056462
0.0057634 0.0056744 0.0070469 0.0092882 0.072511 0.070082 0.07587 0.072272 0.02589 0.0046475 0.029281 0.0060124 0 0 0 0 0.031599 0.02396 0.035142 0.077506 0.22898 0.11141 0.36904 0.36895 0.11735 0.013116 0.21909 0.03906 0 0 0 0 -1.8021e-05 -0.011417 0.017737 0.073418 0.37035 -0.13658 0.49096 0.33518 0.10241 0.010078 0.18094 0.021479 0 0 0 0 -0.0017805 -0.0026651 0.003279 0.0037245 0.054533 -0.003682 0.066235 0.026312 0.016659 0.0010447 0.020327 0.0023761 0 0 0 0
-0.00054216 -0.0065657 0.011204 0.0082797 0.037625 -0.025611 0.066631 0.03569 -0.033085 0.00082972 0.035431 0.0085188 0.00018917 5.0823e-05 0.00020452 0.00017567 -0.056665 0.027183 0.061082 0.033258 0.27777 0.071598 0.4363 0.3144 -0.15212 0.02232 0.16339 0.051633 -0.0022911 0.0021438 0.0055829 0.0032067 -0.0088297 -0.015456 0.082247 0.060253 0.11519 0.048624 0.36759 0.57698 -0.059344 -0.039681 0.15954 0.13532 -0.033062 0.0050851 0.041666 0.0079008 0.0047612 -0.00016747 0.0083501 0.006644 0.0053584 0.0075894 0.055557 0.026722 -0.0098857 0.0096393 0.065338 0.038417 -0.0047108 0.0023995 0.0088815 0.0034137
-0.0089713 0.00067991 0.0090155 0.0024643 0.03708 0.010877 0.072534 0.013435 0.016377 -0.0022497 0.041202 0.023185 -0.0033294 -0.00037449 0.0060369 0.0063543 -0.041849 0.00058122 0.069431 0.01794 0.26775 0.041216 0.4627 0.14104 -0.070848 -0.05893 0.41361 0.16112 0.0066369 -0.0054383 0.040881 0.048673 -0.023699 -0.0016782 0.065215 0.017343 0.28789 -0.088433 0.34978 0.16605 -0.10645 -0.048772 0.3595 0.24568 0.0059896 0.024841 0.087761 0.041479 -0.0023691 -0.0011401 0.0038146 0.0021529 0.030442 0.017596 0.050217 0.020992 -0.0041229 -0.006586 0.046969 0.025626 0.003368 -0.0010945 0.00807 0.006479
0.011078 -1.6683e-05 0.013017 0.0027985 -0.021153 -0.028853 0.05456 0.058276 0.011388 0.016972 0.061137 0.0517 0.0031018 0.0024921 0.0058351 0.0077179 0.037901 -0.0097792 0.050405 0.017587 0.11417 0.012436 0.47592 0.18808 0.033479 0.030786 0.46634 0.17742 0.021683 0.0089163 0.057164 0.034428 0.016918 0.011064 0.04837 0.029049 0.14894 0.056272 0.30609 0.3895 0.019298 -0.037625 0.27693 0.29087 0.011906 -0.0018471 0.040096 0.033151 0.0039429 -0.00023139 0.0057728 0.0043014 0.031117 0.0069702 0.051415 0.032784 -0.001413 0.017267 0.033625 0.05473 -0.0055354 5.8928e-05 0.0065227 0.0078362
-0.0018563 -0.0019836 0.0030492 0.0033354 -0.027641 -0.057881 0.029388 0.059499 0.013621 -0.022703 0.045111 0.052707 -0.0063062 4.2058e-05 0.0068533 0.0017675 -0.032242 -0.050051 0.047274 0.051675 0.021993 0.09622 0.35847 0.29091 0.17038 0.072121 0.40297 0.2595 -0.045566 0.005166 0.052399 0.025667 0.017981 0.0087194 0.047188 0.0448 0.12611 -0.065711 0.3404 0.35176 0.12191 0.07979 0.32369 0.27769 -0.047524 -0.0027691 0.055203 0.020163 -0.0028408 -0.0018821 0.0068281 0.0049119 0.016822 -0.0096204 0.048508 0.045474 0.027351 -0.030117 0.042866 0.057171 -0.0074496 -0.00080348 0.0083805 0.0022467
-0.002363 0.0016517 0.0047378 0.0060278 0.049461 -0.0034639 0.089981 0.031957 0.016296 0.00023249 0.020053 0.0011091 0 0 0 0 -0.013803 0.0080658 0.044043 0.04254 0.3141 0.046571 0.54304 0.24395 0.11662 -0.0020753 0.12877 0.0097946 0 0 0 0 -0.015513 0.0093439 0.047402 0.04451 0.21958 0.07556 0.55397 0.31541 0.11524 0.0010446 0.12933 0.015392 0 0 0 0 0.0012044 -0.0013914 0.0048275 0.0041336 0.019344 -0.0053453 0.043114 0.015101 0.015752 0.00058825 0.016941 0.0010498 0 0 0 0
-0.0027491 -0.0022501 0.0038191 0.0041119 0.027984 0.0012681 0.077599 0.016174 0.0030373 0.0054796 0.019595 0.020744 0.0051921 -0.0012393 0.0054973 0.0019377 -0.0067279 0.00012751 0.023791 0.026064 0.11335 0.0044429 0.56869 0.15352 0.00038231 -0.044311 0.22735 0.14778 0.05967 0.0091051 0.05967 0.024049 0.030711 -0.0011132 0.041941 0.013571 -0.20597 0.039716 0.41768 0.11049 0.2849 0.031464 0.44261 0.1367 0.046563 0.0081746 0.046563 0.0081746 0.0039251 0.0014003 0.008261 0.0028409 -0.037529 0.029936 0.058071 0.031337 0.051241 0.0061718 0.054581 0.019545 0.0031175 0.00059744 0.0031175 0.00059744
0.0055269 -0.0013723 0.020768 0.0024349 0.025157 0.018138 0.052233 0.060344 -0.023204 -0.03239 0.05477 0.039832 0.0040933 0.0016656 0.0087256 0.0076609 0.019667 0.0037851 0.12113 0.014549 0.16982 -0.10417 0.3415 0.25517 0.0079544 0.10791 0.45481 0.31981 -0.00063054 0.0024654 0.041259 0.040852 0.022418 -0.0031539 0.085866 0.032272 0.22877 0.075605 0.32073 0.26146 0.026503 -0.0049948 0.27701 0.30778 -0.01835 -0.00036259 0.043873 0.033551 0.0064405 0.0013623 0.01113 0.0036564 0.046614 -0.00043661 0.055474 0.048383 -0.010716 0.0031062 0.03306 0.045651 -0.0028702 0.00028784 0.0062903 0.0055295
-0.011009 0.00077738 0.012735 0.0066947 0.022557 -0.012387 0.11491 0.04584 -0.015696 0.0053731 0.069928 0.025002 9.8464e-05 0.00013114 0.0009336 0.00040635 0.014673 -0.012246 0.053423 0.083777 0.11104 0.022075 0.65919 0.23861 -0.088538 0.076363 0.35477 0.15266 0.00033254 0.0011256 0.0090243 0.0041961 -0.0067253 -0.032016 0.087561 0.066103 0.24981 -0.046854 0.38366 0.18834 -0.094021 -0.030967 0.10608 0.07558 -0.035688 0.008842 0.036654 0.010253 0.0015507 0.0035902 0.0092473 0.0071675 0.035153 -0.0005648 0.080119 0.049945 -0.0086105 0.0018614 0.0093549 0.0044224 -0.0037231 0.00080114 0.004217 0.001306
-0.0021529 0.001275 0.0046969 0.0025133 -0.0088373 -0.0073647 0.058153 0.0097261 0.026398 -0.0066398 0.048948 0.021932 0.0035585 -0.002103 0.0085772 0.0053281 -0.010466 0.0096693 0.02212 0.024134 -0.050574 0.038477 0.41404 0.15627 0.14867 -0.033033 0.18761 0.19831 0.020172 0.014282 0.038533 0.026013 0.01009 -0.0008335 0.048717 0.037534 -0.342 0.088143 0.41314 0.13218 0.36669 0.049271 0.41322 0.20968 0.0064957 -0.007676 0.026683 0.028556 -0.0016594 0.007787 0.0019054 0.0083112 -0.056538 0.06342 0.059949 0.065104 0.025047 0.022563 0.035801 0.05747 0.00094951 0.0005825 0.0036753 0.0055588
-0.00085009 -0.00036126 0.0056298 0.0027296 0.07109 -0.0022793 0.079962 0.0046996 0.007734 -0.0014701 0.010367 0.0014701 0 0 0 0 -0.0081619 -0.0066936 0.015669 0.012721 0.47978 0.059908 0.50225 0.082928 0.072275 -0.010617 0.083711 0.013498 0 0 0 0 0.0059344 0.0034559 0.0095832 0.0065023 0.41655 -0.031937 0.51272 0.13515 0.087936 -0.0076791 0.093063 0.0086745 0 0 0 0 0.002286 0.0013821 0.0051438 0.0031586 0.058972 -0.0059988 0.077103 0.006386 0.014008 0.0002514 0.015113 0.00090324 0 0 0 0
-0.0067099 -0.0035713 0.0083002 0.012546 0.020353 -0.01481 0.039849 0.056892 -0.035108 0.0017142 0.04449 0.068253 -0.00037798 0.005648 0.0011533 0.0065226 0.0044539 -0.016447 0.010913 0.025624 -0.019848 -0.094818 0.071166 0.12371 0.35484 0.082743 0.46266 0.20201 -0.080076 0.012152 0.085413 0.03147 0.0038318 0.010179 0.01007 0.048647 -0.018684 0.060872 0.088827 0.36651 0.16709 -0.18009 0.31967 0.47848 -0.037601 -0.014997 0.064026 0.079236 2.8009e-05 0.00051651 0.00064754 0.0011775 -7.9152e-05 0.0024077 0.0050378 0.0085171 0.0014253 0.0065268 0.0065999 0.011807 0.0096464 0.0015079 0.014462 0.0051179
-0.0025185 0.0022903 0.0099224 0.0043168 0.0085511 -0.017393 0.057193 0.064406 0.010214 0.0080083 0.035637 0.022251 0.00095235 -0.0022651 0.0076526 0.0046757 0.01504 -0.015156 0.042833 0.042575 0.19349 0.10672 0.30081 0.27314 -0.13771 0.036937 0.34786 0.23373 -0.032889 -0.024393 0.054436 0.04372 0.076642 -0.046906 0.096351 0.07213 0.1825 -0.029402 0.39947 0.20813 -0.17194 -0.047257 0.43166 0.23033 -0.016899 0.0077206 0.073805 0.056018 -0.0051497 0.0022041 0.0084036 0.0079211 0.063011 -0.068591 0.094215 0.082876 0.0063011 -0.0055129 0.033691 0.060176 -0.0072678 -0.0017683 0.015997 0.0078985
-7.0041e-05 -9.1402e-05 0.00022891 0.00014995 0.024191 -0.00247 0.024619 0.0058638 -0.029535 0.0030647 0.051032 0.027372 0.0055303 -0.002222 0.0074599 0.004701 -1.2173e-05 0.00023777 8.5962e-05 0.00025122 0.22851 0.0088887 0.23007 0.047762 -0.17172 0.0032366 0.37764 0.15937 -0.012299 0.013436 0.089059 0.055624 -7.3259e-05 -7.3259e-05 7.3259e-05 7.3259e-05 0.14481 -0.032613 0.30405 0.082751 0.011883 -0.029515 0.67425 0.27297 -0.027902 0.030679 0.063718 0.048749 -0.00011925 2.668e-05 0.00011925 2.668e-05 0.0098524 -0.016191 0.04993 0.023628 0.0049115 -0.008497 0.10375 0.064402 0.00093548 -0.00011761 0.0010798 0.0013362
0.0031551 -0.0008192 0.0059968 0.0076675 0.016629 0.045291 0.037607 0.066783 -0.0095483 0.050807 0.040583 0.077064 0.002429 0.0017708 0.005615 0.0057937 0.040712 -0.012863 0.069911 0.026843 0.32755 -0.026053 0.40516 0.27305 -0.11935 -0.050829 0.23779 0.20349 -0.022479 -0.0028574 0.049816 0.017721 0.0033093 0.0059649 0.10203 0.041739 0.23172 -0.14968 0.36745 0.29207 -0.04148 -0.10031 0.30755 0.20867 -0.018556 0.0010448 0.025803 0.01311 -0.0052872 0.025586 0.0056521 0.026182 0.008975 0.13403 0.018854 0.13604 -0.017685 0.056826 0.032123 0.080157 -0.00016915 0.007915 0.0024799 0.0080606
-0.006208 0.0028053 0.0069395 0.0030364 0.013083 0.017443 0.050887 0.042913 0.015645 0.012605 0.059295 0.03484 -8.5938e-05 0.00019222 0.0027045 0.0030004 -0.047155 0.014031 0.051621 0.022401 0.038723 0.010824 0.36065 0.22641 0.07113 0.029658 0.41354 0.13883 0.0025024 0.001827 0.014763 0.022414 -0.016522 0.0087164 0.023581 0.010817 -0.013344 0.10064 0.41694 0.28068 -0.065841 -0.15177 0.34053 0.42803 0.010473 -0.020484 0.032173 0.036882 -0.0043583 0.00095785 0.0043583 0.00095785 0.0022352 0.0072781 0.018925 0.017381 -0.04114 0.015083 0.060285 0.064041 -0.0072029 7.8839e-05 0.015762 0.014626
-0.0012955 -0.00047163 0.0064319 0.002856 0.064758 -0.010773 0.073614 0.011232 0.015415 -0.0020455 0.019185 0.0030039 0 0 0 0 -0.011489 -0.0059627 0.017315 0.013449 0.47292 0.06294 0.48626 0.088043 0.10717 -0.0012561 0.11194 0.0073443 0 0 0 0 0.0036562 0.0011572 0.0094637 0.0073633 0.4206 -0.018615 0.51784 0.11781 0.10546 -0.00073316 0.10952 0.0033063 0 0 0 0 0.0046663 0.0026176 0.0069925 0.0040663 0.042415 0.036379 0.064288 0.049997 0.015671 9.4199e-05 0.016353 0.00031534 0 0 0 0
-0.011388 -0.0028104 0.012002 0.0042501 0.019575 0.022143 0.04267 0.032307 0.021189 -0.011383 0.029072 0.017106 0.0022554 -0.0026071 0.0051037 0.0062968 -0.08294 -0.023224 0.084499 0.030188 0.29108 0.01732 0.33291 0.10016 0.17058 0.070454 0.37904 0.37195 -0.0012958 0.026453 0.031839 0.047902 -0.07181 0.012196 0.072143 0.019968 0.30224 0.083554 0.30224 0.26552 0.16246 0.078696 0.30164 0.21001 -0.0055992 -0.01549 0.040367 0.03114 -0.012019 0.0040355 0.012326 0.0062548 0.04927 -0.013811 0.05284 0.025475 -0.001039 -0.029562 0.047797 0.038463 0.00036536 -0.0010701 0.0031807 0.0049147
-0.0015544 -0.0056136 0.0015544 0.0057283 -0.012989 -0.02664 0.018314 0.039206 0.019147 -0.038191 0.033749 0.045274 5.7352e-05 -5.7352e-05 5.7352e-05 5.7352e-05 -0.028463 -0.058987 0.070973 0.062905 0.16162 -0.080355 0.41731 0.36431 0.20093 0.0043804 0.43726 0.21107 0.039346 -0.010374 0.039346 0.010374 0.012036 0.01763 0.040519 0.036172 0.26994 0.049848 0.29933 0.19607 0.012563 -0.095686 0.34179 0.12824 0.020936 -0.011457 0.035882 0.015613 -0.0019926 -0.0047832 0.0061871 0.0087206 0.0054033 -0.015839 0.05661 0.045318 0.0042094 -0.025706 0.029985 0.032719 0.007897 -0.0040362 0.0087348 0.0047537
-0.0019317 -0.00060877 0.0057229 0.0019104 0.038886 -0.010471 0.070371 0.030138 0.012051 0.0067703 0.04165 0.024754 -0.00242 0.003584 0.012827 0.0046301 -0.031555 0.011967 0.041085 0.023539 0.15189 0.034408 0.4743 0.094012 0.16012 -0.068421 0.31962 0.13743 -0.011513 0.0039842 0.029963 0.027472 -0.015454 -0.0055433 0.034592 0.033826 -0.045829 0.0065281 0.43961 0.18537 0.30545 0.037337 0.4567 0.14713 0.010318 0.010547 0.029447 0.017346 0.00021683 0.0010738 0.005244 0.001964 -0.040983 0.014039 0.045638 0.017092 0.067883 -0.019574 0.080781 0.024468 0.0030958 -0.0011105 0.0074011 0.0023133
