0.00028268 -0.00046563 0.0024979 0.0022443 0.0037378 -0.018411 0.029468 0.028723 0.048021 -0.0087708 0.048021 0.008968 0 0 0 0 -0.0085693 0.037047 0.029085 0.044888 -0.074837 0.053418 0.16313 0.25331 0.43805 -0.054038 0.43805 0.064391 0 0 0 0 0.024416 -0.0075005 0.040039 0.046478 -0.17624 0.33222 0.18679 0.33283 0.2546 0.19128 0.26112 0.19257 0 0 0 0 0.017138 -0.00097283 0.01717 0.001275 0.0018529 -0.00036931 0.0018529 0.00060712 0 0 0 0 0 0 0 0
0.00082213 0.0014877 0.0029197 0.0028958 -0.02415 0.0027277 0.0501 0.012322 0.010331 0.0034691 0.01609 0.0042376 -0.00010144 0.00022587 0.00046616 0.00043163 0.012149 0.0079373 0.030439 0.020119 -0.23068 -0.11545 0.49506 0.173 0.27588 0.067168 0.29239 0.19779 -0.0060333 0.034784 0.022826 0.036444 -0.0023237 -0.017311 0.013084 0.034508 -0.095672 -0.029444 0.28975 0.1791 0.38832 0.010776 0.3887 0.10645 -0.012656 0.0074181 0.015209 0.0086618 -0.0014066 -0.0027105 0.0046958 0.0064933 0.017521 0.01761 0.017621 0.017722 0.030666 -0.0017045 0.031376 0.0096011 -0.00037926 0.00013386 0.00037926 0.00013386
-0.0060121 0.00070895 0.0083495 0.0034484 0.0048633 0.00097373 0.011512 0.003158 0.011039 -0.0033588 0.017529 0.0085414 0.0018645 0.00051706 0.0032538 0.0020342 -0.04028 -0.00071983 0.071462 0.017242 0.21722 0.097848 0.34437 0.22099 -0.11419 0.1911 0.19856 0.22218 0.012353 -0.013553 0.028065 0.02 -0.058394 -0.024062 0.074209 0.030417 0.4738 -0.076058 0.51094 0.17545 -0.12259 0.11452 0.1948 0.1418 -0.014657 0.029416 0.037002 0.037996 0.0024665 0.0045526 0.0078023 0.0045526 0.045918 0.017334 0.046413 0.01765 0.014516 0.0059079 0.014516 0.0059079 -0.00046531 0.0010787 0.00093576 0.0010787
-0.0087706 -5.001e-05 0.010903 0.002425 0.0099111 0.0033624 0.016898 0.0042645 0.00078504 0.0035426 0.0062899 0.0057695 0.0019643 0.00076925 0.0030601 0.0026831 -0.089489 -0.018853 0.10123 0.027374 0.28892 0.10372 0.33422 0.2261 -0.034806 0.26476 0.18589 0.27504 -0.0070034 -0.0024782 0.028557 0.022236 -0.027362 -0.010915 0.049043 0.028693 0.48859 -0.032426 0.48859 0.14119 -0.095929 0.049047 0.11537 0.061325 -0.033647 0.018572 0.044844 0.023513 0.0037431 0.0035067 0.0039704 0.0037479 0.042976 -0.00019664 0.043478 0.012617 0.016084 -0.0020445 0.018884 0.0071211 -0.0061679 0.0043834 0.0062262 0.0045789
-0.0028737 -0.0099307 0.0029135 0.0099891 0.0087659 -0.055715 0.050792 0.066801 0.02232 0.0018337 0.02232 0.0079503 0 0 0 0 -0.0037507 -0.011818 0.0060659 0.013352 0.4336 0.11556 0.43721 0.12141 0.018509 0.0035834 0.020618 0.017427 -0.0008783 -0.0014629 0.0014206 0.0017457 -0.0049595 -0.027145 0.0061716 0.027946 0.27801 -0.21106 0.30767 0.30331 -0.010521 -0.36165 0.017721 0.3623 0.0030761 -0.049971 0.0098985 0.055699 -0.0022556 0.0081411 0.0031566 0.0097003 0.021988 0.012367 0.022086 0.01411 8.9952e-05 1.8396e-05 0.00010575 0.00010575 0.0034944 0.0010365 0.0038321 0.0011597
0.0063774 0.00057633 0.0076899 0.0011323 -0.00046224 0.00033017 0.00094552 0.00099701 0.067752 -0.0084294 0.067752 0.0087419 0 0 0 0 0.021478 0.056842 0.059236 0.057063 -0.077448 0.1281 0.083144 0.13119 0.44379 -0.032508 0.44463 0.036657 0 0 0 0 0.040822 0.011084 0.040962 0.011946 -0.21242 0.33958 0.21564 0.34009 0.20841 0.16724 0.32008 0.19089 0.00021391 -2.9279e-05 0.00021391 0.00021391 0.0029423 0.00086454 0.0029749 0.00099476 -0.00083703 0.00086376 0.00092111 0.00090252 0.00080194 0.002027 0.00080194 0.002027 0 0 0 0
-0.00053285 -5.9116e-05 0.00065894 0.00026242 -0.032734 0.0043069 0.033234 0.0057921 0.00016636 -0.00017168 0.00027032 0.00027032 -1.9219e-07 7.5943e-06 1.6523e-05 1.2761e-05 0.011478 -0.044503 0.011857 0.044598 -0.14657 -0.24916 0.27823 0.3121 0.17145 -0.19483 0.19929 0.19683 0.00056743 0.00033666 0.0011411 0.0012479 -0.0055185 0.001953 0.0077176 0.0043603 -0.26097 0.069983 0.26421 0.075586 0.35079 0.045802 0.51735 0.19136 0.013554 0.0010356 0.027458 0.030664 -0.0053685 0.0035507 0.0055067 0.0038061 -0.027413 0.011078 0.027968 0.011922 0.021512 -0.021592 0.072888 0.032328 0.0045199 0.0028035 0.011955 0.0069494
-0.0016525 -3.1731e-05 0.0044171 0.0016489 -0.019857 -0.0041703 0.038903 0.01083 0.010397 0.0016798 0.01701 0.0026571 0.00089999 0.00035173 0.0014283 0.0012869 -0.012862 0.0062398 0.024487 0.013473 -0.22608 -0.059715 0.39197 0.13829 0.3052 0.061388 0.34208 0.19074 -0.017735 0.028496 0.032067 0.030789 -0.00036134 -0.007882 0.0085015 0.0097629 -0.17631 -0.081304 0.32981 0.19323 0.39117 -0.023429 0.39117 0.14118 -0.017755 0.012689 0.01794 0.012689 -0.0051754 1.8191e-05 0.0053367 0.0018598 0.015143 0.021313 0.031216 0.022314 0.029509 0.0096968 0.029746 0.010195 -7.262e-05 0.00010498 7.262e-05 0.00010498
-4.5266e-05 4.4384e-05 0.00016306 0.00013449 0.00037241 0.00058627 0.0011829 0.0010432 0.038088 0.010718 0.038675 0.010766 0.00030659 0.00025457 0.00040136 0.00033895 0.0090917 -0.0027701 0.020449 0.0066398 0.20177 0.22906 0.20902 0.2316 0.20366 0.25846 0.22941 0.25846 -0.0078418 0.015428 0.0080311 0.015484 0.022518 -0.0029202 0.069505 0.029737 0.44035 -0.17036 0.54865 0.19284 0.02417 -0.0076916 0.02417 0.014088 -0.00037426 0.0005691 0.00037426 0.0005691 -0.00074932 0.0050187 0.0065286 0.005392 0.038719 0.011463 0.061301 0.029763 0.032436 -0.0048463 0.032436 0.012056 0 0 0 0
-0.0035246 0.00066019 0.0039263 0.0040126 0.00041093 0.0007413 0.0051779 0.0044614 0.039967 0.057653 0.043154 0.05771 -0.00070043 0.0013883 0.0008237 0.0013914 -0.013083 0.0045881 0.024369 0.023364 -0.05004 0.05995 0.29541 0.16666 0.46012 -0.048566 0.46111 0.13164 -0.0038742 0.0060553 0.0038742 0.0060553 0.0099111 0.018074 0.028496 0.036059 -0.034221 0.31037 0.16636 0.33142 0.25333 0.16911 0.25333 0.16911 0 0 0 0 0.0017109 0.0057207 0.0018361 0.0058112 0.0017308 0.0025218 0.0019689 0.0025218 0 0 0 0 0 0 0 0
-0.0015279 0.0020109 0.0030003 0.002652 0.0052334 -0.0021485 0.0081749 0.0076769 0.051249 0.010836 0.052363 0.011395 0.0002091 1.1944e-05 0.00039563 0.00046525 -0.006146 0.0024137 0.0072309 0.0062069 0.2457 0.21712 0.2467 0.21814 0.18525 0.17803 0.23383 0.17803 -0.0064985 0.015119 0.0064985 0.015119 -0.02334 0.012071 0.040644 0.031718 0.46653 -0.15308 0.5375 0.27277 0.050731 -0.015042 0.050731 0.023081 -0.0018062 0.0036556 0.0018062 0.0036556 0.00051455 0.0041654 0.0032056 0.0059168 0.036242 0.058067 0.054129 0.06081 0.0063529 0.0049906 0.0063529 0.0049906 0 0 0 0
0.0083123 -0.0019047 0.012944 0.0023953 0.033614 -0.0037574 0.052908 0.02497 0.0093079 0.0045701 0.0095859 0.010075 0.00029903 -0.0013333 0.00029903 0.0015089 -0.0017064 0.010729 0.019939 0.018135 0.44489 0.1521 0.44676 0.18774 -0.0092576 0.11887 0.017714 0.11887 0.0002563 0.018114 0.0016122 0.018114 -0.01773 0.012245 0.020229 0.017026 0.34909 -0.17 0.42227 0.34604 0.15259 -0.038405 0.15259 0.055444 -1.4238e-05 3.6395e-05 3.6395e-05 3.6395e-05 0.0016624 0.0018357 0.0061555 0.0035443 0.027803 0.050148 0.034026 0.051288 0.013297 0.010553 0.013297 0.010553 0 0 0 0
0.00086968 -0.00068885 0.0083435 0.0037764 0.037999 -0.020148 0.044608 0.029309 0.012725 0.023245 0.013158 0.024109 0.00046953 0.00029135 0.00046953 0.00029135 -0.0035792 0.018318 0.021457 0.035925 0.26361 -0.19667 0.30542 0.26548 0.27441 -0.2212 0.27441 0.28547 0 0 0 0 -0.0077574 0.019896 0.017703 0.023001 0.063323 0.2414 0.23611 0.30419 0.30437 0.1309 0.30437 0.14658 0 0 0 0 -0.0011626 0.0026028 0.0018926 0.0029263 0.0056353 0.0096573 0.024106 0.01801 0.02956 0.0078761 0.030001 0.0080092 0 0 0 0
0.0045902 -0.0073413 0.0052556 0.008413 0.019621 -0.039534 0.020085 0.039602 0.0011616 -0.0011543 0.0011616 0.0011543 0 0 0 0 -0.0039363 -0.0020729 0.032062 0.021743 0.09634 -0.13084 0.19589 0.29956 0.34563 -0.14362 0.34563 0.14362 0 0 0 0 -0.0032417 0.023939 0.054318 0.034515 -0.077389 0.17186 0.27147 0.20637 0.42998 0.10289 0.42998 0.14028 0 0 0 0 0.0025804 0.0015595 0.0043614 0.0052791 0.0015569 0.0020445 0.025823 0.027997 0.027386 0.006733 0.027834 0.0071391 0 0 0 0
-0.0043471 -0.0053452 0.004379 0.0054256 -0.010885 0.0045311 0.027424 0.02845 -0.013051 -0.019424 0.027372 0.036113 0.0055997 0.0011823 0.0082698 0.0046163 -0.0064639 -0.023211 0.025287 0.047485 -0.0517 -0.14326 0.30856 0.28428 0.094778 -0.069615 0.35868 0.30839 0.0038202 -0.0051747 0.031719 0.036667 0.0020027 0.017466 0.056111 0.048899 -0.065372 0.11835 0.34583 0.35049 0.10334 0.10412 0.3985 0.30769 0.03035 -0.0048522 0.054788 0.037175 -0.0012916 7.8603e-05 0.0041172 0.0075556 0.018326 -0.0022876 0.035454 0.034454 -0.0071068 0.015861 0.029644 0.041095 -0.0047777 0.0069614 0.0065621 0.0087504
-0.010087 -0.00098054 0.012523 0.0023939 0.093404 -0.019298 0.093558 0.043887 -0.013624 0.014154 0.017691 0.018497 -0.0047249 0.0042002 0.0059901 0.0048762 -0.011927 -0.005277 0.053391 0.029167 0.227 -0.020085 0.23097 0.11904 0.37743 -0.1581 0.38695 0.17148 -0.021769 0.021127 0.021935 0.022362 0.035423 0.022003 0.0414 0.024665 0.023865 0.020676 0.031907 0.028437 0.481 0.12042 0.481 0.12195 -5.2057e-05 3.0862e-05 5.2057e-05 3.0862e-05 -0.0030164 0.0039905 0.0035874 0.0041128 0.055832 0.01957 0.057546 0.019751 0.017638 0.008514 0.017638 0.0089276 0 0 0 0
0.0016039 -0.0067419 0.0086453 0.0085171 0.009031 -0.0033329 0.08385 0.021628 0.036169 0.001941 0.037256 0.01545 0.0019757 0.00039096 0.0020041 0.0026166 -0.028957 0.01612 0.031494 0.017655 -0.057755 0.11043 0.17763 0.21277 0.48194 -0.1135 0.48194 0.27119 0.0027148 0.0047292 0.0027148 0.0047292 -0.020555 0.019804 0.021479 0.021526 -0.010952 0.17256 0.17493 0.19108 0.27238 0.2163 0.27238 0.2163 0 0 0 0 -0.0044808 0.0026989 0.0044808 0.0026989 0.022173 0.012321 0.040119 0.019873 0.0053595 0.0035038 0.0053595 0.0035038 0 0 0 0
-0.0021964 0.0010604 0.0022198 0.0013018 -0.02023 -0.0099401 0.020288 0.010009 0.036574 0.013804 0.056961 0.02274 0.00012753 0.0010492 0.002972 0.0030457 -0.056916 0.029236 0.057241 0.029391 -0.17918 0.011116 0.17918 0.10941 0.37051 0.0416 0.54533 0.099218 -0.0051708 -0.0054841 0.021164 0.020798 -0.026127 -0.036796 0.032994 0.036805 -0.21646 0.14168 0.22488 0.16004 0.31335 -0.028242 0.44912 0.093382 -0.010826 0.0073669 0.024736 0.034085 -0.00023905 -0.00026993 0.00038274 0.0003169 -0.010145 -0.0015195 0.016499 0.0021985 0.018541 -0.0033706 0.046566 0.0088908 -0.00097191 0.0006917 0.0023458 0.0027021
-0.012276 0.0044513 0.013892 0.0088087 0.037142 0.047751 0.05098 0.086614 0.016091 0.0011756 0.078952 0.039474 0.0038731 0.00011936 0.0073549 0.0043083 -0.0076863 0.0034482 0.043524 0.044102 -0.092533 -0.02299 0.30728 0.31261 0.22361 -0.093656 0.4321 0.18108 -0.0080264 0.010895 0.070545 0.031391 -0.020187 -0.0047769 0.041725 0.031548 -0.021345 0.0071311 0.26991 0.35471 0.19455 0.13939 0.36746 0.28608 0.0048492 -0.0043726 0.04035 0.029624 0.00041308 0.0066531 0.0046201 0.010224 0.0048579 0.038014 0.039635 0.061467 0.0046018 -0.0046568 0.03902 0.021064 -0.00050876 0.0022977 0.0054677 0.0044349
-0.000728 -0.0003816 0.00077815 0.00053216 0.018969 0.0079954 0.0562 0.024032 0.0061704 0.011817 0.024797 0.018266 -0.00015064 7.1678e-05 0.00019774 0.00015368 -0.056389 0.011988 0.05657 0.024787 0.26743 0.0019342 0.49263 0.14326 -0.010621 0.020919 0.21685 0.15815 -0.0069337 0.0028813 0.015806 0.0089241 -0.056782 0.002183 0.062311 0.036509 0.33232 0.049365 0.57652 0.17099 -0.16344 0.0077475 0.19947 0.15994 0.0076292 -0.0059529 0.033806 0.013667 0.0014831 -0.0008368 0.0021599 0.00088274 0.0035375 -0.0019184 0.035552 0.0071432 0.0088563 0.0063652 0.039482 0.01865 0.00072306 -0.00022803 0.0037452 0.001942
-0.0034063 0.00010439 0.0034193 0.0015844 0.032975 0.010331 0.075029 0.01969 -0.003487 -0.0016265 0.019061 0.018244 -0.00017973 0.00016561 0.00040011 0.0002056 -0.08558 0.025763 0.085949 0.045669 0.3686 0.043887 0.5297 0.16706 -0.11834 -0.020519 0.27787 0.15586 -0.0082589 -0.0022411 0.018833 0.0065271 -0.016163 -0.023076 0.030966 0.023143 0.20711 -0.012804 0.50465 0.11485 -0.082747 0.039572 0.18038 0.22168 -0.0076093 -7.5051e-05 0.032084 0.015511 0.00089606 -0.00032057 0.00093158 0.00045241 0.031998 -0.0020262 0.059399 0.0061808 -0.014875 0.0041176 0.037118 0.032549 0.00086999 -0.0013406 0.0025691 0.0013406
-0.0018275 -0.0012193 0.0018498 0.0020574 0.053425 -0.033106 0.054711 0.033648 0.0010786 0.00020829 0.0045208 0.0018409 4.6536e-05 -1.9916e-05 0.00014435 7.4929e-05 0.002034 -0.0012765 0.0041271 0.0040465 0.095402 -0.055468 0.098414 0.055468 0.41351 -0.074834 0.4144 0.17364 0.0050189 0.012957 0.0050189 0.012957 0.00053871 0.0001578 0.0011209 0.00087017 0.044483 0.020032 0.051454 0.030697 0.50344 0.029613 0.50423 0.24981 0.00017748 -0.00073777 0.00039559 0.00075974 -0.00011399 0.00013662 0.0001896 0.00021606 0.0085917 -0.0034076 0.029843 0.025513 0.022777 -0.049806 0.045344 0.064718 0.0050883 -0.0084985 0.0054834 0.0091695
-0.0023585 0.00046645 0.0034749 0.0018406 -0.01654 -0.0059761 0.03014 0.00826 0.03603 0.012157 0.075478 0.02923 -0.0019585 -0.0031478 0.0068024 0.0073112 -0.0096846 -0.0040005 0.014995 0.0065961 -0.20913 -0.063952 0.28028 0.081074 0.3609 -0.20054 0.60821 0.29623 -0.018194 -0.017336 0.030901 0.038709 0.00056091 0.018108 0.02381 0.030848 -0.12744 0.1052 0.24562 0.20438 0.10228 0.16397 0.14345 0.18903 0.016327 0.0016525 0.016573 0.004556 -0.0017824 0.00031234 0.0058156 0.0056838 -0.010013 0.0041809 0.014112 0.0076325 0.0011259 0.0010442 0.0020271 0.0016507 0.0057288 0.0037977 0.0057636 0.0039398
-0.003275 -0.0033533 0.0049451 0.0033672 0.021043 -0.044865 0.035787 0.045008 0.0015689 -0.00076489 0.0021383 0.0015141 3.5739e-05 5.8739e-05 0.00010843 0.00010086 -0.025901 -0.00055242 0.026677 0.0020648 0.27534 0.11311 0.50156 0.19216 -0.021082 0.017096 0.10999 0.079972 -0.0010683 0.0023463 0.0028682 0.0034302 -0.020317 0.00044058 0.020451 0.0029416 0.33995 -0.10625 0.55402 0.12124 -0.072346 0.039745 0.28416 0.21176 0.00081161 -0.0061095 0.02041 0.023487 -0.0042498 0.006785 0.0042593 0.0067865 -0.002993 0.00072321 0.051237 0.028453 0.042767 -0.01742 0.078485 0.041864 -0.001391 0.0037553 0.0026286 0.0070849
0.0039063 0.0006023 0.0090449 0.0029552 0.030466 0.0028083 0.050938 0.018089 0.017394 0.0041295 0.018373 0.011167 1.3887e-05 -0.00012684 8.7321e-05 0.00077105 0.024279 -0.0087496 0.054547 0.045022 0.055512 -0.060566 0.097201 0.074444 0.38721 -0.027704 0.38996 0.1633 0.0019242 0.02051 0.0022904 0.020935 -0.0032718 0.01173 0.017057 0.016963 0.027392 0.012492 0.034813 0.022369 0.51387 -0.022092 0.51387 0.30424 0.00026127 -0.00010954 0.00026127 0.00010954 -0.0025666 0.0011933 0.0043406 0.0021554 -0.0013896 -0.003135 0.02884 0.028969 0.03318 -0.048946 0.058752 0.065494 0.0057284 -0.0020419 0.0057284 0.0024696
1.2974e-06 5.9736e-07 1.2974e-06 3.0867e-06 0.077529 -0.032713 0.079307 0.034066 0.018312 -0.029288 0.018312 0.029597 -8.4041e-05 -0.00037235 0.00030344 0.00037235 0.00078985 0.00059977 0.0016065 0.001656 0.042723 0.009365 0.049027 0.041221 0.5012 -0.13531 0.50621 0.154 0.0029268 -0.0075745 0.0040975 0.012538 0.0041591 0.0049775 0.005805 0.0055727 0.23112 0.24119 0.23542 0.24241 0.24754 0.19057 0.24754 0.19726 -2.1811e-05 5.5752e-05 5.5752e-05 5.5752e-05 0.0047546 0.0020872 0.0062578 0.0047768 0.037827 0.017148 0.037827 0.019885 0.0016976 -0.00061961 0.0020214 0.002929 3.2926e-05 -2.5907e-05 3.7015e-05 3.8804e-05
0.011766 -0.0088568 0.015574 0.0088733 -0.0050387 -0.0094162 0.0062497 0.0094162 0.087566 -0.011084 0.087566 0.011293 0 0 0 0 0.01343 0.030012 0.030343 0.040043 0.0041583 0.019255 0.0074422 0.019255 0.52306 -0.091927 0.5285 0.10404 0.0055818 -0.0094566 0.0055818 0.0094566 0.0058799 -0.00037101 0.047206 0.026544 0.2039 0.292 0.2039 0.292 0.20825 0.17511 0.20976 0.17654 0.0044259 -0.0050247 0.005222 0.0060885 0.0096899 0.0052564 0.010655 0.0058665 0.010638 -0.00036404 0.011881 0.013812 0.0031274 -0.0070731 0.0035374 0.0073272 0.0001306 -0.00025695 0.00013589 0.00025695
-0.001519 -0.012697 0.0051573 0.012713 0.023111 0.025459 0.16005 0.054075 -0.0072159 -0.0037686 0.059161 0.037727 -0.0016194 0.00050645 0.0022143 0.00061656 0.00040463 -0.0008566 0.0058326 0.0043863 0.27088 0.043245 0.57498 0.10287 -0.14793 0.012713 0.29968 0.22779 0.057345 0.032298 0.058802 0.051525 0.0030708 -0.00029365 0.011419 0.0018063 0.14746 -0.091603 0.43382 0.25848 -0.021268 -0.15761 0.12135 0.1587 0.10546 0.0064912 0.10705 0.0090507 0.0010569 0.0040175 0.0043468 0.0063335 -0.0052904 0.006235 0.0089025 0.0098282 0.0085178 0.0044739 0.0088838 0.0045029 0.015996 0.0027053 0.01635 0.0027221
-0.0067654 2.8301e-05 0.0067839 0.0028359 0.038107 0.014642 0.084703 0.028453 -0.0012569 0.016075 0.024765 0.030336 -0.00018501 0.00035547 0.00039999 0.00038812 -0.077959 0.0047837 0.080414 0.047427 0.32166 0.092323 0.61686 0.1651 -0.10079 0.047132 0.25422 0.17719 -0.013938 -0.0034958 0.032462 0.0092467 -0.010152 -0.0075831 0.029557 0.0076929 0.20059 -0.0657 0.44318 0.10943 -0.054561 -0.033639 0.15898 0.22063 -0.019156 0.0011006 0.067399 0.023832 0.00086497 -0.00041291 0.000942 0.00045685 0.030366 -0.0076892 0.053379 0.012945 -0.015502 -0.025856 0.029418 0.027585 0.0021575 -0.0017187 0.0026655 0.0017288
-0.00088788 -0.0007883 0.0048096 0.0045458 0.0049293 0.0017423 0.0090471 0.0054297 0.043354 0.011976 0.043354 0.012005 0.00090324 0.00013085 0.0010149 0.00016954 0.00069929 -0.0055725 0.039595 0.037871 0.20014 0.04404 0.49107 0.26989 0.19662 0.12773 0.20049 0.18318 -0.00036609 -0.0071433 0.0029469 0.016382 -0.01659 0.0051518 0.027066 0.04697 0.41257 -0.074293 0.52379 0.19514 0.036417 -0.028843 0.055541 0.032186 -0.00033936 5.3053e-05 0.00053148 0.0010334 -0.00068574 -0.0036685 0.0046503 0.0044808 0.010198 -0.0088441 0.011194 0.009596 0.0642 -0.021696 0.065144 0.026719 0.00027628 0.0011359 0.00030699 0.0011359
0.007312 -0.0082705 0.010372 0.0084211 -0.016975 0.016452 0.096793 0.032382 0.031408 0.012873 0.032572 0.021424 0.0001874 -0.00058685 0.0001874 0.00058685 -0.018731 0.0011206 0.034395 0.025007 0.023665 -0.087638 0.31455 0.18473 0.34006 -0.003527 0.35 0.11586 0.0014196 -4.928e-05 0.0015674 0.010898 -0.024538 0.014398 0.0305 0.018661 -0.091107 0.13574 0.15128 0.14063 0.45324 -0.017324 0.4619 0.29712 0.00069 0.01514 0.0007384 0.01514 -0.0013328 0.00092529 0.001459 0.0015835 -0.0074499 0.011233 0.029438 0.021146 0.038648 0.058802 0.039799 0.059576 0 0 0 0
-0.00092572 -0.0041592 0.0037198 0.0064795 -0.0079751 -0.036644 0.029172 0.10074 0.041565 -0.030128 0.046334 0.037957 0.00041405 0.00017713 0.00041405 0.00017713 -0.01653 -0.0030182 0.041423 0.048343 -0.03957 -0.011694 0.39747 0.25235 0.40491 -0.016904 0.432 0.091828 0 0 0 0 0.004781 -0.015867 0.043609 0.051207 -0.0022364 0.1185 0.24057 0.26319 0.27887 0.028826 0.36721 0.17087 0.0011693 -0.0002493 0.0011693 0.0008515 -0.0023536 0.0057475 0.0053061 0.0091859 0.0030173 0.0042198 0.030991 0.031935 0.022068 -0.0037429 0.052906 0.014357 1.1272e-05 -2.9268e-05 4.3957e-05 3.0252e-05
0.0038819 0.00074973 0.0071542 0.0069831 0.002744 0.0069526 0.0079737 0.011236 0.058354 0.031133 0.058354 0.033237 -4.9717e-08 7.1004e-07 2.398e-06 1.7376e-06 -0.011041 0.0021543 0.080108 0.037086 0.32507 0.086753 0.40176 0.22196 0.15717 0.05072 0.15832 0.11243 -0.0014312 -0.0090513 0.0018436 0.014125 0.020287 -0.026648 0.058829 0.050591 0.44581 -0.17492 0.53152 0.21792 0.05918 0.0067626 0.065946 0.051458 0.001822 0.010403 0.001822 0.010403 0.0010889 0.0031148 0.0038418 0.0033931 0.03069 0.00030718 0.031305 0.01707 0.079992 0.019053 0.079992 0.031878 0.00033109 0.000842 0.00033109 0.000842
-0.0059588 -0.0030555 0.0059592 0.003056 0.03412 0.02325 0.067482 0.043523 0.0032186 -0.0058221 0.01476 0.0089164 1.6761e-05 0.00012669 0.00020257 0.0002377 -0.021044 0.0036956 0.050806 0.030557 0.14236 0.066876 0.5625 0.2791 0.019401 -0.0084129 0.22227 0.17372 0.0043057 0.0034398 0.0044959 0.004653 -0.052281 0.026672 0.054422 0.032026 0.073546 -0.0072932 0.48765 0.22561 0.0052032 -0.021317 0.37637 0.18258 0.021824 0.011264 0.029064 0.033114 -0.0030805 4.2346e-05 0.0037551 0.0005137 0.011301 -0.0043105 0.081178 0.015452 -0.0053344 -0.00085786 0.029814 0.021348 0.012562 4.697e-05 0.012621 0.0021902
0.0014375 -0.0037556 0.0070415 0.0058513 -0.0016625 -0.021069 0.026398 0.041913 0.015466 0.0082536 0.051004 0.038793 0.0076342 0.0031823 0.0076384 0.0032241 -0.044889 0.011708 0.051525 0.036036 0.073501 -0.10645 0.41107 0.29907 0.20276 -0.10845 0.29306 0.23893 0.043623 0.0027854 0.043815 0.007376 -0.016661 -0.020926 0.043798 0.036133 -0.057926 0.073774 0.19761 0.19357 0.39562 0.056485 0.44583 0.19746 0.0071322 0.0039552 0.0073799 0.0048052 -0.0018199 -0.0021209 0.0083546 0.0054358 -0.02078 -0.025645 0.064974 0.040851 0.080609 0.017454 0.09265 0.046166 0.00035216 0.00012556 0.00055406 0.00058157
-0.00082559 -3.0329e-05 0.0010754 0.00061396 0.027691 0.0036799 0.03851 0.021826 0.020533 0.0035526 0.067723 0.045809 -0.0012763 0.001387 0.0075029 0.0056571 -0.0062295 0.00012035 0.0063946 0.00154 0.30047 0.025194 0.30047 0.089525 -0.05302 0.13607 0.22548 0.34216 0.033145 -0.0071857 0.04951 0.032276 -0.0061156 0.00084392 0.0075281 0.0021598 0.17342 -0.10051 0.24812 0.20615 0.049618 -0.20487 0.40787 0.48762 0.0027291 -0.017188 0.045302 0.054111 2.6827e-06 0.00051351 0.00081098 0.00080219 0.012158 0.022182 0.041248 0.036524 0.016881 0.0082906 0.059696 0.031845 0.0024099 -0.00021931 0.0067599 0.0052381
0.00091861 -0.00025096 0.0032177 0.004864 0.0019966 0.0098803 0.029649 0.035639 0.026138 -0.0033069 0.037055 0.026263 0.0072833 0.00014497 0.0073296 0.00088558 0.010699 -0.0019018 0.021319 0.030017 -0.1628 -0.0011635 0.24238 0.15095 0.31658 -0.0045212 0.54122 0.12436 0.042434 -0.0059079 0.042669 0.010549 0.0068972 0.012852 0.025171 0.034857 -0.071125 0.02655 0.20155 0.19909 0.23475 0.0038222 0.51221 0.24611 0.026218 -0.0020009 0.030083 0.010214 0.0013236 -0.0011979 0.0032106 0.0024816 -0.014914 0.010185 0.027563 0.032034 0.025465 -0.0085628 0.033866 0.031428 0.0013631 -0.006342 0.002292 0.007921
-0.00036344 0.0007774 0.0008573 0.0054959 0.00018384 0.032432 0.028396 0.039188 -0.0012076 0.0022243 0.018011 0.011327 -0.00013588 0.00011586 0.00094954 0.00025752 -0.00078836 -0.0019441 0.0015924 0.0034065 0.12973 7.516e-05 0.22759 0.22237 0.065559 0.10075 0.35858 0.40877 -0.03211 0.021168 0.056072 0.043594 -0.017605 0.010339 0.027921 0.045979 0.32118 0.067217 0.42504 0.24969 -0.18471 0.057732 0.25298 0.30508 0.019837 -0.017093 0.031932 0.033564 -0.0052611 0.0099187 0.008285 0.011792 0.011958 0.017047 0.047612 0.060277 1.8227e-05 0.0029987 0.041278 0.037001 -0.0011459 0.011067 0.0044994 0.011866
0.0031356 -0.0030614 0.0067667 0.003531 -0.013109 0.0064648 0.037746 0.040727 0.017019 0.00012685 0.034752 0.054529 -0.0021714 -0.0044548 0.0041105 0.0075663 0.017477 -0.00025856 0.049299 0.024187 -0.12252 -0.0808 0.32823 0.33827 0.14756 0.0042307 0.3199 0.28936 -0.0275 0.0015808 0.033033 0.043839 -0.0088921 0.0031631 0.035114 0.064319 -0.02806 0.10808 0.30544 0.29926 0.030745 -0.051658 0.44577 0.34075 -0.0097811 -0.011681 0.038926 0.034491 -0.0032737 0.0042629 0.0050789 0.0071582 -0.019895 -0.0093839 0.040276 0.055791 0.013871 0.0024419 0.055702 0.049785 -0.0019751 0.00049387 0.010377 0.0056737
-0.004906 -0.0014061 0.0063508 0.0063977 0.0084079 -0.011546 0.055556 0.024046 0.040619 0.016162 0.060952 0.040775 -7.983e-05 0.002035 0.00054719 0.0022367 -0.021844 0.0064309 0.036522 0.039403 0.01538 -0.0033794 0.27847 0.20231 0.36362 -0.037043 0.41778 0.075965 0.0011933 -0.00030815 0.0013093 0.0013793 -0.021703 0.020618 0.035066 0.046881 -0.093737 0.066979 0.25535 0.18827 0.40611 0.081446 0.44948 0.22133 0.0014042 0.00084831 0.0014042 0.00084831 0.00085453 0.00094425 0.0034328 0.0056769 0.0069106 0.041751 0.041528 0.066798 0.029943 0.031971 0.029943 0.031971 0 0 0 0
0.00093911 -3.4167e-05 0.0084817 0.0061224 0.030619 -0.027346 0.053712 0.055836 -0.020486 -0.040303 0.088826 0.047293 0.00022647 0.0019673 0.0077655 0.0085874 0.046399 0.014705 0.056645 0.042846 0.011535 0.0854 0.3645 0.43628 0.087157 0.11065 0.3408 0.43846 0.024421 -0.011064 0.069941 0.04556 0.008489 0.0070205 0.040207 0.072864 0.036417 0.0073229 0.21285 0.28085 0.10898 0.042121 0.24824 0.28033 0.025287 0.012062 0.055095 0.039208 -0.00056264 0.0034433 0.0059576 0.0054087 0.01801 -0.0033532 0.073689 0.050201 0.017345 0.01073 0.049855 0.052736 -0.00078285 -0.00075987 0.0075941 0.0028109
0.0033976 0.0021802 0.0072077 0.0082333 -0.011997 0.001202 0.044527 0.032444 -0.017211 0.04156 0.049279 0.083821 0.0051544 0.0011795 0.0096845 0.0045313 -0.012879 -0.0051193 0.049309 0.047207 -0.10073 -0.084936 0.30844 0.18162 0.13491 -0.079695 0.32887 0.211 -0.0090606 0.0084159 0.036188 0.02664 -0.023535 0.010548 0.050832 0.03363 -0.16358 0.090967 0.36112 0.37015 0.19214 0.061614 0.39304 0.36936 -0.0040701 0.001908 0.041322 0.048783 -0.0017075 -3.3405e-05 0.0049056 0.0038316 -0.019519 0.0056808 0.05723 0.028963 0.025015 0.015189 0.056188 0.064283 -0.00098499 0.0013716 0.0052115 0.0049593
0.003372 0.00018029 0.0051922 0.0047562 -0.021047 0.0040202 0.0455 0.047723 0.025691 0.006628 0.045579 0.060825 -0.003078 -0.0035228 0.0070947 0.006293 0.019439 -0.016259 0.035723 0.037114 -0.096051 -0.094655 0.33895 0.32217 0.11083 -0.081757 0.37801 0.2705 -0.014037 -0.00021781 0.029048 0.058101 0.0064602 0.017313 0.03418 0.044311 -0.098452 0.16421 0.38025 0.31814 0.12845 0.08384 0.33351 0.26307 -0.021492 -0.011286 0.041553 0.027365 0.0015624 -0.0043995 0.0075736 0.0082999 -0.0094455 -0.03716 0.055595 0.063877 0.0044794 -0.033798 0.048992 0.059274 -0.0036623 0.0018663 0.0071033 0.0053406
-0.0044486 -0.0030531 0.0075283 0.0031647 -0.0063144 -0.059587 0.051408 0.059779 0.0017303 -0.0020293 0.001767 0.0020659 0.0036961 -0.0045664 0.0037203 0.0045745 -0.045209 0.0018399 0.046168 0.0030095 0.15776 -0.0044502 0.54407 0.21321 0.0090375 0.036103 0.083972 0.082597 0.01522 0.0045961 0.01522 0.0047859 -0.048636 0.044413 0.055433 0.057525 0.079715 0.086713 0.65948 0.2362 -0.0097676 -0.016415 0.21155 0.17956 0.019956 -0.0029544 0.042134 0.0095894 0.0036704 -0.0079513 0.0041233 0.0084403 -0.038962 -0.0159 0.04301 0.027176 0.026433 -0.011344 0.048605 0.031627 0.00063763 -0.0021884 0.0050768 0.0026911
0.010846 -0.0054154 0.011139 0.0055017 0.0094982 -0.0039866 0.014109 0.0067462 -3.4351e-06 5.1125e-05 2.5096e-05 5.1125e-05 -4.6244e-06 -1.1821e-05 1.1821e-05 1.1821e-05 0.0060381 -0.004687 0.0063434 0.004687 0.36461 -0.054391 0.3673 0.17842 0.046457 0.14653 0.047149 0.14681 0.0040013 0.016791 0.0043303 0.017638 -0.00084301 0.00028017 0.0021546 0.0017628 0.53155 0.042048 0.53388 0.22541 0.014143 -0.0035435 0.014552 0.0048933 0 0 0 0 0.001039 8.6135e-05 0.0018863 0.0016127 0.052656 -0.080986 0.062484 0.095044 0.025975 -0.045983 0.027237 0.046235 0.00020596 -0.00014428 0.00020596 0.00014428
-0.0065587 -0.0021406 0.0098403 0.008177 0.025909 -0.010573 0.051562 0.0428 -0.00068565 -0.019486 0.070079 0.049472 0.0074236 -0.0067399 0.011155 0.008447 0.016157 0.0089994 0.045418 0.027197 0.23015 -0.010574 0.38231 0.3902 -0.029045 0.065093 0.28918 0.36991 0.030915 0.019864 0.058149 0.060696 0.0052852 0.0025243 0.0055072 0.0045708 0.24278 0.081895 0.26543 0.33969 -0.019423 0.012606 0.22297 0.28012 0.035975 0.0029976 0.056988 0.038947 0.0053664 0.00015377 0.0082616 0.005916 0.00068407 -0.01787 0.029937 0.046324 0.016707 -0.034122 0.053191 0.060265 -0.0020297 0.001432 0.0058631 0.0085876
0.0016721 0.0025982 0.0053856 0.0056016 0.020505 0.039972 0.062267 0.046749 0.027314 0.034178 0.05028 0.04831 0.0011943 0.00010814 0.0011943 0.00022027 0.0096529 0.01256 0.045519 0.037218 0.15701 0.084127 0.30019 0.33727 0.091923 0.041185 0.31237 0.24056 0.0044606 -2.7239e-05 0.0046104 0.0031428 0.0089521 -0.0092589 0.058845 0.081397 0.23851 -0.017676 0.31646 0.19294 0.022604 0.0035356 0.55772 0.22955 0.0029544 0.00087874 0.0029544 0.0016588 -0.0052516 0.0035017 0.0075517 0.0068351 0.028919 0.0030371 0.041871 0.029181 0.012095 -0.0040908 0.080871 0.026893 0.00013244 3.2372e-05 0.00013244 9.7957e-05
0.0012219 0.00011088 0.0036878 0.0045532 -0.005828 -0.0039998 0.017013 0.040114 0.0027723 0.0090228 0.042166 0.039806 0.0010703 0.00039465 0.0038833 0.0038125 -0.015463 0.0025056 0.058722 0.030064 0.12768 -0.025906 0.43897 0.31095 -0.011426 -0.032363 0.25902 0.26318 0.0066205 -0.0053193 0.034411 0.042367 -0.0038979 -0.0023049 0.022924 0.040446 0.076213 0.08829 0.31486 0.33403 -0.14058 -0.0073304 0.38027 0.37511 0.036327 -0.00086531 0.051048 0.043054 0.0025086 -0.001937 0.0062409 0.0073654 0.012024 -0.019921 0.038615 0.037298 -0.0020056 -0.013164 0.035266 0.023628 -0.001801 -0.0035045 0.006137 0.004949
0.0023724 0.0021423 0.0063959 0.0034095 0.0006112 0.017641 0.027223 0.04654 -0.019634 -0.0031374 0.044008 0.036306 0.0049856 -0.0041701 0.0075095 0.0075359 -0.023954 9.7945e-05 0.047641 0.045082 0.10259 0.041081 0.46739 0.20155 -0.078911 0.077324 0.3941 0.20604 -0.017605 0.014687 0.055272 0.034843 -0.0015549 0.002528 0.037086 0.034609 0.1158 -0.0039621 0.36686 0.19178 -0.18036 -0.013159 0.35585 0.37865 0.041492 0.0057251 0.060441 0.034347 -1.0177e-05 -0.00014496 0.009037 0.0054139 0.0091914 -0.0012913 0.036442 0.035039 -0.011298 -0.00587 0.030155 0.036687 -0.0048687 -0.0025287 0.0087509 0.0058082
-0.0012118 -0.0036575 0.0035155 0.00667 -0.010526 0.0016675 0.065042 0.062011 0.037675 0.014542 0.068906 0.033844 0.0043319 0.0037995 0.0074264 0.0047024 0.018863 -0.039372 0.049138 0.074557 0.13809 0.003392 0.28407 0.294 0.042288 -0.0010786 0.27527 0.25877 0.021916 0.0085097 0.022557 0.010147 0.0065468 0.032432 0.04129 0.071085 0.093066 0.0035813 0.38011 0.26067 0.14833 -0.060197 0.48363 0.37043 0.0058947 0.00079637 0.0058947 0.0028237 0.00074422 -0.002921 0.0067701 0.012046 -0.0095239 -0.012543 0.054826 0.035414 0.06718 0.036851 0.067309 0.037886 3.122e-05 2.7127e-05 0.00037605 0.00024847
8.0749e-05 -0.0012382 0.00075335 0.0018069 -0.039716 -0.010032 0.049994 0.017155 0.063993 0.011816 0.12022 0.035956 0.0057898 0.00044684 0.0093671 0.0034228 0.0061539 0.00079982 0.0069934 0.0018631 0.29476 0.022026 0.54749 0.13253 -0.096934 -0.047096 0.33563 0.26481 0.0034821 0.005925 0.054605 0.033369 0.013037 0.0040084 0.017268 0.0063939 0.18351 -0.03045 0.45322 0.28135 -0.062101 -0.13222 0.066319 0.13436 0.062821 0.0054163 0.06346 0.014012 -0.0038527 0.00040769 0.0071905 0.0046727 0.00027875 0.0022632 0.0015949 0.0024726 0.0012586 0.00059486 0.0018893 0.00096541 0.012313 0.0022704 0.01252 0.0022727
0.00096927 -0.0011051 0.0047876 0.0048814 -0.010907 -0.0083371 0.037389 0.034869 0.050135 -0.028633 0.064896 0.028957 0.00021123 0.0002101 0.00021415 0.00053125 0.019472 -0.025807 0.040187 0.050427 -0.066582 -0.048241 0.37767 0.28524 0.33432 -0.024141 0.36287 0.18334 -0.0027354 -0.00073223 0.0060195 0.0083782 0.01793 0.0068844 0.044192 0.050267 -0.038603 0.032798 0.26671 0.20159 0.38772 0.080743 0.38867 0.17354 -0.00012289 0.0022496 0.0010224 0.0031938 0.0023458 -0.0029626 0.0083795 0.0054025 -0.011381 -0.0065024 0.074295 0.033147 0.072749 -0.0031695 0.072749 0.017814 0 0 0 0
