-0.0010972 0.00084827 0.0033382 0.0023478 -0.0034769 0.0011332 0.0090112 0.0057826 0.071672 -0.0041333 0.071711 0.0044116 -0.00022209 6.7504e-05 0.00028607 0.00011953 0.0062771 0.0027152 0.027669 0.02008 -0.07606 0.038877 0.12122 0.091397 0.4688 -0.096729 0.4688 0.097711 -0.00063262 0.00027789 0.00071629 0.00032719 0.027543 0.023944 0.050852 0.050137 0.032324 0.34813 0.15192 0.37637 0.23091 0.22303 0.23091 0.22303 -0.00016688 6.7736e-05 0.00016688 6.7736e-05 0.00015001 0.00041343 0.00023104 0.00041533 0 0 0 0 0 0 0 0 -1.6466e-06 1.6466e-06 1.6466e-06 1.6466e-06
0.0048512 -0.0015582 0.0048717 0.0015954 -0.058198 -0.0017344 0.058835 0.012369 0.057712 0.027378 0.057712 0.058259 1.4817e-05 6.4039e-06 1.4817e-05 1.4817e-05 0.076868 -0.024517 0.077485 0.024887 -0.33672 -0.065476 0.38185 0.14125 0.35183 -0.016296 0.4286 0.19981 0.00074356 -1.3754e-05 0.00074356 0.00022223 0.072815 -0.017109 0.075463 0.018667 -0.07299 0.17598 0.27555 0.30119 0.16201 0.1337 0.18556 0.20483 0.00075065 -6.7957e-05 0.00075065 0.00043618 0.0013067 -1.4154e-05 0.0025607 0.00070306 0.035585 -0.010371 0.036004 0.011396 -1.7558e-05 0.00019175 0.00019175 0.00019175 0 0 0 0
0.0014251 0.003248 0.0014976 0.003269 0.045557 -0.026933 0.047277 0.031055 9.4775e-06 0.00020656 0.00020656 0.00020656 0 0 0 0 -0.0014953 -0.0032317 0.021959 0.018473 0.1119 -0.19397 0.3099 0.27249 0.27296 -0.21825 0.27495 0.21954 0 0 0 0 0.0039707 -0.0024284 0.024016 0.019438 -0.00031952 -0.018044 0.28953 0.2093 0.42616 0.11142 0.42616 0.11708 -6.16e-05 -0.00012548 0.00015162 0.00012548 -0.0021336 -0.0022612 0.0053681 0.004471 0.047732 0.033546 0.047732 0.033546 0.024714 0.013211 0.025017 0.013964 -0.00054456 -0.00070655 0.00062803 0.0007888
-0.00071683 0.0015799 0.0046633 0.0042474 0.03414 0.0044593 0.050107 0.01562 0.046083 0.00916 0.046083 0.0097101 0 0 0 0 0.0031971 0.013175 0.030646 0.026018 -0.038014 0.0031875 0.31192 0.27234 0.40034 -0.16099 0.40081 0.16997 0 0 0 0 0.01005 -0.026716 0.038177 0.039475 0.025207 -0.043239 0.16584 0.14915 0.41078 0.10345 0.41241 0.16265 0.00043784 -8.273e-05 0.00043784 0.00039892 -0.00047891 0.0018549 0.001393 0.0029456 0.0094127 0.0062228 0.01634 0.019076 0.056845 -0.016619 0.058229 0.037446 0.00016377 -5.0931e-05 0.00016377 0.00010531
0.00023091 -0.0057109 0.0035101 0.007598 0.033068 -0.019873 0.033068 0.020067 0 0 0 0 0 0 0 0 0.013997 0.010115 0.027198 0.017324 0.10635 -0.24188 0.2633 0.30502 0.26344 -0.18646 0.26423 0.18725 0 0 0 0 0.00055895 -0.0059186 0.031257 0.015521 -0.0015179 -0.023075 0.36801 0.15423 0.424 0.1049 0.42456 0.1076 -0.0076891 -0.011444 0.010396 0.011444 -0.00083849 -0.0012565 0.0038208 0.0022085 0.051106 0.023884 0.065589 0.031675 0.012316 -7.4878e-05 0.031687 0.021982 -0.0031859 -0.0010267 0.0092309 0.0075856
-0.00018952 0.00042484 0.0031445 0.0031798 0.058616 -0.04885 0.058616 0.04885 0.001341 -0.0011317 0.001684 0.0011317 0 0 0 0 -0.0048647 0.0044423 0.011191 0.013383 0.070196 -0.052825 0.22941 0.18031 0.40629 -0.1496 0.40797 0.15207 0 0 0 0 -0.003657 -0.00097153 0.0086573 0.018201 -0.045132 0.049622 0.11552 0.10942 0.47327 0.10179 0.47356 0.13954 0 0 0 0 -0.000189 0.0012457 0.0011456 0.0024126 -0.0044033 0.0050386 0.015524 0.013056 0.067864 0.002855 0.067864 0.010507 0 0 0 0
-6.0323e-05 1.256e-05 6.0323e-05 6.4632e-05 -0.031562 -0.0010151 0.034595 0.05552 0.030431 -0.011407 0.039502 0.060494 -0.0063847 0.0032003 0.0064365 0.0032199 -0.000293 7.2774e-06 0.00038259 0.00052989 -0.3123 0.02424 0.32102 0.25921 0.29249 0.012753 0.30684 0.10014 -0.012755 0.0050643 0.015228 0.0058229 -0.00073588 -0.00015976 0.00081044 0.00040287 -0.25807 -0.031992 0.27943 0.43862 0.25383 0.021717 0.30833 0.14287 -0.0037873 0.0013705 0.0059439 0.0020132 -0.00021392 -7.4278e-05 0.00021392 0.00028202 -0.02873 -0.0051584 0.036054 0.041191 0.023579 -0.02363 0.04128 0.066571 0.00046237 -2.9916e-05 0.00058672 0.00023437
0.0020164 -0.0035168 0.0020732 0.0035168 0.00070545 -0.0016236 0.00070545 0.0016236 0.00012063 0.00025118 0.00026824 0.00025118 0 0 0 0 0.020045 -0.018957 0.022674 0.035452 0.093419 -0.28791 0.15725 0.39096 0.25007 -0.17279 0.2503 0.17348 0 0 0 0 -0.00407 -0.0017276 0.019316 0.020729 -0.030119 -0.051894 0.095838 0.087572 0.49838 0.081361 0.49838 0.088976 0 0 0 0 -0.0058163 0.0012471 0.0085202 0.0027095 0.0069438 0.030891 0.027945 0.041611 0.057349 -0.0070181 0.057386 0.015883 0 0 0 0
0.0021915 0.0012526 0.0034119 0.0016166 0.036923 -0.023837 0.045824 0.030644 0.039805 0.00048511 0.040634 0.030726 0.00026471 0.00016363 0.00026599 0.00018642 0.012443 0.0049805 0.02036 0.017713 0.3616 0.22252 0.375 0.25132 0.17595 0.063011 0.17595 0.074277 0 0 0 0 0.0064768 0.0011464 0.018558 0.010603 0.42251 -0.20106 0.46162 0.22878 0.10545 -0.087645 0.10992 0.087961 -3.7818e-05 -0.0015075 0.0004043 0.0018723 0.00013405 0.00010001 0.0011589 0.0014447 0.0033782 0.0045597 0.0090294 0.0072243 0.059064 -0.039228 0.06115 0.045092 0.00042956 1.4934e-05 0.00042956 0.00015254
-0.00055601 -0.00051569 0.0013462 0.0019422 0.028622 -0.006727 0.033709 0.015736 0.055443 0.0018652 0.055903 0.0072706 0.00010984 -4.3769e-06 0.00010984 1.4687e-05 0.0035818 0.0017667 0.0088873 0.0086375 0.023389 0.0085416 0.07657 0.053991 0.48608 -0.16046 0.49442 0.16103 0.0019974 -0.0007839 0.002103 0.0024576 0.0072057 0.00041966 0.015867 0.0046961 0.19137 0.23335 0.22988 0.24911 0.26884 0.21056 0.27116 0.21728 0.00078088 0.00043803 0.00078088 0.00068132 0.0043748 0.00037752 0.0061993 0.0033544 0.044858 0.028627 0.045374 0.029623 2.5705e-05 0.0023889 0.002171 0.0031105 0.00011819 5.1387e-05 0.00011877 5.5389e-05
0.00037156 -0.0027547 0.0028089 0.0045393 0.04233 -0.011256 0.05076 0.046047 0.029012 0.049979 0.050214 0.073407 -2.7096e-05 2.6752e-05 2.7096e-05 8.6084e-05 -0.0094426 0.010973 0.033583 0.021985 0.40509 0.1801 0.40637 0.26563 0.17021 0.046862 0.17021 0.06377 0 0 0 0 -0.00059353 0.0006737 0.011761 0.0065388 0.41989 -0.15691 0.44486 0.18715 0.12245 -0.071167 0.1246 0.073834 0 -0.0010393 0 0.0022157 0.00011248 4.5625e-05 0.0015731 0.00078496 0.037122 0.031732 0.038622 0.033411 0.038121 0.020577 0.038188 0.020915 0 0 0 0
-0.0015393 -0.0041251 0.004313 0.0051002 -0.013883 -0.027038 0.040589 0.03193 0.078536 -0.017466 0.078598 0.018077 0 0 0 0 0.01494 -0.0074595 0.027458 0.02239 0.21539 0.20525 0.30043 0.27716 0.28557 0.11255 0.29031 0.1187 0.0009077 -0.00036139 0.0009077 0.00036139 0.0060244 -0.0013974 0.018543 0.01688 0.45449 -0.065029 0.47874 0.26017 0.08143 -0.031381 0.082236 0.037724 0.00015537 0.00039837 0.00015537 0.00053844 0.0031839 -0.0012253 0.0046692 0.0051532 0.035142 0.0096262 0.051034 0.067497 0.021136 -0.0035771 0.02115 0.0076948 6.4054e-06 -2.5058e-06 6.4054e-06 6.4054e-06
0.0025456 -0.0029187 0.0051823 0.0040369 0.0030021 -0.012767 0.01515 0.020135 0.039428 0.036163 0.058604 0.040241 0.00010095 -9.4515e-05 0.00010095 0.00015933 -0.012791 0.011383 0.019091 0.023611 0.012458 -0.019735 0.08853 0.11467 0.47583 -0.048703 0.47603 0.19198 0.00018613 0.00035234 0.00076133 0.00075106 -0.0073388 -0.016818 0.0099425 0.021954 0.25286 0.080408 0.26951 0.32282 0.22091 0.089595 0.30306 0.263 0.0018449 -0.00055212 0.0019735 0.0020388 0.0030711 0.0079413 0.0035882 0.0096975 0.0071307 0.045076 0.026142 0.053922 0.030273 -0.013795 0.047091 0.031927 0.00017398 -3.8231e-05 0.00017398 0.00023159
-0.0030476 -0.0013962 0.0032297 0.0016675 0.036502 0.0055967 0.044572 0.034524 0.017106 0.018206 0.063246 0.047565 0.00061288 2.7329e-06 0.00062647 0.00013957 0.01699 0.0032105 0.029402 0.011647 0.096534 -0.12762 0.17514 0.19319 0.42348 -0.06361 0.42348 0.21575 0.00082729 0.00042985 0.00082729 0.0006222 0.0094668 0.001986 0.023476 0.018007 0.12253 0.020254 0.15412 0.10566 0.43541 0.10758 0.43576 0.16599 0.00042725 -0.00051216 0.00054352 0.00051216 -3.3808e-05 0.00063439 0.0020351 0.0024817 0.0010136 0.00046795 0.016093 0.0079646 0.067094 -0.050219 0.06747 0.050701 0.00033264 -0.00076354 0.00080831 0.00083416
-0.00016383 -0.0027191 0.0053087 0.0055751 0.0062317 -0.020655 0.024502 0.030538 0.030805 -0.00080613 0.069751 0.019159 6.8177e-05 2.7898e-05 6.8177e-05 5.0897e-05 -0.0025952 0.011902 0.017776 0.013418 0.015184 -0.012804 0.11334 0.14084 0.45926 0.052455 0.46574 0.22479 3.8674e-05 0.00024793 0.00064249 0.0010058 -0.0025281 -0.015034 0.009717 0.028303 0.2325 0.084015 0.27132 0.31097 0.26264 0.083468 0.2941 0.27084 0.0012192 -0.00016682 0.0012192 0.0012737 0.0021962 0.0046411 0.0030434 0.0089542 0.0062548 0.022169 0.024623 0.031086 0.027505 -0.024353 0.059392 0.03814 0.00011107 -6.8254e-05 0.00011107 0.00013395
-0.00045415 2.9063e-05 0.00052072 0.00013981 -0.024176 -0.015095 0.032978 0.047143 0.037322 -0.018073 0.03774 0.044998 0.00012306 8.3092e-06 0.00012306 1.7763e-05 -0.0012305 -0.00027794 0.0017395 0.0010944 -0.2147 0.032021 0.29357 0.32298 0.27627 0.0021402 0.28059 0.28122 0.00079999 -5.164e-05 0.00079999 0.00030954 -0.00253 0.00016005 0.0028538 0.00069081 -0.22332 -0.021649 0.23538 0.4681 0.28931 0.027825 0.29011 0.13211 0.00033176 -0.00027225 0.00047494 0.00063092 -0.00028017 -8.6465e-05 0.0003425 0.0001159 -0.025598 0.0015185 0.040042 0.030402 0.035457 -0.020022 0.037253 0.041654 0.0001096 3.8321e-05 0.00024818 0.00018057
0.0012685 0.00077172 0.0022664 0.0015962 0.010986 0.001691 0.022193 0.010994 0.066959 0.02976 0.067116 0.032696 2.9833e-05 5.8933e-05 2.9833e-05 5.9183e-05 0.0049372 0.00021083 0.011771 0.008689 0.027464 0.021937 0.073622 0.051643 0.5014 -0.14819 0.50207 0.15014 0.00047798 -0.00073111 0.00063477 0.0023091 0.00048866 -0.0012088 0.013235 0.004331 0.25817 0.16962 0.27493 0.18788 0.24651 0.21119 0.24767 0.2154 -7.7927e-06 7.7927e-06 7.7927e-06 7.7927e-06 0.00026674 7.0932e-05 0.0027901 0.0016846 0.055043 0.04719 0.057143 0.051072 -0.00072977 0.00070253 0.0017963 0.0014918 5.4839e-06 -4.4781e-05 5.1344e-05 0.00021752
0.00063501 0.0015075 0.0025571 0.0032914 0.031248 -0.035049 0.042894 0.048686 0.020421 -0.024879 0.048495 0.058182 4.4807e-05 -2.5223e-05 9.4781e-05 0.0001751 -0.00054647 -0.023959 0.02476 0.026535 0.12995 -0.042253 0.22958 0.19889 0.35539 -0.020895 0.40338 0.25124 0.0011183 0.00023367 0.0011239 0.00029104 -0.011937 0.020849 0.041177 0.048624 0.053554 0.016922 0.10382 0.08403 0.467 0.071778 0.46741 0.21297 0.00015708 -0.00072163 0.00035659 0.00072163 -0.00037739 0.0013898 0.0024775 0.0015093 3.0839e-05 0.00014893 0.0086731 0.0073884 0.050842 -0.03927 0.052227 0.041164 0.0009595 -0.00054579 0.0010231 0.00064076
-0.0006249 -0.0028075 0.0015428 0.004678 0.051625 -0.017445 0.05903 0.02384 0.0179 0.00112 0.017964 0.0058665 0 0 0 0 -0.0046156 0.0020077 0.026464 0.017628 0.48313 0.12761 0.53215 0.15316 0.01676 0.0068696 0.017356 0.0083711 0 0 0 0 0.00037001 0.021604 0.029095 0.045422 0.23683 -0.093328 0.47515 0.32205 0.11586 -0.035494 0.11586 0.037276 0 0 0 0 0.00031587 -0.0028447 0.0046905 0.0042036 0.043031 0.021155 0.049424 0.034416 0.0203 0.0088046 0.020798 0.011623 2.1967e-05 -6.8267e-06 2.1967e-05 2.1967e-05
0.0011602 -0.0011259 0.0024014 0.0048955 0.0018812 -0.020376 0.016485 0.044462 0.048892 -0.033034 0.054132 0.033127 0 0 0 0 -0.010908 0.00099726 0.020593 0.014943 0.0043623 -0.022508 0.080008 0.098449 0.41894 0.019294 0.52269 0.043819 0 0 0 0 0.013674 0.014348 0.0321 0.031386 0.020474 0.16982 0.17899 0.29657 0.24852 -0.075807 0.47955 0.25699 0.0010647 -0.00032432 0.0010647 0.00032432 0.00296 0.0012116 0.0040867 0.0043412 -0.007166 -0.028039 0.03668 0.030848 0.024276 0.0076574 0.043462 0.02243 0.00047075 -0.00014983 0.00058949 0.00033352
-0.0015798 -0.0023835 0.0024985 0.0056152 0.019226 -0.045181 0.028872 0.072706 0.015031 -0.091894 0.051245 0.10992 -0.0034182 -0.0034217 0.0051233 0.011731 -0.011522 0.0070775 0.030985 0.018563 -0.059031 -0.0067159 0.14289 0.14166 0.35555 -0.00035372 0.481 0.2219 -0.032215 0.026697 0.040714 0.038161 -0.011717 -0.0015585 0.013882 0.024353 0.12043 0.15523 0.23715 0.42567 0.13828 0.18173 0.28126 0.29209 -0.022811 -0.015761 0.025481 0.049611 0.00042761 -0.00039311 0.0025625 0.0048168 0.035191 -0.012294 0.048271 0.034588 -0.012245 -0.059894 0.025839 0.059894 0.0013431 -0.0045141 0.007991 0.0067731
-0.00037463 0.00010532 0.00043376 0.00015979 -0.02544 0.013221 0.030434 0.0496 0.039067 0.006541 0.039088 0.027449 1.0111e-05 3.5554e-06 1.0111e-05 1.0111e-05 -0.0013966 -1.8343e-05 0.0020489 0.0007845 -0.27891 0.09863 0.30891 0.31102 0.31424 0.0044526 0.3154 0.17045 0.00058913 5.1546e-05 0.00058913 0.00029031 -0.0010417 -0.00020593 0.0018309 0.00051948 -0.21681 -0.086406 0.2563 0.40817 0.26101 -0.024544 0.2674 0.21619 0.0011155 -0.00056692 0.0011155 0.00070265 0.00027246 -0.00020153 0.00084932 0.0003 -0.033648 -0.0046224 0.04376 0.028122 0.031905 -0.017023 0.038871 0.067386 0.0001126 0.00010861 0.0001126 0.00010861
-0.00011393 0.0017281 0.0014359 0.0024485 0.0013732 -0.0058279 0.0081826 0.01273 -0.010044 -0.0018321 0.017336 0.0088729 -0.0007075 0.0010847 0.0036015 0.0026115 0.0019676 -0.015496 0.023687 0.024743 0.19654 0.11659 0.3317 0.27448 -0.1972 0.11752 0.2336 0.17835 -0.012103 -0.0038891 0.045515 0.026915 0.0053148 0.0027478 0.033424 0.047469 0.27852 0.047092 0.4195 0.42082 -0.1522 0.1032 0.22428 0.29107 -0.011859 0.029871 0.044714 0.042887 -0.0020025 0.0025426 0.0050636 0.0037029 0.010319 0.003291 0.040929 0.024799 -0.0048355 -0.034528 0.053232 0.039496 -0.0067519 -0.00068955 0.0072173 0.0050122
-0.00011578 -0.00018044 0.00016378 0.00019702 -0.046588 -0.062812 0.046889 0.062977 -0.034986 -0.062457 0.047684 0.066478 0.005177 -0.0060473 0.0064707 0.0074701 -0.010751 -0.090673 0.018828 0.090673 0.0044787 -0.039398 0.34933 0.46286 -0.08993 0.2455 0.135 0.26669 -0.0001728 -0.0065201 0.01734 0.017115 0.00048414 0.013331 0.011549 0.025091 0.36469 -0.14388 0.42583 0.16457 -0.11882 0.00056547 0.18443 0.19605 -0.034479 0.023602 0.040937 0.044519 -0.0014795 0.00031935 0.0035396 0.0024255 0.027254 -0.006539 0.045727 0.047933 0.013745 -0.011167 0.033695 0.030246 -0.0020917 -0.0019032 0.0033626 0.0056858
0.00025663 0.00089635 0.00039723 0.0010006 -0.0075693 0.017189 0.010987 0.017722 0.08407 -0.0052607 0.084403 0.010822 3.9818e-05 1.2924e-05 3.9818e-05 2.1642e-05 0.0025597 0.012673 0.0071234 0.023209 -0.072655 -0.046548 0.086404 0.17725 0.48113 -0.016637 0.48186 0.17695 -4.9129e-05 3.3205e-05 0.00018283 0.00018283 -0.001273 -0.0053964 0.01097 0.028392 0.00591 0.1125 0.060144 0.14907 0.40127 -0.081023 0.43002 0.18837 -0.00065904 -0.00021485 0.00074252 0.00045261 -0.00059638 -0.0020007 0.0014713 0.0026172 -0.019627 -0.044952 0.026148 0.055485 0.057075 -0.010239 0.069211 0.026782 9.0263e-05 8.6284e-05 0.00013174 0.00014266
-7.6592e-05 -2.0242e-05 7.6592e-05 2.5265e-05 -0.043192 0.01981 0.043311 0.05253 0.050836 0.0027573 0.051307 0.025481 -0.0032675 0.00052064 0.0032675 0.00088061 2.9498e-05 -0.00041561 0.0019893 0.00072862 -0.234 0.034973 0.28447 0.39987 0.31233 -0.003299 0.31418 0.20913 -0.0099701 0.0038961 0.010301 0.0039621 3.3787e-05 0.00067207 0.0011401 0.00096693 -0.26296 -0.056871 0.2856 0.26904 0.30961 -0.019472 0.30961 0.15539 -0.0014676 0.00032859 0.001687 0.00076108 -9.7353e-05 -9.1586e-06 9.7353e-05 2.7918e-05 -0.030885 0.0040109 0.048583 0.011634 0.04023 -0.002056 0.040345 0.029441 -0.00012234 2.0952e-05 0.00014137 3.9318e-05
-7.6214e-05 -6.8781e-05 9.9777e-05 0.00013588 -0.034171 -0.025586 0.052486 0.051554 0.043815 -0.0023743 0.044546 0.01126 -0.0016467 0.00051963 0.0019488 0.0006558 0.00071753 -9.142e-05 0.0028271 0.00096107 -0.25024 0.08409 0.30908 0.40771 0.29716 -0.063076 0.2988 0.31813 -0.0014252 0.00061889 0.0022584 0.0014816 -0.00010903 0.00061243 0.00067286 0.00092589 -0.25024 -0.0035054 0.3149 0.13814 0.26457 0.033815 0.30195 0.1436 0.00055327 0.00026005 0.0013488 0.00090976 -0.00013135 5.0179e-06 0.00013135 5.2423e-05 -0.03313 -0.0081696 0.046821 0.042517 0.032909 -0.013455 0.050748 0.040791 0.0001043 -5.231e-05 0.00026019 6.4596e-05
0.00061253 0.0020082 0.0033821 0.0038447 0.013757 0.0016078 0.029236 0.024333 0.069553 0.015281 0.071625 0.026685 -1.1116e-06 3.0867e-06 1.1116e-06 3.0867e-06 -0.01475 0.0040476 0.030066 0.01009 0.1501 -0.00063437 0.18457 0.091296 0.39362 -0.1911 0.39412 0.23482 -2.9655e-05 -0.00058139 8.8063e-05 0.0014491 -0.012529 -0.0008007 0.033285 0.0093188 0.06432 0.0025714 0.09766 0.040393 0.45845 0.1826 0.46063 0.18452 -2.6821e-05 -0.00038143 0.00023838 0.0019157 -4.1846e-05 0.000352 0.0046525 0.0012041 0.067792 0.015592 0.085002 0.019018 0.012116 0.0073983 0.013917 0.0076473 9.1872e-06 0.00010476 9.1872e-06 0.00010476
9.1598e-05 2.1756e-07 0.00010472 7.5523e-05 -0.045777 0.003043 0.046893 0.02242 0.048162 0.0075972 0.048587 0.013316 0 0 0 0 0.0048947 -0.0014801 0.0062072 0.0018305 -0.24574 0.042016 0.30972 0.29211 0.29336 -9.7951e-05 0.29605 0.16728 0.0013316 -3.0564e-06 0.0013316 0.00058861 0.016496 -0.0055977 0.0171 0.0059238 -0.2969 -0.052018 0.34121 0.17823 0.33073 0.020183 0.33263 0.27387 0.00050009 8.5467e-05 0.00050009 0.00029278 0.0049367 -0.0010186 0.0051252 0.001116 -0.033023 0.00096158 0.051672 0.036248 0.043874 0.017816 0.043911 0.026464 0 0 0 0
-0.0011675 0.00031262 0.0024441 0.0021095 0.046701 0.010108 0.056395 0.032551 0.021587 0.0096399 0.021587 0.012532 -6.694e-06 -3.5698e-06 6.694e-06 3.5698e-06 -0.0016202 0.0012416 0.010563 0.0090689 0.43549 0.12774 0.51925 0.17084 0.011288 -0.0019384 0.015298 0.0095196 0 0 0 0 0.012213 -0.0019879 0.028466 0.017914 0.40379 -0.10069 0.51103 0.20273 0.015957 0.0053389 0.01654 0.01137 0 0 0 0 0.0014556 7.2679e-05 0.001456 0.0014631 0.060001 0.011068 0.073269 0.018335 0.0014387 0.00069811 0.003133 0.0011161 0 0 0 0
0.0061415 0.0047836 0.0075287 0.0060604 0.0032174 0.006396 0.032561 0.046236 -0.0078758 0.013957 0.055761 0.030391 0.013971 -0.0022951 0.013979 0.0028369 0.0045729 -0.015813 0.021331 0.045667 0.2531 0.015484 0.36176 0.25884 0.0039676 0.21586 0.15001 0.43121 0.024589 0.02276 0.024589 0.024129 0.0030136 0.0012028 0.0051453 0.011636 0.45783 -0.0066691 0.47318 0.17123 0.012273 0.0069345 0.015688 0.012262 0.00080928 0.0015975 0.0010416 0.0018299 0.0040757 0.0044282 0.0045874 0.0053481 0.035398 0.040379 0.035742 0.040722 0.00013937 0.00034877 0.00047497 0.00053363 0 0 0 0
0.0032104 -0.002096 0.0055192 0.0052613 0.028672 -0.12123 0.030522 0.12123 0.013923 -0.036061 0.017874 0.036061 -0.0002146 -0.011277 0.0026794 0.011277 0.00056284 -0.0057972 0.019437 0.032589 0.14296 -0.088305 0.28121 0.18358 0.14001 -0.24081 0.40661 0.37058 -0.00024684 0.0090981 0.069498 0.069142 0.0074688 0.010182 0.018213 0.017579 -0.1489 -0.011853 0.2203 0.069398 0.3082 -0.047868 0.45061 0.20206 0.061435 -0.020808 0.068794 0.059443 -0.0010359 -0.0048816 0.0022964 0.0054641 -0.0095152 -0.0093905 0.030324 0.018084 0.01814 -0.0085254 0.025853 0.016527 0.0044395 0.00084912 0.0049027 0.0015943
-0.0017484 -0.00029989 0.0038386 0.0033648 0.00093942 -0.012284 0.015322 0.018951 -0.00727 -0.0087723 0.022098 0.02482 0.006747 -0.0016975 0.012403 0.0021733 0.0023083 0.0037545 0.021538 0.013401 0.13451 0.15568 0.30993 0.24599 -0.15281 0.23053 0.35839 0.36789 0.03267 0.047834 0.052469 0.067137 -0.010241 -0.0036986 0.019801 0.012402 0.26665 -0.12201 0.38891 0.17595 -0.017909 0.023429 0.30261 0.26244 -0.02486 -0.032647 0.043343 0.036811 0.0019194 -0.0017128 0.0053032 0.0018749 0.016952 0.0006183 0.031509 0.020584 -0.018272 -0.043933 0.068318 0.058681 0.0013866 -0.0048123 0.003735 0.0081253
-0.00017198 0.0018758 0.00044558 0.0021879 0.01656 0.033167 0.032453 0.033167 0.04252 0.015213 0.043037 0.01581 0 0 0 0 0.0018884 0.008804 0.0047323 0.026108 0.39997 0.12484 0.45183 0.20078 0.0073728 0.0056703 0.0095779 0.0079759 0 0 0 0 -0.0032765 -0.027974 0.0081412 0.040296 0.44539 -0.18274 0.50221 0.26858 0.018238 -0.0045672 0.020921 0.0086337 0 0 0 0 0.00061671 0.0051798 0.0017849 0.0051798 0.053774 0.05462 0.053774 0.054677 0.00074694 0.00056929 0.0014926 0.0015863 0 0 0 0
-0.0011378 0.0015272 0.0015129 0.0020867 -0.0085084 0.012762 0.02487 0.025467 0.068557 0.010472 0.071659 0.014906 6.6257e-05 -9.8285e-05 0.00012154 0.00014204 0.0083386 -0.0051259 0.014992 0.019788 -0.048944 0.018973 0.10865 0.074822 0.48069 -0.0038341 0.48951 0.12188 0.0019222 0.00016252 0.002154 0.00094361 0.0033526 0.0023269 0.0064574 0.0073303 -0.031661 0.010114 0.11032 0.095661 0.46496 0.047218 0.46679 0.11373 0.001584 -0.00017606 0.0016323 0.0010692 0.0018414 -0.00096316 0.0024544 0.0017902 -0.0091779 0.0086678 0.025214 0.018136 0.060375 -0.020676 0.065778 0.023736 0.00013618 1.5561e-05 0.0001724 0.00016742
0.00010323 -0.0028077 0.00076089 0.0048358 0.016199 -0.014513 0.016199 0.018065 -0.0050375 0.015172 0.01698 0.021107 -0.00029135 0.0026289 0.002197 0.0043637 -0.01087 -0.00030906 0.014062 0.015549 0.40258 0.10845 0.40494 0.17715 -0.14638 0.027005 0.22623 0.14982 0.0044969 -0.0051487 0.027727 0.031285 -0.018793 0.01765 0.02019 0.057068 0.2875 -0.10106 0.33298 0.35049 -0.14196 -0.10045 0.26267 0.29841 0.0020576 -0.0013719 0.01377 0.029116 -0.00096319 0.0025648 0.0022283 0.0055197 -3.5828e-05 -0.0084984 0.01587 0.021932 -0.012182 -0.045821 0.022822 0.08104 0.0012596 -0.0038358 0.0033194 0.010016
0.0027167 -0.0017668 0.0034982 0.0025875 0.052717 -0.078025 0.054965 0.078645 0.0048755 -0.004129 0.0060481 0.0056068 0 0 0 0 0.0058106 0.00052027 0.0070187 0.0055615 0.35458 0.12764 0.38253 0.20223 0.14899 0.030856 0.15234 0.081747 0.0010765 0.00019398 0.0010765 0.0007506 0.0058032 -0.0038735 0.010341 0.011102 0.51249 -0.087927 0.53541 0.15544 0.020057 0.0087351 0.025532 0.021057 -0.00045381 -0.00028929 0.00073779 0.00073565 0.00026345 -0.0012608 0.0011689 0.0019861 0.084414 -0.0083104 0.094604 0.01309 0.001724 -0.0010889 0.0020627 0.0012761 -0.00033302 0.00012745 0.0005497 0.00022181
0.0019732 -0.0027152 0.0020874 0.0038374 0.0042686 -0.014569 0.0077444 0.014635 0.0027501 -0.010412 0.0042485 0.010543 -4.7189e-05 -2.4092e-05 4.7189e-05 2.4092e-05 -0.025086 -0.037618 0.056944 0.058793 0.00051804 -0.053719 0.22608 0.29524 0.081198 -0.0037556 0.45693 0.50022 0.0071523 -0.0021101 0.0072048 0.0022641 0.043333 0.0035505 0.049243 0.01941 0.13058 -0.01702 0.22229 0.20689 0.043212 0.14549 0.38139 0.30575 0.0034438 0.0015143 0.0042455 0.0035831 0.0039992 0.00073689 0.0070485 0.0031051 0.027105 -0.015251 0.053234 0.037405 0.026341 -0.012768 0.026341 0.021874 0.00038389 -5.7989e-06 0.00040132 0.00025098
-0.00099593 -0.0026567 0.0035671 0.010047 0.023965 -0.028481 0.026338 0.051432 0.041093 -0.072821 0.043143 0.096229 0.00016216 -9.1291e-05 0.00016216 9.1291e-05 -0.0044103 0.0092163 0.023681 0.021186 0.082688 0.020608 0.21858 0.19136 0.23292 0.15706 0.48643 0.35608 0.0020259 -0.0010332 0.0020259 0.0014708 -0.0030919 -0.0116 0.025006 0.037435 0.054264 -0.02332 0.23835 0.1866 0.24163 -0.1531 0.39029 0.31555 0.021162 -0.0044003 0.021162 0.01099 -0.001882 0.00014659 0.0055043 0.0013246 0.0029212 -0.019817 0.035058 0.038739 0.032673 -0.010687 0.046816 0.055846 0.007005 -0.0045956 0.010792 0.0066398
-0.00043346 -0.00023867 0.0085206 0.00059333 0.042618 -0.0088435 0.042668 0.0088435 -0.021598 -0.008707 0.036464 0.012944 0.0061559 0.0011619 0.0061559 0.0011619 -0.017883 -0.001468 0.031126 0.002845 0.3614 -0.037421 0.3614 0.038368 -0.1204 -0.013375 0.37506 0.12991 0.0073576 0.0024012 0.0073576 0.0036904 -0.024748 0.0001215 0.030407 0.002596 0.38419 -0.026236 0.40428 0.034161 -0.073476 0.0072631 0.44318 0.17794 0.00062814 3.6368e-05 0.00062814 3.6368e-05 -0.0049889 0.000154 0.0057353 0.00019903 0.059338 -0.0026401 0.062791 0.0043144 -0.00040351 0.018101 0.0099624 0.018247 3.6223e-05 -9.7339e-06 3.6223e-05 3.6223e-05
-0.0019098 -0.00043304 0.0024921 0.0026454 -0.0020383 -0.0069504 0.020949 0.0172 0.046727 0.0024359 0.060005 0.020313 0.00016634 6.7628e-05 0.00016634 0.00010035 0.01778 0.001777 0.04051 0.0158 0.022309 0.13167 0.26333 0.25815 0.21841 -0.0035769 0.46157 0.35856 0.0029912 -0.0017359 0.0029912 0.0018802 0.006364 0.0043337 0.019437 0.0088565 0.016126 -0.16578 0.27885 0.31877 0.21901 -0.030264 0.36737 0.22541 0.010507 0.00014937 0.010748 0.004728 0.0027235 -0.0033887 0.0043553 0.0040954 -0.0062109 -0.0036929 0.016969 0.018201 0.033483 0.0059496 0.041142 0.038028 0.0051028 -0.0028732 0.0052313 0.0028882
0.00030838 0.00084437 0.0011895 0.0027909 0.00081416 -0.018396 0.012675 0.027994 0.064036 -0.0092652 0.065983 0.021311 0 0 0 0 0.0010268 -0.0033322 0.011886 0.016253 0.050683 -0.059058 0.20397 0.25092 0.36373 0.0026341 0.45186 0.18826 0 0 0 0 -0.0076892 0.0053697 0.023772 0.012864 0.021228 0.0037387 0.14787 0.21361 0.40165 -0.068099 0.41992 0.28864 0 0 0 0 0.00017395 -0.0017434 0.0033347 0.0021569 0.015893 0.01078 0.027115 0.023167 0.049865 0.050225 0.056395 0.050225 -1.8825e-05 -1.5177e-05 3.1525e-05 5.8001e-05
-0.0017032 -0.0011046 0.0017032 0.0011046 0.026713 0.00054462 0.08016 0.046919 -0.033292 0.0078555 0.036188 0.0085746 -0.0033322 0.0010413 0.004373 0.0011675 -0.0038517 0.0023097 0.0042913 0.0029527 0.18878 0.0022424 0.61848 0.24063 -0.045045 0.021265 0.071731 0.026081 -0.088126 0.039455 0.088817 0.039621 -0.0012636 -0.00010777 0.0013691 0.00099399 0.18422 -0.015473 0.62247 0.22666 0.012958 0.0011357 0.014655 0.0082255 -0.037103 0.027819 0.037118 0.027819 -7.9592e-05 8.7622e-05 0.00014621 8.7622e-05 0.010722 0.049221 0.040629 0.053791 0.0019512 0.0010682 0.0021517 0.0012071 -6.4128e-06 -8.2996e-07 8.8559e-06 8.8559e-06
0.00013457 0.0021272 0.0027807 0.00525 -0.022211 -0.013032 0.033044 0.057223 0.0033364 0.015447 0.016232 0.028188 -0.00044775 0.0018436 0.0022739 0.0030553 -0.015341 -0.01508 0.031193 0.050609 -0.09518 -0.094016 0.15099 0.19482 0.10821 -0.1104 0.24088 0.13846 -0.012088 0.0071151 0.023365 0.025671 -0.0057428 -0.0097578 0.021662 0.020928 -0.2645 0.048988 0.58692 0.41451 0.23087 0.0041224 0.23951 0.32135 -0.0065917 -0.0078116 0.0179 0.025567 0.00068246 0.0030175 0.0017182 0.0041614 -0.0011946 0.0060918 0.024171 0.027787 -0.0029357 0.027328 0.016154 0.035452 0.0005838 -0.00038609 0.0039078 0.006359
-0.00027018 -9.8143e-05 0.00028921 0.00014852 0.00091411 -0.0029435 0.001786 0.0029435 0.00048033 -0.00027314 0.00048033 0.00027314 0 0 0 0 -0.03549 -0.0072578 0.035576 0.01528 0.22056 -0.18326 0.4023 0.50543 0.019495 0.00072347 0.021815 0.0092932 0 0 0 0 -0.023472 0.0080034 0.023611 0.011491 0.23877 0.0408 0.55648 0.34253 0.011562 -0.00055407 0.011562 0.0070421 0 0 0 0 -0.004762 -0.0020393 0.0047814 0.0030532 0.035685 0.025306 0.070084 0.049975 0.0015183 -0.00018762 0.0016978 0.00097927 0 0 0 0
0.0012149 0.0017917 0.0028159 0.0027212 0.040857 0.015766 0.045676 0.02278 -0.044103 -0.030684 0.046819 0.054106 0.0033442 0.00019384 0.0053733 0.0018372 0.034525 -0.014643 0.046905 0.048287 0.12976 -0.11605 0.35601 0.39437 -0.061648 0.14555 0.28757 0.28182 -0.046102 0.048534 0.066061 0.058835 -0.015866 0.00658 0.023733 0.020523 0.17861 -0.093164 0.36681 0.23594 0.074898 -0.2347 0.17911 0.35565 0.0026487 -0.021005 0.081794 0.066207 -0.0019043 -0.00026503 0.0024108 0.0023777 0.0034297 0.0080015 0.031159 0.027317 0.012308 0.032936 0.038052 0.037114 0.01387 0.013128 0.014886 0.013132
-0.001169 -0.0014905 0.0017097 0.0097496 -0.0082563 -0.0066978 0.0097537 0.056089 0.0012012 0.0099392 0.01776 0.027016 -0.00077461 -0.0036956 0.0023568 0.0041084 0.014931 -0.031135 0.042786 0.087601 0.15542 0.038399 0.4344 0.34449 -0.010193 -0.015886 0.29951 0.2343 0.0073651 0.032527 0.048775 0.088043 -0.0091062 0.027831 0.021127 0.03363 0.072279 0.061047 0.38683 0.35281 0.038131 0.0095553 0.31563 0.16304 0.02108 -0.0039546 0.052002 0.066881 -0.0059657 0.017904 0.0075305 0.017904 -0.034409 0.060419 0.078168 0.072962 0.072929 0.13343 0.12659 0.13343 -0.00070551 0.017427 0.0041889 0.017427
-0.0028475 0.00074225 0.0040838 0.0014199 0.0080993 -0.025059 0.049455 0.052969 0.060957 -0.054489 0.077394 0.064655 0.00026306 -0.00026306 0.00026306 0.00026306 -0.0034024 0.0085246 0.037534 0.024578 0.020837 -0.13968 0.16691 0.25547 0.25306 -0.056515 0.41332 0.25447 0.025911 0.01467 0.061808 0.075424 0.010219 0.010126 0.026433 0.013471 -0.1263 0.13971 0.26886 0.24657 0.3946 0.048063 0.41817 0.2038 0.010624 0.0024216 0.010641 0.0042112 0.0017561 -0.001171 0.0041312 0.0014818 -0.0097254 0.00491 0.037032 0.008897 0.029684 -0.011335 0.035097 0.022291 0.0076532 -0.0032967 0.0076639 0.0047027
0.001378 0.0012759 0.0017728 0.0027911 -0.015424 -0.017827 0.018002 0.024848 0.026688 0.0013827 0.032427 0.010789 -0.0019503 -0.00083941 0.0023168 0.0020739 -0.04026 0.0057481 0.051427 0.058479 -0.040252 -0.18297 0.14196 0.26484 0.32597 -0.060863 0.37083 0.11865 -0.012544 0.014989 0.016669 0.030659 -0.13214 -0.0085586 0.15384 0.082096 0.14007 0.03669 0.26136 0.50765 0.26381 0.087474 0.27867 0.1775 0.00095036 -0.00046393 0.015358 0.014158 -0.0038912 0.0012521 0.0048505 0.010547 -0.0032607 0.050392 0.02243 0.065819 0.029055 -0.051897 0.042575 0.074651 0.0013471 -0.0066638 0.0019357 0.0073535
0.0059859 -0.0091848 0.0067606 0.0098262 0.024515 -0.050462 0.024887 0.050468 0.0038552 -0.035402 0.010419 0.035402 2.0116e-05 -7.6162e-05 0.00011899 9.4794e-05 0.0020704 0.003075 0.0098932 0.015298 0.22121 -0.14968 0.36349 0.26679 0.073287 0.03923 0.30745 0.34009 0.031854 0.0024011 0.031863 0.013605 -0.029749 -0.0096115 0.03449 0.014432 0.16564 -0.057517 0.33399 0.1451 0.28534 -0.201 0.33801 0.30025 0.0037776 0.0010299 0.0037776 0.0020806 0.0015986 0.0001331 0.0090458 0.0042962 0.010972 0.0041935 0.014913 0.01589 0.039784 0.0032392 0.044677 0.014227 0.001106 -0.00054559 0.0011172 0.000703
-0.00071828 -0.0001186 0.00079557 0.00019647 0.014483 -0.038596 0.067332 0.043715 -0.026699 0.0074316 0.046495 0.01543 -0.0014543 0.00017517 0.002414 0.00059567 -0.0058664 0.00083532 0.0060143 0.0017236 0.1885 0.12868 0.52072 0.4018 -0.098403 0.048195 0.12678 0.054608 -0.046385 0.015156 0.047227 0.015584 -0.0050317 -0.00042341 0.0050574 0.0014596 0.17775 -0.069712 0.58824 0.24565 0.0076011 0.0017504 0.026328 0.013861 -0.071657 0.028413 0.072585 0.028582 -0.0041321 -0.001098 0.0041864 0.0024769 0.026311 -0.03408 0.073012 0.068833 0.006202 -0.0031084 0.0099324 0.0042935 -0.0033774 0.0012949 0.0036166 0.001315
-0.00071859 0.00042089 0.0017924 0.0038229 -0.020262 -0.0022151 0.030487 0.060267 0.0012344 0.010741 0.01616 0.029399 -0.0009875 -0.00015101 0.0028745 0.0030818 -0.013637 -0.015702 0.029953 0.055537 -0.094397 -0.11551 0.1586 0.22714 0.10329 -0.063654 0.21017 0.127 -0.0051638 0.003319 0.031485 0.039299 -0.0043916 -0.0054324 0.019128 0.023295 -0.2109 0.017892 0.60454 0.41469 0.22585 -0.032779 0.24885 0.32671 -0.020008 -0.0011451 0.028818 0.02747 -0.00017007 0.00022372 0.0018922 0.0021153 0.00041242 0.025621 0.023304 0.029939 -0.0018734 0.041457 0.025549 0.047009 0.0012733 -0.00089971 0.0052129 0.0092452
-0.000218 0.0089644 0.0023859 0.015554 -0.015774 0.013632 0.019748 0.05575 0.022748 0.0054772 0.035617 0.050045 -0.0023056 0.0028871 0.010191 0.013611 -0.012295 0.015988 0.013575 0.075402 -0.14018 -0.0065571 0.16113 0.30541 0.20126 -0.026065 0.29242 0.21418 -0.0082943 0.016453 0.033705 0.045162 -0.016756 -0.015155 0.017958 0.077046 -0.19701 0.079183 0.21134 0.54898 0.15919 -0.0038342 0.38942 0.2806 0.0084303 -0.02062 0.017949 0.042372 -0.0080354 -0.0024262 0.011909 0.011469 0.030475 -0.0050915 0.042642 0.045769 -0.0025707 0.034814 0.048411 0.062769 0.0022237 0.014916 0.014639 0.020161
-6.3031e-05 -3.2553e-05 0.00013577 7.5325e-05 0.013151 0.0039338 0.072132 0.054367 -0.050039 0.013819 0.058141 0.016664 -0.004294 0.00042268 0.00838 0.0011586 -0.00087804 0.00016124 0.00087804 0.00016124 0.11668 0.025454 0.61569 0.20749 -0.26526 0.085644 0.27356 0.088358 -0.018281 0.0070408 0.033426 0.0098341 -0.00070418 -0.00039192 0.0015743 0.00109 0.126 -0.06926 0.49968 0.25161 -0.12046 0.037956 0.15221 0.048121 -0.04049 0.014878 0.044436 0.015701 -0.00011457 -2.8696e-05 0.00011457 3.7674e-05 0.019762 0.010435 0.0807 0.019088 0.00074631 0.00077709 0.0030197 0.0016479 -0.011214 0.0057492 0.011214 0.0057572
-0.00031833 -9.6592e-05 0.00042649 0.00013947 0.0056458 -0.052795 0.022125 0.052919 -0.046613 0.02108 0.047264 0.021871 -0.00099205 0.00010755 0.0029974 0.0012323 -0.0044923 -0.00093158 0.0045411 0.0010615 0.15553 -0.024256 0.49532 0.42889 -0.14985 0.062671 0.23611 0.089523 -0.019427 0.0081368 0.021814 0.0093311 -0.0022435 0.0013489 0.0022435 0.0018371 0.15134 0.016499 0.55258 0.29647 -0.0049478 0.020665 0.046679 0.031803 -0.074796 0.030301 0.074796 0.030301 -0.00056243 -0.00018995 0.00058855 0.00023897 0.015739 0.010664 0.069293 0.069469 0.0068035 -0.0029176 0.0080238 0.0039633 -0.005304 0.0024137 0.0055022 0.0024465
0.00094045 -0.00024926 0.0018292 0.00039264 0.068798 0.0096907 0.074509 0.011233 0.0015267 -0.0003909 0.0015267 0.00046981 -0.00015942 2.8414e-05 0.00019313 6.2308e-05 0.00030846 -0.0013723 0.0079379 0.0056819 0.46796 0.0051799 0.47927 0.052781 0.0039134 0.0018043 0.0039134 0.0046823 -0.00067929 0.00018584 0.00069002 0.000256 -0.015939 0.00050961 0.016097 0.0060501 0.50672 0.020642 0.50988 0.11809 0 0 0 0 -0.0004018 3.9613e-05 0.0004018 0.0001607 -3.5309e-05 0.015206 0.0018767 0.015206 0.023479 0.047956 0.023479 0.048021 0 0 0 0 -1.8163e-05 7.9188e-06 1.8163e-05 8.4371e-06
0.0064246 -0.001471 0.008273 0.0043707 -0.0081828 0.090541 0.044298 0.097655 0.078089 0.032178 0.078089 0.032432 -4.1198e-05 0.00010969 0.00011461 0.0001881 -0.022855 0.03404 0.039064 0.068448 0.26189 0.028731 0.33344 0.34274 0.11112 0.053041 0.11218 0.061938 0.00058897 7.6778e-05 0.00062816 0.00041837 -0.023256 -0.0092015 0.04389 0.052091 0.39256 -0.050855 0.63006 0.25051 0.0090064 0.0055655 0.013803 0.012113 0 0 0 0 -0.0042206 0.016163 0.004293 0.016179 0.024546 0.046753 0.0246 0.046878 0.00013816 0.00013816 0.00013816 0.00013816 0 0 0 0
-0.0035859 0.0031798 0.0061078 0.0051759 0.011503 -0.018565 0.020737 0.024526 0.0026869 0.0026396 0.0095749 0.019487 0.008425 0.0061287 0.0087814 0.0067296 -0.0137 -0.00542 0.024381 0.013919 0.025149 0.019086 0.14016 0.13091 0.37981 0.12247 0.42205 0.26517 0.025802 0.029324 0.028805 0.029645 -0.0056289 0.0068969 0.0088444 0.015375 0.030699 0.013205 0.092422 0.1968 0.46097 0.0027228 0.51266 0.13406 0.0032611 -0.00088547 0.0044556 0.0017127 0.00024669 1.5603e-05 0.0015383 0.0013726 0.0066326 0.0047823 0.009918 0.0077477 0.044348 -0.016532 0.054361 0.020793 0.0012598 -7.9031e-05 0.001642 0.00069138
0.00056813 -0.00015213 0.00090044 0.00037355 0.057066 -0.016982 0.059104 0.019183 0.0011546 0.0010358 0.0027804 0.0016832 -5.7706e-05 3.6956e-05 0.00022991 0.00022991 -0.0026494 -0.004343 0.014015 0.011513 0.46049 0.041948 0.48355 0.1531 0.011236 0.0068899 0.012282 0.010085 -0.0018191 0.00033377 0.0021834 0.00098848 -0.011073 -0.0096888 0.014809 0.013171 0.49987 -0.039962 0.50263 0.056925 0.011107 -0.0045537 0.014143 0.0081033 -7.7018e-05 0.00029491 0.0020545 0.0012701 -0.0013867 0.00098388 0.0015016 0.00099868 0.077207 -0.0075699 0.078534 0.011286 0.0017591 0.00022469 0.0031347 0.0036569 -5.6519e-05 2.8665e-05 7.3724e-05 3.4594e-05
-0.00018501 -0.00015536 0.0015761 0.00058456 0.071325 0.0099923 0.077805 0.01022 -0.00041671 0.00030361 0.0012165 0.00054093 0.00021009 -3.2367e-05 0.00021009 0.00010701 -0.001428 -0.00015838 0.012632 0.0079709 0.46728 0.0076503 0.48219 0.033825 0.00011622 0.00049579 0.0028191 0.0018412 -0.0012594 0.00025666 0.0017731 0.00081994 -0.022983 0.0046403 0.027286 0.011501 0.49963 0.034352 0.50927 0.14603 0 0 0 0 -0.0017593 0.00039064 0.0020199 0.00054319 -0.00024573 0.018153 0.0021203 0.018154 0.014237 0.034332 0.014265 0.034332 0 0 0 0 -0.00013408 1.7046e-05 0.00015079 2.647e-05
-0.012648 -0.0061634 0.028919 0.011285 0.026431 0.036426 0.086993 0.057314 -0.014546 0.0090455 0.038054 0.032405 0.0042478 0.0021481 0.0063176 0.0069877 -0.077634 -0.045534 0.088667 0.046975 0.15172 -0.18417 0.36801 0.21128 0.13365 -0.21875 0.30461 0.35061 0.013625 -0.050571 0.023818 0.062616 -0.022745 0.0029578 0.095865 0.014358 -0.0079895 0.12037 0.37331 0.12652 0.11223 0.0092489 0.46877 0.088802 -0.013715 -0.00041647 0.029813 0.034274 -0.0028514 0.0024582 0.022398 0.0029745 0.0098807 0.026815 0.081327 0.026815 0.0013201 0.0093531 0.08803 0.012652 0.0015997 0.0071949 0.0055883 0.0071949
-0.00016011 -7.1793e-05 0.00016011 9.6219e-05 0.019606 -0.00026913 0.088885 0.016421 -0.072965 0.025323 0.072965 0.025472 0.0025891 -9.5602e-05 0.0093857 0.0018665 -0.0010788 0.00032762 0.0012751 0.001267 0.15914 -0.0026733 0.60305 0.10097 -0.27911 0.12553 0.28518 0.12715 -0.02989 0.010875 0.067023 0.020318 -0.0013143 0.00014664 0.0013143 0.00049108 0.14872 0.058973 0.56374 0.13956 -0.033263 0.028033 0.042238 0.030524 -0.045763 0.071279 0.0571 0.071849 0 0 0 0 0.00039839 0.0048073 0.0029565 0.0048073 0.00033305 7.4511e-05 0.00033305 7.4511e-05 0 0 0 0
-0.00043842 0.00034152 0.0015196 0.0012671 0.0055062 -0.0022944 0.010784 0.0091291 0.053801 -0.0010964 0.054226 0.017684 0.00027104 6.3453e-05 0.00034571 0.00033049 -0.0071709 0.0048528 0.022307 0.010462 -0.0076219 -0.023376 0.05649 0.08273 0.43862 -0.0035821 0.49909 0.081919 -0.00046403 0.00081068 0.0011658 0.0011396 -0.0059769 -0.0032663 0.03125 0.014558 -0.04773 0.024787 0.080918 0.04913 0.47997 0.018657 0.52947 0.034132 -0.00051718 0.00014123 0.00059212 0.00028848 -0.0025532 0.0020296 0.0041555 0.0027384 0.0023319 -0.0034716 0.012213 0.0065178 0.062341 -0.0026835 0.067966 0.0047713 -2.3547e-05 2.8814e-06 2.3547e-05 2.8814e-06
0.00063256 -0.002384 0.0055976 0.00539 -0.030556 0.0060545 0.050272 0.039028 0.10676 -0.070154 0.10931 0.070154 0.00051784 -0.00031382 0.00051784 0.00031382 -0.0057274 -0.016689 0.030822 0.024362 0.062486 0.13919 0.20455 0.23152 0.09618 0.036996 0.45755 0.24805 0.16959 -0.019796 0.16959 0.020262 0.020532 0.024681 0.039193 0.055606 -0.030153 -0.024954 0.1845 0.15596 0.045533 -0.0034806 0.58649 0.10109 0.1652 0.018702 0.1652 0.019094 0.0017229 -0.00023576 0.0051453 0.0028738 -0.0024699 -0.0058642 0.038871 0.0080541 0.054933 0.020275 0.13233 0.039833 0.0015351 0.00095066 0.0015351 0.00095066
-0.0092765 -0.0091314 0.0092825 0.0091806 -0.0015659 -0.088639 0.09524 0.10746 -0.010149 -0.028167 0.037615 0.059687 0.0024461 -0.0012126 0.010628 0.012751 -0.072321 -0.042957 0.082276 0.065038 -0.037057 -0.013317 0.23699 0.10807 0.33762 -0.19057 0.51882 0.45028 -0.0754 -0.028989 0.080157 0.04281 -0.051444 0.055301 0.070807 0.079565 -0.080511 0.14255 0.15131 0.32494 0.010402 0.042203 0.1632 0.14922 0.0049898 0.014909 0.019682 0.041194 -0.0044643 0.0058615 0.004497 0.0058656 -0.052703 0.032796 0.070686 0.06327 -0.0010601 0.014668 0.014102 0.041128 0.00050909 0.001061 0.00097645 0.0048619
-0.00076501 -4.9905e-05 0.0025367 0.0011238 0.053771 0.0052661 0.067907 0.0088413 0.019113 0.0041625 0.020465 0.0049687 0.00015218 -6.4266e-05 0.00018016 0.00017179 -0.012415 0.0061739 0.02444 0.012783 0.47189 0.014851 0.49417 0.042824 0.02901 0.0044568 0.03348 0.0080967 -0.00040244 0.00020367 0.0013143 0.00054773 -0.0070075 0.0033229 0.033524 0.015847 0.43698 0.057591 0.53693 0.15261 0.04152 -0.001058 0.04152 0.017822 -0.0017371 0.00035466 0.0020197 0.00075764 0.0037993 0.013719 0.0039658 0.013719 0.012998 0.062122 0.016219 0.062122 0 0 0 0 -0.00013443 3.6115e-05 0.00014986 4.6759e-05
0.0022745 0.00048476 0.0024886 0.00083279 -0.0067971 0.010791 0.037319 0.012579 0.038329 0.016467 0.057951 0.025957 0.010395 -0.002064 0.010395 0.002106 -0.0016979 0.0040021 0.0093519 0.014719 -0.14772 -0.013996 0.23008 0.069385 0.33107 -0.062617 0.52084 0.13892 0.077745 0.0084363 0.077783 0.0087514 0.012863 -0.0016685 0.014039 0.0085865 -0.076272 -0.028721 0.33334 0.10227 0.4048 0.089226 0.4048 0.11059 0.014059 0.0054124 0.014059 0.0061139 -0.0017664 -0.0009696 0.0049193 0.001898 0.0067475 0.0027285 0.036616 0.01624 0.081829 0.043104 0.081829 0.043366 0.00013999 0.00017989 0.00020412 0.00017989
-0.0019794 0.0016473 0.004079 0.002036 0.0047333 0.00050986 0.010037 0.0058111 0.056411 0.0018189 0.059146 0.036667 0.0001852 -1.675e-05 0.0001852 0.00021588 0.0021768 -0.0075568 0.023299 0.015978 -0.048744 0.015338 0.095315 0.071293 0.46398 -0.024493 0.47213 0.084696 -0.0011362 0.00088564 0.001732 0.0015125 0.0080137 0.00025684 0.028231 0.014003 -0.041706 -0.0015396 0.1075 0.072374 0.46877 0.025513 0.52404 0.035896 -0.0014114 1.1851e-05 0.0020019 0.0011447 0.00070862 0.00052277 0.0068186 0.0046016 -0.014883 0.01226 0.034272 0.021655 0.06836 -0.0076742 0.072015 0.01675 -9.6128e-05 2.6933e-05 9.6128e-05 3.5279e-05
-0.0058685 -0.00062654 0.0073229 0.002771 0.0061975 -0.0044498 0.01118 0.015994 -0.0065726 0.0023871 0.02573 0.0059496 0.002743 -8.3483e-05 0.011748 0.001937 -0.012935 -0.0091472 0.016592 0.02372 -0.053242 -0.071859 0.28025 0.19229 0.056795 -0.020129 0.16148 0.057652 0.065205 0.011937 0.10456 0.016363 -0.012971 -0.018934 0.022339 0.025315 0.023345 0.053277 0.77402 0.36897 0.043745 0.0294 0.21117 0.081228 0.066537 0.0026526 0.1384 0.013372 -0.00053983 0.0053639 0.0036533 0.0074843 0.015118 -0.011383 0.036064 0.052907 0.022297 -0.0046517 0.044675 0.012124 -0.0047412 -0.0013731 0.0076335 0.0017769
-0.0018128 -0.010994 0.0049797 0.013813 -0.023817 -0.056506 0.058196 0.072686 0.0075651 -0.010571 0.013651 0.019341 4.0566e-05 -0.0017717 0.0060469 0.0030352 -0.0044535 -0.00048604 0.064514 0.071037 -0.070182 -0.030514 0.1918 0.32389 0.23913 -0.012692 0.49484 0.19992 0.031703 0.010273 0.073424 0.020225 -0.022491 0.028991 0.04937 0.08407 0.013584 0.013783 0.11478 0.35117 0.19981 -0.012877 0.31193 0.15429 0.061659 0.054566 0.14179 0.058914 -0.0077399 0.02247 0.0084411 0.022471 -0.074393 0.21433 0.074393 0.21436 0.043493 0.12038 0.058642 0.1285 0.015679 0.013813 0.015779 0.013815
-0.0021585 0.0028028 0.0074046 0.0048893 0.024117 0.033038 0.024117 0.050787 0.0026783 0.017973 0.017102 0.037713 -0.002004 0.0012547 0.0030979 0.0025119 0.0091461 0.024213 0.019944 0.026011 -0.023266 -0.016168 0.1448 0.15809 -0.07581 -0.090757 0.10954 0.14297 0.011365 -0.0017394 0.029962 0.023126 -0.011172 -0.017445 0.034165 0.034091 -0.17035 -0.14887 0.21663 0.18006 0.28203 0.24124 0.63284 0.44542 -0.021942 0.016612 0.031718 0.027788 0.00083009 0.0010732 0.0070205 0.0052973 0.021677 0.060658 0.04947 0.083946 0.025664 0.010183 0.044036 0.086529 0.00013899 0.0063007 0.0039547 0.010116
0.00059492 -0.00084985 0.0010814 0.0010361 -0.0035964 -0.00064084 0.011231 0.0084225 0.049949 0.0074193 0.054144 0.026586 0.00088461 0.00067737 0.00089386 0.00082032 -0.0042226 0.0030403 0.0071273 0.0096176 -0.025888 -0.051617 0.091573 0.11305 0.4568 -0.0016188 0.50907 0.059708 0.0022936 -0.00060446 0.0025418 0.0036731 -0.0035653 0.00095333 0.0095646 0.0048699 -0.054958 0.029722 0.076552 0.04289 0.46237 -0.021743 0.50665 0.079096 0.0025876 0.00012631 0.0026502 0.0034815 0.00014684 5.1349e-05 0.0018902 0.0011481 -0.0071015 0.0050478 0.010989 0.0060604 0.061184 0.0060077 0.066451 0.010586 4.1876e-05 -3.624e-05 4.1876e-05 3.624e-05
