5.9205e-05 -0.00016676 5.9205e-05 0.00016676 -1.3527e-05 -0.0011198 0.00046209 0.0011198 0.00012979 -0.00041434 0.00012979 0.00041434 -5.1318e-05 -4.4225e-05 6.7767e-05 5.466e-05 -0.0024206 -0.016125 0.013115 0.051502 -0.02837 -0.34465 0.083207 0.4378 0.17646 -0.2367 0.17924 0.24098 0.00078414 -0.0076427 0.0010762 0.0076571 -0.0052529 -0.011766 0.0055066 0.025781 -0.21452 -0.019744 0.26389 0.16883 0.40697 0.068611 0.40742 0.12223 -0.00061792 -0.008463 0.00075685 0.008463 -0.0017529 0.0020197 0.0017529 0.0020827 0.0077779 0.0086806 0.054805 0.015106 0.021115 -0.0056636 0.021534 0.0098929 -5.867e-05 -0.0015058 0.00018179 0.0015058
-0.0019479 0.0006576 0.0024287 0.0011478 0.026585 -0.0095247 0.032665 0.013586 -0.0088494 0.0034375 0.030507 0.011098 0.00017069 0.00027696 0.00057575 0.00032308 0.0016742 -0.00016491 0.0052079 0.0041174 0.033773 -0.20381 0.33628 0.29153 0.19996 -0.21915 0.31733 0.23956 -0.028862 0.014703 0.029509 0.014703 0.0038056 -0.00047808 0.0055217 0.0034496 -0.15111 0.11278 0.21062 0.16162 0.37169 0.1359 0.41693 0.25485 -0.0024358 0.0035186 0.024384 0.011285 0.00066941 -1.592e-05 0.0012241 0.00085426 -0.0043123 0.0017024 0.0091198 0.0044248 0.026944 -0.014264 0.06283 0.02284 -0.00016797 1.4496e-05 0.0029817 0.00087919
-0.0042652 -0.0020898 0.005382 0.0062627 0.023076 -0.013949 0.041186 0.032628 0.0043155 0.021615 0.025669 0.027398 -0.0017542 0.0038551 0.0035311 0.0039913 -0.058302 0.013718 0.060576 0.023527 -0.12445 0.047306 0.3524 0.24723 0.3872 -0.093693 0.39502 0.10839 -0.0046612 0.013291 0.0082105 0.013291 -0.049343 -0.023941 0.076792 0.050163 0.06163 0.23227 0.19078 0.46543 0.18877 0.17617 0.18877 0.17907 0 0 0 0 0.0049608 0.0052877 0.00657 0.0064593 0.00047947 0.0019678 0.00062994 0.0019678 0 0 0 0 0 0 0 0
-0.002103 -0.0035458 0.00561 0.0043125 0.036627 -0.0053431 0.03748 0.0075311 0 0 0 0 0 0 0 0 0.017962 0.0030913 0.038813 0.030249 0.0053265 -0.15952 0.40078 0.33308 0.16497 -0.22002 0.17237 0.24872 -5.1273e-05 -0.00016499 0.00016499 0.00016499 0.0018616 0.026786 0.026049 0.047059 -0.13905 0.26176 0.35477 0.31913 0.21502 0.12227 0.3137 0.21526 -0.0011656 -0.0053153 0.0052487 0.0066629 0.0054137 -0.0084413 0.0098021 0.013009 0.004232 -0.020881 0.011501 0.021617 -0.026541 -0.021646 0.036366 0.028814 0.0035274 -0.007049 0.006692 0.0072097
0.0014797 0.00038222 0.0014797 0.00038222 0.025676 -0.028047 0.043414 0.031324 0.010944 -0.0093617 0.010985 0.0095648 0 0 0 0 0.008336 0.0033885 0.008336 0.0033885 -0.17739 -0.040357 0.38423 0.093774 0.41036 -0.075476 0.41036 0.091582 0.0007344 -0.00050903 0.0007344 0.00050903 0.0077594 0.0024172 0.0077594 0.0024172 -0.13414 0.11587 0.34189 0.1209 0.35885 0.11535 0.36455 0.12369 0.0010666 0.00041598 0.0010666 0.00041598 0.00096652 0.00041612 0.00096652 0.00041612 0.023532 -0.0039968 0.026197 0.0047571 0.0042624 -0.0010492 0.0067136 0.0034799 0.00013845 -0.00029488 0.00013845 0.00029488
-0.005118 -0.0013515 0.0051351 0.001643 0.022745 -0.0088527 0.05043 0.020162 0.012094 -0.0074783 0.044001 0.009772 -0.0047218 0.00080375 0.0048219 0.00084523 -0.046417 0.0067837 0.048035 0.0071411 -0.047603 0.0056848 0.32872 0.071665 0.35197 -0.076788 0.4086 0.10321 -0.083742 0.009965 0.085467 0.011596 -0.039362 0.0078959 0.042304 0.0086207 -0.11861 0.03151 0.43801 0.074744 0.39189 0.060397 0.3934 0.079745 -0.076428 0.017619 0.080634 0.017999 -0.0052223 0.00091533 0.0060944 0.0010873 0.005975 0.014141 0.039395 0.020555 0.033243 0.012066 0.033448 0.012219 -0.0042956 0.0015069 0.0043134 0.0020468
-0.0023108 0.0044744 0.0023346 0.0046843 -0.0033366 0.043668 0.012511 0.050509 -0.00064586 0.0099862 0.005483 0.034401 -0.0003 0.00099734 0.00039903 0.0014378 0 0 0 0 -0.1433 -0.18727 0.14485 0.19298 0.11419 -0.088572 0.22189 0.20251 -0.0048661 0.013613 0.0050886 0.020409 0.019028 -0.067966 0.020865 0.067966 -0.29651 -0.041051 0.4964 0.2426 0.41171 0.032504 0.41171 0.065386 -1.1867e-05 -1.1867e-05 1.1867e-05 1.1867e-05 0.00025769 -0.00026775 0.0016907 0.0012225 0.0014266 -0.0068204 0.10993 0.028737 0.055212 0.0063208 0.055212 0.0063208 -0.00010417 -2.8496e-05 0.00010417 4.2131e-05
0.0080854 0.00067837 0.010598 0.0017806 -0.010838 0.00069614 0.045724 0.017932 0.054192 -0.012944 0.054671 0.013853 -0.0076246 0.0029675 0.0077729 0.0030128 0.015477 -0.005461 0.056049 0.013861 -0.12668 0.038913 0.40469 0.14159 0.38493 -0.0020589 0.38493 0.16272 -0.017412 0.0080391 0.017646 0.008109 -0.031708 0.014985 0.037119 0.015051 -0.024535 0.056528 0.42186 0.20122 0.33368 0.04681 0.33382 0.088522 -0.0031689 0.00016048 0.0034977 0.0015452 -0.0042308 0.0023492 0.0044843 0.0024701 0.020975 -0.00455 0.040083 0.02691 0.023165 0.0087669 0.023364 0.020031 0.0001283 6.673e-05 0.00015623 0.00019017
-1.726e-05 -0.00025609 0.00012712 0.00033088 -0.022667 -0.019483 0.02741 0.032036 0.009726 0.0019873 0.020779 0.021129 -0.0038712 -0.0020843 0.004025 0.0062246 -0.0054471 -0.00328 0.0058102 0.0049116 -0.16072 -0.16247 0.23664 0.25584 0.1722 0.0055872 0.35451 0.33489 0.00080629 0.01008 0.0083558 0.018987 -0.011233 -0.026613 0.018781 0.035003 -0.044269 0.13579 0.43656 0.36822 0.19453 0.10227 0.22295 0.3171 0.0034749 0.0047577 0.0034749 0.0048097 -0.0020247 0.00076668 0.0066288 0.0021771 0.036376 -0.0090416 0.070198 0.020855 0.0022646 -0.0003503 0.0030042 0.00059278 8.073e-05 0.00012576 8.073e-05 0.00013268
0 0 0 0 -0.00012413 -0.00036234 0.00012413 0.00037852 -0.0092892 -0.017692 0.012109 0.020499 0.0028203 0.00029245 0.0035533 0.0025793 0.022067 -0.053017 0.022575 0.053017 0.066776 -0.19911 0.17834 0.29553 -0.12315 0.0072768 0.37708 0.16257 0.022368 0.0018213 0.022368 0.0055776 0.0030732 -0.0067622 0.0038131 0.0071228 0.1534 -0.045398 0.58147 0.18473 0.065742 -0.12551 0.41513 0.19739 0.011821 0.0029884 0.011821 0.0029884 0.00073354 0.00035746 0.0010164 0.00068121 -0.010547 0.01005 0.09319 0.025326 0.03972 0.012069 0.05651 0.014035 3.2083e-05 3.2083e-05 3.2083e-05 3.2083e-05
0.00024041 -0.00010387 0.00026262 0.00080181 0.022434 0.0109 0.037847 0.015461 -0.0057552 -0.012856 0.012385 0.058159 3.631e-05 0.0013514 0.00019667 0.0055932 0.0023531 0.0055939 0.0023531 0.0055939 0.34731 0.07303 0.48862 0.076058 -0.09381 0.31006 0.13439 0.31006 0.0017152 0.037905 0.0033522 0.037905 0.0006259 0.0095015 0.0012931 0.0095015 0.32831 -0.040607 0.49323 0.10524 0.023799 -0.10434 0.023799 0.14095 0.0020398 -0.0095335 0.0024607 0.01521 0.00046271 0.0019128 0.00046271 0.0019128 0.03348 0.014348 0.058731 0.01455 0.0051953 0.0072192 0.0051953 0.0075788 0.00029716 0.00088371 0.00031139 0.00093596
-0.0058359 0.004798 0.0075387 0.0069135 0.029661 0.04901 0.069978 0.11151 0.027167 -0.026803 0.027167 0.026803 0 0 0 0 -0.0026143 0.015451 0.011378 0.021452 -0.17412 -0.040088 0.43027 0.39795 0.24268 -0.085092 0.38141 0.24159 0 0 0 0 0 0 0 0 -0.15523 0.16191 0.25578 0.16467 0.13422 0.066878 0.34068 0.21092 0.00074781 -0.0020228 0.0017867 0.0020228 0.00013343 -0.00038622 0.00013343 0.00038622 -0.0054574 0.0044004 0.0056744 0.0055497 -0.017125 0.025792 0.04493 0.030934 -0.0018986 -0.0064708 0.0026922 0.0096679
-0.0016489 0.00090484 0.0026008 0.0010845 -0.0078555 -2.5344e-05 0.032318 0.013634 0.022573 -0.0019322 0.022573 0.0058396 0 0 0 0 -0.043269 -0.037011 0.044168 0.037851 0.0025808 -0.25507 0.40566 0.30337 0.25801 -0.11033 0.30319 0.15683 0 0 0 0 -0.046422 0.022231 0.060079 0.060259 0.016427 0.16906 0.26507 0.26852 0.26736 -0.001775 0.3935 0.21067 0.001435 -0.0012888 0.001435 0.0014269 0.0033209 -0.0044517 0.014971 0.0079541 0.026949 0.020937 0.059862 0.038493 -0.029842 0.0063955 0.10139 0.067125 0.0018241 1.0804e-05 0.0018407 0.00076404
0.0025995 -0.0010166 0.0025995 0.0011687 0.0065971 -0.0055433 0.0065971 0.0056312 0.0069976 -0.0038507 0.0069976 0.0038507 0.0017168 -0.00072405 0.002076 0.00077021 0.025282 -0.0080483 0.025496 0.0097881 -0.19309 -0.24778 0.25409 0.25775 0.28739 -0.27363 0.28739 0.27363 0.0095981 -0.004865 0.010523 0.005486 0.021998 -0.0040056 0.023089 0.011018 -0.18227 0.18976 0.2493 0.2265 0.28721 0.21243 0.28721 0.24028 0.0069815 -0.0054624 0.0070237 0.0055588 0.0057108 -0.0073424 0.0057552 0.0075288 0.015439 -0.018609 0.015439 0.019672 0.0070744 -0.0049933 0.0070744 0.0053612 0.00091643 -0.00086585 0.00091643 0.00090451
-0.00091906 0.0070354 0.0013635 0.0082308 0.0031581 -0.00049748 0.0074802 0.02514 0.008408 -0.027917 0.0091722 0.028546 0.0018137 -0.0073361 0.0018137 0.0073361 -0.0077267 -0.018202 0.008284 0.026195 -0.141 -0.22048 0.20046 0.24474 0.31982 -0.14037 0.37477 0.285 0.024635 0.0096639 0.024635 0.014695 -0.012869 0.0011501 0.013216 0.0029913 -0.1229 0.19575 0.22648 0.20445 0.31353 0.17209 0.40993 0.18912 0.027939 0.0009095 0.027939 0.0031783 -0.00065585 0.00049663 0.00080582 0.00061279 0.0092837 0.0001671 0.0094251 0.0020613 0.018853 5.9163e-05 0.040965 0.004076 0.00295 -0.00038785 0.00295 0.00071964
-3.5792e-05 -3.5792e-05 3.5792e-05 3.5792e-05 -0.0017595 -0.0037163 0.0017595 0.0037163 -0.011751 -0.040991 0.027428 0.061342 -4.7393e-05 -0.0049744 0.0031288 0.0049744 -0.074506 -0.014232 0.076961 0.019979 0.17217 -0.081081 0.47069 0.37188 0.0034709 0.15662 0.23681 0.27638 -0.018089 0.0046005 0.035677 0.0281 -0.047069 -0.015113 0.071152 0.030216 0.27402 0.0047847 0.38322 0.2177 -0.040404 -0.048571 0.20288 0.31461 0.016187 0.022059 0.02064 0.024613 0.00078162 0.0060536 0.0050873 0.0071576 0.014146 0.026418 0.016485 0.030376 0.0029556 1.8379e-06 0.0079605 0.0070115 0 0 0 0
-0.001591 -0.00030075 0.0052223 0.0039943 0.036503 -0.030443 0.04595 0.031525 0.023734 -0.0047983 0.023734 0.0049427 0 0 0 0 -0.009873 0.026763 0.036371 0.053968 0.24484 0.15758 0.52557 0.35174 0.057392 0.027781 0.060193 0.032662 0 0 0 0 -0.020678 0.018343 0.021144 0.018774 0.19983 -0.073808 0.60819 0.25445 0.033345 -0.0053588 0.036146 0.018544 0 0 0 0 0.00072658 -0.0021977 0.0015891 0.002275 -0.024451 0.013735 0.075935 0.026548 0.039426 -0.0076731 0.039479 0.0084633 6.8047e-06 -2.662e-06 6.8047e-06 6.8047e-06
-1.7206e-06 7.691e-06 1.7206e-06 7.691e-06 -0.049282 -0.033737 0.052258 0.046695 0.018859 -0.0065828 0.057919 0.047849 0.0053874 -0.0024769 0.0059521 0.0043511 -0.074761 -0.016899 0.074846 0.019453 -0.11227 0.006536 0.40671 0.19742 0.07096 0.086614 0.21588 0.20062 0.042417 -0.011827 0.049486 0.05179 -0.089488 0.015833 0.089601 0.016042 0.084729 0.038207 0.5613 0.27254 -0.013286 0.1561 0.37663 0.19451 0.037276 0.00010725 0.074725 0.066866 -0.00052867 1.2025e-05 0.00052867 0.00022975 0.028051 -0.029787 0.11918 0.057228 -0.0041832 -0.010523 0.017263 0.015104 0.0020807 -0.00038389 0.0048356 0.001633
-0.0097274 0.0011789 0.01058 0.0016768 0.0056459 0.028302 0.10464 0.034653 0.063502 0.023478 0.064182 0.024135 -0.015525 0.0031698 0.015863 0.0034022 -0.04484 0.0059181 0.050901 0.010818 0.33365 0.047352 0.54315 0.20403 0.046099 0.029087 0.050809 0.035168 -0.022641 0.023288 0.023096 0.031913 -0.043113 0.006739 0.046919 0.0084141 0.28198 -0.10621 0.5337 0.22798 0.033077 -0.1776 0.035186 0.20419 0.0078839 -0.018745 0.0080591 0.021237 -0.0058339 0.00021227 0.0058339 0.00032121 0.017127 -0.0053986 0.054968 0.012039 0.011054 -0.0094092 0.011054 0.021039 0.0030525 0.003393 0.0030611 0.0040669
-0.0015124 1.6545e-05 0.0028351 0.00088916 0.064148 0.016238 0.064148 0.016376 0.0023805 0.011281 0.0056207 0.011281 -0.0048889 0.0022244 0.0055723 0.002429 -0.00088033 0.0012197 0.017795 0.004024 0.47064 0.021378 0.4729 0.12666 0.0015947 0.093212 0.039248 0.19914 -0.0021385 0.012887 0.0046461 0.027674 -0.012278 -0.0010751 0.020678 0.0033396 0.41521 -0.02849 0.42831 0.14734 0.041722 -0.20352 0.047001 0.22098 0.0033258 -0.019176 0.0074081 0.030617 -0.0025766 0.00014248 0.0029011 0.00039515 0.040707 0.0059667 0.040707 0.01004 0.0030487 -0.0023966 0.0030487 0.0046094 0.00040277 0.00016686 0.00043463 0.001187
0.0002006 -0.00050261 0.0074726 0.0015692 0.023447 -0.020416 0.071346 0.027966 0.011847 -0.0070802 0.048966 0.021321 -0.0059865 0.0024035 0.0065283 0.0027962 -0.034982 0.016014 0.045353 0.016176 -0.045902 0.054547 0.4521 0.11671 0.38191 -0.055555 0.39031 0.092859 -0.075294 0.030677 0.07856 0.030956 -0.049653 0.014488 0.052496 0.015609 -0.016965 0.03507 0.38961 0.16347 0.34401 0.071492 0.34401 0.077763 -0.019742 0.011941 0.020545 0.016895 -0.0018021 0.00091651 0.0028581 0.0014145 0.0035406 -0.00062933 0.040182 0.029651 0.031236 -0.0014593 0.031444 0.011691 -8.1586e-05 -0.00050037 0.00014672 0.00065716
-0.00026507 2.1054e-05 0.00030608 0.00021354 -0.033129 0.00091407 0.076822 0.025448 0.019887 0.0001673 0.028724 0.008025 0.005602 -8.0026e-05 0.0056023 0.00052168 -0.055209 -0.035033 0.055366 0.035186 -0.16192 -0.13609 0.44764 0.17019 0.27355 -0.046272 0.32549 0.057209 0.039528 -0.00022278 0.039528 0.0037227 -0.087221 -0.020727 0.087256 0.028432 -0.072967 0.019032 0.44403 0.090435 0.33724 0.029631 0.39842 0.048414 0.038647 -0.0013293 0.038689 0.0023572 -0.0096742 0.0022571 0.0096742 0.0028321 0.0082284 -0.010443 0.094241 0.019925 0.0346 0.00092322 0.043589 0.0050822 0.0053425 -0.00030344 0.0053428 0.00038026
0 0 0 0 -0.0053543 -0.0049504 0.0053543 0.0049504 -0.0043838 -0.044625 0.029753 0.044625 0.00024947 -0.0054766 0.0014939 0.0059352 -0.023558 -0.024087 0.023558 0.024087 0.080823 -0.095758 0.46891 0.38049 -0.13146 0.095806 0.28567 0.26212 0.030227 0.026326 0.030421 0.0443 -0.064693 -0.0051573 0.075932 0.036479 0.25963 -0.089171 0.4176 0.2081 0.021404 0.03293 0.26593 0.22313 0.00086728 0.00089381 0.00086728 0.00089381 0.0017582 0.0025407 0.0042464 0.007963 0.023107 0.035817 0.025387 0.038023 0.0062093 0.002481 0.016854 0.017481 2.5072e-05 -9.1316e-06 2.5072e-05 1.3984e-05
0.0036187 -0.0034942 0.0040457 0.0040745 0.019527 -0.042311 0.019527 0.042311 0.0034244 -0.0033484 0.0034244 0.0033484 0 0 0 0 -0.0571 0.022316 0.069761 0.037108 0.32431 0.0033605 0.33405 0.16597 -0.019939 -0.10462 0.14511 0.14868 0.00034233 -0.075752 0.041839 0.075752 -0.047813 0.0077149 0.089853 0.03034 0.21645 -0.083244 0.34118 0.19196 -0.29289 -0.2872 0.35432 0.37203 0.029414 0.027473 0.070794 0.062405 -0.00089631 0.00080643 0.0011919 0.00084808 -0.022869 0.041369 0.049429 0.046691 -0.011339 0.021175 0.040422 0.054715 0.0094939 0.0076595 0.0095213 0.0086694
-0.0023244 -0.00032312 0.0026692 0.013278 0.0037954 -0.046952 0.037639 0.069354 -0.0059749 -0.010023 0.078434 0.029833 0.0004439 0.00046941 0.001462 0.0025112 -0.086379 0.0055265 0.087497 0.038533 0.038582 -0.027384 0.19423 0.28864 0.25377 -0.0088287 0.33033 0.15976 -0.016614 0.033249 0.01848 0.03362 -0.057835 -0.013517 0.058737 0.02813 -0.15538 0.092053 0.42085 0.32206 0.38134 0.0084941 0.386 0.089852 0.0016434 0.000723 0.0090608 0.0033049 -0.0023088 -0.00074 0.0067047 0.0086519 -0.017502 -0.024356 0.054546 0.073276 0.061378 0.020553 0.062791 0.030108 0.00035374 0.00026435 0.00038413 0.0003861
0.0003767 0.00075852 0.0055254 0.0044671 -0.0054561 -0.008082 0.04085 0.017039 0.020196 0.016173 0.026431 0.018185 0.0005622 0.00043194 0.00093887 0.00058448 0.0097436 0.010945 0.028417 0.02992 0.17431 -0.049479 0.58314 0.18549 0.0021777 -0.0062273 0.069509 0.030845 0.0050035 0.0021748 0.0050035 0.0030535 -0.034852 -0.011372 0.053942 0.052766 0.19649 -0.033189 0.422 0.45931 0.14221 -0.044891 0.1895 0.29228 0.0022431 0.00049837 0.0022431 0.0009736 0.0015498 -0.0081124 0.0073653 0.010176 0.013378 -0.0042686 0.019278 0.029652 0.0018034 0.00025948 0.003799 0.0043797 1.3677e-05 8.1597e-05 7.444e-05 0.00015934
-0.00026968 -0.0012584 0.00049964 0.0012584 -0.0082888 -0.014146 0.031377 0.017645 0.017274 -0.0011199 0.025308 0.007109 0.0013033 0.00086076 0.011503 0.0036133 0.018347 -0.053406 0.02234 0.054915 0.19188 -0.061794 0.31336 0.13315 -0.061662 -0.107 0.22256 0.13734 0.074896 0.022787 0.074911 0.022787 -0.01943 0.059351 0.022977 0.059752 0.045569 0.043025 0.26492 0.50553 0.19551 -0.15033 0.4671 0.30538 0.022888 0.0082707 0.022888 0.0088882 0.0018445 0.00034103 0.0018445 0.0004339 0.00101 0.022761 0.014323 0.02281 0.0050805 0.10572 0.057057 0.10629 0.00072625 0.00018885 0.00072625 0.00020355
-0.0034969 0.0017084 0.0038781 0.0023182 0.034226 -0.036108 0.060373 0.038838 -0.0069554 0.002738 0.033233 0.0094017 -0.00023256 0.00031625 0.00066688 0.00032915 -0.003954 -0.00040058 0.0073796 0.0072417 0.20547 0.11904 0.50331 0.40689 0.17372 0.024433 0.29882 0.098315 -0.031271 0.014967 0.032119 0.014967 -0.0017331 0.0020017 0.0067527 0.0050371 0.22932 -0.063898 0.51124 0.15449 0.081011 -0.036962 0.14597 0.051481 -0.013949 0.0060444 0.024199 0.01045 0.0010823 -0.00016873 0.0011528 0.00051013 -0.021976 0.010702 0.023331 0.012112 0.055506 -0.011064 0.063517 0.012299 0.0018692 -0.00024352 0.0044992 0.0008798
1.8914e-05 -0.00088727 0.0002645 0.00088727 -0.00021527 -0.011168 0.033118 0.011168 -0.0024599 -0.004178 0.022569 0.0073467 0.011235 0.0033831 0.012207 0.0034904 0.010799 -0.052055 0.014692 0.052055 0.14501 -0.065771 0.3125 0.093776 0.00025493 -0.078907 0.3465 0.11975 0.031853 0.0085101 0.031853 0.0085101 -0.0088868 0.039499 0.017125 0.056711 0.080883 0.020223 0.21934 0.50536 0.21788 -0.085762 0.48858 0.30996 0.0057687 0.0016444 0.0057687 0.0032183 0.001964 0.00012737 0.0019856 0.0003213 0.0080921 0.01023 0.0096038 0.01034 0.0069067 0.072124 0.03493 0.072567 0.00070727 0.00010796 0.00070727 0.00013685
-0.0023588 -0.0011266 0.0023722 0.0011609 -0.010344 -0.018058 0.06627 0.021415 -0.0070361 -0.0096365 0.048367 0.013598 0.0026058 0.0001572 0.0036927 0.00060216 -0.059246 -0.0096921 0.059306 0.015604 0.18493 -0.054518 0.4376 0.1294 -0.16319 0.042908 0.45281 0.074435 0.032017 -0.0032635 0.037657 0.0042679 -0.082147 -0.0057447 0.082192 0.019676 0.20629 0.0062599 0.44932 0.082812 -0.12753 -0.084993 0.42856 0.093873 0.039937 -0.0047159 0.044201 0.0062335 -0.010416 -4.4559e-05 0.010421 0.0012785 -0.0073936 0.0025435 0.097414 0.01442 0.0057239 -0.0018539 0.051819 0.011446 0.0050269 0.0001423 0.0054578 0.0008071
-0.0053486 0.0011181 0.0053486 0.0016607 -0.00839 0.0022903 0.019156 0.0086059 0.081878 -0.01046 0.081878 0.010559 0.0010588 -0.00081695 0.0010588 0.00081744 -0.034176 0.0048846 0.034176 0.0049025 -0.13329 0.071616 0.13329 0.071616 0.52587 -0.065203 0.52587 0.074208 0.0071634 -0.0015024 0.0073113 0.0041912 -0.033743 0.0036153 0.033743 0.005247 0.045596 0.26453 0.1404 0.27058 0.21449 0.052957 0.26396 0.28918 0.0057877 -0.016029 0.0062131 0.016901 -0.00058097 0.0014341 0.0039236 0.0021836 -0.014239 -0.033251 0.018734 0.037575 -0.015084 -0.018458 0.017935 0.022493 0.0019424 -0.0077143 0.0020947 0.0082655
0.0051588 -0.0029578 0.0063501 0.0084338 0.010057 -0.0069468 0.010057 0.018639 9.0904e-06 9.0904e-06 9.0904e-06 9.0904e-06 0 0 0 0 -0.0061019 0.040323 0.030766 0.064258 0.31191 0.027877 0.48428 0.38113 0.012045 -0.00049407 0.012045 0.0023123 0 0 0 0 0.0045763 -0.0049071 0.027007 0.017384 0.12664 -0.0039305 0.65077 0.2547 0.0083958 -0.001657 0.0083958 0.0038235 0 0 0 0 -0.0037186 -0.00076266 0.0075167 0.003382 0.019685 0.0029337 0.087297 0.021046 0.008859 -0.0010019 0.008859 0.0029651 0 0 0 0
-0.0042019 -0.0012111 0.0042019 0.0012398 -0.0048306 0.024912 0.025493 0.05083 -0.0050517 0.03863 0.0084184 0.068768 -0.0012508 0.0045422 0.0012526 0.0080163 -0.018476 -0.0072057 0.018476 0.0072057 0.23427 0.031933 0.44757 0.12627 -0.027248 0.2876 0.035649 0.2876 -0.0074292 0.048762 0.0089901 0.048762 -0.013046 -0.0066407 0.013046 0.0066407 0.43754 -0.042897 0.57395 0.069804 0.00040769 0.0041868 0.00040769 0.0041868 -0.00034546 0.0011222 0.00036816 0.0011222 -0.0015882 -0.0011884 0.0015882 0.0011884 0.072519 -0.016109 0.10276 0.016161 0.0005025 -0.0015831 0.0007479 0.0015831 -4.7989e-05 -0.00034293 9.9538e-05 0.00034293
-0.0028082 0.00079579 0.0028082 0.00083384 0.0083036 -0.0016675 0.017434 0.0068919 0.073601 -0.015718 0.07367 0.015955 0.00055455 -0.00062354 0.00055455 0.00064019 -0.016101 0.0093591 0.016101 0.0093842 -0.061178 0.072197 0.061178 0.072197 0.52031 -0.056122 0.52031 0.074323 0.0053861 0.0010985 0.0053861 0.0035956 -0.0037519 0.012296 0.0090825 0.012497 0.097149 0.30596 0.16377 0.30753 0.23288 0.17737 0.23872 0.21369 0.00045947 -0.0068057 0.004268 0.0084662 0.0035989 0.0048029 0.0038251 0.0049713 -0.0016415 -0.0096454 0.0085718 0.013236 -0.018753 -0.048228 0.021572 0.048607 0.002386 -0.0090285 0.0024737 0.0090994
0.0023226 0.0014947 0.0023226 0.0014956 0.054159 0.01623 0.054159 0.01623 0.032772 0.0076962 0.032772 0.0085671 0 0 0 0 0.015634 0.0092304 0.015634 0.0092304 0.47502 0.10249 0.47502 0.10548 0.038177 0.002021 0.039423 0.023511 0 0 0 0 0.014116 0.010082 0.014116 0.010082 0.2161 -0.1423 0.51124 0.22404 0.23449 -0.059319 0.23449 0.066224 0 0 0 0 0.0020896 0.0011589 0.0020896 0.0011589 0.018997 0.025304 0.10262 0.04407 0.041494 0.011133 0.041494 0.011529 0 0 0 0
-0.0007044 0.0035249 0.00093307 0.0054953 -0.0020588 -0.0092139 0.002583 0.0112 0.010455 -0.0012066 0.011071 0.010434 0.0037176 0.0024533 0.0042339 0.0025164 0.00065235 -0.034404 0.0061729 0.049067 0.021776 -0.12535 0.048998 0.30846 0.15431 0.064555 0.17661 0.23138 0.0015234 0.0022655 0.0053498 0.0027289 -0.0086192 0.063716 0.0087807 0.063716 -0.15159 0.16584 0.152 0.59807 0.20626 -0.061239 0.25304 0.45164 0.0051763 -0.0027646 0.0058496 0.0032336 -0.00037046 -0.00010291 0.0004055 0.00016303 -0.044558 0.045758 0.05116 0.055873 0.031271 0.0034916 0.064196 0.016294 0.0075237 -0.0016623 0.0075237 0.0019194
-0.0054543 -0.00036519 0.0056452 0.00045554 0.01721 0.002826 0.019574 0.0037119 0.056846 0.0040618 0.058794 0.0066121 -0.00053312 0.0014647 0.00053312 0.0015051 -0.030091 0.00028011 0.030602 0.0039234 0.10694 -0.060682 0.13564 0.10273 0.44343 -0.033014 0.47559 0.13187 -0.001112 0.010648 0.0043958 0.03115 -0.018684 -0.0031159 0.021028 0.0062213 -0.0086797 0.00048097 0.10806 0.038341 0.47666 -0.00034092 0.47835 0.15846 0.0072598 -0.031986 0.0073041 0.034875 -0.0014049 2.9076e-05 0.0024676 0.00073549 0.014685 0.001092 0.034742 0.010642 0.04734 0.016088 0.04734 0.018331 0.00029151 -5.1561e-06 0.000303 0.00048586
0.0010749 -0.0067821 0.0013075 0.011037 0.020693 -0.095052 0.02072 0.096252 0.015012 -0.053442 0.015358 0.054279 -0.00049151 0.00013438 0.00049151 0.0005067 -0.00023473 -0.004565 0.0030846 0.0048627 -0.018468 -0.034912 0.029734 0.042061 0.43544 -0.04138 0.46883 0.078632 -0.03489 -0.021042 0.04162 0.021453 0.0015949 -0.0034668 0.0036574 0.0035624 -0.036212 -0.019778 0.037239 0.028578 0.48432 0.042652 0.525 0.056764 -0.085551 -0.023064 0.10446 0.025824 0.00013826 -5.3679e-05 0.000394 0.00043982 5.0789e-06 0.0012782 0.0027534 0.0034689 0.064762 0.0053806 0.075196 0.006699 -0.012372 0.00094845 0.016419 0.0030083
-0.0029383 -0.0005369 0.0029503 0.00074208 -0.025221 -0.025992 0.091866 0.035717 0.0098478 -0.0083959 0.029537 0.013354 0.0019223 -8.0454e-05 0.0030974 0.00063202 -0.053424 -0.010069 0.053424 0.034474 0.095976 -0.024475 0.49985 0.11641 -0.08037 0.060964 0.39955 0.097908 0.030658 -0.0042107 0.036378 0.00604 -0.077712 -0.01387 0.077712 0.021269 0.17446 -0.022931 0.52745 0.14086 -0.087967 -0.075276 0.37879 0.099104 0.037366 -0.0034229 0.041045 0.010059 -0.010063 0.0023786 0.010077 0.0031589 -0.0036919 0.0055747 0.10314 0.015376 0.0060754 -0.0069615 0.051123 0.01649 0.0049116 -0.00018046 0.005349 0.00043592
-0.0013521 -0.0022477 0.0019346 0.0032919 -0.014314 -0.069162 0.01699 0.069794 0.037302 -0.027005 0.038498 0.035183 0.0027169 -0.00048374 0.0027169 0.00092574 -0.0076835 0.0018496 0.0077112 0.0018656 -0.29317 0.038672 0.29317 0.04845 0.4913 -0.031125 0.4913 0.038952 0.011746 -0.0051751 0.011746 0.007412 -0.0045587 -0.00061147 0.0048447 0.0033926 -0.11763 0.11168 0.17893 0.20982 0.22074 -0.02312 0.26859 0.3123 0.0067639 -0.022678 0.0078855 0.022888 -0.00032739 -0.00070407 0.00038885 0.00091353 -0.017441 0.0033431 0.017441 0.005276 -0.0076866 0.0088544 0.008383 0.0092026 0.0018874 -0.0045354 0.002835 0.0075339
-0.00030459 0.0022601 0.00072438 0.0022658 -0.010826 0.033524 0.012505 0.041724 -0.023877 0.068757 0.030565 0.096181 -0.0008906 0.003043 0.0032696 0.014872 0.00014209 -0.0004055 0.00023261 0.00042132 -0.23317 -0.14646 0.23317 0.14646 0.2069 -0.14448 0.21363 0.18167 -0.0073494 0.019256 0.0087469 0.019824 -0.014208 -0.062449 0.023733 0.063481 -0.17311 -0.32111 0.34822 0.36908 0.36 0.052423 0.36 0.053846 0 0 0 0 -0.0066367 0.00083838 0.0066367 0.0021282 0.066997 0.0016045 0.10624 0.031089 0.050916 0.0082628 0.050916 0.0083458 0 0 0 0
-0.0024084 -0.0016323 0.0027386 0.0016469 0.036642 -0.022973 0.039874 0.023094 0.00044345 -0.00090725 0.00044345 0.00090725 -0.00021741 0.00011506 0.00023689 0.00031352 0.0016474 -0.048523 0.013997 0.053897 0.49274 -0.051524 0.50718 0.21166 0.015615 0.0036279 0.015615 0.0057656 -0.0014171 -0.00044412 0.0014171 0.00063386 -0.022583 0.091493 0.02261 0.091493 0.19042 0.11376 0.29724 0.38621 0.1423 -0.17076 0.15076 0.24876 -0.011055 -0.0043684 0.012307 0.0045739 -7.0842e-05 0.00022626 0.00011357 0.00022626 -0.0063291 0.015147 0.0063291 0.015147 0.0038009 0.038508 0.0099178 0.03882 -0.0048299 -0.0022342 0.0060718 0.0025501
-0.0014011 -0.0020177 0.016055 0.004114 -0.0022062 -0.023337 0.048057 0.02637 0.046175 -0.0089576 0.0573 0.013798 0 0 0 0 -0.0011049 0.027335 0.056167 0.040968 0.03178 0.11858 0.17139 0.21535 0.14493 -0.050178 0.45436 0.27451 0.0059629 -0.024345 0.0091774 0.024454 -0.025115 0.0020079 0.064155 0.036957 0.17192 0.068166 0.29036 0.27657 -0.20893 0.11468 0.46708 0.31142 0.067858 -0.00093809 0.068806 0.051731 0.0049343 -0.007013 0.016562 0.013986 0.017885 -0.014732 0.020482 0.022964 -0.010351 0.0047154 0.01139 0.0059557 -0.00028727 -0.00063253 0.0049731 0.0029682
0.00036532 -0.0011128 0.00044484 0.0011128 5.4798e-05 -0.0014309 0.00014617 0.001807 0.00029197 -0.00075344 0.00066255 0.0018628 -0.00022477 -0.0001644 0.00028016 0.00045923 0.0085438 -0.035428 0.010682 0.053606 0.37548 -0.10526 0.38089 0.30305 0.0093611 -0.00042673 0.0093611 0.0068716 -0.0092824 -0.0049879 0.0098671 0.0080963 -0.0024039 -0.0040475 0.0031929 0.0044108 0.5027 -0.1303 0.52273 0.20939 -1.3066e-05 0.0041902 0.012724 0.0077228 -0.037825 -0.01647 0.037825 0.018639 -0.00061209 -0.00098983 0.00070571 0.0011431 0.082187 -0.00010356 0.090269 0.021861 -0.0025559 -0.0018722 0.0040408 0.002624 -0.010345 -0.0022897 0.010394 0.0037447
-0.0034061 -0.0022433 0.0040835 0.0023553 -0.0013796 -0.015843 0.018592 0.018925 0.037804 -0.016839 0.042442 0.020379 0.0005136 -0.00016457 0.0005136 0.00019301 0.013687 0.033177 0.03593 0.057836 0.018761 0.087589 0.19239 0.48254 0.1012 0.10441 0.45376 0.21246 0.0015353 0.00045178 0.0024586 0.0015379 0.00042885 0.014717 0.0091941 0.016019 -0.21481 0.15358 0.21604 0.23813 0.14142 -0.059926 0.41527 0.25216 0.0015384 -0.00011284 0.002205 0.0012703 0.0012548 -0.00027254 0.0013532 0.00047241 -0.00079755 -0.0020141 0.0028461 0.0049442 -0.032095 0.015147 0.059854 0.0281 0.0064595 -0.0029541 0.0064657 0.0030526
0.0024228 -0.0073792 0.0033126 0.0093295 -0.017706 -0.018673 0.070473 0.04074 0.004089 -0.028337 0.018072 0.031684 0.0055718 -0.0050468 0.0059457 0.0064596 0.0053505 -0.0031867 0.027448 0.051077 0.12904 0.085913 0.52974 0.21941 -0.087983 0.28581 0.21029 0.28971 -0.0071225 0.0095682 0.014079 0.03121 -0.045198 0.0072476 0.06988 0.044818 0.36401 -0.10452 0.42317 0.18515 0.020255 0.040385 0.1732 0.062294 -0.028574 0.022002 0.030493 0.022002 -0.012125 0.00083709 0.018414 0.0093735 0.067197 0.015519 0.069698 0.021522 0.0034165 0.0053507 0.00468 0.005746 -0.0012374 0.0035382 0.0016372 0.0036441
0.0018993 -0.00018893 0.0030509 0.001039 0.017105 -0.0060393 0.022035 0.007714 0.053597 -0.00080639 0.059203 0.0051049 -0.0016818 -7.4462e-05 0.0076673 0.00089711 0.021007 -0.0064384 0.027658 0.0093505 0.11192 -0.05566 0.21331 0.076369 0.36602 -0.10487 0.46193 0.10977 0.024428 0.00068432 0.074926 0.0053816 0.024485 0.014624 0.024824 0.034244 0.15999 0.23811 0.19963 0.42327 0.29416 0.12807 0.32341 0.17126 0.0017658 -0.0018186 0.053987 0.0097685 0.0021009 -0.00048291 0.0021066 0.0008845 0.015972 -0.013425 0.018086 0.013779 0.014612 -0.032656 0.020417 0.032656 -0.0028462 -0.0076952 0.0089404 0.0082252
-0.009196 -0.0023304 0.009196 0.0030071 -0.012151 0.0073455 0.063078 0.014937 0.038839 1.8514e-05 0.038839 0.0065632 -0.00047705 -2.4562e-05 0.0022028 0.00040719 -0.047455 0.0044439 0.048878 0.016077 -0.11119 -0.076511 0.45291 0.090161 0.29815 -0.046532 0.31686 0.060503 -0.0040733 -0.001341 0.011352 0.0030957 -0.055919 0.0093932 0.055931 0.02466 -0.18945 -0.022889 0.51143 0.073788 0.34698 0.018346 0.34698 0.043833 0.0013386 -0.00244 0.011239 0.00385 -0.0081409 0.003982 0.0081409 0.0040919 -0.012032 0.0054678 0.062925 0.017947 0.031039 0.01588 0.031732 0.01588 0.002131 -0.00022689 0.0031105 0.00034712
0.0027496 -0.00062665 0.00346 0.00062665 0.077486 0.0051511 0.079995 0.0057969 -0.0027939 0.0058109 0.0051796 0.0058109 -0.010371 0.006608 0.022782 0.0073002 0.011251 0.012825 0.023832 0.024283 0.54297 0.031652 0.54598 0.04717 -0.012662 -0.0075388 0.01347 0.017869 -0.02066 0.0071824 0.037815 0.027596 0.0024474 0.059919 0.0077849 0.059919 0.33066 0.029867 0.46764 0.15922 0.076794 -0.0048828 0.099446 0.058291 -0.00028541 0.0077722 0.014628 0.011615 0.00036738 -0.0033984 0.00036738 0.0036117 0.015191 0.0079559 0.059292 0.014896 0.0095311 -0.012929 0.009816 0.013151 -5.6812e-05 -0.00030127 0.00059116 0.00041522
0.00099952 0.0050861 0.0010348 0.0050861 0.0047075 0.018778 0.0051086 0.034156 0.0043367 0.023603 0.004939 0.030114 0.00069688 0.0023721 0.00074395 0.0027571 0.00039952 -0.0056404 0.0019626 0.011862 0.14508 0.060481 0.25577 0.21907 -5.8448e-05 0.094349 0.073444 0.38301 0.0055324 -0.0075989 0.0083137 0.05918 0.0029047 0.0021352 0.0029047 0.0032671 0.38977 -0.06274 0.60385 0.11466 -0.12857 0.20134 0.21443 0.20134 0.010884 0.031653 0.011305 0.034676 0.00037632 0.00083078 0.00044863 0.00096251 0.039694 -0.0040552 0.076485 0.014045 0.035344 0.021078 0.059605 0.033102 0.0036181 0.00943 0.0037111 0.010312
0.0010247 0.00012384 0.0010247 0.0008613 0.013327 0.0029368 0.014648 0.012176 0.03022 -0.0057851 0.042658 0.015035 0.0016157 2.4103e-05 0.0020917 0.00089284 0.0059822 -0.0085676 0.0081651 0.014389 -0.044249 -0.18013 0.16303 0.18745 0.37541 -0.12071 0.48131 0.13897 0.0024549 -0.0029565 0.011905 0.0079827 0.0052306 0.0036831 0.014664 0.013166 -0.047681 0.11753 0.081436 0.13678 0.41166 0.09131 0.50651 0.10643 0.0050977 0.0017775 0.011059 0.0078506 0.0023288 0.0013977 0.0048739 0.0014021 -0.00060236 0.0088129 0.012769 0.009276 0.041548 0.0046625 0.057811 0.0061641 0.00051575 -0.00037215 0.0024066 0.00088467
0.0011726 -0.0012366 0.0040527 0.0013146 0.018212 -0.0053132 0.031473 0.0070978 0.048747 0.0032453 0.053555 0.0045439 0.0012564 -2.7022e-05 0.0071997 0.0004517 0.014674 -0.0044995 0.0393 0.0079569 0.067842 -0.029947 0.17522 0.051231 0.42146 -0.065866 0.46878 0.07397 0.010511 -7.8501e-05 0.05883 0.0020859 0.026368 0.028278 0.038615 0.04529 0.15091 0.25551 0.18197 0.39551 0.26416 0.18889 0.32328 0.19229 0.013286 -0.00052213 0.06549 0.0015451 0.001851 -0.0030395 0.0019541 0.0030425 0.016233 -0.031244 0.017866 0.031244 0.014256 -0.045807 0.021899 0.046983 0.00076809 -0.0080315 0.0086854 0.0084774
-0.0013678 -0.0020789 0.0024038 0.0021258 0.0052804 -0.013486 0.034698 0.023028 0.011784 0.0024837 0.011784 0.0028041 -1.1734e-05 8.8805e-06 1.1734e-05 8.8805e-06 -0.042379 -0.016463 0.057284 0.067434 0.31969 0.10548 0.41905 0.32395 0.013567 0.0045398 0.013567 0.0060342 0 0 0 0 -0.011957 0.022595 0.071159 0.03905 0.19606 -0.028325 0.63668 0.36942 0.015886 -0.0021775 0.015886 0.0092059 0 0 0 0 0.0064155 -0.0071605 0.012328 0.010056 0.017842 -0.024566 0.044806 0.030977 -0.0030733 -0.006538 0.013857 0.0097644 0.0041074 -0.0028132 0.004114 0.0056093
0.0022913 0.00061866 0.0022913 0.00082135 0.0096533 0.0038016 0.010149 0.0054806 0.014442 0.0073901 0.014442 0.0074982 -0.00018806 0.00067768 0.0014107 0.00067768 0.015534 0.0013093 0.016109 0.0068686 -0.10742 -0.13873 0.19847 0.19754 0.33141 -0.075889 0.35342 0.14836 -0.017813 0.0090813 0.023405 0.0090813 0.0043027 -0.012965 0.032162 0.018945 0.011713 -0.0079606 0.26676 0.15446 0.37122 0.048968 0.6085 0.086505 -0.021666 0.0088789 0.028089 0.0088789 0.0013765 0.0019143 0.0075846 0.0020147 0.017427 0.012788 0.025819 0.012788 0.040536 0.0046929 0.080923 0.011327 -0.00079107 0.0015015 0.0073822 0.0015021
0.00053332 0.00079504 0.00060427 0.00091223 -0.0071797 0.0045604 0.012774 0.005547 0.037084 0.019391 0.066874 0.020819 0.0012204 0.0025846 0.0012204 0.0029633 0.0036197 0.0088863 0.0040347 0.0088863 -0.11095 0.044425 0.11572 0.053376 0.46032 -0.056702 0.49742 0.20489 0.002591 0.0027639 0.0034588 0.037366 0.0050973 0.0092355 0.005428 0.0092355 -0.17286 0.10007 0.19296 0.10007 0.41852 0.067548 0.41852 0.067548 0.0036494 0.0087287 0.0036494 0.0087287 0.001523 0.0029946 0.001523 0.0029946 -0.030155 0.028541 0.041291 0.028541 0.049493 -0.00053294 0.049505 0.015393 0.00061677 0.00029757 0.00061677 0.0024717
0.00080901 0.00012248 0.00080901 0.00018908 0.0032352 -2.8729e-05 0.0068941 0.0034253 0.004158 0.0007974 0.0066992 0.0018649 0.00059417 7.1817e-05 0.00063617 0.00018828 0.0043233 0.0011528 0.0061606 0.0057393 -0.26394 -0.10392 0.39678 0.16528 0.30629 -0.11648 0.30746 0.14211 0.005244 0.00040688 0.0056475 0.0012587 0.0018136 -0.0033324 0.0079041 0.01144 -0.21148 0.14182 0.44209 0.22671 0.26842 0.11783 0.2956 0.15692 0.003035 0.00052953 0.0035435 0.0042524 0.00056385 2.3554e-05 0.00085348 0.00065915 0.020888 -0.0011 0.029128 0.010861 -0.015567 0.011303 0.023667 0.013785 0.00040826 -0.00090254 0.00073267 0.0012777
-0.0041595 -0.016287 0.0052105 0.016387 0.023609 -0.037652 0.079239 0.03944 0.0096374 -0.020444 0.023664 0.024249 -3.9249e-05 4.5145e-05 3.9249e-05 4.5145e-05 0.0025692 0.010016 0.030542 0.031748 0.2535 0.04878 0.43321 0.2234 0.11061 0.01608 0.35501 0.15445 0.00062157 -0.0011217 0.0012318 0.0011217 -0.018958 0.041256 0.030289 0.052102 0.1417 -0.048836 0.27419 0.51047 0.15043 -0.039064 0.30016 0.18877 0.00051148 0.0001664 0.0027337 0.0020065 -0.0083055 -0.006373 0.0085472 0.006373 0.021487 -0.0022742 0.032138 0.012714 0.03562 0.021568 0.035694 0.024289 -8.8816e-07 -0.00020103 0.00013597 0.00020103
-0.00011103 -0.0009255 0.0031429 0.0017015 -0.0097593 -0.0094757 0.051387 0.014431 0.046103 -0.013978 0.059306 0.016056 0.0017907 -0.00075599 0.0050408 0.0024824 -0.0044427 -0.012299 0.024613 0.025796 -0.15937 -0.052105 0.22694 0.15523 0.42269 -0.036731 0.60806 0.12358 0.020182 0.0090355 0.0272 0.012087 -0.011238 0.021731 0.011939 0.029128 0.012703 0.15215 0.068636 0.23481 0.26364 0.083673 0.37663 0.109 0.019414 0.0083165 0.027845 0.0086375 -0.00028619 -0.0012287 0.0003522 0.0012287 0.01063 -0.00070162 0.029942 0.016156 0.026386 0.001724 0.031076 0.0043076 0.0026356 0.00053105 0.0030245 0.00058322
-0.0018147 0.0012026 0.0020015 0.0012026 0.030814 -0.0049897 0.057714 0.012213 0.035937 0.0034571 0.036015 0.0083651 -0.0001152 4.1068e-05 0.00047796 6.1937e-05 -0.0077799 0.0062223 0.013071 0.0064663 0.23673 0.034195 0.53906 0.080805 0.16791 0.003797 0.16791 0.060415 -0.021747 -0.083315 0.033243 0.083464 -0.012923 0.0050281 0.022977 0.0075918 0.10914 -0.045084 0.3942 0.24407 -0.065893 -0.20763 0.13897 0.50822 -0.008145 0.010884 0.020279 0.049087 0.00015375 0.0032147 0.0021227 0.00684 0.0058991 0.042827 0.0084636 0.042827 -0.0025236 0.023034 0.0057719 0.023034 -0.0007301 0.0018851 0.00076776 0.0018851
-0.0067742 0.0007075 0.01075 0.0011066 0.069568 -0.02081 0.07189 0.020881 -0.016549 0.0060879 0.020468 0.0079365 -0.0099898 0.0042251 0.010453 0.004754 -0.047573 0.012005 0.090621 0.016097 0.44797 0.019655 0.53727 0.1446 0.078109 -0.01251 0.084883 0.030754 -0.10243 0.028215 0.10636 0.028637 -0.0078309 -0.0026973 0.091307 0.026782 0.28912 0.0086236 0.47141 0.23539 0.15094 0.0072621 0.15157 0.024045 -0.041325 0.016462 0.042113 0.017748 0.011556 -0.00039118 0.012686 0.0022217 0.027889 0.028749 0.065436 0.036171 0.0099762 0.00027253 0.010018 0.0028156 -0.0016267 0.0009181 0.0016832 0.00096182
0.0029465 0.001691 0.0043059 0.0017015 0.047912 0.01863 0.081585 0.01908 0.016438 0.005918 0.056118 0.0083091 -0.0056425 -0.0018891 0.0080307 0.0022455 0.019757 0.00757 0.021009 0.00757 0.2679 0.059526 0.44621 0.067076 -0.040797 -0.022046 0.39302 0.067481 0.0099149 -0.026553 0.050578 0.047237 0.019388 0.0045419 0.019607 0.0045419 0.29875 -0.034899 0.49758 0.29659 -0.16769 0.012913 0.28029 0.024308 0.014069 -0.0055131 0.014069 0.0092146 0.0028119 0.00023111 0.0028119 0.00030903 0.039237 0.002871 0.050067 0.0048495 -0.020498 0.0051423 0.026299 0.0054886 0.0010897 0.0012716 0.0010897 0.0012716
0.0012439 0.00081511 0.002668 0.0015511 -0.012285 0.0049045 0.013542 0.0069546 0.037205 0.0024475 0.040297 0.0044571 0.0014519 0.0010671 0.0014519 0.0010864 0.012013 -0.003328 0.019155 0.0090976 -0.20033 -0.042758 0.20101 0.055089 0.39017 -0.0057601 0.39356 0.051381 -0.0017923 -0.014064 0.020206 0.020723 0.0033135 -0.0095797 0.030847 0.027756 -0.19712 -0.045973 0.25544 0.082759 0.4107 0.00094737 0.54528 0.09645 0.0078361 0.0063653 0.015635 0.015411 -0.0014099 0.00055798 0.0015968 0.0037494 -0.0090431 0.027386 0.015171 0.031722 0.046871 0.014857 0.064691 0.014857 0.0017451 0.0015191 0.0025602 0.0015335
-0.0011127 -0.0070955 0.0012045 0.0071033 -0.05137 -0.0058544 0.091591 0.035963 0.027911 0.0062704 0.027911 0.0073403 0.0015561 0.0013358 0.0030857 0.0019888 0.001304 -0.070946 0.010998 0.070946 -0.18512 -0.29586 0.25249 0.40532 0.35707 -0.0091854 0.35707 0.077626 0.013085 0.014509 0.021045 0.014705 0.0078092 0.027627 0.011521 0.049884 0.073328 0.20111 0.075741 0.33821 0.26189 -0.007426 0.30788 0.16634 0.018871 0.013457 0.020057 0.013457 0.0010023 -0.00010037 0.0011381 0.0014617 0.0087229 0.011693 0.0087229 0.011693 0.025829 -0.00038706 0.025829 0.014197 0.0071134 -0.0027813 0.0071587 0.0028474
-0.0053675 -0.0042997 0.0054638 0.0043334 0.0054232 -0.01399 0.027242 0.015879 0.027974 -0.00096694 0.027974 0.0046726 0 0 0 0 0.029385 -0.050059 0.04158 0.056898 -0.0061694 -0.18259 0.095918 0.18259 0.38194 -0.10666 0.38194 0.10729 -0.0001209 -4.4116e-06 0.0001209 9.5586e-05 -0.035496 0.062625 0.039422 0.081383 0.18437 0.090381 0.31948 0.39102 0.35338 0.071106 0.35338 0.16317 -9.8756e-05 -6.859e-06 9.8756e-05 5.0609e-05 -0.0015885 0.0027976 0.0016775 0.0027976 -0.016612 0.034556 0.019229 0.037174 0.018322 -0.016822 0.029028 0.039688 -0.00040814 -0.00038205 0.00056984 0.00041007
-0.00025499 0.0004705 0.00049616 0.00049895 -0.003093 0.0040599 0.003093 0.0040599 0.051003 -0.0056989 0.051788 0.0090834 -0.00058531 0.00080824 0.00068087 0.00093811 -0.001741 7.2159e-05 0.0025838 0.0021525 0.15403 0.16377 0.19194 0.16586 0.060016 0.11157 0.39778 0.30837 -0.011584 -0.0048183 0.023798 0.029388 -0.0036812 0.0045346 0.0037989 0.0046746 0.4029 -0.053017 0.439 0.081229 -0.2141 0.047433 0.42386 0.066758 0.0097552 -0.0024435 0.034482 0.009494 -0.00069798 0.00018515 0.00072046 0.00028399 0.0557 -0.0077013 0.059349 0.010827 -0.029977 0.0065908 0.050724 0.012018 0.0057323 0.00017137 0.0083885 0.001968
0.00061892 -0.00031358 0.00089682 0.00095675 -0.017668 0.0032457 0.022509 0.014041 0.0471 0.01124 0.064932 0.011629 -0.00026459 9.765e-05 0.0037659 0.00017674 0.00055961 0.00078196 0.0084004 0.0085361 -0.18655 1.2264e-05 0.25352 0.098766 0.39553 -0.026464 0.42387 0.055256 -0.0029473 -6.0419e-05 0.023405 0.00059211 0.0020912 -0.00054063 0.0062597 0.0074708 -0.22306 0.005393 0.28914 0.067336 0.42826 -0.00033759 0.45828 0.033878 -0.0019466 4.3754e-06 0.021938 0.00058465 0.00052879 -1.7148e-05 0.00097888 0.0011141 -0.028557 0.00073596 0.042595 0.010228 0.057907 0.0032773 0.060432 0.0050034 -0.00022753 -0.00014658 0.0030788 0.00017374
0.0002335 0.0015804 0.00031136 0.0015804 0.046081 0.01419 0.086302 0.014332 0.0099072 0.0057714 0.0099072 0.0057714 0.00031085 0.00065695 0.00031872 0.00065695 0.0025426 0.016367 0.0027833 0.016367 0.25696 0.076541 0.60062 0.08142 0.06017 0.015892 0.06017 0.020834 0.0026658 0.0025982 0.0026767 0.0025982 0.0042767 0.0207 0.0053859 0.0207 0.088075 0.0042059 0.61035 0.20116 0.098636 -0.05961 0.098636 0.28383 0.007103 -0.0032808 0.007103 0.029906 0.00059702 0.0027844 0.00066321 0.0027844 0.0011018 0.016048 0.084453 0.067965 0.010364 0.0022395 0.012042 0.058107 0.00071539 5.6243e-05 0.0011479 0.0083993
-0.00043604 0.0031421 0.0011828 0.0031562 0.073566 0.0011181 0.073566 0.0053295 -0.0014602 0.00098955 0.0014602 0.00098955 -0.0040475 0.0013025 0.0040475 0.0013025 0.0054444 0.0028127 0.0062808 0.0058267 0.46781 -0.027253 0.46781 0.037459 -0.00010221 0.00010221 0.00010221 0.00010221 -0.042637 0.0043845 0.044754 0.023651 0.0058438 0.038577 0.010577 0.061204 0.3242 0.051737 0.46425 0.32915 0.033153 -0.18255 0.14649 0.18255 -0.021657 0.0025766 0.027624 0.0077343 -0.0040045 -0.0078718 0.0049826 0.015691 0.01294 -0.021732 0.032413 0.092067 0.020725 0.028029 0.025141 0.069237 0.00056461 0.00049205 0.0054816 0.0021432
0.0036217 -0.00036663 0.0036217 0.00058996 0.046582 -0.053859 0.11645 0.062149 0.015258 -0.0098725 0.015258 0.0098725 0 0 0 0 0.017455 0.00033607 0.017455 0.0032123 0.2971 0.18581 0.74843 0.26414 0.12542 -0.00085125 0.1464 0.046277 0.00090015 -0.0020462 0.00090015 0.0020462 0.016215 0.0037715 0.016215 0.0043301 0.2632 -0.070662 0.26492 0.088904 0.095069 -0.067514 0.10053 0.07053 0.0022439 -0.0088866 0.0027127 0.0088866 0.0025283 5.6425e-05 0.0029604 0.00047896 0.010293 0.003477 0.010752 0.0040913 0.02924 -0.012219 0.031165 0.013244 0.00024689 -0.00053792 0.00065146 0.00059577
0.0016257 0.0013096 0.0018447 0.0013187 0.027153 0.0069831 0.057054 0.010844 0.004627 0.0080674 0.04332 0.010313 0.0070969 -0.00021 0.0082248 0.0010271 0.012108 0.0056586 0.012136 0.0060725 0.27191 0.055675 0.4414 0.1001 -0.093952 0.0093836 0.21296 0.034323 0.015382 -0.010868 0.02269 0.012942 0.0087382 0.0033314 0.010725 0.0055107 0.29974 -0.03261 0.59433 0.35872 -0.11315 -0.0069047 0.24648 0.034313 -0.005988 7.8519e-05 0.010486 0.002156 0.00082158 0.00053734 0.0013132 0.00064565 0.032131 0.0079616 0.062651 0.0086845 -0.0157 0.0018975 0.039538 0.0044085 -0.00025933 0.00072396 0.0010701 0.00072396
-0.0014679 0.0025186 0.0029864 0.0045032 0.012263 -0.035297 0.03441 0.041783 0.021241 -0.020938 0.021241 0.025359 0 0 0 0 -0.017486 -0.022202 0.019102 0.026442 -0.013235 0.0029509 0.63358 0.22478 0.30039 -0.0096446 0.30039 0.13068 0.00205 -0.0027815 0.0023147 0.0027815 -0.0033804 0.029906 0.038259 0.029906 -0.081962 0.17883 0.24441 0.22207 0.28662 0.015289 0.30894 0.10819 1.5634e-06 0.00036873 0.0035702 0.0046388 -0.0013506 0.0025893 0.0017843 0.0025893 -6.1055e-05 2.8715e-05 0.011622 0.011872 -0.0014788 0.0065456 0.021118 0.024216 0.0015252 -0.0028383 0.0024176 0.0036127
0.00040682 0.002667 0.0036856 0.0061672 0.019013 -0.00075234 0.019149 0.0096114 -0.0010975 -0.012109 0.010253 0.013629 0.0037503 -0.0032351 0.0066365 0.0057344 -0.0023341 0.0068422 0.010265 0.011366 -0.21205 -0.19183 0.26977 0.23942 0.23047 -0.099234 0.37232 0.23926 0.080752 0.033493 0.10127 0.050304 0.0071855 0.0019755 0.0090844 0.0063859 -0.25279 0.222 0.26662 0.22475 0.30877 0.13283 0.32469 0.171 0.069798 0.0063708 0.11214 0.021848 0.00040356 0.0080168 0.0016767 0.0080168 -0.010368 0.040978 0.012507 0.040978 0.020743 0.027217 0.028764 0.027217 -0.0030144 0.001127 0.0090416 0.0026184
0.012312 -0.0046183 0.016918 0.0070314 -0.02269 -0.0062192 0.026549 0.009655 0.021672 0.025269 0.043174 0.030997 3.0512e-05 1.7759e-05 3.0512e-05 1.7759e-05 0.020809 -0.01911 0.05163 0.074363 0.082821 -0.27037 0.37481 0.33325 0.32052 -0.11213 0.34562 0.14251 -0.0089825 -0.0071567 0.012484 0.0079283 -0.04276 0.038507 0.05587 0.077766 0.16224 0.12845 0.29621 0.31533 0.23529 0.098534 0.25921 0.10083 -0.0048896 0.0078084 0.0048896 0.0078084 -0.00041451 -0.00087829 0.0020427 0.0047175 0.04683 0.062554 0.052895 0.063596 0.007106 0.0074526 0.0088438 0.0081452 -3.3463e-05 -3.3463e-05 0.00012453 0.00012453
0.0033104 0.00077351 0.0034751 0.00082112 0.030891 0.0015298 0.049076 0.010416 -0.019441 -0.0030929 0.037133 0.016648 0.002553 -0.0045111 0.0029029 0.0060458 0.024301 -0.00066829 0.024376 0.0039088 0.35691 -0.00097355 0.51485 0.2299 -0.20916 0.098819 0.23215 0.098819 0.011047 0.0066548 0.011047 0.0066548 0.027211 -0.0041522 0.027397 0.0052427 0.32552 -0.048325 0.48939 0.088422 -0.10851 0.037454 0.22336 0.047577 0.0091251 0.0043091 0.0091251 0.0043091 0.0033918 -0.00081542 0.0037778 0.0010042 0.04892 -0.0032758 0.065364 0.0039677 -0.006541 0.0011642 0.029662 0.0057355 0.00052626 3.2846e-05 0.00095444 0.00026617
0.00026957 -0.00055318 0.00032589 0.00055318 0.040691 -0.0043959 0.041774 0.012999 0.030188 -0.0075717 0.032168 0.014097 -0.0017106 0.00091908 0.0076915 0.0017539 0.0094849 0.0057373 0.010644 0.0087511 0.094261 0.022682 0.097189 0.052975 0.37061 -0.06582 0.39718 0.094201 -0.0099959 0.0056476 0.032383 0.0093948 -0.0060348 0.08169 0.0068802 0.082595 -0.054676 0.43892 0.11037 0.45287 0.21334 0.19496 0.30028 0.24675 -0.016353 0.0082291 0.026993 0.0091642 -0.00034637 0.00068128 0.00040388 0.0006898 -0.0016823 0.0048893 0.0020872 0.0048893 0.0086132 0.0018155 0.013227 0.0051782 -0.0046073 0.0018169 0.0047773 0.0018169
1.0823e-05 0.001194 0.00085228 0.0012997 -0.0010871 0.018977 0.055009 0.022793 -0.014341 0.055081 0.028476 0.061527 -0.0060153 0.0039476 0.010336 0.010272 -0.0097004 -0.028343 0.010055 0.028822 0.13459 -0.11365 0.3632 0.19582 0.0038619 0.0088593 0.027681 0.015962 -0.072175 0.026349 0.092694 0.040853 -0.040599 0.020302 0.040837 0.042866 0.2908 0.067889 0.62645 0.29683 -0.096908 -0.22455 0.26588 0.22675 -0.02416 -0.00063998 0.05532 0.017028 -0.0013816 -0.0004192 0.0013816 0.0010749 -0.0047096 -0.039297 0.024106 0.043241 -0.022624 -0.0044333 0.038261 0.017197 0.0045046 -0.00050869 0.010039 0.0022936
-0.0016873 0.0017371 0.0020875 0.0017371 0.055491 0.010727 0.080364 0.011423 0.0078662 0.0093916 0.0078662 0.010059 0.00054016 0.0011451 0.00054016 0.0012655 0.005149 0.016716 0.0053293 0.016716 0.31094 0.065714 0.58985 0.072977 0.055471 0.026596 0.055471 0.026596 0.0030948 0.004835 0.0030948 0.004835 0.010501 0.027393 0.010501 0.027393 0.1104 0.022656 0.58278 0.21969 0.094431 -0.093752 0.096451 0.25408 0.0062606 -0.0047056 0.0064476 0.034396 0.0018301 0.0041253 0.0018301 0.0041253 -0.002286 0.06065 0.077916 0.083424 0.015507 0.085479 0.018702 0.085479 0.001063 0.01107 0.0013737 0.011212
-0.00018151 0.00026212 0.00024375 0.00085376 0.0084733 -0.0044519 0.013646 0.0054788 0.067612 0.002206 0.067612 0.0058111 -1.3658e-05 0.00016096 1.7098e-05 0.00016096 -0.01445 0.010612 0.015482 0.019767 0.045838 0.063561 0.11936 0.097598 0.43714 0.00068162 0.43714 0.039235 0.00030951 -0.00030951 0.00030951 0.00030951 0.012777 0.044778 0.012777 0.044778 -0.16758 0.3803 0.25334 0.3803 0.2781 0.0066334 0.29755 0.1044 0.053735 -0.0089101 0.053735 0.022057 0.0020841 0.0032179 0.0021238 0.004465 -0.03405 0.0084361 0.036338 0.018293 -0.0023688 0.013815 0.059018 0.016429 0.0033971 -0.0019543 0.0033971 0.0019543
