-0.00037186 0.00068233 0.0006005 0.00069503 0.023103 -0.0071088 0.02951 0.011695 -0.00077441 0.0014843 0.011395 0.0057427 0.00031455 0.0022525 0.0040377 0.0036368 0.011265 -0.008743 0.013305 0.0213 -0.12577 -0.10374 0.17624 0.12666 0.19458 -0.24641 0.26518 0.36376 0.0069349 -0.0030522 0.050919 0.053768 0.0048657 0.0010525 0.0070274 0.0083081 -0.089327 0.081526 0.2682 0.25659 0.22734 0.12199 0.50743 0.35379 -0.023095 0.011816 0.030651 0.023119 -0.0001591 0.00019604 0.00018032 0.00019939 -0.0048013 0.02214 0.05389 0.042181 0.020876 -0.0012941 0.074508 0.042742 -0.00018576 0.0015732 0.00092518 0.0017321
0.0001782 -0.00024796 0.00047202 0.00051071 0.0056624 0.00377 0.0075075 0.0060176 0.0020817 0.015359 0.011702 0.028187 0.0015799 0.0026264 0.0017369 0.0028772 0.013546 0.0024002 0.014417 0.007083 0.22855 0.20003 0.25624 0.26028 0.11518 0.32911 0.13807 0.34175 0.0073572 0.029455 0.0073572 0.029455 0.022877 -0.0022668 0.023333 0.0058568 0.4242 -0.078131 0.55065 0.10596 0.0055173 -0.00085616 0.0055173 0.00085616 0 0 0 0 3.9321e-05 -0.00036447 0.00042782 0.00053509 0.063333 -0.014966 0.083022 0.017393 0.0088076 -0.0040245 0.0088076 0.0040245 0 0 0 0
-2.0673e-05 -0.00027939 0.00060606 0.00059472 0.0039415 0.0025605 0.0062936 0.0056911 0.0047724 0.012819 0.013556 0.026741 0.0020535 0.0033686 0.0023042 0.0039726 0.0048238 0.0048802 0.0080335 0.0089883 0.20722 0.21999 0.22064 0.25802 0.14869 0.3368 0.17109 0.34244 0.012739 0.025283 0.012739 0.025283 0.023048 -0.004177 0.023685 0.0067294 0.4187 -0.12062 0.52738 0.17444 0.0093269 0.0011372 0.0093269 0.006264 0 0 0 0 -8.9936e-05 -0.00028613 0.00076202 0.00044056 0.033964 -0.010458 0.060105 0.018827 0.037486 -0.015513 0.037486 0.015513 0 0 0 0
0.0023853 -0.0053417 0.0039347 0.005663 -0.0138 -0.016721 0.025057 0.019072 0.020758 -0.0062118 0.038385 0.021791 -0.00076487 0.00023652 0.0013158 0.00054373 -0.019922 0.0039931 0.037122 0.024359 0.064194 -0.081947 0.28755 0.22123 0.13929 0.059652 0.48645 0.27654 0.0076926 -0.0062767 0.036515 0.01363 -0.0013402 0.027045 0.0093104 0.027703 -0.082156 0.20371 0.11123 0.22165 0.1242 -0.005834 0.55298 0.2785 0.017583 -0.0016197 0.026107 0.019809 -0.00027785 0.00039459 0.00052862 0.00063698 0.00031717 0.0033844 0.0029637 0.004709 0.00048315 -0.0057573 0.028669 0.032573 -5.163e-05 0.0018792 0.0015219 0.0019528
0.00025196 0.00023627 0.00065534 0.0005938 0.0023223 0.0080244 0.0046634 0.0088953 0.002231 0.033975 0.0097283 0.037487 0.0015335 -0.00081766 0.001843 0.0042533 -0.0063261 0.032137 0.013659 0.033442 0.19577 0.20123 0.2102 0.21865 0.071582 0.34436 0.10433 0.38686 0.010998 0.049346 0.010998 0.049346 -0.056397 0.0065015 0.063095 0.0084104 0.41225 -0.052533 0.58226 0.065655 0.00066162 0.0074022 0.00066162 0.0074022 -6.455e-06 0.00062261 0.00011734 0.00065518 -0.012427 0.00092911 0.012427 0.00092911 0.064078 -0.0055449 0.081535 0.0081893 0 0 0 0 -7.563e-06 1.692e-06 7.563e-06 1.692e-06
-5.2954e-05 -0.00052956 0.0005152 0.00077511 0.04989 -0.0090774 0.04989 0.011353 -0.0030909 -0.0094238 0.0030909 0.0094238 -0.0013873 -0.0093084 0.0013873 0.0093084 0.00068439 -0.0030853 0.0020866 0.0037663 0.22933 0.044479 0.24385 0.26327 0.0091971 0.21359 0.038735 0.55027 0.0048294 0.04024 0.0081266 0.060877 -0.0010441 -0.0010463 0.0027112 0.0028137 0.45682 -0.08139 0.45682 0.091883 0.0064824 -0.0014379 0.0068714 0.0014379 -9.3951e-06 -0.00028754 9.3951e-06 0.00028754 -0.00017917 -0.00037555 0.00033715 0.00038742 0.039276 -0.030166 0.039689 0.031758 -0.0054145 -0.092481 0.0073916 0.094464 -0.00096584 -0.015918 0.00096584 0.015918
-0.002947 -0.001176 0.0035277 0.0012811 0.0065023 -0.0081369 0.040312 0.026252 -0.00056005 0.00078787 0.0074116 0.0035341 0.00091749 0.00029682 0.0023362 0.0012814 0.0012431 -0.012974 0.028026 0.022924 0.077572 0.0057694 0.4792 0.16024 -0.047384 0.013783 0.23693 0.15226 0.014191 0.0056391 0.015003 0.006738 -0.016332 0.024616 0.017951 0.025279 0.21483 0.043503 0.61559 0.18508 -0.18318 -0.042213 0.33975 0.18864 0.0041402 -0.0042477 0.0043599 0.0055862 0.0001886 0.00062805 0.00049784 0.00079479 -0.0020507 -0.0066051 0.038864 0.02781 -0.0063666 0.0091511 0.010205 0.01693 0.00010338 -0.0002618 0.0016118 0.00332
0.001601 0.0018347 0.0018214 0.0018362 -0.012404 -0.00057629 0.051968 0.034903 0.035044 0.0090845 0.042496 0.018206 -0.00062363 0.002097 0.0012425 0.002097 -0.019336 -0.031506 0.054338 0.046023 -0.024963 -0.13215 0.15756 0.22655 0.32485 0.0067565 0.48912 0.11544 0.0098662 0.010143 0.029336 0.010143 -0.00038229 0.025015 0.0098829 0.028349 -0.027905 0.095652 0.062665 0.13402 0.37451 -0.01513 0.55302 0.20222 -0.0034728 0.0023229 0.029301 0.009002 -0.0021239 -0.0014387 0.0023597 0.0027903 0.0052708 -0.012455 0.017141 0.0542 0.055396 0.008552 0.063276 0.019095 -0.0030931 0.00032523 0.0041171 0.0018309
-0.0006924 -0.0015637 0.0066871 0.0032118 0.014417 -0.0062011 0.060514 0.0090191 0.047156 -0.00028191 0.058947 0.0043407 0.00012006 4.1076e-05 0.00012803 0.00017829 -0.0011026 -0.0010771 0.0099436 0.0048663 0.089153 -0.044741 0.37813 0.11327 0.3731 -0.020711 0.45845 0.089323 0.001243 0.00011462 0.0012518 0.00011462 0.0005262 -0.0004885 0.0038509 0.0035977 0.066165 0.082455 0.2913 0.1141 0.38478 0.032461 0.41909 0.15281 0.001277 0 0.001277 0 0.00053557 -6.4263e-06 0.00073674 0.0004673 0.012642 -0.0054433 0.034019 0.0086272 0.050356 -0.0019194 0.072824 0.010692 0.00015744 -7.6327e-06 0.00015744 3.44e-05
0.0016243 -0.0010043 0.0041081 0.0014193 0.0044591 0.0015498 0.014911 0.022892 -0.0017412 0.0036729 0.0049397 0.030604 -7.8822e-05 0.00020219 0.0003751 0.002609 0.0041331 0.0039775 0.036011 0.007052 0.22385 0.17491 0.24701 0.21657 0.032939 0.39854 0.063274 0.42216 0.0032414 0.055275 0.0033816 0.063994 0.037001 -0.0044558 0.044634 0.012888 0.42524 -0.086144 0.4915 0.11638 0.019963 -0.0048401 0.029218 0.011714 0 0 0 0 0.0034904 -0.0014593 0.0042813 0.001805 0.05508 -0.014546 0.079242 0.01614 0.01869 -0.005147 0.01869 0.0055581 0 0 0 0
-0.0011744 -0.00817 0.003369 0.0099972 -0.0021528 -0.039784 0.01488 0.043472 0.050169 -0.0068752 0.0749 0.021598 0.0016772 0.0013135 0.0041285 0.0013135 -0.0011807 0.011116 0.0048207 0.01408 -0.035822 0.0060112 0.060694 0.13806 0.38521 -0.0063996 0.61914 0.12242 -0.0047621 0.0015037 0.023421 0.011268 -0.012317 -0.0064156 0.017328 0.029864 0.05489 0.052015 0.098462 0.24341 0.3602 -0.0014168 0.4393 0.10944 -0.01871 -0.001445 0.030284 0.012141 7.5004e-05 0.0004826 0.00059512 0.00073676 -0.00025673 0.0019484 0.0016779 0.0022612 0.035922 -0.01148 0.042428 0.013325 -0.00068708 -0.00062164 0.0017053 0.0011062
0.00053729 -0.00014969 0.00061261 0.00032591 -0.017776 -0.022402 0.086056 0.054792 0.015644 0.0083611 0.021068 0.012247 -0.0014905 0.00027503 0.0027474 0.00090664 -0.0004734 -0.00064398 0.0015564 0.0021822 0.077592 0.068202 0.41354 0.49036 -0.05 0.095395 0.12594 0.19528 -0.0043744 0.0029577 0.0099865 0.0061447 0.0059472 -0.018305 0.0078999 0.01885 0.057023 -0.12342 0.42863 0.40688 0.024928 -0.084244 0.22823 0.23418 0.0080968 -0.010178 0.021121 0.018933 0.00054095 0.0027997 0.0057971 0.0056597 0.020487 -0.032519 0.038995 0.042836 0.015977 0.0087556 0.089374 0.049968 0.0013965 0.0012454 0.0062222 0.0032041
8.9703e-05 -0.0014708 0.0065119 0.003055 0.015347 -0.015736 0.020995 0.01584 0.0034458 -0.020573 0.04845 0.054551 -0.0036609 0.00036165 0.0052453 0.0022272 -0.0057314 0.0045788 0.045356 0.01876 -0.064394 -0.034722 0.28193 0.21753 0.25984 -0.028801 0.42666 0.19858 -0.038423 -0.00058906 0.06856 0.033546 -0.0051343 0.019719 0.0087229 0.020202 -0.11562 0.17279 0.13007 0.18372 0.22162 0.12963 0.58412 0.21836 -0.053439 -0.010106 0.072463 0.038424 -0.00029799 0.00037545 0.00055179 0.00057225 -0.00033053 0.0057769 0.0052909 0.007287 0.002838 -0.0042073 0.036826 0.020579 -0.0013236 0.0024732 0.0021658 0.0032668
5.0749e-05 -0.00087763 0.00089239 0.00088101 0.0058615 -0.011186 0.013536 0.019324 -0.0029462 -0.025613 0.018832 0.063924 0.00015301 -0.00019866 0.00050394 0.00046648 -0.0045692 0.0089952 0.0085312 0.026441 0.0062064 -0.049628 0.062032 0.15951 0.094358 -0.03022 0.46733 0.18574 0.0065533 -0.026257 0.0080419 0.026408 -0.00077931 0.0012991 0.0018715 0.0026232 -0.10697 0.045529 0.21938 0.11875 0.12773 0.036211 0.72162 0.2741 -0.0070364 0.011941 0.017012 0.042872 0.00019772 -0.00045336 0.00044534 0.0004796 0.0025813 -0.0030311 0.030828 0.010722 -0.0016902 -0.0088813 0.051929 0.042747 -0.0016649 -0.0013741 0.0047938 0.0040108
-0.00082505 -0.0019574 0.0087896 0.0043943 0.014779 -0.0066807 0.067003 0.010557 0.052126 -0.0029139 0.062478 0.0070139 0.00013961 1.0379e-05 0.0001721 0.00019615 -0.0035696 -0.0020641 0.011723 0.0083171 0.00026821 -0.045352 0.28837 0.083842 0.46973 -0.045072 0.46973 0.075056 0.0008053 0 0.0008053 0 -0.00028477 -0.00051077 0.0049033 0.0035855 0.048879 0.06745 0.24466 0.096888 0.40874 0.0035262 0.41427 0.14831 0.0008053 0 0.0008053 0 9.9052e-05 -0.00011944 0.00051932 0.00058181 0.014022 -0.004193 0.046416 0.0053275 0.047422 -0.009812 0.071784 0.010583 0.00027012 -0.00097919 0.00027012 0.00097919
0.00064568 0.00085043 0.0015295 0.0037016 -0.000294 0.0087508 0.060713 0.099197 0.0064424 -0.043227 0.033783 0.079372 0.00024175 -0.00071512 0.00079535 0.00095249 -0.0096434 0.00082243 0.031925 0.040714 -0.24759 -0.12644 0.36857 0.3756 0.30375 -0.088899 0.32645 0.23648 0.0016453 -0.0021097 0.0041376 0.0046136 0.00072528 -0.0023228 0.003132 0.0038387 -0.16304 0.095382 0.29474 0.23363 0.22424 0.1787 0.23556 0.20053 -0.0011865 -0.001844 0.004033 0.0031205 -0.00052556 0.0013635 0.0012124 0.0016084 0.00045296 0.00027077 0.044981 0.0058665 0.006726 -0.0045739 0.0075031 0.006623 7.0535e-05 -0.00079689 0.00040887 0.0011121
0.0030766 -0.0010029 0.01505 0.0033608 0.05099 0.012743 0.055213 0.040085 -0.015209 0.052904 0.015327 0.052904 -0.00095508 0.0040848 0.0009962 0.0040848 0.0051555 0.010808 0.04738 0.030851 0.45433 0.091065 0.48602 0.13029 -0.061484 0.066048 0.12605 0.10198 -0.005326 0.014907 0.0067273 0.015926 0.0092682 -0.0017568 0.036078 0.0074057 0.26136 -0.13432 0.35794 0.16809 -0.016962 -0.33552 0.078775 0.33552 0.0036234 -0.029252 0.0036234 0.029768 -0.0030467 0.0028018 0.0047479 0.0086459 0.0060768 -0.0075834 0.021803 0.034434 0.00042399 -0.014997 0.0093512 0.014997 0.00049476 -0.0026471 0.00049476 0.0026471
-0.001762 0.00039919 0.0061308 0.0045197 0.00096717 -0.01399 0.086077 0.055141 0.0039891 -0.0055447 0.0056366 0.0067687 -0.00017534 -0.00025705 0.00080837 0.00043365 -0.0053114 -0.014744 0.069106 0.051578 -0.10361 -0.10455 0.52412 0.34725 0.23491 -0.090775 0.23789 0.20386 -0.0027764 -0.0026846 0.0056577 0.0049888 -0.012368 0.018796 0.033373 0.050702 -0.21618 0.19728 0.32978 0.20226 0.2306 0.0025741 0.30344 0.12538 -0.0019857 -0.0038129 0.0042105 0.0051455 -0.00073245 -0.0011879 0.0016744 0.0020594 5.1159e-05 -0.00065562 0.003754 0.0035246 -0.011754 0.003471 0.04278 0.017821 0.00018943 -0.001409 0.00042256 0.0014279
-0.011843 -0.0026063 0.012319 0.0029803 -0.030056 -0.0058959 0.033086 0.0062756 0.039645 -0.003059 0.042415 0.012551 0.006527 0.00035352 0.0075926 0.0030422 -0.088106 -0.0052872 0.10684 0.022267 -0.18298 -0.1459 0.30206 0.36577 0.28191 -0.13594 0.30958 0.21973 0.059392 0.00764 0.061767 0.038422 -0.033409 -0.014811 0.047024 0.063513 -0.27441 0.099408 0.30684 0.14592 0.3019 0.044106 0.31834 0.12013 0.097643 -0.013731 0.097643 0.026506 -0.0030492 -0.00043807 0.0061686 0.0013138 -0.02485 -0.0073509 0.062739 0.032658 0.014016 -0.013025 0.014169 0.013025 0.0012323 -0.0044732 0.001688 0.0044937
0.00048825 -2.6973e-05 0.00077134 0.00070255 0.019758 -0.0029681 0.038231 0.012424 0.047967 0.0050123 0.063302 0.005913 5.5001e-05 0.0006884 7.0531e-05 0.0007014 0.0022364 -0.0030398 0.0055341 0.0045923 0.1017 -0.087833 0.26085 0.10419 0.39868 -0.040356 0.48704 0.12978 0 0 0 0 0.0015588 0.0010739 0.0047733 0.0075299 0.081832 0.082459 0.25136 0.11807 0.41625 0.028216 0.44571 0.077823 0 0 0 0 0.00019754 0.00010057 0.0010569 0.00054889 0.016534 -0.0049295 0.026522 0.0054668 0.053442 -0.011383 0.079573 0.011882 2.379e-05 -0.0017185 2.379e-05 0.0017185
0.0033656 0.0024279 0.0062904 0.0036346 0.00013253 0.0089367 0.023983 0.014989 0.0037495 0.013395 0.0040391 0.013395 0.00026804 0.0021233 0.00038507 0.0021233 0.018282 -0.019088 0.044084 0.021328 0.2713 0.082081 0.32111 0.29236 -0.034802 0.29071 0.061724 0.29071 -0.0029952 0.022345 0.0056301 0.022345 0.0055212 0.021627 0.047654 0.042728 0.47008 -0.044116 0.5199 0.1479 -0.045315 0.015937 0.096234 0.082745 -0.011685 0.0064105 0.012579 0.016235 -0.00153 0.00045794 0.0037584 0.00081463 0.054216 -0.01208 0.059479 0.014017 -0.013885 -0.052474 0.016374 0.052474 -0.001228 -0.0040842 0.0012719 0.004227
0.00067163 0.00056881 0.0014042 0.0011879 0.0023534 0.0063676 0.0085649 0.010452 0.0050573 0.0053092 0.0092916 0.010349 0.0024899 0.0003344 0.0032509 0.0013684 0.0037167 0.0061363 0.013955 0.0092011 -0.29278 -0.13743 0.3294 0.23949 0.32768 -0.086311 0.33391 0.22161 0.014361 0.0018906 0.027793 0.0048979 0.0008304 0.0030777 0.01002 0.0096246 -0.25427 0.19458 0.3214 0.20251 0.2718 0.12609 0.27995 0.18794 0.02168 0.0033531 0.030749 0.0078495 0.00013718 -0.00016554 0.0013658 0.0012324 0.0010535 -0.00082548 0.0078879 0.010882 -0.00032982 0.002446 0.0045634 0.0077095 0.0022265 -0.0011148 0.0034182 0.0016984
-0.00046046 1.682e-05 0.00061889 0.00042348 -0.0092116 0.0065515 0.016326 0.019055 0.028539 0.013697 0.043073 0.038194 0.0010006 0.0021066 0.0019517 0.0027192 0.0045668 0.0037347 0.0051257 0.0054384 -0.0018668 -0.037296 0.1692 0.16126 0.25798 0.052507 0.4497 0.14306 -0.00033736 0.022767 0.011395 0.022767 0.015739 -0.0025001 0.028139 0.03883 -0.046949 -0.033059 0.10745 0.25447 0.39384 -0.018033 0.57034 0.27311 0.0048202 0.0019132 0.016289 0.011557 -0.0002457 -0.0016205 0.0037259 0.0042308 0.006937 0.016351 0.023746 0.033884 0.047164 -0.0092475 0.056038 0.013963 -0.002218 -0.0015719 0.0034578 0.0018179
0.00026007 -0.00012364 0.0005703 0.00051994 0.0089201 0.0085554 0.019447 0.027238 -0.011864 -0.00082202 0.014021 0.0063172 0.000237 -0.00010091 0.00056199 0.00037132 0.0029439 -0.013227 0.0045884 0.016111 0.1272 -0.05789 0.16155 0.15508 -0.08731 0.058828 0.34537 0.098857 0.00041155 -0.0045298 0.0044524 0.00558 -0.0061915 0.012562 0.0063056 0.013128 0.2142 -0.017539 0.33054 0.16866 -0.16717 -0.04181 0.65286 0.36987 0.0076378 -0.018781 0.01725 0.034194 -0.0016091 -0.0005928 0.00162 0.00070267 0.011672 -0.0060594 0.034017 0.019376 -0.0027571 -0.0030307 0.076131 0.039357 -0.0016015 0.0022824 0.0021895 0.0026969
-0.00051104 0.00098079 0.00087735 0.0015993 0.062182 0.0026478 0.090295 0.029772 -0.0055263 0.0089837 0.032389 0.012133 -0.0020007 -0.0007383 0.0021022 0.0025516 0.0049647 0.0083839 0.019381 0.056826 0.47803 0.022926 0.57911 0.099802 -0.1003 -0.0030904 0.26858 0.051397 -0.0068247 -0.00050112 0.0094674 0.016115 -0.0006281 0.0025165 0.0025031 0.0028129 0.3382 -0.043099 0.37537 0.11382 -0.038018 -0.077101 0.17279 0.088191 -0.0016795 -0.0030803 0.0039195 0.006841 8.7392e-05 0.00025781 0.00028918 0.00026517 0.047302 0.012935 0.060388 0.016206 -0.0036581 0.013594 0.02199 0.015389 -0.00073216 0.00099008 0.00080309 0.0018488
3.2059e-05 2.3145e-06 0.0006793 0.00012819 0.084393 0.0049503 0.088155 0.0057538 -0.026309 0.0021862 0.029809 0.0095009 0.004596 0.00082962 0.0061116 0.0034498 0.0032439 -0.010859 0.0107 0.012774 0.52656 0.050024 0.54121 0.06063 -0.16315 -0.044255 0.18874 0.050624 0.022584 -0.0077303 0.028106 0.0086002 0.0025782 0.0019347 0.018079 0.013385 0.30816 -0.085266 0.3375 0.14937 -0.06903 -0.20284 0.098842 0.20284 0.016938 -0.023674 0.019882 0.023674 0.004352 0.0014115 0.0058726 0.0026154 0.010946 0.0015582 0.016193 0.0077143 -0.0054842 -0.0040836 0.012217 0.0058137 0.0017614 -0.0019335 0.0020595 0.0019986
0.0010833 -0.00096974 0.0028347 0.0029886 0.035696 0.0034022 0.062455 0.012891 -0.0043242 0.005502 0.017276 0.0074015 -0.0023623 0.0010324 0.0057966 0.0010324 -0.0052176 0.0043473 0.014349 0.021516 0.39856 -0.020736 0.47987 0.28431 -0.080562 0.040758 0.11756 0.052718 -0.0032949 0.002032 0.032492 0.0076761 -0.003112 -0.010987 0.0048275 0.013622 0.42783 -0.036439 0.48527 0.19011 -0.12338 0.025844 0.12338 0.036056 0.014173 -0.0028608 0.046778 0.013292 0.00089932 0.0064253 0.0014456 0.0084029 0.046963 -0.0010623 0.054795 0.0099467 0.00019158 -0.0019626 0.019678 0.0075802 0.00038204 0.0014267 0.0028061 0.0030027
0.00089301 -0.0064221 0.0024219 0.0072713 0.042838 -0.0057047 0.075945 0.026734 -0.00094794 0.021786 0.009703 0.021786 -0.0019123 0.0026953 0.0024784 0.0026953 -0.006592 -0.0041715 0.015356 0.030683 0.46783 0.045208 0.60253 0.20552 -0.060616 0.019352 0.15673 0.074227 -0.0069789 0.005279 0.012052 0.0099951 0.0064418 0.016435 0.010174 0.019885 0.36765 -0.032893 0.39066 0.08113 -0.035663 -0.038089 0.10731 0.091467 -0.004054 -0.0018529 0.0086466 0.006441 -0.00010568 0.00014624 0.00026452 0.00022534 0.064464 0.0029439 0.06622 0.0046612 -0.01459 0.0067393 0.02454 0.012824 -0.00085499 0.00029128 0.0014215 0.0035178
-0.00010053 0.0018768 0.0065692 0.0060781 0.026911 0.0034547 0.076275 0.023788 -0.0020056 0.0056611 0.0071142 0.007907 -0.00057307 0.0015688 0.0024255 0.0016852 -0.012229 -0.010883 0.047871 0.040025 0.30733 0.030676 0.43601 0.10989 -0.044657 0.076192 0.12672 0.081799 -0.015447 0.0095693 0.031522 0.0095693 -0.0045677 -0.0055353 0.01041 0.034462 0.47756 -0.092198 0.5424 0.27727 -0.11344 0.047365 0.13483 0.055834 0.0057476 0.0044748 0.032747 0.0091272 -0.00014923 0.0002225 0.00047872 0.00033287 0.069515 -0.0043231 0.077639 0.020613 -0.021416 0.00365 0.021823 0.0056513 0.0034961 0.00033664 0.0061368 0.0013066
-0.0014028 0.00038457 0.0017411 0.00073813 -0.022775 -0.014177 0.029069 0.020291 0.031174 -0.0084527 0.032954 0.010618 -8.3903e-05 8.3898e-05 0.00023038 0.00020853 -0.014526 -0.0021223 0.018665 0.019548 -0.090118 -0.14291 0.23444 0.40944 0.15463 -0.012615 0.48261 0.15231 -0.0011222 9.8714e-05 0.0014818 0.00030042 -0.0212 -0.013722 0.034494 0.047085 -0.014985 -0.036502 0.39665 0.34146 0.21939 0.010789 0.33857 0.086922 0.00065163 -0.00021221 0.0024206 0.0023553 -0.0018937 -0.00082721 0.0030749 0.0088504 0.0086694 0.014159 0.052929 0.070987 0.014799 -0.020378 0.052655 0.042938 0.00041798 -0.0026564 0.0026394 0.0071714
-0.0025426 0.00029863 0.0028297 0.00081805 0.016049 -0.013685 0.044683 0.057519 0.00029554 -0.00065592 0.0023329 0.002329 -0.0002432 8.3863e-05 0.00038408 0.00029698 -0.045361 -0.016288 0.048285 0.042289 0.30577 0.0093703 0.45046 0.24743 0.0074941 0.00055819 0.020278 0.019715 0.0035349 0.0094557 0.010759 0.011009 -0.054183 0.010142 0.054714 0.030539 0.11269 0.005744 0.39821 0.35063 0.15716 -0.075436 0.293 0.42396 -0.024943 -0.0086236 0.096294 0.046556 -0.012005 0.0034755 0.013566 0.0051214 0.025459 0.043071 0.078161 0.07599 0.0039252 0.014963 0.039219 0.054767 -0.0003832 -5.1935e-05 0.00071786 0.00050872
0.00073128 -0.009038 0.0021748 0.0095327 0.0016009 -0.022706 0.022109 0.031002 -0.031271 -0.0019334 0.041659 0.0057243 -0.00088827 -0.0001021 0.0010608 0.0013582 -0.0088962 0.0078176 0.0091163 0.0092386 -0.051006 -0.1073 0.17633 0.19127 0.20148 0.10432 0.53069 0.32042 -0.00098689 0.029701 0.01185 0.031723 0.0023595 -0.0012179 0.011 0.038147 0.020848 0.15878 0.10837 0.29759 0.23968 0.034212 0.50641 0.16621 -0.03494 0.00052945 0.03494 0.0050643 0.00055768 0.00020806 0.00087015 0.00070672 -0.0022059 -0.0017139 0.020573 0.0040054 0.018466 -0.0045393 0.039866 0.0074113 -0.0046581 0.00015355 0.0046684 0.0014996
-0.0019224 0.0012902 0.0027897 0.0012902 0.0063312 -0.013824 0.017297 0.025287 0.015936 -0.022495 0.041929 0.035533 0.00039948 0.0021978 0.00085863 0.0021978 -0.055838 0.0013697 0.056146 0.023841 0.12938 -0.0026464 0.19017 0.1851 0.3387 0.11109 0.45517 0.23235 -0.013015 0.033026 0.015084 0.033026 -0.025653 0.018823 0.027453 0.031281 0.0072736 0.036442 0.16051 0.20954 0.41133 -0.031857 0.48855 0.14615 -0.0087399 5.4451e-05 0.011904 0.011333 -0.0013514 0.00020701 0.0015372 0.001101 0.004367 0.0026022 0.024446 0.0035683 0.043935 -0.0074376 0.054957 0.012029 -0.00022246 -0.0032843 0.0024171 0.0032843
0.0023883 -0.00062103 0.0041017 0.00097419 0.0060793 0.01303 0.012883 0.015407 0.023994 0.02258 0.06063 0.028804 -0.0004729 0.0044544 0.00069422 0.0044544 0.024639 0.020402 0.046042 0.042018 -0.02473 -0.067 0.089086 0.25297 0.40727 0.018819 0.54468 0.19772 -0.0024645 0.011767 0.010085 0.018275 0.0010334 -0.0090129 0.038786 0.045929 0.007561 0.076577 0.078605 0.17612 0.35515 -0.010604 0.46289 0.12352 0.010391 -0.0039187 0.018861 0.012008 0.0016603 0.00030184 0.0033172 0.00036463 -0.00017315 0.0021552 0.0027387 0.0022359 0.049893 0.0029193 0.058371 0.0072064 -0.00056716 -5.9399e-05 0.0027736 0.0033672
-4.7013e-05 0.00023699 0.00049577 0.00057038 0.00012556 0.005163 0.0062519 0.0094226 0.02352 0.069549 0.031179 0.073143 -0.001358 0.0177 0.0015134 0.0177 0.005231 0.0068914 0.01664 0.011308 0.061796 -0.0227 0.16559 0.1099 0.46655 0.01224 0.46655 0.090971 -0.0016179 0.0073159 0.0017621 0.0073159 -0.0076882 -0.009074 0.018593 0.017255 0.11898 -0.0012118 0.12793 0.040775 0.45345 0.022348 0.48977 0.055145 0 0 0 0 0.00020386 -0.00023885 0.00035592 0.00047983 0.010451 -0.0041245 0.011581 0.0058912 0.023958 -0.066214 0.026921 0.10253 0.00099771 -0.01769 0.0014694 0.022181
-0.00188 0.0011711 0.0020025 0.0028428 -0.0034765 0.010855 0.044679 0.01391 0.053419 0.0050518 0.060991 0.015724 0.00010288 -0.00056033 0.00091677 0.0010791 0.0021352 -0.00055146 0.0079066 0.013288 -0.14674 0.040238 0.43851 0.10995 0.36617 -0.040572 0.36849 0.16044 -0.0004986 -0.0025549 0.0018757 0.0025549 -0.0011474 0.0068208 0.007906 0.0097495 -0.18557 0.092713 0.29079 0.12434 0.37817 0.078021 0.3841 0.12625 -0.0068152 0.022943 0.011032 0.025766 -0.00039676 0.00039282 0.0008448 0.00087455 -0.030185 0.0084874 0.035321 0.010649 0.050084 -0.018515 0.050938 0.019769 0.0038008 -0.0095295 0.0043759 0.01655
0.0016043 0.00014016 0.0041022 0.00077934 0.00070389 0.0053373 0.0029576 0.0081477 0.016183 0.091648 0.02382 0.093991 -0.001289 0.017054 0.001289 0.017069 0.013765 0.0071718 0.02855 0.018202 0.045623 -0.028487 0.064884 0.049442 0.3741 -0.30524 0.37737 0.32324 0.0011308 -0.053973 0.0026745 0.061321 0.0040615 -0.020034 0.051125 0.041298 0.08175 -0.027842 0.0932 0.039678 0.34529 0.27279 0.36513 0.33168 -0.0018669 0.053454 0.0019229 0.054733 -0.00017206 0.00020167 0.004847 0.0010495 0.0046304 -0.0075906 0.005028 0.0075906 0.019396 -0.091134 0.021031 0.091134 0.00094697 -0.018705 0.0009841 0.018705
-0.011086 -0.0023028 0.017587 0.0072525 0.025822 -0.03612 0.040499 0.039114 0.011021 -0.022007 0.013994 0.022784 -0.000105 -0.00031254 0.00052941 0.00078153 -0.024921 0.0041038 0.07973 0.047858 -0.052262 0.067109 0.38576 0.34725 0.25913 -0.09406 0.36579 0.14854 0.0017524 -0.00321 0.0061173 0.0095085 0.0090253 0.01627 0.037447 0.033474 -0.22555 0.18867 0.26042 0.20419 0.13787 0.080538 0.37686 0.32762 0.0078611 -0.009512 0.0088295 0.0098538 -0.00074993 0.00039881 0.00090433 0.0017703 0.00070164 -0.000706 0.0017888 0.0013055 -0.016791 0.014673 0.016915 0.015923 0.002211 -0.0018986 0.0046975 0.0043246
0.0021918 -0.0016391 0.0046249 0.0097999 0.036786 0.020838 0.07166 0.044702 -0.012127 0.012581 0.023162 0.01779 -6.5127e-05 0.0014718 0.00058167 0.0014946 -0.0016232 -0.0050869 0.057994 0.053182 0.22783 0.060298 0.46048 0.18316 -0.0049171 0.10431 0.13065 0.10431 -0.003759 0.017669 0.0044622 0.017669 0.00063564 -0.0032858 0.02106 0.027637 0.45429 -0.077971 0.56983 0.19971 -0.076033 0.068801 0.17252 0.083132 0.0089836 0.0079636 0.018863 0.010552 -0.00036351 -0.00042251 0.00060659 0.00096683 0.080374 -0.014653 0.090618 0.027009 -0.018148 0.0093782 0.025455 0.012621 -0.00031611 -0.00065616 0.0031379 0.0029002
0.00053875 -1.6895e-05 0.0014065 0.00079093 0.0023189 0.00052773 0.0078797 0.0039967 0.0065091 0.01421 0.0087101 0.01959 0.0011002 0.0020902 0.0029334 0.005416 0.0014908 0.0029482 0.0075676 0.009326 0.061701 0.01499 0.12858 0.18834 0.10228 0.069998 0.14316 0.24029 0.031438 0.065578 0.036095 0.075122 -0.001085 -0.0021434 0.0078532 0.0091629 0.053965 0.086053 0.26178 0.12074 0.38935 0.08704 0.63967 0.40431 0.0016783 0.0035596 0.0030658 0.0054965 0.00054915 -0.00065953 0.00077014 0.00075812 0.010393 -0.0025521 0.031274 0.011071 0.036651 -0.016027 0.090116 0.027603 0.00034066 -0.00018487 0.00034066 0.00018487
