-3.7877e-05 -0.00010754 0.00010609 0.00013454 0.018512 -0.014684 0.019095 0.014761 -0.0019264 -0.010954 0.0027794 0.010954 0.0022474 -0.0013114 0.0064974 0.0019825 0.0021296 -7.5453e-06 0.0021736 0.0005827 0.20362 0.12538 0.22182 0.30141 0.018732 0.30592 0.037013 0.54594 0.0069165 0.03944 0.01214 0.080189 0.0049178 -0.0010896 0.0049178 0.0014177 0.43078 -0.10467 0.43078 0.10893 0.0030682 -0.00025459 0.0030682 0.0010129 0 0 0 0 0.00062068 -0.00011194 0.00066946 0.00024703 0.049394 -0.0080534 0.049394 0.0081469 0.017797 -0.0066125 0.017797 0.0067094 0 0 0 0
5.0847e-05 -3.105e-05 0.00010195 6.1114e-05 0.016921 -0.0065588 0.018114 0.0073716 -0.00098188 -0.015483 0.0032885 0.015686 -0.00025297 -0.0035804 0.0003019 0.0035804 0.0031344 0.00083692 0.0031344 0.0013274 0.19548 0.13789 0.21207 0.26573 -0.01206 0.33769 0.090851 0.53594 -0.0057171 0.050868 0.011146 0.085773 0.0017754 -0.00022396 0.0024188 0.00077892 0.41125 -0.058875 0.46868 0.077262 0.0074115 0.0015114 0.0074115 0.0026585 -0.00011693 0.00031986 0.00011693 0.00031986 0.00036147 -4.2901e-05 0.00036446 8.195e-05 0.059918 -0.0097204 0.06304 0.01162 0.0029099 -0.00052145 0.0029099 0.00052145 0 0 0 0
-0.00011704 -0.000215 0.00013066 0.00034739 0.021905 -0.0093983 0.023979 0.024248 0.0021496 -0.0035121 0.016839 0.021285 -0.0017515 -0.001715 0.0038553 0.0065909 0.00048432 -0.0017001 0.00052748 0.0017001 0.24982 0.10446 0.25901 0.29145 0.050721 0.29132 0.086558 0.40799 -0.0048054 0.037912 0.01162 0.061332 0.0065446 -0.0019827 0.0069648 0.0040091 0.4856 -0.11277 0.4856 0.11568 0.0014925 -0.00082079 0.0014925 0.00082079 0 0 0 0 0.00020434 -0.00030247 0.00040763 0.00076785 0.056839 -0.0083425 0.056839 0.0093834 0.020292 -0.0063204 0.020292 0.0063204 0 0 0 0
-0.00011731 -0.0065386 0.00279 0.020649 0.028331 0.0019532 0.039582 0.11471 -0.029407 -0.015815 0.033504 0.079956 0.0063909 -0.00070169 0.0076038 0.0054889 -0.00020424 0.010201 0.0035714 0.016139 0.31777 0.074032 0.34366 0.14952 -0.099385 0.28265 0.20399 0.53782 0.014077 -0.00013797 0.029636 0.10077 0.0040772 0.0082078 0.0042354 0.0082078 0.16193 -0.069052 0.1647 0.16304 -0.059399 -0.28125 0.088928 0.34174 -0.0010327 -0.0054771 0.0061846 0.01473 0.00062064 -0.00040995 0.001086 0.0014147 0.00095392 -0.010278 0.0070529 0.026431 -0.0011295 -0.014779 0.0096641 0.047394 -0.0012939 -0.0049454 0.0031834 0.011889
0.0057368 -0.00029008 0.010321 0.0015058 0.0077332 0.0074917 0.037501 0.014865 0.0040116 -0.00031362 0.024178 0.024636 -0.0095063 0.0054994 0.013034 0.0062505 0.002523 -0.0013012 0.05902 0.014452 -0.061655 -0.22648 0.25771 0.28047 0.20847 -0.22906 0.35517 0.32789 -0.042079 -0.0051065 0.081226 0.026426 0.019088 0.0019598 0.049126 0.010202 -0.14757 0.033685 0.44306 0.19086 0.16394 0.068123 0.28697 0.25836 0.047782 0.024376 0.049852 0.02614 0.0016184 0.0022254 0.0052021 0.0030168 0.0068995 0.0060685 0.081463 0.027178 0.015833 0.012715 0.026805 0.014007 0.0019047 0.0011083 0.0022129 0.0012929
-0.00018265 0.00034058 0.0015155 0.00055937 -0.0053516 0.003948 0.0073379 0.011769 0.023528 0.005107 0.02419 0.016769 -0.0009623 -0.00013602 0.0012613 0.001858 0.0084425 -0.0012186 0.0085108 0.0028376 -0.26598 -0.12414 0.27428 0.14531 0.3572 -0.12955 0.3847 0.14066 0.00027293 -0.00038047 0.00152 0.0026804 0.0028516 7.528e-05 0.0037241 0.0025914 -0.26146 0.16106 0.30255 0.20369 0.32382 0.12076 0.33332 0.21033 0.00020205 -0.00087852 0.001067 0.0013382 0.00029007 -2.5052e-05 0.00029598 0.00021081 -0.0082345 0.0021324 0.012075 0.003516 0.018464 -0.0015384 0.025419 0.010988 2.5256e-05 0.00045892 0.00025551 0.0014769
-0.0013773 -0.00014414 0.0013773 0.00049514 -0.0017629 0.047079 0.035434 0.05771 -0.0015279 0.00094479 0.035738 0.04728 0.0016247 -0.0023029 0.005091 0.0040864 -0.010067 -0.00094714 0.010067 0.0028268 0.14835 -0.051068 0.43621 0.15304 -0.20028 -0.0019287 0.3446 0.089999 0.015426 0.00024858 0.06161 0.0058304 -0.015908 -0.0022632 0.015996 0.0036896 0.18655 -0.050123 0.49911 0.087116 -0.16743 -0.063519 0.4717 0.14951 0.0087737 -0.0039016 0.026231 0.028313 -0.0061479 -0.00023766 0.0061479 0.0008878 0.0010187 0.0010695 0.081968 0.0047053 -0.0060286 -0.0014994 0.012 0.002485 0.0011588 0.0001215 0.0011588 0.00038831
-0.0010408 -0.00028616 0.0010408 0.00034428 0.0037078 0.0043101 0.036916 0.047832 -0.014213 -0.0016727 0.045469 0.032815 0.0032853 -0.0026905 0.0065249 0.0038604 -0.011148 -0.00055214 0.011218 0.003105 0.16438 -0.01069 0.47387 0.13349 -0.19829 0.017409 0.39435 0.092477 0.012881 0.0010275 0.056643 0.0066965 -0.023647 -0.003819 0.023647 0.0059334 0.1595 -0.043956 0.51967 0.075619 -0.13747 -0.095587 0.39133 0.14845 0.011346 -0.0045352 0.025362 0.030314 -0.00583 -0.0013824 0.00583 0.0014502 -0.0035016 -0.00034775 0.080637 0.0076491 -0.0016425 -0.0024274 0.009956 0.0041599 0.0011459 -6.7604e-05 0.0011459 0.00041595
-0.0008162 0.00059856 0.0008162 0.00061514 0.0082972 -0.001186 0.017551 0.0047106 0.01425 -0.0029186 0.051074 0.0071765 0.00064268 1.0812e-05 0.00064435 0.00024739 0.0065493 0.019024 0.018577 0.0219 0.049958 0.18038 0.17975 0.19843 0.026681 0.070119 0.54077 0.093231 0.0019015 0.00014588 0.0019015 0.00045042 0.020832 -0.0017294 0.040441 0.0064581 0.0506 -0.092514 0.31724 0.14594 -0.02408 -0.0025886 0.63164 0.19834 0.004922 -0.0012019 0.004922 0.0018987 0.0055997 -0.0008496 0.0058977 0.00091423 -0.0096098 0.02445 0.027127 0.052818 -0.0044799 0.006029 0.054045 0.024979 0.0018736 3.3817e-05 0.0018736 0.00015507
4.6524e-06 -0.0013955 0.00035138 0.0014441 -0.0108 -0.013906 0.01268 0.013906 0.066831 0.032637 0.071597 0.035631 0.00012227 0.00012588 0.00012227 0.00015999 0.032916 0.0091882 0.037142 0.019242 0.19911 0.22408 0.32628 0.29346 0.23488 0.1053 0.23506 0.10758 0 0 0 0 0.010474 -0.0038864 0.014912 0.014226 0.26269 -0.098277 0.6206 0.21575 0.13749 -0.052124 0.13749 0.054497 -2.3591e-05 0.00010545 2.3591e-05 0.00010545 -0.00078051 0.0012809 0.00078589 0.0012809 -0.0070063 0.0025723 0.065586 0.022119 0.059088 -0.029532 0.065693 0.032161 9.6654e-05 -6.7515e-05 0.00019968 6.7515e-05
-6.1921e-05 -1.3853e-05 6.1921e-05 1.3853e-05 -0.023316 -0.0085067 0.075588 0.040164 -0.0012068 0.010598 0.02871 0.017827 0.0012076 0.00046744 0.0012216 0.00066682 -0.052389 -0.025517 0.052389 0.025517 -0.07283 0.015077 0.50815 0.36417 0.15417 -0.046129 0.29244 0.26804 -0.019199 0.0021076 0.023885 0.010913 -0.04511 -0.02299 0.072406 0.040202 0.046514 -0.051961 0.4193 0.26332 0.060671 0.090036 0.31329 0.17336 -0.0060821 -0.0060398 0.011582 0.0069829 -0.00054268 2.3762e-05 0.0079623 0.0043318 0.01037 -0.0039187 0.019965 0.012379 0.0077551 -0.031098 0.027763 0.032341 -0.00099355 -0.0011661 0.0051941 0.0022061
-0.0030687 -0.0048404 0.0030986 0.0048404 -0.033877 -0.02425 0.047803 0.044652 0.0072524 0.025658 0.033238 0.078354 0.00046759 0.00038381 0.0023367 0.0058791 0.022092 0.028449 0.047061 0.088272 -0.14036 -0.10146 0.43091 0.54289 0.14946 0.032605 0.35017 0.18533 0.003686 0.00822 0.012933 0.00822 0.026844 -0.033925 0.041734 0.068108 -0.041387 0.12792 0.12226 0.23735 0.16915 0.049929 0.24335 0.29449 -0.03549 0.0060142 0.038569 0.016904 0.0066868 0.0005428 0.0067124 0.0010773 0.000835 0.008476 0.028468 0.050491 -0.010769 -0.029931 0.013301 0.032888 -0.00019198 -0.00034275 0.00072586 0.0013706
-0.00015448 -0.00031205 0.00015448 0.00031205 -0.045197 -0.023359 0.049624 0.049554 0.0040031 0.020714 0.053243 0.051895 0.0012934 0.00071728 0.0014118 0.0012075 -0.018256 -0.037526 0.065977 0.066541 -0.092254 -0.010816 0.47716 0.52107 0.16958 0.027625 0.35654 0.22711 -0.0058824 0.010701 0.015966 0.011305 0.0081981 -0.0037062 0.037561 0.050748 0.094789 0.011653 0.25159 0.22453 0.016619 -0.0058958 0.21964 0.28458 -0.011265 -0.0099266 0.012986 0.013182 0.00075081 0.0015575 0.000865 0.0015787 0.012606 -0.018238 0.023412 0.028434 -0.0044218 -0.0083019 0.014172 0.01505 0.00061352 0.00057451 0.0035968 0.004876
-4.3191e-05 -0.00024303 0.000343 0.0002956 -0.0036484 -0.0022972 0.0060799 0.0023539 0.0038056 -0.0002498 0.023616 0.0035469 -9.7312e-06 0.00021693 0.00046555 0.00065879 -0.023845 -0.01063 0.025204 0.011276 -0.036049 -0.14271 0.29345 0.33322 0.074096 -0.11615 0.16061 0.3564 -0.0073019 -0.00095694 0.013604 0.053855 -0.064622 0.00012633 0.066257 0.0099224 -0.18817 0.02369 0.46799 0.11809 0.34765 0.0073967 0.39099 0.20803 -0.025909 -0.0094267 0.035045 0.035958 -0.0014505 0.00038017 0.0018676 0.0012824 0.00060814 -0.010089 0.040567 0.039566 0.0038666 0.022033 0.016641 0.045594 -0.00072785 -0.00081614 0.0021086 0.0049305
0.00023015 -2.4234e-05 0.0005418 0.00053615 0.0030449 0.0041885 0.014402 0.020688 0.019895 -0.014674 0.028488 0.024294 0.0005831 -0.00031079 0.00086106 0.00057771 0.0013836 -0.0014057 0.0014243 0.0015062 -0.19642 -0.2118 0.21859 0.21291 0.26996 -0.18465 0.3057 0.41399 0.019697 -0.013332 0.027309 0.025795 0.00028581 -0.0037125 0.0023996 0.0037125 -0.19813 0.19948 0.23027 0.22705 0.22839 0.12043 0.27073 0.34594 0.0055003 -0.024062 0.022733 0.028742 0.0010445 0.0015544 0.0011184 0.0020809 0.0011877 0.0095327 0.0029592 0.015714 -0.0050372 0.015144 0.0084643 0.03063 0.001516 0.0063216 0.0047939 0.0063216
-0.0078313 -0.007213 0.0078313 0.007213 -0.020199 -0.0087031 0.071863 0.083947 0.015956 0.0095999 0.024048 0.0282 0.0011175 0.0011082 0.0011175 0.0012362 0.02331 -0.0060765 0.10215 0.12094 0.072633 0.099902 0.56305 0.37621 -0.11139 0.15688 0.22172 0.16247 0.0053089 0.0019271 0.0089696 0.007645 0.015728 -0.0045748 0.068956 0.03915 0.11089 -0.022065 0.29009 0.39663 -0.17082 -0.12226 0.19405 0.15166 -0.0040258 -0.011889 0.031263 0.042407 0.0061296 -0.0023116 0.0061296 0.0041473 -0.0067138 -0.018201 0.020366 0.026701 0.0033187 0.0034482 0.030462 0.045401 -0.00038512 0.00025955 0.002525 0.0034745
-0.0053694 5.8367e-06 0.0053694 0.00052483 -0.0083591 0.0035756 0.068685 0.0071145 0.012615 -0.0019013 0.012715 0.0019104 0.00072636 -1.2308e-05 0.00073779 0.00045578 -0.026134 0.0015828 0.026134 0.0043777 -0.098681 0.036743 0.68704 0.070616 0.14222 0.1816 0.16068 0.23176 0.0010764 0.024716 0.0057671 0.026415 -0.014929 0.0021208 0.014929 0.0024492 -0.035914 0.038928 0.41106 0.2472 0.05311 -0.13488 0.2333 0.2223 0.00073601 -0.016971 0.024716 0.02024 -0.00087162 0.00010727 0.00087162 0.00018988 0.023537 0.001707 0.081799 0.0047576 -0.030519 0.0087391 0.057314 0.010628 0.00085221 0.00084054 0.0036009 0.0012113
-0.0017368 -0.0046391 0.0018332 0.0046521 0.010043 0.013984 0.023758 0.040701 -0.0034815 0.012723 0.0069783 0.015395 -6.5647e-06 0.00067788 0.00022693 0.00067788 -0.0050613 0.012166 0.016964 0.045532 -0.059366 -0.13119 0.16318 0.32765 0.13084 -0.11449 0.1821 0.1602 -0.0044238 0.0044334 0.004602 0.0048583 -0.023872 -0.014338 0.038899 0.044515 -0.10608 0.016091 0.57654 0.23224 0.25128 0.035759 0.51252 0.079261 -0.0094275 0.0038098 0.010632 0.0043897 -0.0038716 0.0085111 0.0049223 0.0091695 -0.013316 0.0037258 0.06816 0.062566 0.044835 0.020899 0.052336 0.026824 -0.00021865 0.00071738 0.00087162 0.00093389
0.00035343 -0.0016838 0.0056411 0.01241 0.005441 -0.035759 0.020398 0.049004 -0.0050326 -0.0519 0.014799 0.05206 -0.00021007 -0.002388 0.00065813 0.0072702 0.02413 0.012416 0.038363 0.015166 0.16108 0.042105 0.61149 0.28752 0.057286 0.10398 0.11072 0.2277 -0.051504 -0.010308 0.054935 0.039566 0.027489 -0.015981 0.043672 0.018905 0.073773 0.021181 0.49897 0.31085 0.046569 -0.10955 0.12217 0.16626 -0.014994 0.0078912 0.020973 0.03609 -0.00096306 -0.00023883 0.0072095 0.0091294 0.015029 -0.0062628 0.018226 0.040694 0.00038695 0.024286 0.01731 0.028648 -0.0012883 0.0017089 0.0035433 0.0058972
1.4805e-05 -0.00047213 0.00018512 0.00047282 -0.011795 -0.0040143 0.023751 0.0051138 0.010882 -0.025093 0.020394 0.026076 -0.0014296 -0.0078342 0.001656 0.0080055 0.0069446 -0.0094047 0.069526 0.04769 0.11377 -0.076304 0.47888 0.34989 -0.0958 0.017712 0.22189 0.37881 0.010682 -0.0040154 0.017762 0.054904 0.0206 -0.0060442 0.087319 0.02095 0.1068 -0.022923 0.47735 0.31064 -0.037636 -0.039343 0.13789 0.19665 -0.00095865 0.014051 0.019664 0.036537 -0.0064032 0.0046937 0.0064717 0.0052283 0.021087 0.014081 0.028995 0.059494 -0.0072195 -0.0018252 0.029273 0.018882 0.0030298 0.0021686 0.0030673 0.0021686
0.0050597 -0.0072248 0.0055051 0.0084796 0.006456 -0.0075895 0.0088537 0.0081203 0.0008341 -0.0051786 0.0026567 0.0059344 0.00044061 -0.00046862 0.00083985 0.0012375 -0.019245 0.027594 0.026209 0.041592 0.0038193 -0.1888 0.15736 0.22235 0.14204 -0.079753 0.1463 0.087822 -0.0046032 -0.0042978 0.011799 0.0075333 -0.036383 0.0076264 0.036581 0.016029 -0.024741 0.22758 0.52672 0.57614 0.16285 0.10562 0.298 0.18933 -0.0086736 -0.006012 0.033082 0.020855 -0.00078157 -0.0008711 0.0012255 0.00098585 -0.00024071 0.00084437 0.0042237 0.0094783 -0.01333 -0.0091052 0.02712 0.018946 0.0013046 0.0012354 0.004173 0.0025105
-0.00036007 -0.00017164 0.00056702 0.00027192 -0.01079 -0.0033376 0.084946 0.006461 0.040201 -0.0016712 0.040201 0.0050975 7.3201e-06 -7.503e-06 1.093e-05 3.3239e-05 0.0010209 0.00026842 0.0071452 0.0018095 -0.080253 0.0060529 0.52615 0.020996 0.28245 0.0031993 0.28245 0.039817 0 0 0 0 0.0015861 0.016534 0.017901 0.032672 -0.15997 0.096649 0.56518 0.11165 0.28417 -0.0095701 0.28958 0.029736 0 0 0 0 -0.0012198 -0.00026998 0.0052524 0.001728 -0.025345 0.0016045 0.073481 0.029057 0.039675 -0.00093307 0.040223 0.014073 2.1904e-06 -2.1904e-06 2.1904e-06 2.1904e-06
4.6089e-05 0.00061693 0.00055972 0.00097221 0.0044684 0.00060275 0.010239 0.019763 -0.0040935 0.010146 0.0056558 0.021025 0.00015261 0.0019063 0.00053913 0.00326 -0.036179 -0.0052272 0.036592 0.019322 -0.0078226 -0.15596 0.6525 0.47169 0.20225 -0.11049 0.23144 0.12688 0.0010995 0.0009201 0.0026834 0.0034827 -0.042719 -0.0053434 0.046765 0.019858 0.034559 0.099827 0.19708 0.23407 0.16513 0.1158 0.17728 0.13083 -0.0036082 0.0020372 0.0045562 0.0058429 -3.6982e-05 -0.002827 0.010945 0.0031944 0.023921 -0.0088149 0.028869 0.011791 0.0063157 -0.0025687 0.0063157 0.0048713 -0.00050673 0.00010974 0.00058713 0.00059359
-0.0015271 -0.0034147 0.0015474 0.0034203 -0.040472 -0.10932 0.040472 0.10932 0.010696 0.011267 0.053803 0.11995 -0.0046666 0.0036834 0.012147 0.0087625 -0.016762 -0.024754 0.038066 0.11024 0.018281 -0.065496 0.23919 0.57883 0.14479 -0.037423 0.35384 0.41969 0.025652 0.029246 0.044196 0.074521 -0.0035508 -0.0092889 0.013503 0.022772 0.031038 0.091495 0.041063 0.092102 0.21074 -0.019258 0.29449 0.23203 -0.0080973 -0.037806 0.014764 0.042066 0.0010931 0.00058613 0.0011528 0.00076161 0.0063524 -0.00087688 0.010444 0.010201 -0.0012506 -0.013232 0.012904 0.033076 0.001899 0.00145 0.0020776 0.00836
-0.0017839 -0.0044125 0.002765 0.0064713 0.0047548 0.0082931 0.048769 0.047776 0.020844 -0.013325 0.027056 0.019475 0.0005038 0.00048247 0.00093328 0.00069666 -0.038457 0.015743 0.046912 0.028387 -0.11663 -0.058466 0.62736 0.1668 0.31441 -0.0061049 0.34101 0.07184 0.0036415 0.0052229 0.0051869 0.011897 -0.011334 -0.0023656 0.036234 0.054706 -0.0253 0.23236 0.22482 0.37232 0.15904 0.11983 0.16088 0.12483 -0.00059759 -0.00058417 0.0066202 0.0013278 -0.0016318 -0.00011248 0.0038368 0.00074426 0.0027083 0.00091786 0.016763 0.0056242 4.193e-06 0.0012555 0.0014966 0.0017043 -0.0002338 0.00014968 0.0008367 0.00031365
-8.3339e-06 -0.00085578 0.00051918 0.00087831 -0.0019871 -0.0024006 0.0038596 0.0059102 0.00039769 0.0044861 0.0041699 0.008977 -0.00062215 0.00064797 0.0007967 0.0021282 -0.0016791 -0.013244 0.0068302 0.021285 0.18595 -0.00079407 0.20629 0.093974 -0.082043 -0.10269 0.2571 0.31167 0.0086308 -0.010013 0.02559 0.066096 -0.0050841 0.025234 0.02586 0.11052 0.1014 -0.0032389 0.21674 0.57796 -0.017155 -0.011015 0.35428 0.42362 -0.0010005 -0.0073143 0.027911 0.062783 -0.00014264 0.00032965 0.00014264 0.00032965 -0.010837 0.032042 0.010975 0.032042 -0.020151 0.066663 0.024517 0.066663 -0.0031077 0.010489 0.0036404 0.010925
1.6512e-05 -0.00036296 0.00033099 0.0004334 -0.0083197 -0.0016134 0.021771 0.0058027 0.011736 0.011215 0.014675 0.011567 -1.1342e-05 0.0016162 0.00040635 0.0023158 -0.025962 -0.018421 0.076788 0.020928 0.1121 -0.055042 0.42211 0.41568 -0.077161 -0.19883 0.19478 0.3746 0.0091209 -0.031604 0.012717 0.054353 -0.026961 0.0097181 0.073818 0.019069 0.11548 -0.0021904 0.40198 0.26906 -0.079719 0.097566 0.16888 0.30751 0.013846 0.023254 0.015026 0.035427 0.00032481 -0.0011339 0.00043904 0.0011339 -0.0099792 -0.011395 0.02107 0.016846 0.013762 0.014205 0.015822 0.014205 0.00027826 0.00041817 0.00066541 0.00041817
-0.0043746 0.0011098 0.0053419 0.0011361 0.0065407 0.041751 0.0402 0.042101 0.038337 0.012339 0.10006 0.014066 0 0 0 0 -0.023449 0.0020256 0.028233 0.011709 0.037031 -0.083594 0.24316 0.25579 0.23612 -0.0059578 0.60113 0.094274 0 0 0 0 0.0016125 -0.0023134 0.032356 0.0063188 -0.14275 -0.0040442 0.16748 0.045871 0.37819 -0.11317 0.42423 0.16264 -0.0049132 -0.033922 0.0049132 0.033922 0.00027985 -0.0068844 0.0037161 0.0070276 -0.0089266 -0.04844 0.0094991 0.048825 0.0017959 -0.024387 0.0081445 0.024387 -8.0605e-05 -0.0012504 0.00045414 0.0012547
-0.0015715 0.00018417 0.0016046 0.0016116 0.0026186 0.0097084 0.018126 0.02041 0.050147 0.071612 0.054249 0.081693 0.0015589 0.0020585 0.0015589 0.0020585 0.001658 0.010971 0.0090398 0.013284 0.034989 0.068747 0.23611 0.074397 0.37412 -0.054826 0.4552 0.067935 0 0 0 0 0.009235 0.0081904 0.010991 0.0098452 0.0048133 0.13492 0.2979 0.21601 0.27781 0.023863 0.56086 0.074624 0 0 0 0 -5.1025e-05 0.00087653 0.0010471 0.0010741 -0.0052258 -0.0064079 0.01887 0.016168 0.03653 -0.014356 0.071107 0.016862 -0.00065262 -0.0026365 0.00065262 0.0026365
-0.0024282 -0.0086635 0.0024473 0.0086635 -0.019616 -0.064775 0.019853 0.064775 0.0076936 0.01802 0.02662 0.089957 0.0036758 0.0077628 0.010572 0.010912 -0.0053646 -0.008869 0.015147 0.095855 0.052201 -0.016095 0.14923 0.62952 0.10189 -0.085971 0.26309 0.50639 -0.0082133 -0.0039363 0.023744 0.056815 -0.0013816 0.0048788 0.0036595 0.0079914 0.011796 0.031496 0.027518 0.076048 0.21708 0.076225 0.32662 0.1723 0.00086373 0.0039082 0.011868 0.069972 0.00027702 0.0006455 0.00031358 0.00065211 0.0040485 0.0055446 0.0046515 0.0056258 0.0070806 -0.0076415 0.01273 0.017416 0.00060066 0.00057292 0.00077878 0.001531
0.00022827 -0.00108 0.0003229 0.0013778 -0.0063368 -0.025458 0.0076812 0.026639 0.008123 -0.024721 0.0094898 0.02693 0.0001012 0.00031251 0.00015244 0.00060532 0.00084721 -0.00094197 0.0018267 0.0037148 -0.14245 -0.057827 0.41953 0.12287 0.14396 -0.042185 0.3864 0.13789 0.0002787 -0.0017169 0.001652 0.0090098 1.3277e-05 -0.0016682 0.00060374 0.0018307 -0.33143 -0.068261 0.42223 0.078789 0.37256 0.036262 0.37432 0.052965 -7.1749e-05 -0.001446 0.0019322 0.0015309 -9.0654e-05 -3.4313e-06 0.00017583 0.00024298 -0.037305 -0.0021283 0.052545 0.0066776 0.050322 0.0030362 0.050663 0.0047516 0.00013443 -4.4052e-05 0.00060777 6.6677e-05
0.0004472 0.0013328 0.000707 0.0013328 0.0031433 0.018622 0.022074 0.022343 0.0075216 0.0053636 0.018055 0.026507 -9.4735e-05 -0.00095007 0.0043318 0.0016612 0.0030709 0.0046608 0.0062649 0.019721 -0.20005 -0.21121 0.37848 0.27366 0.30841 -0.11901 0.33662 0.26704 -0.0032827 0.0080067 0.0071871 0.018211 0.0051726 0.0038894 0.0051726 0.0044398 -0.051421 0.28723 0.21378 0.29155 0.14157 0.21832 0.25314 0.2256 -0.0014119 0.00061212 0.0017637 0.0025328 0.00030696 0.0012582 0.000382 0.0012774 0.0080731 0.0052848 0.032541 0.010989 3.5316e-05 0.0011336 0.0024458 0.00382 -0.00013693 4.9728e-08 0.0002228 0.00047218
-0.004946 -0.00058516 0.0057795 0.002896 -0.012168 -0.044497 0.052788 0.053128 0.0041459 -0.020704 0.038714 0.044894 0.0052629 -0.00017823 0.0076815 0.0053895 -0.020752 0.029116 0.034253 0.03869 -0.16938 0.10791 0.31854 0.39814 0.40963 0.021297 0.42525 0.14701 -0.0026439 0.0064377 0.010078 0.0076168 -0.0034046 -0.00016474 0.0096584 0.0073361 -0.098526 0.2183 0.20017 0.30036 0.15156 0.17612 0.1831 0.19368 -0.0017863 0.0021108 0.0054172 0.0043845 -9.0577e-05 6.4827e-05 0.00028561 0.00023166 0.0010573 0.0021198 0.0023726 0.0027786 -0.0003598 0.0014877 0.004852 0.0026647 -0.00018113 -4.3184e-05 0.00071463 0.00028475
0.00015695 -0.00053819 0.00046012 0.00064481 -0.026493 -0.011152 0.033949 0.011152 -0.011266 -0.0046833 0.051653 0.0095156 0.00093158 8.9577e-05 0.0026618 0.001436 0.00012139 -0.019377 0.0098566 0.022052 0.087721 0.06413 0.41736 0.13116 -0.24751 0.28585 0.41168 0.37666 0.010257 0.01848 0.03414 0.027803 -0.018109 0.0065808 0.018606 0.01301 0.20504 -0.057705 0.45793 0.11801 -0.096207 -0.02652 0.14573 0.11378 -0.01698 -0.0064202 0.02556 0.008741 -0.0010877 -0.0027541 0.0031235 0.0033546 0.020624 -0.043726 0.075569 0.071877 -0.0011683 -0.046144 0.02243 0.055442 0.0018507 -0.002695 0.0060682 0.0041616
-0.00031282 0.00023669 0.00048262 0.00039898 0.056142 -0.0035944 0.057955 0.010678 0.0073876 0.00026231 0.0094479 0.0091516 -7.4886e-05 0.00017102 0.00055135 0.0030223 -0.00099749 -0.00026111 0.0011057 0.0011978 0.33334 0.034581 0.34493 0.27267 0.057483 0.10743 0.098714 0.51564 -0.0040761 0.012761 0.010597 0.086904 -0.00053226 -0.0011987 0.0014639 0.0014418 0.42423 -0.039413 0.42599 0.064431 0.022082 -0.084216 0.023417 0.084216 -0.0037147 -0.012567 0.0054412 0.01354 -1.691e-05 -0.00024891 0.00016997 0.00027017 0.042373 -0.0097527 0.043549 0.024454 0.0047275 -0.024841 0.0086388 0.035268 0.00027596 -0.0036498 0.00105 0.0066611
-0.00058093 0.00020272 0.00078428 0.0024205 -0.0069953 0.008234 0.010469 0.02905 -0.004657 0.020222 0.0145 0.055556 0.00039535 -0.0038741 0.0016569 0.0078301 -0.0013064 -0.012252 0.0047357 0.012252 0.15877 -0.0093507 0.17535 0.10447 -0.046158 0.050844 0.16756 0.35634 -0.013461 0.030377 0.018226 0.047237 0.00203 0.0047223 0.021475 0.093404 0.23309 -0.1171 0.29234 0.37677 -0.12307 -0.09384 0.33809 0.52038 -0.010019 -0.019988 0.064053 0.061036 -0.0018366 0.0059335 0.0018366 0.0059335 -0.012101 0.1125 0.035034 0.1125 -0.026616 0.0059651 0.052862 0.10696 -0.0021847 -0.0095259 0.0037471 0.022263
-0.00038108 -0.00029885 0.0042654 0.001581 0.0086011 0.0037606 0.060183 0.013617 0.0037241 0.0036123 0.015726 0.0056238 0.0026432 -0.00029854 0.0027978 0.0004633 -0.019865 0.012256 0.021737 0.013733 -0.13634 0.032319 0.37163 0.10098 0.21805 -0.0017759 0.2553 0.11018 0.016422 0.003496 0.017401 0.0049683 -0.0032284 0.00017583 0.0039357 0.0031185 -0.2702 0.11794 0.46879 0.1287 0.3431 0.012293 0.47786 0.12652 -0.0010177 0.0017675 0.0042606 0.002034 -0.00020036 -5.6994e-05 0.00020384 0.00027547 0.0015166 0.0034023 0.018807 0.0081168 -0.0026648 -0.007083 0.12109 0.021464 0.00075472 -0.00038092 0.001236 0.0014182
0.00039745 -0.0013548 0.00094186 0.0015862 -0.016615 -0.03909 0.03604 0.043328 0.018173 -0.016546 0.022689 0.018558 -0.0016917 -0.001765 0.0016917 0.0021725 -0.01752 -0.053053 0.030672 0.059183 0.23674 0.062577 0.34199 0.22746 -0.030664 0.13206 0.10807 0.33433 0.015103 0.0026534 0.022766 0.034743 0.01039 0.050406 0.037002 0.064381 0.30508 -0.0025643 0.60131 0.33394 -0.057311 0.02783 0.13284 0.10859 0.0050104 -0.00058222 0.017958 0.011594 -0.0018463 0.001016 0.00191 0.001609 0.0045222 -0.0029341 0.063066 0.025251 0.012586 -0.0080184 0.01383 0.010071 -0.0028774 0.0020391 0.0036495 0.0024404
-3.1877e-05 1.4712e-05 0.00013414 7.2112e-05 0.049713 -0.0079921 0.052057 0.013565 0.0067101 -0.0032454 0.0067768 0.0071813 5.8357e-05 -0.00039731 0.00039227 0.0011023 -0.0031985 -0.00032609 0.0033333 0.0012205 0.25482 0.069233 0.32946 0.28458 0.041156 0.16482 0.084715 0.59412 0.00095006 0.02155 0.015526 0.10914 -0.0011625 0.00010967 0.0015644 0.0022199 0.39079 -0.011617 0.40696 0.057537 0.030896 -0.040187 0.039552 0.044876 0.0005107 -0.0098171 0.004007 0.010201 2.532e-05 -0.00031149 0.00024413 0.00033938 0.050248 -0.0020924 0.05075 0.0082808 0.0028654 -0.0085603 0.0039136 0.0085603 0.00010954 -0.0015524 0.00031187 0.0015782
-0.00012967 0.00054792 0.00026921 0.0012599 0.061282 0.0087605 0.063272 0.012674 0.0082697 0.012855 0.011322 0.01872 -0.00023873 0.00028337 0.00089545 0.0012675 0.00026336 -0.0031273 0.00086717 0.004111 0.39611 0.058618 0.4114 0.17069 0.032801 0.050766 0.095997 0.45061 -0.0069517 -4.2443e-06 0.014021 0.071042 0.001762 -0.00056753 0.0018551 0.0013343 0.39549 -0.06966 0.39874 0.080232 0.01893 -0.1544 0.048516 0.1544 0.0080823 -0.0066102 0.018926 0.025575 0.00077581 -0.00012241 0.00077581 0.000404 0.045906 0.036996 0.053782 0.073793 -0.0049296 0.029991 0.025022 0.13928 0.0019954 0.00063875 0.0062342 0.017392
0.00082319 0.0016324 0.0016591 0.0064947 -0.021398 0.013625 0.024607 0.057394 0.031884 -0.02008 0.045898 0.032912 -0.00028385 0.00063219 0.00029847 0.00063219 -0.042189 0.012587 0.047073 0.028209 0.11958 -0.012603 0.33144 0.14229 -0.018059 0.040174 0.54868 0.095483 -0.0028665 0.0040453 0.0042853 0.0042475 -0.055913 -0.026167 0.057435 0.049549 0.19301 0.02464 0.32886 0.13231 -0.03658 -0.026174 0.57708 0.098133 -0.0016798 -0.0024649 0.008085 0.016023 -0.00082301 0.0059222 0.0014993 0.0059552 -0.023209 -0.014326 0.026332 0.058004 0.033565 0.028809 0.048627 0.042827 7.1578e-05 0.0003701 0.0010114 0.00043554
-7.4158e-05 0.00024604 0.00031521 0.00063384 -0.052136 -0.0010435 0.052463 0.0077096 0.055973 -0.0015379 0.057212 0.0065629 -0.00016304 2.4159e-05 0.00035157 0.00038607 8.4906e-05 0.0014056 0.0020312 0.0014948 -0.3688 0.028982 0.37244 0.035237 0.36747 -0.015726 0.38629 0.051496 -0.00021205 0.0015655 0.0011091 0.0019151 2.841e-05 0.0014625 0.0030764 0.0020141 -0.27428 0.065642 0.34663 0.11057 0.25973 0.024907 0.3392 0.1627 -0.00096316 0.00094057 0.0022849 0.0048108 2.1597e-05 -0.00027353 0.00048094 0.0020393 -0.017987 0.0082585 0.018509 0.019269 0.014722 0.02079 0.015207 0.021884 -2.8654e-05 0.0014308 0.00034429 0.001585
0.014361 0.0023268 0.015648 0.0023498 0.024507 0.0082878 0.087197 0.016088 0.019703 0.0077466 0.019703 0.0078715 2.4606e-05 -1.0601e-05 4.3425e-05 1.4111e-05 0.11472 -0.0046326 0.12702 0.0065746 0.20845 0.0036528 0.64253 0.084324 0.084487 0.00075732 0.089504 0.018049 0 0 0 0 0.087443 0.0066652 0.09863 0.012676 0.22932 -0.030519 0.61418 0.071678 0.095815 -0.012971 0.098188 0.025082 -0.00024695 0.00021127 0.00046033 0.00033734 0.012737 -0.00056219 0.013682 0.0011903 0.027435 -0.0021352 0.081299 0.0074837 0.022031 0.00054128 0.022031 0.0062015 -5.9382e-05 -5.9382e-05 5.9382e-05 5.9382e-05
0.00023137 -0.0010344 0.00065169 0.0012531 0.0018553 0.0015348 0.0043629 0.0048687 0.0069052 0.053033 0.0183 0.055989 -0.0010997 0.0071439 0.0012589 0.0082955 -6.348e-05 -0.0062933 0.002642 0.0067037 0.26278 -0.0015091 0.30468 0.07649 -0.13142 -0.12144 0.26756 0.30086 0.0060913 -0.03802 0.015311 0.0988 1.6264e-05 -0.010842 0.0056656 0.077184 0.25642 -0.011516 0.33258 0.36681 -0.22234 -0.039245 0.32218 0.32963 0.010796 0.036757 0.019855 0.068241 0.0011871 0.0039072 0.0040211 0.0083478 0.0077163 -0.047048 0.018712 0.12479 0.01472 -0.042611 0.068774 0.085037 0.0045459 -0.015028 0.0061713 0.019883
-0.00093294 -0.00078498 0.00099642 0.00080228 0.0046804 -0.0011703 0.042908 0.0048744 0.063703 -4.6265e-05 0.063703 0.0046257 0 0 0 0 -0.0059012 -0.0075534 0.0059012 0.0075534 0.02965 -0.040784 0.21602 0.058332 0.47745 -0.017068 0.47794 0.038531 0 0 0 0 -0.0041361 -0.0084438 0.0041361 0.0084438 0.11226 0.10482 0.23294 0.21792 0.39281 -0.075251 0.39281 0.15665 8.8084e-05 -0.00050029 0.0003462 0.00052374 0.00029984 0.0010374 0.00084785 0.001203 0.012898 -0.0092554 0.031405 0.060683 0.017193 -0.027088 0.046678 0.080347 0.0040181 -0.0058494 0.0043977 0.0064913
-0.00072982 0.001263 0.0018246 0.0013114 0.015114 0.011757 0.024845 0.013438 0.054587 0.027314 0.055091 0.027373 5.5043e-05 7.4983e-05 5.5043e-05 7.4983e-05 -0.0065131 0.0058472 0.014984 0.0059696 0.02066 -0.0091783 0.17551 0.041407 0.43707 -0.039088 0.43707 0.051164 0 0 0 0 0.0010493 0.015669 0.023688 0.019624 -0.087139 0.07634 0.21474 0.14279 0.48948 0.024102 0.48948 0.024102 0 0 0 0 0.0014513 0.00011698 0.0047739 0.0015015 -0.018806 7.507e-05 0.048801 0.027995 0.058026 0.00056408 0.058026 0.0038129 0 0 0 0
4.825e-05 -0.00030354 4.9186e-05 0.00042868 0.046619 -0.0060494 0.053685 0.015326 0.014531 0.018199 0.017373 0.020002 -0.0006541 0.0012534 0.0012884 0.0014422 -0.0020296 0.0016493 0.0030105 0.010592 0.42227 0.033192 0.43094 0.069575 0.060818 0.020288 0.076708 0.093891 0.0055023 0.00071296 0.0084934 0.021391 -0.0023671 -0.00083683 0.0025755 0.0023492 0.35454 -0.047488 0.37089 0.25292 0.086622 -0.065116 0.10627 0.48785 -3.738e-05 -0.0082138 0.0061949 0.054382 1.5249e-07 -0.00015679 0.00021806 0.0002701 0.069449 -0.0032652 0.070765 0.010475 0.0071976 -0.011862 0.0073456 0.012093 -0.0015035 0.00026583 0.0016093 0.003156
0.00020473 0.00058125 0.0010172 0.0013443 0.035292 0.013623 0.037314 0.015814 0.0289 0.012448 0.0289 0.018967 0.00072768 -0.00086123 0.0010212 0.0014643 -0.00082957 -0.00035301 0.00082957 0.00042584 0.40287 0.071905 0.41702 0.083698 0.05913 0.026056 0.067216 0.057057 -0.0012076 0.0067303 0.005369 0.014947 -0.0015253 -0.0011004 0.0019419 0.002231 0.26179 0.022513 0.32788 0.42307 0.11467 -0.13166 0.17428 0.45637 0.0076782 -0.022188 0.011303 0.024412 0.00014819 0.00043036 0.0004262 0.00057393 0.051905 0.0080171 0.05305 0.012306 -0.007851 0.027216 0.014234 0.033208 -0.0017768 0.0089148 0.0035787 0.014931
-0.0012713 -0.00035502 0.0012836 0.00036081 0.021907 1.066e-05 0.06294 0.012757 -0.012053 0.0019829 0.10818 0.032593 0.0016315 0.00058927 0.0016315 0.00058927 -0.0081012 -0.033524 0.010346 0.033537 -0.23026 -0.18881 0.52322 0.27208 0.45069 -0.06371 0.4772 0.24205 0.00406 -0.019722 0.0068387 0.021008 -5.5929e-05 -0.00048539 0.0010817 0.0021942 0.0069489 0.028938 0.029598 0.062705 0.028038 -0.075809 0.046494 0.15149 0.0018727 -0.05934 0.0090582 0.090772 -8.5766e-05 6.846e-05 8.6817e-05 0.00012094 0.00080154 -0.0012976 0.0010641 0.0012976 0.00087069 -0.0025146 0.0013958 0.0027824 8.9083e-05 6.203e-05 9.9743e-05 0.00050911
0.0058024 -0.0044586 0.0063224 0.0045397 0.013035 -0.0058088 0.01306 0.0079688 0.00031068 4.6293e-05 0.0037107 0.0041939 -3.182e-05 0.00031355 0.00050652 0.00051382 -0.012414 -0.015385 0.050429 0.035269 0.20061 -0.25154 0.20061 0.27265 0.18711 -0.098139 0.19805 0.14453 -0.0014106 -0.001205 0.0045763 0.010178 -0.035576 0.040304 0.044956 0.040663 0.11646 0.19406 0.43639 0.48734 0.26167 0.090154 0.30574 0.12082 0.00066927 -8.2719e-06 0.0049034 0.0056179 -0.0082924 -0.00089064 0.010487 0.0028429 0.025131 0.0096591 0.02642 0.013466 -0.0015005 0.00046716 0.0018114 0.0023215 -0.0001238 -0.00012531 0.00034957 0.00024628
0.0006437 -0.00014677 0.0031084 0.00030469 0.0028598 3.4474e-05 0.0030132 0.0025636 0.0037893 -0.0035062 0.0038581 0.0042212 -0.00031893 -0.00058242 0.00058007 0.00062506 0.008554 -0.0018556 0.016795 0.0080556 -0.14997 -0.11162 0.16957 0.12623 0.16528 -0.11689 0.20676 0.15278 -0.00026595 -0.0046021 0.0072897 0.0089972 0.0034949 -0.00095679 0.0054564 0.0025587 -0.33452 -0.13859 0.52675 0.19429 0.40776 0.060021 0.40898 0.12114 -0.0077926 -0.0051 0.0094967 0.007381 0.00022734 -0.00042421 0.00078219 0.0012404 0.012733 0.0068876 0.11419 0.02729 0.0064132 0.0021797 0.010045 0.0073388 -0.00051693 -0.00058385 0.0012413 0.0015953
0.0085544 -0.00016737 0.013331 0.0013688 0.043525 -0.0052106 0.089745 0.013211 0.0027836 6.9992e-05 0.0027836 0.00088716 0 0 0 0 0.025279 -0.00070919 0.053035 0.0027888 0.31614 0.01457 0.59055 0.095357 0.049094 -0.0039123 0.049094 0.012685 0 0 0 0 0.062252 0.0012541 0.10664 0.0096185 0.26726 -0.010554 0.63201 0.14254 0.052744 0.0055163 0.052744 0.019557 0 0 0 0 0.0086878 0.00058235 0.014654 0.00091586 0.039395 -0.00096688 0.088352 0.019374 0.0039448 -0.013927 0.0077324 0.014158 -0.0005848 -0.0031659 0.00076019 0.0034785
5.6412e-05 -0.0053022 0.0034526 0.005527 -0.0089528 -0.0075 0.022423 0.025219 0.0043508 0.00013022 0.015783 0.019518 0.00053043 0.00050855 0.00082533 0.0060869 0.010112 0.0078762 0.02952 0.035637 -0.080593 -0.012549 0.35503 0.66757 0.26589 0.03602 0.26623 0.097769 -0.0062943 0.01058 0.011392 0.014695 -0.008921 0.029271 0.011471 0.03047 -0.13576 0.14819 0.17134 0.15212 0.1762 0.0010317 0.33892 0.14339 0.0030237 -0.0019669 0.0073024 0.0059749 -0.00024034 6.9192e-06 0.00045091 0.00046394 -0.019363 -0.0048609 0.02962 0.013554 0.014263 0.011301 0.02807 0.018358 0.00024193 -0.0001986 0.00051625 0.00044153
-8.6643e-05 0.00025507 0.00022058 0.00044843 -0.010166 -0.026084 0.091265 0.029948 0.0043886 -0.0066868 0.014514 0.014227 -0.00045396 0.0026119 0.0020437 0.0037044 -0.0034093 0.0012251 0.0075284 0.011611 -0.084124 -0.16847 0.16255 0.21209 0.11434 -0.10717 0.23871 0.25073 0.002261 0.0077357 0.012923 0.029292 0.0052167 0.0054223 0.014051 0.032941 -0.29055 0.23056 0.36157 0.23921 0.30415 0.096251 0.49877 0.23218 -0.0040669 0.00011856 0.0049342 0.0023576 0.00095301 0.00019171 0.0024215 0.00050182 -0.023747 0.010589 0.026293 0.010589 0.0074437 -0.0042023 0.060166 0.019521 0.0002734 0.00042558 0.00064456 0.00098761
0.010967 -0.0013973 0.034182 0.0017112 0.0039723 0.00072855 0.027742 0.0026624 0.0030847 0.00027768 0.027858 0.0041839 -0.0035125 0.00033652 0.0035941 0.00051808 0.052314 -0.010822 0.27291 0.025741 -0.10763 -0.16535 0.36996 0.19176 0.14274 -0.21664 0.246 0.25377 -0.0095666 0.0012606 0.015748 0.017903 0.037985 0.0092918 0.28376 0.015066 -0.030293 0.11693 0.39321 0.38695 0.1162 0.11793 0.20551 0.18972 -0.0099376 -0.012105 0.014626 0.016592 -0.015276 0.0010007 0.015882 0.0021615 0.028979 -0.0097315 0.062812 0.012723 -0.0082431 0.0031598 0.019943 0.006856 -0.0002427 -0.00033174 0.0015954 0.0010189
0.00013327 -2.1399e-05 0.0014087 0.00024649 -0.035064 -8.5603e-05 0.035064 0.0044321 0.066244 -0.0032127 0.084574 0.0059785 -0.00045378 0.00064938 0.00058574 0.00090221 3.6419e-05 -0.011581 0.013483 0.012121 -0.24369 -0.047565 0.24369 0.047855 0.44741 -0.01973 0.48325 0.038051 -0.0084448 -0.00057787 0.016283 0.036696 0.0039731 0.0042775 0.0082006 0.010578 -0.19266 0.037924 0.19266 0.076981 0.4017 0.022348 0.41237 0.057284 -0.014811 -0.013896 0.022413 0.024602 0.00038614 -0.00026886 0.00059686 0.00042368 -0.022871 -0.0011293 0.022897 0.0026678 0.051282 -0.0041485 0.051435 0.0046196 -0.0011613 -0.00084381 0.0047497 0.00085238
-0.0051587 0.0015774 0.0067989 0.0029218 0.013113 -0.00052025 0.036354 0.0070998 0.028216 -0.0017376 0.029421 0.0048746 -0.00061448 -0.00015547 0.0012496 0.00047803 0.0080672 0.0079598 0.029228 0.015675 0.11955 0.063237 0.46573 0.15193 0.10452 0.047878 0.11131 0.049901 -0.0023643 0.0018868 0.0080795 0.003028 0.010889 0.0040982 0.021787 0.0051151 0.1359 -0.042121 0.79163 0.17324 0.021129 -0.029621 0.11589 0.047977 -0.0036785 -0.0017097 0.0063951 0.0039966 0.0015575 0.0011147 0.001734 0.0011736 -0.028856 0.0094146 0.087021 0.020304 0.044891 0.0059176 0.054003 0.020174 -1.8735e-05 0.0019881 0.00066232 0.002102
-0.00058788 -0.00014131 0.0022503 0.00062534 0.0052732 -0.001018 0.0054653 0.0034062 0.0052009 -0.0028167 0.0054616 0.0048394 -0.00030242 -0.00050145 0.0006924 0.00088119 0.0099746 -0.002304 0.017527 0.0080018 -0.091876 -0.13968 0.13096 0.15654 0.13516 -0.12781 0.13731 0.14286 -0.0019897 -0.0027895 0.0053102 0.0043764 0.0036949 -0.0013014 0.0060251 0.0028074 -0.22375 -0.17194 0.65024 0.29679 0.33289 0.060575 0.34234 0.1121 -0.0025754 -0.0097247 0.0080408 0.015278 0.00011217 -0.00038687 0.00052274 0.0010543 0.029367 0.013395 0.13066 0.049184 0.00025174 -0.0042048 0.0049268 0.0047873 -0.0012676 -0.00017221 0.0021325 0.0014032
6.8828e-05 -0.00016623 0.00093283 0.0012978 -0.02639 -0.0018763 0.027361 0.0090335 0.081406 -0.0054316 0.081406 0.0062779 0.00015842 -0.00044998 0.0012484 0.00048041 -0.0050258 -0.011304 0.0094541 0.014044 -0.10236 -0.070589 0.1319 0.098728 0.51631 -0.094654 0.52238 0.094654 0.0030316 -0.0094539 0.0066325 0.010286 -0.014369 -0.012528 0.016878 0.014991 0.093367 -0.038731 0.20211 0.098324 0.37244 0.077255 0.37382 0.16987 0.0028875 -0.0040029 0.0077511 0.010267 -0.00073948 -0.0012635 0.001161 0.0013616 0.029591 -0.011926 0.052418 0.018416 0.049121 0.0085019 0.049121 0.019734 0.00040719 -0.0005521 0.0010719 0.00072072
0.00020539 0.00017299 0.00088065 0.00042433 -0.0020461 -0.0003901 0.083826 0.0095099 0.043985 0.0020999 0.043985 0.0071417 6.8424e-06 5.3063e-06 7.6502e-06 6.114e-06 0.001697 0.0030068 0.0067443 0.0030165 -0.00045937 -0.0097718 0.56788 0.0482 0.29347 -0.010566 0.29423 0.030423 5.7608e-05 -3.5187e-05 0.0002042 0.00055878 0.0023457 -0.0031451 0.0071006 0.0033821 0.020613 -0.0053241 0.57889 0.033139 0.26993 -0.0026967 0.26993 0.032594 0.00026586 5.3054e-05 0.00049659 0.0004888 -0.0020585 0.00013675 0.0030138 0.00044398 0.010445 -0.0012812 0.060586 0.0050964 0.037267 0.007102 0.037275 0.0078435 0 0 0 0
-9.1553e-05 -0.0001824 0.00015084 0.00047112 -0.046628 0.0031654 0.056834 0.010743 0.058987 -0.0056211 0.059707 0.0092949 -0.0001411 -0.00010621 0.00044174 0.00024553 0.00017238 5.4532e-06 0.00097125 0.0013698 -0.3403 0.016729 0.42476 0.039094 0.39065 -0.024442 0.39366 0.048925 -0.00048124 -0.0055878 0.0026346 0.007021 -0.00083786 -0.0019991 0.0018784 0.0057799 -0.25354 0.059396 0.36743 0.088663 0.28232 0.019659 0.28324 0.05627 0.00015135 0.0028307 0.0028961 0.0074683 0.00013671 -0.00016329 0.00015756 0.00023724 -0.021114 1.5566e-06 0.050957 0.0045093 0.023616 -0.0031145 0.026425 0.0036155 -0.00021925 -6.7947e-05 0.00056875 0.00025343
-0.00015953 0.00011127 0.000468 0.0015412 -0.0031482 0.0021267 0.0046406 0.017708 -0.0042381 0.0045256 0.0075221 0.025557 -0.00069275 0.002066 0.0010483 0.0050708 0.0010162 -0.011727 0.0035898 0.011727 -0.0049531 -0.077395 0.031219 0.078329 0.14561 0.033924 0.30125 0.13854 -0.0087027 0.002942 0.019009 0.1095 0.00085505 -0.015627 0.018364 0.081547 0.0014289 -0.16773 0.070019 0.44514 0.18346 -0.19297 0.52087 0.41409 -0.0078478 -0.012562 0.028777 0.11388 -0.0030128 0.0163 0.0056862 0.0163 -0.0096894 0.15348 0.011685 0.15348 -0.0042206 0.11062 0.038431 0.11191 -0.006053 0.00030216 0.0084503 0.01844
0.00059021 0.00013446 0.00061953 0.00024023 0.073316 0.00016525 0.074745 0.005097 0.00032287 0.00062663 0.00066273 0.00062663 -8.5634e-05 0.00050467 9.392e-05 0.00050467 0.0048951 0.00059401 0.0048951 0.00088453 0.49582 0.0057689 0.50321 0.036734 0 0 0 0 0 0 0 0 0.0050636 -0.0011921 0.0050636 0.0018656 0.48786 0.0018697 0.48786 0.052321 0.0029481 -0.0015778 0.0035043 0.0028369 0 0 0 0 0.00087045 0.00049327 0.00087045 0.00049327 0.068744 0.007961 0.069141 0.0098409 0.00096097 0.00014017 0.00096097 0.00048804 0 0 0 0
0.00042028 -0.00042451 0.0010405 0.00059762 -0.012497 -0.0027399 0.10267 0.0036374 0.016935 -0.0047244 0.022791 0.0051758 0.001253 -9.2244e-05 0.0024939 0.00040636 0.0013189 -0.00082313 0.0049029 0.0058607 -0.082195 0.00039409 0.6932 0.052688 0.066401 -0.10181 0.19934 0.11702 0.0077598 -0.0056219 0.022406 0.027485 -0.027659 0.013182 0.038142 0.02122 -0.082066 0.012703 0.56261 0.031403 0.11752 0.092954 0.20949 0.15098 -0.0061442 0.00786 0.010591 0.010418 -0.005202 -0.00038109 0.013056 0.00077932 -0.048714 -0.0029379 0.051738 0.0039195 0.055174 -0.0040963 0.060576 0.0050127 -0.00092638 8.4619e-05 0.0010101 0.00033078
-0.0012857 0.0020288 0.0020294 0.0021041 -0.0090879 0.0164 0.025607 0.016626 0.055322 -0.0032031 0.095995 0.018764 2.8952e-05 2.8952e-05 2.8952e-05 2.8952e-05 0.0035429 0.007842 0.0085905 0.013202 0.067016 0.11431 0.35111 0.11451 0.13446 0.11973 0.48655 0.21558 0.00075181 -0.00012452 0.00075181 0.00012452 0.010487 0.0059286 0.010646 0.006942 0.053949 0.0025525 0.27829 0.10012 0.058202 -0.059216 0.48132 0.42338 0.01096 -0.003693 0.011349 0.003693 0.0023408 -0.0017149 0.0027624 0.0018613 0.0011563 -0.014806 0.040802 0.01737 -0.019308 -0.023318 0.052652 0.027074 0.0010281 -0.018662 0.0081134 0.018662
0.0017936 0.00094366 0.0041827 0.0034609 -0.013701 -0.0086097 0.02477 0.01581 0.0057574 -0.032099 0.037429 0.054754 0.0024726 0.00018306 0.0032708 0.0037794 0.008701 -0.049291 0.042072 0.057246 0.082116 -0.033047 0.39427 0.34992 0.11008 0.17764 0.23391 0.3144 -0.0080761 0.010208 0.020142 0.01997 -0.026497 0.048484 0.035554 0.055007 0.36191 0.0015791 0.53989 0.25683 -0.0036962 0.019864 0.050012 0.033893 0.00024948 0.0048071 0.0076234 0.0056527 -0.0017287 0.0011305 0.0040096 0.0039185 0.0079931 0.027882 0.010993 0.029432 0.0011304 0.00064308 0.0059121 0.0039897 -6.036e-05 9.9876e-05 0.00029266 0.00026479
-0.00041582 -8.4548e-05 0.00047589 0.00017548 -0.027854 -0.00042228 0.05162 0.0046455 0.051624 0.001958 0.061579 0.0052367 0.0018198 0.00011428 0.0018272 0.00030321 0.00029064 -0.0041725 0.0032001 0.0045824 -0.22376 -0.068054 0.31799 0.080432 0.41484 -0.0063717 0.4276 0.027169 0.012998 0.0019619 0.012998 0.0019619 -0.0017184 -0.0027158 0.0051101 0.0043706 -0.19324 0.045234 0.2237 0.062545 0.40122 -0.013503 0.45424 0.05018 0.011878 -0.0024685 0.011878 0.0024685 -0.00038854 -2.5374e-05 0.0004172 0.00012983 -0.014683 -0.00047452 0.028059 0.00094005 0.044066 0.00025171 0.070667 0.00051301 0.0015417 0.00018454 0.0015417 0.0005147
-0.0004673 -0.0010697 0.0027551 0.0015824 0.00024644 -0.013959 0.06108 0.019491 -0.034459 -0.023536 0.034459 0.02431 0.038596 0.0073265 0.03886 0.0073398 -0.025653 -0.025596 0.026164 0.025725 -0.077153 -0.17316 0.24456 0.17316 0.20249 0.095215 0.42686 0.38404 0.18118 0.024446 0.18118 0.032952 -0.027031 0.002949 0.028462 0.022205 0.014624 0.15012 0.10216 0.17082 0.21937 -0.0092161 0.34741 0.34703 0.10323 -0.090467 0.14301 0.12938 0.00062029 0.00103 0.0026895 0.0027141 0.0056672 0.010883 0.038023 0.032507 -0.0012042 0.020093 0.0087818 0.023375 0.0030523 -0.001912 0.0073138 0.0050265
0.0005441 5.057e-05 0.00057565 0.00012806 0.070625 -0.003814 0.076289 0.01401 -0.00041706 0.0085167 0.0019671 0.0085901 -0.00032756 0.0022518 0.00043543 0.0022518 0.0050869 0.00031341 0.0051244 0.00070404 0.48813 0.018755 0.49906 0.076187 0 0 0 0 0 0 0 0 0.0053281 -0.00025582 0.0053281 0.0010866 0.48841 -0.023378 0.48841 0.084086 0.0010131 -0.0014208 0.0013966 0.0018043 0 0 0 0 0.00048086 -0.00014806 0.00048086 0.0004982 0.071768 0.00052908 0.072381 0.01102 0.0008543 0.00027968 0.0008543 0.00042011 0 0 0 0
0.00010813 -0.0040794 0.0017083 0.0041061 -0.032835 -0.044417 0.034977 0.049633 0.0039319 -0.019972 0.036248 0.036988 0.00050122 -0.00076103 0.0013745 0.0012968 -0.030436 -0.032666 0.035634 0.033053 -0.059762 -0.044825 0.16412 0.23582 0.20327 0.1275 0.22197 0.20244 -0.0077831 0.030135 0.015314 0.047892 -0.0098266 -0.00061364 0.038072 0.047787 -0.089653 0.022795 0.5128 0.36275 0.3857 -0.061593 0.40043 0.12929 -0.00063115 0.00048917 0.010738 0.010876 0.00049964 0.0082577 0.0033259 0.0082944 -0.014825 0.041723 0.019463 0.041723 0.01337 -0.0004285 0.06196 0.035715 0.00066769 -0.0012788 0.00068846 0.0014182
-0.0046382 -0.0043041 0.0050397 0.0049561 0.01246 -0.037585 0.0187 0.039106 0.0011504 -0.0031642 0.0039481 0.0037458 0.00024186 1.4449e-05 0.00047881 0.00028702 -0.032413 -0.051884 0.089533 0.078508 0.37713 -0.027157 0.46257 0.31731 0.061111 0.059412 0.075993 0.10986 0.0018744 -0.0084048 0.010303 0.028375 -0.037608 0.060483 0.039984 0.099829 0.28055 0.03248 0.43466 0.32569 -0.012611 -0.14099 0.077294 0.27356 0.0025916 -0.0072263 0.0083399 0.028682 -0.0068725 0.0031398 0.0075915 0.0037596 0.018893 0.0020919 0.01942 0.019387 -0.0013652 -0.012893 0.002961 0.012893 0.00030262 -0.00095658 0.00058703 0.00096717
-0.001171 -0.0016609 0.0038733 0.0025401 -0.0028976 -0.0063219 0.02314 0.022983 -0.00022844 0.010651 0.024284 0.024144 0.002181 0.0031109 0.0022147 0.0031615 0.012976 -0.0415 0.045944 0.051315 0.052029 -0.021334 0.42733 0.4015 0.13697 0.092258 0.26447 0.20123 0.011292 0.00054266 0.027492 0.02883 -0.04782 0.059378 0.053893 0.070436 0.33308 0.11807 0.49255 0.34471 -0.01724 0.024636 0.044014 0.035742 -0.0083897 0.0066538 0.0099494 0.0088057 -0.00079577 0.0013102 0.00093419 0.0017677 0.0015069 -0.0010311 0.0057307 0.0050296 0.0015701 0.001981 0.0045561 0.0038336 -0.00050507 0.00016892 0.00062858 0.00043531
0.0082371 0.0018962 0.016253 0.0036742 0.023602 0.0054895 0.10538 0.0096021 0.014174 -0.00049299 0.014202 0.0016147 0 0 0 0 0.063123 -0.016984 0.08524 0.027266 0.1567 0.18598 0.56625 0.27415 0.070501 -0.0020589 0.070501 0.013741 0 0 0 0 -0.036791 0.0089769 0.047279 0.042177 0.25668 -0.21515 0.549 0.24423 0.086713 0.0013219 0.086713 0.0055682 0 0 0 0 -0.0035024 0.001361 0.0037146 0.0014048 0.04732 0.00034556 0.11635 0.01171 0.014338 -0.00097534 0.014338 0.0040885 0 0 0 0
0.00030816 -0.0011662 0.0019799 0.0033284 -0.017106 -0.058051 0.027854 0.060489 -0.0037652 -0.015684 0.012513 0.018017 0.00061291 -0.00012681 0.0013041 0.00065507 -0.012488 -0.015396 0.019193 0.034779 -0.147 -0.2802 0.16708 0.28299 0.281 -0.21977 0.281 0.23302 0.0064726 0.0020393 0.017545 0.0051251 -0.00059945 -0.029109 0.035408 0.03515 -0.19764 0.13517 0.19848 0.1404 0.40717 0.1569 0.42118 0.16427 0.0036781 -0.0027258 0.036388 0.010491 0.010964 0.0034621 0.011912 0.0041947 -0.0071082 0.0047173 0.015595 0.0071322 0.040278 0.0084874 0.040278 0.0089938 -0.0048968 -0.0014642 0.0071485 0.0016229
-0.00033341 -0.016165 0.0018685 0.016747 0.018924 -0.059433 0.020272 0.060974 0.001844 4.7055e-06 0.0021815 0.0025428 0.0004173 0.00027061 0.00057121 0.00046888 -0.011614 -0.023002 0.022281 0.093942 0.29449 -0.038646 0.4954 0.38289 0.031505 0.017991 0.031833 0.094495 -0.00704 -0.0035539 0.012901 0.014688 0.015154 0.058701 0.031974 0.075818 0.14925 0.1433 0.53307 0.28286 0.023808 -0.01604 0.04402 0.24007 -0.01852 -0.0079197 0.025542 0.026159 -0.0045759 -0.0037928 0.0071465 0.0060828 0.021343 -0.031048 0.077897 0.038096 0.017346 -0.0034976 0.021827 0.0063632 -0.003069 0.00038651 0.0041944 0.00038651
0.0015983 -0.00036911 0.001633 0.00056901 0.015652 -0.00073443 0.093579 0.0074776 -0.0023675 -0.0055282 0.018379 0.0077287 -0.0010376 -0.00047556 0.0012591 0.0013542 -0.013221 0.0061208 0.026129 0.019246 0.089928 0.029813 0.61282 0.17728 -0.023974 0.039854 0.18961 0.21003 -0.0061095 -0.0095999 0.0086144 0.013002 -0.023361 -0.006283 0.073846 0.010245 0.15725 -0.045765 0.64788 0.048789 -0.089028 -0.019879 0.12632 0.039742 -0.0027304 0.00035781 0.0074673 0.0078163 -0.0021975 -0.0033652 0.0057748 0.0034425 0.024034 -0.0036703 0.091715 0.0049326 -0.010701 -0.0074466 0.016771 0.0077632 7.6414e-05 -0.00061589 0.0013352 0.0010229
-0.0011874 -0.0020528 0.0029368 0.0046411 0.0076812 0.0058519 0.012357 0.0073311 -0.0022986 0.0001063 0.0075835 0.0028751 -0.00027304 0.00028085 0.00035754 0.00091186 -0.033271 0.014765 0.037029 0.044776 -0.0086982 -0.070624 0.24339 0.29534 0.060308 -0.048023 0.43505 0.29749 -0.0018766 0.0050457 0.0027028 0.0050457 -0.044876 -0.023153 0.05068 0.03259 0.17052 0.031396 0.45252 0.1093 -0.065859 0.013255 0.52879 0.10787 -0.0012698 0.0027195 0.0043541 0.004063 -0.00043959 0.0035086 0.0057961 0.0086498 0.0088837 0.00029411 0.036272 0.035618 0.0085471 0.0081142 0.081718 0.034672 0.00037883 -0.0017405 0.0017018 0.0027231
0.0024031 -0.00064766 0.0061771 0.0043954 0.026652 -0.023317 0.064783 0.047023 -0.016747 0.0074751 0.017681 0.01512 -0.00042019 -1.9003e-05 0.00057039 0.0010322 -0.018351 0.013056 0.021264 0.014272 0.27127 0.12402 0.47118 0.14398 -0.12618 0.027744 0.12618 0.030126 -0.0061883 0.0028624 0.0091221 0.0032148 0.0043988 0.0053932 0.0079271 0.008527 0.16837 -0.026383 0.72328 0.16874 -0.11458 0.025606 0.14869 0.044764 -0.0043135 0.004381 0.0058641 0.0049786 0.0010215 0.0019181 0.0013745 0.0019184 0.0043426 0.031882 0.054367 0.032221 -0.010678 0.00057711 0.029052 0.0054489 -0.00033868 0.00012083 0.0015723 0.00086602
0.0017043 0.0015233 0.0040399 0.0019486 -0.015182 -0.0086715 0.015999 0.010375 -0.0010218 -0.0097582 0.073158 0.065285 -0.0015446 0.0010562 0.0029874 0.0043388 -0.027492 -0.064207 0.04245 0.067028 0.13976 -0.074647 0.42487 0.30951 0.053634 0.2287 0.22345 0.41056 -0.0022335 0.0028703 0.014294 0.0048577 0.01184 0.017544 0.04781 0.041935 0.34329 -0.078048 0.4543 0.20261 0.071871 0.016803 0.092797 0.037614 -0.0046807 0.0010399 0.0059437 0.0058912 -0.0040577 0.0052387 0.004958 0.0079919 0.012516 0.030326 0.05775 0.056485 0.04017 -0.0034133 0.04199 0.022403 -0.00077609 8.5484e-05 0.0011493 0.00066038
0.0011004 0.0022922 0.0017702 0.0025044 -0.00067096 0.015754 0.0083142 0.01665 -0.0050383 0.024942 0.012414 0.024942 -0.0043068 0.0023472 0.0062906 0.0030862 0.0051213 -0.0035585 0.0077727 0.012623 -0.11031 -0.17482 0.26 0.22882 0.1928 -0.10125 0.23192 0.21416 -0.051364 0.013836 0.059251 0.02055 0.0047123 -0.011324 0.0097479 0.013951 -0.14699 -0.08416 0.55925 0.16369 0.36204 0.063383 0.37897 0.10798 -0.054101 -0.0081051 0.077095 0.013701 0.0015082 -0.0061124 0.00579 0.013565 0.0071009 0.010769 0.025835 0.087576 0.030684 -0.01505 0.034435 0.039583 -0.0074693 -0.0037583 0.012509 0.0045963
0.00019093 0.00027994 0.0003132 0.00028299 0.00050564 0.0008467 0.0026469 0.0017912 0.0013849 -4.1477e-05 0.0017826 0.0011268 0.00021673 -0.00043778 0.00024392 0.00047353 0.0041926 0.0013514 0.0075119 0.018752 -0.049209 -0.20133 0.11833 0.25282 0.13139 -0.0925 0.14294 0.12513 0.00048105 0.0024397 0.0022798 0.0054072 -0.0059444 -0.005197 0.010938 0.01142 -0.059469 -0.14536 0.66777 0.41906 0.24658 0.031832 0.25805 0.15695 0.0023177 -0.0065676 0.0058975 0.023522 -0.0095335 -0.004955 0.010492 0.0049979 0.059031 0.011896 0.10281 0.044661 0.00337 0.0018663 0.0059966 0.0073239 0.0003007 -6.3238e-05 0.00050366 0.0002226
8.2552e-06 -4.0993e-05 0.00029692 0.00028693 -0.019822 -0.005674 0.02385 0.0071883 0.020734 0.0033671 0.061003 0.0097663 -8.0248e-05 -0.00014582 0.00019905 0.00038974 -0.002212 -0.006739 0.0025431 0.0093303 -0.2244 -0.10135 0.24357 0.10352 0.28082 -0.02413 0.40978 0.050529 0.00062847 -0.0053331 0.0013346 0.011092 -0.00071286 0.0083837 0.0018902 0.011502 -0.3105 -0.026604 0.31659 0.0476 0.41476 0.048491 0.47151 0.053444 0.0012821 0.0073515 0.0019014 0.0075816 0.00014969 0.00012356 0.00034002 0.00021796 -0.047494 -0.003299 0.047768 0.0037913 0.067959 0.0028294 0.071559 0.003059 0.00011957 -4.9091e-05 0.00014453 0.00014972
0.0022145 0.0014325 0.0043578 0.0030114 0.015854 0.01027 0.023157 0.027669 0.00024928 0.028152 0.0052076 0.031042 0.00016017 0.0038537 0.001009 0.0072208 -0.0014897 0.0073687 0.014046 0.010816 0.34167 0.10358 0.3951 0.20535 -0.12229 0.17259 0.156 0.17527 0.0016028 -0.0013677 0.0059763 0.0053332 0.019367 0.0013202 0.022415 0.035028 0.17709 -0.20574 0.42567 0.42701 -0.029945 -0.20617 0.16876 0.22514 -0.0054784 -0.012464 0.010719 0.016461 0.00068796 0.000516 0.00083077 0.00074703 -0.01314 0.0074567 0.024176 0.015663 0.027414 -0.031822 0.053352 0.047536 0.0028367 0.0035089 0.0032854 0.0067491
-0.000264 0.00053269 0.00032411 0.0010359 0.0017071 -0.00098675 0.0046445 0.0048751 0.059601 0.0096066 0.059601 0.014878 -0.00032022 0.0011067 0.00068002 0.0017785 -0.0031466 -0.0015231 0.0035348 0.0029623 0.0046883 -0.0041416 0.034807 0.017759 0.37473 -0.27681 0.37473 0.31303 0.015154 -0.013279 0.015945 0.015587 -0.00038688 5.6506e-05 0.00091105 0.0012563 -0.0013782 0.0027119 0.028545 0.01874 0.34246 0.30047 0.38606 0.39428 0.0020846 0.010323 0.016338 0.10927 7.2033e-05 -0.00010031 0.0001308 0.00012357 -0.00067487 0.00014431 0.0018263 0.0020202 0.066865 -0.0022841 0.067094 0.0044034 0.0001896 -0.0011862 0.00032849 0.0011913
0.00057191 -8.1044e-05 0.00060655 0.0001762 0.059079 0.013046 0.065115 0.030432 -0.0065059 0.046196 0.0099293 0.052943 -0.001796 0.0094716 0.0024087 0.011391 0.0047814 0.00042992 0.0048362 0.00068698 0.48834 0.021012 0.51605 0.085231 0.0021182 0.00081944 0.0021182 0.00081944 -4.2544e-05 9.1256e-05 4.2544e-05 9.1256e-05 0.0049333 -9.9866e-05 0.0049333 0.0016424 0.47877 -0.013358 0.4815 0.041556 0 0 0 0 0 0 0 0 0.00058733 3.8964e-05 0.00058733 0.00023482 0.070985 -0.0042231 0.072171 0.0054059 0.00075416 -0.00062962 0.00082638 0.001074 0 0 0 0
-0.00050357 0.00030541 0.00050357 0.00036373 -0.017117 -0.0031389 0.073281 0.0051496 0.047938 -0.0022128 0.047938 0.01116 0 0 0 0 -0.0046796 0.00044461 0.0047765 0.0017946 -0.13024 0.016508 0.62505 0.01876 0.33158 5.4745e-05 0.33158 0.064608 0 0 0 0 -0.005822 -0.00073127 0.0058421 0.00099704 -0.09485 -0.023249 0.37871 0.048085 0.30501 0.0060662 0.31034 0.065556 -0.0012548 -0.010651 0.0017182 0.010651 -0.001223 -0.0019898 0.0012253 0.0019961 -0.010594 -0.0086284 0.036878 0.01448 0.011993 -0.050893 0.020538 0.054084 -0.00058069 -0.0058822 0.00085593 0.0073518
-0.00092498 0.00012135 0.00096374 0.00038113 -0.015496 -0.0053145 0.077182 0.012748 0.065331 0.00093962 0.065331 0.0072943 0 0 0 0 -0.0095905 0.0012309 0.0098718 0.0021112 -0.047029 0.022516 0.38938 0.06947 0.39687 0.0026445 0.39687 0.061502 0 0 0 0 -0.0097333 -0.00019108 0.0097632 0.00077679 -0.072747 -0.025059 0.36083 0.061834 0.40713 -0.046192 0.41931 0.076357 -0.0043447 -0.026252 0.0048285 0.026252 -0.0019255 -0.0037046 0.0019401 0.0037051 -0.0088547 -0.011021 0.026688 0.016611 0.009862 -0.080207 0.022814 0.086466 -0.0012392 -0.0020731 0.0017494 0.0038647
-0.0010538 0.00019091 0.002138 0.0040091 -0.013136 0.0078178 0.021347 0.041327 0.022975 -0.016115 0.040273 0.035772 -0.00065535 0.00072561 0.00074299 0.00072619 0.0089896 0.013762 0.014509 0.018524 0.06352 -0.052487 0.48145 0.16452 -0.020475 0.029059 0.53753 0.084019 -0.00087006 -0.00049325 0.0085002 0.0062981 -0.0096521 -0.01223 0.017291 0.062425 0.010333 0.1169 0.30669 0.30856 0.093897 0.067428 0.41337 0.19518 -0.0026825 0.0053244 0.0083122 0.0079738 0.0012718 0.00052041 0.0026294 0.0008904 -0.0015869 0.002652 0.0056054 0.0027126 0.00064344 0.00034534 0.0016797 0.001031 0.00014312 7.7196e-06 0.00069708 6.4102e-05
-0.00063769 -0.0016855 0.0013708 0.0028378 0.0032824 0.028678 0.066789 0.042617 0.018309 0.048261 0.026624 0.049204 -0.0075989 0.0098228 0.0097673 0.010682 0.012343 -0.0085721 0.031689 0.029756 0.12608 0.031271 0.32488 0.051795 0.028867 0.020935 0.1777 0.1383 -0.029291 0.014945 0.051067 0.015618 -0.00040293 -0.00090826 0.049137 0.034475 0.14586 -0.096165 0.34274 0.10832 -0.19984 -0.37909 0.41117 0.51586 0.027759 -0.038209 0.076136 0.039769 -0.0021163 0.00054981 0.0021163 0.00068088 -0.00077133 0.0003324 0.064912 0.009695 -0.021136 0.0067461 0.083057 0.010811 -0.00029791 0.00041168 0.0015472 0.00065906
0.010812 -0.00057437 0.012978 0.00069568 0.038563 -0.0041622 0.082058 0.0062074 0.0017435 5.4538e-05 0.0019066 0.00081033 0 0 0 0 0.085359 0.0049821 0.10078 0.0063477 0.27025 0.014754 0.6338 0.040653 0.0048414 0.00018089 0.0048414 0.00089442 0 0 0 0 0.072702 0.011666 0.10729 0.034707 0.20683 0.0062669 0.64837 0.084044 0.0057518 -2.7745e-05 0.0057518 0.0017116 0 0 0 0 0.0044683 0.00094032 0.011222 0.0046366 0.030642 0.01052 0.06425 0.058675 0.0010776 -8.6023e-05 0.0010776 0.00019974 0 0 0 0
-0.00055278 -0.00081335 0.00078061 0.00081335 -0.014355 -0.0040016 0.041534 0.0045248 0.06002 -0.0011176 0.090076 0.0032761 0 0 0 0 -0.0071872 -0.0062802 0.0097283 0.0067412 -0.083136 -0.078122 0.2225 0.078122 0.43345 -0.062423 0.55203 0.064798 0 0 0 0 -0.017402 -0.0093682 0.018001 0.0093682 -0.041629 -0.053062 0.13379 0.09976 0.36768 -0.072184 0.39479 0.28751 0.02039 -0.034929 0.02039 0.037272 -0.0017213 4.781e-05 0.0017954 0.00081742 0.0054061 0.011463 0.012081 0.01616 0.0060727 0.0085875 0.0077925 0.019362 0.00090854 -0.0020666 0.0026866 0.0062436
0.002784 -0.0075126 0.025262 0.010281 -0.0061819 -0.019257 0.052946 0.049199 0.012765 0.0075976 0.036916 0.014173 0.0014284 -0.00010526 0.0016645 0.00057973 -0.030975 0.049287 0.06575 0.13259 0.25372 0.1395 0.41052 0.70339 -0.057834 0.018854 0.353 0.12016 0.012203 -0.012221 0.014748 0.018031 -0.0059063 -0.0082027 0.0088267 0.014321 -0.041412 -0.019072 0.068975 0.12442 -0.090058 -0.065041 0.18728 0.066647 0.0064873 -0.017449 0.0074276 0.017449 -0.0011318 -0.00046574 0.0011822 0.00073534 -0.0038409 -0.0014292 0.0066587 0.0051027 -0.011696 0.00090279 0.015353 0.0055077 1.6014e-05 -0.00074466 0.00099084 0.0010054
0.0014947 -0.00075547 0.0017418 0.00080344 0.013621 0.00076965 0.093233 0.012073 -0.00046389 0.00082677 0.012022 0.0025047 -0.00075746 -7.1664e-05 0.0017276 0.00042849 0.0032593 -0.0027268 0.0087873 0.0045755 0.12455 0.0029245 0.66776 0.073059 -0.013311 -0.051482 0.1054 0.069324 -0.0096102 -0.0038492 0.014467 0.010626 0.0032125 -0.0015158 0.014055 0.0050546 0.13715 -0.014334 0.59469 0.16701 -0.11957 -0.01884 0.20489 0.20193 0.01411 -0.0054262 0.01765 0.014281 0.0017621 -0.00011037 0.0037422 0.00034992 0.021479 -0.0023795 0.070312 0.0053648 -0.011739 0.0013795 0.011739 0.007916 0.00065411 -0.00098126 0.00090522 0.0012834
-0.0051064 0.011517 0.0092858 0.024072 0.056441 0.015029 0.071438 0.055584 0.0049303 0.012101 0.0057773 0.026402 -0.0035518 -0.0041317 0.0042392 0.0047391 0.030211 -0.015164 0.049374 0.045938 0.13738 0.075396 0.57875 0.21179 -0.084954 0.058417 0.096272 0.30435 0.0043895 -8.828e-05 0.02087 0.010014 0.049534 -0.038351 0.14177 0.068049 0.36266 -0.069104 0.49187 0.12175 -0.12386 0.015164 0.12386 0.029318 0.0072049 0.0025483 0.0088321 0.0030119 -0.0059723 0.0018699 0.016251 0.0035721 0.061765 0.0080882 0.067087 0.0234 -0.015161 -0.00047494 0.018456 0.0041628 0.00080263 0.0003556 0.0017452 0.00039113
0.002523 0.00066227 0.0028999 0.00069533 0.014198 -0.00047044 0.091933 0.0020332 0.0039643 0.0014411 0.0076417 0.0019211 -0.00044253 -1.8315e-05 0.00097062 0.00017528 0.0079562 0.0050994 0.0083197 0.006153 0.096146 -0.0044498 0.65934 0.057576 0.061506 0.023699 0.085739 0.079999 -0.003686 0.0014632 0.0064484 0.010119 0.0040037 0.0011192 0.0048239 0.0011595 0.10294 -0.004969 0.70113 0.0085401 0.073848 -0.0010508 0.09959 0.014071 -0.0058912 0.00022216 0.01099 0.0019081 0.00023347 0.00019567 0.00024974 0.00024946 0.01425 0.013024 0.081631 0.013749 0.0088714 0.0010155 0.010611 0.001768 -0.0010281 -6.5647e-05 0.0024868 0.00041323
-0.010235 0.015104 0.012196 0.01937 0.059112 0.008098 0.068409 0.028712 0.004674 0.010643 0.0059343 0.018861 -0.00069476 0.00031693 0.0015045 0.003364 -0.0038779 0.0094212 0.045816 0.021799 0.14287 0.059283 0.5288 0.24873 -0.0053168 0.10556 0.060457 0.32285 -0.0099468 0.0094916 0.020946 0.047801 0.052137 -0.066587 0.078761 0.081256 0.30578 -0.056454 0.6025 0.086473 -0.0038906 0.0049815 0.046136 0.028849 -0.01815 -0.00070087 0.039525 0.0064118 0.0074418 0.00033227 0.015239 0.0018861 0.053414 -0.0012303 0.063551 0.0088517 0.0020016 0.0008188 0.0087517 0.0036713 -0.0031187 0.0006155 0.0059097 0.00077153
-0.0038014 -0.0037582 0.0044302 0.0037616 0.011645 -0.0061163 0.015376 0.006369 0.069928 -0.014805 0.09793 0.017025 0.0063732 -0.000645 0.0069288 0.0017179 0.0032061 -0.0043159 0.017271 0.0066169 0.034078 -0.019684 0.055212 0.024355 0.52282 -0.13029 0.55624 0.13161 -0.0075888 -0.0037469 0.044953 0.018062 -0.0029444 -0.0026673 0.015283 0.0027376 0.15411 0.041517 0.15942 0.064007 0.37193 0.07629 0.37193 0.11558 0.0084317 -0.00015772 0.016756 0.014058 0.0014183 -0.0010255 0.0023159 0.0010255 0.05443 0.020848 0.058082 0.022806 0.014386 -0.0023709 0.014386 0.0051697 0.00036483 -0.00069281 0.00075562 0.00069959
-0.0066022 0.00022984 0.0096633 0.0024343 0.021225 -0.0019182 0.12957 0.004246 0.0050081 -0.0064846 0.0058505 0.007041 0.00065137 -0.0010235 0.00097477 0.0013378 -0.063236 0.0047228 0.066702 0.020273 0.10603 -0.012088 0.61346 0.040442 0.051452 -0.0098568 0.051452 0.016077 0.0051276 0.00014035 0.0075337 0.0035728 -0.073708 0.0040278 0.073708 0.0091419 0.18442 0.15356 0.49179 0.22413 0.028611 0.23006 0.079071 0.36879 -0.0014057 0.024191 0.011351 0.026299 -0.0053892 0.0059255 0.0062163 0.011201 0.0018393 -0.028113 0.070763 0.069923 0.024451 -0.056208 0.048124 0.057074 0.0035767 -0.0037725 0.010084 0.0046316
0.00057854 -1.9224e-05 0.00057854 0.00020603 0.048054 0.034736 0.059574 0.044487 -0.010818 0.082935 0.015173 0.10231 -0.0020239 0.014533 0.0035019 0.021425 0.0046764 0.00050182 0.0046764 0.00055107 0.49036 -0.002315 0.495 0.031399 -0.00019002 0.00034552 0.00019002 0.00034552 -0.00050161 0.0016227 0.00050161 0.0016227 0.0052262 -0.00058083 0.0052262 0.0011218 0.48706 -0.012063 0.48706 0.036379 0.001974 -0.0004596 0.001974 0.001022 0 0 0 0 0.0006044 0.00030389 0.0006044 0.00030389 0.07052 0.0064562 0.070752 0.0067323 0.00048047 1.7891e-05 0.00048047 1.7891e-05 0 0 0 0
-0.0087037 0.0019398 0.0087037 0.0026554 -0.0094402 0.00018518 0.11886 0.018613 0.019293 -0.00083536 0.019576 0.0021884 0.0007201 -0.00014557 0.00086298 0.00037901 -0.041817 0.00056059 0.041817 0.004893 -0.028319 0.011628 0.73047 0.067724 0.050739 0.00074833 0.092464 0.024458 0.0065246 -0.0023303 0.0068537 0.0031067 -0.02767 0.002719 0.02767 0.0061894 0.050589 0.0072929 0.56591 0.07954 -0.061552 0.077262 0.2359 0.14719 0.0066189 0.01081 0.0078637 0.017871 -0.0032383 -0.00017013 0.0032383 0.00030524 0.01679 0.0076326 0.083957 0.012436 0.0027444 -0.016298 0.05503 0.027695 0.0010827 -0.000581 0.0034187 0.0045396
