-0.0010725 -0.00094668 0.0015723 0.0013103 0.0058539 0.003249 0.012699 0.0097036 -0.0062577 0.0053044 0.02392 0.010032 0.0056327 -0.00012744 0.010296 0.0026162 -0.0071177 -0.0045441 0.0082084 0.0076805 0.19867 0.25894 0.20558 0.29226 -0.14855 0.1853 0.28244 0.26387 0.02088 0.010946 0.070125 0.025936 0.013062 0.0059826 0.014776 0.0090689 0.23579 -0.18904 0.26693 0.26451 -0.26049 -0.20222 0.37116 0.22615 0.048846 0.0017364 0.12066 0.02441 0.0023794 0.0015845 0.0026477 0.0018937 -0.007899 -0.010746 0.030516 0.019128 0.01256 0.0039677 0.046518 0.013503 -0.0065185 -0.0028723 0.01118 0.0045095
-0.00040033 0.00028118 0.0020534 0.00061691 0.033093 -0.0029997 0.04395 0.0050969 0.01406 -0.00078524 0.015005 0.0036082 5.7206e-05 -8.1377e-05 8.2711e-05 0.00014604 -8.8069e-05 0.00222 0.034983 0.012419 0.037309 -0.23904 0.19634 0.26644 0.29041 -0.26519 0.29415 0.2692 0.0011648 0.00011298 0.0011648 0.00034933 0.023415 -0.0057542 0.064958 0.01844 -0.041967 0.19895 0.25751 0.22906 0.33262 0.24061 0.33364 0.25245 0.0011917 0.00015233 0.0012203 0.00080779 -0.0052454 0.0014971 0.0058979 0.0015408 0.03186 0.0014085 0.050579 0.012814 0.017054 -0.0033664 0.017054 0.012007 0.00069489 -6.0077e-05 0.00071514 0.00047057
0.010123 -0.0017003 0.011255 0.0022056 -0.046251 -0.0091847 0.051115 0.0093299 0.033178 0.00046772 0.04295 0.0058991 -0.00062801 -0.00038162 0.00084531 0.0005238 -0.006394 0.0020602 0.03164 0.014811 -0.25775 -0.16413 0.47195 0.1696 0.30098 -0.04322 0.3143 0.051391 -0.0013916 -0.00089396 0.0091113 0.0043456 -0.046938 -0.0063443 0.050628 0.0073963 -0.092702 0.020419 0.38603 0.27512 0.26119 0.053674 0.35323 0.089453 -0.0032711 -0.00064554 0.012445 0.0027996 -0.0084169 -5.6915e-05 0.0084661 0.00068857 -0.013107 -0.00034669 0.063556 0.0080926 0.048234 -0.00018643 0.048288 0.0027748 -0.00047772 -7.7964e-05 0.0015355 0.0004699
-0.00024964 0.00047244 0.0006176 0.00098585 -0.00054308 0.013323 0.0054807 0.014276 0.041206 0.010252 0.042281 0.013 0 0 0 0 0.011771 -0.023338 0.016785 0.054063 -0.058078 -0.20859 0.073449 0.29503 0.36609 -0.062254 0.36609 0.12056 0 0 0 0 0.0012916 0.00028977 0.026142 0.034293 0.016377 0.08566 0.15658 0.34089 0.44074 0.035913 0.4425 0.11546 0 0 0 0 1.5017e-05 0.010056 0.0015973 0.010078 -0.0096021 0.036206 0.014368 0.054152 0.052029 0.017185 0.056331 0.019114 0 0 0 0
-0.00032155 -0.0031166 0.001123 0.0034118 0.0032894 -0.029121 0.037374 0.049769 0.0038445 -0.0087963 0.01997 0.011815 -0.0042427 -0.00067096 0.0051534 0.0013973 0.0090461 -0.005423 0.01011 0.008427 -0.15152 -0.08031 0.41923 0.23187 0.22137 -0.24062 0.28124 0.31129 -0.036335 0.0011731 0.042293 0.0066241 -0.0048826 -0.0026159 0.018431 0.0098737 -0.14294 -0.035976 0.29155 0.11001 0.29404 0.092276 0.44479 0.16848 -0.039084 0.0030425 0.042639 0.0063438 -0.0011179 -0.00045511 0.0025945 0.00071357 -0.0093202 0.002233 0.033651 0.0051951 0.023177 -0.010897 0.054078 0.021139 -0.0073709 -0.00033501 0.0089209 0.00098029
-0.0014414 -0.001649 0.0018918 0.0036095 -0.0052007 -0.019391 0.052877 0.034841 0.00036213 -0.014695 0.00682 0.015638 0.013245 -0.00063045 0.014739 0.0020131 -0.024435 -0.0057795 0.033718 0.021225 0.18766 0.031336 0.30102 0.22503 -0.058291 0.20916 0.16382 0.23506 0.060928 -0.00067299 0.075753 0.0076501 -0.043766 0.016675 0.046988 0.018521 0.35577 -0.082328 0.42162 0.21198 -0.083793 -0.11652 0.34601 0.41169 0.02289 0.011427 0.027413 0.013361 -0.0017988 -7.6673e-05 0.0038397 0.0015313 -0.0042437 0.014352 0.029416 0.018433 0.031498 0.00071652 0.039687 0.0059045 0.0011214 0.00046459 0.0021836 0.0005299
-0.011062 0.002011 0.011253 0.0020776 -0.0031928 0.0070828 0.018068 0.0081272 0.016153 0.0078052 0.065582 0.01231 0.0073177 -0.00071051 0.0085546 0.0015035 -0.091974 0.019672 0.095137 0.020863 0.023714 0.12254 0.47458 0.1616 0.013749 0.12349 0.38632 0.24953 0.021891 -0.017738 0.026898 0.022634 -0.060699 0.011875 0.066577 0.013348 -0.062015 -0.09326 0.41371 0.22028 0.059134 -0.16785 0.30239 0.30454 0.02426 0.040871 0.02729 0.042221 0.00026179 -0.00030152 0.0015039 0.00076967 -0.01671 0.032698 0.088238 0.036027 -0.0029537 0.025459 0.078974 0.038075 -0.0019348 -0.0036467 0.0076044 0.0039931
-0.0037481 0.0023893 0.0039212 0.0024455 0.025488 0.03873 0.04802 0.044665 -0.022772 0.023289 0.028323 0.029044 -0.0013485 0.0008461 0.0013516 0.0008461 0.0063328 -0.00048274 0.024054 0.022413 0.079669 -0.055383 0.40217 0.25041 -0.095999 0.099449 0.45402 0.33352 -0.024631 0.0076874 0.024631 0.017151 -0.0027315 0.0036549 0.0081441 0.0087936 0.038992 0.005083 0.17986 0.24635 0.10498 -0.0026371 0.43962 0.32572 -0.049204 0.0047109 0.049204 0.023213 -0.00068252 0.00020671 0.0020614 0.0023565 0.014728 0.0034348 0.027104 0.017437 0.0052378 0.0081805 0.053612 0.052851 -0.0041637 0.0065325 0.0066841 0.0087882
0.0030905 -0.0022168 0.0052898 0.002406 0.081465 0.0026073 0.093865 0.01823 -0.030792 -0.01027 0.043303 0.016192 -0.0033351 -9.7643e-05 0.0058534 0.00094902 0.052727 0.015395 0.055865 0.020315 0.018193 -0.11077 0.35761 0.35011 0.22874 -0.19344 0.29396 0.29959 -0.015077 0.00022698 0.032469 0.0050172 0.011433 -0.01318 0.019716 0.014772 -0.058688 -0.016101 0.26874 0.22207 0.33484 0.058199 0.40577 0.17094 -0.013173 -0.00070353 0.032924 0.0048732 0.00058957 -0.00050754 0.00060193 0.0011722 -0.0037288 -0.00083532 0.010628 0.012453 0.049737 -0.001483 0.066842 0.0063865 -0.00018624 -2.7578e-05 0.0039727 0.00073991
0.003936 0.0014302 0.0039669 0.0033001 0.0090282 -0.017987 0.042451 0.041658 -0.019199 -0.0042148 0.028405 0.0055633 0.0055462 -0.00088304 0.0055595 0.0010516 -0.015185 -0.013978 0.040439 0.020961 0.27474 0.0077075 0.44266 0.20704 -0.19192 0.017224 0.29609 0.097767 0.051081 -0.0032591 0.051562 0.0038891 -0.025913 0.0028273 0.04033 0.0053027 0.3123 -0.060693 0.41706 0.098264 -0.25055 -0.035589 0.40575 0.054286 0.06242 -0.0027875 0.062634 0.0036662 -0.0036007 0.001253 0.0063991 0.0014277 -0.010168 0.015107 0.020886 0.020536 -3.843e-06 -0.020736 0.0948 0.026951 0.010491 -0.0001871 0.010547 0.00083463
0.0042244 0.00036436 0.0054132 0.00074289 -0.0077345 -0.0083041 0.082757 0.010178 -0.0053476 -0.0005204 0.0073705 0.0043609 0.00011508 0.00042666 0.0010877 0.00075158 -0.0094593 -0.014314 0.029057 0.022193 0.24586 -0.054746 0.41286 0.15944 0.10465 0.2152 0.16737 0.23791 -0.022183 0.0032842 0.028881 0.053106 -0.018546 0.010578 0.025916 0.012921 0.33801 -0.040441 0.42523 0.10607 0.094586 -0.077604 0.34473 0.34986 -0.037263 0.0063637 0.050233 0.040404 -0.0046999 0.0014155 0.0055206 0.0023012 0.046199 -0.0019634 0.052169 0.012095 -0.010196 -0.063761 0.027825 0.067962 -0.00091522 -0.0065071 0.0045561 0.0069105
0.0048941 -0.0034217 0.0079165 0.0059901 0.0079247 -0.015768 0.052134 0.026 0.016319 -0.00016512 0.021879 0.015458 -0.0028611 0.0031907 0.003671 0.0034289 0.030295 0.00078236 0.045986 0.0271 -0.028385 -0.092074 0.27762 0.20755 0.28989 -0.06387 0.31711 0.19844 -0.014429 0.0067043 0.038981 0.028547 0.012691 0.013807 0.07061 0.045911 0.022847 0.036191 0.32211 0.43268 0.23102 0.099504 0.41451 0.26948 0.011745 0.00035727 0.056029 0.030731 -0.0072263 0.0077507 0.0075151 0.0079576 -0.011537 0.042248 0.059892 0.056728 0.021341 -0.024841 0.082922 0.043213 0.0095567 0.00047523 0.014411 0.0063156
0.00031959 -0.00033885 0.0021494 0.0011742 0.0052229 -0.023256 0.0308 0.04147 0.021966 -0.0078964 0.056259 0.017199 -0.0068241 -0.0019184 0.0090196 0.0024252 0.0049998 0.01221 0.042315 0.01371 0.1002 0.091438 0.22708 0.26211 0.0062125 0.19466 0.39891 0.26755 -0.077107 -0.032921 0.079944 0.033003 0.0028461 0.0034079 0.057052 0.015384 0.22053 -0.049306 0.37282 0.29798 -0.18942 -0.16366 0.37543 0.27289 -0.041076 0.026857 0.044839 0.03251 0.00023773 0.00074857 0.0058448 0.0020636 0.0066853 -0.0022401 0.020526 0.025241 0.0050669 0.00078635 0.027238 0.025991 -0.0046363 -0.0060079 0.0059979 0.0061953
-0.001501 0.0047206 0.004595 0.0059987 0.041126 0.02924 0.053747 0.041427 -0.0041973 0.010396 0.023856 0.01903 0.0001856 0.00090062 0.0064507 0.001823 -0.0070679 0.013325 0.030921 0.051965 0.1093 -0.13382 0.35861 0.21403 0.12258 -0.0928 0.33405 0.2351 0.0019374 0.0021636 0.024013 0.024384 -0.0074789 0.011242 0.090069 0.031498 0.074611 0.073376 0.50105 0.23315 0.15544 0.13772 0.41061 0.20366 0.012683 0.0028389 0.039777 0.0077813 -0.0072767 0.0036907 0.0074856 0.0038125 0.0049396 0.0090289 0.075546 0.048639 0.024702 -0.013106 0.041399 0.018436 -0.0020139 -3.3441e-05 0.0038469 0.00097449
0.0012893 -0.0010257 0.002277 0.0017179 0.012915 -0.0022707 0.036365 0.029437 -0.011836 -0.01227 0.024638 0.012908 0.00099917 -0.0013533 0.0020264 0.0015813 0.013565 -0.00033714 0.031814 0.015691 0.19975 -0.03059 0.38968 0.2133 -0.13127 -0.035882 0.38415 0.06788 -0.0019566 -0.0012718 0.008163 0.0029482 0.00071234 0.00161 0.017909 0.0065429 0.25244 -0.020785 0.39549 0.11263 -0.19799 -0.083828 0.5345 0.10047 -0.0054075 -0.0018359 0.0075003 0.0036119 0.00039424 0.0016168 0.0056042 0.0018471 0.0049497 -0.010845 0.069736 0.011635 -0.010726 0.013738 0.065723 0.024366 -0.0011366 -0.00028156 0.0018591 0.00053274
0.000337 1.4559e-05 0.00035848 8.9238e-05 0.057276 -0.021307 0.059025 0.047254 -0.027353 -0.04428 0.080386 0.053743 0.00051747 0.00041422 0.0032925 0.0012599 0.00042243 0.00062432 0.0040103 0.0011935 0.14753 -0.11435 0.53069 0.31767 0.019988 -0.084822 0.43132 0.24655 0.0092913 -0.0064581 0.020789 0.014559 -0.0025437 0.0031339 0.0091107 0.003349 -0.08743 0.047755 0.37028 0.049842 0.2218 0.026145 0.31513 0.055351 0.0092516 0.0025146 0.013748 0.0054626 -0.0017229 0.0038168 0.007733 0.0040619 -0.0091622 0.0015193 0.043325 0.020688 0.019821 -0.006655 0.023978 0.012725 0.0030693 0.00098452 0.0042724 0.0025827
-0.010446 0.0017352 0.010454 0.0017673 -6.059e-05 0.029125 0.064052 0.055875 0.02966 -9.5844e-05 0.044294 0.014973 -0.00017131 -0.00029883 0.0035592 0.0010508 -0.045291 0.010408 0.046856 0.011193 0.27494 0.0064969 0.46267 0.20506 -0.16928 0.084226 0.43357 0.16987 0.0057291 -0.018663 0.020957 0.018722 -0.0073837 0.0042101 0.0096988 0.0067943 0.11855 0.012423 0.41648 0.094416 -0.068384 0.090525 0.39101 0.17132 0.0057246 -0.0019156 0.031359 0.0097669 -0.00020072 -6.3382e-05 0.00072456 0.00043021 0.0058682 0.0039963 0.060312 0.012014 0.0090614 -0.0062346 0.038351 0.010733 -0.0049792 0.00065627 0.0075574 0.0026354
0.007326 -0.0019577 0.011469 0.0023938 -0.041628 -0.014731 0.054546 0.03505 0.045234 -0.0038677 0.050235 0.008708 -1.6667e-05 0.00014796 0.00098925 0.00046186 -0.0010608 -0.013191 0.052516 0.013668 -0.065024 -0.034959 0.40365 0.3774 0.18993 0.011531 0.42395 0.10799 -0.0012209 0.00025662 0.0045377 0.0053065 -0.036308 -0.0019664 0.037892 0.0067923 -0.12112 -0.0012546 0.46016 0.084025 0.31709 0.0091973 0.31725 0.031913 0.00095204 -0.00080498 0.0033716 0.0048352 -0.0043747 -0.00077189 0.0047674 0.00078892 -0.015818 -0.0010509 0.060532 0.0045083 0.048935 0.0021387 0.048935 0.0041312 0.00049024 -0.00027538 0.00078138 0.00078322
0.0016374 0.00095206 0.0063002 0.0030667 -0.012777 -0.034639 0.035537 0.035006 0.0032986 -0.0017221 0.091171 0.01804 0.0038705 0.0009289 0.0044814 0.0014012 -0.010387 -0.025602 0.022529 0.043179 -0.23929 -0.073828 0.40644 0.18811 0.27779 -0.069017 0.53985 0.15573 -0.0012051 -0.0039141 0.013608 0.0059372 -0.035344 -0.0097918 0.035789 0.023341 0.040013 0.031099 0.21299 0.24477 0.15508 0.055504 0.41017 0.094799 -0.013518 -0.0059484 0.020064 0.0081258 -0.00092415 -0.00026711 0.0054299 0.0022534 -0.0095732 -0.013575 0.040831 0.016456 0.043601 0.0083203 0.051103 0.014123 -0.003794 -0.00084827 0.0045044 0.0018225
-0.00075926 0.00013415 0.0014054 0.00052462 -0.0021802 0.0034353 0.013152 0.005259 0.047636 -0.010441 0.057283 0.014974 0.0014579 0.00020322 0.0027012 0.00028923 0.032542 0.028007 0.036143 0.030745 -0.2108 0.08727 0.24848 0.34337 0.22521 -0.06801 0.33774 0.12565 0.0099343 0.0049331 0.011227 0.0053828 0.039468 -0.027774 0.049048 0.038524 -0.18651 -0.040827 0.33543 0.44173 0.2245 0.054966 0.34007 0.21866 0.001498 0.00029227 0.01458 0.0066085 0.0054598 -0.0026415 0.0061211 0.003649 -0.010121 -0.015902 0.016336 0.024072 0.036817 -0.0094459 0.047771 0.012179 3.7819e-06 0.00026183 0.0014038 0.00064834
0.00057355 -0.001192 0.0011017 0.0016106 0.0058947 0.011402 0.025245 0.037704 -0.003757 0.028122 0.028459 0.043381 -0.0023231 0.011617 0.0025342 0.011789 0.00033088 0.0017302 0.0034367 0.0090758 0.29741 0.048209 0.37989 0.22749 0.012508 -0.0061057 0.31787 0.39574 -0.025216 0.0037526 0.025507 0.014167 -0.0026208 0.024356 0.012884 0.042141 0.2087 -0.023656 0.26043 0.16985 -0.10121 -0.16367 0.36644 0.3444 0.018362 -0.021252 0.039775 0.032561 -0.00031342 0.00052104 0.001234 0.001154 -0.024204 0.046866 0.025893 0.050388 -0.01764 0.043154 0.024527 0.047166 -0.00036732 -0.00089664 0.0024646 0.0040681
-0.00029656 -0.00019852 0.0017904 0.0012867 0.0062021 0.0034754 0.017617 0.012863 0.010829 0.0087095 0.038771 0.024088 -0.0012073 -2.2995e-05 0.0023511 0.00099926 -0.0057738 -0.0034963 0.010306 0.0059941 0.17011 0.17826 0.28754 0.20935 0.058015 0.16279 0.38633 0.31822 -0.042521 0.017678 0.044434 0.021658 0.026569 -0.010999 0.028705 0.018214 0.27525 -0.022368 0.3292 0.19258 -0.14538 -0.14623 0.32933 0.37692 -0.0079936 0.010609 0.055243 0.026746 0.010706 0.0097827 0.012012 0.010239 -0.0027003 0.011556 0.03309 0.019813 -0.01009 -0.0032248 0.03058 0.030554 0.0018222 -0.0024268 0.0048811 0.0061359
0.00099288 0.00041814 0.0015115 0.00079939 -0.00069437 -0.0064081 0.015066 0.0099592 0.008211 0.0067591 0.021146 0.015258 0.0027375 0.0029843 0.0066259 0.0059868 -0.033759 -0.038291 0.03891 0.040459 0.25856 -0.047881 0.34232 0.28044 0.022155 -0.014681 0.22599 0.18275 -0.01182 -0.014762 0.06393 0.053801 -0.011127 -0.021925 0.029558 0.025474 0.2787 -0.098265 0.29561 0.22192 -0.010934 -0.13815 0.41362 0.44817 -0.022037 -0.027659 0.049932 0.045078 0.0019625 0.0014151 0.0020902 0.001493 0.027321 0.026508 0.055816 0.042003 -0.014884 -0.0063262 0.064085 0.041977 -0.00089696 -0.00095578 0.0023919 0.0020823
-0.0058626 -0.0010455 0.0090591 0.0014331 -0.012005 -0.011539 0.016941 0.021499 0.032681 -0.0095546 0.065753 0.035531 -0.00024108 -0.0035708 0.0015688 0.0037239 -0.05405 0.014686 0.068685 0.029526 -0.09276 -0.057224 0.19449 0.17991 0.18649 -0.038981 0.42786 0.2435 -0.010038 0.034408 0.01888 0.037503 -0.044997 0.0025121 0.090909 0.020692 -0.23276 0.051963 0.29054 0.08444 0.42793 0.028456 0.46542 0.21895 -0.035917 -0.013884 0.056737 0.048838 -0.0015288 -0.0033168 0.0082727 0.0033696 -0.021522 0.017521 0.033748 0.024447 0.013688 -0.0089771 0.032271 0.029567 0.0042732 -0.0013786 0.0062152 0.0029093
-0.0018187 -0.00012003 0.0022211 0.0040251 -0.022723 -0.0023242 0.02364 0.021553 0.0026321 -0.013485 0.0057527 0.014921 0.00035423 -0.00098847 0.002772 0.0021389 -2.1232e-05 -0.0045956 0.0041445 0.0089325 0.17056 0.088959 0.25252 0.22178 -0.031088 0.38698 0.23974 0.41286 -0.03199 0.040613 0.043416 0.052691 -0.008363 0.026654 0.013132 0.040656 0.22443 0.032385 0.3046 0.19438 0.012432 -0.24528 0.36329 0.26134 -0.047097 -0.011475 0.048209 0.020797 -0.00080682 0.00024853 0.0016168 0.0012946 -0.02652 0.048176 0.028466 0.052634 -0.010676 0.035776 0.027589 0.053308 -0.0020635 0.00055807 0.0021776 0.003333
-0.00028061 0.0048097 0.0052704 0.0080478 0.025956 0.017158 0.037684 0.024158 -0.0088321 0.012534 0.038406 0.040238 0.0054156 -0.0033353 0.0057349 0.0033739 0.0086692 0.013687 0.068684 0.057715 0.3398 -0.0041709 0.44981 0.27218 -0.1898 0.083536 0.32726 0.16244 0.02682 -0.012335 0.029512 0.01824 -0.032381 0.029911 0.066116 0.042668 0.20598 -0.048321 0.41754 0.28947 -0.055802 -0.099063 0.21397 0.15514 0.0019572 0.00062043 0.021945 0.011603 0.0016345 -0.0013561 0.002438 0.0018602 0.012446 0.0089781 0.091197 0.053705 -0.020969 0.032378 0.059199 0.06176 0.00059242 0.0012801 0.0062537 0.0029621
-0.0055766 -0.0014758 0.006158 0.0014758 0.016325 -0.0068026 0.057643 0.021334 -0.032532 0.0089938 0.087129 0.01249 0.0047432 0.0008769 0.0065491 0.0018483 -0.015566 0.025903 0.037509 0.034685 0.18673 0.0017843 0.33947 0.15463 -0.048846 0.25205 0.41741 0.25455 -0.0090795 -0.0014999 0.011861 0.0044196 -0.041143 -0.016652 0.071294 0.046456 0.36907 -0.052698 0.5339 0.13795 -0.11595 -0.020311 0.16496 0.036526 -0.01929 -0.011277 0.021778 0.013544 0.0024588 0.0074008 0.0042139 0.0075062 0.020144 0.040484 0.057672 0.047294 -0.0055722 0.012803 0.0094117 0.01637 -0.0015244 0.0024323 0.0016017 0.0025808
0.0014863 -0.003005 0.0014953 0.0035771 0.010202 -0.046522 0.014729 0.046643 0.0041001 -0.0047708 0.0041001 0.0051743 0 0 0 0 0.0069182 -0.022245 0.012201 0.064902 0.14327 -0.13793 0.22943 0.41143 0.32866 -0.088964 0.35419 0.15924 0 0 0 0 -0.0069221 0.010965 0.021598 0.049801 0.14926 0.10171 0.2338 0.34236 0.34015 0.081406 0.34015 0.092153 0 0 0 0 0.004254 -0.0046455 0.0048852 0.01415 0.0088205 -0.023017 0.019453 0.057682 0.040251 -0.0010439 0.040251 0.012973 0 0 0 0
0.000861 -0.00021634 0.00097574 0.00059241 0.040199 0.0026174 0.051943 0.015358 -0.034053 -0.00057559 0.054835 0.0047366 0.0027663 0.00031921 0.0048484 0.00067264 0.002819 -0.00079002 0.0042408 0.0015691 0.34805 -0.006186 0.40656 0.083638 -0.25371 0.033425 0.35916 0.039621 0.045221 0.0091269 0.055449 0.025587 9.0213e-05 -0.00011187 0.0018499 0.0010123 0.37632 0.0031785 0.3823 0.034396 -0.26105 -0.035948 0.35099 0.054429 0.018907 -0.017512 0.026877 0.018194 0.00013587 2.0935e-05 0.0002052 0.00011895 0.048335 -0.0015823 0.048502 0.0047465 -0.031727 0.0083745 0.060333 0.010517 0.00064052 -0.00075326 0.0018493 0.0008278
-0.0006553 -0.0037383 0.0020713 0.0049341 0.042576 0.013554 0.073938 0.095486 0.034694 0.0071887 0.03894 0.018964 0 0 0 0 0.0083499 -0.046355 0.015843 0.12186 0.066804 -0.27722 0.1342 0.46132 0.29298 -0.092948 0.29553 0.13808 0 0 0 0 0.0047591 0.065695 0.005451 0.069524 0.035089 0.31787 0.046085 0.34568 0.30623 0.07834 0.30623 0.098401 0 0 0 0 -5.9867e-05 -0.0064257 0.0010319 0.0071228 -0.0012686 -0.047803 0.012824 0.051175 0.057252 -0.026952 0.059537 0.027115 0 0 0 0
-0.00088557 -3.5142e-05 0.0012394 0.00027695 0.039098 -0.016037 0.041547 0.016199 -0.0011152 -0.0044176 0.089154 0.01444 0.00070842 -0.0015097 0.0026909 0.0017106 -0.01016 0.0025323 0.017395 0.0043753 0.074251 -0.011348 0.079832 0.015227 0.29286 -0.086127 0.63778 0.16028 -0.047871 0.012767 0.056444 0.016403 -0.0068269 -0.004478 0.011857 0.0059762 0.10056 0.040787 0.10545 0.057364 0.20157 0.015465 0.51339 0.3182 -0.011431 -0.01364 0.030091 0.016663 -0.00092577 0.00046578 0.0012327 0.00048428 0.021316 -0.0020157 0.021546 0.0029432 0.017263 0.021769 0.065309 0.064672 -0.0020904 0.0014355 0.0044513 0.0028625
-0.0030147 -0.00063074 0.0036266 0.0011371 0.010834 0.0026791 0.03453 0.01191 0.018803 0.011012 0.040957 0.018398 -0.0048001 0.00095609 0.0072451 0.0014433 -0.0072165 -0.0056854 0.02488 0.008441 0.028236 -0.041162 0.24243 0.24339 0.18343 -0.028632 0.42636 0.14949 -0.032507 -0.014693 0.050251 0.015739 0.010892 0.012332 0.030276 0.018376 0.085513 0.11849 0.27478 0.27659 -0.14612 -0.051535 0.59717 0.25163 -0.0020628 -0.047326 0.026362 0.052553 -0.00011804 -0.00059358 0.0093916 0.0022073 -0.0019067 -0.006132 0.043035 0.048418 -0.0060943 0.019614 0.030777 0.040685 -0.0029772 0.004666 0.0091567 0.0058283
0.0057117 4.1318e-05 0.010322 0.000828 0.0096998 0.0051173 0.026598 0.0079217 0.040604 0.013053 0.050913 0.013648 0.0047438 0.00099691 0.0047562 0.001041 0.0074956 0.0073464 0.078026 0.0097575 0.29254 0.11813 0.32934 0.12814 0.12808 0.052173 0.21225 0.072237 0.017639 0.0070328 0.01793 0.0070914 -0.0024058 0.003467 0.079587 0.0086687 0.079051 -0.16177 0.31915 0.40952 0.39464 -0.072007 0.39464 0.2378 0.0013222 0.00017735 0.0014214 0.00075848 0.00077613 0.0019708 0.0079564 0.0022677 0.016753 0.05456 0.0453 0.054745 0.033428 0.024916 0.033428 0.025061 5.9114e-06 1.6775e-06 5.9114e-06 3.1366e-06
-0.0017055 -0.00032915 0.0026426 0.00093758 0.00012031 0.022433 0.049936 0.02807 -0.030541 0.02011 0.04571 0.038667 0.00068458 -0.0013258 0.0012027 0.0013557 0.062935 0.015314 0.06652 0.043586 -0.045774 0.027366 0.40411 0.37078 -0.09177 0.25768 0.26694 0.34885 -0.033206 0.034493 0.042625 0.037226 -0.021394 -0.012808 0.028862 0.041162 0.26889 -0.049358 0.37138 0.27961 -0.17876 -0.10683 0.19633 0.12082 0.009318 -0.0037493 0.025907 0.024384 -0.0073811 0.0042986 0.0075511 0.0044042 0.017684 -0.051001 0.02698 0.054376 -0.029011 -0.039245 0.032141 0.04271 0.00037564 -0.00048352 0.00079402 0.00082161
-0.0092015 0.0030792 0.014474 0.0070804 0.021406 -0.0067421 0.040799 0.017441 0.036085 -0.020168 0.051156 0.024122 -0.00036482 0.00036967 0.00052179 0.0012135 0.015709 0.0056684 0.06805 0.037063 -0.22226 0.18892 0.3647 0.28524 0.38402 -0.045745 0.44553 0.11208 -0.0091354 0.0030191 0.013089 0.0068738 -0.014234 -0.016186 0.047633 0.022854 0.10736 0.10032 0.27311 0.20599 0.036083 0.18501 0.30163 0.21382 -0.0057621 -0.00051154 0.010458 0.0045356 0.00080588 0.00054257 0.0025469 0.0027617 0.021055 -0.040233 0.042555 0.04665 0.016058 -0.0084016 0.064866 0.026965 -0.00020494 9.389e-05 0.0010112 0.00046396
-0.0040613 0.0050155 0.0089924 0.0072585 0.0046736 -0.026422 0.047323 0.035303 0.026751 0.01129 0.069661 0.043137 -0.0028332 0.0062332 0.0041595 0.0068528 -0.064527 0.012073 0.093459 0.023194 -0.22197 0.060224 0.29864 0.094492 0.44178 -0.098345 0.48105 0.20876 -0.029146 -0.031506 0.05243 0.083923 0.020668 -0.0090803 0.091986 0.01818 -0.24976 0.1033 0.35589 0.13276 0.10891 0.041041 0.2464 0.15968 0.015411 -0.0013657 0.023875 0.005473 0.0096018 -0.0040263 0.014424 0.0049367 -0.0050384 0.0086151 0.056041 0.011297 -0.011667 0.0024471 0.025355 0.012037 0.002529 0.00039643 0.0036153 0.00096632
-0.0033026 0.00032149 0.0056812 0.00047265 -0.027183 -0.003021 0.12057 0.015594 0.012133 0.033141 0.051297 0.043352 0.0093893 0.00013169 0.0095891 0.00099899 -0.032663 -0.0030862 0.042376 0.00914 0.081573 -0.032929 0.44489 0.15346 -0.055203 -0.036037 0.40878 0.22814 0.026643 0.0029957 0.026889 0.011303 -0.042791 -0.0088572 0.052409 0.0096412 0.25498 -0.022914 0.39074 0.071263 -0.15929 -0.010874 0.50095 0.07494 0.013973 0.0023215 0.015152 0.0048699 -0.0046751 -0.001594 0.011795 0.001905 0.040172 0.0017007 0.052389 0.0081124 -0.018843 0.00021899 0.07545 0.0078871 0.00074899 -0.00023199 0.00085757 0.00072428
-0.010492 -0.0013308 0.017756 0.0019101 0.019621 -0.011705 0.028506 0.013533 0.024875 0.0025613 0.093129 0.021999 0.0028409 -0.0050999 0.012339 0.010239 -0.034043 0.0012453 0.083396 0.010704 -0.017513 -0.0054567 0.08755 0.030011 0.2912 -0.05073 0.69207 0.12253 -0.0043247 -0.0047304 0.027363 0.013978 -0.038645 -0.0071099 0.066019 0.017051 0.055272 0.012085 0.12217 0.042967 0.2334 0.035936 0.42497 0.34104 -0.0093757 0.0052973 0.027963 0.015035 -0.010693 0.001479 0.011331 0.0016499 0.02459 0.0013507 0.029275 0.0035099 0.0086591 -0.035089 0.063732 0.038001 0.0016922 -0.0011691 0.0026237 0.0015369
-0.0040358 0.00036885 0.0091998 0.0013958 0.011618 0.0016588 0.084971 0.0087702 -0.0039405 0.044486 0.028466 0.046548 0.0066096 0.0038362 0.011822 0.0042539 -0.066822 0.010038 0.066831 0.010443 -0.053017 0.04121 0.50731 0.1088 0.27596 -0.046831 0.30498 0.074345 0.022857 -0.0035797 0.051024 0.0065092 -0.083294 0.0086924 0.083697 0.011815 0.033712 0.039154 0.49876 0.29383 0.18968 0.022988 0.33241 0.0803 -0.0058346 -0.0083013 0.044398 0.0096112 -0.0086462 0.001701 0.0089201 0.0018937 0.052751 0.030454 0.069785 0.034403 -0.039069 0.0054734 0.066798 0.028953 0.0014257 -0.0026153 0.0030863 0.0026656
0.0014904 -0.0030932 0.00499 0.0042681 0.028341 0.016102 0.032202 0.033205 -0.014864 0.017778 0.024596 0.028984 0.0062881 -0.0049031 0.0063314 0.0050008 0.0012626 -0.0044747 0.041235 0.030635 0.34838 -0.041817 0.39103 0.21926 -0.079024 0.096817 0.23516 0.20483 -0.0037939 0.0052622 0.027731 0.033621 -0.017946 -0.0023561 0.04459 0.066967 0.20478 -0.055437 0.38515 0.2871 0.066388 -0.18949 0.37417 0.26267 -0.0016898 0.0028374 0.032689 0.026897 -0.0063189 0.0095838 0.0063607 0.009614 0.0028636 0.013716 0.071936 0.066659 0.048115 0.026023 0.057434 0.05356 -0.0055074 0.002106 0.008199 0.0036763
0.00041856 0.0028351 0.0018877 0.015061 0.0041609 0.029579 0.011697 0.10354 0.079972 0.0083495 0.080328 0.033695 0.00013264 1.2403e-05 0.00014391 1.2403e-05 0.006043 0.0073568 0.012294 0.010586 0.040422 0.0035604 0.09171 0.085267 0.42297 -0.056619 0.42316 0.077613 0.00058326 0.00024448 0.00058326 0.00081736 -0.00033831 0.001357 0.043133 0.078412 0.093111 0.1085 0.26706 0.50318 0.25726 0.065681 0.3543 0.1587 -0.00014711 -0.00014229 0.0003329 0.00014229 0.013759 0.0063008 0.014763 0.012453 0.032335 0.038215 0.083153 0.047157 0.014968 0.0041517 0.040017 0.028478 2.352e-06 -2.0523e-05 9.1692e-05 6.8817e-05
0.0020189 -0.0012259 0.0039241 0.0025414 -0.006481 -0.0072381 0.051625 0.014039 0.00011571 0.006358 0.019829 0.01332 0.0049778 -0.001536 0.0075595 0.0026326 -0.061521 0.02202 0.076001 0.035382 0.20462 0.023389 0.39519 0.16755 -0.058864 0.11751 0.16589 0.17145 -0.0091104 0.0051619 0.05904 0.019586 -0.037686 0.021333 0.051675 0.053303 0.30026 0.05566 0.52125 0.35759 -0.21732 0.033457 0.32006 0.12065 -0.0021344 0.01266 0.024455 0.014771 0.00058321 0.00042367 0.0030155 0.0016152 0.002382 0.05168 0.044438 0.059459 -0.0026489 0.026229 0.054247 0.040189 0.0052764 0.0085064 0.0052875 0.0085158
-0.00095352 -0.0032445 0.0043253 0.005645 0.032376 -0.01569 0.034473 0.025573 0.006755 0.010778 0.036873 0.033964 0.00091259 -0.0031209 0.0036131 0.0050539 -0.0072859 0.023194 0.03527 0.045559 0.33976 0.15404 0.35825 0.20301 0.02514 0.030049 0.29554 0.15196 -0.042301 0.037288 0.048786 0.059141 0.063729 -0.026048 0.071342 0.040182 0.061925 -0.13688 0.41824 0.25663 0.13292 -0.20618 0.34227 0.29453 -0.023379 -0.030406 0.060342 0.049406 -0.0072552 0.0061448 0.016693 0.0096431 0.0035874 -0.005716 0.070536 0.037708 0.052144 0.012046 0.052831 0.034447 -0.0082037 0.0045853 0.011047 0.0051136
-0.0023046 -0.0013737 0.0044616 0.0018205 0.0093442 -0.01838 0.049948 0.031904 0.010515 -0.048039 0.077054 0.059632 -0.0047037 -0.0016326 0.0094219 0.0017414 0.0065842 -0.0023662 0.05095 0.0043967 -0.074251 -0.0040123 0.21068 0.059996 0.20576 0.0023879 0.67168 0.13687 -0.032108 -0.012851 0.088922 0.015976 0.01251 0.0065218 0.022266 0.0096052 -0.01857 0.10864 0.24466 0.11924 -0.036206 -0.014392 0.50422 0.19943 0.0057863 -0.0027756 0.10675 0.027005 -0.00047093 -0.00038205 0.004715 0.0033264 -0.0035426 -0.0065685 0.045803 0.01562 -0.034064 -0.019318 0.081973 0.024775 0.0099067 -0.00070383 0.010852 0.0039601
-0.00019225 7.3315e-05 0.001683 0.00043316 -0.0089271 -0.025069 0.067534 0.025069 0.009241 -0.002169 0.061086 0.012511 -0.0035868 3.4832e-05 0.0045988 0.0010273 0.0017162 0.0022655 0.011139 0.0041466 -0.21659 -0.017539 0.39617 0.048812 0.28349 -0.048552 0.59443 0.10866 -0.011038 -0.010671 0.027182 0.029825 0.012609 -0.0019678 0.017902 0.0057491 -0.18026 -0.026361 0.29261 0.061412 0.22337 0.031512 0.35591 0.16171 0.0076328 0.0037216 0.018281 0.0090825 0.0024394 -0.00026923 0.0034147 0.0013534 -0.013096 0.0084051 0.057528 0.0084051 0.011383 -0.019091 0.038532 0.026807 0.00033205 0.00031058 0.0017124 0.0010196
0.0035858 -0.0023856 0.0044204 0.0032929 0.020607 -0.028412 0.057293 0.03288 -0.014397 -0.0083148 0.036423 0.010337 0.00030045 -0.00013246 0.0012962 0.00052729 -0.013389 0.0029018 0.029189 0.0056135 0.22089 0.0022637 0.46698 0.11502 -0.13183 -0.045522 0.43607 0.077801 -0.0051356 -0.0026047 0.0065993 0.0034948 -0.011558 0.011033 0.034591 0.012532 0.025728 -0.03009 0.41349 0.14094 -0.00023964 -0.055546 0.50415 0.19044 -0.0070176 -0.0018334 0.010751 0.0041811 -0.00074807 -0.0013588 0.0052102 0.0021601 -0.0077323 -0.0092103 0.060641 0.011756 0.016697 -0.002546 0.058549 0.016919 -0.0014477 -1.1034e-05 0.0023982 0.00078172
-0.00090597 -0.00309 0.00097765 0.0061762 0.046912 -0.012652 0.048348 0.01665 0.00039122 0 0.00039122 0 0 0 0 0 0.0069819 -0.008554 0.025518 0.031447 0.48455 0.10781 0.51369 0.2063 0.0027085 0 0.0027085 0 0 0 0 0 -0.017764 0.012927 0.031804 0.034581 0.43442 -0.11845 0.45404 0.13459 0.000992 0.0003145 0.000992 0.000992 0 0 0 0 -0.00033553 0.010011 0.001077 0.010522 0.042499 0.052124 0.050349 0.0581 4.7963e-05 -2.0729e-05 4.7963e-05 4.7963e-05 0 0 0 0
0.0023624 -0.0012895 0.0044897 0.0018473 0.0025564 0.0037797 0.074532 0.019451 0.010415 -0.024652 0.068213 0.0462 -0.00025586 0.00079119 0.001578 0.0011521 -0.0065022 0.00034475 0.012425 0.0027238 0.15246 -0.055752 0.60945 0.10486 -0.031534 0.014747 0.24438 0.10164 -0.0045893 -0.00040257 0.01312 0.0089065 -0.0013199 -0.0019951 0.0086233 0.0035705 0.17243 0.03044 0.52971 0.28298 -0.050423 -0.0030637 0.29986 0.1186 0.0036158 0.0025029 0.0069767 0.0081986 -0.00068096 0.0003376 0.0012536 0.0004574 0.020611 -0.034734 0.065332 0.037293 0.00094969 -0.0073321 0.021676 0.0091578 0.00072865 0.00067586 0.0017805 0.00094821
0.001078 0.00062909 0.0011813 0.00086728 -0.030273 0.0027265 0.059197 0.0092058 0.0041705 4.2584e-05 0.068149 0.035725 0.0075474 0.00040335 0.0097421 0.0044623 -0.030125 -0.0091121 0.036973 0.011395 -0.0046149 -0.15303 0.56715 0.19405 -0.0010269 0.11957 0.22199 0.14513 0.1066 0.010202 0.10671 0.010844 -0.071779 -0.012044 0.077887 0.013915 0.18964 0.0010678 0.58691 0.11056 -0.0021552 -0.082752 0.2013 0.1463 0.098031 0.01403 0.09851 0.014283 -0.011202 4.0627e-05 0.013272 0.00082227 0.025174 -0.0038926 0.035891 0.016338 0.018666 0.0064676 0.027819 0.0080841 0.0066139 0.00027189 0.0066207 0.00079365
-0.00051041 -0.0022137 0.0028266 0.0023779 0.039228 -0.0035898 0.043579 0.017665 -0.020145 -0.022017 0.041264 0.029489 0.00055076 -0.0028879 0.0051245 0.0045912 0.01099 0.038427 0.028047 0.040306 0.40701 0.1419 0.44195 0.17675 -0.34843 0.10916 0.38104 0.11844 0.026413 0.012026 0.041339 0.021106 0.025259 -0.0022545 0.027968 0.0088049 0.18402 -0.023502 0.28198 0.059439 -0.22303 0.029128 0.32109 0.048383 0.0033767 -0.003003 0.035479 0.012017 0.0050831 -0.0016273 0.0054621 0.002783 0.012749 -0.00113 0.039303 0.0066036 -0.013494 -0.0056507 0.047247 0.0089209 0.0003128 0.00038084 0.0064749 0.00075242
0.0037346 0.00033177 0.0048217 0.0010543 0.030162 0.056699 0.050713 0.083679 -0.025107 0.0055939 0.051291 0.025859 9.2274e-05 -1.5775e-05 0.0015276 0.00086391 0.024602 0.010442 0.028761 0.013353 -0.10146 -0.23423 0.36718 0.38097 0.044183 0.00019296 0.46199 0.26278 -0.0005463 0.0087253 0.014425 0.013493 0.0098324 0.033134 0.047519 0.039778 -0.072532 0.17911 0.27433 0.26872 0.096592 -0.0043697 0.31188 0.18435 -0.057313 0.013957 0.060708 0.017475 -0.00033521 -0.00064255 0.0035383 0.0030502 0.0015313 0.018102 0.078795 0.030637 -0.0038892 0.0080371 0.032414 0.062168 -0.0060411 0.00067873 0.0095043 0.0029352
-0.0030186 0.0024794 0.0050669 0.0034047 0.019877 -0.0099547 0.035377 0.01881 0.018376 0.0025848 0.038571 0.025521 0.0074595 -0.0031419 0.0074706 0.0032142 -0.040102 0.029699 0.063994 0.040757 0.089407 0.06397 0.35491 0.36947 0.13031 -0.051032 0.33996 0.21983 0.013635 -0.010315 0.04746 0.017139 0.029573 -0.010724 0.030333 0.014141 -0.22768 0.18393 0.35225 0.20467 0.24114 0.030815 0.37627 0.24091 -0.015778 0.00060979 0.034491 0.0073968 2.5845e-05 0.0002023 0.00076509 0.0013726 -0.0047672 0.0042038 0.040141 0.025528 -0.0012152 0.029776 0.082711 0.045267 0.0037793 0.00058598 0.0060549 0.0038609
-0.006116 0.00109 0.007785 0.0014434 0.007983 0.0013144 0.081456 0.013368 -0.0078351 0.0092449 0.029824 0.016156 0.0064366 0.00058581 0.0093542 0.0013292 -0.068021 0.0074805 0.068047 0.0087947 -0.050704 0.035573 0.51744 0.084492 0.26358 0.050583 0.32327 0.093132 0.028143 0.0084908 0.054556 0.011829 -0.076724 0.0070144 0.076887 0.011647 -0.045046 0.070884 0.47945 0.26993 0.26425 -0.010501 0.3168 0.079437 0.00070455 -0.0077174 0.047428 0.0079688 -0.012027 0.0010612 0.012177 0.0013419 0.043393 0.0058724 0.075316 0.035784 -0.017309 0.0018164 0.059413 0.022169 -0.00070957 -0.0024993 0.005408 0.0025444
0.0016974 -0.0034263 0.0018333 0.0036855 0.010705 -0.0059638 0.030039 0.011789 -0.0032401 0.0026356 0.075045 0.0088532 -0.0014128 0.00049435 0.0029964 0.00069702 0.0022133 -0.00079958 0.0026742 0.002804 0.21459 0.012122 0.40398 0.11593 -0.11247 0.0089471 0.46945 0.057508 -5.4438e-05 -0.00011913 0.026919 0.0051045 -0.00034149 -0.00083913 0.0025903 0.0016027 0.32705 -0.048406 0.42718 0.11166 -0.17432 0.040834 0.42577 0.046476 0.013651 0.006702 0.030428 0.0085011 -9.5369e-05 -6.4442e-05 0.00015425 0.00016182 0.061572 -0.004465 0.064423 0.0058911 -0.03314 -0.0019898 0.053326 0.0060067 0.0025849 -0.0020273 0.0051584 0.002349
-0.00016246 -0.00074634 0.003057 0.0015321 -0.0081602 -0.012199 0.033802 0.024363 0.017988 0.018382 0.067785 0.044232 -0.0015059 0.00019254 0.0057804 0.0025558 0.020838 0.0075453 0.031094 0.013108 -0.14797 -0.015451 0.2257 0.045166 0.3007 -0.043021 0.58943 0.094409 -0.044969 -0.014239 0.054646 0.015722 0.0036445 0.0047529 0.029952 0.012987 -0.10464 0.1259 0.226 0.13446 0.13254 0.025756 0.54987 0.14648 -0.039711 -0.029815 0.067161 0.033071 0.0064721 0.0029242 0.0082374 0.0036588 -0.011841 -0.0031687 0.025353 0.0076915 -0.027802 -0.013653 0.10015 0.024684 0.00032616 0.0069218 0.0076593 0.0098973
-0.0034831 0.001415 0.0074391 0.0015527 -0.0097524 0.00033077 0.010984 0.0045122 0.060094 -0.0078857 0.083553 0.024762 0.0077353 0.0050214 0.013122 0.01636 -0.056288 0.013304 0.06871 0.015872 -0.058459 0.017953 0.080441 0.048553 0.44341 -0.089391 0.58922 0.22016 -0.0044423 -0.056401 0.053573 0.077163 -0.0065894 0.0011265 0.031242 0.0090878 -0.12967 0.21856 0.24704 0.23326 0.17567 0.087393 0.28088 0.22861 -0.0064069 0.0017 0.01192 0.0082026 -0.0020938 -0.00015602 0.0054318 0.0003719 0.014005 0.0033963 0.042429 0.015208 -0.010584 0.014381 0.028389 0.017286 7.7327e-05 -0.00024929 0.0010111 0.00091254
0.0032247 -0.0014365 0.0064871 0.0015851 -0.0096986 -0.0052633 0.025457 0.0056055 0.055496 -0.0073093 0.075436 0.010123 0.0017805 0.0022299 0.0018254 0.0026937 -0.033085 0.020277 0.070668 0.043539 -0.059143 -0.0096083 0.078218 0.014373 0.41793 -0.037377 0.5089 0.059714 0.01053 0.0012474 0.019838 0.0076374 -0.056132 -0.023707 0.072644 0.033172 0.15303 0.038696 0.18422 0.072307 0.25992 0.017003 0.61104 0.076844 -0.00703 0.0013161 0.013881 0.0072642 -0.00833 0.0023236 0.011972 0.0027354 0.039674 -0.0004034 0.046921 0.0060143 0.01565 -0.0015262 0.081884 0.010957 -0.00019039 -3.7727e-05 0.0029271 0.00090722
8.3012e-05 0.00031024 0.00060776 0.001126 0.0012426 -0.0020116 0.0042301 0.010772 0.058295 -0.0028518 0.059056 0.0045692 0 0 0 0 -0.0013056 0.0019331 0.0078607 0.024296 -0.005454 -0.038912 0.037921 0.22291 0.44106 0.050326 0.44153 0.13283 0.00034504 -0.00012072 0.00034504 0.00034504 -0.0012991 -0.02814 0.0037834 0.05802 0.03677 -0.076489 0.089546 0.31076 0.43286 -0.0028679 0.44725 0.095096 0.00014773 0.00014773 0.00014773 0.00014773 -0.00091505 0.00033522 0.0014368 0.0017984 0.064922 -0.00053959 0.066681 0.0062338 0.05966 0.014479 0.069546 0.014798 -6.4792e-07 -2.0849e-06 2.0849e-06 2.0849e-06
-0.0022185 0.0029914 0.0059134 0.0032771 0.0088921 -0.0071744 0.040268 0.018492 0.024371 -0.009552 0.027172 0.01849 -0.0022971 -0.0019814 0.0066507 0.0051877 0.0050462 0.0013528 0.070868 0.029995 0.0033826 0.012721 0.3033 0.27993 0.2251 0.097999 0.28119 0.18605 0.0078431 0.022421 0.05326 0.034002 -0.067019 0.035772 0.067233 0.036079 0.18975 0.02283 0.58607 0.21446 0.059082 -0.081536 0.34036 0.22729 -0.022723 -0.010226 0.062553 0.029588 -0.0015093 0.0010685 0.002572 0.0013038 -0.030623 0.009505 0.10246 0.025862 0.057754 0.0058828 0.063032 0.02645 -0.0058997 0.00087842 0.0084539 0.0017389
-0.0061173 -0.00069088 0.0081471 0.0014892 0.036261 -0.024922 0.095792 0.026594 -0.027078 0.029588 0.07104 0.031376 0.010092 0.0014903 0.010147 0.0015685 -0.093247 -0.0060524 0.11225 0.0089745 0.37278 0.017812 0.55948 0.15971 -0.17326 -0.078606 0.25669 0.14505 0.082921 0.013858 0.083103 0.014232 -0.11407 -8.5472e-05 0.14097 0.006409 0.211 -0.0023551 0.40039 0.21759 0.0257 0.052181 0.12114 0.080274 0.1022 0.012602 0.10221 0.015491 -0.012524 0.0019092 0.017281 0.0019648 0.036872 0.017038 0.066366 0.057854 0.0095094 0.011627 0.045147 0.024171 0.0061952 0.0021888 0.0062279 0.0021983
-0.0046279 0.0028349 0.016079 0.0047763 0.00081305 -0.014322 0.078207 0.020065 0.032209 -0.015348 0.03701 0.019212 -0.0028436 -0.0027965 0.008574 0.0046217 0.036699 -0.0049876 0.088102 0.015038 0.035401 0.077369 0.53107 0.13305 0.23208 0.21191 0.27927 0.21523 -0.066599 0.01276 0.075774 0.015529 0.031421 -0.0018071 0.097177 0.021821 0.15162 0.013588 0.55115 0.17495 0.13541 -0.01881 0.18041 0.037058 -0.053365 -0.0038997 0.061756 0.0068682 -0.00054193 0.00040467 0.010388 0.0048353 0.003465 0.011241 0.094266 0.034841 0.016628 -0.012851 0.031949 0.013171 -0.0016353 -0.0014766 0.0050056 0.0016735
2.1726e-05 0.00053943 0.00068083 0.00092018 0.012369 0.0043566 0.015891 0.016459 0.003651 0.055446 0.041056 0.063091 0.0011652 -0.0058256 0.0054705 0.0061141 0.003233 0.0026269 0.0062226 0.0058345 0.41863 0.152 0.44861 0.1742 -0.074959 0.14452 0.19628 0.21419 -0.036312 0.042576 0.091668 0.048619 -0.0041623 0.0064573 0.01108 0.033681 0.29893 -0.10771 0.337 0.25385 0.071882 -0.098288 0.23939 0.16856 -0.011419 -0.016834 0.074086 0.075193 -0.002327 0.0063566 0.0042327 0.014996 -0.013322 -0.052548 0.030325 0.088457 0.01932 -0.12132 0.03037 0.12293 0.0015569 -0.0043313 0.0035873 0.008531
0.0056363 0.0012466 0.0068714 0.0042388 -0.026092 0.0055662 0.068644 0.034468 0.060646 -0.0081518 0.070266 0.044503 -0.0028167 -0.00027377 0.0051669 0.0010509 0.0066076 -0.0044406 0.0071222 0.0085084 0.0077287 -0.069594 0.12781 0.14372 0.35356 -0.0059287 0.43457 0.16932 -0.016006 -0.00020341 0.040271 0.0080289 0.0043622 -0.006328 0.0049898 0.0086397 -0.044978 -0.0056602 0.20399 0.17084 0.42305 0.067603 0.56351 0.10487 0.0072805 0.0022493 0.017405 0.006675 6.4071e-05 0.0034878 0.00069227 0.0042507 0.0044221 0.014049 0.013098 0.019738 0.054174 0.0099496 0.079962 0.016089 0.0018315 -0.00013879 0.0039338 0.00080926
-0.00058894 0.00053595 0.0020306 0.0011771 0.0026862 0.0015694 0.010506 0.0053045 -0.0057513 -0.0069041 0.01682 0.01112 0.0024114 0.0019555 0.0035257 0.0031026 0.011453 -0.01042 0.045036 0.029717 -0.19455 -0.28682 0.21957 0.29987 0.25675 -0.042588 0.33343 0.30274 0.009701 -0.0040922 0.034943 0.026776 -0.019875 -0.033988 0.065916 0.053796 0.012307 -0.13935 0.30202 0.23346 0.28342 -0.097466 0.32808 0.26766 -0.011191 -0.020985 0.058669 0.067847 -0.0017013 -0.0018866 0.0023131 0.0022028 0.052484 0.020045 0.053094 0.026941 0.0036186 0.02551 0.058616 0.050095 -0.0055745 -0.0043709 0.009928 0.0073466
0.00039175 -0.0012974 0.0010169 0.0016977 0.021187 -0.0067824 0.021549 0.0067824 0.00060261 -0.0013959 0.0010454 0.0013959 3.1747e-05 -3.1747e-05 3.1747e-05 3.1747e-05 0.0063796 -0.0099035 0.014636 0.02392 0.30117 -0.0801 0.50292 0.27793 0.0043316 0.00035682 0.0068887 0.0064906 0.00091808 0 0.00091808 0 0.0086061 -0.020967 0.013003 0.073608 0.40715 -0.035249 0.4431 0.44232 0.006195 0.0011813 0.010992 0.0047032 0.00036655 0.00011482 0.00036655 0.00011482 0.00036252 0.00032625 0.0012645 0.00075067 0.051201 0.0051299 0.051208 0.010594 0.00069539 -4.2318e-05 0.00088651 0.00053849 0 0 0 0
0.0024619 -0.00055251 0.0027568 0.0011947 0.0080169 -0.012396 0.050407 0.01844 0.070104 -0.081582 0.11207 0.10651 -0.00096186 0.00016159 0.005821 0.0011302 -0.0069007 0.0037655 0.011848 0.016438 0.14688 0.070328 0.47489 0.15699 0.11977 -0.0073494 0.51367 0.37424 0.039928 -0.0071069 0.066832 0.013085 -0.042498 0.060308 0.11615 0.064284 0.061024 -0.070506 0.18896 0.18291 -0.016219 -0.11741 0.26548 0.22621 0.085202 -0.0205 0.10326 0.023432 0.0019108 0.0016898 0.016372 0.0021841 -0.021707 -0.0094676 0.031884 0.014317 0.0021018 0.0018926 0.022002 0.033384 0.013865 -0.0026611 0.014931 0.0033956
-0.00026581 -0.00064249 0.00074513 0.0006683 0.073991 0.0020666 0.074395 0.0064774 0.014045 -0.0001464 0.014135 0.0013766 0 0 0 0 -0.0087292 0.018713 0.01765 0.082238 0.38983 0.086241 0.39952 0.22008 0.027186 0.0076314 0.030564 0.0096023 0 0 0 0 -0.0084817 -0.013563 0.020708 0.036315 0.44019 -0.12937 0.47678 0.39788 0.0085478 0.0010395 0.010871 0.0032598 0 0 0 0 0.00039326 -0.00064296 0.00051004 0.0010323 0.078618 -0.0042415 0.084059 0.012431 0.00047713 0.00032991 0.00096077 0.00055999 0 0 0 0
-0.0015012 9.8354e-05 0.0021329 0.00028103 -0.0031913 0.0035537 0.014582 0.0048039 0.023961 0.0066257 0.052384 0.0078648 -0.0033792 0.00051671 0.0048174 0.000573 -0.019153 0.0040346 0.020419 0.0041416 -0.036744 0.081694 0.31593 0.099201 0.15479 -0.029471 0.40013 0.085939 -0.012685 0.013445 0.025982 0.014483 -0.031 0.0072689 0.032348 0.0080562 0.034625 0.10242 0.56493 0.12104 0.029358 0.14001 0.48744 0.25176 -0.023605 -0.023211 0.026681 0.024425 -0.0080769 0.0017536 0.013373 0.0017653 -0.00055746 -0.052123 0.03989 0.054137 0.018247 -0.040414 0.03517 0.044493 -0.0022819 0.0063933 0.0036999 0.0064193
-0.00017491 -0.0018831 0.0027012 0.002146 0.0032326 -0.0053857 0.031908 0.0078646 0.044286 0.01465 0.094331 0.017518 -0.00405 0.00074407 0.006639 0.0013387 0.0059181 0.0020814 0.020124 0.0075721 0.12377 -0.035435 0.30073 0.080183 0.24718 0.0077518 0.52092 0.20678 -0.0087053 -0.0036771 0.016928 0.008461 0.0025028 -0.0017562 0.0098255 0.0097536 0.051462 -0.0014651 0.25923 0.080722 0.33223 -0.067975 0.46781 0.27755 -0.015334 -0.0043699 0.023453 0.0064135 0.00019668 0.0045219 0.0050999 0.0069626 -0.0061217 0.0080386 0.032893 0.02547 0.03241 -0.032973 0.045733 0.057281 -0.0025902 -0.00066436 0.0040046 0.0010019
-0.001369 -0.0027428 0.004626 0.0045806 -0.021541 -0.021201 0.066289 0.031006 0.043613 -0.013296 0.077297 0.014216 -0.0044143 -0.0011332 0.0044465 0.0014877 -0.025346 -0.0099999 0.028609 0.018283 -0.036076 -0.061462 0.29267 0.21435 0.26668 -0.022575 0.52629 0.061824 0.0030225 0.0030343 0.0089392 0.017368 -0.016816 0.013227 0.045863 0.023299 -0.13108 -0.020564 0.24476 0.10221 0.37871 0.017918 0.49683 0.051078 0.0043359 0.0095205 0.0055859 0.013386 -0.0063479 -0.001837 0.01482 0.0039635 -0.0057819 -0.0061141 0.025412 0.019343 0.054204 0.0094081 0.069436 0.013566 0.00039187 -0.00094092 0.0004402 0.0018799
0.00077434 -0.00026987 0.00089332 0.00032242 0.054635 -0.0024462 0.056736 0.0027353 -0.032708 -0.0036318 0.045224 0.0058817 0.00035142 -0.00068239 0.003256 0.00093704 0.00074033 0.00015781 0.0018051 0.00080712 0.37439 0.028191 0.37439 0.056933 -0.21245 0.0047012 0.37169 0.060173 -0.0092443 -0.00075149 0.017423 0.0046381 0.0010121 0.0016865 0.0017357 0.0021822 0.34247 -0.021607 0.34598 0.059022 -0.15747 0.0067936 0.48942 0.047452 -0.015778 -7.2972e-06 0.033521 0.0038443 0.00029188 0.0021922 0.0022119 0.0023617 0.014609 0.028178 0.054982 0.04607 -0.0099785 -0.010731 0.057879 0.013276 -0.00028905 0.00021933 0.0037368 0.0013437
-0.0014822 -0.0025313 0.0037042 0.0055149 0.034573 -0.013313 0.045087 0.037895 0.00088799 0.0065167 0.044684 0.021904 -0.0013496 -0.00058693 0.0057158 0.0014442 -0.00090345 0.021251 0.086332 0.03122 0.12043 0.082689 0.44879 0.25636 0.10939 0.073991 0.42099 0.1714 -0.025149 -0.0013552 0.038728 0.010677 -0.074379 0.024783 0.076951 0.025867 0.21972 0.0020946 0.52094 0.2455 0.0092404 -0.092517 0.18701 0.1133 -0.02546 0.0020168 0.037085 0.0084297 0.00041169 0.00035379 0.0020529 0.0011812 0.011379 0.026611 0.10652 0.040782 -0.013978 0.0070062 0.051096 0.030072 -0.0038968 0.00092053 0.0067151 0.0016349
-0.0039819 -0.010085 0.0075659 0.012012 -0.035919 0.0032409 0.041639 0.041958 0.053163 0.011747 0.05778 0.024003 0.00041091 0.00051394 0.0011248 0.00095751 -0.015674 -0.037993 0.061214 0.099247 -0.15366 -0.16363 0.28575 0.3732 0.30415 0.072671 0.34761 0.21229 0.0081643 0.0017446 0.01471 0.009757 0.0051877 -0.0038407 0.013497 0.019116 -0.0079554 -0.018547 0.077634 0.044733 0.42402 -0.029505 0.47103 0.10988 -0.0010191 -0.0017934 0.014179 0.0061407 0.00083591 0.00032022 0.0019213 0.00054805 -0.015484 -0.00024679 0.021468 0.0069058 0.079179 0.003742 0.079369 0.010691 -0.0013618 -0.00019078 0.0022565 0.00077271
-0.0012504 -0.002555 0.0034495 0.0089028 -0.026134 0.011478 0.034778 0.031004 -0.022637 -0.0082862 0.024525 0.019981 0.00066096 -0.002353 0.0011681 0.0026298 -0.00059143 -0.0082898 0.0074537 0.011931 -0.0061813 -0.06044 0.059705 0.089989 0.15287 0.18386 0.42385 0.40625 0.023828 0.070391 0.051157 0.076285 -0.0012323 0.025741 0.013973 0.04213 0.0040894 0.013114 0.041772 0.078803 0.26065 -0.0074768 0.60146 0.27225 0.067637 -0.02691 0.082508 0.041153 -0.0014829 0.0035114 0.0016412 0.0048272 -0.022426 0.11395 0.025731 0.11539 -0.021648 0.038572 0.03811 0.066274 0.0049898 -0.00060596 0.0072898 0.0070812
0.00036853 -0.0096811 0.00039991 0.0097088 0.0025543 -0.060191 0.004911 0.060491 -0.0055646 -0.071985 0.011076 0.071985 0.0010537 -0.013545 0.0010704 0.013545 -0.0013756 -0.025003 0.0036535 0.030396 0.24134 -0.15389 0.37526 0.1687 -0.1319 -0.0095987 0.36163 0.20529 -0.00056103 -0.011523 0.005329 0.016127 -0.0035349 0.0075503 0.0083847 0.011716 0.14459 0.01836 0.59005 0.053847 -0.047328 -0.13527 0.33465 0.15233 0.00015411 -0.0010311 0.0044758 0.0044463 -0.003197 0.00044605 0.00642 0.0029854 -0.0051506 -0.032277 0.063034 0.041439 0.028436 0.0090643 0.039654 0.017503 -0.0018184 0.0053546 0.002232 0.0056989
-0.0017938 0.0010425 0.006375 0.0030584 0.037667 -0.0019485 0.06466 0.07723 -0.0061423 -0.0016964 0.032837 0.0086516 -0.00023889 -9.5847e-05 0.0015251 0.00051325 0.0044727 -0.00034389 0.088401 0.045926 0.32777 -0.0039992 0.49789 0.34515 -0.02578 -0.01817 0.27844 0.036779 -0.002675 -0.00011907 0.011472 0.004198 -0.0073205 -0.013555 0.014388 0.014316 0.38531 -0.093054 0.40852 0.12769 -0.040158 0.00093947 0.25328 0.047084 -0.0076019 0.001754 0.015195 0.0089532 0.0022782 -0.00020596 0.0023808 0.0021699 0.058187 0.014809 0.090369 0.02762 -0.0093978 0.0018269 0.026403 0.0072251 -0.0015137 9.9238e-06 0.0037623 0.00054725
-0.0086704 -6.6054e-05 0.0095912 0.0013656 0.026258 0.00513 0.030303 0.01557 -0.0083599 0.0058531 0.045402 0.035047 0.0038493 0.0087062 0.0082294 0.0091105 -0.058004 -0.0046716 0.064038 0.012405 0.21648 0.042032 0.33852 0.078895 -0.10439 0.053348 0.40279 0.42726 0.044849 -0.013399 0.10071 0.067703 -0.052196 -0.00047572 0.052598 0.0066516 0.27574 -0.029373 0.34871 0.074589 -0.13617 -0.039947 0.34258 0.27781 0.0096951 -0.016966 0.06208 0.033584 -0.0075794 -0.00053985 0.0076803 0.0017758 0.054502 -0.0082965 0.05795 0.010028 -0.042965 -0.011614 0.053194 0.023639 0.0062282 -0.0015589 0.0086017 0.006167
0.0022025 -0.0090808 0.0022378 0.0090808 -0.0058859 -0.042693 0.0092832 0.042767 0.0040737 -0.053654 0.027534 0.053677 0.00070265 -0.014517 0.0013139 0.014525 0.0018113 -0.013695 0.0047823 0.016993 0.30483 -0.0847 0.31569 0.12112 -0.15236 -0.0013458 0.42343 0.18253 -0.0059036 0.000574 0.0089961 0.0060777 -0.0039466 0.0035454 0.004692 0.0053536 0.25944 0.03024 0.39815 0.064384 -0.10819 -0.09479 0.50901 0.1402 -0.0023085 -0.0032886 0.0055805 0.0082123 -0.00080203 0.00071101 0.0016361 0.0016668 -0.00054818 -0.0085427 0.080808 0.01327 0.0079831 -0.0042678 0.027503 0.005665 -0.00041461 0.00073862 0.00076632 0.0010824
-0.0006281 -0.00044613 0.0010406 0.0022167 -0.001296 0.010547 0.010498 0.021206 0.0031945 0.014736 0.011763 0.025481 0.0020057 0.0020562 0.0024273 0.0041151 0.0031942 0.015951 0.0087987 0.019793 -0.018449 0.021678 0.070844 0.10025 0.32656 0.12846 0.41321 0.41014 -0.049483 0.06888 0.055579 0.070945 -0.0029328 -0.0014836 0.013746 0.022622 -0.00030328 0.081329 0.10357 0.37802 0.13619 -0.161 0.281 0.44707 -0.041081 -0.075157 0.04546 0.087575 0.0004644 -0.0011048 0.0016167 0.0034389 -0.0038238 -0.0067012 0.012335 0.032424 0.0046993 0.01346 0.011879 0.034452 0.002466 0.002072 0.0039646 0.0085269
-4.4943e-06 0.00010795 0.00027851 0.00013275 0.019951 0.010814 0.022726 0.011782 0.030556 0.041277 0.04816 0.055368 -0.0054425 0.0014133 0.010344 0.0039287 0.0024961 -0.00028635 0.0024961 0.0012619 0.11959 -0.0069784 0.14701 0.052255 0.085773 -0.21126 0.5617 0.38163 0.010407 -0.0066122 0.042478 0.035877 0.00056341 -0.00022668 0.0012541 0.00067725 0.087419 -0.016689 0.17026 0.041829 0.16391 0.039072 0.4639 0.38467 0.014354 -0.012629 0.047703 0.018375 -0.00024676 9.0411e-05 0.00049219 0.00017816 0.024061 0.00042294 0.024061 0.0050098 -0.021257 -0.0017147 0.023021 0.010991 0.0052258 -0.00083385 0.005839 0.0014062
-0.0015087 0.00058824 0.003252 0.00068325 0.033835 0.0021882 0.034271 0.004205 0.00061525 -0.036483 0.076077 0.051631 0.00048697 -0.0010101 0.0077043 0.0018325 0.015787 0.006869 0.042241 0.0093859 0.23396 0.062883 0.38817 0.066462 -0.11537 0.043924 0.40799 0.050709 -0.00078364 -0.0048779 0.02223 0.0081349 0.046849 0.0011288 0.081886 0.011243 0.048569 0.13466 0.60104 0.26757 -0.089728 -0.043829 0.25751 0.17091 0.024068 -0.010197 0.026419 0.014028 -0.0022446 0.00072941 0.0096182 0.0023175 0.00323 -0.053581 0.074989 0.06081 -0.022929 0.029303 0.044877 0.039735 0.0097131 0.0059449 0.0099754 0.0066651
0.0016079 0.00068655 0.0047696 0.0033741 -0.0081688 0.0061237 0.024953 0.013568 0.054829 -0.019508 0.061699 0.027436 0.0021054 -0.0015571 0.002987 0.0024002 0.008878 -0.014313 0.039698 0.025529 0.16971 0.086832 0.24558 0.25716 0.0068616 0.085943 0.33682 0.20894 0.044033 -0.027427 0.045669 0.032857 0.0028626 -0.024935 0.045749 0.036948 0.22288 -0.0066312 0.55978 0.31069 -0.025493 0.046317 0.25792 0.30456 0.046827 -0.027257 0.066545 0.039503 0.0022074 0.0073832 0.011093 0.013826 0.026144 0.0054948 0.084642 0.045453 0.0093367 0.025245 0.080613 0.055595 -0.0021014 0.0016932 0.0080518 0.0031299
8.5511e-05 0.00018937 0.00073625 0.0010408 -0.0017631 0.005027 0.0058488 0.0058258 0.062948 0.0013761 0.062948 0.004222 0 0 0 0 0.00078178 -0.0089078 0.003453 0.016799 0.0050002 0.011836 0.030563 0.080033 0.42736 0.0044812 0.42736 0.032672 0 0 0 0 0.0047376 -0.020305 0.011154 0.056101 0.031079 -0.18346 0.069356 0.40795 0.43312 -0.023367 0.43377 0.12276 0 0 0 0 0.00064164 0.0024504 0.0017187 0.0060839 0.045719 0.0036106 0.057422 0.0098257 0.073659 0.013736 0.073734 0.013822 2.3731e-05 -8.6434e-06 2.3731e-05 1.3236e-05
-0.0023794 0.0012832 0.0029695 0.0027839 0.067022 0.0065833 0.07267 0.016065 0.014258 0.032403 0.022902 0.032736 -0.0039283 -0.0025485 0.0045121 0.0067808 -0.026343 -0.0024554 0.033512 0.0091821 0.31918 0.010039 0.38059 0.11481 0.17062 0.0053641 0.32228 0.29715 -0.027012 0.023335 0.051596 0.06697 -0.031661 0.02147 0.039897 0.022281 0.29516 0.075379 0.36403 0.12725 -0.068185 -0.2963 0.15421 0.35631 -0.00643 -0.050584 0.022057 0.054803 -0.002667 -0.0013379 0.0046536 0.0018587 -0.00026058 -0.00010172 0.022388 0.017176 -0.0036577 0.00056815 0.009633 0.0066521 0.00099004 8.589e-05 0.0025276 0.00099363
-0.00092085 0.0007116 0.0011991 0.00071997 0.027771 0.0014863 0.074903 0.015578 0.029717 0.0065858 0.085637 0.01499 -0.0020952 -0.00023171 0.0035214 0.0011933 -0.017979 0.010054 0.021922 0.012145 0.41184 -0.0067108 0.43138 0.060298 -0.019355 0.081137 0.45967 0.12597 -0.0068277 0.0030324 0.013839 0.0078027 -0.014736 0.031564 0.02632 0.038028 0.33071 0.045647 0.47832 0.11171 0.01501 0.039179 0.12903 0.065377 -0.0063902 -0.0046144 0.013853 0.010021 0.00043652 0.0048124 0.0064064 0.0061399 0.0090661 0.026748 0.094672 0.026841 0.0041496 0.0041819 0.013654 0.009022 0.000199 -0.00047182 0.0016108 0.00097678
-0.0045901 0.0097512 0.013624 0.010728 -0.023073 0.0061628 0.041572 0.023379 0.001534 -0.011526 0.0090514 0.013449 0.0052491 -0.0027925 0.0054682 0.0037896 0.01689 -0.055572 0.073995 0.063985 -0.10128 0.046821 0.27269 0.23906 0.019446 0.2265 0.096175 0.24166 0.045288 0.033909 0.048776 0.040369 -0.00031657 -0.0022949 0.004845 0.0054708 0.48863 -0.036632 0.48888 0.12754 -0.20592 0.086798 0.36925 0.10553 0.029383 0.013397 0.034694 0.020492 -0.003208 0.0081447 0.0067118 0.0083338 0.073815 -0.012855 0.082742 0.017169 -0.03404 -0.0017397 0.053889 0.012641 0.0019618 -0.0069537 0.005342 0.0070023
-0.0052642 0.00018612 0.0074967 0.0016008 0.059303 -0.0064134 0.059545 0.013717 0.010097 -0.00055862 0.011715 0.011914 0.00093668 -0.00025181 0.0065184 0.00061627 -0.02283 -0.0088885 0.061595 0.021612 0.44745 0.074515 0.47496 0.091804 0.0029059 0.034729 0.11495 0.070931 0.016989 0.0061394 0.029359 0.0098723 -0.024027 2.552e-05 0.031801 0.015119 0.47428 -0.069823 0.47867 0.1115 0.0037172 -0.073429 0.18073 0.088136 0.017188 0.0081745 0.022302 0.010556 -0.0037987 0.00093448 0.0059597 0.0023883 0.053696 -0.0013035 0.054178 0.010947 0.012904 0.0016264 0.022844 0.0084005 0.0053406 -0.00018859 0.0053406 0.00074587
-0.00071712 0.00060852 0.0031557 0.0014558 0.019856 -0.093998 0.036781 0.094567 0.042841 -0.0484 0.042841 0.048589 9.5e-05 -7.1295e-05 9.5e-05 9.5e-05 0.015059 -0.0013048 0.064504 0.022358 0.096782 0.27722 0.39022 0.37008 0.34457 0.11519 0.34457 0.19056 0.0012653 4.6531e-05 0.0012653 0.00055798 0.0099549 -0.0018206 0.079475 0.026764 0.22873 -0.056688 0.36639 0.13554 0.15158 -0.055837 0.15158 0.13329 0.004239 0.0013634 0.0046297 0.0032252 -0.0013298 0.0046616 0.0039213 0.0048124 0.021557 0.050328 0.061016 0.069012 0.041306 0.061457 0.04148 0.061541 1.9502e-05 9.2291e-05 6.8899e-05 9.2291e-05
2.8232e-05 -6.2758e-05 0.00014231 0.00018396 -0.013021 0.001663 0.063336 0.0037578 0.056455 -0.00045937 0.059424 0.0036523 -0.0014427 -0.00022918 0.0035968 0.00089782 0.00019347 1.4098e-05 0.0014443 0.00019666 -0.075455 0.015067 0.42921 0.07756 0.37522 -0.037296 0.37953 0.057351 -0.0081685 -0.0019381 0.016046 0.0086847 -0.00023964 0.00047243 0.0019797 0.00065847 -0.078046 0.050465 0.49239 0.055928 0.34521 0.021825 0.34521 0.036958 -0.01263 0.00084411 0.019825 0.0076226 -8.1261e-05 -2.1593e-06 0.00020513 8.282e-05 -0.0078545 0.010057 0.064697 0.010644 0.040196 0.00056715 0.042921 0.0063921 -0.0012187 0.00055438 0.0018452 0.0012288
0.00054896 0.00053592 0.0011782 0.00083672 0.053706 -0.0050608 0.059782 0.0091405 0.020484 -0.0023552 0.02503 0.0036298 9.6174e-05 -3.2833e-05 0.00036456 0.00017242 0.00023134 0.00047205 0.0075171 0.0087775 0.45375 0.022173 0.47071 0.082871 0.091498 0.056602 0.15317 0.060138 -6.8431e-05 0.00013639 0.0012734 0.00066432 2.7007e-05 -0.00088944 0.012288 0.0071642 0.46963 -0.019454 0.47756 0.089433 0.084958 -0.012535 0.20798 0.047959 0.00066163 -0.00028599 0.0014099 0.0010227 0.000573 0.0005753 0.0023162 0.00097461 0.060068 -0.0021677 0.061315 0.011129 0.017864 -0.0084727 0.024947 0.010673 9.829e-05 -0.00012707 0.00020044 0.00024694
-0.00033427 0.00018125 0.00076888 0.00064677 0.00065958 -0.0024289 0.0083621 0.0053008 0.069996 0.003056 0.073535 0.0092378 -0.0023646 -0.00088117 0.002991 0.00093928 -0.0041329 -0.0025099 0.0077242 0.0045421 -0.0032981 0.019584 0.071054 0.086479 0.47746 -0.0054538 0.51539 0.05827 -0.019306 -0.0055881 0.026561 0.0064321 -0.00095309 0.045142 0.0083021 0.05195 -0.093884 0.10116 0.15256 0.1079 0.40976 -0.014925 0.48511 0.072982 -0.0011005 0.00028652 0.013323 0.0048868 -0.0053114 -0.0035615 0.0055704 0.005662 -0.014289 -0.022915 0.040262 0.027252 0.052347 0.017156 0.062686 0.019027 0.0011116 0.00085615 0.0014754 0.00085615
-0.0003605 -0.00023799 0.00043319 0.00028183 0.004797 0.0084308 0.0059842 0.008526 0.032133 0.007934 0.041258 0.0095733 -0.00022047 8.5354e-05 0.0014767 0.00046671 -0.00080273 0.00061225 0.0015147 0.0011274 0.29571 0.021513 0.29623 0.034605 -0.041384 0.040724 0.53694 0.057095 0.0021248 0.0010417 0.015006 0.0042144 -0.0013178 -0.00061485 0.0030117 0.00092582 0.32232 -0.0035317 0.32469 0.013135 -0.07248 -0.01985 0.54526 0.040984 0.0075066 -0.0025553 0.017271 0.005445 -0.00040359 0.00014247 0.00053662 0.00016034 0.045238 0.0076101 0.04555 0.010326 -0.010503 0.0051435 0.076525 0.006099 0.0010948 -0.00016428 0.0025646 0.001088
0.00010776 -6.1814e-05 0.00024435 0.00011715 -0.009141 -0.0028547 0.06475 0.0065672 0.054014 -0.0037719 0.059263 0.0056148 -0.00067478 0.00068816 0.00374 0.0013422 -2.2118e-06 7.813e-05 0.00055837 0.00032601 -0.077371 0.032484 0.40875 0.067762 0.38087 -0.017988 0.38711 0.061519 -0.0087352 -0.00074176 0.017297 0.007014 0.00036032 0.00038172 0.0023078 0.001017 -0.090396 0.072117 0.46783 0.10745 0.35831 -0.013495 0.35831 0.057115 -0.0112 -0.00020697 0.016777 0.0059695 -0.00012453 0.0001479 0.0002293 0.0001775 -0.00056877 0.0089214 0.061063 0.010219 0.032717 0.0050563 0.038761 0.0078664 -0.0014247 -0.00032348 0.0023074 0.0009644
-0.0084678 0.0020312 0.010278 0.0020349 0.009929 -0.0099247 0.012682 0.01143 0.024488 0.019251 0.062448 0.019529 0.002058 0.0023897 0.0036202 0.0029234 -0.065652 0.011098 0.067829 0.011328 -0.071226 0.064613 0.47455 0.075587 0.13107 -0.10209 0.44854 0.10487 0.034363 -0.0095996 0.03893 0.019 -0.0568 0.0065102 0.057109 0.0084025 -0.14555 0.0278 0.50163 0.0587 0.20922 0.1279 0.34296 0.15434 0.034167 0.020427 0.058935 0.023059 -0.0053995 0.00037439 0.0054911 0.00058335 -0.018901 0.0064861 0.081594 0.022155 0.038677 -0.00036772 0.042135 0.0080189 0.0020212 -0.0005745 0.0061929 0.00071196
-0.00015144 -0.010392 0.0067599 0.013825 -0.021403 -0.041212 0.027312 0.057552 0.050477 -0.0018959 0.055841 0.017658 -0.00035408 -0.00066894 0.0020563 0.0011864 0.0017151 -0.004645 0.014581 0.013826 -0.051228 -0.0037429 0.088573 0.061993 0.4652 -0.054359 0.47988 0.11953 -0.0046227 5.7362e-05 0.015464 0.0037836 -0.00054373 0.002146 0.0087719 0.0044368 -0.066211 -0.027184 0.11358 0.04886 0.47643 0.043319 0.4963 0.061968 0.003305 0.0021186 0.011678 0.0072649 -0.00060181 -7.2464e-06 0.0014314 0.0013069 0.0015482 0.0057442 0.010163 0.0084934 0.06278 -0.00060656 0.067152 0.009727 -0.0004955 3.8224e-05 0.0019126 0.00058394
-0.00075302 0.0004057 0.01279 0.0039226 -7.8011e-05 -0.00058535 0.020049 0.0089038 0.079707 -0.0085298 0.079781 0.010811 -7.4293e-05 0.00013958 0.000164 0.00013958 0.0072927 -0.023185 0.043653 0.044999 -0.0034657 0.0236 0.080743 0.055824 0.47269 -0.042215 0.48174 0.052376 0.012185 -0.0032375 0.0127 0.0051923 0.028626 0.001686 0.060043 0.030411 -0.018639 0.11428 0.29995 0.16916 0.41507 0.041511 0.42661 0.078976 0.035308 0.0021707 0.036817 0.0040748 0.0080453 0.0018421 0.012846 0.0072662 -0.0072666 0.0058857 0.032111 0.024975 0.044258 -0.00022822 0.070983 0.0075048 0.0034715 -9.8964e-05 0.0036595 0.00050484
0.0004274 -0.00058985 0.002287 0.0013348 0.052441 -0.039512 0.053175 0.050317 -0.038732 -0.0077406 0.059077 0.032903 0.0013339 -0.00035151 0.0026268 0.0059029 0.002993 -0.044085 0.013957 0.045295 0.32213 -0.016486 0.32716 0.16173 -0.029115 0.0847 0.18403 0.17517 0.029324 0.014919 0.051422 0.045387 0.01196 0.011101 0.018322 0.020105 0.44524 -3.4446e-05 0.46047 0.26756 0.029407 0.032425 0.33075 0.23252 0.033753 -0.011765 0.055796 0.032905 0.0038856 0.0057686 0.0074684 0.0083776 0.03469 -0.0029824 0.044699 0.030759 -0.0036107 -0.028729 0.052379 0.051245 0.0050863 0.00027682 0.0059054 0.0059095
0.00023898 -0.00044087 0.0018698 0.0015906 -0.0083635 0.00092627 0.013949 0.0063073 0.069288 -0.0012334 0.071383 0.010579 -0.0011039 4.5034e-05 0.0022826 0.00026799 -0.0016228 0.0010635 0.0067647 0.0033935 -0.05529 -0.028748 0.11099 0.06286 0.49763 0.031805 0.52065 0.062167 0.0051838 0.0040078 0.011496 0.0072833 -0.0046455 0.00078799 0.010073 0.010977 0.018205 0.032391 0.082827 0.063846 0.43365 -0.045878 0.47985 0.074747 -0.0052941 -0.00052621 0.0096798 0.0045047 -0.0010446 -0.00066916 0.001404 0.0010879 0.0035352 -0.0009824 0.010895 0.0049936 0.056354 -0.0029438 0.059449 0.0070679 -5.3512e-05 -0.00047257 0.0015639 0.00069504
-0.010118 -0.00095216 0.010447 0.001843 0.028784 0.0028415 0.041849 0.012007 -0.012702 -0.027098 0.046442 0.054043 0.0087604 0.00090201 0.014215 0.0026713 -0.070464 -0.015947 0.075698 0.021723 0.088113 -0.007987 0.34424 0.16492 0.074653 0.22219 0.32786 0.33892 0.0058347 -0.014782 0.11033 0.024913 -0.043942 -0.0071222 0.046167 0.0087627 -0.0035701 0.06485 0.3569 0.20535 0.16179 -0.1632 0.4328 0.32855 -0.020741 0.0042148 0.031019 0.045529 -0.0039976 -0.0017221 0.0049802 0.0019187 -0.00050071 -0.0081029 0.04586 0.018575 0.020032 -0.00054391 0.039935 0.034685 -0.0079148 -0.006802 0.0088565 0.0068943
0.0071967 -0.002935 0.0094918 0.0032062 -0.021366 0.0044738 0.081735 0.016268 -0.011383 -0.0074102 0.10019 0.010872 0.004168 0.00016636 0.0056006 0.00033949 0.038438 -0.017952 0.042133 0.021731 -0.12101 -0.20048 0.35922 0.25626 0.083169 -0.010733 0.54559 0.088295 0.024102 0.0054621 0.044751 0.012762 0.0094301 -0.016995 0.0097781 0.01818 0.02635 -0.014178 0.29637 0.10966 0.054658 0.032568 0.53832 0.047477 0.029243 -0.0037382 0.046145 0.010382 0.00010004 9.9445e-05 0.00017653 0.00015213 0.013325 -0.0056544 0.06476 0.018932 0.013607 0.003578 0.085699 0.0060173 0.004453 -0.00022116 0.0059082 0.00044722
0.00087592 -0.00022118 0.0012256 0.00075555 -0.020075 0.0087816 0.087258 0.015875 0.036792 -0.00019204 0.076751 0.01694 -0.0096743 0.0021006 0.013008 0.0030165 0.0080755 0.00076486 0.012428 0.0059419 -0.21077 0.072099 0.50697 0.079683 0.24839 -0.039307 0.40342 0.16053 -0.051022 0.044207 0.07618 0.064882 0.0098874 0.00016544 0.01512 0.0084679 -0.2783 0.060907 0.28493 0.067437 0.32022 0.016047 0.34611 0.050726 -0.020397 -0.0015399 0.041337 0.023824 0.0028559 0.0025233 0.0043681 0.003684 -0.016323 0.036217 0.020636 0.036217 0.024811 0.047115 0.024859 0.047115 -7.5581e-05 0.006344 0.0017456 0.0063446
0.0015966 0.0011333 0.0017697 0.0013034 0.01286 -0.0098344 0.046944 0.016987 0.043605 -0.012436 0.092789 0.046037 -0.0064979 0.00044093 0.0071067 0.0021702 0.006514 -0.0083465 0.0078983 0.011659 0.027681 -0.049374 0.27722 0.068509 0.40738 -0.10096 0.42637 0.31367 -0.048733 -0.019879 0.053834 0.023396 0.00012583 0.016075 0.0094156 0.018214 0.01608 0.098612 0.37161 0.18613 0.15639 -0.063122 0.31466 0.33925 0.03636 -0.0020145 0.047455 0.013787 -0.00037535 -0.001997 0.0050374 0.0033485 0.017238 -0.020165 0.028704 0.024496 -0.0077403 0.0022272 0.059913 0.034361 0.0026838 0.00012859 0.0049549 0.00074157
-0.0023773 -0.0018483 0.0026013 0.0021974 -0.036275 0.0029022 0.057051 0.023888 -0.00054562 0.024097 0.018692 0.024677 0.001579 0.0015098 0.0038991 0.0031944 -0.0081085 -0.020794 0.018746 0.022851 -0.10068 0.048038 0.28637 0.085399 0.08039 0.067615 0.59699 0.17776 0.0046716 -0.0040961 0.0062638 0.0084317 -0.0020004 -0.0024607 0.0049439 0.0052769 0.039977 0.074203 0.30497 0.11105 -0.03708 0.052684 0.59677 0.095044 0.0049539 -0.0063417 0.005146 0.0074908 0.00029138 0.00061649 0.00079064 0.0010126 0.019333 -0.019572 0.049302 0.026519 -0.015104 -0.0087353 0.063412 0.027658 -6.1668e-05 0.0016871 0.0010905 0.0020209
-0.011066 -0.0035099 0.011163 0.0035248 0.0089864 -0.012945 0.011036 0.013961 0.030428 0.0029484 0.049843 0.031913 0.005605 0.0010685 0.00943 0.0021589 -0.032695 -0.011631 0.032695 0.012087 0.0072877 0.009378 0.020722 0.01593 0.26812 -0.060226 0.66449 0.22133 0.071348 0.016832 0.11388 0.024886 -0.011356 -0.0042332 0.012634 0.0043178 0.015711 -0.0068151 0.049161 0.01634 0.2922 -0.0040652 0.5092 0.17634 0.051968 0.013373 0.1242 0.02021 0.00012647 3.0222e-05 0.00042907 0.00019993 0.0083873 -0.0015726 0.0098034 0.0020431 0.049788 -0.00024433 0.073707 0.018404 -0.0028658 0.0010248 0.010403 0.0025158
-0.0051674 -0.0031858 0.0057436 0.0034439 0.020863 0.01876 0.023734 0.021095 -0.0082424 -0.0082691 0.030509 0.049535 0.00023429 -0.00086784 0.005086 0.0061248 0.0090957 -0.0001947 0.020661 0.012566 0.044946 0.0089589 0.44255 0.16142 0.066358 0.23203 0.25291 0.31674 0.0033271 0.022457 0.054503 0.038326 0.042216 0.018791 0.058217 0.023445 -0.04684 0.022391 0.2375 0.23407 0.12359 -0.18298 0.47411 0.37668 0.0027639 -0.013698 0.043622 0.033606 -0.00076224 -0.0011621 0.0072703 0.0034661 0.0091375 -0.0024317 0.030744 0.024652 0.0098394 0.02031 0.027043 0.027496 -0.0020927 0.0013555 0.0037609 0.0053119
-2.987e-05 7.1939e-05 5.1558e-05 0.00010375 -0.0092439 0.010279 0.06037 0.010757 0.053024 0.0015251 0.057103 0.0039714 -0.0010869 0.00042057 0.0029175 0.00090254 -0.00023769 -0.00026679 0.0019279 0.00043341 -0.064981 -0.023405 0.47694 0.026388 0.36332 -1.6243e-05 0.38081 0.025078 -0.0063052 0.00048195 0.017291 0.0053934 -9.9194e-05 0.00041282 0.0017689 0.00057823 -0.069663 0.045297 0.45655 0.052538 0.35102 0.010976 0.35626 0.030614 -0.0087604 -0.0015517 0.020339 0.005954 -0.00011911 -8.1983e-05 0.00029101 0.00011031 -0.0099729 0.01158 0.067356 0.01158 0.045719 0.0021521 0.046048 0.0044716 -0.0015157 -0.0002974 0.0024588 0.0013989
0.0011662 0.0020826 0.0058189 0.0046105 -0.020022 0.0034286 0.045468 0.015028 0.057335 -9.8117e-05 0.060403 0.010572 0.0080256 0.00080429 0.0080397 0.0012944 0.036844 -0.012811 0.076856 0.045822 -0.17636 -0.046377 0.31806 0.16222 0.40806 -0.015573 0.44025 0.075412 0.042079 0.0053473 0.042345 0.008343 -0.043914 0.02062 0.094831 0.026724 -0.07407 0.034665 0.25958 0.11657 0.40162 0.018911 0.41297 0.080991 0.03018 0.0016724 0.03057 0.0031601 0.00021203 -0.0015451 0.0078375 0.0019752 -0.0092398 -0.001309 0.040973 0.0055299 0.057562 0.0066367 0.064882 0.0079746 0.0039692 0.00039528 0.0040344 0.00078081
0.012354 -0.0045 0.013357 0.0061913 0.023176 -0.048432 0.090834 0.06116 -0.034073 -0.014473 0.061973 0.02022 0.0012251 0.0004566 0.0039713 0.0013264 0.040277 -0.01751 0.097735 0.0955 0.069661 -0.062602 0.49002 0.4742 -0.16941 0.043395 0.31967 0.16984 -0.0029412 0.0049676 0.024774 0.012499 -0.017314 -0.034835 0.029564 0.037269 0.27491 0.039247 0.38516 0.093711 -0.093606 -0.074705 0.23276 0.10929 0.013365 -0.001276 0.035505 0.01343 0.0013883 0.00094493 0.0042746 0.0011493 0.012119 0.0015476 0.037303 0.013025 0.0004526 -8.3708e-05 0.020341 0.0067495 0.0016879 -0.00020372 0.0032632 0.00090926
-0.00051929 0.0011072 0.0022004 0.004849 0.05171 0.0056705 0.064691 0.020778 0.00039296 0.00023528 0.0011877 0.00050812 0.0001523 0 0.0001523 0 0.0097237 0.0010495 0.011276 0.075617 0.47798 0.009969 0.51656 0.34323 0.0059565 -0.0013088 0.011255 0.0025986 5.7709e-05 5.7709e-05 5.7709e-05 5.7709e-05 -0.0016027 0.0032319 0.015586 0.0092648 0.42306 -0.034217 0.42452 0.046373 0.0074077 -0.0012107 0.012556 0.0064858 0.00019307 -2.6427e-05 0.00019307 0.00019307 0.0038014 0.0035548 0.0056201 0.0098179 0.043991 0.018749 0.073407 0.048843 0.0016665 9.9103e-05 0.0019871 0.00095917 8.9579e-06 -8.9579e-06 8.9579e-06 8.9579e-06
-0.0021507 0.00057926 0.018508 0.0015429 0.039675 0.0044139 0.070015 0.0097741 0.015639 0.0095984 0.054016 0.014076 -0.0069253 -0.00032295 0.0092571 0.0023931 0.091361 -0.0033913 0.11905 0.059103 0.10427 0.07333 0.5302 0.10475 -0.0025606 -0.047172 0.40864 0.075451 -0.00082451 0.0006791 0.033964 0.010909 0.10042 0.038884 0.10702 0.04132 -0.13165 -0.085895 0.53238 0.19537 0.066029 -0.11991 0.24146 0.13146 -0.021382 -0.0081223 0.053489 0.016622 0.010889 0.0015965 0.011136 0.0018922 -0.04442 0.0094131 0.077279 0.012886 0.018413 -0.001061 0.031641 0.0070667 -0.0019627 3.0494e-05 0.0053928 0.0015721
-0.0044309 -0.0014449 0.0088815 0.0027918 0.035456 0.003429 0.1093 0.015604 0.01467 -0.00035896 0.017179 0.0060875 -0.0028359 -0.00026541 0.0042009 0.0010348 0.044713 0.0039246 0.098063 0.013464 0.24681 0.034257 0.68444 0.096589 0.053646 -0.0061911 0.064239 0.036134 -0.047455 -0.0083413 0.048365 0.0093159 0.037052 -0.013798 0.075381 0.018145 0.28429 -0.080822 0.53818 0.11539 0.027034 -0.014106 0.091378 0.037197 -0.034804 -0.0091583 0.035172 0.011504 -0.0021511 0.0049484 0.0044623 0.0063131 0.057079 -0.0024304 0.077673 0.011558 -0.0076986 -0.0025353 0.014941 0.0074389 -0.00027499 -0.00012361 0.00046976 0.00061614
-0.0014791 -0.0093624 0.0033692 0.0095175 -0.0071415 -0.01895 0.02449 0.026975 0.00012954 0.0047342 0.072115 0.017436 0.011603 -0.000385 0.028142 0.0065693 0.006482 -0.00030298 0.016059 0.0077503 0.016045 -0.05007 0.084842 0.071645 0.1375 0.10569 0.53711 0.20502 0.07122 0.0038023 0.13944 0.027797 0.0060118 0.0028557 0.0076217 0.0076995 0.032729 0.033021 0.11497 0.076513 0.32347 -0.032023 0.58268 0.30773 -0.013777 -0.0021868 0.1322 0.057363 -0.00026239 0.00065909 0.0017355 0.0011242 0.0017773 0.0020646 0.013611 0.01292 0.044814 -0.01173 0.060666 0.034352 -0.0055515 0.013062 0.014761 0.014044
-0.0029798 -0.00084212 0.0043021 0.002085 0.019941 -0.0073233 0.029549 0.0097379 0.038022 0.0020191 0.086026 0.014123 -0.0041768 -0.001201 0.0056923 0.0027991 -0.011746 -0.0015229 0.022704 0.0085102 0.075693 -0.021428 0.27198 0.0473 0.34597 0.0096038 0.51999 0.16018 -0.019995 -0.0047535 0.026113 0.010862 -0.012959 0.014362 0.022828 0.021627 0.060126 0.058693 0.26892 0.14451 0.28148 -0.14634 0.38365 0.36375 -0.01427 -0.0042149 0.024185 0.0065622 -0.0045239 -0.0017232 0.0090943 0.0027536 0.0037242 -0.022743 0.026864 0.023067 0.026959 0.018814 0.050932 0.032215 -0.0028618 -0.00054097 0.0044682 0.00074854
-0.0015544 -0.017446 0.0035114 0.017702 -0.011664 -0.067817 0.024531 0.071421 0.0035 -0.027378 0.021974 0.058278 -0.0017511 -0.0056885 0.0040675 0.0099607 -0.0016642 0.0028645 0.0068866 0.0090943 0.036744 -0.009729 0.07303 0.13364 0.37742 0.073391 0.45671 0.27991 -0.058741 0.06277 0.094215 0.069643 -0.0015538 0.0032324 0.010729 0.0093685 -0.011589 0.029851 0.058337 0.15821 0.46011 -0.051762 0.48336 0.14055 0.0058968 0.0032559 0.038609 0.01751 -0.0027905 0.0042046 0.0040195 0.0053588 0.0038776 0.015296 0.018157 0.026404 0.010381 -0.0068907 0.01793 0.043358 0.0064412 -0.013195 0.0093198 0.013425
0.00024414 0.0012861 0.014059 0.0028564 0.0318 0.002299 0.066198 0.017276 -0.064947 0.011833 0.095688 0.020603 0.0032653 0.001936 0.007003 0.0036806 -0.055034 0.014661 0.070012 0.014852 0.1863 -0.041046 0.35921 0.14998 -0.20286 0.21636 0.40471 0.49618 0.04167 9.9867e-05 0.092945 0.039761 -0.05752 0.01584 0.058544 0.016369 0.26219 -0.014862 0.29475 0.049087 -0.13176 0.090014 0.20329 0.13568 0.034147 0.033071 0.070032 0.056818 -0.0017563 0.0054084 0.0026493 0.0054362 0.022974 0.061295 0.027833 0.061295 0.0052728 0.043629 0.0080488 0.043629 0.0007982 0.0019126 0.00085374 0.0019472
0.0022011 0.00029205 0.0035673 0.00086831 0.020378 -0.0088757 0.088216 0.017843 -0.0037073 -0.0075076 0.068481 0.009476 -0.0049149 -0.00099326 0.0050181 0.0010468 0.033245 0.011592 0.039406 0.012801 -0.16312 -0.084668 0.39438 0.1858 0.19067 0.009779 0.49496 0.14273 -0.03831 -0.0016407 0.038708 0.012436 -0.028472 -0.01219 0.072521 0.033293 -0.075337 -0.10788 0.42417 0.15992 0.25848 -0.0012731 0.37364 0.034895 -0.020399 -0.0071688 0.021078 0.0079373 -0.0040953 -0.004354 0.0054973 0.0051003 -0.02662 -0.023905 0.065891 0.040853 0.054015 -0.010904 0.073867 0.012009 -0.00096621 -0.00067619 0.0010666 0.0011443
0.00039252 0.00061498 0.0082152 0.0030202 0.0020709 0.0016397 0.010428 0.009331 0.082667 -0.0086703 0.082743 0.012646 0.00013201 0.00013669 0.000202 0.00026698 0.010995 -0.0032415 0.025403 0.022848 -0.036829 0.0027599 0.09951 0.072716 0.49247 -0.041288 0.49787 0.048328 0.033729 -0.011736 0.033834 0.012563 0.025333 0.0030994 0.03183 0.015127 -0.069185 0.091748 0.16658 0.11099 0.43626 0.044155 0.4489 0.079913 0.043372 -0.0015245 0.043726 0.0047396 0.0078131 0.0023424 0.0095902 0.0060824 -0.024091 0.0041559 0.049153 0.031477 0.058846 -0.0028717 0.062114 0.0099502 0.0086271 0.00091208 0.008663 0.0011596
-0.010114 0.0017445 0.010149 0.0017609 -0.017313 0.0062093 0.068655 0.011187 0.020525 -0.012622 0.066582 0.013039 0.0029102 -0.0013887 0.0032726 0.0016726 -0.074882 0.0068233 0.074938 0.0082767 -0.13457 0.023355 0.4803 0.065741 0.24063 0.075608 0.38504 0.12001 0.010708 0.029758 0.028567 0.029903 -0.0759 0.0023193 0.076018 0.0048802 -0.10478 0.0048464 0.52411 0.098269 0.28318 0.0078945 0.30219 0.051608 0.0083695 -0.00053373 0.033827 0.0023472 -0.011395 -0.00067898 0.011475 0.0012199 0.031407 0.033311 0.048437 0.05708 -0.0074632 0.011123 0.068627 0.012877 0.00049045 -0.000434 0.0036823 0.00068569
-0.0012624 -0.01325 0.0021528 0.013272 -0.0076303 -0.061455 0.018026 0.061455 0.018694 -0.012158 0.043409 0.048118 -0.0031872 -0.0070301 0.0045851 0.0094465 0.013868 -0.013484 0.040833 0.016998 0.026562 -0.031899 0.080917 0.076036 0.02422 -0.11738 0.55803 0.34412 0.046513 0.020957 0.057978 0.05523 0.019952 -0.0037958 0.053258 0.0096163 0.055388 -0.025218 0.088809 0.10699 0.00021065 -0.0029626 0.62026 0.2766 -0.01061 -0.075121 0.078312 0.094937 0.0040302 -0.00066192 0.01248 0.0019111 -0.012154 0.0055675 0.026373 0.023938 0.0075345 -0.026357 0.071796 0.033139 -0.0051858 0.0020265 0.0083546 0.0028342
0.0047304 -0.0080232 0.0062539 0.0084339 -0.024382 -0.0053198 0.087485 0.010083 0.0070949 0.0076265 0.021731 0.010019 -0.0024897 0.00077074 0.0026142 0.0015731 0.047339 -0.022611 0.056573 0.022974 -0.042729 0.028905 0.43747 0.075385 0.032393 0.021362 0.2758 0.067171 -0.012593 -0.0023252 0.014731 0.0080676 0.013508 -0.0043665 0.024094 0.0062761 0.06023 -0.0024335 0.65318 0.13278 0.085267 0.0021949 0.3952 0.28173 -0.016152 0.0037012 0.021517 0.01276 -0.00089399 0.00018003 0.0011241 0.00028888 0.018974 -0.0056081 0.088543 0.011339 -0.0016684 0.0026592 0.032291 0.010694 -0.00066333 -0.00045388 0.0014003 0.0011845
-0.0014306 -0.00025405 0.0018142 0.00081977 0.0064113 -0.0080327 0.017067 0.012116 0.0045979 0.016968 0.034534 0.027715 -0.0050476 0.0034802 0.010783 0.010601 -0.0076902 -0.0039344 0.010828 0.0073161 -0.041228 0.026571 0.13981 0.082101 0.12411 -0.029921 0.63607 0.1056 -0.043093 -0.023456 0.04313 0.023773 -0.0020873 -0.0039783 0.015823 0.0063603 -0.031492 0.134 0.3823 0.34292 0.043584 0.0093066 0.47965 0.081677 -0.03234 0.0062534 0.037314 0.0068573 0.0014475 0.00032086 0.0021684 0.001405 -0.0064301 -0.0074864 0.058804 0.017879 0.012361 -0.0031632 0.050168 0.012504 -0.006592 0.0018231 0.0087985 0.0025905
-0.0106 0.0017484 0.021183 0.0032008 0.04881 -0.001032 0.055063 0.01516 0.01407 0.0022496 0.063062 0.010306 -0.0049829 0.00022799 0.0080723 0.0018249 0.078302 -0.0086305 0.13623 0.062706 0.11446 0.066504 0.47751 0.10487 0.021133 -0.049827 0.36934 0.063339 -0.0066202 -0.00071416 0.039852 0.0074369 0.091122 0.022062 0.11131 0.055054 -0.13899 -0.012945 0.59348 0.2113 0.064325 -0.1619 0.19708 0.16704 0.0039426 -0.00078061 0.043795 0.011012 0.0067294 5.1426e-05 0.0093141 0.00078799 -0.064098 0.036721 0.098901 0.03991 0.031156 -0.0070222 0.036081 0.0077622 -0.0015449 -5.2395e-05 0.0084903 0.0013742
-0.0042308 -0.007125 0.0051311 0.0095825 0.044622 0.010364 0.058042 0.025265 0.0017709 -0.00052829 0.01432 0.0080913 0.003322 -0.00066174 0.003322 0.00091886 0.0031395 -0.0021662 0.0085827 0.0082428 0.41358 -0.033022 0.50404 0.13518 -0.013134 0.007982 0.09505 0.066907 0.025766 0.0046486 0.026016 0.0053527 -0.0031943 0.00020135 0.011739 0.0054557 0.44951 -0.01198 0.55187 0.056601 -0.007801 -0.0071011 0.099284 0.041013 0.021409 0.0016401 0.02322 0.0053067 -0.00079706 -0.0015874 0.0015384 0.0020201 0.071076 -0.00035541 0.074496 0.0073527 -0.0013198 0.0026282 0.010414 0.0050722 0.0019911 -0.00029565 0.0039871 0.00088445
-0.0056492 2.1545e-06 0.0096674 0.0018494 0.0073354 -0.011269 0.033838 0.029933 -0.0062646 0.0076665 0.014643 0.018057 -0.0023933 0.0013497 0.0050751 0.0025637 -0.071865 0.02132 0.13711 0.022077 0.099577 -0.018828 0.51077 0.13042 -0.060278 -0.0057876 0.22007 0.14176 0.0091334 -0.00093465 0.021817 0.016088 -0.083594 -0.0184 0.14272 0.03344 0.092591 0.015411 0.67847 0.18291 -0.03561 -0.064104 0.15418 0.21133 0.00063266 0.0041358 0.012114 0.010991 -0.00038799 -0.0010255 0.0076582 0.0032396 -0.0023037 0.0029983 0.059673 0.019383 -0.0033251 0.019188 0.020611 0.02331 0.0015259 5.101e-05 0.0025113 0.0015936
-0.0077522 -0.0014809 0.011559 0.0037755 0.024201 -0.0056832 0.040191 0.012183 0.038799 -0.006852 0.041806 0.010718 -0.0026844 -0.0011234 0.0048896 0.0012201 0.02748 -0.006536 0.043425 0.034608 -0.06778 -0.0059299 0.53168 0.18379 0.32182 -0.012757 0.35319 0.04544 -0.031357 -0.0049947 0.0333 0.0066213 -0.038752 -0.0052163 0.063171 0.012029 0.017334 -0.058839 0.30458 0.064315 0.38703 0.026216 0.40589 0.062592 -0.031651 -0.0034264 0.039829 0.013267 -0.0030079 -0.0007912 0.0040444 0.0012205 0.0049931 -0.0012417 0.011273 0.0029696 0.058388 0.0020845 0.065584 0.0077064 -0.0040381 0.00040318 0.006676 0.0010674
0.0097855 0.00082114 0.015035 0.0025113 0.049732 -0.005358 0.049951 0.01056 -0.097792 0.017295 0.10699 0.033638 0.0063821 -0.0016328 0.0080685 0.0029635 0.038484 0.0015416 0.091925 0.01379 0.10532 -0.039464 0.30182 0.15982 -0.30499 0.24554 0.37781 0.55841 0.046651 0.064428 0.090187 0.076752 0.033271 0.010561 0.093882 0.010999 0.21073 0.029977 0.23104 0.068521 -0.11524 -0.0358 0.20566 0.12217 -0.038255 -0.016797 0.086019 0.07868 1.176e-05 0.002046 0.0091091 0.0021054 0.030631 0.0045852 0.030631 0.015072 -0.0066186 0.012939 0.023321 0.018314 0.00095393 0.0095702 0.0057332 0.016754
-1.0042e-05 -4.8945e-06 6.4616e-05 5.5649e-05 -0.010047 0.0092146 0.04817 0.0096208 0.056432 0.00033457 0.059747 0.0047897 -0.0013649 -0.00031605 0.0028864 0.00085678 0.00010742 -0.00027099 0.0013334 0.00069098 -0.089747 -0.017307 0.43472 0.038 0.39481 -0.0050981 0.41093 0.031195 -0.0099185 0.0039824 0.022296 0.0088632 0.00013289 0.00030968 0.0007719 0.00038968 -0.082805 0.025191 0.38958 0.035211 0.38029 0.0067583 0.38606 0.031558 -0.0073576 -0.0031011 0.01563 0.011043 0.00010161 2.0341e-05 0.00038211 0.00011303 -0.013441 0.0090886 0.063696 0.0097136 0.051294 0.0048148 0.051311 0.006786 -0.0016296 -0.00048661 0.0024879 0.00089347
0.0010435 -0.00073448 0.0020176 0.0010812 0.015404 0.0075481 0.027889 0.020943 -0.017268 -0.0033308 0.04305 0.017357 -0.00062423 -0.0027643 0.0056803 0.010282 -0.004922 -0.00094981 0.011732 0.0093615 0.022836 -0.071837 0.41517 0.12524 0.10757 0.069615 0.4195 0.1606 0.0026983 0.011881 0.090829 0.055366 0.0025071 -0.00065063 0.017173 0.014399 -0.11727 0.054921 0.25571 0.11266 0.25848 -0.065767 0.60465 0.096193 -0.0095017 0.0085781 0.15498 0.018846 0.00092872 -0.00096283 0.0022393 0.0014741 -0.0019488 0.010703 0.020412 0.023244 0.017396 0.0034464 0.06642 0.0084991 -0.0058764 0.001331 0.020444 0.0015391
0.0075858 -0.0027812 0.011829 0.0029734 0.0070569 -0.022139 0.056556 0.036147 -0.02943 -0.007229 0.10118 0.029324 0.0034098 0.00055282 0.0047627 0.0010902 0.017637 -0.010211 0.02348 0.012964 -0.045171 -0.12501 0.31254 0.18406 0.095747 -0.0042263 0.53133 0.053315 0.035976 -0.0019809 0.055548 0.014049 0.0025792 -0.0094266 0.0036848 0.0098604 0.080352 -0.0083666 0.41944 0.17264 0.086872 0.044286 0.53425 0.07955 0.031999 0.0016349 0.047505 0.0060334 -6.7658e-05 0.00019012 0.00064399 0.00038732 0.047158 -0.0072287 0.049999 0.019094 -0.009741 0.0028081 0.10452 0.011175 0.0044148 0.00029073 0.0068193 0.00037977
-0.0026369 -0.0013353 0.0099292 0.0018294 0.034577 0.0033787 0.10412 0.025594 0.01183 0.0018462 0.014092 0.0056631 -0.0056825 -0.0010266 0.0057902 0.0015607 0.026938 -0.0049132 0.093897 0.012769 0.25495 0.012929 0.67032 0.050287 0.041059 -0.0089181 0.070325 0.031624 -0.042316 -0.0040725 0.042724 0.0096623 0.036376 -0.0054967 0.087049 0.016607 0.26003 -0.058692 0.57757 0.10593 0.0072017 -0.021162 0.10863 0.035876 -0.025502 -0.0084806 0.02645 0.010169 -0.0010402 0.0026645 0.0044171 0.0036736 0.053615 -0.0046865 0.069833 0.010741 -0.0037136 -0.0024755 0.018574 0.0080699 -0.00020604 -1.042e-05 0.00060542 0.00068247
1.1964e-05 0.0021186 0.00053999 0.0024146 0.040199 0.014912 0.04193 0.019532 0.0066168 0.00049568 0.0066735 0.00068773 0 0 0 0 -0.0064361 -0.024013 0.011026 0.032683 0.4816 -0.10261 0.48833 0.12814 0.077891 -0.011682 0.07836 0.015295 0 0 0 0 -0.0026372 -0.002984 0.0027964 0.003184 0.4629 -0.0023415 0.47033 0.020352 0.13778 -0.0018721 0.13874 0.0092975 0 0 0 0 0.00069586 0.011262 0.0014316 0.016265 0.039812 0.037735 0.044017 0.06198 0.018929 0.00017017 0.01933 0.0026871 0 0 0 0
0.011306 0.00016817 0.011306 0.0011244 -0.034723 0.0046192 0.037923 0.013196 0.052027 -0.0036272 0.060999 0.010182 -0.0030053 0.00037626 0.0049865 0.00123 0.1186 0.0052266 0.11907 0.014267 -0.33913 0.055597 0.41281 0.065303 0.32005 -0.018226 0.38595 0.10085 -0.0049937 -0.00015514 0.012776 0.0054331 0.096727 -0.010974 0.10981 0.027057 -0.21928 0.0084215 0.38288 0.18156 0.16353 -0.051992 0.29627 0.1832 0.0016593 -0.0018445 0.010511 0.0061214 -0.0072538 0.011667 0.017012 0.014106 -0.034254 0.0015225 0.049768 0.017949 0.016577 -0.012761 0.019586 0.022129 0.0060084 0.0008307 0.0062906 0.0032971
-0.0092051 0.0016389 0.00934 0.0016389 -0.020724 0.0052341 0.075679 0.0088704 0.023083 -0.010351 0.054581 0.011183 0.002027 -0.001636 0.0023875 0.0019942 -0.071954 0.007243 0.071976 0.0080724 -0.14923 0.017904 0.51705 0.074132 0.19137 0.044281 0.33693 0.091639 0.01269 0.035491 0.016791 0.035884 -0.078831 0.0020546 0.078831 0.0036472 -0.12762 0.032361 0.55982 0.052412 0.27534 0.0038181 0.29088 0.047 0.0095218 0.0019041 0.020628 0.0050274 -0.011009 0.00089721 0.011016 0.0019189 0.025283 -0.007966 0.04915 0.052869 -0.0050728 0.019546 0.065066 0.021958 0.0015033 0.00035193 0.0020293 0.00050437
0.0012989 -0.0074184 0.0095164 0.0074417 -0.013326 0.0085042 0.038546 0.014047 0.057139 -0.004916 0.066056 0.0069068 0.0015183 0.00019409 0.0017576 0.00025927 0.0025706 -0.013083 0.05336 0.015492 -0.017857 -0.045528 0.53639 0.16895 0.39971 0.026488 0.40542 0.041697 -0.00040862 0.0014168 0.0022614 0.0016638 0.019527 0.0053209 0.060728 0.012818 0.035958 -0.017441 0.23282 0.12327 0.34812 -0.0022299 0.36613 0.046007 0.012911 -0.0023504 0.013055 0.0043521 0.0027792 0.0028132 0.010876 0.0044303 0.027516 0.015215 0.047833 0.026434 0.027128 0.012436 0.058073 0.013893 0.0064008 0.00018716 0.0065587 0.00056811
-0.00022191 -5.2495e-05 0.0014493 0.00034091 0.059776 -0.0016715 0.065751 0.0044182 -0.014112 -0.0029138 0.026463 0.011661 0.0054032 -0.00039811 0.0055149 0.0019067 -0.00047798 -0.0016175 0.0026803 0.0024975 0.46083 -0.038296 0.46284 0.065185 -0.052624 0.051129 0.13817 0.10074 -0.0093669 0.005092 0.047901 0.011391 -0.00012062 0.003218 0.0032714 0.0041095 0.48653 0.0094487 0.48724 0.041973 -0.023549 -0.040914 0.15 0.055693 -0.036532 -0.00014689 0.074484 0.010306 -0.0024438 0.0071881 0.013311 0.0073422 0.060951 0.0019891 0.075997 0.010393 -0.0044339 0.0021499 0.023794 0.0098441 -0.0037374 0.0014167 0.008778 0.0021342
-0.0044356 -0.0025889 0.0053474 0.0031695 0.023568 0.010901 0.026959 0.016899 -0.013006 0.015795 0.041279 0.046217 0.0014702 -0.0014216 0.0034707 0.0046537 -0.0011925 -0.0064601 0.014228 0.013818 -0.047305 0.055185 0.50744 0.1859 0.23758 0.060271 0.34651 0.26266 -0.039108 0.027129 0.066544 0.048107 0.051119 0.021367 0.053206 0.023694 -0.0045312 -0.030123 0.28612 0.25974 0.077097 -0.077223 0.34918 0.36876 -0.016172 -0.014256 0.063226 0.042831 0.00037985 -0.00091237 0.012258 0.0029377 0.0039638 -0.0081438 0.043771 0.027237 0.010623 0.023857 0.0268 0.029653 -0.00077395 -0.0013197 0.0039417 0.0027378
-0.0069564 -0.0020942 0.01043 0.0020942 0.02444 -0.0031081 0.025028 0.0083816 0.014175 0.00040378 0.07036 0.011616 0.0033615 0.00019638 0.0063713 0.00042908 -0.023768 -0.004974 0.040801 0.0071117 0.10071 -0.018141 0.11024 0.025319 0.21119 -0.0021433 0.61474 0.1007 0.013267 -0.00098525 0.029852 0.0082314 -0.015933 -0.0033651 0.029268 0.0045278 0.040494 0.0048149 0.051348 0.0133 0.28759 -0.0024447 0.65737 0.061568 -0.016884 0.0038168 0.02435 0.0085999 7.0439e-05 -8.6397e-05 0.00023218 0.00015391 0.024436 0.016112 0.025641 0.016989 0.027091 0.010356 0.071487 0.026252 -0.0083154 -0.00022942 0.0099076 0.0015626
0.0011696 -0.0070248 0.0058145 0.008681 0.04875 -0.010305 0.067038 0.027358 0.016049 0.00028713 0.02652 0.0070765 -0.00022652 4.9665e-05 0.00022652 0.00012049 -0.0085448 0.0037761 0.013777 0.0055898 0.45557 0.010058 0.50247 0.062225 0.10559 0.023676 0.14251 0.031713 -0.0010759 0.00060987 0.0014334 0.0015268 -0.013912 -0.0029695 0.014711 0.01002 0.4655 -0.02065 0.47573 0.054701 0.10369 -0.0028584 0.16229 0.030389 -0.0016895 7.3227e-05 0.0016895 0.00061828 -0.0011141 0.0011759 0.0039975 0.0021279 0.061187 0.0010831 0.061975 0.0044284 0.021436 0.0058948 0.024903 0.0072996 -0.00031247 5.0971e-05 0.00031247 8.3719e-05
0.0040388 -0.0034638 0.0080337 0.0086414 0.032416 -0.0026862 0.071436 0.052543 0.016789 0.0031113 0.024553 0.0072036 -0.00025409 4.0438e-05 0.00027118 0.00019822 -0.0069349 -0.0067707 0.021378 0.020283 0.43704 -0.038286 0.51077 0.075709 0.11566 0.017071 0.15734 0.032334 -0.0024422 0.00020836 0.0024422 0.0012072 -0.017232 0.00099577 0.020991 0.0067881 0.45842 -0.0049404 0.4792 0.056036 0.11256 0.0024752 0.15538 0.028544 -0.00097256 0.00061613 0.00097256 0.0010493 -0.0029117 0.0006224 0.0041802 0.003211 0.062983 0.0025873 0.063494 0.0076405 0.020622 0.0048671 0.021832 0.0060945 -0.0002088 4.0932e-05 0.0002088 7.3004e-05
-0.00029889 -0.0043508 0.0014904 0.0058666 0.0015339 -0.011318 0.020258 0.039875 0.015424 -0.0044241 0.022399 0.041136 -0.0058838 0.0030089 0.0069998 0.010871 -0.0011374 0.0045025 0.0069368 0.0082297 0.022365 -0.048117 0.049423 0.13245 0.42656 0.11526 0.49202 0.19091 -0.043231 0.050431 0.077678 0.052294 0.00030722 -0.0035754 0.0075693 0.0099484 0.0091716 0.065701 0.058203 0.1021 0.45232 -0.099551 0.46812 0.16527 0.006717 -0.0019932 0.028535 0.015244 -0.0016402 0.007347 0.0036167 0.0085291 0.0018225 0.014252 0.011739 0.026795 0.0070896 -0.0074748 0.018467 0.052819 0.007881 -0.010591 0.0096752 0.010942
0.00036893 -0.016146 0.0007295 0.016188 0.0018138 -0.11617 0.0038114 0.11617 0.0047145 -0.068753 0.025742 0.071629 -0.0022413 -0.0054836 0.011584 0.0061305 -0.00093437 -0.0022288 0.0034333 0.0073746 -0.021726 -0.022217 0.029917 0.046916 0.30962 -0.0061619 0.59414 0.062095 0.013113 0.0084379 0.063778 0.044818 -0.0046685 0.0044275 0.013978 0.013095 -0.028019 0.02826 0.0308 0.057667 0.2441 -0.0037958 0.6403 0.057784 0.022565 -0.019821 0.078216 0.020897 -9.0655e-05 0.002347 0.003429 0.0035452 -0.0097219 0.0030295 0.011629 0.013254 0.025689 -0.010425 0.10154 0.015513 0.0037799 -0.00023614 0.0088858 0.00082742
0.0014041 0.0013749 0.0075981 0.0067273 -0.011112 0.0035274 0.022848 0.014877 0.059106 0.010412 0.065137 0.015826 0.0040713 -0.00020558 0.0040713 0.00070681 -0.052798 -0.0097917 0.067494 0.017879 0.0052116 0.018807 0.18714 0.044751 0.43917 -0.030355 0.4884 0.098961 0.033998 0.002839 0.033998 0.0080603 -0.057039 -0.0063623 0.06445 0.013416 0.0372 0.010324 0.19763 0.037593 0.42484 0.032809 0.49918 0.081096 0.034073 0.0026859 0.034073 0.0080713 -0.0062545 0.00097972 0.0085196 0.0016078 0.0051306 0.003926 0.027882 0.0071894 0.067777 0.012105 0.076494 0.017042 0.0045527 0.0010606 0.0045527 0.0013543
8.3358e-05 0.0023577 0.0003922 0.0029508 0.043222 0.011806 0.044806 0.014248 0.00031914 -3.325e-05 0.00031914 9.307e-05 0 0 0 0 -0.0055375 -0.023339 0.0088269 0.033403 0.49125 -0.0497 0.4991 0.098077 0.0026794 -0.00059659 0.0047584 0.00059659 0 0 0 0 -0.0027622 0.016823 0.0052118 0.044512 0.4781 0.040362 0.48305 0.13348 0.002625 0.00012777 0.0040353 0.0021137 0 0 0 0 0.0033722 0.0016221 0.0034641 0.0067293 0.05079 -0.012326 0.063109 0.031275 0.0006598 1.1983e-06 0.0006598 0.00012512 0 0 0 0
-0.00010268 0.00099868 0.010099 0.0029874 0.0078288 -0.0057001 0.033868 0.0091974 0.0027587 0.0040369 0.041584 0.017549 0.00069819 0.00054074 0.0016835 0.0013655 -0.047975 0.007526 0.072428 0.0109 -0.015665 0.0093799 0.1431 0.029076 0.16323 -0.0037691 0.47621 0.11376 -0.0066263 0.042694 0.024669 0.046172 -0.074581 0.025071 0.10428 0.028813 -0.033237 0.015893 0.15138 0.029508 0.46455 0.13886 0.55353 0.30245 -0.058415 -0.020613 0.070072 0.054184 -0.0022667 0.00038691 0.010866 0.0025362 -0.022471 0.0020208 0.039049 0.0053289 0.021779 -0.038836 0.051978 0.039624 -0.0014573 -0.0005694 0.0020565 0.0014294
-0.00048159 -0.0016809 0.0010144 0.0019931 0.072628 -0.0012565 0.074627 0.0099032 -0.010646 -0.0038287 0.018917 0.0060847 0.0041992 -0.00085541 0.0042146 0.00086105 -0.0022209 -0.00060427 0.0048676 0.0032369 0.48619 0.012165 0.50143 0.061813 -0.073963 -0.044445 0.15307 0.047137 0.028548 0.0038143 0.031404 0.006168 -0.0081769 0.029673 0.020751 0.031968 0.42034 0.021478 0.49495 0.045928 -0.059785 -0.023871 0.13532 0.050598 0.037751 0.0071363 0.038002 0.0073944 -0.0035357 -0.004481 0.0045537 0.0069026 0.040412 0.0090335 0.067083 0.022804 0.0061715 0.0057464 0.011177 0.0060134 0.0036568 0.00055716 0.0037383 0.00060289
-0.00044171 9.3154e-06 0.0021664 0.0016008 0.013601 -0.0044966 0.08206 0.035231 -0.0052166 0.037971 0.023834 0.051322 0.0023842 0.0058251 0.0080695 0.0068743 0.048545 0.017519 0.062255 0.025136 -0.059692 0.024697 0.37741 0.23152 0.16523 -0.096276 0.53122 0.41976 0.0060083 -0.026711 0.053482 0.042164 -0.0032528 -0.002941 0.070624 0.019904 0.07582 -0.058049 0.23388 0.22761 0.034977 -0.00089056 0.21977 0.30324 -0.018949 0.023975 0.034549 0.050771 -0.00038714 0.00065326 0.0070031 0.0033387 -0.0085836 0.03841 0.034594 0.06427 0.00016835 -0.045454 0.027879 0.045477 -0.0018722 -0.0088795 0.0059161 0.0088795
-0.0097506 0.00064424 0.0098881 0.0011971 -0.0024352 -0.0036885 0.02684 0.01244 -0.019604 -7.5743e-05 0.059814 0.049813 0.00065969 -0.0004588 0.0048899 0.0013481 -0.09404 0.015155 0.09404 0.015242 -0.044779 -0.018265 0.15629 0.084812 -0.038517 0.019135 0.55852 0.24379 0.0065192 -0.0017802 0.022566 0.0084214 -0.12327 0.0085158 0.12339 0.011243 0.14872 0.0040809 0.22132 0.132 -0.11649 0.070368 0.55218 0.33964 -0.02907 0.026899 0.05383 0.027993 -0.010335 0.0016178 0.010911 0.0022706 -0.0031637 -6.6984e-05 0.037879 0.0096021 0.0053732 -0.0075057 0.033606 0.011809 -0.0046403 0.0059117 0.0082297 0.006034
-0.0012898 0.0017026 0.0024082 0.0022232 0.076418 0.0059143 0.083759 0.011047 0.016914 -0.0066585 0.020952 0.0099203 0.002062 -0.0011878 0.006657 0.0016181 -0.022933 0.0045202 0.029169 0.0092472 0.50034 0.085216 0.50979 0.10326 0.061535 -0.01476 0.10092 0.076291 0.016495 0.0015193 0.02491 0.0075243 -0.049503 0.022059 0.074611 0.030518 0.39077 -0.066591 0.41375 0.11335 0.16235 0.0108 0.18924 0.10926 0.019381 0.0003702 0.042661 0.0083094 0.0015671 -0.00090995 0.0078445 0.0040676 0.03357 -0.0015304 0.066537 0.014498 0.030494 0.0021096 0.036807 0.012538 0.0027167 -0.00032042 0.0076721 0.00092986
-0.00010561 -0.0075653 0.00062649 0.0075653 -0.00048786 -0.053341 0.0061591 0.053727 0.025264 -0.026837 0.074946 0.034669 0.0055118 -0.0054424 0.013849 0.006869 -0.0050303 0.0084965 0.0098827 0.009132 -0.025458 0.010143 0.030873 0.032345 0.31147 0.0047329 0.60947 0.061248 0.034532 -0.0021772 0.090086 0.039831 -0.0005693 -0.0019725 0.0074764 0.0096995 -0.032514 0.031952 0.040804 0.056259 0.22593 -0.024419 0.64863 0.069755 0.029251 -0.015135 0.054533 0.018895 1.1609e-05 0.003546 0.0078624 0.0070768 -0.013913 0.013791 0.031766 0.023176 0.019572 -0.021738 0.083328 0.028391 0.0054479 -0.0012269 0.0087162 0.0018302
