0.0032515 0.0005077 0.005515 0.00054469 0.028629 0.024277 0.05456 0.038108 -0.017018 0.0044164 0.063572 0.02018 -0.0012925 -1.1965e-05 0.0023871 0.0002999 0.012651 -0.001855 0.035485 0.0034389 0.35623 0.057777 0.48808 0.16619 -0.29202 -0.0043679 0.3245 0.047943 -0.0090936 0.00012665 0.016128 0.0016074 -0.0096949 -0.0023686 0.049925 0.0033325 0.2727 -0.052387 0.30516 0.24317 -0.22178 -0.11255 0.2985 0.11505 -0.0088876 -0.00029657 0.017543 0.0019333 -0.0012769 -0.0006823 0.0056528 0.0015454 0.00021245 -0.012074 0.031303 0.020222 -0.0062407 -0.0096825 0.013149 0.013198 -0.00071204 -3.6257e-05 0.0019128 0.00034704
-0.0048575 -0.00041483 0.0064616 0.00084149 0.046376 -0.015503 0.059342 0.039429 -0.016817 0.0016964 0.053615 0.013437 -0.00014193 -0.00024065 0.0013396 0.0005422 -0.02693 -0.0013709 0.041378 0.0053765 0.39027 0.074569 0.47785 0.16337 -0.10621 0.048991 0.33312 0.085577 -0.01121 0.0022379 0.016985 0.0054259 -0.030245 -0.00037134 0.045629 0.0064906 0.31123 -0.09871 0.36284 0.21591 -0.017345 -0.1473 0.2666 0.23104 -0.026328 0.00020401 0.032487 0.0053629 -0.0053609 0.00012437 0.008711 0.00054841 0.03053 0.018569 0.03472 0.024296 -0.010675 -0.013388 0.034 0.023118 -0.0026124 -0.00024896 0.0033359 0.0011008
0.00036305 3.3459e-05 0.0016598 0.00046517 0.052935 0.0044839 0.056652 0.0080464 -0.031852 -0.0067392 0.039648 0.0078566 0.0038772 0.00041628 0.016479 0.0011375 0.0094687 -0.00056871 0.014123 0.001281 0.37366 0.019111 0.39591 0.034523 -0.21051 -0.076552 0.36495 0.12965 -0.022766 -0.0018753 0.071511 0.0098417 0.010238 -3.958e-05 0.012841 0.0020745 0.11299 -0.17026 0.26588 0.21621 -0.02417 -0.23263 0.38675 0.32131 -0.090635 -0.0095631 0.093095 0.015923 0.00016873 0.00011059 0.0020615 0.00034047 0.0016613 0.0077583 0.010228 0.01074 0.023481 0.017592 0.024926 0.021338 -0.011986 0.0015793 0.014381 0.0033921
-0.0019512 -0.0010295 0.0024121 0.001081 0.04472 0.0099834 0.04716 0.010061 -0.014176 -0.00014257 0.042645 0.0077905 -0.0048148 -0.00034298 0.010273 0.0012756 -0.002205 -0.0023638 0.010175 0.0042558 0.35986 0.050656 0.38493 0.063278 -0.18153 -0.018404 0.33543 0.063785 -0.061891 -0.0093752 0.089732 0.015885 0.0087673 0.00052416 0.013315 0.0027303 0.1208 -0.16192 0.23124 0.20533 -0.088049 -0.21945 0.49704 0.31504 -0.029173 -0.015131 0.058952 0.021563 0.00025508 5.0619e-05 0.0019699 0.00022796 0.0068809 0.017191 0.013831 0.018306 0.00035185 0.0098729 0.038806 0.020002 0.00073016 0.0035043 0.0062218 0.0042061
-0.0022918 -0.0015632 0.0033189 0.0016964 0.022552 0.019214 0.028624 0.022421 0.0048932 -0.019428 0.074224 0.069008 -0.0025654 -0.0012783 0.0071993 0.0049444 -0.015539 -0.013587 0.041238 0.070025 0.22451 0.044304 0.3044 0.40774 -0.15732 0.018765 0.3811 0.29836 0.0034621 0.003982 0.030433 0.01508 -0.020234 -0.0033362 0.03588 0.023796 0.31292 -0.16484 0.33349 0.22503 -0.15299 -0.16034 0.19513 0.1712 -0.021201 -0.0056562 0.030251 0.0084344 0.000111 -0.0005353 0.0011801 0.0010437 0.011736 0.00084198 0.026051 0.0061767 -0.0037255 -0.0034246 0.0083671 0.0047623 -0.00077862 -0.00041948 0.0037242 0.00087174
0.00075966 -0.0065985 0.0031547 0.0087942 0.010506 -0.014955 0.014097 0.090499 0.018854 -0.044241 0.022772 0.10695 0.0022342 -0.011965 0.0029301 0.018434 0.0076702 0.018148 0.010156 0.020082 0.34341 0.11533 0.34388 0.19318 0.040786 0.19788 0.14844 0.38388 -0.038259 -0.022448 0.038934 0.077487 0.0059112 0.0032095 0.013687 0.02048 0.23375 -0.12545 0.24342 0.21846 -0.13925 -0.3199 0.15453 0.37933 -0.0077934 0.0015556 0.014434 0.032082 0.002087 0.0025356 0.0024055 0.0030781 0.0018565 0.00025492 0.0041849 0.005931 -0.00041574 -0.0027939 0.0042782 0.0060964 -0.0021121 -0.0029052 0.0023941 0.0033042
0.00017744 -4.4928e-05 0.00054695 0.00078587 0.013103 0.0018342 0.021471 0.01371 -0.0096912 -0.0078603 0.020823 0.014266 0.0091089 0.0079761 0.012474 0.0098511 0.01631 0.0067554 0.025214 0.01603 -0.10684 -0.10336 0.33308 0.36921 0.29329 0.0087397 0.32051 0.5147 -0.046522 -0.022393 0.068825 0.073343 0.0068237 -0.00036441 0.028584 0.021432 -0.094041 -0.012783 0.19706 0.21533 0.19511 -0.071422 0.2756 0.20466 -0.019551 -0.016592 0.022791 0.018173 -0.010817 0.014367 0.010817 0.015012 -0.0067815 0.018127 0.022449 0.023528 0.011569 0.0031978 0.021623 0.01103 -0.0022866 -0.0019388 0.0038833 0.0022798
-3.3718e-05 0.00012386 0.00068709 0.00020017 0.033084 0.0053999 0.049698 0.017389 0.011478 0.0096986 0.028822 0.01577 -0.0068624 -0.0032207 0.007178 0.0044368 -0.0040903 -0.000724 0.0074703 0.0022893 0.28905 -0.0040662 0.39726 0.052543 -0.077063 -0.11191 0.26741 0.15302 0.012134 0.02894 0.071655 0.063949 -0.027541 -0.0046883 0.030031 0.005272 0.27684 -0.14419 0.35003 0.19949 0.047281 -0.052024 0.42507 0.40838 -0.023484 0.00053469 0.044567 0.021687 -0.0042501 -0.0014876 0.004515 0.0018584 0.034181 0.014409 0.045298 0.018251 0.032992 0.010098 0.059575 0.03587 -0.008757 -0.0011804 0.0089267 0.0013056
-0.00012973 -0.00053192 0.00019585 0.0021486 -0.0023207 0.001217 0.0028572 0.011154 0.061061 0.001415 0.061061 0.0039808 0 0 0 0 -0.0073846 -0.0092932 0.0074336 0.014599 -0.015184 -0.099213 0.015737 0.10778 0.47692 -0.036525 0.47692 0.036525 0 0 0 0 -0.0061558 0.0014353 0.0098107 0.036735 -0.028089 0.072323 0.053871 0.1882 0.47531 0.024235 0.47531 0.051622 0 0 0 0 0.00056328 0.0022135 0.0016475 0.0072154 -8.8e-05 -0.0047865 0.0023592 0.03219 0.071804 -0.0012413 0.071804 0.010584 0 0 0 0
-5.9804e-05 0.00022118 0.00011871 0.00054062 -0.00096223 -0.0052117 0.0027952 0.011886 0.062915 -0.0014068 0.062915 0.0028258 0 0 0 0 -0.0010677 -0.015015 0.0010677 0.015015 -0.0073092 -0.091976 0.015409 0.10314 0.47925 -0.031793 0.47925 0.039125 0 0 0 0 -0.00085995 0.009191 0.0011301 0.019982 -0.0065275 0.061948 0.020389 0.13045 0.48754 0.018567 0.48754 0.049575 0 0 0 0 -5.4459e-05 7.5082e-05 0.00029711 0.00053063 -0.00058164 -0.00056808 0.0018055 0.0035596 0.071192 0.00026419 0.071192 0.0016799 0 0 0 0
0.0019171 -0.00019327 0.0029339 0.00041125 0.024494 -0.012423 0.054076 0.014108 -0.028619 0.0036898 0.07465 0.029406 -0.00037427 -0.00041314 0.0016739 0.00076274 0.020172 -0.00087837 0.032578 0.0026073 0.24601 0.053361 0.42953 0.21631 -0.18583 0.041565 0.38702 0.075637 -0.0084123 0.0017411 0.014985 0.00318 0.018379 -0.0022401 0.041399 0.0064616 0.29541 -0.10251 0.4542 0.18667 -0.20257 0.03627 0.31434 0.096625 -0.00072397 0.00037712 0.012864 0.0021106 0.0010644 -9.4951e-05 0.0067367 0.00073076 0.030722 -0.015397 0.050503 0.028786 -0.013054 -0.030102 0.045725 0.034057 0.00067607 -0.00021244 0.0022411 0.00033683
0.0001638 -0.00020189 0.001248 0.00032061 0.0068376 -0.0073028 0.037916 0.01333 0.034134 0.011844 0.059705 0.056819 -0.0016251 0.00029004 0.0046297 0.0022094 -0.028149 -0.0037712 0.037019 0.0079937 0.2735 0.1258 0.39062 0.16835 0.17215 0.1635 0.26155 0.24919 -0.032022 -0.003593 0.037884 0.0051754 -0.042681 -0.0067691 0.053572 0.0070113 0.27844 -0.083178 0.41646 0.11283 0.16946 -0.15769 0.37993 0.19247 -0.020803 -0.00064864 0.052272 0.004523 -0.0037113 -0.00059719 0.0056452 0.00066049 0.020086 0.0079231 0.052584 0.010031 0.046716 0.04259 0.063054 0.044744 -0.0016744 -5.3527e-05 0.0082757 0.00070503
0.0019093 -0.00059298 0.0035425 0.00089191 0.027828 -0.0013276 0.041032 0.0047072 -0.013132 0.0070169 0.051625 0.022082 0.0027974 0.00237 0.010558 0.006405 -0.013641 0.0013326 0.022247 0.0048127 0.079364 -0.064275 0.298 0.066209 0.13556 -0.072683 0.54681 0.25786 -0.038908 -0.010148 0.049728 0.012305 -0.026825 0.0057895 0.036699 0.0070857 -0.046239 -0.018517 0.25565 0.042787 0.31774 0.025813 0.52001 0.19513 -0.035139 0.0057028 0.039938 0.0074121 -0.00085641 -8.5792e-05 0.0039902 0.00048605 -0.014234 -0.00038899 0.040009 0.0050937 0.059767 0.0098388 0.068219 0.029906 -0.012587 0.0014634 0.013326 0.001741
-0.0035937 7.9411e-05 0.0046733 0.00036641 0.0072602 -0.048655 0.057228 0.048655 0.0059915 0.018702 0.082776 0.024651 0.00059098 0.00014101 0.0020548 0.00046552 -0.017627 -0.00096031 0.034381 0.0034656 0.24995 0.10786 0.37162 0.15657 -0.0080697 0.040784 0.42737 0.12288 -0.0041751 0.0021018 0.011929 0.0054645 0.0030108 -0.00090719 0.026743 0.0066815 0.10161 -0.15434 0.43223 0.17895 0.22772 -0.045923 0.43166 0.18812 -0.061846 0.015001 0.065599 0.016683 0.0029699 -0.00074809 0.0055296 0.0012838 0.013969 -0.0010582 0.045881 0.0092951 0.041858 -0.013622 0.049431 0.03271 -0.0096135 0.001528 0.0098061 0.0024768
-0.0043498 0.002639 0.0065172 0.0037065 -0.0070986 -8.9761e-05 0.01587 0.007864 -0.0012884 0.0018257 0.013162 0.0068747 0.00064335 0.0061764 0.0048357 0.0064996 0.053836 -0.030707 0.067838 0.041568 -0.21617 0.079635 0.27467 0.14309 0.26957 0.051809 0.28755 0.13786 -0.018986 0.015411 0.023034 0.018539 0.021254 -0.013571 0.024638 0.01473 -0.11 0.030489 0.49628 0.26926 0.25633 0.077508 0.44698 0.20889 0.010195 -0.0084346 0.016042 0.014123 0.0036336 0.0045492 0.0037326 0.0056704 0.040054 -0.016061 0.059244 0.029954 -0.011348 0.00019393 0.068428 0.035246 -0.00093426 -0.0017884 0.0072711 0.0059094
-0.0011964 -0.00033779 0.0072295 0.00051686 0.041217 -0.00076154 0.071775 0.0069205 -0.027115 -0.0030947 0.03719 0.0075859 -1.6061e-05 -0.00014737 0.00073032 0.0003321 -0.029248 -0.0019662 0.066959 0.003657 0.32639 0.028888 0.39763 0.097529 -0.23299 -0.050853 0.30896 0.079831 -4.0481e-05 -0.001433 0.0064546 0.0030332 -0.014706 -0.0033057 0.029831 0.011304 0.14368 -0.14728 0.62506 0.18503 -0.091025 -0.11936 0.20624 0.12303 0.0032456 -0.00082375 0.014009 0.0020176 -0.00087044 0.00086566 0.0044413 0.00097524 -0.013993 -0.0062176 0.036483 0.017092 0.021184 -0.00094473 0.022376 0.0023479 -0.00058188 -0.00036578 0.0023167 0.00063171
0.0021063 0.00021464 0.0036034 0.00045404 -0.00093167 0.0026163 0.010299 0.0031587 -0.012745 0.01122 0.028599 0.015313 -0.00097444 -0.00074774 0.0033964 0.0013383 0.026399 0.0016884 0.041462 0.0050436 0.25278 0.050179 0.32236 0.082348 -0.19803 0.062666 0.33684 0.22699 0.0093593 0.026799 0.051159 0.058327 0.023089 0.0037678 0.038648 0.0054558 0.23862 -0.090983 0.40561 0.18304 -0.13593 -0.01029 0.40433 0.37132 -0.024862 -0.019784 0.028753 0.022547 -0.00096954 -0.00031422 0.0063131 0.0013509 0.052309 0.034271 0.064456 0.05027 -0.043735 -0.0075126 0.059522 0.015309 -0.0014848 -0.00011493 0.0026747 0.00031024
-0.0010217 0.0003324 0.0015952 0.00042638 0.0060048 -0.0054243 0.046078 0.0070166 0.0095188 0.012602 0.056222 0.02114 -0.00057374 -0.0045148 0.0062384 0.0047233 -0.019839 5.2298e-05 0.020282 0.012348 -0.12706 -0.039927 0.34473 0.11791 0.15737 -0.070673 0.46351 0.14364 -0.0015727 0.004794 0.018711 0.029424 -0.033552 -0.0041704 0.033552 0.00872 -0.0096263 -0.013977 0.38825 0.16334 0.18285 0.083967 0.5607 0.13635 0.030407 0.037685 0.080999 0.042324 -0.0073682 -0.0002366 0.0079313 0.00061256 0.018046 0.0037387 0.082943 0.0064871 0.018627 -0.0036762 0.062022 0.005756 0.0020415 0.00048449 0.0088386 0.0005723
-0.0010166 -0.00083869 0.0010218 0.0027355 -0.0028183 -0.020021 0.0028183 0.024335 0.065452 -0.0083589 0.065452 0.0090591 0 0 0 0 0.0051613 -0.010684 0.019605 0.018666 -0.015018 -0.018497 0.01664 0.084872 0.48985 -0.0085011 0.48985 0.030766 0 0 0 0 0.0010608 0.015161 0.012092 0.059088 -0.049172 0.031092 0.054634 0.16439 0.47334 0.010932 0.47334 0.060875 0 0 0 0 0.00019655 0.00068836 0.00089368 0.00090158 -0.0041314 0.0022519 0.0049249 0.0034608 0.074606 -0.003742 0.074606 0.0040716 0 0 0 0
-0.001187 -0.00058256 0.0015075 0.00078329 0.00075552 0.00074894 0.0052696 0.0039563 0.087426 -0.0037486 0.087426 0.0086888 0 0 0 0 -4.0416e-05 0.0042647 0.0025552 0.03974 -0.011039 0.033626 0.023508 0.22585 0.49275 0.0090105 0.49275 0.066885 0 0 0 0 -0.0021781 0.01094 0.0024218 0.018388 -0.0185 0.048993 0.02061 0.089342 0.45627 -0.0037783 0.45773 0.036918 0 0 0 0 -0.00043498 -0.00059857 0.00044781 0.0013543 -0.0027346 -0.0046382 0.0027346 0.012034 0.067161 -0.0038551 0.067674 0.0043141 0 0 0 0
-0.00021215 -0.00013422 0.00036987 0.0023178 -0.0012765 0.003346 0.0012765 0.013161 0.072094 -0.0090794 0.072094 0.0090794 0 0 0 0 -0.00065342 -0.0070588 0.0015131 0.015677 -0.0114 -0.048695 0.014097 0.071742 0.49769 -0.02036 0.50243 0.029861 0 0 0 0 -0.00080934 0.013231 0.0031865 0.013564 -0.00533 0.088597 0.0092647 0.092536 0.47467 0.033674 0.47676 0.035362 0 0 0 0 -0.00021227 -3.3768e-06 0.00021582 0.00041835 -0.0010584 0.00064425 0.0017749 0.0062067 0.062039 -0.0019954 0.062172 0.0035109 0 0 0 0
-0.0021392 0.00068648 0.0022096 0.00069916 0.0046027 -0.0012444 0.013246 0.0051194 0.018406 0.001145 0.074045 0.0266 -0.0065048 0.0015729 0.0079328 0.0022667 -0.0052976 0.0015461 0.0069731 0.0026465 -0.089112 0.05219 0.18366 0.072752 0.20603 0.020455 0.67196 0.1569 -0.015696 0.0060063 0.048889 0.012049 -0.00063342 0.0029745 0.0080048 0.0033437 0.035005 0.20854 0.26409 0.25043 0.010011 0.15254 0.41034 0.20855 0.030309 -0.0060233 0.058915 0.014667 -0.00077783 0.00035582 0.0010778 0.00037886 0.035247 0.003962 0.036091 0.0084174 -0.022004 0.0062814 0.028363 0.016789 -0.0029482 0.0020294 0.010069 0.0032179
-0.0033358 -5.7773e-05 0.0043985 0.000207 -0.007573 -0.00582 0.03169 0.0067084 0.044579 -0.0064845 0.063693 0.039062 -0.0094233 -0.0019793 0.011046 0.0033334 -0.022236 0.0044149 0.043342 0.0055258 -0.069162 -0.021493 0.23943 0.03704 0.34873 -0.04654 0.48219 0.22412 -0.05443 0.00063375 0.060153 0.0046687 -0.012807 -0.00035422 0.031717 0.0015751 -0.079784 -0.0030802 0.23898 0.024452 0.37971 0.035355 0.48371 0.22824 -0.066044 -0.00085587 0.073168 0.0044129 -0.00028563 -0.00029669 0.0019732 0.00069176 0.011942 0.0094967 0.051516 0.011063 0.012277 0.0098224 0.028097 0.029981 -0.0049799 -0.00079218 0.0061091 0.00094382
-0.004852 -0.0012479 0.0068233 0.0043192 -0.012923 -0.0084284 0.025182 0.021275 0.062546 0.0033722 0.065184 0.018849 -0.017726 0.00031845 0.018116 0.0016631 -0.031846 -0.029998 0.057677 0.044299 0.059952 0.108 0.21824 0.14838 0.23433 0.061142 0.51111 0.18309 -0.053329 0.014413 0.10843 0.018196 0.021568 0.024406 0.023807 0.030452 0.14614 0.020227 0.42175 0.094712 0.029539 -0.0062923 0.52945 0.12415 -0.010877 -0.0018204 0.095142 0.011318 0.0072425 0.0015025 0.0072875 0.0024483 0.010996 0.0032803 0.07929 0.012899 -0.0032452 -0.001821 0.068956 0.0094015 0.00069139 -0.00041661 0.0090484 0.001731
-0.0010529 0.009921 0.001661 0.015823 -0.0022222 0.034908 0.011337 0.10279 0.00019065 -0.018249 0.015063 0.05254 0.0013909 -0.0043846 0.0025375 0.011978 -0.00103 -0.027672 0.0081192 0.034753 0.35223 0.046193 0.4054 0.50707 -0.066649 0.22225 0.10667 0.23663 -0.0010332 0.040305 0.033445 0.071274 -0.0031712 0.022548 0.0038913 0.023824 0.15706 -0.12859 0.1695 0.22402 0.10987 -0.26084 0.13709 0.28457 0.0082646 -0.026954 0.023263 0.053153 0.00022515 -0.00043399 0.00033829 0.00058263 0.0018224 0.0022624 0.002686 0.0066845 0.00046043 0.0071333 0.001672 0.010637 -9.5418e-05 0.0012533 0.00028893 0.001593
0.0025145 -0.0027989 0.004436 0.003734 0.055708 -0.0011578 0.062991 0.014947 -0.0043169 0.01062 0.015512 0.013796 -0.011129 0.0045123 0.011201 0.0053032 -0.0087208 0.0050347 0.035117 0.017832 0.2321 -0.26351 0.28963 0.36219 0.10394 -0.29061 0.33251 0.39512 -0.016145 -0.0066988 0.028022 0.016038 -0.020635 0.012285 0.041703 0.027874 0.048691 0.026911 0.15375 0.12883 0.23498 0.096421 0.37973 0.15201 -0.014339 -0.015725 0.03074 0.0216 0.0022345 -0.0014588 0.0058348 0.0040169 -0.0081578 0.0066066 0.047601 0.028792 0.038116 -0.013401 0.053814 0.022985 -0.0046656 -0.00067638 0.005354 0.0023716
-0.0041882 -0.00069184 0.012065 0.0034651 -0.0022225 0.014151 0.062196 0.054775 0.028462 0.026761 0.052128 0.03625 -7.0844e-05 -0.00052134 0.00011754 0.001346 -0.055871 0.0018773 0.072339 0.026739 0.40602 0.021449 0.47729 0.16669 -0.1184 0.054026 0.25772 0.10993 0.012092 -0.0090523 0.017053 0.030394 -0.035486 0.026598 0.09113 0.040412 0.20581 -0.00018173 0.479 0.16431 -0.11082 -0.11789 0.29836 0.1613 -0.0024704 -0.0061539 0.0056875 0.0064934 -0.013204 -0.00073714 0.014074 0.0028032 0.027864 -0.004715 0.078092 0.014196 -0.011087 0.0074608 0.022177 0.010987 0.0023345 -0.00018357 0.0036158 0.00048588
0.00086747 -0.0012514 0.011297 0.0042341 -0.032243 0.0039755 0.062535 0.020943 0.029641 -0.0091152 0.043603 0.01431 0.00085538 -0.00032978 0.00096609 0.00062316 -0.059044 -0.0042822 0.076299 0.034386 0.14116 0.027563 0.33296 0.31666 0.090385 0.17635 0.31194 0.23704 0.013051 0.0011577 0.013952 0.010857 -0.026248 -0.010401 0.032044 0.029647 0.44528 -0.019123 0.44863 0.15883 -0.16223 0.06118 0.22711 0.18383 0.029985 -0.0070456 0.030962 0.011886 -0.0020181 0.0061271 0.008307 0.0068105 0.040973 -0.00015596 0.061731 0.029286 -0.0073662 -0.0234 0.044538 0.036888 -0.0010445 -0.00034442 0.0053434 0.00076503
0.0015697 0.0020098 0.0034305 0.0044889 0.026242 -0.00061399 0.064788 0.0064086 -0.013387 -0.0030034 0.12742 0.0098486 0.0029117 -0.0012079 0.0048928 0.0026308 -0.0039989 0.0018611 0.030869 0.010489 0.21556 0.0073693 0.41234 0.10123 -0.14693 0.043517 0.69802 0.18112 -0.0037829 -0.00091358 0.019258 0.0020612 0.001254 -0.00072571 0.025344 0.0018202 0.15157 0.0021264 0.25791 0.13992 -0.16268 -0.12513 0.19004 0.13136 -0.005881 -0.00088758 0.019614 0.0010585 -8.8259e-05 0.00090419 0.0028704 0.0018351 0.0036061 0.0034101 0.021192 0.0092387 -0.014909 -0.0026026 0.014909 0.0044058 2.0715e-06 -0.00021094 0.0024492 0.00070023
0.0027162 0.00030963 0.0038402 0.00085318 0.0013049 0.0025575 0.01003 0.0034286 0.026049 0.0011423 0.06429 0.0096873 -0.0072937 -3.1755e-05 0.009415 0.00061047 0.017714 -0.0019529 0.030664 0.0065533 -0.082613 -0.085577 0.1622 0.099311 0.26407 -0.020923 0.46074 0.13065 -0.037489 -0.00027425 0.060088 0.0046775 0.017289 0.002699 0.030244 0.0054702 -0.12341 -0.0012899 0.24258 0.065185 0.3241 0.01609 0.65766 0.047703 -0.022919 0.0014763 0.093582 0.0072873 0.0028452 0.00060735 0.0036518 0.0008418 -0.0053559 -0.0050827 0.02353 0.005773 0.028099 -0.013619 0.084356 0.020126 0.00017378 -0.0018381 0.021123 0.0022024
0.0013661 0.00087917 0.0021544 0.00098436 -0.021058 -0.002807 0.055537 0.0060724 0.061559 -0.012047 0.080551 0.0331 -0.010066 9.7283e-05 0.010816 0.0010978 0.011139 4.2656e-05 0.015106 0.0018964 -0.10784 -0.0047165 0.32712 0.030151 0.39461 -0.11632 0.49222 0.28433 -0.078476 -0.0036876 0.086368 0.0057271 0.0096104 -0.0033131 0.017611 0.0079967 0.071762 0.03864 0.45979 0.057887 0.072101 0.050554 0.24324 0.23686 -0.033149 -0.0060483 0.041981 0.0075308 0.0024212 0.0021338 0.0033456 0.0038637 0.026358 -0.019325 0.078772 0.025197 -0.02443 -0.0028005 0.04409 0.018778 -5.7631e-05 0.0017956 0.0036394 0.0024681
-0.001248 0.0020196 0.0014681 0.0021263 -0.0029468 0.013245 0.0032806 0.013251 0.065849 0.0045088 0.065966 0.0046064 4.5059e-05 1.5033e-05 4.5059e-05 1.8764e-05 0.0071589 -0.0078574 0.010773 0.015669 -0.0089082 -0.072708 0.01837 0.095647 0.45519 0.030768 0.45661 0.070097 0.00031051 -9.8442e-05 0.00031051 0.00031051 -0.00096163 -0.0066944 0.0010933 0.017013 0.00014736 -0.031947 0.028539 0.11555 0.51053 -0.012065 0.51094 0.043644 0.0003385 0.00010603 0.0003385 0.00010603 8.9957e-05 0.0031251 0.00017187 0.0054557 -0.0030611 0.020556 0.0051433 0.034261 0.080127 0.0098416 0.080301 0.0099486 0 0 0 0
0.0027069 -0.00035547 0.004891 0.00049645 0.013309 0.012167 0.049586 0.014307 0.012718 0.018897 0.028947 0.02877 0.0026317 -0.0016954 0.0044914 0.004739 0.014478 -0.0071797 0.034904 0.010376 0.25539 0.055909 0.47515 0.072932 -0.149 -0.026442 0.17343 0.093282 -0.0011384 -0.013108 0.010777 0.021519 0.0013217 -0.0073366 0.041705 0.0087946 0.35732 -0.12723 0.48568 0.14889 -0.24983 0.00069865 0.37538 0.0996 -0.0046479 -0.0088174 0.0079899 0.011282 -0.0026508 -0.00072274 0.0029791 0.0010414 0.05248 -0.0030138 0.055919 0.012703 -0.028065 0.0017395 0.082847 0.013064 0.0037025 0.0031156 0.0043572 0.0041822
-0.00031329 -0.0030117 0.0015728 0.0037948 0.051397 -0.0019284 0.058232 0.013977 -0.041846 0.0070668 0.049635 0.0079714 0.00038602 -0.00023564 0.0045997 0.00071078 0.0040553 -0.0032242 0.017044 0.0049242 0.43543 -0.0038274 0.45923 0.026688 -0.29222 0.027664 0.31994 0.030601 0.00056182 0.00097439 0.033029 0.0022944 0.0061637 0.0063172 0.014826 0.0067816 0.28919 0.074143 0.37503 0.1657 -0.19732 -0.087329 0.27689 0.096074 0.0015211 0.0010055 0.033392 0.0042158 0.0059998 0.0049752 0.0077941 0.0053177 -0.019454 -0.032821 0.047771 0.041066 0.0034074 -0.0032226 0.02103 0.0072183 -2.1589e-05 -0.0001156 0.0040587 0.00055925
0.0026414 -0.0009347 0.0029282 0.0016235 0.0038758 0.01319 0.08275 0.020972 -0.032512 0.0067354 0.054641 0.013017 -0.00012451 0.00033381 0.0027454 0.0010514 0.04141 -0.036214 0.041569 0.039878 0.15929 0.014061 0.54142 0.1694 -0.29836 0.059662 0.30416 0.070099 0.0040105 8.3463e-05 0.010521 0.0068359 0.017774 -0.019626 0.034387 0.02447 0.32451 -0.056049 0.41957 0.21934 -0.17077 0.075979 0.22832 0.11861 -0.010513 0.007075 0.017723 0.010375 -0.0024449 0.00061813 0.0027604 0.0009536 0.042166 0.0069883 0.055357 0.034277 0.0031859 -0.0050022 0.030637 0.015544 -0.0090357 0.0045993 0.0093442 0.0048804
0.0005932 0.00022889 0.00074554 0.00036227 0.047054 -0.0014952 0.055558 0.0057806 -0.014277 -0.0036956 0.064387 0.027245 -0.0061958 -1.2319e-05 0.013357 0.0031842 -0.011267 -0.0040689 0.016201 0.0065781 0.3553 0.085048 0.40899 0.11665 -0.088867 0.013594 0.38568 0.12752 -0.039973 -0.00091772 0.099121 0.0090914 -0.014587 0.0036951 0.019561 0.0053164 0.3611 -0.07494 0.38403 0.12322 -0.09843 0.015722 0.35294 0.19262 -0.032315 0.0043435 0.10025 0.020571 0.0029856 -0.00099001 0.0052286 0.0010353 0.042354 -0.0039174 0.05588 0.0067947 -0.011976 -0.0061153 0.043934 0.012272 -0.00414 -0.00015045 0.013559 0.0008978
-0.0061685 -0.00034037 0.0061698 0.00051113 0.012116 -0.021056 0.026805 0.02152 0.031621 -0.0046302 0.084072 0.015517 -0.0028509 -0.002062 0.0035251 0.0022591 -0.029592 -0.005268 0.029901 0.0089067 0.066048 -0.01587 0.077689 0.062429 0.26108 -0.031938 0.57691 0.075908 -0.015801 0.0012712 0.028044 0.007125 -0.016438 0.00018422 0.020588 0.0062688 -0.057369 0.15665 0.25183 0.16414 0.30186 -0.00060769 0.57919 0.035769 0.022514 0.022011 0.068242 0.031073 -0.0036858 0.00084069 0.0048362 0.00091259 -0.012698 -0.0073565 0.047446 0.020887 0.044748 0.00069177 0.07747 0.002648 0.0040693 0.0004005 0.011445 0.0012307
-0.0040668 3.7439e-05 0.0052232 0.00020117 0.0081721 0.0043722 0.050186 0.0058937 0.024253 0.021091 0.035879 0.033677 -0.0033155 -0.0025349 0.0033421 0.0025407 -0.024715 0.0025267 0.033428 0.0075218 0.25149 0.051707 0.41817 0.077434 -0.13709 -0.05163 0.16544 0.10423 -0.011872 -0.017254 0.013826 0.017617 -0.043496 -0.0086141 0.047314 0.010524 0.42343 -0.093038 0.45433 0.13155 -0.33069 -0.050039 0.36363 0.087067 0.0067118 0.017511 0.016422 0.024426 -0.002758 -0.00041097 0.0040215 0.0019225 0.055318 0.0084818 0.071052 0.013883 -0.016147 0.024938 0.075731 0.02643 -0.0019711 0.0018095 0.0049236 0.0019814
0.00012649 7.0615e-05 0.00045404 0.00027112 -0.0072324 0.0011181 0.036851 0.0099652 0.045746 -0.0031255 0.061076 0.013754 -0.00084239 0.00018917 0.013007 0.0085861 -0.030996 -0.0062412 0.032869 0.0071641 0.0071255 -0.12943 0.24056 0.20065 0.30972 -0.015015 0.48873 0.049312 0.017421 0.0012274 0.10677 0.022056 -0.049253 -0.01244 0.049803 0.013616 0.12767 -0.052708 0.25369 0.20284 0.39726 0.012033 0.46685 0.056342 -0.012836 0.007228 0.075409 0.042856 -0.0047922 -0.00011847 0.0047988 0.00089078 0.030047 0.0015303 0.045351 0.008972 0.052226 -0.0030423 0.054275 0.0036677 -0.0052137 -0.00014673 0.0077203 0.0018558
0.007512 -0.00021274 0.0098768 0.0004092 0.034983 -0.00035392 0.10097 0.0043449 -0.0007679 -0.00050461 0.055936 0.034497 -0.0036017 -6.9315e-05 0.0048473 0.00080626 0.048978 0.0034958 0.063169 0.0063633 0.21117 0.014922 0.42329 0.11217 0.0536 0.030156 0.10051 0.08637 -0.043845 -0.013733 0.044628 0.014119 0.051732 -0.0020335 0.063716 0.0066589 0.21713 0.0019187 0.53815 0.065817 -0.13624 -0.30524 0.34795 0.33742 -0.035472 -0.024115 0.046203 0.02535 0.0075379 -0.00051272 0.0085344 0.00078706 -0.01106 -0.0029327 0.11568 0.0068698 -0.016458 -0.0060889 0.044706 0.014399 0.0040626 -0.00010494 0.0041166 0.0003131
-0.010562 0.0032175 0.010867 0.0033116 -0.0083647 -0.0097599 0.026483 0.013886 0.027546 0.00059217 0.030969 0.0047148 -0.0031006 0.00041929 0.0056797 0.00086299 -0.10811 0.021034 0.11784 0.023241 -0.19721 0.00073855 0.4135 0.12414 0.34448 -0.044109 0.34448 0.060668 -0.013559 0.0028407 0.030651 0.0057885 -0.049593 0.0052478 0.087887 0.028612 -0.26611 0.18729 0.37476 0.25126 0.25866 0.074705 0.30682 0.078506 -0.0085828 0.00077028 0.018173 0.0034292 0.0065269 -0.00066267 0.012776 0.0028696 -0.036964 0.011517 0.061458 0.017705 0.0035329 0.0079186 0.035224 0.010911 -0.00071136 -0.00011492 0.0018347 0.00065545
0.00034355 -0.00024438 0.00034355 0.0017362 0.010771 -0.0014893 0.02717 0.0066166 0.00024213 0.009815 0.031645 0.015408 0.00054922 -0.0026957 0.010793 0.0079908 0.0024563 -0.0042782 0.0024563 0.0091596 0.12382 0.0029773 0.19566 0.054354 -0.13535 -0.012997 0.51368 0.28076 0.043592 -0.026946 0.045191 0.030933 0.00081318 -0.002243 0.0019839 0.0099082 0.14184 -0.028401 0.17785 0.059809 -0.15573 -0.0056906 0.68925 0.12214 0.013203 0.010875 0.022622 0.012786 6.5148e-05 0.00017655 0.00010966 0.001444 0.019892 -0.004325 0.026634 0.0058238 -0.01645 -0.018287 0.021651 0.019018 -9.9031e-05 -0.00056126 0.0014452 0.00058041
-0.00011492 0.00050264 0.0026388 0.00062976 -0.0055061 0.0028558 0.007885 0.0030856 0.020523 0.016891 0.039779 0.01741 -0.0028845 0.0004035 0.0038623 0.00059778 5.1616e-05 -0.00050475 0.024263 0.0019445 -0.00096251 -0.12264 0.19708 0.16966 0.21193 0.014667 0.52658 0.17248 -0.016967 0.00052645 0.027624 0.0029217 -0.02084 0.00073247 0.028657 0.0096275 0.035931 -0.0090469 0.22536 0.06496 0.3116 0.018374 0.61156 0.092825 -0.017667 0.0027213 0.030282 0.0037852 -0.0074571 0.0099435 0.007501 0.010546 0.028331 0.049964 0.067869 0.057171 -0.0085472 0.010459 0.062885 0.077957 -0.0014481 -0.0004254 0.0056332 0.0010041
0.00454 -0.00098918 0.0060763 0.0013286 0.037224 -0.010294 0.063377 0.016571 -0.031218 0.0083869 0.03386 0.01367 -0.0010521 -0.0019157 0.0012826 0.0022279 -0.0028438 -0.007212 0.010168 0.0091092 0.3656 -0.0038639 0.37939 0.077755 -0.2409 -0.028847 0.36063 0.043476 0.002015 -0.0013745 0.0074365 0.0070934 0.003797 0.012579 0.010952 0.01444 0.3142 -0.0055747 0.36825 0.064299 -0.21522 0.0059704 0.46062 0.03743 0.035182 0.031952 0.035615 0.040594 0.0033271 0.00030096 0.0046631 0.00048516 0.030808 0.0027489 0.062555 0.0062609 -0.0020915 0.0054189 0.088023 0.0079406 -0.0021964 -0.0029808 0.0050703 0.0044046
-0.0093295 -0.0064184 0.0095945 0.0085072 0.049796 -0.010602 0.083027 0.014581 -0.06853 0.005339 0.071802 0.0094095 -0.00084376 -0.00062481 0.0018321 0.001765 -0.0020047 -0.013547 0.02088 0.019935 0.33483 0.040858 0.36925 0.10139 -0.35184 0.073804 0.51615 0.10621 -0.0066429 0.024555 0.020349 0.02798 0.0087834 0.010154 0.010544 0.011138 0.11402 0.030736 0.12866 0.12407 -0.085356 -0.018051 0.47182 0.16594 -0.0029956 0.0012221 0.046081 0.0069564 0.0011537 0.0012265 0.0014368 0.0015906 0.00094495 0.0077595 0.023696 0.013817 -0.022561 -0.0038322 0.045047 0.011139 0.0046814 -0.00063823 0.0082537 0.0016688
-0.0068165 4.2709e-05 0.0096775 0.0031603 -0.027635 -0.0017362 0.049566 0.0048058 0.023352 0.0018953 0.060143 0.0034003 0.00013028 1.2788e-05 0.00099768 0.00023359 -0.07214 0.0047338 0.096465 0.0084701 -0.11871 -0.11986 0.4201 0.16461 0.18516 0.0052033 0.4209 0.022537 0.0012272 0.0021066 0.0063244 0.0030316 -0.073041 0.0079193 0.11087 0.0091788 -0.1322 0.12153 0.48745 0.14707 0.21046 0.014613 0.40814 0.027544 0.00074586 0.0025491 0.0059736 0.0033801 -0.0093442 -9.1273e-05 0.016028 0.0012517 -0.023447 0.00088731 0.088531 0.002925 0.029308 6.0196e-05 0.054521 0.0040699 5.2799e-05 0.00047675 0.0014142 0.0006213
-0.00082328 -0.00088212 0.0012079 0.0014167 -0.0017648 -0.018241 0.044122 0.063163 -0.011618 0.015059 0.054377 0.024123 0.00067617 0.001497 0.017535 0.0024426 -0.0064724 -0.00013494 0.008789 0.0068673 0.17956 0.0024018 0.41141 0.056208 -0.12099 0.07967 0.51616 0.10342 -0.010465 0.001801 0.10321 0.01389 0.0065251 -0.0011053 0.0066638 0.0030104 0.1619 -0.010354 0.45492 0.04221 -0.085263 -0.0040133 0.46821 0.050751 -0.021043 -0.0027953 0.0792 0.0062384 0.0019613 -0.0010927 0.0019962 0.0010927 0.0015439 0.024299 0.028752 0.02715 0.00046528 0.0021589 0.047018 0.01075 -0.0019148 0.00098264 0.010627 0.0023778
0.0026637 0.0004681 0.0057901 0.0015029 0.039427 0.00068555 0.09568 0.015277 -0.048224 -0.0059067 0.052156 0.013916 0.0034218 0.00030183 0.0050725 0.00050419 -0.0089795 -0.0029254 0.053559 0.02494 0.2434 -0.060851 0.54568 0.11111 -0.2991 -0.078391 0.30491 0.092517 0.041517 0.0076139 0.049843 0.0093622 -0.040035 -0.03689 0.057462 0.038828 0.1665 0.011427 0.38024 0.17892 -0.095045 0.052173 0.23813 0.32996 0.045938 0.019703 0.048706 0.025338 -0.0002212 0.00028279 0.0025109 0.0012782 0.051768 0.01767 0.07294 0.027342 -0.017547 0.0039432 0.024237 0.022322 0.0029481 0.00011731 0.0035558 0.0015856
-0.0026435 -0.00078288 0.0038596 0.0016575 0.0083276 -0.014718 0.030777 0.01764 0.055092 -0.026946 0.074755 0.03491 -0.0075569 0.0035186 0.0084029 0.0037178 -0.021376 -0.0021019 0.024572 0.012735 0.0028346 0.009447 0.085219 0.053449 0.35611 0.032126 0.38024 0.23865 -0.048236 -0.018322 0.060078 0.023295 -0.01018 0.022984 0.018146 0.025692 -0.044708 0.15024 0.096 0.15024 0.35641 0.079588 0.62 0.19867 -0.041206 -0.020052 0.054711 0.022487 -0.0030393 0.0048875 0.0039925 0.0049025 -0.034111 0.0094959 0.041229 0.015179 0.031878 0.016476 0.11523 0.0378 0.0002505 -5.9626e-05 0.001478 0.00063825
-0.0011712 -0.00025498 0.0012958 0.00062044 0.035095 -0.0018713 0.044136 0.010614 -0.026 -0.0021633 0.033843 0.0096424 -0.0072779 0.00039464 0.0136 0.00051063 -0.033761 -0.016018 0.033798 0.016161 0.32563 -0.0072022 0.42136 0.087871 -0.17209 0.020261 0.27179 0.05415 -0.049213 -0.0013719 0.097976 0.0077508 -0.03902 0.0033195 0.040302 0.0085801 0.43771 0.0044693 0.43771 0.021919 -0.25666 0.0040575 0.32241 0.024984 -0.046699 -0.0012212 0.11218 0.0049188 8.0191e-05 -0.00042704 0.0019814 0.00048983 0.054874 -0.0021187 0.055675 0.0037291 -0.032854 -0.0016169 0.040579 0.0088874 -0.0094371 0.000391 0.016671 0.0011864
7.6974e-05 0.0003409 0.0013529 0.00047844 0.038548 0.0037392 0.048442 0.0064644 -0.042095 0.0012469 0.075114 0.0099356 0.00035701 0.00014296 0.0044561 0.00044919 0.00075703 0.0014283 0.0055339 0.0023267 0.22608 0.007972 0.41597 0.03358 -0.22853 0.016066 0.49602 0.041271 -0.0060308 0.0013328 0.047957 0.0019629 0.0013607 0.00082465 0.0070442 0.0029119 0.25549 -0.0011032 0.36153 0.061583 -0.24549 0.011556 0.4305 0.025676 -0.015017 0.0012776 0.068193 0.0024741 -0.0037264 -0.00074967 0.0043814 0.00077549 0.050293 -0.01567 0.057404 0.017846 -0.031907 0.0043473 0.041709 0.0097066 -0.0057125 -0.00017275 0.014169 0.00093899
0.0011322 -5.3616e-05 0.0024643 0.000428 -0.0083776 -0.0045006 0.030669 0.0061594 0.031376 -0.026581 0.052795 0.026696 -0.0048988 0.00094406 0.0068045 0.0028972 0.0070038 -0.00039796 0.020635 0.002137 -0.30192 -0.039381 0.3031 0.066428 0.46098 -0.037587 0.46626 0.0814 -0.018203 0.0063695 0.039898 0.011109 0.010042 -0.00058744 0.016913 0.0029705 -0.20941 0.020852 0.21404 0.074533 0.33908 0.038433 0.37585 0.079038 0.0016807 -0.0037441 0.040658 0.0076539 0.0017381 5.2288e-07 0.0024538 0.00022445 -0.012143 -0.0032506 0.018697 0.005032 0.023494 -0.0059755 0.033351 0.0065582 0.0057798 -0.0001974 0.0097761 0.0011139
0.0040383 0.0010163 0.0082279 0.0034284 0.0023562 -0.0039926 0.068577 0.017939 -0.0079625 -0.046861 0.051356 0.053055 0.0051465 0.0040451 0.0077665 0.0056168 0.003253 -0.028464 0.053996 0.041551 -0.11317 -0.099523 0.19384 0.16277 0.34151 0.10485 0.47708 0.24575 0.016183 0.0228 0.062734 0.025447 -0.042314 0.018519 0.048816 0.025182 0.03188 0.008736 0.17927 0.088782 0.40081 0.023935 0.44574 0.22305 -0.021988 -0.00066733 0.036126 0.038391 -0.0085215 0.0022742 0.01017 0.0041967 -0.014294 0.046313 0.041653 0.048036 0.059878 -0.01682 0.060838 0.018883 -0.0017727 0.00085566 0.0049939 0.0076932
-0.00015179 -4.4724e-05 0.00024518 0.00045066 0.062817 0.0010685 0.064696 0.0037695 0.00025783 -0.0003685 0.00025783 0.00042932 0 0 0 0 -0.0010132 0.0076582 0.0013528 0.020795 0.48856 0.032981 0.5018 0.10562 0.0025347 0.00088829 0.0025347 0.0016838 0 0 0 0 -0.00022196 -0.0092643 0.001142 0.013538 0.47179 -0.044089 0.49823 0.072906 0.003494 -0.00048096 0.003494 0.0022399 0 0 0 0 -1.1829e-05 0.00022255 0.00031092 0.00072374 0.069911 0.00062568 0.072852 0.005513 0.00066885 2.127e-05 0.00066885 0.0003411 0 0 0 0
0.0020622 -0.0012403 0.0025268 0.0018755 0.013455 -0.0029396 0.069424 0.010436 -0.0095411 -0.00047213 0.06896 0.0094289 0.0010027 -0.00065477 0.013121 0.0030861 0.034895 0.00072405 0.036026 0.0045949 0.066214 0.0079094 0.46255 0.056152 -0.017011 -0.017686 0.52728 0.06602 -0.016438 -0.00087246 0.070104 0.012117 0.049117 0.0011829 0.050724 0.0030561 0.016887 -0.04785 0.38534 0.15272 0.03257 -0.029763 0.51053 0.1387 -0.019517 -0.0017707 0.080917 0.012508 0.0062794 -5.468e-05 0.0063647 0.0007985 0.0057138 0.001383 0.060248 0.010035 0.001749 -0.0048509 0.066331 0.023405 -0.0043818 0.00017088 0.014236 0.0019084
-0.0001188 0.0008081 0.00012093 0.0016049 0.079726 0.0033756 0.081064 0.0076232 0.00062162 3.4807e-05 0.00062162 0.00019574 0 0 0 0 -0.0014545 0.011787 0.0042792 0.014055 0.48007 0.064699 0.48972 0.065064 0.0031737 0.00032756 0.0031737 0.0015263 0 0 0 0 0.0012765 -0.0091276 0.0040831 0.014276 0.4851 -0.051502 0.5008 0.077858 0.0014097 -0.00072994 0.0055994 0.0031449 0 0 0 0 7.5058e-05 -0.0024714 0.00023432 0.0050289 0.076586 -0.011756 0.078364 0.023388 0.00059614 -0.00020246 0.0007989 0.00046897 0 0 0 0
-0.0036435 0.00071185 0.0085973 0.0021866 0.0027174 0.011363 0.01851 0.021878 0.04166 0.0088344 0.065553 0.059887 0.0064493 -0.0057726 0.0077235 0.0060024 -0.042567 0.014622 0.07362 0.022281 0.22507 0.058197 0.32115 0.1471 0.15841 0.094537 0.34977 0.18028 -0.012102 -0.0075987 0.041518 0.039546 0.022689 -0.014449 0.030741 0.016221 0.29431 -0.016372 0.6379 0.15868 -0.046917 -0.0049345 0.24111 0.097923 -0.01647 -0.016678 0.025598 0.021209 -8.876e-05 -0.0016847 0.0040523 0.0030874 0.030043 -0.0012966 0.094009 0.021349 0.011532 -0.00026266 0.072622 0.042176 -0.002693 0.00034786 0.0041432 0.0024834
0.0015844 0.00016703 0.0023555 0.00036128 0.029136 0.0036128 0.036469 0.0071115 -0.033611 0.00097563 0.041987 0.0021782 -0.00068514 0.00019169 0.0012838 0.00021675 0.010757 2.2064e-05 0.01668 0.0020078 0.26316 -0.040522 0.43173 0.065298 -0.25711 0.0074813 0.35988 0.030822 -0.0016511 -0.0029238 0.0085328 0.0039925 -0.0048474 -0.0033645 0.023894 0.0047972 0.31565 0.013197 0.37942 0.042282 -0.2869 -0.016979 0.43801 0.049015 -0.0076701 -0.005868 0.040112 0.0083233 -0.0015325 -0.00059711 0.0027107 0.00072077 0.021263 -0.016185 0.02856 0.018242 -0.026296 -0.026882 0.080708 0.038533 0.0045573 0.001799 0.0053828 0.0043478
-0.0051404 0.0048041 0.0051551 0.0053736 -0.0036675 -0.022864 0.0037265 0.023217 0.061184 -0.014363 0.062843 0.014908 0 0 0 0 -0.011173 -0.022869 0.014847 0.065299 -0.002514 -0.0084895 0.090766 0.22762 0.42496 0.025869 0.43681 0.09595 0 0 0 0 -0.0031766 -0.0048121 0.0035873 0.016591 -0.011188 -0.04605 0.022338 0.14198 0.49584 -0.011168 0.50213 0.091662 0 0 0 0 -0.00041652 -0.0023517 0.00041652 0.0023517 -0.0039097 -0.017824 0.0041157 0.017824 0.081378 -0.0057019 0.0835 0.010664 0 0 0 0
0.003184 -0.0024866 0.0072802 0.0046742 -0.025862 0.014317 0.066308 0.033041 -0.037984 0.014048 0.066842 0.045479 0.0061617 -0.00032852 0.0089023 0.003382 0.030886 -0.026223 0.035215 0.026861 -0.20313 -0.24274 0.53004 0.30216 0.036192 0.057933 0.50777 0.29715 0.0098197 -0.0045969 0.037155 0.026466 0.0025159 -0.0028236 0.010398 0.0069282 0.036613 0.036426 0.11949 0.06402 0.08145 0.1025 0.2948 0.13144 -0.015322 0.0030893 0.042694 0.025952 -0.0014054 0.0011483 0.0026125 0.0014253 -0.00071311 0.00024013 0.013509 0.0092456 0.054873 -0.0068163 0.068464 0.049737 -0.012238 0.0072121 0.013164 0.0081185
-0.00061192 0.00035825 0.0013269 0.00051291 0.02938 0.0020257 0.058855 0.0075858 -0.024987 0.0099842 0.066229 0.019858 -0.0021581 0.0040483 0.008705 0.004313 0.0053522 0.00078242 0.014957 0.0051291 0.30192 -0.0047778 0.39957 0.074849 -0.058374 -0.0007035 0.25624 0.22794 -0.069431 -0.026209 0.077172 0.048368 0.0012879 -0.0016686 0.012672 0.0044859 0.36146 -0.0080435 0.37957 0.06152 -0.30024 -0.09166 0.39101 0.21552 -0.035498 -0.006374 0.046287 0.021559 -0.00032627 0.00011122 0.0021652 0.00056344 0.035591 0.0043447 0.053166 0.020978 -0.028711 -0.018427 0.083472 0.069281 -0.0104 0.0093412 0.010835 0.0097096
0.0012213 0.00012864 0.0034433 0.00022667 0.029294 0.0033786 0.037045 0.0084062 -0.033673 0.0010589 0.049727 0.0023758 -0.001619 0.00015328 0.004426 0.00016621 0.0083032 -1.2455e-05 0.019771 0.0019746 0.26248 -0.040223 0.40555 0.08001 -0.24241 0.0049959 0.34094 0.039784 -0.014304 -0.0011999 0.039988 0.0036507 -0.0098351 -0.0037961 0.024682 0.0055916 0.33178 0.013176 0.38781 0.04602 -0.28584 0.0036024 0.45618 0.026711 -0.019551 -0.0060366 0.066769 0.008114 -0.0013563 -0.00089525 0.0027728 0.00097346 0.036558 -0.011098 0.043693 0.011669 -0.037189 -0.027304 0.089082 0.03353 0.00087033 1.1711e-05 0.0074026 0.0033915
-0.00040452 0.00035933 0.00051885 0.00037454 -0.0056599 -0.002058 0.010527 0.0042581 0.05824 0.0034495 0.089105 0.0073629 -0.0060539 -0.0024581 0.009848 0.006937 -0.00054476 -6.9308e-05 0.0039297 0.0025247 0.017402 -0.02468 0.22961 0.047652 0.32076 -0.037576 0.54124 0.097112 -0.0034565 0.017783 0.092327 0.06376 0.0023223 0.0024756 0.0057286 0.0028218 0.017817 -0.0054065 0.24091 0.050561 0.33563 0.042774 0.5237 0.20708 0.013664 -0.012327 0.092254 0.048646 0.00036201 9.0029e-05 0.00058757 0.0004715 -0.0028956 0.011399 0.023922 0.015112 0.050533 -0.0070305 0.070811 0.014856 0.0005274 0.0020612 0.0088695 0.0068463
-0.0011679 0.00048692 0.0015606 0.00056039 0.0072629 0.048219 0.042385 0.049717 0.006606 0.066829 0.12108 0.0736 0.0039962 -4.8579e-06 0.011412 0.0028184 -0.0064248 0.0036965 0.011294 0.0038852 0.3647 0.039472 0.40027 0.078568 -0.091708 0.10421 0.1504 0.15436 -0.069788 0.018248 0.11854 0.028385 0.0034438 0.00024218 0.0065422 0.0021036 0.38516 -0.042581 0.45607 0.068623 -0.11121 -0.033549 0.33515 0.25234 -0.058572 0.012573 0.11607 0.033687 0.00087067 -1.7863e-05 0.0010792 0.0001943 0.052702 -0.003458 0.065479 0.0085383 -0.013431 -0.0070731 0.053386 0.023604 0.00020213 -0.0011979 0.013371 0.0097867
0.001038 0.0014341 0.0041136 0.0081511 0.014073 0.015148 0.040106 0.016712 0.015898 0.014221 0.067901 0.017194 -0.003463 0.0009165 0.014294 0.0013041 0.028094 0.0098021 0.028094 0.011244 0.078832 0.02601 0.43991 0.033556 0.065011 0.02881 0.49412 0.1091 -0.018329 -0.0023968 0.078586 0.0042349 0.023797 -0.0004467 0.026943 0.0087081 0.040466 0.017113 0.46853 0.033192 0.045352 -0.022445 0.52666 0.035091 -0.0075213 0.00038061 0.080118 0.0084691 0.0037459 -0.0014644 0.0057687 0.0016238 0.0054205 0.00040088 0.064229 0.011042 -0.0019901 0.0020519 0.0685 0.011715 0.001665 -0.00097964 0.014468 0.0027018
-0.00021649 9.9867e-05 0.0011252 0.00013628 0.044391 0.0094359 0.051387 0.011796 -0.0055874 0.0060751 0.020991 0.013995 -0.008626 0.00045524 0.012625 0.0028031 0.00069528 0.0014294 0.0064819 0.0014672 0.3248 0.02301 0.38332 0.036075 -0.093803 0.012325 0.27258 0.32073 -0.060121 0.0031079 0.10084 0.0092227 0.0023307 0.00053432 0.0053653 0.0028462 0.33759 -0.019667 0.39885 0.06955 -0.12008 -0.017446 0.39591 0.25395 -0.045621 0.0058745 0.091921 0.034148 -0.00193 -0.00069986 0.0028159 0.001185 0.053479 -0.00018471 0.066546 0.0052258 -0.020812 -0.0062673 0.070496 0.028705 -0.0006993 -0.0011687 0.016629 0.0055992
-0.0010227 0.000124 0.0019325 0.00019306 0.058591 -0.004103 0.058688 0.0074708 -0.0021067 -0.0029878 0.021252 0.015635 -0.0074901 -0.0015254 0.007516 0.0027551 -0.0067523 0.00048176 0.013086 0.0033437 0.41689 -0.0030174 0.4227 0.028015 -0.14232 0.01551 0.32424 0.1198 -0.034951 -0.0068817 0.059482 0.048986 -0.0064135 3.5754e-05 0.012148 0.0046217 0.4173 0.0088425 0.44055 0.036995 -0.099203 0.010749 0.2894 0.11864 -0.015448 0.021299 0.036412 0.047551 -0.00042495 -0.00013095 0.00213 0.00070271 0.058438 -0.0014243 0.062678 0.0060489 -0.026939 -0.0095724 0.030236 0.01882 -0.00037398 -0.0041136 0.0086624 0.0048609
0.00054485 -0.00086569 0.0014594 0.0012584 0.004082 -0.0017926 0.046735 0.0061875 0.014788 -0.0038473 0.093424 0.0080759 0.0040524 0.00096666 0.0051187 0.0019592 0.00043449 -0.0026545 0.0069265 0.0032355 0.0042852 -0.069285 0.33675 0.074864 0.16402 -0.0065884 0.6252 0.050157 -0.021369 -0.036584 0.0666 0.040296 0.0013573 -0.0012528 0.0071933 0.0026785 0.0012248 0.057443 0.30077 0.075028 0.17521 0.022257 0.53636 0.061027 -0.071951 -0.0038624 0.079844 0.013224 0.0006449 -0.00033365 0.0012074 0.00038844 0.0057848 -0.00013017 0.038253 0.0016656 0.0063746 -0.0050535 0.02907 0.019447 -0.0013888 -0.00036285 0.0024061 0.00040801
-0.00046316 -0.0027795 0.00055302 0.0028655 -0.00027442 -0.017419 0.0021129 0.019373 0.076317 -0.0046338 0.076704 0.0055343 0 0 0 0 -0.00088362 0.0074833 0.0019512 0.0088859 -0.0053155 0.047819 0.0089333 0.047819 0.52297 -0.032755 0.52297 0.055695 0 0 0 0 -0.0033922 0.0062665 0.014064 0.017906 -0.01025 0.057619 0.013238 0.096355 0.45048 0.010573 0.45148 0.050426 0 0 0 0 0.00084841 -0.00016689 0.0016364 0.0016417 -0.0012538 -0.0057301 0.0040498 0.0080847 0.062539 -0.011447 0.065644 0.013842 7.1549e-05 -2.1598e-05 7.1549e-05 3.8812e-05
