-0.00061303 0.00015716 0.00071711 0.00075097 0.0087933 0.0085296 0.0098777 0.017655 0.074577 0.0019583 0.074633 0.0034832 8.3145e-05 2.5007e-05 8.3145e-05 2.8405e-05 0.0075371 0.0099984 0.022804 0.012379 0.018669 -0.056376 0.1408 0.21867 0.45736 -0.071979 0.45736 0.094379 0.00030835 -9.659e-05 0.00030835 9.659e-05 0.0066306 0.032556 0.0083631 0.032556 -0.068019 0.26412 0.078595 0.26578 0.3853 0.068097 0.38865 0.12966 0.00029308 -7.0114e-05 0.00029308 0.00036641 0.00031284 -0.0065856 0.00061618 0.008248 9.8927e-05 -0.04132 0.0057459 0.041811 0.042982 -0.026932 0.050069 0.028081 7.2454e-05 1.2759e-05 7.2454e-05 1.2759e-05
-0.0018368 -0.00055218 0.0022333 0.0026 0.0011988 0.008918 0.011668 0.033606 0.03179 0.0034164 0.033278 0.0214 6.961e-05 -8.003e-06 6.961e-05 2.4533e-05 0.0068149 -0.035439 0.010779 0.035647 0.0057841 -0.23614 0.044667 0.24634 0.3599 -0.062 0.3599 0.10726 0.00043036 1.7911e-05 0.00043036 0.00035901 0.003484 -0.0024463 0.0045073 0.005788 -0.0086039 -0.035029 0.05081 0.064245 0.53466 0.046933 0.53466 0.071813 0.00026023 8.1518e-05 0.00026023 8.1518e-05 -0.00079279 0.003874 0.00099707 0.0039336 -0.0015945 0.021241 0.0049948 0.021397 0.07696 0.015664 0.07696 0.015873 0 0 0 0
0.00018308 -0.00021429 0.00020947 0.00059618 0.0027374 -0.0043582 0.0039299 0.0067183 0.033269 -0.01707 0.048194 0.040266 -0.0065422 -0.0010914 0.010921 0.0022486 -0.0003414 -0.0049853 0.0022986 0.0062111 0.19913 0.15521 0.2016 0.18357 0.026542 0.17082 0.42876 0.38019 -0.00061798 -0.0020065 0.058381 0.010493 -0.00067365 0.0057312 0.0052849 0.011596 0.2043 -0.11724 0.27974 0.2028 0.029457 -0.066619 0.52527 0.16565 -0.011975 -0.0026876 0.043801 0.0076522 0.00034212 -0.0002233 0.00042791 0.00071745 0.018947 -0.00092191 0.029855 0.017431 0.010675 0.0052951 0.081203 0.017852 0.0011798 0.00047765 0.0038143 0.0010741
-0.00032581 6.2331e-05 0.003327 0.00080421 0.03647 -0.01093 0.058063 0.012677 0.0085856 0.0066909 0.03816 0.00898 -0.0046347 0.0015003 0.0054703 0.0016525 -0.007811 0.0011573 0.026743 0.0066847 0.33706 0.11536 0.48005 0.18802 0.070978 0.053501 0.20196 0.10026 -0.083799 0.019503 0.086185 0.020539 -0.030461 0.0060434 0.031336 0.0064894 0.28244 -0.13838 0.49498 0.16505 0.11173 -0.16666 0.24213 0.19289 -0.044589 0.0089875 0.060084 0.013385 -0.0074273 0.001682 0.0075594 0.0017314 -0.012671 0.0039574 0.026935 0.016833 0.050201 -0.021675 0.07287 0.030898 0.0015305 -0.00018991 0.009126 0.0019954
-0.00124 -0.00043501 0.0015702 0.00056948 0.0088554 -0.0063672 0.046398 0.015605 0.044745 0.01335 0.052171 0.016856 -0.0014891 0.00026434 0.0030222 0.00095708 0.01046 0.0012759 0.017945 0.0049537 0.050668 -0.0955 0.2967 0.17165 0.27019 -0.16077 0.35155 0.35058 -0.0030493 0.0033377 0.023122 0.012997 -0.0016734 0.0015518 0.026321 0.0041757 -0.094597 0.051005 0.13479 0.093945 0.44741 0.064469 0.50182 0.091373 0.011081 -9.4233e-05 0.039923 0.013229 -0.00043288 -0.00024546 0.0030571 0.00081488 -0.016018 -0.0010366 0.017797 0.0050741 0.06383 0.0069254 0.07686 0.015488 0.0021111 0.00074742 0.00557 0.0016493
0.0025305 -0.00013572 0.0037112 0.00052237 0.02281 0.014646 0.04932 0.023596 0.02321 0.043743 0.037525 0.05483 0.00066624 -0.00041492 0.0034586 0.0015869 0.0050691 -0.0013408 0.022333 0.0058354 0.35308 0.041272 0.51442 0.095822 0.041416 -0.017624 0.21455 0.062399 0.0039164 0.006594 0.020276 0.020262 -0.031102 -0.0042253 0.049965 0.0082543 0.1952 -0.20818 0.26361 0.27468 0.22187 -0.11223 0.39851 0.26645 0.011164 0.00058146 0.035993 0.020696 -0.003188 0.00092999 0.0052259 0.0011384 -0.0030915 0.011227 0.015272 0.013169 0.066943 0.0013872 0.084155 0.013479 0.0049439 -0.00046808 0.0066512 0.0017949
-0.0038607 -0.0012489 0.0040457 0.0013676 -0.015685 -0.0062884 0.025097 0.0081127 0.046173 0.034251 0.057371 0.034873 0.00076718 0.00020952 0.0048895 0.0018042 -0.03716 -0.011139 0.037723 0.011684 -0.031402 -0.065348 0.22139 0.11613 0.331 -0.10304 0.41397 0.25757 0.0098559 0.0024137 0.04861 0.015071 -0.016743 -0.0042972 0.023097 0.0076594 -0.12309 0.05076 0.159 0.067573 0.45209 0.061136 0.52953 0.096691 -0.034031 -0.0090618 0.050251 0.015527 0.0011084 0.00013159 0.0035558 0.00084116 -0.01141 0.0046111 0.020293 0.0084944 0.060114 0.0083328 0.068413 0.011029 -0.011003 -0.0030428 0.011381 0.003072
-0.00051534 0.0056268 0.0010646 0.0057968 -0.01213 0.040625 0.02095 0.047999 0.069975 0.027271 0.075596 0.040184 0 0 0 0 0.0022837 -0.026985 0.0073964 0.042735 0.012087 -0.21478 0.033668 0.29993 0.39573 -0.053656 0.39775 0.10302 0.00015998 2.1898e-05 0.00015998 0.00015998 -0.00057962 0.0084374 0.0047804 0.013461 0.0015635 0.065914 0.050305 0.10147 0.49205 0.023772 0.49205 0.03723 0 0 0 0 -0.00015809 -0.00041821 0.00046039 0.0018363 -0.0010481 -0.002193 0.0021484 0.0094521 0.071994 0.0029707 0.071994 0.0051862 0 0 0 0
-0.0007742 -0.001373 0.0010769 0.0041154 -0.0022078 -0.00052562 0.0027139 0.022415 0.065404 0.0031329 0.065534 0.0086746 4.2314e-05 -4.2314e-05 4.2314e-05 4.2314e-05 -0.00011025 -0.011192 0.0032435 0.025423 -0.016679 -0.10107 0.025713 0.18051 0.43869 -0.041963 0.44419 0.087605 2.5994e-05 0.00011619 2.5994e-05 0.00011619 -0.0016863 0.0043052 0.0025452 0.050208 0.010363 0.083163 0.067043 0.32034 0.42284 0.073475 0.45395 0.14816 0 0 0 0 -0.00033126 -0.00030429 0.00070131 0.00080351 0.012974 0.0052525 0.033581 0.039569 0.066581 -0.010859 0.10298 0.01235 0 0 0 0
-0.0032196 -0.0028657 0.0040324 0.0039865 0.0086217 -0.011141 0.020256 0.012612 0.0048537 0.00039193 0.027215 0.0057797 -0.0019115 0.0010561 0.0038933 0.0012588 0.0074919 0.0077228 0.038545 0.03536 0.27177 0.11094 0.33085 0.17267 -0.20171 0.17854 0.30417 0.19661 -0.0017805 -0.002056 0.027216 0.0078899 0.0079323 0.0038481 0.041376 0.017517 0.26324 -0.014601 0.36984 0.09483 -0.11226 0.12045 0.50242 0.24497 -0.0011005 0.006557 0.02511 0.011204 0.0019289 -0.00043727 0.0066387 0.0017084 0.024227 -0.018956 0.042318 0.028308 0.039468 -0.012429 0.042207 0.015357 -0.014147 0.004462 0.015272 0.0047643
-0.0011763 0.00021011 0.0020641 0.00090656 0.010471 -0.0028357 0.020428 0.0059007 0.0017513 0.00051277 0.024351 0.0058852 0.0016855 -0.00062847 0.0031023 0.0011582 -0.0095214 0.0063186 0.021012 0.011119 0.28815 0.10185 0.32765 0.21032 -0.21177 0.25476 0.29038 0.27252 0.012456 -0.004606 0.019041 0.006679 -0.011524 0.0097174 0.037128 0.033062 0.31825 -0.039289 0.37202 0.075381 -0.032554 0.023337 0.39473 0.25347 -0.03498 0.035341 0.059426 0.039914 -0.00099925 -0.00059981 0.0033729 0.0014357 0.022202 0.0061039 0.042977 0.024065 0.025341 -0.0040452 0.030209 0.024504 0.0017128 0.0037736 0.011038 0.0045874
0.00036768 -0.00031063 0.0038157 0.0010801 0.06017 0.0064708 0.067385 0.0081142 -0.028395 0.004611 0.028659 0.017778 -0.0048501 -0.00093255 0.0049158 0.00093372 -0.0052886 0.00015839 0.018895 0.0055636 0.39282 0.016586 0.44714 0.051108 -0.19792 -0.017971 0.19792 0.042629 -0.034411 -0.0052795 0.036142 0.0070557 -0.0024322 -0.0032379 0.020852 0.0050599 0.2543 -0.10118 0.55519 0.10469 -0.092704 -0.10162 0.31207 0.16824 -0.032201 -0.0036292 0.041246 0.011332 -0.00017228 0.00034278 0.0030212 0.00052181 0.025379 -0.014592 0.035581 0.017278 -0.00070052 -0.002078 0.066425 0.011249 -0.0038017 -0.0027852 0.005097 0.0033561
-3.4315e-05 -0.0001538 0.00024438 0.00026123 0.00028792 0.001958 0.0031427 0.0029645 0.012932 0.026028 0.021281 0.030093 0.0045015 0.001271 0.012003 0.0026734 -0.00021204 -0.00082805 0.0036733 0.0096269 0.40078 0.056216 0.40278 0.12165 -0.13585 0.046287 0.53355 0.23343 -0.03021 -0.0064581 0.059779 0.0089054 -0.0020961 0.00256 0.0040098 0.0083857 0.12592 -0.092941 0.16729 0.20641 0.11613 -0.1595 0.29379 0.24489 -0.048531 -0.0081933 0.070136 0.012326 0.00043388 -0.00047952 0.00051759 0.00089264 -0.0043354 -0.0059386 0.015799 0.0072177 0.028953 0.0091083 0.054176 0.013732 9.2369e-05 0.00015189 0.0049643 0.0015386
-0.00072268 0.0013723 0.0009412 0.0065896 -0.0026922 0.0032314 0.036591 0.019971 0.075998 0.0075754 0.075998 0.0080388 0 0 0 0 -0.005794 -0.0014087 0.014442 0.041014 0.016705 -0.0023189 0.087322 0.18018 0.46699 -0.031372 0.46699 0.058872 0 0 0 0 -0.015178 0.012443 0.020093 0.073443 -0.077355 0.087337 0.079005 0.17912 0.46475 0.0108 0.46711 0.05828 0 0 0 0 -7.9082e-05 0.0006725 0.00059634 0.0024562 -0.00065959 0.0062083 0.0030537 0.020442 0.058908 0.0037349 0.060536 0.0133 0 0 0 0
-0.00018212 -0.0049723 0.0013705 0.0054619 0.0018322 -0.031431 0.0049773 0.038386 0.038653 -0.014595 0.042732 0.017617 3.01e-05 1.0042e-05 3.01e-05 1.2534e-05 0.0081999 0.023446 0.015449 0.026327 -0.11247 -0.024686 0.33881 0.25044 0.40212 -0.016786 0.46039 0.024527 0.00030979 -0.00015454 0.00030979 0.00027244 0.00094445 -0.021975 0.019328 0.027396 -0.062008 -0.085558 0.072872 0.10119 0.43632 0.037688 0.44235 0.046621 0.00025508 0.0001191 0.00025508 0.00048409 -0.00049092 -0.00097863 0.0011344 0.0010999 -0.0042849 -0.001939 0.005337 0.0035801 0.065943 6.0153e-05 0.066061 0.0004199 3.0873e-05 -8.2961e-06 3.0873e-05 3.0873e-05
-0.00013144 0.00075676 0.00047433 0.0018107 -2.5088e-05 0.0028627 0.0041216 0.0098886 0.067113 0.00041135 0.067754 0.0045353 0 0 0 0 -0.00041747 -0.012057 0.0016694 0.019823 -0.011968 -0.076407 0.022734 0.13217 0.48268 -0.025104 0.48337 0.036169 0 0 0 0 0.0057637 0.014137 0.0069612 0.018764 -0.015362 0.097369 0.027713 0.16003 0.47048 0.034434 0.47085 0.052369 0 0 0 0 0.000967 0.0012782 0.0013552 0.010493 0.0032928 0.020231 0.0056746 0.079592 0.05409 0.010758 0.054193 0.032946 0 0 0 0
-0.0010811 -0.00055861 0.0024786 0.00074816 0.056992 0.0036956 0.059777 0.0061508 -0.028509 0.006587 0.034457 0.025243 -0.0042538 -0.00075578 0.0042538 0.00095826 -0.0068227 0.00065749 0.018702 0.0044535 0.36524 -0.0046394 0.43468 0.031095 -0.16405 0.053149 0.31003 0.20734 -0.030589 0.0012531 0.030589 0.002151 -0.0057577 0.0013413 0.019397 0.0027806 0.40536 -0.0054898 0.42137 0.057296 -0.20187 -0.022143 0.26682 0.16032 -0.032877 -0.0044521 0.032915 0.0061948 -0.00071476 -0.00067024 0.003053 0.0011075 0.06046 -0.0067936 0.069024 0.0080143 -0.025558 -0.00085977 0.025558 0.0086367 -0.0046377 0.00075402 0.0046441 0.00090294
0.00058242 0.0005683 0.0017187 0.0042854 -0.00072724 -0.020335 0.007358 0.051869 0.063537 -0.01504 0.063537 0.020308 0 0 0 0 -0.022866 -0.0060525 0.026268 0.016436 -0.016531 -0.015246 0.022966 0.067452 0.49719 -0.037074 0.49719 0.057296 0 0 0 0 -0.010974 -0.0025286 0.027462 0.044086 0.039055 0.142 0.081731 0.28039 0.40001 0.0024591 0.40583 0.11947 0 0 0 0 -0.00018821 -0.0039449 0.0026624 0.0085287 -0.0056288 -0.085418 0.010442 0.096682 0.07734 -0.036914 0.083839 0.043551 0 0 0 0
-8.7605e-05 0.00082619 0.00039921 0.0010886 0.0012067 -0.0035135 0.0053358 0.0069571 0.043018 0.005174 0.055412 0.0095223 -0.0050561 -0.00095771 0.0058433 0.0010873 0.012201 -0.0068456 0.019089 0.021995 -0.094708 0.072831 0.30336 0.19689 0.22366 0.024173 0.28985 0.10775 -0.021775 -0.0036177 0.027612 0.01777 7.2671e-05 0.02373 0.011161 0.037328 -0.023253 0.011114 0.46606 0.49093 0.18177 0.017288 0.34347 0.087457 -0.014683 -0.0016857 0.023734 0.0048194 -0.002664 0.010596 0.0027469 0.010614 -0.016811 0.15952 0.018727 0.15974 0.0048099 0.11619 0.028722 0.11628 -0.0019168 0.014916 0.0030384 0.014916
0.0025882 -0.00087521 0.0043843 0.0016084 0.015077 -0.003275 0.03252 0.0078567 -0.019978 -0.00042992 0.019978 0.0047652 -0.0024318 -4.1017e-05 0.0024562 0.00076725 -0.0033761 -0.0025604 0.01334 0.0067139 -0.09614 -0.15968 0.56932 0.2079 0.14117 -0.067436 0.31764 0.12082 -0.024195 -0.00081409 0.024195 0.011635 -0.003641 -0.0019171 0.014642 0.0047298 -0.011434 -0.044062 0.52639 0.16673 0.15466 0.058137 0.31799 0.099529 -0.024043 -0.0017999 0.024043 0.0039193 -8.0227e-05 -0.00034221 0.0014415 0.00049181 0.051426 -0.0090911 0.055417 0.019323 -0.016299 0.0028611 0.029469 0.010247 -0.0042354 -0.0019051 0.0042614 0.0019097
-0.00059667 -0.0026878 0.0011129 0.004754 0.0006379 -0.021754 0.0024984 0.035239 0.039439 -0.0099788 0.042002 0.015803 0 0 0 0 0.016811 -0.00607 0.018396 0.01062 -0.055651 -0.075493 0.25179 0.2884 0.38062 -0.025494 0.5047 0.033192 0.0002333 -7.3081e-05 0.0002333 7.3081e-05 0.014606 0.0010076 0.015074 0.0041835 -0.065507 -0.026695 0.07489 0.049 0.45079 0.022927 0.45758 0.032229 0.0002333 7.3081e-05 0.0002333 7.3081e-05 0.0011457 -0.00011003 0.0012903 0.00022674 -0.0077753 0.00018164 0.0077753 0.0018791 0.068356 -0.00027781 0.068356 0.00037016 0 0 0 0
0.0024184 -0.00092185 0.0031688 0.0014652 0.050576 -0.024316 0.052251 0.025962 -0.038612 -0.01363 0.044977 0.014069 0.00041316 -0.00024987 0.0019688 0.0014136 0.018594 -0.0012211 0.023154 0.0031198 0.39031 -0.029575 0.56642 0.13897 -0.22287 -0.016323 0.26731 0.1138 0.0024855 0.024116 0.012796 0.025562 0.0096856 0.0057366 0.026737 0.0072666 0.080662 -0.080706 0.45118 0.15909 0.09485 -0.17735 0.15345 0.22228 -0.0010211 -0.027717 0.013259 0.030953 0.0021279 0.0008751 0.0068699 0.0010499 -0.011325 -0.0031336 0.023781 0.0038833 0.012953 0.0044787 0.020345 0.0060158 0.00025816 -0.0016701 0.001876 0.0018327
-0.00074062 0.0033585 0.0015039 0.0038163 -0.00017099 0.019714 0.0017357 0.022277 0.075561 0.0036352 0.075659 0.0087123 0 0 0 0 -0.0013213 -0.0084303 0.0018104 0.023964 -0.0098795 -0.050546 0.019571 0.12946 0.49133 -0.015088 0.4917 0.030799 0.0001041 -0.00037183 0.0001041 0.00037183 -0.0019543 0.012959 0.0036389 0.025289 -0.010039 0.082205 0.022774 0.13457 0.46914 0.030421 0.47017 0.058358 0.0001041 0.00037183 0.0001041 0.00037183 -0.00014909 -0.0019859 0.00035214 0.0035495 -0.0026475 -0.010918 0.0048606 0.019833 0.071816 -0.0051567 0.071816 0.0087099 0 0 0 0
-0.00085066 -0.00045255 0.0035063 0.0012829 0.027192 0.0068956 0.039483 0.013149 0.010806 0.0082423 0.070226 0.022193 -0.00036413 -0.0004205 0.0019045 0.00073147 -0.017122 -0.0060473 0.022679 0.0077328 0.36559 0.058162 0.38163 0.073053 -0.14732 -0.063467 0.40197 0.13265 -0.0016653 -0.00060807 0.012535 0.0024913 -0.0089563 0.0021978 0.051693 0.029402 0.39262 -0.082881 0.43669 0.10695 -0.1858 -0.071581 0.24733 0.14946 -0.021753 0.012615 0.033474 0.015213 -0.0038513 0.0040005 0.013773 0.0042498 0.0046027 -0.011405 0.029873 0.020005 0.019613 -0.039999 0.02414 0.040705 -0.0018699 -0.0019308 0.0032199 0.0034935
0.00038992 3.5224e-05 0.00091993 0.0006348 0.0016511 0.00089017 0.0050207 0.0036127 0.033658 -0.00051023 0.089592 0.0059154 0.0054167 0.00033289 0.0095051 0.00075843 -0.0013637 -0.00018984 0.0046113 0.0015556 0.00067719 -0.016969 0.071602 0.064819 0.2385 -0.06172 0.51789 0.082534 0.038672 0.0017402 0.062253 0.0078489 -0.0024388 0.0011095 0.0038481 0.0082626 0.043741 0.12109 0.26148 0.48228 0.13837 0.086641 0.46312 0.27052 0.025619 -0.0018095 0.044779 0.0044647 4.4143e-05 -0.00015656 0.00023976 0.0007007 0.0029296 0.0014055 0.010082 0.02381 0.038076 -0.010563 0.050575 0.017833 -0.0011131 9.0284e-05 0.0097618 0.0021289
-0.0064311 -0.0014986 0.0065078 0.0017172 0.03223 0.0047243 0.066503 0.0081429 -0.019533 -0.0050164 0.061669 0.013192 -0.0007491 -0.00035128 0.0034131 0.00060672 -0.044696 -0.010268 0.046326 0.010371 0.30808 0.033998 0.42068 0.05329 -0.24568 -0.030258 0.42701 0.048592 -0.0049513 0.00067601 0.032383 0.019343 -0.021288 -0.016595 0.044847 0.017474 0.31777 -0.068229 0.43774 0.13476 -0.20998 -0.03702 0.25958 0.15037 -0.016247 -0.0025231 0.039478 0.012093 -0.0043984 0.0015913 0.0057526 0.0041989 0.0013066 0.014694 0.068783 0.018696 0.010724 -0.016285 0.015486 0.01837 -0.0063883 -0.0011931 0.0066362 0.0015218
-0.00047336 -0.0001137 0.00059958 0.001155 -0.013478 0.0014869 0.038374 0.018818 0.014609 0.0054212 0.07459 0.015242 0.00070234 -0.00056671 0.0026144 0.0012896 -0.0069127 -0.025944 0.0071762 0.026445 0.043132 -0.10289 0.13657 0.21041 0.15611 -0.071479 0.49962 0.14029 -0.022749 0.0042948 0.038223 0.0086222 -0.00082608 -7.9499e-05 0.0017029 0.0018707 0.18783 0.072199 0.19204 0.13239 0.033202 0.11629 0.65353 0.25588 0.012533 -0.0024087 0.049478 0.0080454 -0.00043493 -0.00027133 0.00053739 0.00070321 0.037536 -0.01769 0.039103 0.022505 -0.0033152 -0.033616 0.054108 0.039515 -0.0027892 0.00087343 0.0083717 0.0015787
0.0058661 0.00045428 0.010102 0.0024585 0.014813 -0.0032553 0.039489 0.012691 0.005899 -0.00057337 0.022728 0.018179 -0.0026126 -0.00044699 0.0035823 0.0015629 0.0017205 -0.015946 0.029761 0.024341 0.34813 -0.11667 0.44527 0.27808 0.016819 0.0082825 0.16428 0.087644 -0.029131 -0.0037587 0.036802 0.0050955 -0.0080029 0.016929 0.023327 0.0186 0.40968 -0.019721 0.56601 0.057955 0.030426 -0.019394 0.17165 0.089209 -0.038883 -0.002514 0.046424 0.0043591 -0.0031334 -0.00038359 0.0036068 0.00072352 0.049049 0.0035226 0.088618 0.012567 0.01401 0.0019489 0.03345 0.010672 -0.0072673 -0.0010303 0.0075371 0.0010948
0.0025262 -0.00052544 0.0040612 0.00059273 -0.015708 0.00072986 0.033273 0.0040776 -0.007459 2.6053e-05 0.014917 0.004109 0.00026487 -0.00027403 0.001221 0.00087897 0.018755 0.00065085 0.028625 0.002465 -0.25536 -0.16075 0.29019 0.17229 0.12351 -0.018832 0.35867 0.18583 0.0013418 0.00083352 0.0096056 0.0033185 0.019586 -0.0029847 0.026999 0.0044903 -0.24506 -0.11792 0.27314 0.12897 0.35073 0.0012747 0.54828 0.10797 -0.041536 0.018077 0.045276 0.020281 -0.0012986 -0.0057015 0.0043289 0.0058174 -0.00724 -0.0036224 0.019468 0.0082238 0.053698 -0.0042322 0.059015 0.008191 -0.0029436 0.0052398 0.0062811 0.0053219
0.00168 -0.0030221 0.0052894 0.0054375 0.0045302 -0.0075402 0.0539 0.031251 -0.0048142 0.0081928 0.018363 0.011793 0.009054 0.0014086 0.010015 0.0050095 0.0058553 0.05631 0.024847 0.060823 0.2653 0.11811 0.38513 0.37653 -0.16599 0.13254 0.22158 0.21014 0.050956 0.0017555 0.054388 0.011581 0.04303 -0.011049 0.046977 0.013974 0.11936 0.010272 0.48603 0.19368 -0.21183 -0.014286 0.30228 0.16702 0.050488 -0.00079216 0.056398 0.034957 -0.00090915 0.00017196 0.0029254 0.0022047 -0.0046786 0.0040669 0.057388 0.016317 -0.0023836 -0.0060988 0.03761 0.01272 0.0063623 -0.0033915 0.010506 0.0040262
1.0381e-05 0.00021289 0.00027541 0.0003704 0.039374 0.0067557 0.098975 0.049568 -0.023137 -0.010812 0.090451 0.026416 0.0015979 -0.00011023 0.0052196 0.00045606 0.0019403 0.0021136 0.0050076 0.019362 0.10565 -0.25608 0.20963 0.33758 0.045683 -0.072075 0.58446 0.1074 0.024068 0.00070931 0.050391 0.0035533 0.00017832 0.00056211 0.0028034 0.0052633 -0.037408 0.041057 0.099225 0.1013 0.21885 0.047604 0.5341 0.093805 0.023634 0.0018876 0.046575 0.0068488 0.00038659 0.00047917 0.00046493 0.00072282 -0.0014105 0.00064535 0.0037032 0.0039102 0.03343 0.0050375 0.080187 0.0084137 0.0039917 0.00052758 0.0079948 0.00082323
0.0011667 -0.0026796 0.0011828 0.0028499 0.030926 -0.052969 0.032845 0.053747 -0.007934 -0.0039077 0.073477 0.032221 -0.0011812 -0.00032697 0.0058895 0.00077571 -0.0016942 -0.0017593 0.004098 0.010895 0.20798 0.15894 0.27063 0.30451 0.054074 0.080789 0.44047 0.22614 0.020191 0.0060201 0.028105 0.0098351 -0.0002475 0.0018098 0.0030554 0.0090494 0.31498 -0.064575 0.41541 0.24898 -0.060412 -0.034942 0.36376 0.08035 0.025956 0.0095956 0.04539 0.017398 0.0008451 0.00048762 0.0010126 0.00084801 0.02697 0.017206 0.083302 0.021447 0.0022833 0.0012102 0.037664 0.0082381 0.012077 0.0050087 0.014324 0.0057443
-0.00016467 -0.00054319 0.0015498 0.0014365 0.0074459 -0.0048232 0.045961 0.01178 0.055763 -0.0099654 0.062777 0.013055 0.00054747 0.00049117 0.00054747 0.00050321 -0.0042349 -0.0016134 0.0087812 0.0081876 0.07394 -0.18303 0.24956 0.22555 0.41364 -0.065372 0.4375 0.084953 0.010143 0.0010957 0.010143 0.0031277 -0.0036194 0.00090219 0.0074759 0.0053421 0.2188 0.11151 0.22104 0.1957 0.32585 0.053734 0.4382 0.091729 0.0104 0.001654 0.0104 0.0052778 -2.6711e-05 0.00032468 0.0012152 0.00056023 0.031972 0.013729 0.037916 0.018434 0.037668 -0.0014925 0.04563 0.0060335 0.00081224 5.201e-06 0.001004 0.00027889
-0.00010112 1.5031e-05 0.00038587 0.00228 0.075309 -0.012666 0.075861 0.022912 0.00076108 -0.00023033 0.00076108 0.00026824 0 0 0 0 0.003648 0.052161 0.0055871 0.080349 0.43754 0.24297 0.44555 0.3974 0.0071712 -0.00019478 0.0071712 0.002567 0 0 0 0 -0.00098268 -0.030704 0.011845 0.050548 0.34937 -0.16363 0.38589 0.23858 0.0099256 -0.0014522 0.0099256 0.0062075 0 0 0 0 8.2727e-06 -0.0069998 0.00053379 0.0071961 0.071758 -0.027549 0.079297 0.028141 0.0013423 0.00038736 0.0013423 0.00038736 0 0 0 0
-0.0020438 -0.00024207 0.0048482 0.00041742 -0.018648 -0.0026831 0.042626 0.0050596 0.038086 0.012224 0.051722 0.020105 0.0039215 0.005638 0.0052949 0.0065006 -0.011227 -0.0026187 0.016915 0.0036809 -0.17544 -0.045195 0.33861 0.07528 0.42044 0.0079202 0.44138 0.099737 0.013143 -0.0012488 0.03347 0.0084539 -0.0079077 -0.001264 0.012707 0.0029345 -0.1532 0.0059948 0.32353 0.096972 0.3107 -0.11492 0.37824 0.22897 0.016065 -0.033286 0.058767 0.052525 -0.0008572 -0.00026663 0.001326 0.00039963 -0.025334 -0.00072013 0.051502 0.016196 0.0026681 -0.0079878 0.024484 0.029005 0.018851 0.00021858 0.019496 0.0022512
0.00031123 0.0004871 0.0063612 0.0021115 0.020175 -0.0076944 0.02762 0.0085669 -0.0084201 -0.0019488 0.027607 0.0089591 0.0036743 -0.00018992 0.0085104 0.0025864 -0.056645 0.019492 0.059507 0.020525 0.053801 -0.12464 0.25626 0.23099 0.038854 -0.11917 0.32969 0.19893 0.049708 -0.018919 0.059556 0.022341 -0.057815 0.021249 0.057815 0.022296 -0.18091 0.18748 0.57346 0.22035 0.20519 0.10493 0.36042 0.17053 0.002201 0.0074799 0.054825 0.020694 -0.0047122 0.0034602 0.0047371 0.0035637 -0.037864 -0.01561 0.080892 0.044332 0.031568 -0.0068103 0.040431 0.016553 -0.0033879 0.0018793 0.0065629 0.0029124
-4.5614e-05 0.00084934 0.00018005 0.001167 0.0026996 0.010153 0.0053454 0.010865 0.038813 0.0081815 0.046892 0.014374 -0.0097622 -0.0011495 0.016375 0.0028546 0.0005353 -0.0021787 0.0011127 0.0031745 0.15486 -0.088137 0.17037 0.23592 0.16162 0.01684 0.47757 0.391 0.023044 0.0076121 0.067903 0.013823 0.00040713 -0.0013605 0.001186 0.0019827 0.031438 0.088807 0.0983 0.1019 0.31729 0.055022 0.5475 0.14042 0.011653 0.00276 0.06391 0.010574 -0.00053324 0.0013865 0.00087572 0.0021284 0.027346 -0.020892 0.045121 0.048304 0.021863 0.0058436 0.058395 0.013733 -0.0042011 -0.00097437 0.0074577 0.00134
-0.00094619 0.00027896 0.0028706 0.000737 0.05588 -0.0015162 0.062695 0.0027031 -0.023016 -0.0036885 0.048558 0.028801 -0.0049156 -0.00068375 0.0049156 0.00083412 -0.0067029 -0.00033414 0.022403 0.0043395 0.4036 0.0012208 0.45459 0.023617 -0.1931 0.026025 0.2141 0.12332 -0.03035 -0.00032558 0.03035 0.0025524 -0.0052605 -0.0024607 0.0166 0.0033479 0.42287 -0.012177 0.4782 0.021979 -0.20211 -0.011966 0.2141 0.09283 -0.031116 0.00054265 0.031116 0.0030153 -0.00023499 0.00033056 0.0029491 0.00075798 0.06235 -0.003012 0.066245 0.0045026 -0.02856 -0.0025597 0.033159 0.038742 -0.0045633 -4.8596e-05 0.0045633 0.00030382
-0.00033591 -0.0010262 0.00083704 0.0025169 0.0063926 0.0050554 0.065585 0.0085314 0.018395 0.0072221 0.053446 0.011995 -0.0055783 -0.00057383 0.0075291 0.0015764 0.0032416 -0.041749 0.0054986 0.044808 -0.036081 -0.17963 0.16442 0.3373 0.26557 -0.067984 0.50029 0.097345 -0.022233 -0.0018306 0.04011 0.0068759 2.473e-05 -0.00062814 0.0019475 0.0023862 0.019507 0.023799 0.058089 0.073337 0.32592 0.014891 0.58976 0.056931 -0.013068 -0.0010074 0.037286 0.006535 1.2744e-05 -0.00012052 9.0646e-05 0.00020517 0.0091076 0.0067343 0.01158 0.015927 0.040073 0.0049581 0.075782 0.0091367 -0.0017523 -6.7559e-05 0.0056165 0.00067556
-0.0014214 -1.2071e-05 0.0021339 0.0003195 0.063762 -0.0010031 0.068535 0.0082592 -0.018861 -0.003625 0.036908 0.016644 -6.6765e-05 0.0017012 0.0049359 0.0017717 -0.0080296 0.0013498 0.017472 0.0036291 0.43078 0.0076512 0.45481 0.019953 -0.15217 0.015264 0.21675 0.064469 -0.014232 -0.025377 0.049963 0.039393 -0.006096 -0.00069081 0.01825 0.0032217 0.37846 -0.0015553 0.47546 0.051072 -0.14872 -0.10731 0.26209 0.16852 -0.04154 -0.010779 0.042578 0.01186 -0.0011501 -7.6839e-05 0.0030497 0.00074014 0.045268 0.0023436 0.072529 0.0080863 -0.0203 0.0088392 0.038499 0.013458 -0.0064879 8.4177e-05 0.0065431 0.00034593
2.0838e-05 -0.00039551 0.0002144 0.0004561 0.0018347 0.012383 0.0081178 0.019347 0.046084 0.016245 0.048089 0.027483 -0.0040735 -0.0011306 0.013129 0.0021343 -0.0020614 0.00035028 0.0035489 0.0026212 0.03181 -0.13351 0.27862 0.34746 0.25991 -0.088756 0.37696 0.28776 0.010675 0.0023322 0.078967 0.0096305 -0.012973 0.043803 0.013602 0.046201 -0.10968 0.15871 0.17694 0.26206 0.2582 0.05614 0.43218 0.2297 0.050497 0.0061158 0.086172 0.015079 -0.00082356 0.00075464 0.0011586 0.00096766 -0.033021 0.016197 0.041081 0.036359 0.032075 0.0058833 0.045113 0.027151 0.0077414 0.00068005 0.016535 0.0017602
-0.0022896 -1.2849e-05 0.0086131 0.0016571 -0.029003 -0.00036346 0.041367 0.020243 -0.0030868 -0.0044023 0.0064006 0.0047689 6.3697e-05 -0.00014266 0.00094444 0.00040532 -0.057422 -0.0058039 0.087561 0.012689 -0.09905 0.037736 0.30954 0.33258 0.1224 0.084695 0.23139 0.3642 -0.0034735 0.04033 0.0098564 0.042517 -0.091171 -0.0084003 0.11057 0.015672 -0.19671 -0.072223 0.35225 0.12578 0.39542 0.050909 0.40424 0.13383 0.0025252 0.0091648 0.0092077 0.019189 -0.010431 -3.3553e-05 0.012545 0.0019914 -0.025675 0.00091736 0.043275 0.011309 0.06123 0.0016805 0.062005 0.012435 0.00063493 -0.00057732 0.00087956 0.00088236
-0.00020243 0.0003241 0.0017573 0.00055251 0.06144 0.011955 0.066642 0.012522 -0.020041 0.001989 0.036558 0.0069029 -0.0057758 0.0041524 0.010063 0.0048055 -0.0028322 -0.00017839 0.020164 0.0046876 0.41688 0.01545 0.48338 0.05806 -0.13266 -0.02204 0.27231 0.059219 -0.069444 -0.04606 0.072334 0.053092 0.00065811 -0.0015704 0.019024 0.0031857 0.30124 -0.028388 0.51708 0.039413 -0.16145 -0.087743 0.18758 0.13801 -0.059585 -0.0029948 0.071335 0.012106 0.00050747 1.6353e-05 0.0029001 0.0008463 0.036424 0.0062926 0.081651 0.011136 -0.024905 -0.00044756 0.02549 0.010398 -0.0056533 -0.00035301 0.0076826 0.0021041
-0.00098408 0.0012941 0.0016081 0.0012941 0.086357 0.0063309 0.088049 0.012177 0.00027898 -4.5443e-05 0.00027898 0.00016911 0 0 0 0 -0.0048818 0.036262 0.0097095 0.036799 0.43241 0.17625 0.49123 0.25085 0.0034903 -0.0012386 0.0034903 0.0012386 0 0 0 0 -0.00040671 -0.026883 0.0026146 0.031355 0.42573 -0.16315 0.43357 0.22912 0.0034903 0.0012386 0.0034903 0.0012386 0 0 0 0 -0.00020594 -0.00050296 0.00036337 0.0019119 0.067091 -0.0058374 0.0687 0.012355 0.0007597 -0.00016068 0.0007597 0.00019187 0 0 0 0
-0.00024271 -0.00018326 0.00031291 0.00030623 0.077912 -0.0030388 0.079759 0.0048417 0.00036978 0.0001814 0.00036978 0.0001814 0 0 0 0 -0.0063788 0.0034603 0.0068822 0.0069571 0.51114 0.040601 0.51319 0.096659 0.0040655 -0.00054868 0.0040655 0.0018059 0 0 0 0 0.0071001 0.025515 0.018982 0.026086 0.40753 0.040101 0.48377 0.20999 0.011341 -0.0029846 0.011341 0.0039391 0 0 0 0 -0.00013005 -0.001717 0.0006292 0.0050197 0.03654 -0.009246 0.038049 0.030337 0.0058987 -0.00051739 0.0058987 0.0013533 0 0 0 0
0.0017781 0.0043396 0.0028569 0.006643 0.01995 -0.022114 0.055641 0.031369 0.011074 -0.021683 0.037257 0.023625 -8.242e-05 -1.0486e-05 0.0012869 0.0006407 -0.00062956 0.00099488 0.011163 0.035623 -0.014614 0.0081436 0.2099 0.11859 0.23767 -0.05347 0.43636 0.11402 -0.00049362 0.0038388 0.013434 0.0068374 -0.011338 0.015305 0.016737 0.018093 -0.20456 0.25699 0.37182 0.28342 0.2509 0.17335 0.39366 0.29265 -0.0028167 -0.0011365 0.016655 0.018786 -0.0018944 0.00043178 0.0028594 0.00091908 -0.017867 0.0042801 0.050171 0.0073453 0.028957 -0.0040789 0.062243 0.016096 -0.0021209 -2.3893e-05 0.0031046 0.0012599
-0.0053962 -0.00017124 0.0053962 0.002214 0.020676 0.013415 0.069016 0.025902 -0.010352 0.013118 0.045941 0.026907 -1.3444e-05 -0.00055587 0.0037258 0.00069989 -0.0019242 -0.01779 0.031132 0.021952 0.21699 0.045699 0.41178 0.15876 -0.11424 0.025455 0.47439 0.034548 -0.007729 0.00022956 0.022618 0.01463 0.013006 -0.012372 0.013265 0.013744 0.24323 -0.089295 0.30027 0.22684 -0.10142 -0.016831 0.51967 0.025983 -0.012247 -0.00098982 0.035569 0.0058565 0.0026857 0.001632 0.0027928 0.0019106 0.041637 0.025152 0.065783 0.030538 -0.027728 0.00055691 0.060739 0.002933 -0.00027335 0.00021041 0.0041462 0.00061401
-0.0011421 -0.00020331 0.0015144 0.00066724 0.021082 0.01473 0.044026 0.017915 0.033682 -0.0024552 0.044753 0.014631 -0.0026891 0.0026515 0.0029395 0.0026761 -0.0032489 0.035608 0.0048118 0.036622 -0.12263 0.022185 0.26621 0.25013 0.28214 -0.067021 0.40761 0.091588 -0.012643 -0.017702 0.061887 0.024785 -0.0021217 -0.0002182 0.0032621 0.0015362 -0.28475 -0.024514 0.28643 0.05629 0.31258 0.020386 0.54554 0.065575 0.0085553 -0.0030276 0.047193 0.010476 -0.00025909 -0.00019172 0.00086718 0.0013632 -0.012836 0.0031651 0.051966 0.025235 0.013374 0.00090578 0.07011 0.022041 0.0037966 8.0609e-06 0.0077775 0.0011316
4.8372e-05 0.00023827 0.00059159 0.00098665 0.0019337 -0.027646 0.03178 0.050725 0.041433 -0.01874 0.06956 0.030748 0.005017 -0.00020614 0.011728 0.00099853 -0.0074897 0.038954 0.012901 0.061837 -0.098633 0.11213 0.23546 0.36761 0.25016 -0.0044936 0.47401 0.16605 0.036186 0.0081243 0.083199 0.017728 -0.0027721 0.0088849 0.0075587 0.010616 -0.26479 0.074237 0.3692 0.19925 0.22286 -0.0033465 0.28545 0.21553 0.038732 -0.00838 0.084337 0.015972 -0.00027934 0.00064404 0.00086589 0.00089289 -0.03906 0.0044216 0.063871 0.01444 0.012223 -0.0048709 0.025617 0.019175 0.0092995 -0.00025314 0.012472 0.0014921
-0.0038421 8.9419e-05 0.0052014 0.0033311 0.0054729 -0.015311 0.0091361 0.016015 -0.038044 0.00094844 0.044225 0.026013 0.00044442 -0.00090658 0.0010365 0.0016485 -0.0064179 -0.02467 0.031227 0.028104 0.10745 0.022459 0.38563 0.12561 -0.15527 0.050845 0.2865 0.15176 -0.047115 0.010235 0.051644 0.013025 -0.027888 0.0048766 0.037952 0.0081704 0.30008 -0.017662 0.58631 0.081191 -0.21811 0.0086624 0.38916 0.093866 -0.068427 0.013512 0.075412 0.023616 -0.0041185 -0.00056839 0.0049323 0.0011452 0.055894 -0.0050492 0.088902 0.0092616 -0.054237 -0.00038195 0.054329 0.014331 -0.0015253 -0.0018442 0.0030757 0.0029934
0.009549 -0.00032272 0.010958 0.0030469 0.032074 0.014026 0.032074 0.018856 -0.035591 0.0033947 0.065962 0.012169 0.0046152 -0.00011806 0.0056224 0.00096893 0.069959 0.0039998 0.075886 0.009869 0.04778 -0.08021 0.24716 0.094997 -0.040164 -0.056393 0.56866 0.13751 0.033187 0.0012647 0.041439 0.0030815 0.087255 0.0038796 0.090523 0.0131 -0.034284 0.011016 0.24119 0.15347 0.028742 0.041367 0.62544 0.16708 0.032673 0.0010601 0.041457 0.003566 0.0017476 0.026078 0.0053125 0.026078 -0.00064296 0.086264 0.013302 0.086264 -0.0078921 0.063466 0.058764 0.063466 0.0034024 0.012955 0.0041137 0.012955
0.00034769 0.00010455 0.00039199 0.00040446 0.0060616 -0.011382 0.013954 0.018829 0.053988 -0.0058639 0.069053 0.011284 -0.0057337 0.00019906 0.0064812 0.00052936 0.0012627 -0.0021764 0.0040547 0.0045624 -0.018301 -0.034576 0.07652 0.11882 0.44754 -0.025946 0.54613 0.045475 -0.045744 -0.0017251 0.051901 0.0044886 0.026238 0.029558 0.03322 0.040708 -0.065691 0.19614 0.12767 0.2676 0.33621 0.0087955 0.40365 0.1759 -0.036936 0.0059942 0.040686 0.015501 0.0067282 -0.0056818 0.0071936 0.0057353 -0.030079 0.014323 0.081027 0.060011 0.046499 0.0023121 0.067664 0.01205 -0.0060305 -0.00022378 0.0061821 0.00075759
-1.2238e-05 5.2274e-05 1.2238e-05 5.2274e-05 0.0020215 -0.0002466 0.0036703 0.0014657 0.046321 -0.00085661 0.096696 0.010624 -0.0043509 0.0011782 0.006916 0.0013704 0.00092603 -0.0025649 0.0012437 0.0050218 0.14246 -0.034438 0.15066 0.12456 0.26177 -0.011358 0.63152 0.273 -0.025119 0.00764 0.042446 0.0079753 0.00074227 0.0037731 0.0021047 0.00898 0.055327 0.023406 0.09544 0.16403 0.33872 0.0030642 0.39162 0.22459 -0.018297 -0.0065515 0.050545 0.0085572 0.00098053 0.0089235 0.0016696 0.0089235 -0.03337 0.065982 0.034323 0.066993 0.048458 0.0092078 0.091211 0.024293 -0.0011466 -0.0020715 0.0093054 0.0024205
0.00051206 -5.1679e-05 0.00070773 0.00034142 0.057432 -0.0029567 0.062956 0.0073462 -0.031266 0.0031125 0.072118 0.007114 0.0030474 0.00017731 0.0035381 0.00089391 0.013653 0.0034073 0.016516 0.0048301 0.24733 0.23048 0.32483 0.27458 -0.073513 0.017322 0.40407 0.046024 0.0080297 0.0067585 0.015593 0.0076054 0.0029069 -0.0057633 0.0055916 0.0082457 0.23478 -0.25976 0.27744 0.30099 -0.0047239 -0.019545 0.46972 0.031767 0.0099868 -0.00084299 0.024485 0.0055387 0.00010716 -0.00023349 0.00018445 0.00035112 0.031771 0.010658 0.039166 0.029321 0.0054092 -0.0017674 0.050119 0.0065937 -0.0005461 -0.00014739 0.0045027 0.00087574
0.00081574 0.0023168 0.0038647 0.0025909 0.046217 0.0081433 0.046217 0.018265 -0.032819 0.0022685 0.072926 0.010744 0.0042155 0.0012166 0.0052599 0.00143 0.02865 0.0087159 0.029603 0.021059 0.168 -0.0514 0.27702 0.12161 -0.10218 -0.062021 0.51306 0.15103 0.03357 0.0029208 0.04294 0.0067539 0.071092 -0.00050669 0.078488 0.011327 -0.015391 0.016811 0.2712 0.084931 0.03176 0.031596 0.65118 0.11217 0.023781 0.00047466 0.038642 0.0040552 0.0047424 0.025841 0.0075062 0.025841 -0.010517 0.065125 0.025774 0.10369 -0.0041503 0.051281 0.066237 0.055362 -0.001342 0.0083816 0.0032796 0.0089929
-0.0023422 -0.0025777 0.0031336 0.01102 0.007909 0.012813 0.024892 0.045277 0.062082 0.087478 0.062098 0.096083 0.0013073 0.012929 0.0016345 0.012929 0.0035184 0.0022685 0.0075116 0.031543 0.36293 0.05323 0.37113 0.44719 -0.07261 -0.068234 0.17702 0.33544 -0.021108 -0.060996 0.031847 0.064039 0.0035746 0.00036103 0.0056067 0.024069 0.22578 -0.020316 0.28131 0.12297 -0.12312 -0.12327 0.31681 0.21798 -0.0030967 -0.0031883 0.013237 0.037727 0.00020542 0.0065327 0.0013635 0.019382 0.0011778 -0.0015833 0.022916 0.049839 -0.011425 -0.036615 0.026078 0.060406 -0.0011038 -0.0086648 0.0025191 0.01329
0.0028572 -9.8439e-05 0.0046365 0.00075289 0.040296 -0.0073014 0.11454 0.011259 0.017583 -0.00077503 0.040395 0.012073 -0.0021373 1.5521e-06 0.0039721 0.00031711 0.016473 -0.0011611 0.032465 0.005034 0.29612 0.053167 0.56824 0.09999 0.05435 -0.027894 0.29472 0.13948 -0.013685 -0.00038187 0.025701 0.00084857 0.0065331 0.0011806 0.021618 0.0035891 0.2408 -0.063176 0.40888 0.088716 0.11042 0.031531 0.28659 0.32575 -0.012715 0.00072018 0.024466 0.0027559 -0.00035645 -6.9402e-05 0.0020063 0.00049428 0.030352 0.0011495 0.049767 0.0096059 0.024598 -0.012262 0.04254 0.038113 -0.0017697 9.4395e-05 0.0033627 0.00036313
-0.0047519 -0.00030523 0.0048509 0.00033815 -0.0080674 -0.012313 0.035509 0.018898 0.064875 -0.016718 0.079077 0.030871 -0.0016416 -0.00019956 0.0084467 0.00075426 -0.030512 -0.0015744 0.030623 0.0022102 -0.11422 0.050839 0.17323 0.055782 0.44753 -0.045523 0.58137 0.070185 -0.02346 -0.0010849 0.056459 0.0043483 -0.023242 -0.0027668 0.025217 0.0044686 -0.081924 0.0070603 0.16318 0.026164 0.3914 0.035549 0.42057 0.087086 -0.037127 -0.0032199 0.061713 0.0065104 -0.0012005 -2.854e-05 0.0047611 0.00039905 -0.010212 -0.00038447 0.019375 0.0018554 0.054732 0.0083213 0.057676 0.014472 -0.0068592 -0.00016428 0.009699 0.00048218
0.0096893 0.0016358 0.010542 0.0022035 -0.047156 -0.0084569 0.056575 0.013438 -0.0030568 -0.004232 0.0046707 0.0048493 5.9407e-05 2.852e-05 0.00048283 0.00021987 0.053349 0.0089696 0.057867 0.010149 -0.25557 0.0032771 0.37633 0.19481 0.14555 0.14523 0.21365 0.29959 -0.0010466 0.045693 0.0091182 0.046064 0.027692 0.0016343 0.043986 0.0077719 -0.31876 -0.050156 0.38802 0.073796 0.37449 0.034317 0.3751 0.091961 -0.00090195 -0.0032805 0.0049096 0.0070557 -0.0040269 -0.0017004 0.01086 0.0024586 -0.023747 -0.0023718 0.041082 0.016424 0.044465 -0.0079675 0.045637 0.020706 0.00015418 -0.00086579 0.0010155 0.00156
5.5783e-05 0.00017785 0.00074983 0.00024357 -0.0035931 -0.0014158 0.0044189 0.0029018 0.084708 -0.019324 0.088158 0.020319 0.00014382 3.2972e-05 0.00014382 4.1154e-05 0.0021968 0.0099227 0.020856 0.020276 -0.065954 0.076374 0.074399 0.10696 0.48167 0.023547 0.48519 0.16663 0.012934 -0.0079089 0.012934 0.0081684 0.0092656 0.019592 0.018742 0.040963 -0.03513 0.20372 0.11875 0.2254 0.16086 0.17448 0.3105 0.39864 0.12301 -0.013665 0.12301 0.021434 0.00035648 0.0060125 0.0016778 0.0089111 0.0060746 0.015177 0.011364 0.05825 -0.00087818 -0.0083937 0.007145 0.052667 0.01297 -0.0058852 0.013041 0.0060843
2.8535e-05 -0.0029734 0.00033705 0.0044631 -0.00016115 -0.01768 0.0025212 0.025342 0.048189 -0.0027257 0.050872 0.010267 3.7782e-06 9.006e-06 3.7782e-06 9.006e-06 0.00012011 -0.017311 0.0088981 0.043038 0.043988 -0.070001 0.089538 0.28437 0.32689 0.030135 0.40043 0.1267 0 0 0 0 -0.00039535 -0.0042558 0.0021847 0.0044483 0.030953 -0.035791 0.18481 0.17215 0.45192 -0.0057402 0.56775 0.071483 0 0 0 0 -9.1564e-05 -0.00015654 0.00012753 0.0002239 -0.0064232 -0.0011992 0.016995 0.0026882 0.082575 0.0071034 0.082575 0.0073923 0 0 0 0
-0.00089324 0.00021028 0.0023829 0.00063247 0.053786 -0.0016089 0.057512 0.0023005 -0.02468 -0.0058773 0.031442 0.019352 -0.0039782 -0.0003212 0.0039782 0.00040144 -0.0065354 -0.00082233 0.01647 0.0028495 0.39547 -0.0042644 0.44468 0.019583 -0.18717 -0.017055 0.19948 0.12987 -0.027661 -0.000531 0.027661 0.0024638 -0.0063126 -0.0013381 0.016473 0.0052942 0.40667 -0.0099989 0.44911 0.026825 -0.18879 0.038709 0.24838 0.25427 -0.028405 0.0014657 0.028405 0.0018631 -0.00053404 -0.00012481 0.0029261 0.00040163 0.061438 -0.0035862 0.066167 0.005463 -0.025165 -0.0036051 0.029105 0.016993 -0.0041314 -7.8601e-05 0.0041314 0.00037709
-0.00069456 0.00037979 0.0048902 0.00057724 -0.017392 0.011884 0.025214 0.018695 0.074949 -0.001193 0.091704 0.014409 0.0049912 0.00075681 0.0071003 0.0017478 -0.014934 0.0015868 0.051603 0.0026116 -0.086952 0.026268 0.16311 0.036995 0.39907 -0.05691 0.61381 0.088779 0.043019 -0.0013052 0.061462 0.0076372 -0.0093256 0.00056995 0.032311 0.0039843 -0.0037826 0.015 0.14856 0.034482 0.29123 0.033039 0.50227 0.13475 0.039835 0.0013523 0.064505 0.0080519 -0.00048945 0.00012013 0.0029973 0.00025238 0.0046012 -0.00074752 0.025903 0.0037545 0.033882 0.011472 0.055875 0.015832 0.0050321 0.0001569 0.0090704 0.00064156
0.0014852 0.00012457 0.0028309 0.00034576 0.063796 -0.00036963 0.072387 0.0022793 -0.018492 0.0027068 0.018492 0.006933 0.0024063 0.0020678 0.0028242 0.0056504 0.0062243 -0.00060602 0.018009 0.0044645 0.42127 0.051952 0.46939 0.070456 -0.099611 -0.031851 0.1034 0.052551 -0.00025017 -0.011415 0.018144 0.03327 0.0026428 0.00015784 0.011219 0.0044434 0.40207 -0.0077733 0.44159 0.036601 -0.15593 -0.088298 0.2865 0.27068 -0.0012802 0.0070187 0.019494 0.025305 0.00056021 2.8543e-06 0.0023556 0.00047432 0.057798 -0.0010502 0.05955 0.0051707 -0.029278 -0.0045282 0.050466 0.031384 0.00079946 -0.00069464 0.0021532 0.0027338
0.00026394 -0.0045576 0.00047847 0.0045625 -0.00098293 -0.017702 0.010063 0.029532 0.031599 -0.0042803 0.092452 0.0097938 0.0050497 -0.00041627 0.0078065 0.0010716 0.0021525 -0.0010635 0.0025992 0.0018652 0.049059 -0.018631 0.05212 0.028928 0.21948 -0.03455 0.58279 0.075597 0.037173 -0.0021382 0.045661 0.0047095 0.0021985 0.0044235 0.004094 0.023599 0.075503 0.096683 0.25019 0.32583 0.12699 0.076218 0.52151 0.17321 0.032153 -0.0044715 0.039446 0.005239 0.00017614 0.020944 0.00052668 0.022898 0.02274 0.14133 0.023377 0.14889 0.013738 0.088868 0.038277 0.13775 0.0016044 0.018912 0.0017668 0.018912
-0.013127 0.001475 0.0168 0.0020235 0.069877 0.0020736 0.080154 0.011592 0.00023469 -0.0082711 0.0068619 0.010918 -0.00044034 -0.0017701 0.0016454 0.0025063 -0.045647 0.001608 0.060088 0.02394 0.33367 0.062106 0.42511 0.2839 0.070607 0.099052 0.10541 0.40529 0.0013223 0.010758 0.010109 0.034195 -0.019764 -0.005292 0.047988 0.016851 0.35647 -0.018954 0.50879 0.074546 0.030899 -0.054537 0.06727 0.058155 -0.0012929 -0.006397 0.01132 0.0069433 -0.0047629 0.0035039 0.0066448 0.0053128 0.039157 -0.0039841 0.064872 0.02067 0.0063962 -0.0090325 0.0079951 0.010689 -0.00075335 -0.0017542 0.0012287 0.0018645
0.0031397 0.0010882 0.0033206 0.0025615 -0.010808 0.00022582 0.014524 0.089554 -0.013837 -0.022146 0.019828 0.079534 -0.0030453 -0.0038003 0.0068865 0.0095265 -0.0059514 -0.063068 0.026063 0.071853 0.022004 -0.059436 0.25334 0.50161 0.048333 0.22161 0.10344 0.51176 0.012711 0.031952 0.022379 0.054244 0.0026925 0.0081145 0.0070084 0.011221 0.38149 -0.034801 0.39615 0.10709 -0.001182 0.012352 0.026021 0.025315 0.0069868 0.0045438 0.0088214 0.0081204 0.00045692 -0.00042943 0.0016169 0.00061638 0.058731 -0.0079447 0.070422 0.0096531 0.00084765 0.00020425 0.0081966 0.00098945 0.00085518 -0.00010826 0.0012792 0.00016229
-0.00091133 -0.00079287 0.0035302 0.00091033 0.031143 0.020608 0.058893 0.024565 -0.016928 -0.0022723 0.053743 0.0091916 0.0010184 1.329e-05 0.0021 0.00039274 -0.027896 0.00062171 0.040389 0.011294 0.28782 -0.056924 0.40928 0.1395 -0.14862 -0.035405 0.39094 0.079049 0.0028717 -0.0031004 0.016421 0.0046367 -0.0099785 -0.00047694 0.019416 0.0040045 0.31237 0.023247 0.43417 0.044095 -0.22976 -0.039224 0.41443 0.075796 -0.0070427 -0.0018917 0.020932 0.003641 -0.0023145 -0.00029857 0.0033683 0.00056873 0.051936 0.0048958 0.054176 0.0074438 -0.050998 -0.0096803 0.054596 0.011201 -0.00015927 0.00011272 0.0037126 0.00087974
-0.010861 -0.0021603 0.01454 0.0033671 0.059564 -0.0063983 0.071591 0.017502 0.0042042 -0.0017267 0.0094738 0.012929 -0.00036728 7.2579e-05 0.0012999 0.0015473 -0.084201 0.0059665 0.11396 0.016539 0.44087 -0.0022709 0.50056 0.050131 0.022577 -0.011718 0.048371 0.066687 -0.0040649 -0.0033031 0.01158 0.0039915 -0.052644 -0.013154 0.066489 0.024803 0.30823 -0.026837 0.38306 0.30309 0.044407 -0.069558 0.087793 0.38554 0.0011797 -0.0034565 0.0083923 0.041521 -0.003923 0.00060097 0.0075014 0.0024668 0.052407 -0.002419 0.067613 0.011159 0.00174 -0.0041393 0.0075538 0.0061773 -0.0002558 -5.3182e-07 0.0013499 0.00078796
0.00027058 -0.0017175 0.00078116 0.0021162 0.07919 -0.0040063 0.083601 0.010253 0.00061142 0.00027349 0.00061142 0.00054219 0 0 0 0 0.0018373 0.019925 0.0062413 0.023406 0.52842 0.01536 0.53303 0.12999 0.0035069 -0.0018081 0.0035069 0.0027812 0 0 0 0 0.00087816 0.011632 0.0071568 0.029345 0.43278 0.056549 0.43705 0.13729 0.0048104 0.00088935 0.0048104 0.0023557 0 0 0 0 0.00014152 0.00089747 0.00052572 0.0016066 0.041886 -0.001496 0.04301 0.0057167 0.00068282 -0.00018421 0.00096523 0.00039739 0 0 0 0
-0.00016664 -0.0046973 0.00056427 0.0057889 -0.0031853 -0.022895 0.010908 0.029362 0.054484 -0.0069845 0.084867 0.010748 -0.0035989 0.0003042 0.0047461 0.0005459 -0.00097263 0.00072896 0.0038353 0.0023131 -0.033499 -0.0068145 0.17952 0.095599 0.42922 -0.011484 0.60104 0.028556 -0.029751 0.0014057 0.035079 0.0055276 0.0013713 -0.0015504 0.0025083 0.0028164 0.051622 0.027945 0.11983 0.14113 0.34089 -0.013127 0.4749 0.070068 -0.035624 0.0010771 0.043674 0.0065078 9.6596e-05 8.7688e-06 0.00041406 0.0002721 -0.00047653 -0.0029274 0.01424 0.0094941 0.058007 -0.0029011 0.073139 0.0066037 -0.0056043 -0.00028604 0.006805 0.0006922
0.00013805 0.00024166 0.0016644 0.00074195 0.00097094 0.00039294 0.014363 0.003331 0.063196 0.00073048 0.068482 0.0030273 -0.0044575 -0.00171 0.0065413 0.0027435 -0.0013611 -0.00045777 0.010304 0.0039359 0.015353 -0.0018742 0.13288 0.053649 0.43011 0.025857 0.45309 0.206 -0.034425 -0.0078667 0.045219 0.033685 -0.0020706 6.0142e-05 0.0093069 0.0045224 -0.027438 -0.00028934 0.13644 0.022873 0.47295 -0.0029014 0.52256 0.0182 -0.036032 0.0067363 0.05318 0.030263 0.00035057 0.00045011 0.0018425 0.0010754 -0.0035486 1.0486e-05 0.015466 0.0039777 0.064746 -0.0015669 0.07484 0.0036653 -0.0030072 -0.0011281 0.0040844 0.0027183
0.00015143 0.00032686 0.00073434 0.0051805 -0.030018 0.011995 0.032185 0.03065 0.039481 0.0093904 0.048397 0.013832 -0.0082733 0.00014279 0.0098677 0.00073641 0.0029162 0.0018588 0.0049491 0.0061904 -0.32336 0.0050006 0.32615 0.034751 0.3425 0.00089892 0.49296 0.043844 -0.056934 -0.00015288 0.065112 0.0030772 -0.0019304 -0.021428 0.0091481 0.028273 -0.21454 -0.063237 0.22389 0.21548 0.25283 -0.036517 0.39229 0.18204 -0.056387 0.0007221 0.061404 0.0035048 0.00025206 -0.0015635 0.00026099 0.0015645 0.00010625 -0.0080688 0.0025092 0.010516 0.03601 -0.0011458 0.041539 0.011104 -0.0074391 -0.00018103 0.008068 0.0005521
-0.00042724 0.00031733 0.0017099 0.00083286 0.05849 -0.001207 0.063778 0.0054502 -0.024846 0.01229 0.035924 0.029583 -0.0020454 0.00019809 0.0022436 0.0013479 -0.0035012 0.0011462 0.012969 0.0040538 0.39696 -0.0071185 0.4507 0.062722 -0.18773 0.040959 0.26786 0.27917 -0.018394 -0.0011969 0.018394 0.0055942 -0.00075895 -0.001843 0.013165 0.0047954 0.38906 -0.0057579 0.46227 0.08754 -0.14469 -0.013037 0.15568 0.090031 -0.024407 -0.00096728 0.025391 0.008778 0.00045119 -0.00011912 0.0021084 0.00057795 0.061272 -0.0039825 0.067803 0.010887 -0.02236 -0.0038765 0.02316 0.0065802 -0.002518 -0.00082016 0.002518 0.00094708
0.0085196 -0.0015721 0.009443 0.0052448 -0.013565 -0.0032438 0.023998 0.012374 0.056683 0.022486 0.076459 0.029141 -0.012728 0.0084344 0.015126 0.008937 0.041084 0.015388 0.076544 0.032228 -0.17137 -0.0053075 0.29821 0.16984 0.43154 0.016311 0.46874 0.088639 -0.014946 0.00012396 0.087199 0.044555 0.024626 -0.0052744 0.062613 0.010529 0.023225 0.045866 0.36601 0.13261 0.20366 -0.0041604 0.4074 0.16025 0.012852 0.0031703 0.057683 0.022394 -0.00015971 0.00078673 0.0092457 0.0014012 0.015193 -0.0051295 0.065828 0.035262 0.018169 -0.021058 0.069426 0.02186 0.0046678 -0.0012377 0.0046986 0.0013126
0.00032365 0.00092243 0.00132 0.0017033 0.027105 0.0080651 0.033515 0.011681 0.022796 0.00023962 0.052391 0.011328 -0.00046313 0.0013841 0.001363 0.0017742 -0.0037266 0.021136 0.0052793 0.022227 -0.21718 0.0597 0.26122 0.18771 0.21652 -0.039154 0.4761 0.10274 0.03729 -0.015055 0.065658 0.021084 -0.0012231 0.0011964 0.0025902 0.0055063 -0.22663 -0.007285 0.36738 0.077179 0.19365 0.013356 0.54728 0.070192 0.0037723 -0.0010093 0.05384 0.0076585 -0.00051349 -0.00086087 0.0010426 0.0012749 -0.016218 -0.0016648 0.047473 0.017981 0.012052 -0.011707 0.074301 0.033982 -0.0043858 0.00020694 0.0068486 0.00093917
0.00046648 -0.00014547 0.0014365 0.009317 0.03453 0.023628 0.041306 0.055179 0.0064421 0.0022122 0.0064421 0.0028316 0 0 0 0 0.0026635 -0.00068689 0.011021 0.029991 0.36077 -0.021604 0.43351 0.21799 0.010455 -0.00058569 0.010455 0.0058593 0 0 0 0 0.00044655 -0.044467 0.0071134 0.048385 0.51149 -0.10156 0.55371 0.15567 0.0082135 0.0014943 0.0082135 0.0014943 0 0 0 0 0.00042161 -0.0017125 0.0012293 0.0020159 0.093388 0.0061885 0.099096 0.01009 0.00061913 0.00025172 0.00061913 0.00078448 0 0 0 0
0.0012057 -0.002053 0.0012231 0.0022673 0.023509 -0.026636 0.032894 0.028046 0.051838 -0.050987 0.078003 0.078047 0.0099705 -0.019768 0.0099813 0.019772 -0.00643 0.01079 0.020839 0.043399 0.13751 -0.11448 0.37493 0.31543 0.17994 -0.096255 0.38873 0.25876 -0.0094469 -0.019501 0.023773 0.022974 -0.018168 0.014248 0.029904 0.03138 -0.037313 -0.036591 0.23223 0.12333 0.38064 0.014691 0.42351 0.16182 -0.029416 -0.011244 0.031875 0.01426 0.003523 0.0052634 0.0044709 0.0060395 -0.026955 0.032903 0.0562 0.042658 0.042538 0.0014157 0.078949 0.022275 0.00080681 0.00050205 0.0038525 0.0014726
0.016147 -0.0049221 0.016448 0.0081922 0.016464 0.0067178 0.020765 0.022092 0.0059467 0.0034177 0.046273 0.015134 -0.014098 -0.00025874 0.016342 0.00075968 0.066832 0.050031 0.067595 0.054464 -0.21951 0.05189 0.24992 0.15451 0.30729 -0.0089234 0.41669 0.12668 -0.1456 0.010649 0.15792 0.012581 0.038167 -0.0058174 0.047528 0.0085128 -0.19335 -0.0057763 0.33721 0.17608 0.31098 0.0016375 0.31802 0.25902 -0.15654 0.0064955 0.15938 0.037416 -0.0013004 -0.012191 0.013685 0.012218 0.0034079 -0.0033895 0.064612 0.025079 0.03881 -0.01148 0.041052 0.031468 -0.022111 0.0039163 0.023579 0.0044031
-6.152e-05 0.00011775 0.00032244 0.00051572 0.001391 0.0034007 0.01759 0.014018 0.067892 0.006563 0.074821 0.010983 -0.0081169 -0.0012469 0.0083284 0.0014469 0.0021875 -0.0011084 0.0033035 0.0036494 0.057335 -0.055486 0.14098 0.13311 0.39859 -0.037897 0.45573 0.081797 -0.052502 0.0016536 0.05412 0.0055641 0.0017006 -0.0011015 0.0044646 0.0031372 -0.019289 -0.0040711 0.12366 0.10914 0.49002 0.026588 0.51751 0.097023 -0.055226 -0.0065339 0.056833 0.010048 0.0017515 0.0070479 0.0023701 0.0075243 -0.008746 0.032372 0.020912 0.035342 0.062139 0.0025192 0.072762 0.016769 -0.0066538 0.00091815 0.0066755 0.0013852
4.976e-06 -3.2163e-05 0.00013807 0.00087545 0.0099891 -0.017386 0.028824 0.06104 0.052474 -0.023718 0.063422 0.054698 -0.0089479 -0.0004673 0.017172 0.00073645 -0.00031032 -0.0011956 0.0011752 0.0022456 0.0065277 0.038808 0.06432 0.21493 0.36813 0.065571 0.3981 0.19717 -0.025244 -0.0046858 0.098917 0.01507 0.00056081 -0.0012273 0.0021132 0.0034824 0.023391 0.035036 0.29274 0.41419 0.27003 -0.029548 0.40312 0.27411 0.0096749 0.0041235 0.07937 0.0064977 -0.00059715 0.0029489 0.00097067 0.0034811 -0.0043245 0.011631 0.019709 0.021508 0.042835 -0.00073719 0.06398 0.024002 0.0044422 -0.00018721 0.010731 0.0016493
-0.00031182 8.1302e-06 0.0015114 0.00030584 0.057865 -0.001967 0.066663 0.0030341 -0.022945 -0.0058226 0.028792 0.016683 -0.0061998 -0.0014481 0.0065945 0.0020334 0.0017543 -0.00045079 0.010715 0.0050418 0.37598 -0.0015903 0.43672 0.024552 -0.18309 -0.029825 0.32186 0.10223 -0.042157 -0.0012163 0.042375 0.0028007 0.0015238 -0.0020209 0.018747 0.0031348 0.40154 -0.010392 0.43935 0.019317 -0.20641 0.018987 0.28413 0.1133 -0.03497 0.00082047 0.037447 0.0031926 0.00049726 0.00014898 0.0027876 0.00061267 0.058562 0.0046255 0.0636 0.0067682 -0.029085 0.0084013 0.047007 0.023533 -0.00519 -0.00046023 0.0054786 0.0006261
-0.0010978 0.00039069 0.001316 0.0018641 -0.01335 0.0039646 0.060097 0.018681 0.0045338 -0.023077 0.057915 0.029643 -0.00093309 -0.0014724 0.007187 0.0018263 -0.00084637 -0.00051863 0.0047627 0.0045344 -0.068318 -0.010706 0.5064 0.05552 0.067943 0.055023 0.43323 0.21235 -0.045152 0.0073659 0.075595 0.010935 -0.00014802 -0.042228 0.0033064 0.04249 -0.0086816 -0.1061 0.2895 0.29027 0.23625 -0.047009 0.31333 0.351 -0.066547 0.0079094 0.09019 0.010785 -6.8837e-05 -4.5683e-05 9.7057e-05 0.00011217 0.0033656 0.00035952 0.004499 0.0054177 0.031251 0.0032775 0.041234 0.014245 -0.0084183 -9.2296e-05 0.011284 0.00031983
-0.00025906 -4.2863e-05 0.0011448 0.00035457 -0.00064063 0.00043354 0.0036344 0.00077744 0.070746 4.6739e-05 0.075473 0.0048586 -0.0013555 -0.00015478 0.0022897 0.00055301 -8.8952e-05 -0.00066028 0.0014396 0.0033825 -0.0027585 -0.0055866 0.011798 0.012516 0.47443 -0.064049 0.48068 0.10631 -0.005434 -0.0028909 0.011708 0.0079306 -0.003224 0.003295 0.0073187 0.0051539 0.08066 0.10669 0.25926 0.18326 0.23548 -0.092493 0.2779 0.47986 -0.0087486 -0.032914 0.023473 0.072685 -0.0045632 0.0044406 0.0059897 0.0087403 0.03205 0.027198 0.078403 0.048755 -0.010929 0.018306 0.053007 0.076763 -0.0016684 -0.0026392 0.0072418 0.013301
-0.00021607 2.6803e-05 0.0048859 0.00024388 -0.021546 0.0053811 0.021757 0.0065464 0.083005 -0.012982 0.092771 0.012982 -0.0087779 -9.9568e-05 0.011134 0.00030932 0.00026904 0.00019296 0.035977 0.0043251 -0.042119 0.030817 0.19877 0.03765 0.40994 -0.060361 0.58192 0.091401 -0.05887 0.0028874 0.076434 0.0061956 -0.0037854 0.00028829 0.035469 0.0027784 -0.083005 -0.00040203 0.1385 0.015455 0.40194 0.016173 0.44704 0.083461 -0.043976 0.0027075 0.065686 0.0041934 0.00047597 5.0177e-05 0.0063514 0.00034107 -0.016038 0.003167 0.023253 0.0042538 0.056346 -0.0035621 0.056346 0.011663 -0.0038346 0.00036741 0.007916 0.00099683
-0.00020611 0.0037907 0.0048827 0.0039025 -0.0087596 -0.0074455 0.082068 0.0091714 0.0066597 -0.00022178 0.041894 0.0035524 0.0044436 0.00015152 0.0057943 0.00068734 -0.0084983 -0.0068797 0.075242 0.028709 -0.026905 -0.15905 0.49566 0.22983 0.065843 0.015372 0.36057 0.040064 0.024701 -0.002482 0.033611 0.0091017 -0.015798 0.0062804 0.070428 0.036379 -0.056049 0.17672 0.51259 0.19946 0.075016 -0.010427 0.3964 0.043509 0.021466 -0.00031913 0.027037 0.0061347 0.0026147 -0.0012717 0.0055597 0.0067471 -0.018835 0.0075668 0.096163 0.011315 0.012146 -0.00093697 0.049403 0.0062592 0.0010657 -0.00052122 0.0025845 0.0020954
0.00021933 -0.00027481 0.00065038 0.00043599 0.069483 0.0010328 0.069483 0.0050221 -0.013497 0.012585 0.049123 0.018554 0.00013616 0.00070282 0.0037099 0.0010223 0.00013692 0.0011196 0.0046688 0.0028921 0.42203 -0.020076 0.44212 0.11483 0.12696 0.012866 0.20409 0.095955 -0.093707 0.017598 0.11678 0.018841 0.0031347 0.0031253 0.011556 0.0072212 0.42275 0.039101 0.42637 0.070259 0.10432 -0.11843 0.25289 0.1484 -0.092766 0.0085193 0.11389 0.016573 0.00068939 0.0029328 0.0020079 0.0047859 0.050292 0.0092825 0.053569 0.0249 0.015011 0.011897 0.049023 0.019724 -0.014044 0.0018852 0.016919 0.0021178
-0.0056906 -0.0010692 0.0071674 0.0012222 0.040672 0.0027222 0.055014 0.012581 0.0056945 0.006008 0.022344 0.0082312 -0.01176 -7.7959e-05 0.011998 0.0016529 -0.023104 -0.00082656 0.033997 0.01631 0.398 -0.071654 0.46479 0.20076 -0.022083 -0.012103 0.24241 0.057164 -0.051579 -0.011191 0.054187 0.011958 -0.0096186 0.006595 0.015332 0.0095443 0.33751 -0.00030286 0.49633 0.054761 -0.053599 -0.013907 0.3578 0.045455 -0.0054377 -0.002145 0.012703 0.0034504 -0.0022824 -0.0003426 0.0028491 0.00054787 0.036312 0.0067136 0.046374 0.009801 -0.0041299 -1.5163e-05 0.054787 0.0075289 -0.00031038 -0.00032672 0.0013655 0.00077357
0.0036222 0.0033899 0.0051324 0.0047132 0.077867 0.029795 0.078857 0.035022 0.0012182 0.00018296 0.0012182 0.00027598 0 0 0 0 0.012711 0.013812 0.01304 0.033611 0.45799 0.025621 0.47211 0.11718 0.0046671 0.00084026 0.0046671 0.00084026 0 0 0 0 -0.00059516 -0.015011 0.0034354 0.017303 0.4993 -0.07447 0.51013 0.085526 0.0045185 -0.00041555 0.0045185 0.00041555 0 0 0 0 3.5763e-05 -0.00035911 0.00027938 0.001997 0.081879 -0.0016935 0.083597 0.01148 0.0008016 5.9587e-05 0.0014542 0.00037983 0 0 0 0
-0.0012462 -0.0012719 0.0017863 0.0017092 0.0064425 -0.00060793 0.042989 0.013098 0.0066824 0.0018813 0.08502 0.008658 0.0019317 0.00054481 0.0072879 0.00095207 -0.0004971 0.0032553 0.0070447 0.0060569 0.15807 0.029951 0.52167 0.05856 -0.097196 -0.0025496 0.45647 0.03744 0.0081529 -0.0021434 0.052213 0.0068838 0.0033524 -0.04662 0.0065075 0.046745 0.29148 -0.10893 0.37789 0.23818 -0.14358 -0.01873 0.36119 0.039143 0.0011996 -0.0057928 0.045574 0.0083236 0.00015792 -0.00025946 0.00027395 0.00030607 0.062453 0.0026148 0.062453 0.011558 -0.024307 -0.0027381 0.048845 0.0045573 -0.0030158 -0.00047139 0.0066642 0.0010646
0.00049487 -9.5057e-05 0.0027181 0.00049287 -0.011673 -0.0011854 0.011865 0.0040419 0.0028723 -0.0025554 0.013092 0.0062386 0.0044216 -0.0024113 0.0051739 0.0024113 -0.041958 -0.019965 0.047997 0.020845 0.068719 0.025831 0.47163 0.20415 -0.043837 0.036076 0.11082 0.059289 0.017569 -0.0080263 0.021604 0.0088397 -0.031047 -0.017423 0.036539 0.017693 0.44902 -0.016654 0.45461 0.059732 -0.31042 0.15008 0.36085 0.17409 0.0062962 -0.001054 0.013798 0.0044783 3.9809e-07 -0.00070835 0.0015145 0.0011074 0.062632 -0.005437 0.062719 0.0062593 -0.010716 0.018361 0.039052 0.020989 -0.0012473 0.0010017 0.0036993 0.0013232
-0.0012158 3.553e-05 0.0014649 0.00051655 0.04412 -0.0025693 0.050217 0.018894 -0.025046 -0.012639 0.058247 0.023662 0.0037526 -0.00035961 0.0061136 0.00092727 -0.0038691 0.00070078 0.0094413 0.007794 0.27975 0.07915 0.36325 0.17226 -0.01378 0.09593 0.11165 0.11835 -0.011013 0.026394 0.023449 0.047503 -0.0090113 0.042707 0.01535 0.045311 0.37583 -0.090225 0.51386 0.12002 -0.11812 -0.09115 0.44905 0.18069 0.012611 -0.0014062 0.023465 0.037326 -0.0070843 -0.00074266 0.0071554 0.00097945 0.027718 0.0015108 0.076212 0.012212 -0.01029 -0.0074598 0.08177 0.011824 0.0032365 -0.0033427 0.0042131 0.0042198
-0.0005703 -0.0020669 0.00064995 0.0033456 0.073225 -0.0053975 0.07526 0.010807 0.00039284 -0.00017661 0.00057487 0.00057737 1.7429e-05 -7.7905e-05 1.7429e-05 7.7905e-05 -0.00018713 0.0083123 0.003702 0.011265 0.4947 0.074371 0.50287 0.087272 0.0046344 5.797e-05 0.0065904 0.003366 0.00018729 0.00023449 0.00018729 0.00023449 0.0012417 -0.0032903 0.0039362 0.022526 0.46382 -0.068407 0.48736 0.075152 0.0059162 -0.00082914 0.0059162 0.00082914 0 0 0 0 -0.00041443 -0.001085 0.00065024 0.007141 0.080646 0.0024332 0.083091 0.026843 0.00084594 0.00027828 0.00084594 0.00033654 0 0 0 0
5.0418e-05 -0.00065283 0.00033107 0.0011821 0.047137 -0.020087 0.050046 0.052891 0.0099099 0.020698 0.069333 0.095007 -0.0036 0.00028834 0.015694 0.0013256 0.00012675 -0.0012891 0.0018836 0.002231 0.015467 -0.032624 0.031051 0.090227 0.32726 -0.068918 0.5382 0.15915 0.046701 0.0036783 0.079573 0.0099378 -0.0011406 -0.00072647 0.0022909 0.0025222 0.057079 0.058238 0.20236 0.35293 0.24901 0.050281 0.46309 0.2234 0.059623 0.0049385 0.10912 0.01277 -0.0018211 0.0086326 0.0019963 0.0093403 -0.011724 0.034287 0.029117 0.046713 0.054811 0.0029567 0.083349 0.017049 -0.00073431 -0.0001593 0.0091533 0.0013574
0.00078067 -4.7205e-05 0.0009002 0.0010095 0.022824 0.016637 0.028325 0.017768 0.0097312 0.038363 0.028432 0.039943 0.010394 0.0021176 0.010484 0.0044593 -0.0012408 0.0081867 0.0071986 0.0090594 0.05871 -0.077467 0.2033 0.24607 0.23341 -0.0096616 0.42895 0.22878 0.064089 0.012698 0.067573 0.024078 0.00060381 0.0006644 0.01518 0.014023 -0.04543 -0.019747 0.082891 0.048473 0.36315 -0.029609 0.61685 0.15078 0.096377 0.0024069 0.11635 0.020653 -0.00087976 0.0010646 0.002821 0.0017318 -0.0095985 0.0035588 0.011015 0.0085068 0.066625 -0.0011501 0.074775 0.017132 3.1373e-05 0.00099557 0.0018015 0.0023066
-0.0004613 -0.00038875 0.0025255 0.00082094 0.033416 0.01366 0.080601 0.01791 -0.014851 0.011378 0.040348 0.029738 -0.0070224 -0.00085156 0.0073506 0.0010836 -0.0054916 0.0023869 0.015337 0.0039319 0.25485 -0.0034968 0.55261 0.11943 -0.15231 0.027376 0.24138 0.18674 -0.048445 -0.0025743 0.051058 0.0072851 -0.0035787 -0.0024198 0.014837 0.0065316 0.3511 -0.010594 0.46601 0.061888 -0.23656 -0.0049307 0.23656 0.081328 -0.0474 -0.0015602 0.051074 0.0055283 0.00032121 -2.347e-05 0.0035544 0.00061157 0.043165 -0.019752 0.092247 0.02017 -0.024563 -0.015647 0.036574 0.018516 -0.0057735 0.00017557 0.0071142 0.0020794
0.0011745 0.001864 0.0063468 0.0040458 -0.022708 0.018157 0.082512 0.040653 0.041342 0.00033855 0.041911 0.0075016 0.00069439 0.0002453 0.0009555 0.0010012 0.063191 0.0013183 0.093572 0.0031419 -0.3016 -0.035337 0.46009 0.12272 0.28695 0.0050902 0.28838 0.10233 0.00084532 -0.0021471 0.0037613 0.0035813 0.066424 0.00069539 0.097247 0.0055316 -0.34877 0.010081 0.3513 0.030739 0.32315 -0.0066537 0.32524 0.018833 -0.0003021 0.00046996 0.0016696 0.0022468 0.0084072 0.00148 0.01359 0.0019535 -0.037143 0.017312 0.055483 0.023235 0.01162 -0.012982 0.032437 0.041512 0.00042701 -0.0068443 0.0009019 0.0068564
-0.010549 -0.00011822 0.017083 0.0022427 0.026986 0.0018216 0.063324 0.04703 -0.0066462 0.053617 0.010302 0.053893 -0.0015294 0.0098492 0.0021895 0.0098844 -0.04504 -0.00067536 0.081788 0.012162 0.3023 0.0052081 0.65289 0.079872 0.033922 -0.0094494 0.048125 0.077609 -0.024773 -0.0018566 0.0248 0.007425 -0.035161 -0.019961 0.082312 0.026554 0.24401 0.022608 0.46147 0.27311 0.048427 -0.04329 0.07072 0.2651 -0.015206 -0.0051893 0.015787 0.022939 -0.0047869 -0.00056069 0.0064524 0.0021722 0.040922 -0.00018019 0.057938 0.014276 0.0037974 -0.0052008 0.0068822 0.0069038 -0.0040879 -0.0016112 0.0041687 0.0019437
-0.00016631 -0.0001721 0.00069245 0.00032707 0.062875 0.0019667 0.064215 0.0096037 0.017172 -0.0079181 0.021129 0.015704 -0.0026663 -0.00020515 0.007571 0.0016565 0.015301 0.0064479 0.018192 0.0094733 0.36759 -0.0054649 0.38995 0.054748 -0.01467 -0.014643 0.21226 0.067035 0.03507 -0.0060629 0.088002 0.015228 -0.0016712 0.05933 0.0098011 0.076239 0.28474 0.27689 0.37409 0.35938 0.054643 0.12595 0.21036 0.36003 0.023112 0.014849 0.083047 0.023118 5.0787e-05 0.00028108 0.00011385 0.00028108 -0.0014982 0.02614 0.0040596 0.02614 -0.0034254 0.030157 0.0056047 0.030165 0.0006386 0.0085681 0.0024462 0.0085681
0.00062442 -0.00045576 0.0057851 0.0023805 0.041977 -0.039167 0.059954 0.046939 0.0022888 0.0067652 0.02057 0.014524 -0.0054519 -0.00083903 0.0064518 0.0011464 -0.0022545 0.0084868 0.024362 0.02257 0.40311 0.0007747 0.51605 0.07641 0.033418 -0.025482 0.22388 0.067192 -0.050334 -0.0029559 0.05543 0.0047506 -0.021943 -0.00013465 0.023806 0.0049528 0.34904 -0.0088924 0.54525 0.061606 0.092478 0.00565 0.19459 0.062801 -0.06548 -0.0079828 0.068629 0.010253 -0.0027686 -5.6166e-06 0.0029665 0.00026261 0.041798 0.0041736 0.072243 0.010769 0.021104 -0.0019579 0.026038 0.0074562 -0.01235 -0.0012607 0.012492 0.0014299
-0.0030202 -0.0037821 0.0047538 0.0071401 0.045085 -0.041534 0.053332 0.052481 0.025773 -0.045708 0.058024 0.05221 0.0040218 -0.0056441 0.0049967 0.0071342 -0.020487 -0.00831 0.024868 0.012132 0.30888 0.046023 0.34117 0.074874 0.18911 0.01243 0.43788 0.062815 0.012567 0.0040037 0.022312 0.0049273 -0.014289 -0.00013974 0.01993 0.010407 0.21883 -0.071712 0.23154 0.1859 0.28956 -0.091807 0.44679 0.28725 0.010311 0.0032581 0.025558 0.004953 -0.00067127 0.00021393 0.00093883 0.00047845 0.046108 0.0053064 0.046806 0.021232 0.039292 0.034983 0.050051 0.036117 0.00038693 0.00044732 0.0023041 0.00094656
-0.0018107 -0.00030508 0.0040745 0.0013348 -0.027569 0.0018351 0.0715 0.021464 0.023219 0.027229 0.029385 0.043069 -0.0017623 0.006576 0.001772 0.0070472 0.002853 -0.00054727 0.057053 0.006118 -0.29149 -0.039187 0.48107 0.070286 0.32973 -0.089611 0.33138 0.12736 -0.01153 -0.0082781 0.012123 0.011304 0.010673 0.0051881 0.06158 0.0084981 -0.23253 -0.013789 0.38664 0.064385 0.29336 0.10092 0.29336 0.13871 -0.01451 0.0033979 0.01455 0.01117 0.0024572 0.0013482 0.0080076 0.0018265 -0.033587 -0.00062173 0.046674 0.01288 0.028714 -0.018756 0.029217 0.022516 -0.001401 -0.0027266 0.0015198 0.0027515
-0.00030666 -0.00021954 0.0023141 0.00054556 -0.0051914 0.0029231 0.01616 0.0039429 0.076952 -0.00096194 0.084046 0.001379 -0.0050045 0.0017047 0.0083274 0.005708 0.0018133 0.00011887 0.010144 0.0047998 -0.0028223 -0.0016107 0.12376 0.032875 0.47913 -0.029906 0.52172 0.051013 -0.031203 -0.0089684 0.048059 0.033105 0.0007346 0.0015222 0.012687 0.0039048 0.036081 0.012055 0.13155 0.039651 0.4418 0.0035063 0.4632 0.12635 -0.033148 0.0088061 0.04161 0.029393 -0.00042097 -1.9904e-05 0.0015157 0.00074155 -0.0016103 -0.0017142 0.018144 0.0026551 0.068091 -0.00037393 0.072607 0.001678 -0.0050899 0.0001524 0.0062656 0.0020246
-0.00059738 0.0047617 0.002555 0.0052362 -0.019389 0.032843 0.022505 0.034079 0.0094011 0.045601 0.10916 0.04803 0.00020745 -0.0011854 0.0049 0.0029962 0.0067084 0.017679 0.021513 0.051674 -0.1208 -0.04572 0.22637 0.23568 -0.036879 0.042343 0.72123 0.1601 0.040923 0.0077612 0.054828 0.014704 0.0045216 -0.027336 0.016148 0.034714 -0.037024 -0.0054633 0.062744 0.061289 0.16449 0.04029 0.48059 0.10884 -0.022476 0.049402 0.063613 0.063966 0.00093456 -0.00035475 0.0038609 0.0053144 -0.0013583 0.004404 0.010726 0.0092021 0.04815 0.004145 0.053858 0.0052879 -0.0063005 0.0019565 0.0063005 0.0019984
0.0010492 -0.00021796 0.0048912 0.00037276 -0.032448 -0.019597 0.046772 0.022728 0.030356 0.0089782 0.095461 0.019712 0.0014621 -0.00032236 0.0020997 0.00087318 -0.034114 -0.010164 0.042238 0.010676 -0.039026 -0.075592 0.13374 0.084846 0.43349 0.032438 0.52352 0.10183 -0.062241 0.032487 0.074595 0.034269 -0.035263 -0.0037412 0.037164 0.029266 0.057229 0.0077219 0.10481 0.04162 0.45824 -0.0056396 0.46247 0.074146 -0.043935 0.01352 0.074044 0.019002 -0.0046608 -0.0002242 0.0056287 0.00057838 0.00058462 0.0038226 0.019989 0.0076032 0.055662 -0.0043644 0.062504 0.012364 0.0023051 -0.0024433 0.012009 0.0035946
-0.00038025 -0.00012822 0.0079624 0.0015654 0.028808 -0.037483 0.054205 0.039707 -0.01464 -0.00070233 0.029637 0.0052169 0.0049307 -4.516e-05 0.0086061 0.00016093 -0.033899 0.0064801 0.054657 0.019152 0.31801 0.13003 0.46048 0.26006 -0.11167 0.0027028 0.16324 0.031125 0.038339 0.0021404 0.053017 0.0048979 -0.063285 0.085647 0.077428 0.091694 0.1795 -0.045978 0.61222 0.17324 -0.15993 -0.0079247 0.18313 0.034973 0.060987 0.0058731 0.061749 0.0071328 -0.0089449 0.00094048 0.0096723 0.000994 0.0095322 0.01578 0.099621 0.017801 -0.025035 0.0001132 0.028297 0.0023693 0.0098717 0.00011493 0.01007 0.00048253
0.00022759 -0.00036888 0.0035116 0.00056799 0.018618 -0.0030797 0.026192 0.0070836 0.0436 -0.00043009 0.054966 0.0073046 -0.0067231 -0.0026142 0.0067231 0.003192 0.0044933 0.00057895 0.015411 0.0061858 -0.010858 0.0037879 0.092118 0.021435 0.42897 -0.044234 0.5213 0.071457 -0.056295 0.0057023 0.076925 0.020396 0.0070033 -0.00094782 0.016464 0.0037715 -0.020612 -0.0081185 0.089053 0.023203 0.42068 0.033221 0.55204 0.051477 -0.040106 -0.0043394 0.061085 0.014566 0.00061559 0.00076751 0.0020448 0.00099379 -0.0039117 -0.00039181 0.013647 0.0042 0.06143 0.0057309 0.086672 0.010403 -0.0040729 9.7657e-05 0.0077385 0.0023145
-0.0018812 -0.0013111 0.012718 0.0067935 -0.013667 0.02738 0.077533 0.029792 0.059489 0.0057151 0.059489 0.021241 0.00097897 0.00041741 0.00097897 0.00056531 0.0024689 -0.020671 0.040957 0.041632 0.18677 0.11884 0.69091 0.24034 0.0634 -0.0012721 0.41043 0.095817 0.012969 -0.0023281 0.013055 0.0071999 -0.067157 0.060751 0.086474 0.061582 0.13075 0.0024415 0.21948 0.072218 0.0080032 -0.0044925 0.32505 0.077642 0.058315 -0.0096875 0.058315 0.011423 -0.0077582 0.0031416 0.012967 0.0039689 -0.027117 0.01145 0.047488 0.019071 0.0072039 -0.0022975 0.038117 0.0093009 0.011311 -0.003077 0.011313 0.003085
0.0004108 -0.00053015 0.0026329 0.001172 0.042277 -0.005461 0.044669 0.0063347 -0.043396 0.0029131 0.050907 0.0075962 0.00080983 -9.9201e-05 0.0033641 0.00018794 0.0060571 -0.0021735 0.021823 0.0086998 0.31129 0.0025511 0.34764 0.006782 -0.32406 0.02163 0.40579 0.050948 0.010817 -0.0015616 0.020411 0.0022058 0.016341 0.0026534 0.02245 0.0059854 0.30371 4.2194e-05 0.35325 0.024556 -0.30916 0.080579 0.39313 0.12145 0.027025 -0.0015737 0.031756 0.0062942 0.0036391 -0.00054497 0.0036745 0.00098975 0.040978 -0.0021317 0.048114 0.0030753 -0.039958 -0.01835 0.043416 0.02003 0.0039351 0.00025758 0.0052404 0.00039828
3.9013e-05 -0.00095113 0.0001819 0.0010881 0.074769 -0.013585 0.07713 0.015401 0.00060783 0.00015534 0.0010823 0.0005681 0 0 0 0 -0.00018783 0.013288 0.0016531 0.017106 0.50929 0.061058 0.51686 0.10581 0.0039549 -0.00077418 0.0057166 0.0015552 0 0 0 0 -0.0019886 -0.00024322 0.0028676 0.011675 0.46067 -0.017317 0.46744 0.069009 0.001831 0.00022824 0.001831 0.00022824 0 0 0 0 -0.0003559 -0.0016536 0.00050572 0.0023989 0.069654 -0.0036699 0.072075 0.0076914 0.00016029 -8.0584e-05 0.0005172 0.00038078 2.3973e-05 -8.0435e-05 2.3973e-05 0.0001078
0.0035948 -0.011493 0.0047076 0.011685 0.029227 -0.029319 0.075941 0.032326 -0.022204 -0.0010417 0.056154 0.0022747 -0.0061178 0.00051176 0.0072112 0.00071755 -0.0050407 0.010897 0.013954 0.013648 0.38039 0.024966 0.41861 0.045772 -0.16557 0.019899 0.34841 0.040621 -0.039468 0.00097621 0.046442 0.0091598 -0.0043026 -0.010445 0.010079 0.016096 0.37914 -0.025883 0.40207 0.036949 -0.1545 -0.0045995 0.4036 0.02408 -0.03829 0.00043733 0.045971 0.0061931 -0.00067326 0.0001642 0.00084769 0.00098721 0.057316 0.0023739 0.058345 0.003062 -0.022473 0.00054778 0.058357 0.0031126 -0.0051553 -0.0002166 0.0062096 0.00057066
0.0014879 0.0013789 0.0040699 0.0014603 0.0019783 -0.00058635 0.015721 0.003304 0.057257 -0.00031267 0.079076 0.0028427 -0.0024188 -0.00057441 0.008747 0.0022636 -0.006352 0.0035109 0.02971 0.0054155 0.012462 -0.0010935 0.12387 0.022992 0.39184 0.011348 0.53184 0.14189 -0.0036802 -0.0019011 0.038052 0.022942 -0.0066618 -0.0030837 0.039324 0.0049354 -0.011417 0.0079747 0.11108 0.026992 0.41154 -0.0096395 0.56285 0.03291 -0.011728 -0.0025875 0.023789 0.019165 0.0016874 -0.00066639 0.0044033 0.00074344 -0.0021034 0.00041239 0.013839 0.0031793 0.050631 -0.0078074 0.090231 0.010826 -0.003821 -0.00025152 0.0039445 0.0033591
0.0012277 -0.00043546 0.0017726 0.0033766 0.11561 -0.017237 0.1207 0.022512 -0.040201 -0.016453 0.10372 0.043169 0.011094 -0.00049413 0.028887 0.0011525 -0.0038565 0.0085902 0.0091182 0.023416 0.11112 0.10339 0.1479 0.27283 0.15539 -0.15437 0.4602 0.45135 0.013449 0.0060488 0.15792 0.021798 0.001038 -0.0055371 0.0051226 0.016082 0.080905 -0.088838 0.13792 0.18012 0.20906 -0.064169 0.42057 0.16614 -0.0189 0.0010225 0.14638 0.007167 -0.00031355 0.00017493 0.00051708 0.00039763 0.0048465 -0.0023376 0.0070481 0.006121 0.044103 0.0077559 0.060314 0.013695 -0.0062572 -3.2912e-05 0.015868 0.0017442
-0.0019007 0.00090465 0.0034243 0.0015146 0.048828 -0.0049356 0.069565 0.0092162 -0.041226 -0.0014896 0.054272 0.0025325 -0.00093798 -0.00011584 0.0040704 0.00038152 -0.011302 0.0015355 0.022192 0.0021122 0.34141 -0.0041923 0.41955 0.038636 -0.30149 -0.013019 0.37527 0.026344 -0.0025822 -0.00034029 0.023155 0.002988 -0.010794 0.00018521 0.01943 0.0020085 0.32868 0.0031603 0.34833 0.061889 -0.30071 0.016016 0.35521 0.026139 -0.0026112 -8.8291e-05 0.02374 0.0029375 -0.0016935 7.1001e-06 0.0026505 0.00030776 0.048149 -0.0047661 0.052056 0.0087675 -0.03899 0.00097937 0.039649 0.0068819 -0.00044961 0.00020835 0.0025694 0.00097304
