-0.0014497 0.010681 0.0030222 0.017878 0.0024479 0.05358 0.011953 0.11836 -0.0058577 -0.0022052 0.011597 0.076436 0.0013339 -0.0085323 0.001765 0.010105 -0.0033449 -0.02344 0.0064275 0.042201 0.19818 0.0098638 0.37932 0.34554 -0.18161 0.086023 0.19301 0.21767 -0.0017276 0.0089051 0.0031316 0.014009 0.0010918 0.029604 0.0061926 0.037905 0.24132 0.027606 0.28407 0.41271 -0.16965 0.061851 0.17454 0.40583 -0.0048629 0.019525 0.0050297 0.050589 0.00075578 -0.0045038 0.0016423 0.0051931 0.0030094 -0.024211 0.0049341 0.024792 -0.0031345 -0.027536 0.0039278 0.027828 -0.00054608 -0.0030311 0.00090314 0.0037635
0.00077833 -0.0024313 0.0016073 0.0039381 -0.0039182 -0.012698 0.0040233 0.024304 0.045616 -0.0042971 0.045616 0.0083489 0 0 0 0 0.0083015 -0.03643 0.010496 0.043634 -0.016716 -0.23822 0.022474 0.27208 0.41108 -0.088163 0.41108 0.10051 0 0 0 0 0.041449 0.0086221 0.042258 0.044206 0.0058197 0.19999 0.0363 0.33036 0.40099 0.077877 0.40099 0.11678 0 0 0 0 0.0026883 0.0079823 0.0031383 0.0083053 -0.0025486 0.020194 0.00628 0.021676 0.052663 0.0089525 0.052663 0.010262 0 0 0 0
0.0001801 0.00064655 0.0005571 0.0020743 -0.004361 0.0032598 0.0048851 0.013027 0.042516 0.005372 0.042516 0.0099489 0 0 0 0 0.00035016 -0.030954 0.0030541 0.031664 0.0028258 -0.22595 0.023769 0.22794 0.41456 -0.052196 0.41807 0.082865 0 0 0 0 0.0059355 0.027244 0.014293 0.045109 -0.018955 0.22855 0.044468 0.3183 0.41104 0.106 0.41162 0.13584 0 0 0 0 0.00016862 -1.5149e-05 0.002957 0.0068596 0.0017629 -0.0073924 0.006601 0.029391 0.055468 -0.0027252 0.05548 0.0093033 0 0 0 0
-0.00024217 2.7228e-05 0.00034718 0.001255 -0.0028493 -0.00046968 0.0033019 0.0075415 0.047242 -0.0026003 0.047242 0.0032262 0 0 0 0 -0.00082474 -0.035546 0.0025177 0.043602 -0.027352 -0.24118 0.031187 0.31725 0.40997 -0.11139 0.40997 0.13456 0 0 0 0 -0.000751 0.026947 0.001632 0.026947 -0.011802 0.20414 0.02881 0.20414 0.4279 0.064711 0.4279 0.06657 0 0 0 0 4.5012e-05 0.00049582 0.00033712 0.001896 -0.0032812 -0.0010629 0.0051993 0.0092822 0.04594 -0.0022677 0.047095 0.0041826 0 0 0 0
0.0020382 0.00054854 0.0037311 0.0010944 0.014611 0.0019961 0.091401 0.010036 0.024496 0.0018373 0.028359 0.0056247 -0.0018796 -0.00055884 0.0019959 0.00059092 0.012756 -0.0042888 0.020549 0.0094189 0.030137 -0.16531 0.48082 0.19377 0.27321 -0.08313 0.29098 0.095749 -0.016248 -0.0023198 0.018489 0.0026585 0.03544 0.0066097 0.04155 0.0095864 0.021103 0.16824 0.48256 0.22349 0.24911 0.071401 0.33843 0.11097 -0.010968 -0.00040029 0.013415 0.0021119 0.0020307 0.0015388 0.0086534 0.0071285 0.0172 0.0067071 0.073507 0.013342 0.013568 0.0037825 0.029837 0.0067894 0.00010742 -0.00022706 0.00080999 0.00050186
-0.0077442 -0.00026689 0.014387 0.00070415 0.028569 -0.0021783 0.076426 0.0068769 0.0079718 -0.0015129 0.0381 0.0031788 -0.00095605 -0.0001348 0.00099337 0.00025112 -0.040205 -0.0033671 0.08562 0.012958 0.010233 -0.062501 0.30224 0.20737 0.33953 -0.084954 0.35854 0.087856 -0.0056839 -0.00037291 0.0089544 0.0017553 -0.03013 -0.0034064 0.065251 0.0079366 0.070497 0.18759 0.55225 0.20538 0.17635 0.10387 0.35927 0.10929 -0.0060637 0.00072708 0.0076612 0.00166 -0.0031563 1.6044e-06 0.0065149 0.00068503 0.024832 0.0050394 0.076452 0.0063377 0.0050137 -6.2837e-05 0.054163 0.0024942 -0.00090188 -4.2852e-05 0.0019612 0.00019545
-0.0013094 -0.0002167 0.0014181 0.00064655 0.02185 -0.011377 0.028945 0.0118 0.051228 -0.010984 0.063206 0.020571 0.00015755 -0.00016008 0.003264 0.001898 -0.01348 0.0036654 0.013511 0.0048137 0.026184 0.0068978 0.041408 0.017722 0.41317 -0.080933 0.53752 0.12623 0.014277 -0.0058162 0.040658 0.01889 -0.0065378 0.00016612 0.010582 0.011918 0.14843 0.31249 0.24646 0.32226 0.24182 0.18428 0.28484 0.20312 -0.0092511 0.0037091 0.017801 0.0093676 0.0016093 0.0018203 0.0020333 0.0020802 0.037738 -0.0099403 0.039071 0.020174 0.00038456 -0.0011199 0.014542 0.010555 -0.0012221 0.0002575 0.0024744 0.00072335
7.5713e-05 -0.00044139 0.0010065 0.0010536 0.05293 -0.050514 0.055642 0.053229 0.024151 -0.01958 0.040637 0.047846 -0.00029859 0.00071483 0.0021706 0.0037866 -0.0062877 0.011395 0.0088658 0.012903 0.28484 0.22463 0.32237 0.25136 0.27663 0.067098 0.30525 0.18455 -0.0065732 -0.0010475 0.011532 0.018618 -0.013114 -0.0024327 0.016277 0.012978 0.4155 -0.11078 0.43508 0.16517 0.056142 -0.11591 0.095147 0.2037 0.00016458 -0.0037939 0.0088194 0.019975 -0.0021187 0.0016774 0.0026656 0.0044519 0.032642 0.011074 0.042823 0.017578 0.0096332 -0.018221 0.022402 0.042468 0.0026369 -0.0050856 0.0026944 0.0052704
-0.0085701 0.0020406 0.011007 0.0029683 0.017228 -0.0073167 0.036983 0.013951 0.050156 -0.0098835 0.071904 0.024059 0.00056964 0.00030762 0.003567 0.0020766 -0.050484 -0.0019853 0.054064 0.01979 -0.02338 -0.0042331 0.083038 0.035352 0.48018 -0.10154 0.55674 0.12914 -0.017037 0.0037489 0.030848 0.015194 -0.031733 -0.012012 0.045662 0.031578 0.20503 0.18247 0.28915 0.22341 0.18995 0.17819 0.27796 0.20081 0.0093753 -0.0054436 0.032063 0.0128 -0.0076758 0.0040614 0.0083947 0.0042931 0.033689 0.0074356 0.050895 0.032502 0.014945 -0.008946 0.024493 0.013551 -0.0004445 0.0014871 0.002528 0.0020293
-0.0056887 0.0017582 0.0068499 0.0019816 -0.010102 -0.0064319 0.039587 0.012733 0.037308 -0.012048 0.08705 0.015098 0.00059987 -0.00051287 0.00076911 0.00058831 -0.0073957 0.0017675 0.015815 0.0065571 -0.26373 -0.0038799 0.32113 0.057209 0.38089 -0.049936 0.53218 0.12521 -0.0038737 -0.0033811 0.014052 0.0063053 -0.019341 0.0025266 0.019527 0.0063396 -0.090295 0.084237 0.354 0.18632 0.21914 0.090483 0.30865 0.15786 0.0063154 0.011155 0.026272 0.022461 -0.00094176 -0.00091716 0.0016264 0.0020303 -0.012563 0.028636 0.030788 0.029037 0.040349 0.04902 0.040349 0.057906 0.0015485 0.0033991 0.0015485 0.0033991
-5.2399e-05 -0.00085272 0.00033433 0.0014967 -0.0059444 -0.0028188 0.0059976 0.014413 0.065466 -0.00035072 0.068689 0.002848 0 0 0 0 0.00084127 -0.0022502 0.0038129 0.032523 -0.033916 0.0073521 0.036952 0.32983 0.41396 0.020388 0.41722 0.14615 0 0 0 0 -0.0034198 0.0058501 0.0053117 0.032577 -0.050251 0.0055358 0.084663 0.31214 0.41621 -0.014435 0.4265 0.20004 0 0 0 0 4.7267e-05 0.0014717 0.001579 0.0034244 -0.0048126 0.018589 0.0051793 0.026818 0.055332 0.0062001 0.055516 0.0093878 0 0 0 0
-0.00064071 0.00059392 0.0014093 0.0046167 0.0054717 0.0031573 0.05954 0.015715 0.015379 -0.0022893 0.072195 0.0094893 0.0051233 0.00019564 0.0096398 0.000456 -0.00023388 -0.0054355 0.013599 0.008035 -0.080253 -0.068349 0.5512 0.10451 0.16354 -0.13912 0.37821 0.19436 0.03245 -0.015002 0.03592 0.017633 0.0077657 -4.9995e-05 0.020819 0.0040874 -0.096068 -0.0096207 0.41181 0.10463 0.085673 0.1699 0.3825 0.21 0.06301 0.0071687 0.06301 0.014333 0.00019223 0.0012042 0.0023455 0.0013357 0.020948 0.010365 0.06761 0.018061 0.0060048 0.0014114 0.060794 0.010231 0.0065171 0.00044608 0.0065261 0.00047007
-5.7578e-05 0.00077688 0.00041016 0.0022917 -0.0030876 0.0051533 0.0060511 0.015947 0.059445 0.0021728 0.05988 0.0054838 0 0 0 0 -0.010285 -0.01014 0.012142 0.043551 0.0050331 -0.16275 0.040924 0.21237 0.45163 -0.068841 0.45163 0.082323 0 0 0 0 -0.0055977 0.018282 0.0093187 0.026555 -0.027734 0.22444 0.053197 0.27884 0.40885 0.091688 0.40885 0.10116 0 0 0 0 -0.00043923 -0.0015611 0.00081569 0.0065938 -0.00014866 -0.015809 0.010724 0.059028 0.059525 -0.0085821 0.059652 0.024585 0 0 0 0
0.0012034 -0.0030529 0.0023056 0.0041488 -0.001559 -0.032183 0.041246 0.042757 0.018269 -0.036229 0.026378 0.045717 -0.00033631 -0.0060421 0.0011431 0.010758 -0.014774 0.0021252 0.021978 0.0034769 -0.10751 -0.14669 0.38247 0.19658 0.23078 -0.10623 0.29668 0.15036 -0.012654 0.0018188 0.013125 0.0035362 -0.046199 -0.0026589 0.055238 0.0048433 -0.16032 -0.034653 0.45364 0.088222 0.36207 0.082827 0.43332 0.11323 -0.0026195 -0.00032297 0.003086 0.0047039 -0.0089888 -0.00033745 0.0092439 0.00048301 -0.022134 -0.0015621 0.050099 0.0091312 0.059432 0.0027781 0.073907 0.0056569 -0.00065162 -0.00011875 0.00070294 0.001113
0.0051062 -0.0092445 0.0058407 0.010445 0.013212 -0.021498 0.030318 0.056151 0.0031228 -0.0078506 0.010189 0.034827 -0.00078217 -0.0011796 0.0020419 0.0053849 -0.0075082 0.0058103 0.0082942 0.011942 0.47456 -0.012467 0.47661 0.3074 -0.0067029 0.0061548 0.050966 0.13577 0.00086601 -0.00055492 0.010692 0.020577 -0.023436 0.012728 0.0297 0.026816 0.30599 -0.16255 0.34518 0.20418 0.040909 -0.20387 0.067833 0.27927 0.020201 -0.013524 0.022981 0.027139 -0.003386 0.0084192 0.0053074 0.0090028 0.022474 0.03895 0.048215 0.057732 0.0049334 0.035875 0.02826 0.059705 0.0060246 0.0071405 0.008298 0.007363
-0.0037927 -0.0088384 0.0037927 0.0088384 -0.020154 -0.063033 0.042859 0.063033 0.0050994 -0.017074 0.022924 0.021761 0.0003964 0.0013369 0.00074459 0.002246 -0.005708 -0.0025249 0.018061 0.014038 -0.22547 -0.11283 0.4241 0.21955 0.27158 -0.1585 0.32181 0.19433 0.019801 -0.0014585 0.021826 0.010432 -0.04136 -0.0069003 0.064045 0.016686 -0.14849 -0.16416 0.2636 0.21545 0.33979 0.077145 0.35987 0.15266 0.0091388 -0.0033471 0.022324 0.015541 -0.0048611 0.0011113 0.0069715 0.0019749 -0.0091098 0.0086482 0.03829 0.012012 0.050834 -0.0027506 0.063674 0.018284 0.00096397 -0.000246 0.0025502 0.00075131
-0.0032465 -0.0010991 0.016132 0.0022149 -0.0048527 -0.01252 0.048207 0.02979 0.025481 -0.024083 0.03507 0.038013 0.0016417 -0.00020641 0.0017315 0.00025805 0.030808 -0.0035506 0.075875 0.009794 0.1432 0.074859 0.45022 0.13243 -0.061302 0.21459 0.4065 0.26949 0.017533 -0.0038317 0.017807 0.0049877 0.067479 -0.0082002 0.069307 0.017904 0.20197 -0.019908 0.47794 0.093383 -0.11403 0.0024297 0.36489 0.054129 0.045496 -0.0054703 0.045496 0.0067433 0.0041093 0.0006738 0.0070797 0.0026533 0.040346 0.000836 0.070989 0.0099244 -0.020888 0.004734 0.045683 0.0089068 0.0051053 -0.00057905 0.006751 0.00084101
0.002956 0.0017208 0.0038603 0.0019985 -0.00058094 -0.0021175 0.080537 0.016268 0.021343 0.0015525 0.055673 0.016768 -0.0012164 -7.0879e-05 0.0072997 0.00090698 0.065723 0.0093273 0.067797 0.015554 0.15745 0.015999 0.58792 0.14185 -0.084462 -0.018605 0.32473 0.076483 0.030612 0.0051794 0.034623 0.0069654 -0.014801 -0.0014559 0.099084 0.021581 0.080759 -0.11387 0.40531 0.23688 0.12834 -0.16012 0.30491 0.26711 0.0094621 0.0038632 0.0099062 0.0043821 -0.0051837 -0.0014479 0.010861 0.0030485 -0.011438 0.024687 0.073864 0.032632 0.03498 0.014924 0.044569 0.019443 0.0011458 0.00027625 0.0013941 0.00043455
-0.0015107 -0.00090776 0.0021262 0.00092564 0.0015141 0.0019526 0.078073 0.01046 0.035125 -0.0058169 0.047146 0.0061369 0.00021469 -0.00011518 0.00057137 0.00035084 -0.011742 -0.0020636 0.017428 0.006259 -0.079885 0.0030163 0.59376 0.093354 0.28179 -0.04731 0.38002 0.055047 0.0038589 -0.00037872 0.0043181 0.0022816 0.033257 0.0042114 0.044517 0.0094426 -0.099963 0.090806 0.45437 0.10368 0.21482 0.032629 0.31322 0.070772 0.0011063 -0.0021185 0.0037729 0.0023804 0.013893 0.00084358 0.014606 0.0013175 -0.010939 -0.00090178 0.041314 0.0052694 0.013672 0.0009178 0.039109 0.0042743 -0.00070849 -0.00011605 0.0013943 0.00051212
0.0075906 -0.011345 0.0088828 0.014291 0.0056539 -0.012895 0.015881 0.043921 -0.0084683 0.010576 0.013835 0.029524 0.0022763 -0.0010152 0.003697 0.0048821 -0.016458 0.011398 0.020177 0.022415 0.41439 -0.073574 0.44119 0.31954 -0.025761 -0.011191 0.072251 0.1492 0.056766 0.031429 0.065762 0.038381 -0.049723 0.034077 0.050414 0.042508 0.26923 -0.064528 0.37025 0.28268 0.1582 -0.075463 0.22096 0.29496 0.040097 0.015659 0.040097 0.015659 -0.00251 0.0014524 0.0028456 0.0021057 0.0032648 0.032488 0.022863 0.0489 0.042884 0.023976 0.047735 0.042637 0 0 0 0
0.0038189 0.00019024 0.0074232 0.00081773 -0.020982 0.0012149 0.03615 0.0085582 0.022389 0.0057082 0.062396 0.0058047 0.0012197 0.00011376 0.007502 0.00031891 0.012719 -0.0021356 0.033598 0.007301 -0.07811 -0.060062 0.44432 0.17267 0.1036 -0.051159 0.48512 0.14335 0.0089977 -0.00076456 0.052903 0.002083 -0.0020716 -0.014439 0.044643 0.047559 -0.13805 0.039115 0.45806 0.075198 0.22294 0.017199 0.42234 0.037528 0.0077462 0.00063211 0.052361 0.0021808 -0.0010084 0.00026143 0.0038492 0.00070709 -0.023799 -0.0031922 0.065298 0.0079752 0.027297 -0.0030165 0.065511 0.0054006 0.0014192 8.7672e-05 0.0075997 0.00025161
-0.0057661 -0.0053611 0.0083297 0.0058775 0.010922 -0.013527 0.081293 0.033392 0.040729 -0.019389 0.057725 0.031734 0.0035989 0.0011408 0.0038342 0.0030046 -0.018427 -0.0047923 0.021207 0.011223 0.18411 -0.035378 0.26053 0.11073 0.23113 -0.059762 0.45047 0.14163 0.0098408 -0.0033012 0.020438 0.015518 0.01244 -0.0039596 0.018052 0.013044 -0.020257 0.067163 0.17932 0.24351 0.41641 0.17931 0.49132 0.19181 -5.0937e-05 0.0018139 0.015026 0.011258 0.0012757 -0.00029672 0.0014092 0.00073585 0.028249 0.0051019 0.029407 0.011679 0.045189 -0.010563 0.055011 0.016915 -0.0011017 0.001087 0.0017344 0.0013037
-0.004266 0.0012827 0.0052645 0.0012911 -0.0275 -0.0070675 0.065727 0.015076 0.022567 0.011226 0.051155 0.012116 0.0086513 0.00049158 0.0093418 0.00080508 -0.023059 -0.0075554 0.034707 0.010647 -0.13393 -0.058839 0.35773 0.1923 0.13873 -0.03452 0.45626 0.12911 0.058819 0.00023339 0.062138 0.0029538 -0.055772 0.0050311 0.062016 0.038938 -0.15491 0.029077 0.24158 0.1249 0.25801 0.029801 0.59183 0.052161 0.055052 0.004096 0.06219 0.0047636 -0.0035436 7.9508e-07 0.004083 0.00041275 -0.03352 -0.0036172 0.059886 0.0099466 0.039554 0.0055111 0.094125 0.0089483 0.0062368 0.00014721 0.0077471 0.00058754
-0.002715 -0.001958 0.0036098 0.0024249 0.031068 -0.022046 0.05941 0.034954 -0.0032253 -0.028674 0.031432 0.033603 -0.000232 -0.0066698 0.0043245 0.0066751 -0.028124 -0.0023384 0.031827 0.0046494 0.25132 0.038384 0.43358 0.059749 -0.12498 -0.048896 0.25235 0.12184 0.0043087 0.00050025 0.025371 0.0082989 -0.041626 -0.019368 0.045056 0.02201 0.0023856 -0.2592 0.27041 0.28383 0.13164 -0.17554 0.4963 0.30162 0.017382 0.0053809 0.027926 0.013597 -0.0015813 -0.0044029 0.0034062 0.0054627 -0.0059661 0.00063499 0.0082567 0.0085656 0.057847 0.010329 0.13891 0.013765 0.00023961 -0.00079683 0.0042571 0.0023772
0.00060145 -0.0063513 0.0028372 0.00677 0.027003 -0.10624 0.049203 0.10624 0.013542 -0.10213 0.016656 0.10213 0.0015238 -0.0046975 0.0015238 0.0046975 -0.028398 -0.001028 0.038417 0.0068506 0.19646 0.046547 0.46072 0.083048 -0.070278 -0.028002 0.30047 0.09215 -0.0017569 -0.017307 0.023562 0.024731 -0.031986 -0.039328 0.042968 0.040431 0.0058792 -0.28554 0.3646 0.32332 0.20963 -0.12544 0.3832 0.19983 0.0030786 0.0036314 0.023614 0.0046692 0.0019761 0.00039804 0.002575 0.0011373 0.037929 0.013056 0.051585 0.016396 0.025361 0.015262 0.079689 0.025456 0.0031705 0.00098877 0.0035264 0.00098877
0.0022619 0.00070927 0.0043577 0.00083153 -0.0019826 -0.016356 0.052329 0.026725 0.012645 -0.0034828 0.045086 0.012977 -0.0013085 0.00019346 0.0015659 0.00032871 -0.028762 -0.011813 0.063094 0.018326 -0.10453 -0.20425 0.23878 0.20461 0.37054 -0.091944 0.41062 0.11318 -0.0071321 0.0016253 0.013441 0.0027046 -0.083563 -0.013513 0.11361 0.017361 0.021751 0.021384 0.1012 0.10528 0.39626 0.082024 0.51297 0.18046 -0.0040002 0.00063722 0.015576 0.0038547 -0.0064384 0.00061277 0.012828 0.0021736 0.01659 0.0093219 0.028104 0.010272 0.04992 0.008353 0.056236 0.0093607 -0.0014036 -6.887e-05 0.002304 0.00042303
-0.013323 -0.00043433 0.01412 0.00085758 0.031822 0.0022611 0.053332 0.0054179 0.0075811 0.00087934 0.10902 0.0086173 0.00045725 3.5188e-05 0.009445 0.00045851 -0.077782 -0.008978 0.077782 0.013776 0.019034 -0.043988 0.17324 0.061258 0.24646 -0.036502 0.63702 0.085639 0.0053096 -0.00088456 0.064876 0.0020181 -0.066394 -0.0056054 0.069497 0.022599 -0.0468 0.052541 0.10553 0.13963 0.28944 0.038576 0.55407 0.064887 0.0043448 -0.00023789 0.061164 0.0026171 -0.0072019 0.0022312 0.0079457 0.0030185 0.0018648 0.029403 0.036341 0.029666 0.031417 0.01806 0.070028 0.025807 0.0026457 -8.7872e-05 0.0072826 0.00086652
-0.0034376 0.00059925 0.0037136 0.00090793 0.016269 -0.0087235 0.021632 0.012011 0.041397 -0.0070575 0.084982 0.018115 -0.0021574 0.00029721 0.0071219 0.0016445 -0.0077762 0.0070214 0.026834 0.015019 -0.089545 -0.018936 0.16712 0.32165 0.38301 -0.050719 0.54671 0.090392 -0.02 0.0071161 0.035674 0.012582 -0.010457 -0.0063169 0.021911 0.016631 0.03805 0.10074 0.23274 0.1385 0.31808 0.082203 0.41771 0.11046 -0.031311 0.0060535 0.034952 0.00718 -0.0054591 0.0058003 0.0076496 0.005931 0.027772 0.017345 0.073407 0.017371 0.016066 0.0032342 0.022809 0.010617 -0.0042915 0.0010515 0.0043674 0.0011351
-0.0053896 -0.00086336 0.0087001 0.0012174 0.044372 0.0016795 0.078324 0.0057108 0.0015522 -0.0087192 0.061961 0.01017 0.00083389 -0.00014027 0.00084453 0.00036264 -0.044821 -0.0061572 0.05909 0.010441 0.40872 0.0051962 0.46192 0.034864 -0.081917 0.070598 0.46499 0.12647 0.00076213 -0.0024422 0.0045405 0.003123 -0.02691 -0.0077932 0.027561 0.014447 0.38248 0.029907 0.39419 0.081975 -0.039563 -0.0057175 0.1944 0.042452 -0.0071392 -0.0025682 0.016637 0.005726 0.0065123 0.0048585 0.0085175 0.00545 0.0050777 0.025065 0.028942 0.028785 0.005104 -0.002723 0.036169 0.0063189 -0.0018699 -1.242e-05 0.0029254 0.00071005
0.00012292 -0.00046356 0.0025837 0.0010425 -0.012514 -0.010326 0.073443 0.017316 0.049251 0.0019677 0.067221 0.0036902 -0.00099303 -0.0003416 0.0018493 0.00034433 -3.8422e-06 -0.0012363 0.015063 0.0047467 -0.068538 -0.062759 0.3512 0.16009 0.35962 -0.0070981 0.48047 0.024511 -0.01236 0.0010744 0.012599 0.0027143 0.0032744 0.0012074 0.017823 0.0087897 -0.051611 -0.0040239 0.22193 0.15328 0.36673 0.026007 0.49733 0.04212 -0.011862 0.00033696 0.012104 0.0022775 -0.0009216 0.00029055 0.0013217 0.00068131 0.0007265 0.001699 0.0032161 0.0021744 0.052966 -0.0029509 0.068825 0.007845 -0.0020608 -0.00014035 0.0021236 0.00072794
-0.0074479 -0.005321 0.014415 0.0060053 -0.011566 0.00049188 0.032712 0.005401 0.036058 0.0028594 0.059089 0.0057072 0.002763 0.00013684 0.0056252 0.00046293 -0.035605 0.020713 0.045621 0.021479 -0.13318 0.026411 0.2867 0.097058 0.21887 -0.012506 0.46449 0.053179 0.0066034 -0.00071071 0.055777 0.0038539 -0.0063436 0.0015945 0.024834 0.0060835 -0.18707 -0.038414 0.4609 0.07758 0.24244 0.032065 0.51779 0.092735 -0.0045781 0.0003512 0.058206 0.0035983 0.0022023 0.00030249 0.0080313 0.00050278 -0.024811 0.00084246 0.041645 0.001874 0.036533 -7.7848e-05 0.10001 0.0095002 -0.0018736 -9.0311e-05 0.0073945 0.00029556
1.5089e-06 -0.0027486 0.00079587 0.0099685 -0.0080171 -0.032085 0.012909 0.046049 0.08376 -0.012577 0.08376 0.012989 0 0 0 0 -0.0025888 -0.0031854 0.0070381 0.035027 -0.035872 0.016783 0.069115 0.23171 0.46212 -0.035214 0.46212 0.12123 0 0 0 0 -0.0037169 0.011327 0.0056305 0.032227 -0.037038 0.074398 0.055676 0.17999 0.45767 0.030336 0.45767 0.060348 0 0 0 0 -0.00028152 -0.0024945 0.00071708 0.0058277 -0.0047531 -0.015602 0.0063279 0.035042 0.066722 -0.005362 0.066722 0.013259 0 0 0 0
-0.0067008 -0.0030959 0.0079012 0.0045418 0.058099 -0.018545 0.08499 0.028226 0.0083471 -0.00050685 0.017869 0.013476 0.0015965 -0.0017374 0.0017934 0.0040794 -0.00024501 -0.014526 0.028004 0.017703 0.43155 0.10358 0.51056 0.22951 0.016649 0.032731 0.13273 0.085302 0.011822 -0.0021038 0.024673 0.014329 0.0063282 0.0017387 0.017557 0.006297 0.39156 -0.038295 0.44794 0.12566 0.072621 -0.027287 0.20795 0.12834 0.0037053 -0.0020387 0.019623 0.010164 -0.0032688 0.0016328 0.0055905 0.0024519 0.027967 -0.0038545 0.066185 0.021835 0.037042 -0.016463 0.054181 0.023622 -0.00091692 0.00033178 0.0017921 0.00099257
0.00066089 0.00028727 0.0021087 0.00090269 -0.0028014 0.0092918 0.019759 0.01422 0.027042 0.0009534 0.06731 0.0034644 -0.0013934 -4.3903e-05 0.0020752 0.00019027 0.018343 -0.015216 0.041668 0.055359 -0.16768 -0.23452 0.23707 0.58237 0.28104 0.007117 0.3971 0.055484 -0.010068 0.00022117 0.01441 0.0020718 -0.0014691 -0.0018948 0.030672 0.0032131 -0.0053956 0.013635 0.036234 0.04076 0.29852 0.023127 0.40335 0.082482 -0.0056418 -0.0025126 0.027403 0.0036915 0.00021436 0.0003239 0.0041464 0.0010173 -0.0017861 0.0021077 0.0061914 0.0065275 0.043481 0.0076273 0.06196 0.0079781 -0.00091661 -0.00025089 0.0032382 0.00069088
-0.0053597 4.7043e-05 0.0097421 0.0015531 -0.010752 -0.004801 0.018556 0.021857 0.054677 0.0017581 0.07498 0.0058899 -0.0044079 -6.8997e-05 0.0069228 0.00042667 -0.053761 0.0068632 0.099966 0.012067 -0.027581 -0.0086553 0.082704 0.047003 0.37085 -0.025525 0.52086 0.05002 -0.027593 0.00072822 0.040259 0.0058574 -0.032709 -0.016114 0.076552 0.020231 0.038888 0.080076 0.26584 0.17174 0.26641 0.013598 0.58767 0.075298 -0.021571 0.0024408 0.032443 0.004751 -0.00046357 -4.2651e-05 0.002477 0.00014503 0.024326 -0.0011984 0.040327 0.0098525 0.018246 -0.001364 0.10322 0.0083096 -0.0030389 2.3851e-05 0.0042599 0.00022306
0.0099157 -0.0011152 0.010189 0.0014784 0.038373 -0.0029172 0.077363 0.017269 -0.017637 0.0069384 0.06829 0.014764 0.0038833 -0.0013256 0.0039598 0.0014667 0.062469 0.0063568 0.079597 0.015133 0.2484 0.044766 0.50907 0.07371 -0.12691 0.023602 0.4203 0.036922 0.040748 -0.00024847 0.040961 0.0029685 0.02484 -0.012547 0.043262 0.015841 0.29877 -0.040898 0.43264 0.077287 -0.13743 -0.0090558 0.35175 0.068714 0.049024 -0.0038732 0.049024 0.0055581 0.00010933 -0.00095293 0.00082504 0.0014118 0.05292 0.0047533 0.07186 0.012049 -0.021202 0.0035304 0.042512 0.0099418 0.0087945 -0.00053379 0.0089078 0.00059078
-0.00081535 0.00067367 0.0025567 0.0020937 0.0097825 -0.019852 0.062379 0.035117 0.062786 -0.00063344 0.071094 0.010045 -0.0012386 0.00065651 0.0025455 0.0014777 0.017329 -0.0076565 0.018123 0.013148 0.40151 0.093704 0.54438 0.2537 0.020622 0.081872 0.20645 0.10368 0.0058003 -0.0022486 0.016355 0.013892 0.0109 0.0021489 0.011561 0.0030853 0.36026 0.0042592 0.38521 0.13428 0.10917 -0.047123 0.23827 0.1231 0.0043667 0.0015581 0.01108 0.0088765 0.0015006 -0.00039692 0.0032077 0.0012047 0.010642 0.0049107 0.055991 0.015969 0.046257 -0.021508 0.056167 0.024804 -0.0006726 0.00031061 0.0015932 0.0008122
-0.00067887 -0.0012389 0.0019212 0.001639 0.061171 0.0029739 0.062114 0.0083629 -0.023892 -0.0033693 0.030652 0.0038507 0.00069318 -0.00021623 0.0051788 0.00023228 -0.0045701 0.0023016 0.013742 0.010921 0.43733 0.029606 0.43936 0.058294 -0.18569 0.024071 0.22279 0.045384 0.0054629 0.00073936 0.034048 0.0013138 -0.0074393 0.0060574 0.016348 0.015715 0.44804 -0.0074147 0.45791 0.032402 -0.19988 0.00058293 0.22193 0.034099 0.0075314 0.00050507 0.034246 0.00080108 0.0024159 -0.0011743 0.0039397 0.0059655 0.055935 -0.0051529 0.073702 0.0099585 -0.025869 0.0017858 0.026293 0.0056405 0.00048666 1.696e-05 0.0051053 0.00064502
0.0028528 0.00055422 0.0029935 0.0010603 -0.021226 0.010944 0.028324 0.011251 0.048533 0.0014189 0.06796 0.0023737 -0.0014618 -0.00018802 0.002954 0.00028213 0.032975 -0.025789 0.036222 0.085784 -0.2482 -0.20708 0.27466 0.38832 0.34184 0.0039504 0.45271 0.033756 -0.0090669 0.0012974 0.022194 0.0014399 0.0071165 -0.001664 0.02175 0.0072258 -0.0056684 0.00074578 0.045777 0.031225 0.33441 -0.0032268 0.44811 0.058329 -0.0054843 -0.0021025 0.025929 0.0027082 0.0011771 -4.3949e-05 0.0029536 0.0011099 -0.0010406 -0.0011998 0.0051309 0.0041883 0.046316 0.00027832 0.06416 0.0068723 -0.0006325 3.286e-05 0.0031318 0.00051255
-0.0091125 -0.0040776 0.014151 0.0057652 -0.010453 0.0037366 0.053352 0.0058237 0.04143 -0.0046086 0.091717 0.015278 0.0086791 -0.00039169 0.0091505 0.00072196 -0.069976 0.022704 0.099144 0.023172 -0.14538 0.020848 0.32188 0.10592 0.26471 -0.021469 0.5264 0.059963 0.047279 -0.0045811 0.04821 0.0053081 -0.029536 0.001873 0.038311 0.0066244 -0.13601 -0.03017 0.41661 0.10961 0.23378 0.041338 0.43488 0.095028 0.021784 -0.00060511 0.049879 0.0030398 0.0017422 0.00098341 0.0078495 0.0013667 -0.025256 -0.00054904 0.045294 0.0069507 0.038982 -0.0037852 0.091692 0.019913 -0.00045737 -0.00016089 0.010068 0.00075489
-0.0013024 -0.0019378 0.0027994 0.0038175 0.0080388 0.0023089 0.02749 0.025993 0.03403 0.014633 0.05642 0.022805 -0.00291 -0.00021926 0.0032875 0.0010775 0.0030858 0.004731 0.013762 0.0064876 -0.020261 0.071092 0.27483 0.12837 0.31171 0.062898 0.43491 0.21192 0.0093446 -0.0033637 0.026927 0.0082698 -0.046911 0.042721 0.063794 0.044653 -0.085462 0.15344 0.37649 0.16741 0.34154 0.046937 0.45498 0.093623 0.00011637 -0.0027651 0.014137 0.0079894 0.00010329 0.001852 0.0063203 0.0048579 0.027133 0.030334 0.065578 0.032989 -0.024341 0.014083 0.071444 0.030864 -7.624e-05 0.0001176 0.001605 0.0010175
0.0017038 -0.00033342 0.0077865 0.00057633 -0.016788 -0.0020926 0.046323 0.0064439 0.035288 0.005886 0.040412 0.022253 -0.00065408 2.2392e-05 0.0028592 0.000308 0.0010084 0.0015835 0.062118 0.0041687 -0.17973 0.0019078 0.36402 0.2186 0.27504 -0.028904 0.3903 0.064589 0.011066 -0.0046346 0.032866 0.0066302 -0.019624 0.0010506 0.042642 0.0038874 -0.14957 -0.056757 0.2932 0.064384 0.25242 0.030754 0.58017 0.08503 0.043376 -0.005645 0.056799 0.0059052 -0.0065108 1.7727e-05 0.0074341 0.00083253 -0.016247 -0.0078645 0.033528 0.0096805 0.044784 0.011343 0.087746 0.011971 0.0065212 9.355e-05 0.0080493 0.00096418
-0.0041902 -8.6701e-05 0.0042166 0.00034365 0.02714 0.00015329 0.034448 0.0040361 -0.012568 -0.006556 0.024453 0.015168 0.00016143 -0.0023053 0.0034852 0.0027074 -0.029344 -0.0043389 0.031184 0.0067471 -0.019961 -0.25296 0.21024 0.26503 0.083292 -0.12683 0.45737 0.20392 0.0080251 -0.0012631 0.022234 0.02653 -0.014845 -0.020169 0.018563 0.023356 -0.046546 -0.023242 0.046834 0.041486 0.23297 0.0077206 0.68327 0.025255 0.0068726 0.0028121 0.018181 0.0073674 -0.00014998 0.00027529 0.0011212 0.00168 -0.0033714 0.0049918 0.0054719 0.0053961 0.036674 0.0097277 0.094271 0.01851 -0.0018199 0.00023998 0.003663 0.00082172
-0.0017401 0.00050365 0.0023839 0.0014964 -0.00081414 -0.00019387 0.010205 0.0016949 0.038556 -0.0025212 0.071416 0.0084057 0.0057441 -0.00047004 0.0095458 0.00055699 -0.01648 -0.00020887 0.018361 0.0072443 -0.001928 -0.0041575 0.080641 0.0098017 0.25067 -0.0040147 0.54611 0.025393 0.049239 -0.0014237 0.077187 0.0024519 -0.011698 -0.0016573 0.016504 0.0080417 -0.061613 0.14251 0.45874 0.15001 0.25219 0.00094743 0.52054 0.044233 0.045267 0.001385 0.076554 0.0066373 -0.0005405 -0.00033607 0.0012344 0.0012589 0.0080317 3.9772e-05 0.072967 0.019199 0.017802 8.4541e-05 0.085432 0.015565 0.0047469 -0.00062101 0.0063252 0.00084358
0.0011538 -0.00034629 0.0030889 0.0012249 -0.018278 -0.0029354 0.067929 0.014239 0.01197 -0.012858 0.038321 0.025161 0.0039739 -0.0020678 0.0045917 0.0041344 0.0097809 -0.00038296 0.027489 0.0070216 -0.074461 -0.030972 0.47381 0.07779 0.17674 0.084306 0.43782 0.14854 0.02567 0.01966 0.048267 0.029754 0.0067172 0.0020804 0.022429 0.0057234 -0.055292 0.032138 0.50998 0.071761 0.21534 0.0071568 0.40746 0.063769 0.031162 -7.6147e-05 0.054619 0.0050273 -0.0028845 0.0077759 0.005771 0.014316 -0.010994 -0.007749 0.047666 0.016618 0.036757 0.0046291 0.055686 0.0081867 -0.00068654 7.4728e-05 0.0088847 0.00073144
-0.0024368 -0.00042392 0.0027761 0.00056815 -0.0052507 -0.0039981 0.014744 0.010617 0.031407 -0.0012509 0.08142 0.0070305 0.00084476 0.0014902 0.0082441 0.0020863 -0.016105 0.0006491 0.016644 0.0051773 -0.018462 -0.0027952 0.11187 0.050792 0.16201 0.010567 0.43823 0.060676 0.035221 0.0030824 0.043063 0.0074866 0.011555 0.022721 0.041764 0.04235 -0.066891 0.29297 0.26538 0.6151 0.029548 0.0020998 0.43139 0.10619 0.047461 0.0083423 0.053814 0.0096555 0.0036151 -0.0022409 0.0078642 0.0025222 -0.022068 -0.020389 0.023285 0.02262 0.0038559 -0.0054666 0.038223 0.0084909 0.0076452 -0.00016996 0.01014 0.0013623
0.00036768 -0.00014735 0.0026063 0.0012608 -0.016556 -0.0036359 0.081111 0.0070847 0.011944 -0.0082803 0.037963 0.015555 0.0046463 -0.0017285 0.0052488 0.0029495 -7.5713e-05 -0.00066188 0.01342 0.0036473 -0.053298 -0.039139 0.51436 0.075958 0.18388 0.083356 0.43527 0.12596 0.029308 0.017704 0.057124 0.022595 -0.0026735 0.015215 0.012211 0.018736 -0.046728 0.033349 0.49394 0.071154 0.23051 0.019173 0.37937 0.054914 0.027138 0.00010253 0.065298 0.0039296 -0.0034848 -0.00048247 0.0046949 0.011289 -0.011899 -0.0050905 0.038107 0.01315 0.035337 0.0038857 0.058049 0.0071205 0.0020546 -0.00017928 0.0046831 0.00076027
-0.0037364 -0.0012551 0.003969 0.0017031 0.049812 -0.015849 0.077985 0.030352 0.021253 -0.00083907 0.033276 0.016002 0.00085315 -9.3791e-05 0.0029873 0.0023948 0.0095079 -0.00027793 0.018207 0.014285 0.33904 0.098281 0.47414 0.24599 0.1309 0.057602 0.22087 0.096946 -0.0029502 0.00090084 0.017173 0.017794 0.015619 -0.0056636 0.016255 0.0078165 0.43533 -0.038631 0.46649 0.1141 0.056862 -0.018126 0.20482 0.14162 0.0045478 -0.00088514 0.013255 0.013169 0.0015011 3.6289e-05 0.0028901 0.0011417 0.020949 0.012136 0.051262 0.022671 0.04442 -0.026974 0.054477 0.031751 -0.0014151 0.00049063 0.0019254 0.0008725
-0.011788 0.00066226 0.015908 0.0016503 0.037488 5.6606e-05 0.046678 0.0054299 0.0023958 0.0072941 0.087047 0.014874 0.0069351 -0.00025294 0.0083975 0.0007697 -0.070899 0.00066267 0.11502 0.0041722 0.020387 -0.038791 0.25249 0.23955 0.18063 -0.021875 0.53206 0.088105 0.043802 -0.0010595 0.052438 0.0045143 -0.059877 -0.0055174 0.099212 0.010209 -0.05943 -0.032174 0.096806 0.034433 0.29581 0.045972 0.61316 0.073281 0.048745 -0.010921 0.054609 0.01138 -0.0099034 -0.0018298 0.012914 0.0019996 -0.0046436 -0.0014394 0.022198 0.0086165 0.046618 0.0048827 0.096991 0.013462 0.0076781 -0.001249 0.0086643 0.0013964
0.0010474 0.010363 0.0053357 0.010604 -0.0037851 0.035093 0.070442 0.046964 0.038397 0.0078562 0.086927 0.014575 0.00015462 -0.00034306 0.0093352 0.00042689 0.00086046 -0.017529 0.045956 0.020052 -0.04461 -0.10995 0.17707 0.11718 0.27171 -0.019045 0.56212 0.097994 0.014752 -0.0028727 0.03471 0.0046264 -0.012132 -0.0060232 0.044576 0.0079319 -0.080365 -0.021048 0.10726 0.026006 0.37662 0.051897 0.57684 0.07706 0.019545 -0.0092343 0.031988 0.010571 3.0887e-05 -0.00084735 0.0047631 0.0010397 -0.010108 -0.00018207 0.012295 0.0037449 0.062504 0.0087409 0.089929 0.013794 -0.00024875 -0.00092109 0.0070716 0.0015689
-0.00048776 -0.00060968 0.0016877 0.0011742 0.047282 -0.0050279 0.062405 0.010921 -0.0078329 -0.0018788 0.057845 0.0089861 0.00011044 -0.00044344 0.0019885 0.00059833 -0.011297 -0.0011646 0.012892 0.0019102 0.38118 0.014013 0.44908 0.074914 -0.12877 0.010418 0.35768 0.070409 0.0073369 -0.0028324 0.014223 0.0041811 -0.010146 2.424e-05 0.017287 0.0057296 0.37944 0.022851 0.40577 0.049407 -0.2118 -0.023276 0.33062 0.067075 0.050091 -0.0082286 0.056195 0.0092849 -0.00082092 -0.0012094 0.0018909 0.0015878 0.052685 8.6775e-05 0.056341 0.0076866 -0.036858 0.008199 0.050489 0.0097942 0.0074702 -0.0015855 0.0088369 0.0021723
0.004128 0.0036399 0.0047625 0.003771 0.04569 0.005973 0.069764 0.0091538 -0.018336 -0.0010695 0.057935 0.0039448 0.0043232 -0.00019157 0.0043647 0.00035078 0.078395 -0.00097078 0.079302 0.0048821 0.1759 0.037339 0.57794 0.076133 -0.11254 -0.0042723 0.39104 0.048408 0.028132 -6.7324e-05 0.02847 0.0019435 0.07964 -0.0024861 0.081033 0.0047376 0.12288 -0.013656 0.52332 0.043487 -0.080299 -0.0080278 0.33119 0.051751 0.030975 0.0009984 0.031323 0.0030589 0.0109 -0.00010813 0.011187 0.0012715 0.0219 -0.0049494 0.080738 0.0091007 -0.014854 -0.003612 0.048537 0.013324 0.0045772 -0.00012788 0.0045895 0.00050069
-0.000929 0.00024801 0.0027941 0.00091243 0.049068 0.0013423 0.096166 0.007389 -0.031541 -0.00049549 0.033102 0.0028311 0.0053778 0.00016972 0.0058206 0.00033364 -0.0049815 0.001869 0.018876 0.0094077 0.35679 0.0063892 0.53446 0.071742 -0.2102 0.0090865 0.21288 0.01713 0.038721 0.00012205 0.041588 0.0021888 -0.0058649 0.0033528 0.010083 0.015112 0.39968 -0.0072336 0.43091 0.088153 -0.23137 -0.030911 0.23137 0.038751 0.041393 0.0014612 0.044499 0.0027721 0.0025818 -0.0030022 0.0033675 0.0064901 0.042104 0.0032139 0.060233 0.0055977 -0.03108 -0.0024794 0.031092 0.0033992 0.0062565 -0.00020437 0.0065312 0.00052016
-0.00037738 -0.00077459 0.0024176 0.0010272 0.057689 0.0037354 0.061965 0.009687 0.010028 -0.0070383 0.016932 0.0075776 -0.0016536 0.00016204 0.0020932 0.00053137 0.0011155 -0.0026658 0.0062057 0.0034429 0.39222 0.015885 0.49299 0.086319 0.047605 0.060888 0.16824 0.11478 -0.0057462 0.0006766 0.012166 0.0054097 0.0017431 0.002764 0.0067499 0.0035401 0.4102 0.047332 0.48969 0.091114 -0.037173 -0.096745 0.28191 0.14757 0.0058667 -0.0007204 0.016093 0.00583 0.00030743 0.0015608 0.0014709 0.0018971 0.055983 0.0075766 0.061424 0.013207 -0.01625 0.00098206 0.037883 0.0053402 0.0037398 -0.00095725 0.0044596 0.0011007
-0.00025309 0.00018328 0.0062689 0.0070328 0.016702 0.025016 0.023706 0.031568 -0.0073142 -0.0022071 0.013559 0.013386 0.0015377 0.00015916 0.0051072 0.006901 -0.013142 -0.031756 0.046167 0.07673 -0.030255 -0.32382 0.19541 0.42474 0.14582 -0.075493 0.24849 0.25716 -0.0074019 -0.0020071 0.032696 0.03704 -0.011402 -0.01507 0.039775 0.059032 0.10813 -0.043866 0.20606 0.1976 0.31135 0.096087 0.43037 0.30584 0.013516 0.020507 0.018658 0.022833 0.0030673 0.0018027 0.0033747 0.0044291 0.037294 0.065303 0.067384 0.083636 0.02047 0.017888 0.024149 0.022985 -0.0014416 -0.00058083 0.0016933 0.0018603
-0.00012604 -7.5058e-05 0.00040752 0.0023174 0.059311 -0.0018047 0.063646 0.0088537 0.00077968 0.00023813 0.0011429 0.00064196 0 0 0 0 0.0010515 0.013613 0.0049489 0.019635 0.37187 0.082897 0.41832 0.09554 0.0023797 0.0015816 0.0023797 0.0015816 0 0 0 0 -0.00023831 -0.050014 0.005384 0.055874 0.52247 -0.15463 0.54015 0.23152 0.0026086 -0.00054308 0.0026086 0.00054308 0 0 0 0 -0.00062265 0.0050612 0.00070785 0.0053329 0.078807 0.022724 0.084952 0.023129 0.0006272 0 0.0006272 0 0 0 0 0
-0.00071551 -0.0016199 0.0008699 0.0033624 0.052336 -0.016024 0.056166 0.022946 0.00062622 0 0.00062622 0 0 0 0 0 0.007369 0.013048 0.010777 0.053053 0.4976 0.065278 0.51977 0.2423 0.0029473 0.00048572 0.0029473 0.0013882 0 0 0 0 0.0125 -0.003245 0.031717 0.045115 0.42991 -0.053032 0.44261 0.12509 0.0036715 -0.00080217 0.0036715 0.0021124 0 0 0 0 -0.00027881 0.00054176 0.00052183 0.0029874 0.05581 0.0048206 0.060312 0.013232 0.00098019 -0.00046623 0.00098019 0.00046623 0 0 0 0
-0.0010614 -0.00023105 0.0021824 0.00076898 -0.0050182 0.0073545 0.045038 0.021016 0.021792 0.013901 0.023391 0.016134 -0.0033791 -0.00073174 0.0041144 0.0011561 -0.031582 -0.027599 0.032579 0.036189 0.09511 -0.13885 0.43163 0.268 0.084133 -0.10219 0.3584 0.16718 -0.0229 -0.0074317 0.054003 0.021318 -0.024977 -0.023629 0.04685 0.030522 -0.03541 -0.098768 0.27469 0.13486 0.29302 -0.013103 0.54886 0.11657 0.02045 0.009694 0.070486 0.016245 0.0040851 -0.00084988 0.0069255 0.0015987 -0.009055 -0.012292 0.010708 0.012481 0.051217 -0.0074186 0.088055 0.029193 0.0048102 0.0018183 0.0049029 0.0019563
-0.0016243 -0.012655 0.002377 0.012707 -0.0034256 -0.058368 0.013584 0.058461 -0.002743 -0.039912 0.011615 0.04297 0.0026403 -0.0029088 0.002932 0.0091453 -0.0027792 0.0020941 0.003944 0.0062218 0.024803 0.041179 0.48027 0.21518 0.014539 -0.00062512 0.59386 0.21501 0.020946 -0.0093455 0.025311 0.031206 0.0009729 0.013776 0.0044755 0.020762 0.042698 0.044412 0.30094 0.20905 0.00034144 0.05173 0.34618 0.20587 0.0097596 0.0051562 0.014202 0.031645 -2.0343e-05 0.0013597 0.00081941 0.0020813 0.0043845 0.010812 0.0090739 0.024967 -0.0028649 0.023432 0.013321 0.042935 0.00078016 0.0016354 0.0012133 0.0040986
-0.0024727 -0.0013899 0.0040487 0.0028082 0.044779 -0.0051226 0.060922 0.014058 -0.00089565 -0.0025658 0.040264 0.0061903 -0.0022103 4.4584e-05 0.0024008 0.00048563 -0.0056197 -0.0031628 0.012618 0.0034222 0.35951 0.029634 0.42134 0.060855 -0.086995 -0.00524 0.36723 0.066578 -0.0071003 -0.0012652 0.010006 0.0031209 0.0012258 -0.0039214 0.015634 0.0095065 0.34819 0.026229 0.40914 0.046129 -0.13583 -0.050306 0.45547 0.068902 -0.0097689 0.00029406 0.011019 0.0015449 -0.00047541 0.00033016 0.0035985 0.00073185 0.050106 0.0022657 0.051485 0.0052563 -0.021688 0.014514 0.048919 0.015315 0.0015965 -0.00022926 0.0034717 0.00087525
-0.0031665 0.00034171 0.0045315 0.0013457 -0.0060948 -0.0066172 0.019397 0.0095918 0.058484 -0.020384 0.076356 0.024655 -0.0089712 -0.00019243 0.0090265 0.0016025 -0.025824 0.0044492 0.04184 0.0084266 -0.0415 0.025059 0.1298 0.25965 0.28196 0.01807 0.52076 0.16544 -0.040572 0.0034169 0.040866 0.0080479 -0.031115 -0.005015 0.059971 0.019623 0.00071363 0.021013 0.13763 0.40412 0.21423 0.020543 0.47087 0.21976 -0.030403 0.0032157 0.031022 0.010184 -0.0058001 0.0036728 0.0073319 0.0036745 -0.0098852 0.01331 0.037633 0.013732 0.054186 0.023831 0.074146 0.032434 -0.0035209 0.00076968 0.0040037 0.001184
0.0035721 -0.0065697 0.0063894 0.0096455 -0.023989 -0.038483 0.030462 0.052805 0.06069 -0.0010798 0.082671 0.0041244 -0.0045916 -8.2651e-05 0.0053327 0.0002305 -0.0016512 0.00025049 0.0342 0.0054311 -0.0027917 -0.0043339 0.044091 0.031095 0.39063 -0.068931 0.54597 0.12056 -0.022438 0.0016073 0.033429 0.003908 -0.0039499 0.0019016 0.041299 0.0065713 -0.012605 0.015882 0.060526 0.054657 0.40549 0.055132 0.56109 0.073365 -0.017708 0.0010232 0.023906 0.0027906 -0.0012496 0.0012064 0.0044922 0.0021041 -0.0055569 0.0061823 0.016659 0.017383 0.058732 -0.0022592 0.078167 0.0077173 -0.0028494 0.00012877 0.0034708 0.00052469
-0.010093 -0.00030316 0.027954 0.0019144 -0.0049633 -0.0025357 0.041928 0.019401 0.033871 0.00032255 0.044042 0.0062973 0.0037222 0.0016428 0.011741 0.0017549 -0.082994 0.013272 0.17147 0.015451 -0.046585 0.032878 0.22868 0.23303 0.19617 0.07942 0.49868 0.1076 0.02859 -0.0026365 0.074603 0.0083191 -0.077692 0.0027006 0.15433 0.015705 -0.049167 -0.026772 0.21128 0.42129 0.18968 -0.075044 0.44129 0.1829 0.016537 0.0055943 0.057456 0.007171 -0.0097614 -0.00023604 0.024442 0.0012235 -0.020586 0.0012183 0.037639 0.0119 0.043572 0.0006032 0.045909 0.0053112 0.00017017 -0.00043551 0.0085632 0.00095158
-0.014206 0.00014947 0.016882 0.00089126 -0.0049724 0.0032862 0.021258 0.012028 0.043429 0.0036046 0.081445 0.0087559 0.0073705 -0.0022846 0.0082256 0.0025803 -0.10533 0.0031141 0.12879 0.010651 0.035483 0.035069 0.10711 0.040924 0.22777 0.0048697 0.55849 0.077047 0.04734 -0.0097811 0.050659 0.010579 -0.10306 0.011768 0.13418 0.01578 0.16011 0.06315 0.24769 0.25117 0.088382 -0.047581 0.57755 0.177 -0.0043587 -0.00031945 0.058363 0.011205 -0.0060159 -0.00071711 0.012863 0.0018529 -0.023291 0.00040376 0.070347 0.011555 0.03586 -0.0068998 0.054964 0.0096368 -0.0031252 0.00088989 0.0066944 0.0015019
-0.00030159 0.0015107 0.00031391 0.011871 0.068814 0.0071368 0.070264 0.062309 0.00055358 -0.00015489 0.00055358 0.00023426 0 0 0 0 -0.009556 0.020596 0.013016 0.065685 0.47488 0.089634 0.48908 0.3659 0.0035855 0 0.0035855 0 0 0 0 0 -0.00063171 -0.012091 0.01001 0.020412 0.39744 -0.052585 0.44461 0.085842 0.0035383 -0.00034522 0.0035383 0.00034522 0 0 0 0 -0.00046376 0.0024642 0.00068462 0.0034119 0.061157 0.0078146 0.064594 0.012197 0.00041281 5.2231e-05 0.00041281 7.9985e-05 0 0 0 0
-0.00068906 -0.00068567 0.00152 0.0007759 0.043605 0.0076586 0.072154 0.01316 0.030543 -0.0087681 0.036907 0.011975 -0.0066864 0.0014327 0.013895 0.0022534 0.0079009 0.0079541 0.017363 0.0095867 0.16682 0.043048 0.60984 0.23379 0.21271 -0.048459 0.28592 0.094172 -0.034449 -0.0012921 0.063777 0.0090405 0.086694 0.060524 0.096006 0.062891 -0.10493 0.023579 0.4127 0.08009 0.24563 0.0052706 0.3226 0.06003 -0.030641 0.0014633 0.064195 0.010473 0.001508 -4.2248e-05 0.0026243 0.00077156 -0.021395 0.0058497 0.031626 0.0083755 0.024802 -0.0015352 0.036477 0.010711 -0.0042239 -0.00011567 0.0076599 0.0017881
0.0014785 0.00024917 0.0020875 0.0015701 0.0072007 -0.003521 0.0081939 0.005914 0.00098198 0.0047827 0.025196 0.021066 0.0072694 -0.0062655 0.012209 0.0098207 -0.0067068 0.0055076 0.03913 0.023207 0.026294 0.010482 0.1195 0.082179 0.27207 0.060614 0.27787 0.17032 -0.04151 0.045015 0.093897 0.096548 -0.086515 0.072354 0.095874 0.078455 0.00043038 0.090814 0.34375 0.29572 0.18837 -0.05264 0.48494 0.44257 -0.07716 -0.079092 0.084058 0.083298 0.0048607 -0.002686 0.0069426 0.0046673 -0.056217 0.039522 0.082926 0.062024 0.0036996 0.018269 0.10002 0.072333 -0.0025657 0.0023114 0.0044924 0.0036421
-0.00054978 -0.0027866 0.0063179 0.0030468 0.010372 -0.0041403 0.08081 0.011046 0.035596 0.0091324 0.04125 0.0095605 -0.0011822 0.00039565 0.0018435 0.00059872 -0.0014893 -0.0098698 0.012357 0.011127 0.36524 -0.015321 0.48514 0.13496 0.065772 0.017979 0.113 0.038055 0.0047008 0.0012004 0.013607 0.0038405 0.017361 0.012878 0.040653 0.020079 0.32561 0.099435 0.54908 0.38901 0.030762 0.012151 0.079684 0.037532 -0.0018432 -3.4369e-05 0.013406 0.0059384 0.01528 0.0032238 0.015872 0.0045521 0.017674 0.0020486 0.044255 0.0097239 -0.0017557 0.00075744 0.0098752 0.0023621 -0.0030314 -0.00089206 0.0034653 0.0010349
-0.0016745 -0.00063983 0.0034254 0.0020346 0.050137 -0.00059788 0.054146 0.011885 -0.023083 0.00078448 0.072794 0.009012 0.0070672 -0.0016079 0.0075385 0.0016514 -0.012524 -0.0041895 0.022856 0.0094569 0.37507 0.0058229 0.43869 0.10626 -0.20483 0.03559 0.39249 0.084813 0.054339 -0.01259 0.055526 0.013218 -0.0085309 -0.00052484 0.0091179 0.0028619 0.39125 -0.00085028 0.41915 0.07888 -0.16919 0.028797 0.22266 0.080176 0.015925 -0.0065432 0.048595 0.0089688 -0.0018755 0.00039848 0.0019677 0.00088445 0.054693 -0.0027922 0.056383 0.0065587 -0.028496 -0.00030152 0.041897 0.011059 0.002467 -0.0012021 0.0044536 0.0015587
-0.0061612 0.0013646 0.01218 0.0028454 -0.0036498 -0.0081254 0.01678 0.016193 0.054084 -0.0093082 0.074038 0.012652 -0.0036993 0.00026231 0.0054968 0.00072739 -0.044766 4.6943e-05 0.093536 0.0086058 -0.037611 0.019112 0.13085 0.034771 0.38659 0.021199 0.5397 0.050797 -0.02322 0.00093582 0.032705 0.0018317 -0.050655 0.011033 0.1067 0.013292 -0.066936 0.037125 0.15519 0.21275 0.37219 0.0094351 0.52283 0.036267 -0.025969 -0.00042078 0.035329 0.0036589 -0.0079984 0.0017671 0.018461 0.0028754 -0.011077 0.0018431 0.01827 0.0059519 0.056403 -0.0066162 0.072442 0.0098248 -0.0032141 0.00092723 0.0042884 0.0015485
0.0012639 -0.00030003 0.0046689 0.00062584 -0.01782 -0.00084601 0.033938 0.0047892 0.051792 0.0028965 0.062474 0.0040745 -0.0025828 -0.00030375 0.0027577 0.00031472 -0.012613 -0.00077237 0.048952 0.0036164 -0.061095 0.029577 0.41266 0.087088 0.33512 0.01145 0.46301 0.024387 -0.019344 -0.00071347 0.01937 0.0032655 -0.038302 -0.0034778 0.08027 0.0052806 -0.013501 -0.027672 0.41843 0.074164 0.29862 -0.069421 0.40817 0.14842 -0.012729 -0.00081793 0.014375 0.002828 -0.008487 0.00029212 0.014139 0.00079545 0.015236 0.0065215 0.037558 0.016061 0.030804 0.012294 0.051435 0.013735 -0.00063573 1.8305e-05 0.0012096 0.00038707
-0.0062768 0.00082721 0.021445 0.0018156 -0.006211 0.0011056 0.019735 0.0042439 0.057098 -0.00032944 0.08045 0.0058707 -0.0040574 0.00013299 0.0058245 0.00018228 -0.052752 0.010246 0.15141 0.020395 -0.062994 -0.032047 0.12607 0.17453 0.33925 -0.0162 0.52663 0.070298 -0.026748 0.00042195 0.036868 0.0045027 -0.040644 -0.0016633 0.15678 0.0066827 -0.10473 0.0098177 0.16472 0.037783 0.37302 0.0097463 0.5368 0.027128 -0.019574 -0.0010037 0.033139 0.0045879 -0.0023914 -0.0057875 0.013599 0.0059611 0.027969 0.012805 0.050681 0.025162 0.012923 0.014324 0.10458 0.025424 -0.0024894 0.00075337 0.0043929 0.00080449
-0.00013204 0.0011991 0.0027794 0.0016707 0.0040229 0.0018364 0.084067 0.010592 0.028771 -0.0045324 0.037538 0.014837 -0.0047694 0.0014601 0.0085211 0.0025034 0.0046824 -0.0021464 0.012596 0.0071511 -0.029152 0.082021 0.50036 0.16795 0.18027 -0.042582 0.23475 0.088614 -0.0355 0.013322 0.049498 0.017085 0.0019978 0.0029432 0.021901 0.0081032 -0.17754 0.020309 0.38411 0.094818 0.20783 -0.041281 0.5226 0.27393 0.015132 -0.016848 0.054035 0.027831 -0.0017834 0.0010448 0.0039001 0.0014695 -0.04939 0.0022326 0.05698 0.012526 0.010531 -0.038266 0.082616 0.039276 0.0069822 -0.0067013 0.012191 0.0072301
-0.0078758 0.00028066 0.0098971 0.0018644 -0.019897 0.0037646 0.034653 0.0057311 0.045551 0.008135 0.047471 0.017032 0.00010559 0.0015225 0.0034435 0.0025557 -0.051313 0.0017971 0.073237 0.012482 -0.14669 0.013056 0.33851 0.059793 0.30099 0.034789 0.42511 0.098832 0.048854 -0.0094514 0.061045 0.014162 -0.029145 0.0010268 0.090548 0.010756 -0.19499 0.056422 0.33598 0.084923 0.28405 0.02838 0.52988 0.057473 0.067979 -0.015894 0.072686 0.017981 -0.00064868 -0.00096401 0.011158 0.002385 -0.017162 0.0037061 0.04573 0.0042632 0.033884 0.0061726 0.078931 0.014752 0.0014449 -7.3468e-05 0.0091578 0.0017043
