-0.0034338 -0.0031889 0.0034338 0.0031889 -0.031522 -0.025174 0.054318 0.048755 -0.0017934 -0.0082212 0.020759 0.024611 -0.0019186 0.0014248 0.0034925 0.0037245 -0.057976 -0.0080086 0.065358 0.053344 -0.045606 0.020097 0.30567 0.36099 0.14584 -0.033926 0.3168 0.4014 -0.010433 0.04211 0.028288 0.050678 0.0033191 -0.0013328 0.0099334 0.012475 -0.26063 0.11283 0.30024 0.21235 0.20463 0.023328 0.29582 0.33359 0.0083651 -0.043507 0.015015 0.062092 -0.00033186 -8.3499e-05 0.00037235 0.00025978 -0.0093121 0.011033 0.0093121 0.01194 -0.018606 0.019938 0.021857 0.02806 -0.0016516 0.003438 0.0039151 0.0061539
-0.0019485 -0.00098856 0.0020966 0.0010507 -0.013111 -0.018752 0.015333 0.031263 0.054761 -0.0030464 0.055257 0.028002 0 0 0 0 -0.039455 -0.026249 0.051826 0.030652 0.0031281 -0.13535 0.043151 0.1395 0.46382 -0.053806 0.46382 0.071485 0.0003198 -0.00013919 0.0003198 0.00013919 -0.014407 0.0018732 0.020218 0.022543 -0.00049654 0.11269 0.038877 0.20609 0.46193 0.080471 0.46193 0.081396 0.00037251 9.6406e-05 0.00037251 9.6406e-05 -0.0021088 0.0034339 0.0021691 0.0073256 -0.0031965 0.0052395 0.0048845 0.0096036 0.069681 0.00055257 0.069681 0.0011356 0 0 0 0
-0.0014571 -7.7858e-05 0.0019278 0.00042577 0.016228 -0.017035 0.063854 0.024439 0.022956 -0.027821 0.037974 0.042554 -1.3565e-05 0.00077579 0.0065247 0.0010457 -0.03812 -0.011817 0.039453 0.012445 0.043763 -0.078237 0.24569 0.099853 0.296 -0.014848 0.36325 0.13557 0.022038 0.002479 0.031535 0.0092963 -0.06275 -0.016407 0.063309 0.016772 0.23733 0.29086 0.30618 0.36072 0.17177 0.18599 0.39092 0.25276 0.0097777 0.0022932 0.033024 0.01177 -0.006134 -0.0014196 0.006134 0.0016052 0.046715 -0.047207 0.055035 0.052212 0.016741 -0.015252 0.04731 0.017545 -0.0016951 -0.00064236 0.0047656 0.0010242
0.0013749 -0.002415 0.0013953 0.0024271 -0.0019506 0.0025946 0.008071 0.0069537 0.029585 -0.0085726 0.03121 0.0099631 0 0 0 0 0.0071902 -0.019467 0.030212 0.037855 -0.069724 -0.22784 0.27486 0.22853 0.3646 -0.072376 0.39086 0.098417 0 0 0 0 -0.00072415 0.023483 0.02456 0.05461 -0.1068 0.047694 0.18188 0.21381 0.44494 0.056364 0.44494 0.08251 0 0 0 0 -0.00053453 0.0011378 0.00074537 0.0023084 0.0006224 0.0068876 0.0071937 0.018719 0.058411 0.0036751 0.058411 0.0079209 0 0 0 0
0.00041529 0.00010299 0.00099515 0.00030644 -0.025297 -0.012275 0.036474 0.017882 0.044938 -0.008367 0.051495 0.022781 0.0013248 0.00035512 0.0057436 0.0018329 -0.012747 -0.0072375 0.01609 0.0096347 0.091299 0.14339 0.42181 0.28866 0.20255 0.19882 0.31418 0.27042 -0.031808 -0.010315 0.051965 0.017052 -0.050859 -0.014964 0.051209 0.017704 0.33986 -0.10171 0.41059 0.18824 0.09352 -0.031881 0.25348 0.09597 -0.083068 -0.028308 0.086308 0.029468 -0.004809 9.2212e-05 0.0049607 0.0016366 0.048064 0.016223 0.065117 0.021646 -0.010402 -0.004961 0.049685 0.014157 -0.0026052 -0.0018391 0.0058454 0.0028264
-0.00076417 -0.0003092 0.00085243 0.00077332 -0.012398 -0.002068 0.015679 0.0036225 0.020347 -0.001009 0.057047 0.013509 -0.0055014 -0.00069743 0.01001 0.0032049 -0.0069487 0.00024888 0.0071532 0.0045751 -0.18805 -0.068424 0.2192 0.07565 0.35323 -0.03466 0.35323 0.18211 -0.093946 -0.010642 0.10171 0.01173 -0.0045804 -0.00037713 0.0063992 0.0022654 -0.14151 -0.043571 0.43427 0.10242 0.31282 0.084839 0.40704 0.28107 -0.081267 -0.0096775 0.10211 0.013496 0.00020313 -7.7776e-05 0.0018184 0.00032647 -0.027428 0.0056612 0.036538 0.010709 0.041789 0.00070339 0.077015 0.01139 -0.0053424 -0.001093 0.01124 0.0015494
0.0012052 -0.00043842 0.0040863 0.0055262 0.0090686 -0.01318 0.019055 0.024255 0.014157 -0.016119 0.014191 0.016189 0.00021621 0.0001389 0.00022442 0.00019154 -0.031405 0.020504 0.040893 0.059807 -0.081361 -0.21064 0.18263 0.43645 0.27593 -0.064046 0.27824 0.27251 -0.0007722 0.0045809 0.0053078 0.015908 -0.055476 0.0037201 0.059686 0.019632 -0.11943 0.10211 0.17246 0.18058 0.39716 0.01776 0.43883 0.15121 -0.005952 -0.022875 0.010299 0.025493 0.0030733 -0.0049284 0.0042799 0.0065062 -0.025326 0.028812 0.032794 0.067824 -0.017163 -0.042024 0.033463 0.068802 0.0040897 -0.0013253 0.0044888 0.0055895
-0.00064872 -0.00017795 0.001132 0.00032436 -0.022685 -0.011761 0.023184 0.012961 0.018682 0.0094477 0.052624 0.025085 -0.00073872 -0.00042771 0.0046927 0.0019669 -0.010983 -0.0087843 0.013009 0.009782 0.049185 0.030258 0.31303 0.20812 0.095642 0.26894 0.40787 0.34893 0.010036 0.01389 0.036602 0.017179 -0.056019 -0.024874 0.057869 0.025683 0.34152 -0.088353 0.40177 0.26726 0.059414 -0.017239 0.26543 0.15807 0.020071 0.0047326 0.043433 0.017538 -8.3082e-05 -0.0011244 0.0072736 0.0033107 0.059959 0.011113 0.070838 0.035968 0.015715 0.0082438 0.021309 0.015599 -0.0062616 -0.0024531 0.0080637 0.0032586
-0.0037519 -0.0010485 0.0044495 0.0011578 0.044836 6.9443e-05 0.061395 0.0060953 -0.04554 -0.0030386 0.084482 0.013906 0.0047698 0.00091854 0.0047698 0.0011407 0.00595 -0.00422 0.064281 0.0056482 0.23217 -0.025482 0.41258 0.092092 -0.1912 0.15279 0.44974 0.18973 0.0092507 0.0034032 0.0093788 0.0034328 -0.0038958 0.003793 0.039013 0.0076468 0.17065 -0.061185 0.40839 0.1128 -0.029147 -0.060799 0.3311 0.30411 0.0019239 0.0029388 0.0021437 0.0029388 -0.0019702 0.017101 0.0029859 0.017101 -0.023937 0.094605 0.023937 0.094605 0.020983 0.038446 0.029696 0.075583 -0.00050959 0.0036485 0.00091213 0.0036485
0.00032643 -0.00062299 0.0011109 0.00086061 0.012221 0.016203 0.038187 0.026852 -0.023243 -0.0028182 0.04818 0.010385 0.0059884 -3.3199e-05 0.0062863 0.00050981 0.0024506 0.00063597 0.0083904 0.0013617 0.15179 0.0078663 0.40309 0.15485 -0.21861 -0.02337 0.44011 0.052966 0.044836 0.0073812 0.044836 0.0084464 0.0001409 -0.00019756 0.0067936 0.0029394 0.18672 -0.041131 0.42648 0.10105 -0.23835 -0.03211 0.48389 0.046377 0.046318 0.0043149 0.046318 0.0049203 -0.0046008 -0.00068269 0.0055004 0.00074965 0.037227 0.0033321 0.053646 0.0051805 -0.039111 0.00098208 0.050191 0.0082103 0.0060355 0.00026808 0.0060364 0.00080681
-0.0044248 5.1708e-05 0.0059617 0.00049837 -0.0056851 -0.002586 0.063631 0.0036734 0.017239 0.0013646 0.018509 0.0047436 0.0011338 0.00056752 0.001955 0.00087879 -0.017639 0.0047538 0.028229 0.012423 -0.1835 -0.1163 0.41484 0.14327 0.25704 -0.17459 0.2621 0.18586 0.0071383 0.0014799 0.017079 0.004521 -0.041648 -0.0048586 0.050825 0.010903 -0.11136 0.12654 0.41337 0.29934 0.2234 0.21633 0.32508 0.22516 0.0073245 0.00064275 0.017242 0.0037073 -0.011647 -0.0022927 0.012894 0.0024991 0.038179 -0.0027522 0.064663 0.007107 0.004942 0.0075002 0.031026 0.007534 4.806e-05 0.00083736 0.00085998 0.0010606
-0.0017142 0.0013125 0.0038446 0.0084587 0.023748 -0.0061951 0.024053 0.059089 0.0030104 0.008523 0.0080093 0.017842 -0.00036445 0.0010524 0.0006119 0.001188 -0.020953 -0.01642 0.024158 0.029385 0.4112 -0.045724 0.45141 0.10121 -0.035452 -0.088509 0.05183 0.09535 -0.0050249 -0.0067904 0.023618 0.031708 -0.016557 0.050108 0.040245 0.052292 0.05759 -0.028272 0.43351 0.31091 -0.068412 -0.33036 0.17362 0.3477 0.067487 0.011337 0.072862 0.064596 0.0003149 -0.0058487 0.0051811 0.0085492 -0.01631 -0.0038465 0.024252 0.040609 0.022392 0.043254 0.047871 0.0505 0.0080687 0.0050259 0.0080687 0.0050393
-0.0030356 -0.0015483 0.0030405 0.0015513 -0.031079 -0.00020388 0.057939 0.030613 0.019618 -0.012696 0.022755 0.021307 0.0021811 0.001579 0.0072728 0.0046531 -0.0028637 -0.0018679 0.030035 0.011019 0.00022835 0.10912 0.47914 0.24459 0.10121 0.34178 0.19408 0.35268 -0.013522 -0.00176 0.037408 0.016174 -0.018757 -0.011683 0.054325 0.025493 0.30205 -0.087117 0.4537 0.19301 -0.028194 0.0028668 0.16965 0.082546 -0.063466 -0.016243 0.073238 0.022766 -0.0034011 0.00049891 0.0075521 0.0028051 0.050101 -0.0080249 0.058964 0.014861 0.0062361 0.0009846 0.025631 0.0094108 -0.005118 0.0033476 0.0062992 0.0043937
0.014028 -0.00063791 0.017265 0.0013067 0.011385 -0.0083624 0.069255 0.017253 0.018437 -0.0013692 0.022876 0.010656 -6.6178e-05 9.3188e-05 0.00046717 0.0001793 0.0017202 0.023774 0.062726 0.035937 -0.022582 -0.051025 0.4788 0.26662 0.26941 -0.078364 0.28933 0.1677 0.0038694 0.0019595 0.0052499 0.0025658 0.013619 0.0040307 0.044887 0.0121 -0.14515 0.055709 0.40753 0.16193 0.33662 0.060422 0.33662 0.17378 0.0026787 -0.0012391 0.0030274 0.0025133 0.0029157 -0.0010218 0.0042512 0.0021735 -0.015118 -0.0073761 0.096762 0.013807 0.044518 -0.0098409 0.044526 0.010419 0.00031757 0.00025469 0.0005377 0.00033634
-0.0007948 -0.0011713 0.00084605 0.0012147 -0.014881 -0.024158 0.014934 0.024158 -0.00021564 -0.0036423 0.016047 0.032625 -0.0001676 -0.0028666 0.0098604 0.0079091 -0.020556 -0.039618 0.020589 0.039666 -0.019733 -0.13117 0.2621 0.34005 0.11602 -0.15825 0.3481 0.44549 0.04728 0.033364 0.075552 0.043699 0.013596 0.0057794 0.050901 0.077942 -0.063028 0.010544 0.21697 0.26161 0.30193 0.15139 0.34154 0.21608 -0.0091695 0.0030774 0.022967 0.030141 -0.00058332 0.0073984 0.0025914 0.01033 0.0027284 0.0027029 0.021235 0.04203 0.057144 0.046249 0.061832 0.052523 -0.0030933 -0.002891 0.0031654 0.0035811
0.0033314 0.0013393 0.006755 0.0022464 0.044942 -0.0054154 0.06045 0.010723 -0.0095721 0.0059764 0.037821 0.015526 -0.0055238 0.00075281 0.01056 0.0039385 0.012064 0.0053688 0.023286 0.0067051 0.28685 0.0087859 0.47371 0.055761 -0.31484 -0.1505 0.3237 0.2622 0.028729 -0.022961 0.053097 0.036512 -0.00041315 0.0075484 0.010259 0.008436 0.022321 -0.089052 0.31465 0.16549 0.0051908 -0.085387 0.31731 0.32016 0.03122 0.048762 0.037421 0.057308 -0.0036433 0.015454 0.0036467 0.015454 -0.016361 0.09251 0.029477 0.09251 -0.017452 0.051048 0.047935 0.055312 0.0057008 -0.00054728 0.0066796 0.0053232
0.0008811 -0.0013726 0.00089494 0.001474 0.0022174 -0.00011508 0.0024666 0.0027943 0.0039741 -0.00063474 0.0041614 0.0023314 0.0045891 0.0022421 0.0045891 0.0022421 0.0093047 0.013657 0.024326 0.051612 0.17055 -0.14279 0.21547 0.33145 0.048362 0.031427 0.1028 0.089247 0.037111 0.017223 0.037111 0.017223 -0.045684 -0.0066504 0.060163 0.053713 0.097005 -0.027299 0.46243 0.3067 0.29023 -0.073218 0.46353 0.33982 0.00031764 0.00031764 0.00031764 0.00031764 0.00047693 -0.00066773 0.0025119 0.0052896 -0.0038897 -0.012842 0.028313 0.04229 0.082381 0.034477 0.082381 0.034477 0 0 0 0
0.0045127 -0.0033931 0.006294 0.0051073 -0.021401 -0.044628 0.041382 0.045464 0.076506 -0.012475 0.076506 0.015026 0 0 0 0 5.0426e-06 0.010434 0.02091 0.056422 -0.11328 0.025343 0.16343 0.28489 0.48536 -0.017464 0.48536 0.048446 0 0 0 0 -0.0044677 -0.012263 0.0062927 0.041781 0.016777 0.051618 0.05041 0.12573 0.41459 0.0059095 0.41694 0.066996 0 0 0 0 0.00038633 -0.0024224 0.00048934 0.0059328 0.0066938 -0.014653 0.0071426 0.046995 0.056806 -0.0064015 0.056806 0.012739 0 0 0 0
-0.00015135 -0.00025121 0.0012622 0.00072256 -0.029587 -0.0033023 0.031951 0.0057313 0.036778 0.0019767 0.051508 0.0064053 0.00095818 0.0015077 0.0063133 0.0044852 -0.0013716 0.0013634 0.012792 0.004642 -0.26261 -0.050182 0.26319 0.062237 0.38856 0.024115 0.43233 0.15796 -0.0046723 0.0065667 0.056747 0.035077 0.0026159 -0.0022679 0.0081961 0.0030965 0.080389 -0.0082351 0.3973 0.24277 0.17501 0.15065 0.31377 0.28772 -0.05675 -0.013876 0.074248 0.018859 -0.0005836 5.8274e-05 0.0015716 0.00057572 -0.0042171 -0.013325 0.055183 0.023754 0.065598 0.0039575 0.0723 0.0091911 -0.014771 -0.0022987 0.016737 0.0027656
0.002001 -0.0042342 0.0020486 0.004401 0.0060299 -0.0093405 0.0062394 0.010208 0.0029121 0.0013881 0.0029121 0.0022995 0.0027378 0.0010348 0.0027419 0.0013406 -0.026426 -0.007296 0.038985 0.054026 0.28063 -0.14244 0.33421 0.25218 -0.040846 -0.047545 0.085764 0.11543 0.06072 0.019226 0.060727 0.019248 -0.057566 0.025353 0.063168 0.046337 0.093916 -0.0062492 0.42025 0.28821 0.20616 -0.1496 0.3933 0.41105 0.016185 0.010044 0.016185 0.010044 0.0015756 -0.0091414 0.0029849 0.012753 -0.015374 -0.0071516 0.027311 0.039252 0.07926 0.044489 0.07926 0.046221 3.229e-05 3.229e-05 3.229e-05 3.229e-05
0.0012036 0.0001541 0.008523 0.0020106 -0.015437 0.003005 0.10182 0.0074673 0.030024 -0.0010009 0.034248 0.0065314 0.0005114 -0.00031337 0.00053901 0.00048355 -0.010908 -0.0014434 0.032791 0.0048342 -0.10981 -0.00059089 0.52609 0.079783 0.20104 -0.0044079 0.33607 0.0661 0.0032189 0.00062649 0.0032333 0.0030364 -0.02904 0.00090515 0.063813 0.0029349 -0.051169 0.044262 0.55988 0.28797 0.18028 0.019579 0.25457 0.11795 0.0033096 0.0017136 0.0033096 0.0017136 -0.0026834 0.0024616 0.0091225 0.0025338 -0.012273 0.0099725 0.055167 0.039751 0.046204 0.043434 0.049072 0.063196 0.00055492 0.0023466 0.00055492 0.0023466
-0.004538 0.00079847 0.0057984 0.001655 -0.024709 -0.00032193 0.07875 0.0068882 0.036275 0.0030485 0.036275 0.0075366 0.0010694 -0.00019905 0.0010694 0.00026569 -0.032999 -0.0014931 0.055504 0.0034194 -0.099535 -0.0088545 0.60768 0.05173 0.17743 0.002248 0.28306 0.08196 0.0039912 0.0010021 0.0039912 0.0022078 -0.032935 0.00020015 0.071713 0.0028399 -0.0022272 0.050406 0.56949 0.22636 0.1142 0.04062 0.23345 0.13852 0.0036576 0.0016045 0.0036576 0.0024682 -0.0030191 0.0019908 0.0093722 0.0020464 -0.012824 -0.0032397 0.066364 0.028054 0.042338 0.028712 0.047281 0.05311 0.00037119 0.0012352 0.00037119 0.0012352
-0.0010572 -0.00041502 0.0010818 0.00044259 -0.0081665 0.0064161 0.044387 0.017221 0.012067 -0.0032669 0.077647 0.02518 0.0037472 0.0018804 0.0043327 0.0019153 -0.014145 -0.0022056 0.014145 0.0030589 0.24692 0.041756 0.50087 0.10538 -0.1903 -0.030461 0.36809 0.094776 0.0049381 0.0031092 0.0062124 0.0046833 -0.059288 -0.011705 0.059288 0.012216 0.25688 -0.10955 0.42233 0.12349 -0.11357 -0.055388 0.39723 0.16706 -0.00046553 -0.0026209 0.0055574 0.0036775 -0.0095605 -0.0020677 0.0099483 0.0024376 0.01631 0.001856 0.033887 0.0080394 0.016167 0.008843 0.03457 0.0096302 -0.000338 -0.00087842 0.00073959 0.0011292
0.00038033 0.00018872 0.0004134 0.00029584 0.0012659 -0.0012807 0.002475 0.0036458 0.036012 0.0043641 0.036096 0.0046693 6.0145e-05 -1.8559e-05 6.0145e-05 5.3373e-05 -0.0028482 0.00063421 0.0050341 0.012451 -0.06938 -0.099088 0.082555 0.127 0.34866 -0.025614 0.34866 0.078067 0.00049389 0.00035074 0.00049389 0.00035074 -0.01346 -0.0098984 0.01678 0.010852 -0.092419 -0.12476 0.12824 0.38215 0.49494 0.062689 0.49494 0.11488 0 0 0 0 -0.005752 -0.0067021 0.0085776 0.0071899 0.016375 -0.0188 0.02275 0.021663 0.081841 0.0078787 0.081841 0.0097582 0 0 0 0
0.0003901 -0.0093975 0.0041784 0.0095304 0.018424 -0.040888 0.028281 0.04414 -0.030077 -0.011953 0.042381 0.030441 -0.0041435 -0.0031983 0.0062429 0.010494 0.004702 -0.009944 0.017144 0.023715 0.28243 -0.043145 0.44596 0.21746 -0.15578 0.026665 0.3889 0.36049 -0.0013302 0.00084744 0.020797 0.039461 -0.0057593 0.018899 0.011004 0.026213 0.13536 0.01928 0.44058 0.22263 -0.038384 -0.0613 0.13782 0.25116 0.011732 0.015011 0.011937 0.015312 -0.0010004 0.0060674 0.0016246 0.0061827 -0.015181 0.0099428 0.025897 0.023218 0.010827 0.01816 0.011702 0.018197 0.00041249 0.00035698 0.00048773 0.00054562
-0.0050087 -0.006071 0.0055866 0.0074091 0.038559 -0.029895 0.043317 0.034713 0.023117 -0.0044068 0.025088 0.01368 -0.0026362 -0.0017348 0.002665 0.001795 -0.014914 -0.0028029 0.016277 0.021922 0.023192 0.052348 0.13033 0.13942 0.3218 -0.1569 0.48038 0.28117 -0.03766 -0.046929 0.048898 0.046987 -0.044212 0.046526 0.045312 0.064662 0.10278 0.27508 0.17444 0.36454 -0.043278 0.055954 0.38847 0.28739 -0.0095347 0.020561 0.012191 0.023934 -6.2375e-05 -0.00012224 0.00098827 0.0023575 -0.0045987 -0.009994 0.0081971 0.015934 -0.041359 0.00061367 0.044844 0.047588 -0.00042909 -0.0025525 0.0013432 0.0047329
-0.0090017 -0.0019404 0.0090434 0.0020325 0.056962 -0.015624 0.066065 0.045362 0.014135 -0.042782 0.05386 0.046113 0.0045676 0.00037663 0.0047086 0.0011368 -0.041352 0.0015158 0.042999 0.0096958 0.092564 -0.033557 0.24379 0.1507 0.31329 -0.010605 0.44788 0.12849 0.045688 0.0015504 0.051745 0.00364 -0.009128 0.011011 0.021723 0.012596 -0.088106 0.028851 0.21238 0.13778 0.41941 0.0036415 0.54667 0.066574 0.033702 0.0013092 0.04589 0.0070387 -0.00070265 0.00020101 0.003146 0.00077097 -0.0035054 0.012768 0.02927 0.013627 0.050189 0.0040484 0.084445 0.015488 0.0023487 -6.8963e-05 0.0049201 0.00090385
-0.0010347 0.0017295 0.0049669 0.0020776 -0.0036327 -0.0041858 0.051119 0.010546 0.014166 0.00025319 0.028424 0.0078155 -0.00099481 0.00016938 0.0018999 0.00053287 0.00092074 -0.001961 0.043975 0.0066097 -0.20778 -0.012818 0.29038 0.12844 0.26887 -0.0018241 0.2843 0.056551 -0.00804 -0.00038069 0.015969 0.0013524 0.010511 0.0035622 0.047908 0.010725 -0.39262 0.065623 0.42867 0.31906 0.34197 0.017467 0.34745 0.028662 -0.0071703 -0.00062547 0.014677 0.0021615 -4.4402e-05 2.9402e-05 0.0042793 0.00063716 -0.034201 0.0138 0.043228 0.014689 0.045328 0.0033295 0.046826 0.0051162 -0.0010279 3.0803e-05 0.0020545 0.00026825
0.00054256 0.0026408 0.0073838 0.0039655 0.052383 0.020246 0.061869 0.023277 -0.020814 0.0040412 0.033559 0.038115 -0.0059211 -0.0029657 0.0070794 0.0034711 -0.0036936 -0.0069179 0.020029 0.012439 0.34213 -0.039501 0.47681 0.068272 -0.23021 -0.12804 0.25483 0.14868 -0.0027391 0.010073 0.047907 0.032671 -0.0066563 -0.0029141 0.011968 0.0053877 0.22096 -0.10009 0.42377 0.13901 -0.15057 -0.13433 0.3382 0.24484 0.014664 0.012588 0.015259 0.01278 -0.001152 -0.00041934 0.0022838 0.0010216 -0.0046487 -0.0022292 0.039871 0.019079 0.0288 0.016042 0.0306 0.017875 -7.9896e-05 -0.00017015 0.00058328 0.00042664
-0.00011015 0.00011343 0.00013896 0.00053112 -0.021199 -0.004941 0.027219 0.0066983 0.028022 -0.015657 0.050954 0.022322 -0.0043733 -0.00049318 0.0096589 0.0014689 -0.0069011 0.00039805 0.0069694 0.0020413 -0.2839 -0.049289 0.31393 0.058761 0.41427 0.0038182 0.44122 0.21936 -0.070446 -0.013357 0.082897 0.014869 -0.0058847 -0.00035098 0.0071189 0.0029333 -0.19222 0.0045313 0.23033 0.06462 0.31785 0.038349 0.38663 0.088895 -0.087541 -0.010308 0.10748 0.013726 0.00045965 -0.00035172 0.0017006 0.00054981 -0.021053 -0.0011544 0.051941 0.0049962 0.034162 0.0062427 0.066856 0.010008 -0.0033785 -0.0001401 0.0073699 0.0018952
0.0080097 0.0015009 0.0080215 0.0015076 0.023841 -0.001519 0.047397 0.0044947 -0.057426 0.020336 0.073755 0.024264 0.00097621 0.0016017 0.0026812 0.0018644 0.039767 -0.0017777 0.039808 0.0088179 0.057521 -0.035637 0.26211 0.19921 0.0426 -0.093386 0.30059 0.21726 -0.11885 0.012081 0.12605 0.013132 0.021897 -0.0019918 0.038191 0.0081197 -0.12457 -0.077114 0.30369 0.35435 0.34265 0.030179 0.39353 0.35043 -0.1479 0.0058368 0.15326 0.0063479 0.0054285 0.00056383 0.0054285 0.00086293 0.0068841 0.0081136 0.053856 0.042508 0.017304 0.018033 0.037527 0.047179 -0.019515 -0.0020638 0.020434 0.0021715
-0.00034583 0.00045935 0.0064641 0.0021586 0.0086935 0.0048621 0.020531 0.0098086 0.05432 0.023053 0.078532 0.029341 -0.0030946 -0.003427 0.0081631 0.0067837 -0.0032907 0.0050269 0.020846 0.013662 0.44271 0.11788 0.48985 0.13365 -0.088655 0.017725 0.22239 0.16802 0.0058031 0.013943 0.029043 0.042054 -0.01382 -0.0050038 0.021747 0.012821 0.33317 -0.083874 0.4734 0.12858 0.084728 -0.0080683 0.20096 0.1111 -0.0082996 -0.0027276 0.032487 0.014195 0.00062032 -0.00021415 0.0023283 0.00060219 0.05911 -0.012715 0.074674 0.014035 -0.0016565 -0.00909 0.033874 0.010283 0.00066119 -0.00045194 0.0041492 0.001636
0.0054674 -0.0043356 0.0055791 0.0048396 -0.020045 -0.027639 0.020224 0.027754 0.076458 -0.0078176 0.076458 0.009106 0 0 0 0 -0.028302 0.023724 0.044515 0.046183 -0.022219 0.101 0.049789 0.21587 0.46858 -0.032743 0.46858 0.099741 0 0 0 0 0.00096966 -0.029844 0.014245 0.041098 -0.033705 -0.015753 0.054054 0.23825 0.43936 0.023552 0.44838 0.076662 0 0 0 0 9.3751e-05 -0.00029843 0.00029091 0.00060604 0.0016246 -0.0014523 0.001738 0.0037228 0.05442 -0.00016677 0.05442 0.0007802 0 0 0 0
-0.0041608 -0.00080888 0.0041642 0.00086553 -0.025206 -0.039466 0.037458 0.042196 0.018296 0.014923 0.071052 0.036201 0.0108 0.0030387 0.01759 0.003903 -0.030019 -0.0046134 0.034468 0.02401 0.024802 0.20187 0.33027 0.28951 0.10954 0.023941 0.30911 0.25933 -0.043716 -0.0066146 0.05957 0.017459 -0.006892 -0.0033996 0.017245 0.020283 0.11774 -0.12619 0.41395 0.1526 -0.17949 -0.047044 0.4932 0.22414 -0.0041052 -0.021126 0.024491 0.023324 -0.00093712 -0.00058887 0.0024163 0.0025909 0.033781 0.0049124 0.07697 0.015868 -0.044965 -0.0083341 0.067751 0.017874 0.002648 0.00033371 0.0028904 0.0010395
-0.0028538 -0.0017052 0.0028598 0.0017383 0.062957 -0.012709 0.068747 0.01516 0.0007524 -0.00025728 0.0007524 0.00047176 0 0 0 0 -0.0089141 0.0049735 0.010596 0.02483 0.50243 0.1043 0.51244 0.16596 0.0048805 0.00021465 0.0048805 0.00063981 0 0 0 0 -0.0017451 -9.2435e-06 0.0061135 0.02566 0.44553 -0.069747 0.46163 0.10182 0.0048212 -0.00027802 0.0048212 0.0015576 0 0 0 0 -0.00054841 -0.0006552 0.0011756 0.0038589 0.065329 0.0072004 0.066907 0.013155 0.00071425 6.2429e-05 0.00071425 0.00016967 0 0 0 0
-0.0084665 -0.00013255 0.0084736 0.00088356 0.033851 0.0008356 0.078545 0.008264 -0.025547 0.016315 0.073918 0.02538 -0.00011189 -0.00034156 0.0011623 0.00041036 -0.052418 -0.00026058 0.052418 0.0084009 0.26043 -0.010354 0.4751 0.038382 -0.17643 0.098856 0.4155 0.23807 -0.003808 0.0010068 0.010577 0.0039707 -0.063859 0.0053964 0.063859 0.0080202 0.23344 -0.002602 0.42312 0.064733 -0.11775 -0.068423 0.34974 0.14462 -0.0023299 0.00058388 0.010966 0.004049 -0.0092503 0.00045329 0.0092503 0.00058231 0.032328 -0.0018337 0.044197 0.010286 -0.017603 0.00068198 0.053569 0.006593 0.00056519 0.00035384 0.00065586 0.00080922
-0.0031123 -0.00073511 0.0031123 0.00084022 0.035224 -0.0090864 0.061561 0.024532 -0.021004 0.0026775 0.050865 0.0087585 0.0016182 0.00091499 0.004772 0.00138 0.0028845 -0.0094956 0.049719 0.016934 0.015566 -0.064052 0.29075 0.12205 0.26644 -0.083278 0.48317 0.13363 -0.038352 -0.0048724 0.040262 0.013232 0.031543 -0.0010522 0.073878 0.0079282 -0.053791 0.010114 0.3173 0.091344 0.29467 0.055662 0.5673 0.10112 -0.040173 -0.00087967 0.044245 0.0064285 -0.00072913 -0.0007308 0.0078003 0.002203 0.024211 0.0066389 0.057509 0.016475 0.0094661 0.0023 0.057019 0.010419 -0.0063659 -0.00050342 0.0078662 0.0010251
-0.0083175 0.00030058 0.0083175 0.0018104 -0.0049861 -0.0025732 0.10322 0.018992 0.032725 0.032007 0.038041 0.042022 0.0045077 0.00048242 0.0045077 0.0015946 -0.041252 -0.0039895 0.041252 0.0073374 -0.032019 0.018073 0.61325 0.066736 0.2394 -0.040352 0.29045 0.086147 0.014738 0.0033722 0.015298 0.0065114 -0.018193 0.014559 0.037977 0.018956 -0.058875 0.024551 0.45805 0.20706 0.24493 -0.011949 0.30055 0.17207 0.0028957 0.00077443 0.0035153 0.0014943 0.0064273 0.00034868 0.0070494 0.0019302 -0.029323 -0.00092188 0.040032 0.03064 0.035525 0.0076099 0.050729 0.01712 0.0005403 9.6925e-05 0.00062931 0.00032603
-0.00074239 0.0010348 0.0041773 0.0013372 -0.029173 -0.0049355 0.052814 0.02231 0.054424 0.0067622 0.054424 0.0082243 0.00041691 -0.00027618 0.00041986 0.00031996 -0.020245 0.0027854 0.049362 0.0084802 -0.19613 -0.068907 0.34397 0.092098 0.41489 -0.017233 0.41489 0.11716 0.0044743 -0.00035156 0.0045671 0.0008941 -0.021059 -0.0011079 0.041152 0.0034113 -0.13496 0.022936 0.33169 0.066918 0.38837 0.02452 0.38837 0.11844 0.0036203 -0.0011466 0.0042769 0.0019933 -0.003932 8.1297e-06 0.0070545 0.0007863 -0.0058547 0.00088528 0.053515 0.012555 0.040339 0.0090193 0.042277 0.012469 0.00070083 -5.6914e-05 0.00072523 0.00032496
0.0010374 0.0012403 0.0012299 0.004342 -0.000925 0.016236 0.0035058 0.027864 0.072251 0.0093434 0.072331 0.013338 0 0 0 0 0.002445 -0.021999 0.0038518 0.023366 0.038131 -0.10942 0.039356 0.14154 0.45727 -0.0046228 0.45859 0.025803 0.00036539 -0.00011446 0.00036539 0.00011446 0.0019718 0.013446 0.0033878 0.044881 0.046584 0.054269 0.053523 0.25944 0.46523 -0.01774 0.46563 0.079115 0.00036539 0.00011446 0.00036539 0.00011446 3.3996e-05 0.00084485 0.00035026 0.0029229 0.0022428 0.0015247 0.0049025 0.021776 0.083646 0.00040351 0.084508 0.0090953 2.282e-05 -9.5914e-06 2.282e-05 9.5914e-06
-0.0047534 2.3717e-05 0.0047597 0.00032922 0.0035575 0.0093821 0.064434 0.011323 0.026416 -0.0012853 0.069465 0.0029296 -0.0041932 0.0003398 0.0046176 0.00073676 -0.044206 0.00096086 0.044231 0.011017 -0.0062764 -0.050976 0.32073 0.13304 0.23485 0.0053882 0.41842 0.036639 -0.028228 -0.00062803 0.030398 0.0037357 -0.016411 -0.00017076 0.019202 0.0041159 -0.09716 -0.010187 0.57002 0.064724 0.29957 -0.0084943 0.42775 0.028422 -0.031741 -0.001213 0.035895 0.009174 -0.0048381 4.9212e-06 0.0048381 0.00080319 -0.016871 0.0012365 0.078495 0.0087274 0.051383 0.0028841 0.069465 0.0044583 -0.0039688 0.00059658 0.0073577 0.0011808
-0.0052717 0.0036193 0.0091576 0.0049083 0.02534 -0.013039 0.027315 0.016098 0.013945 -0.0056881 0.013953 0.0068068 0.00018412 -2.7574e-05 0.00028514 0.00022648 -0.0030607 -0.049585 0.021809 0.066987 0.24813 -0.027904 0.35658 0.39985 0.057617 0.17477 0.12455 0.24964 -0.0021438 0.0050515 0.0044402 0.0052396 -0.0065282 0.0038218 0.017695 0.011156 0.47765 0.14689 0.48729 0.17109 0.024463 -0.03463 0.037463 0.065306 -0.012473 0.006174 0.016139 0.014602 0.0013203 0.0069987 0.0075837 0.0099345 0.024153 -0.0037812 0.030008 0.035276 -0.00071147 -0.020373 0.0092762 0.020812 -2.3731e-05 -0.0027302 0.0010585 0.0029137
-0.0076033 0.00020368 0.0076901 0.00031598 -0.0011728 -0.0011855 0.063867 0.0068636 -0.00075182 -0.0072302 0.078711 0.010689 0.0057374 -0.00045193 0.0057494 0.0014852 -0.055453 0.0010342 0.056398 0.0033859 -0.14713 -0.088855 0.3644 0.10031 0.12244 0.003535 0.54853 0.065216 0.040902 -0.0018253 0.040902 0.0031391 -0.059044 0.0027157 0.060499 0.0045453 -0.12354 0.029875 0.26989 0.10054 0.13721 0.017472 0.58925 0.064589 0.046285 -0.00022379 0.046285 0.0078776 -0.012421 0.005714 0.012913 0.0058426 -0.017315 -0.00027121 0.040743 0.01922 0.019486 -0.018943 0.034511 0.036 0.0010713 0.004096 0.0060929 0.0044172
-0.0026411 0.00023707 0.0065982 0.0014749 -0.027015 0.0023884 0.082408 0.00668 0.053368 0.0032692 0.05343 0.0080883 -0.002011 3.0341e-05 0.0022492 0.00027322 -0.024762 0.004427 0.040431 0.013197 -0.17518 -0.016504 0.52296 0.087172 0.34686 0.0033715 0.35393 0.061698 -0.012923 8.8857e-05 0.013654 0.0046135 -0.030027 -0.0057253 0.030569 0.019011 0.027734 -0.00067094 0.50647 0.14606 0.19115 0.063002 0.30113 0.074114 -0.010671 0.00012085 0.011232 0.0033052 -0.0038718 5.6311e-06 0.0043309 0.0025779 0.029243 -0.00041005 0.034406 0.0061026 0.010966 -2.2185e-05 0.048048 0.0019865 -0.00082083 -0.00010565 0.0016275 0.00048714
-0.0016 -0.0012892 0.0026933 0.0024832 0.0547 0.0021278 0.061364 0.014129 -0.0039638 -0.00013426 0.026239 0.018957 -0.0020664 -0.00076987 0.0025708 0.0018556 -0.003829 -0.002417 0.011138 0.0057422 0.41882 0.013762 0.49961 0.081318 -0.17387 -0.13681 0.20932 0.1511 -0.030543 -0.030443 0.039302 0.039677 -0.009204 -0.0069856 0.010888 0.0079651 0.24101 -0.051813 0.36181 0.13831 -0.21633 -0.22041 0.25042 0.2523 0.029436 0.021814 0.03021 0.021814 0.0026532 0.0019648 0.003063 0.0022643 -0.013098 -0.010038 0.034779 0.024043 0.019977 0.016008 0.024977 0.019919 0.0010476 0.00066819 0.0011611 0.00073042
-0.0038034 0.00015508 0.0039819 0.00020629 -0.023594 -0.00079957 0.099151 0.007363 0.018986 -0.0065028 0.067287 0.0085584 0.0049758 -0.00049557 0.0049798 0.0011913 -0.028074 0.00070596 0.030061 0.0025861 -0.1762 -0.085514 0.41932 0.10061 0.14885 0.012975 0.50489 0.042719 0.031836 -0.002193 0.031836 0.0036904 -0.029159 0.00050079 0.034239 0.0026264 -0.14349 0.020678 0.33679 0.11702 0.15557 0.011161 0.54 0.055068 0.038025 -2.8587e-05 0.038025 0.0061229 -0.0068409 0.0030926 0.0074865 0.0034905 -0.015692 -0.0010634 0.045989 0.013484 0.017209 -0.012782 0.040535 0.022097 0.0021628 0.0032556 0.0044224 0.0033914
-0.0030529 -0.00039354 0.0031287 0.0008643 0.0065702 -0.00019257 0.04623 0.010814 0.032915 0.0050841 0.041729 0.0072007 0.0037591 0.0017631 0.0053208 0.0028646 -0.031639 -0.0051682 0.031819 0.0070446 0.28144 0.072069 0.48733 0.12719 0.063734 0.036968 0.2181 0.088984 0.0080068 0.018275 0.053381 0.064656 -0.013359 -0.0099782 0.036223 0.014962 0.19794 0.035332 0.46214 0.30401 0.22765 0.034622 0.3895 0.14251 0.0057398 0.0060094 0.029093 0.013388 0.0054182 -0.0020267 0.010987 0.0029622 0.0060536 0.018425 0.068621 0.057203 0.021838 0.0045005 0.051764 0.0092173 -0.0034267 -0.0011403 0.0064118 0.0016511
-0.00070058 -0.0002938 0.00098407 0.00097111 -0.041618 -0.019581 0.041618 0.019581 0.043204 0.033876 0.048792 0.040746 -0.0025216 0.015642 0.0061519 0.01575 -0.034705 -0.017262 0.035038 0.017363 -0.11039 -0.064298 0.16823 0.071768 0.47098 -0.070151 0.52462 0.36294 0.0061329 -0.010063 0.032442 0.02652 -0.038449 -0.014593 0.038449 0.015987 0.030912 0.054951 0.11245 0.078216 0.23241 0.0084004 0.38852 0.2356 0.055881 -0.016194 0.066598 0.022581 -0.002022 0.0013033 0.0026688 0.0019278 -0.0039855 0.0013476 0.034735 0.022841 0.031306 -0.0025554 0.037841 0.022345 0.0024771 0.0031366 0.0052205 0.0043206
-0.001312 -0.00029854 0.0046932 0.00066822 0.047283 0.012288 0.065475 0.013685 -0.023785 0.023231 0.046065 0.071579 -0.0020769 0.00047338 0.0059041 0.00091073 -0.0079981 -0.0013014 0.025987 0.0030427 0.325 -0.0054708 0.42973 0.024427 -0.14918 0.02619 0.24684 0.33151 -0.008175 -0.0032901 0.018522 0.0089709 -0.005326 0.00032612 0.019106 0.0052666 0.3388 0.0017316 0.39949 0.045156 -0.16519 -0.011992 0.34517 0.25407 -0.0036523 0.0053568 0.015524 0.014334 -0.00055837 -4.1312e-05 0.002035 0.00055332 0.050724 -0.031164 0.071348 0.032314 -0.011471 0.0025764 0.020566 0.0078735 0.002767 2.0847e-05 0.0048135 0.00052873
0.0002911 -8.8497e-05 0.0040366 0.00023303 -0.026269 0.0012602 0.048844 0.010265 0.063263 -0.0075271 0.063263 0.0085473 0.00051595 -0.00038904 0.00052247 0.00040903 0.00056632 -0.000383 0.017235 0.0018729 -0.15803 0.010506 0.39734 0.10766 0.40536 -0.032081 0.40536 0.066947 0.0028462 -0.00060382 0.0033621 0.001016 0.0020524 0.001482 0.011971 0.0021209 -0.18206 0.028791 0.30193 0.091239 0.39633 0.028929 0.39633 0.042618 0.0025563 -0.00071594 0.0032169 0.0011869 -0.0014181 0.00087524 0.0029599 0.0015317 -0.026921 -0.0016659 0.047196 0.012417 0.055096 -0.0006416 0.055096 0.003592 0.00045668 -0.00023277 0.00045668 0.00025022
0.005748 0.001693 0.0057867 0.0032706 -0.022771 -0.0042423 0.061735 0.010479 0.041447 -0.00040329 0.041447 0.0032138 0.00047942 -3.6159e-06 0.00047942 0.00018113 0.0053034 -0.00017575 0.051485 0.010623 -0.19362 0.014742 0.42421 0.052466 0.325 -0.038025 0.325 0.11605 0.0042832 0.0005386 0.0050846 0.0024185 0.034156 -0.00018099 0.04414 0.017926 -0.25329 0.017027 0.44421 0.10836 0.34947 0.0097728 0.34947 0.082717 0.0059252 -0.0001378 0.0059739 0.0018792 0.0092196 -0.00097579 0.009295 0.0012569 -0.039481 -0.00095709 0.084082 0.010036 0.052088 0.0028728 0.052088 0.0064903 0.0011598 -7.9217e-05 0.0011598 0.00050982
0.00035165 0.0001853 0.0012451 0.00025592 -0.022293 -0.00037327 0.02373 0.0056917 0.066112 -0.003992 0.072191 0.0083761 -0.0032786 -0.0029642 0.0057124 0.0030974 0.0015334 0.0001576 0.0065302 0.0031834 -0.1327 -0.018537 0.14256 0.059761 0.42148 -0.056858 0.46726 0.11215 -0.051351 0.0070962 0.056089 0.026225 0.0038798 0.0010321 0.0074061 0.0018775 -0.10233 0.054294 0.24926 0.12993 0.24616 -0.059634 0.57543 0.17901 0.0031395 -0.023469 0.039539 0.041741 -0.00025255 0.00011091 0.0010609 0.00019155 -0.0041477 -0.00040128 0.030426 0.0034756 -0.002993 -0.020138 0.058226 0.021212 0.0023169 -0.00052637 0.0075909 0.0011223
-0.0065199 -0.00074474 0.0065515 0.0016191 -0.010861 0.0020064 0.066327 0.0075168 0.055023 5.5835e-05 0.072844 0.0042795 -0.0044347 0.00038345 0.0052093 0.0014247 -0.052494 0.0021723 0.052494 0.0057778 -0.048031 0.0052666 0.46301 0.067063 0.35667 0.0045596 0.46567 0.025063 -0.0083346 0.005809 0.027912 0.018077 -0.033506 -0.011597 0.033795 0.024822 0.042496 0.016606 0.32401 0.14139 0.28279 0.010611 0.43961 0.025578 -0.028773 -0.0050335 0.043694 0.019434 -0.0057909 0.0030388 0.0057909 0.0050016 0.014599 -0.00074329 0.032633 0.0044519 0.036127 -0.0011933 0.065635 0.0028984 -0.0025245 0.00050184 0.002988 0.0020566
0.004519 0.0011278 0.005737 0.0012836 -0.022723 -0.0059228 0.025234 0.0067407 0.068323 -0.0044588 0.077282 0.014634 -0.0037014 -0.0032691 0.0068308 0.0041165 0.020494 0.0034656 0.026002 0.0042249 -0.16764 -0.0090793 0.17601 0.048734 0.45011 -0.043341 0.49888 0.08653 -0.086817 0.0022737 0.089605 0.036089 0.012897 0.0045475 0.019424 0.0059259 -0.07117 0.022779 0.22653 0.069231 0.19684 -0.090855 0.53863 0.19726 -0.015847 -0.020629 0.053197 0.052854 0.00081542 0.0012248 0.001662 0.0013079 -0.011806 0.0042114 0.036446 0.0053569 -0.0042518 -0.014161 0.026092 0.016909 -0.0017282 -0.00024289 0.005174 0.001064
-0.01519 -0.0007741 0.016048 0.00086906 -0.025978 -0.0053137 0.02659 0.0067238 0.034498 0.0014554 0.0777 0.013031 -0.0017289 -0.00083894 0.0054528 0.0014954 -0.11099 0.0012561 0.11644 0.0021646 -0.15897 -0.029156 0.17051 0.069417 0.1929 -0.020355 0.5915 0.024186 0.0074159 0.0032344 0.022406 0.0097628 -0.10816 0.00013709 0.11477 0.0030408 -0.18911 0.050941 0.19435 0.05538 0.19911 -0.0055011 0.59963 0.023116 0.037138 0.0085699 0.037688 0.015162 -0.015111 0.0001769 0.016248 0.00023546 -0.022056 -0.00054188 0.027709 0.0063442 0.024798 0.0008475 0.081021 0.0065024 0.0020655 -0.00044186 0.0035526 0.0014818
-0.00017361 0.00011776 0.0011896 0.00037511 0.013016 -0.010454 0.078306 0.017024 0.033982 -0.021419 0.049085 0.025724 -0.0091994 0.00017261 0.011476 0.00040443 -0.007449 0.00045526 0.015962 0.0044736 -0.16034 0.057343 0.25078 0.11193 0.41103 -0.052719 0.51356 0.083074 -0.05584 0.0022709 0.080853 0.0071999 -0.027408 -0.0041771 0.038304 0.0055763 -0.14847 0.011278 0.30522 0.045779 0.37825 0.049019 0.37985 0.074246 -0.044098 0.001464 0.069694 0.0028471 -0.0072725 -0.00018785 0.0088332 0.00026826 -0.017682 0.0013439 0.052538 0.0026798 0.05657 -0.0040151 0.056598 0.0047364 -0.0059508 0.00037889 0.0096563 0.0003958
0.0025993 -0.0003052 0.0082658 0.00078466 0.024776 -0.0013633 0.052223 0.0054923 -0.013749 -0.0025095 0.076681 0.0094266 -0.0020496 -0.0010524 0.008295 0.0025541 0.0076941 -0.0015361 0.044316 0.0067139 0.27551 0.038783 0.38453 0.05715 -0.26086 0.050702 0.52539 0.10697 0.029676 0.00095277 0.0495 0.02034 -0.020041 -0.0021136 0.056918 0.0066192 0.25595 -0.056333 0.33647 0.086616 -0.073718 0.0097099 0.39285 0.17464 0.010524 0.017089 0.028169 0.023242 -0.0017129 0.00050886 0.0057927 0.00064668 0.038239 0.001745 0.068129 0.0073384 -0.036653 -0.026346 0.052105 0.040145 0.005741 -8.8377e-05 0.0073235 0.0052925
-0.0016438 -0.00040343 0.0016438 0.00045643 -0.05518 0.0042261 0.05518 0.021106 0.04908 0.012314 0.056297 0.015261 -0.013338 0.000181 0.015152 0.0049377 -0.033434 -0.0031261 0.033864 0.0094043 -0.26567 -0.12612 0.27836 0.16089 0.26758 0.003981 0.5607 0.1564 -0.047286 -0.019577 0.0705 0.026433 -0.026573 -0.029582 0.032139 0.044741 -0.17471 0.012972 0.216 0.16823 0.19726 -0.083203 0.42236 0.17896 0.015227 0.037113 0.050382 0.038454 -0.0024213 -0.0024755 0.0035434 0.0080156 -0.0079511 -0.003984 0.038956 0.028965 0.016203 0.0037769 0.029073 0.016082 -0.0037297 -0.00043665 0.0037394 0.00056862
-0.0052613 0.00091724 0.0085599 0.0011737 0.0017842 -0.0045267 0.021487 0.0099441 0.040374 -0.019787 0.040374 0.039762 0.00038325 -0.00015878 0.00054698 0.00037385 -0.0098271 -0.0063904 0.042729 0.016764 -0.019844 0.067348 0.31456 0.15891 0.21952 0.027442 0.22846 0.21982 0.0051938 -0.00084494 0.0053234 0.0034684 -0.046817 -0.01494 0.054041 0.024005 -0.11896 0.066648 0.61706 0.16677 0.35381 -0.027216 0.35381 0.10537 0.004436 -4.5926e-06 0.004436 0.0019908 -0.0073524 0.00085645 0.0074683 0.0015078 -0.0137 -0.0060206 0.10582 0.021744 0.042241 -0.0016163 0.063282 0.0068038 0.00057554 -0.00011769 0.00062223 0.00018849
-0.0047117 -0.0005988 0.0047133 0.0012465 0.0080014 0.017538 0.045023 0.020725 -0.0085625 0.0051254 0.080121 0.01963 0.0045255 0.0014007 0.0046464 0.0021148 -0.018479 -0.024091 0.023433 0.0242 0.31473 -0.036493 0.51163 0.15008 -0.33388 -0.053268 0.41966 0.13767 0.026222 0.0085256 0.027385 0.020412 -0.010321 0.012741 0.015223 0.019673 0.11309 -0.032729 0.25863 0.13342 -0.01549 0.0070495 0.38854 0.19387 0.0093443 0.0038206 0.022073 0.0059572 -0.001737 -0.0039219 0.0020993 0.0071744 0.0036708 0.0091534 0.022587 0.016126 0.018341 0.0044226 0.042957 0.0080029 0.0022509 0.00065682 0.0041297 0.00072575
-0.0033645 0.0013156 0.003372 0.0034531 0.048322 0.020606 0.052061 0.034438 0.001205 -4.6761e-05 0.001205 0.00036169 0 0 0 0 -0.0068698 -0.020692 0.012216 0.021444 0.406 -0.029055 0.44988 0.21424 0.010325 0.0010495 0.012398 0.004638 0 0 0 0 -0.0040826 -0.01418 0.0074522 0.021152 0.51915 -0.072021 0.53011 0.10611 0.0023129 -0.0013094 0.0027652 0.0022185 0 0 0 0 -6.7651e-05 0.0023973 0.00095139 0.0036992 0.064946 0.027319 0.065122 0.032099 0.00025361 0.0001119 0.00025361 0.00014068 0 0 0 0
-0.007956 0.00010356 0.0094798 0.0002566 -0.010953 0.0077198 0.036042 0.013508 0.0013849 0.0061866 0.021514 0.022572 0.0020122 -0.0021825 0.0021908 0.0034147 -0.061011 -4.4982e-05 0.066217 0.0083465 0.22468 -0.041412 0.39854 0.11058 -0.19751 0.060182 0.37346 0.090648 0.039106 0.010284 0.039106 0.012384 -0.060156 -0.00011594 0.068061 0.00079608 0.27839 -0.0011149 0.4494 0.092493 -0.23736 -0.049684 0.44061 0.078254 0.031995 0.00072507 0.032001 0.0046764 -0.0091114 0.00032297 0.0096346 0.00039257 0.047062 -0.0019829 0.072875 0.01035 -0.037955 -0.00078095 0.072726 0.0094255 0.0038889 0.00017051 0.0039149 0.0021462
-0.00051163 -6.1058e-05 0.00051163 0.0003443 0.033056 0.0008802 0.063554 0.011284 -0.03451 0.00047142 0.069402 0.004206 0.001177 1.1068e-05 0.001178 0.00011686 -0.0041811 0.00037933 0.0041811 0.0021363 0.23236 -0.0059622 0.47792 0.067113 -0.22 0.019299 0.44426 0.041986 0.0060603 -0.0009248 0.0060603 0.0014384 -0.0050668 -0.00090132 0.0050668 0.002731 0.22446 -0.03887 0.4265 0.041165 -0.17856 0.057306 0.40811 0.10053 0.0027375 0.0017803 0.0027375 0.0018611 -0.00059777 0.00061052 0.00059777 0.00072856 0.0027037 0.0014135 0.027377 0.010515 0.012691 -0.014432 0.060606 0.037847 0.00032013 0.00071023 0.00035939 0.00071023
-0.002258 0.00016041 0.0046601 0.00059338 0.034827 0.0011971 0.067565 0.0075872 -0.0082195 0.00055599 0.034225 0.023682 0.0014577 0.00037699 0.0049123 0.00076014 -0.011643 -0.0024197 0.029843 0.0041284 0.23443 0.028953 0.47384 0.040904 -0.1015 0.080637 0.26088 0.36749 0.014868 0.0012692 0.034609 0.0032881 -0.0074091 -0.00016951 0.027036 0.0037759 0.31986 -0.038487 0.39894 0.047924 -0.15976 -0.066943 0.31904 0.2825 0.0035541 -0.00046677 0.022765 0.0096471 -0.0010227 -0.00015813 0.0034499 0.00074894 0.051955 -0.0041689 0.061978 0.0055777 -0.019203 0.0074664 0.041937 0.029403 -0.00081069 0.0010945 0.0015082 0.0022845
-0.0053544 0.00019743 0.005367 0.0006314 -0.036412 -0.0013627 0.038659 0.017593 0.029166 0.0030976 0.079289 0.0039277 -0.0028517 0.00018783 0.0059098 0.0015503 -0.026219 0.0016756 0.026607 0.0039377 -0.28687 -0.0066328 0.28895 0.08437 0.28633 0.0094727 0.4621 0.085423 -0.056793 0.018207 0.075752 0.020894 -0.023013 0.00084785 0.023013 0.0030098 -0.27855 0.071318 0.28311 0.098506 0.26218 -0.016352 0.48679 0.086595 -0.04953 -0.0094303 0.065216 0.019539 -0.0017385 -0.00098656 0.0017963 0.0015836 -0.041689 -0.013177 0.043148 0.0235 0.036831 -0.014035 0.042435 0.019081 -0.0092202 0.0025626 0.014178 0.0030061
0.0034109 -0.00061192 0.0042002 0.003028 0.048466 -0.0076334 0.05397 0.016259 0.0029379 -0.0016859 0.027059 0.0081084 -0.0010197 -9.1476e-05 0.0032516 0.00034041 -0.018924 -0.0011965 0.030362 0.019384 0.35358 0.041906 0.57159 0.073453 0.037553 0.013101 0.2161 0.041595 -0.0094664 -0.00046614 0.027595 0.0027917 0.00041167 0.00023294 0.019355 0.0035267 0.27685 -0.031853 0.58977 0.10171 0.095074 -0.03877 0.14315 0.094113 -0.012307 -0.00077954 0.027687 0.0016752 0.00032391 -1.5139e-05 0.0038264 0.00046113 0.0379 0.015727 0.046218 0.017689 0.0083237 0.0023311 0.028608 0.0066877 -0.0018028 -7.4341e-05 0.0038123 0.0003115
-0.0091619 6.9985e-05 0.010227 0.00031055 0.0066534 -0.010322 0.042231 0.016046 -0.016383 0.010432 0.03733 0.019108 0.003028 0.0019348 0.0030826 0.0052067 -0.065322 -0.0056657 0.070658 0.014535 0.21027 0.031045 0.36361 0.10844 -0.16745 -0.012385 0.40296 0.092219 0.032195 0.0066922 0.032195 0.0071224 -0.058751 0.00024278 0.06384 0.001253 0.29132 -0.030052 0.45773 0.068244 -0.24939 -0.024604 0.45405 0.060872 0.028727 0.00022145 0.028749 0.0042559 -0.0087771 0.00010385 0.0092274 0.00015887 0.046104 -0.0065546 0.071695 0.0090221 -0.034542 0.0065814 0.069294 0.010375 0.0031088 -0.00015445 0.0032627 0.0037034
-0.003394 -0.00067572 0.0039527 0.0014283 0.062547 0.016046 0.072798 0.023049 0.028019 0.0062524 0.031667 0.0073105 0.00056127 0.00010835 0.00063343 0.00040065 -0.025381 0.0045205 0.026667 0.016376 0.22718 0.0022401 0.24173 0.15209 0.34806 -0.080756 0.34806 0.16307 0.0044456 0.00045185 0.0044456 0.0025131 -0.017429 -0.0016988 0.028874 0.017337 0.20655 0.00039066 0.22517 0.38814 0.33941 0.081722 0.34263 0.27878 0.0034371 0.00055143 0.0048559 0.0027827 0.0060181 -0.001046 0.010006 0.0036327 0.00038526 0.045062 0.017717 0.051853 0.064673 0.026617 0.065777 0.030393 0.00055216 0.00013489 0.00055216 0.00052278
-0.00094813 -0.0017414 0.0025946 0.0020458 -0.011552 -0.010211 0.04017 0.039779 0.030671 0.039399 0.069383 0.058998 -0.0015866 0.010358 0.0041074 0.010513 -0.010736 -0.023655 0.048098 0.042094 0.098734 -0.19073 0.3316 0.34047 0.2565 -0.032029 0.4156 0.15989 -0.014283 -0.011121 0.022543 0.018291 -0.027894 0.0011371 0.048606 0.024559 0.089815 0.099043 0.17848 0.20433 0.34503 0.017094 0.44712 0.11821 0.0077253 0.014713 0.028487 0.03153 0.0020055 0.00088942 0.0047937 0.0034576 -0.0029288 -0.0033868 0.019691 0.017565 0.06957 0.022378 0.072448 0.024097 -0.0027746 -0.0011217 0.0027746 0.0015678
-0.00029023 -0.00055488 0.0047199 0.0013706 0.034107 -0.0019281 0.061807 0.0032713 -0.033968 0.0007741 0.046163 0.0031593 0.00079649 -7.8196e-05 0.0070487 0.00026278 0.017047 0.00095206 0.054917 0.008224 0.23705 -0.013952 0.49021 0.0286 -0.26096 0.00083957 0.3165 0.045448 0.021136 -0.0035983 0.031409 0.0077473 0.029076 -0.00087393 0.063506 0.0080891 0.23926 0.015698 0.50141 0.030351 -0.28711 0.053578 0.31218 0.091001 0.040075 -0.003077 0.041191 0.0091799 0.0015742 -0.0015623 0.0045255 0.0017649 0.03402 0.0010957 0.062414 0.0049279 -0.036878 -0.019178 0.044986 0.027088 0.0073586 0.00059448 0.0075034 0.00068041
0.0039905 0.0021354 0.0095154 0.0027376 -0.0072047 0.014941 0.027794 0.016334 0.037008 0.002675 0.069346 0.0097261 0.00062456 -0.00015609 0.00062456 0.00016347 0.050201 0.0046399 0.072654 0.016151 -0.27077 0.042585 0.42548 0.13715 0.27221 -0.015162 0.40173 0.036671 0.0044868 -0.0010397 0.0044868 0.0022719 0.037155 0.0013384 0.050556 0.0037744 -0.29965 -0.0098012 0.40733 0.080914 0.28949 0.014414 0.32496 0.050825 0.0049289 0.00041175 0.0049289 0.00080253 0.0059598 0.00065581 0.0075404 0.0036269 -0.052911 -0.0044471 0.070424 0.0093237 0.0525 -0.0055614 0.0525 0.0076194 0.00075437 6.3797e-05 0.00079719 0.00026954
-0.0052425 -0.0002083 0.00533 0.0015483 -0.013718 0.0086528 0.072662 0.014571 0.039341 -0.0085697 0.03937 0.016414 0.00055534 -0.00012036 0.00055534 0.00025516 -0.040747 7.364e-05 0.040807 0.00768 -0.10717 -0.039544 0.50045 0.053887 0.28975 0.0049181 0.28975 0.041917 0.0020739 0.00015281 0.0022045 0.0012367 -0.047682 0.0018773 0.047682 0.0082831 -0.038677 -0.001839 0.60501 0.041758 0.25189 0.039795 0.26422 0.17663 0.0024178 -0.00011508 0.0025946 0.0020262 -0.0044417 0.0005931 0.004457 0.00092023 -0.00082631 0.0043969 0.092009 0.010716 0.02616 -0.0098366 0.039976 0.016386 0.00097209 -0.00016219 0.0010693 0.00023999
-0.00053724 0.00042509 0.006607 0.0016841 0.066955 0.00903 0.084802 0.010768 -0.026744 0.0028122 0.037824 0.026616 -0.0069061 -0.00038722 0.010399 0.0013807 0.022799 -0.002174 0.058535 0.0088279 0.36348 0.023047 0.50946 0.048111 -0.15891 -0.027744 0.18356 0.15854 -0.03942 -0.000676 0.064809 0.002736 0.02471 0.0021834 0.066227 0.012346 0.3932 -0.024904 0.47361 0.05867 -0.17975 0.041078 0.20964 0.119 -0.045862 -0.0038238 0.070076 0.015762 0.00399 -0.00011932 0.009631 0.00083341 0.017989 -0.018165 0.039216 0.025773 0.0073074 -0.015897 0.068686 0.01832 -0.00063303 -0.00076227 0.0081053 0.0012618
0.0074936 0.001069 0.010912 0.0053212 0.011946 -0.012167 0.02944 0.015366 -0.0072631 0.016811 0.090917 0.048545 -0.0015357 0.00046698 0.0050592 0.0010098 0.033191 0.0016573 0.073003 0.0035293 0.081509 -0.0033561 0.24739 0.10158 -0.007004 -0.026952 0.53509 0.43093 -0.017032 0.0020441 0.044989 0.0051229 0.019666 -0.0038745 0.05597 0.0055284 0.20435 -0.017394 0.34287 0.055874 -0.076395 0.002542 0.46615 0.15361 -0.021351 -0.00050761 0.043036 0.0097419 0.0025992 -0.00015107 0.0083143 0.00078265 0.02587 0.0011294 0.035988 0.014478 -0.01093 0.029685 0.087272 0.036362 -0.00057701 7.4593e-05 0.0031865 0.00067147
0.00068442 0.00019359 0.0023743 0.00075118 0.049714 0.0074028 0.053829 0.013151 -0.025366 0.017735 0.02971 0.036824 0.0013917 0.0013764 0.0036216 0.0047622 -0.0060914 -0.0028687 0.015137 0.0084433 0.40213 -0.030046 0.47306 0.19643 -0.1002 -0.027697 0.10243 0.059356 0.0057186 -0.00085723 0.035076 0.011636 -0.0030694 -0.00088587 0.019335 0.0061145 0.43378 -0.021954 0.50974 0.061908 -0.13511 -0.045761 0.20751 0.093459 -0.0069693 -0.0049671 0.020125 0.016861 -0.00085992 -0.0007783 0.0025217 0.00091373 0.065656 -0.0093261 0.081365 0.0093261 -0.022617 -0.0088891 0.044315 0.013963 -0.0060281 -0.0040541 0.0060408 0.0040628
0.0050811 -0.00051537 0.0063097 0.0016717 0.045375 -0.0050728 0.065755 0.0073707 -0.028495 0.01107 0.032743 0.012944 -0.0042979 0.0075914 0.0069506 0.0077188 0.019537 -0.0044476 0.027771 0.0083951 0.36419 0.010102 0.47624 0.056117 -0.18927 -0.0074929 0.29718 0.091948 -0.027742 -0.01471 0.047203 0.038463 -0.0015759 0.0046462 0.021016 0.008093 0.35108 -0.0052774 0.49871 0.049577 -0.16369 -0.03497 0.23673 0.1344 -0.036881 0.0019665 0.061015 0.0064735 0.00082647 -9.7327e-05 0.0055203 0.0011227 0.040812 0.0017033 0.06947 0.0052219 -0.01651 -0.0063802 0.022156 0.012233 -0.004801 0.0003881 0.0080719 0.00055304
-0.0011246 0.00014203 0.0011246 0.00040216 -0.036184 0.0049516 0.036244 0.0091101 0.034954 0.010631 0.078843 0.015863 -0.0018951 0.0027308 0.015474 0.0039226 -0.0057988 -0.00028673 0.0059479 0.0025536 -0.19425 -0.0076869 0.36145 0.062336 0.21657 -0.018681 0.4754 0.10641 -0.0092063 0.0019729 0.074764 0.044605 -0.0044961 -0.00060034 0.0046451 0.0011432 -0.24223 0.019168 0.38768 0.047362 0.22155 0.01181 0.49418 0.081022 0.0088565 0.0048938 0.039107 0.0074624 -0.00050086 0.00017583 0.00050086 0.00017583 -0.032802 0.0056398 0.066379 0.0098761 0.029171 -0.0066763 0.066577 0.015161 -0.00029666 -0.00056261 0.0082397 0.0017698
0.0023747 -0.00079449 0.0037387 0.0010279 0.059071 0.004889 0.075964 0.0081138 -0.031104 0.0022647 0.031735 0.0077319 -0.0016581 0.00094556 0.006311 0.0066737 -0.0049412 0.0095193 0.022596 0.013579 0.37956 0.015898 0.52573 0.047391 -0.15065 0.0006723 0.21905 0.14853 -0.044565 -0.0022509 0.058382 0.0070487 -0.0056993 -0.0028097 0.058638 0.011438 0.3329 -0.0085917 0.50077 0.04213 -0.1132 -0.042249 0.17664 0.19727 -0.041834 0.0034677 0.052395 0.0049465 -0.00094561 1.1576e-05 0.0081047 0.0015569 0.058995 -0.0073388 0.062264 0.0086382 -0.022918 0.011302 0.03782 0.022571 -0.0064079 0.00060334 0.0075835 0.0016079
-0.00035712 -0.002023 0.00631 0.0037584 -0.047415 -0.0028277 0.10363 0.018232 0.027364 -0.0027944 0.04234 0.021874 0.021676 -0.00057143 0.022466 0.0047928 0.027751 0.0024214 0.055296 0.014514 0.045212 -0.054333 0.61132 0.33828 -0.095811 0.12606 0.18737 0.12922 0.17665 0.0065092 0.1847 0.010294 -0.001321 0.0045079 0.034463 0.018475 0.22935 0.047894 0.38266 0.11054 -0.11044 -0.015736 0.23495 0.049047 0.15613 0.015526 0.16317 0.017495 -0.00087782 -0.00094069 0.0040043 0.0018426 0.027335 0.0084416 0.043376 0.015282 -0.00033501 -0.0035479 0.053278 0.012124 0.013271 0.0024866 0.015106 0.0029173
0.00016965 0.00012294 0.0013523 0.0011483 -0.0035088 -0.00015657 0.0068184 0.0034833 -0.025048 -0.019351 0.029712 0.019571 0.0029967 5.5604e-05 0.0049074 0.0033321 0.00052408 0.0021013 0.0048457 0.0046671 -0.23794 -0.15658 0.25048 0.15961 0.29771 0.012239 0.42637 0.27816 -0.027264 0.030231 0.049606 0.053036 -0.013716 -0.0091404 0.015993 0.010701 -0.15643 -0.13427 0.30768 0.1588 0.29792 -0.067804 0.39074 0.22149 0.0095116 0.0008328 0.022147 0.016283 -0.0086096 -0.0056077 0.0086603 0.0056216 -0.00078415 0.020544 0.036293 0.032841 0.058077 0.036533 0.069152 0.042723 0.0013652 -8.3282e-05 0.0041333 0.0024076
-0.01033 0.0011148 0.010338 0.001348 -0.0061036 0.0074084 0.023542 0.012538 0.022403 -0.0070767 0.042621 0.011669 0.0094996 -0.0016108 0.010561 0.0030521 -0.078932 -0.00033211 0.078932 0.019711 0.17132 0.043279 0.36314 0.13449 -0.074404 0.098668 0.42424 0.10911 0.081493 0.0043998 0.087799 0.010645 -0.059159 -0.0059777 0.060249 0.020004 0.25727 -0.025137 0.48739 0.1301 -0.16113 -0.047063 0.43269 0.11716 0.072217 -0.0024336 0.07904 0.012332 -0.0067357 0.0017269 0.0079243 0.00327 0.030045 -0.0080331 0.05642 0.019458 -0.022736 0.00011329 0.074066 0.00942 0.010776 -0.00036776 0.011212 0.0007336
0.0016235 -0.0052503 0.006652 0.0057302 0.040811 0.0099507 0.047963 0.030114 0.015796 -0.0075779 0.034667 0.040604 -0.0093827 -0.0012383 0.011257 0.0019068 0.0023295 0.041666 0.02254 0.062647 0.26739 -0.038919 0.62292 0.14479 0.16173 -0.052425 0.16254 0.13311 -0.069999 0.001303 0.091497 0.0027245 0.04795 0.057311 0.067153 0.099568 -0.15636 0.13375 0.38525 0.22211 0.23153 0.072165 0.23638 0.12123 -0.08496 -0.0087805 0.094453 0.018713 0.0024694 -0.013546 0.0087856 0.015196 -0.01544 -0.017679 0.06952 0.020043 0.046033 -0.0023166 0.046033 0.0063367 -0.014063 -0.0003736 0.014734 0.00092027
-0.0075935 0.00052189 0.0075935 0.00073516 0.017319 0.0092743 0.088054 0.017763 -0.017109 4.8785e-05 0.03171 0.01087 0.022305 -0.0050471 0.023731 0.0061033 -0.050627 -0.00096039 0.050627 0.0038435 0.15985 0.031953 0.55196 0.09612 -0.16935 -0.03323 0.24274 0.23839 0.053794 -0.035563 0.071275 0.037604 -0.052411 -0.0027967 0.052619 0.0055031 0.12633 -0.067013 0.56535 0.1266 -0.1303 -0.021756 0.22954 0.20655 -0.0035538 -0.010022 0.028417 0.010203 -0.0073541 0.00073496 0.0073997 0.00098796 0.0012251 0.013312 0.095857 0.023382 -0.0063317 0.0050639 0.037632 0.0095851 -0.0011641 -7.4358e-05 0.0028189 0.00032763
-0.012036 -0.0024768 0.012053 0.002679 0.0079716 -0.0079421 0.059683 0.020629 0.015496 -0.0046468 0.083759 0.024883 -0.0022858 -0.00075884 0.0044877 0.0018875 -0.11784 -0.0094691 0.11784 0.019699 0.37263 0.063199 0.49217 0.15007 -0.12612 -0.019143 0.39902 0.10951 -0.003159 -0.0006674 0.03324 0.008806 -0.099106 -0.026876 0.099106 0.033315 0.21313 -0.099459 0.30144 0.19027 0.0078531 -0.12251 0.32962 0.16705 0.01773 0.0040235 0.037409 0.0077077 -0.0091416 0.00015934 0.0091416 0.004088 -0.0035689 0.013649 0.020308 0.01863 0.032161 0.003483 0.054564 0.025066 0.0023501 0.00036477 0.0071489 0.0012161
0.0050469 -0.00057429 0.01428 0.00081413 0.0057104 -0.0084155 0.079322 0.015919 0.039859 3.8732e-05 0.039859 0.0053299 0.00034254 0.00021732 0.00050123 0.00028873 0.040943 -0.0026361 0.10126 0.0053898 0.15063 0.092203 0.55166 0.15982 0.12925 0.00076802 0.1926 0.29063 0.0020608 0.00086454 0.0027977 0.003961 0.085606 -0.0059535 0.10123 0.013259 0.088497 -0.050202 0.58241 0.17115 0.1038 -0.0033026 0.2175 0.10582 0.0038781 6.2657e-05 0.0051714 0.0037536 0.013631 -0.002633 0.015461 0.0032643 -0.015064 0.016537 0.078883 0.02576 0.038265 -0.010174 0.054183 0.016751 0.00035204 -0.0001849 0.00037457 0.00028923
-0.0014078 0.001701 0.0050391 0.0048545 0.020516 0.0015858 0.037659 0.020762 0.041678 0.055254 0.044287 0.061427 0.0011768 0.000268 0.0012266 0.0014856 -0.0070708 -0.001583 0.051299 0.028823 0.13815 0.0282 0.32358 0.29615 0.21139 -0.049165 0.22854 0.47476 0.010903 -0.0010165 0.012187 0.0048269 -0.020156 0.033155 0.051062 0.051926 0.14677 -0.039939 0.41627 0.16402 0.18927 0.019299 0.24632 0.32617 0.02457 -0.00077905 0.02566 0.012796 -0.012678 0.00083929 0.026355 0.0038973 0.024814 0.019507 0.05053 0.034086 0.050404 0.016611 0.050482 0.023527 0.00072427 2.0679e-05 0.00072427 0.0012734
0.00092114 -0.0013701 0.0080616 0.0022614 0.037064 -0.00090573 0.070855 0.0095625 -0.051089 0.011633 0.052305 0.025677 0.010333 6.9666e-05 0.010828 0.00058961 0.0057436 -0.0025224 0.032002 0.010227 0.28725 0.010867 0.53231 0.030198 -0.2587 -0.019445 0.32835 0.18213 0.039235 0.0053977 0.04106 0.006114 -0.0075263 0.0065216 0.026827 0.0087712 0.22378 -0.017813 0.44871 0.10879 -0.19871 -0.01699 0.29783 0.072543 0.028908 -0.00051367 0.029621 0.003468 -0.00063374 -0.00085747 0.0039308 0.0017306 0.021753 0.00059405 0.069174 0.0080362 -0.01747 0.0017563 0.042128 0.0063603 0.0036082 -0.0004934 0.0036453 0.001029
-0.002755 0.00045909 0.0055876 0.00098848 -0.0098629 0.015016 0.020548 0.018992 0.063081 -0.00035282 0.063081 0.0081417 0.00060985 -0.0003224 0.00060985 0.00043433 -0.0078738 -0.0010622 0.032239 0.0040639 -0.1712 0.005816 0.33212 0.066229 0.42538 -0.024624 0.42538 0.078374 0.0031766 -0.00065288 0.003398 0.0025843 -0.011925 -0.00087194 0.031752 0.0035869 -0.13206 0.022334 0.35987 0.08247 0.39037 0.019442 0.39037 0.073962 0.00079086 -0.0003826 0.0020818 0.0015561 -0.0012341 0.00059215 0.0047673 0.00092466 -0.027196 0.0039826 0.047836 0.014389 0.061809 -0.0011327 0.061809 0.0064475 0.00034145 -0.00019595 0.00043556 0.00039513
-3.5112e-05 0.00064904 0.0013982 0.0053061 0.069991 0.019117 0.074197 0.02254 0.0005117 0.00018208 0.0005117 0.00018208 0 0 0 0 0.0041532 0.0084629 0.0043933 0.034936 0.46069 0.034308 0.46171 0.13001 0.001815 -0.000127 0.001815 0.0017529 0 0 0 0 0.0019669 -0.0079756 0.0033169 0.040309 0.49329 -0.042222 0.49593 0.21377 0.00095832 -0.0002885 0.00095832 0.0011388 0 0 0 0 0.00028921 -0.0012094 0.00034524 0.0016781 0.051717 -0.0026046 0.051717 0.0052352 0.00016836 0.00021764 0.00016836 0.00040693 0 0 0 0
-0.00090574 0.003273 0.0051206 0.0067414 0.064393 0.0027491 0.090678 0.019149 0.00044164 -6.8308e-06 0.00044164 6.8308e-06 0 0 0 0 0.0023892 -0.018054 0.005541 0.036757 0.46319 -0.0030618 0.47837 0.078862 0.0010109 -0.00018032 0.0010109 0.00067103 0 0 0 0 0.0014413 0.012315 0.0023547 0.052672 0.47917 0.030002 0.47993 0.25744 0.00084096 0.00035025 0.00084096 0.00084096 0 0 0 0 6.3261e-05 0.00041737 0.0002186 0.00047153 0.053721 -0.0004194 0.053848 0.0028156 0.0003411 -0.00010737 0.0003411 0.00010737 0 0 0 0
-0.0072134 0.010644 0.0098277 0.011356 -0.014884 0.026598 0.030385 0.027674 0.050726 0.0036618 0.050726 0.0049164 -0.00019832 -0.00066855 0.0012534 0.00085415 -0.071074 0.0050464 0.078574 0.043166 -0.31709 0.013888 0.391 0.14853 0.38158 -0.0096589 0.38158 0.061386 -0.00202 0.001539 0.0057701 0.0052239 -0.032153 -0.073663 0.034689 0.089494 -0.10686 -0.084528 0.19002 0.20247 0.37685 -0.0029507 0.37685 0.07077 -0.00034893 0.00052048 0.0044241 0.0046492 -0.0047298 0.0026319 0.0062298 0.0032895 -0.01659 0.013923 0.036711 0.015017 0.051518 0.00045094 0.051537 0.0028962 -0.00022756 -0.00044649 0.000574 0.00046791
-0.00012791 -0.0032684 0.0008568 0.0032684 0.080499 -0.017569 0.083767 0.017849 0 0 0 0 0 0 0 0 -9.559e-05 0.03733 0.0023951 0.048348 0.53402 0.11222 0.5358 0.2214 0.0085051 -0.0032678 0.012829 0.0032678 0 0 0 0 0.0012544 -0.006867 0.001566 0.006867 0.40698 -0.056348 0.41003 0.063543 0.011142 0.0010391 0.011873 0.0059114 0 0 0 0 0.00058673 0.00081543 0.00066663 0.00090949 0.056591 0.0028484 0.057403 0.0059298 0.0054019 -0.0011119 0.0054019 0.0015973 0 0 0 0
-0.00011965 0.00013209 0.0037201 0.0011192 0.069614 0.0030552 0.083718 0.0087496 -0.03282 0.00080365 0.038229 0.011833 -0.004342 0.00023513 0.0082955 0.0047133 0.0014576 0.008341 0.029841 0.012321 0.40257 0.0091726 0.47885 0.058153 -0.17872 -0.015363 0.21461 0.12969 -0.041197 0.00076088 0.069727 0.0068749 0.011551 -0.0061983 0.039152 0.010629 0.38102 0.0048259 0.46125 0.031077 -0.16306 -0.011374 0.2186 0.18491 -0.043733 0.00057917 0.06991 0.0029172 0.003299 0.00034938 0.0087926 0.0012371 0.059848 -0.012626 0.067334 0.016356 -0.022473 0.0084078 0.034582 0.027975 -0.0088292 -0.00034675 0.011394 0.0038934
-0.006215 -0.0017654 0.006215 0.0027831 0.014973 -0.013042 0.08311 0.024384 0.010213 0.0041517 0.037767 0.012443 0.0062039 -0.0013391 0.0066799 0.0020357 -0.049836 0.026023 0.049836 0.038482 0.34266 0.049842 0.44178 0.10772 -0.13072 0.11365 0.38831 0.15714 0.019839 -0.0019406 0.040634 0.0083679 -0.075716 0.0027936 0.075716 0.028422 0.35439 -0.024563 0.43459 0.12591 -0.12482 0.035633 0.24083 0.13899 -0.012498 -0.0031216 0.035555 0.0054386 -0.010853 0.00257 0.010853 0.0031786 0.042154 -0.019769 0.060132 0.026329 -0.00031019 -0.001893 0.046152 0.033251 -0.0023386 0.00040941 0.0040298 0.001083
0.0087228 -0.0022607 0.0090307 0.0033263 0.02172 -0.027753 0.02326 0.029209 0.0042571 -9.297e-05 0.0042883 0.0025326 0.00055425 -0.00024713 0.00063301 0.00026283 0.025973 -0.0040853 0.035606 0.0232 0.36275 -0.022904 0.36685 0.2057 0.043317 -0.003952 0.048336 0.059039 0.005015 -0.0010108 0.0055674 0.001598 0.0060918 -0.0092269 0.025792 0.02455 0.14908 -0.15291 0.21586 0.60969 0.28766 -0.096192 0.30755 0.14085 0.0043678 -0.0012828 0.004486 0.0029563 0.003351 -0.0023745 0.0081153 0.0032363 0.0080893 -0.0079784 0.016258 0.016197 0.046845 -0.010234 0.048706 0.025616 0.00050658 0.00014345 0.00061511 0.00037954
0.0034247 0.0009703 0.0056825 0.0014387 -0.027557 0.0035375 0.04979 0.019441 0.039466 0.011409 0.041826 0.021354 0.00033701 -0.00013305 0.00037099 0.00033259 0.019754 -0.004571 0.040676 0.011988 -0.11271 -0.059629 0.5926 0.071401 0.25594 0.0037363 0.25594 0.027104 0.0022321 0.0014271 0.0027509 0.001526 -0.031525 -0.0014081 0.066176 0.0091703 -0.046559 0.036666 0.55511 0.075493 0.27917 -0.0020522 0.28036 0.031745 0.0027342 0.00020543 0.003314 0.001678 -0.0030883 0.0015285 0.0068053 0.0022947 0.0068032 0.0019355 0.04984 0.032112 0.026043 0.0096764 0.031599 0.011044 0.00049755 -5.3749e-05 0.00070668 0.00018208
2.7776e-05 -0.0025164 0.003769 0.0025684 -0.026278 0.0077866 0.061588 0.02059 0.03701 0.0046859 0.037139 0.017916 0.0024285 0.00050447 0.0024285 0.0010845 -0.038302 -0.0016523 0.03893 0.0044859 -0.11316 0.0071014 0.54742 0.059867 0.28892 -0.015551 0.28892 0.082342 0.0032588 2.5627e-05 0.0032588 0.0014173 -0.043251 -0.0040335 0.043251 0.0087475 -0.10685 -0.038925 0.5246 0.047894 0.30893 0.017595 0.30893 0.057647 0.0023316 0.0002682 0.0027962 0.0011111 -0.0066145 0.00097194 0.0066145 0.001113 -0.0025102 0.0025091 0.077223 0.0047224 0.03815 0.016219 0.039726 0.024741 0.0003466 -2.3583e-05 0.00037143 0.00020649
-0.002797 0.0002621 0.0074585 0.0013644 0.068661 -0.0021077 0.068725 0.003734 -0.017902 -0.00017867 0.032671 0.004028 -0.010731 0.00095348 0.011138 0.0023499 -0.018622 -0.00049707 0.048698 0.019673 0.4623 0.0086855 0.4623 0.017378 -0.094997 0.022045 0.19778 0.027865 -0.024223 0.023937 0.047827 0.032355 -0.0044435 0.01312 0.061089 0.024627 0.45782 -0.042836 0.47803 0.076543 -0.12392 -0.0039626 0.13328 0.055018 -0.018119 -0.021543 0.074494 0.036279 0.0026531 -0.0011054 0.0055342 0.0012816 0.058237 -0.0008406 0.075672 0.002516 -0.014453 0.0021953 0.017711 0.006166 -0.0069745 -0.00050857 0.0074619 0.0036902
-0.0069686 -0.0006812 0.0069686 0.0015828 0.024961 -0.0026958 0.071294 0.018953 -0.013968 0.020674 0.046067 0.023917 0.0050492 -0.0020166 0.0062422 0.0026746 -0.062189 -0.0012253 0.062206 0.006522 0.23725 0.0099812 0.50709 0.11224 -0.156 0.021506 0.20458 0.35814 0.016226 -0.00085939 0.040412 0.0041082 -0.077513 -0.010498 0.077513 0.013629 0.25827 -0.026516 0.47864 0.11352 -0.13679 -0.14386 0.22173 0.18931 0.0080406 -0.0011595 0.035255 0.0044294 -0.01309 0.0018279 0.01309 0.002355 0.032701 0.015372 0.071694 0.019624 -0.0187 0.008892 0.066147 0.014705 0.00054409 0.00044817 0.0078248 0.00079032
0.0017359 0.00052726 0.006476 0.00054527 0.025477 -0.0094064 0.11159 0.011289 -0.027173 -0.0040678 0.071308 0.0053297 0.003788 -4.5772e-05 0.0038014 0.0001864 -0.0063023 0.00020519 0.037628 0.0050092 0.23327 0.002045 0.56727 0.1059 -0.17115 0.042348 0.47211 0.080009 0.025242 -0.0013151 0.025657 0.0051156 -0.020408 0.012248 0.044963 0.015898 0.024787 -0.041192 0.24737 0.11926 0.058853 0.01902 0.46048 0.14897 0.021513 -0.00023019 0.021513 0.0029696 -0.0087394 0.0071503 0.0099191 0.0083584 -0.021503 0.032937 0.042042 0.037211 0.02711 0.0044238 0.068611 0.0098845 0.0028065 -3.8891e-05 0.0028118 0.00045705
0.0012356 -0.0019963 0.0026066 0.0023718 -0.0068586 0.0034908 0.025581 0.005818 0.062976 -0.00034795 0.07665 0.0022969 -0.0036559 0.00053786 0.0055105 0.0020906 0.0026812 -9.6331e-05 0.012211 0.0084647 -0.035281 -0.0095793 0.17037 0.025113 0.42979 -0.04441 0.51963 0.056117 -0.022235 -0.0024573 0.050507 0.010764 0.0080039 -0.0016392 0.015269 0.0076783 -0.01419 -0.015499 0.19117 0.034249 0.43124 0.047218 0.50023 0.058435 -0.034743 -0.0014854 0.061874 0.0079821 0.00052087 0.00080067 0.0020385 0.0010281 0.0020822 -0.00068113 0.023592 0.0040154 0.058621 0.0031108 0.073762 0.011247 -0.0027911 -0.0011074 0.0045884 0.0022065
0.0054621 0.0010354 0.011954 0.0031273 -0.00013956 -0.010599 0.033288 0.017945 0.054469 -0.018053 0.094388 0.025508 -0.010669 -0.0044423 0.013004 0.0064234 0.0074741 -0.0021216 0.050849 0.02063 -0.093907 -0.033259 0.13908 0.044018 0.24629 -0.26944 0.7086 0.27752 0.022559 0.0055505 0.050385 0.022628 -0.00069902 -0.0012325 0.030598 0.0096161 -0.025562 -0.0066953 0.164 0.051505 0.090816 0.037068 0.40822 0.11032 0.05753 0.020987 0.058021 0.021068 0.0020682 0.000314 0.0040548 0.0021314 0.021106 0.0077176 0.038494 0.011225 0.0037042 0.0033357 0.071737 0.015507 0.0012586 0.00050592 0.0016437 0.00064496
-0.0072087 -0.0018557 0.0095154 0.0022505 -0.039603 -0.0032343 0.040923 0.0088212 0.028508 0.0087216 0.08407 0.016775 -0.0086965 -0.0011939 0.014259 0.0033221 -0.11828 -0.013222 0.12689 0.015307 -0.16201 -0.029381 0.19618 0.060631 0.17814 0.018728 0.64916 0.0789 0.0024971 -0.0012899 0.043697 0.012533 -0.11812 -0.015613 0.12123 0.017415 -0.11527 0.047989 0.21384 0.087233 0.22258 0.027252 0.44471 0.25178 -0.027958 0.017557 0.05718 0.02672 -0.01289 -0.0015072 0.013101 0.0017345 0.024568 0.0043141 0.029622 0.008482 -0.012331 0.014115 0.09093 0.033758 -0.0040305 -0.0044185 0.0056084 0.0067625
-0.00037569 -0.00011197 0.00037569 0.00031219 -0.017939 -0.0072356 0.042825 0.013547 0.011661 8.2574e-05 0.08087 0.0054636 0.0023892 2.6126e-05 0.0026034 0.00044716 -0.0071369 0.0016825 0.0071369 0.0016825 -0.19149 -0.010237 0.29636 0.062115 0.13016 -0.0030145 0.60747 0.059472 0.017494 -0.006521 0.035799 0.01255 -0.0067252 2.9393e-05 0.0067252 0.0013672 -0.15828 -0.0095896 0.31373 0.068896 0.19233 0.021994 0.53062 0.066995 -0.038391 0.012511 0.081192 0.042012 -0.0007434 -0.00010693 0.00079333 0.00036801 -0.030484 0.0037255 0.046149 0.0073018 0.039007 -0.0011995 0.064934 0.010076 -0.0043633 0.00094689 0.0085399 0.0060937
0.00090416 0.00043399 0.004617 0.0025559 0.012815 -0.0024145 0.087835 0.0066358 0.042098 -0.0016838 0.042098 0.004536 -0.010988 -0.00010367 0.01168 0.00039552 -0.021255 -0.0067094 0.036793 0.021416 0.20397 -0.038677 0.62478 0.10498 0.20669 -0.034654 0.20669 0.084272 -0.073819 -0.0004075 0.085053 0.0037511 0.008508 0.020431 0.024703 0.02111 0.10843 -0.0008645 0.48254 0.15649 0.2677 0.019531 0.2677 0.051945 -0.072778 0.00061172 0.083842 0.0016748 0.0070581 0.0013262 0.0071595 0.0014704 0.0068468 0.0014492 0.051714 0.0043106 0.034439 0.0058274 0.03532 0.0068973 -0.011494 -0.0021609 0.011568 0.0023235
-0.006116 -0.00019972 0.012686 0.0010243 -0.013995 -0.0099964 0.058155 0.030668 0.050976 0.0085554 0.051384 0.019964 0.0043934 0.00042183 0.0044734 0.00081781 -0.056877 0.00079177 0.084287 0.0074213 -0.067072 -0.057484 0.22394 0.074557 0.42281 -0.01253 0.43863 0.10439 0.020602 0.001776 0.020816 0.0054513 -0.059006 0.0029454 0.079296 0.010989 -0.10329 0.0093437 0.14107 0.12258 0.46691 -0.0090848 0.46691 0.18419 0.02164 -0.0050502 0.02164 0.0093278 -0.0079544 -0.00081959 0.010529 0.0021979 -0.0026221 0.015518 0.026236 0.025579 0.03591 0.011551 0.037114 0.03294 0.0071128 0.00015197 0.0071258 0.0041836
-0.0005942 -1.9334e-05 0.0006356 0.00026236 -0.014549 -0.0052117 0.045998 0.011915 0.024023 -0.00038864 0.074289 0.0032593 -0.0017255 0.00022677 0.0091686 0.00049226 -0.0046039 -0.00027682 0.0046039 0.0011054 -0.15986 -0.010896 0.2206 0.061199 0.20624 -0.0090537 0.58936 0.039532 0.0028588 -0.0059338 0.036277 0.0095013 -0.0058158 9.0273e-06 0.0058158 0.00075622 -0.17171 0.0038418 0.28454 0.067077 0.27825 0.020081 0.55928 0.042813 -0.027878 0.0069366 0.063155 0.031609 -0.002504 -0.00038387 0.0025055 0.00085109 -0.0024204 -0.0025762 0.026849 0.0089413 0.022521 0.0031101 0.073815 0.0048151 -0.0027605 0.0033457 0.0075649 0.0039406
0.002566 0.0013572 0.0088181 0.0020023 0.042735 0.0054885 0.050058 0.0091175 -0.058913 0.031516 0.068372 0.032256 0.00023268 -0.00027481 0.0046424 0.0018526 0.060112 0.0046149 0.07642 0.02193 0.031743 -0.030812 0.21943 0.17146 -0.080155 0.021225 0.54855 0.19613 -0.0026797 -0.0010356 0.02398 0.0051112 0.05541 0.0064233 0.070853 0.0095447 -0.014717 -0.0084239 0.19702 0.27953 -0.065359 -0.059925 0.58972 0.24284 0.00042795 0.00085213 0.033687 0.0038515 0.0073625 0.00021502 0.0087297 0.0005908 0.01455 -0.00054776 0.019425 0.010508 -0.03491 -0.0045306 0.073114 0.015228 0.0013455 0.00065507 0.0078841 0.001173
-0.00073887 -0.00022667 0.00073887 0.00043932 -0.05961 -0.020256 0.05961 0.023774 0.02463 0.0005313 0.09051 0.035949 0.00079075 0.00011387 0.0090669 0.0041433 -0.04905 -0.027426 0.049845 0.033753 -0.1847 -0.059905 0.32058 0.20104 0.1509 -0.046887 0.6411 0.2608 0.039653 0.020613 0.045903 0.021861 -0.048542 -0.00072625 0.049917 0.059081 -0.082944 -0.025191 0.19264 0.1897 0.18513 0.056974 0.36474 0.10546 0.059735 0.018574 0.073769 0.021743 -0.0074001 0.0012145 0.0074001 0.0028775 0.0049513 -0.0040466 0.026794 0.01397 0.015914 -0.0026818 0.051628 0.012692 0.019203 0.0056772 0.020561 0.0060919
-0.00040589 -0.00021538 0.00046501 0.00031275 -0.026838 -0.00091527 0.069054 0.008764 0.035589 -0.010243 0.052492 0.012872 -0.0060197 0.00021012 0.0060197 0.00060107 -0.003897 -0.0015703 0.0043163 0.0019582 -0.17457 0.0032631 0.51862 0.050489 0.24383 0.0523 0.47844 0.071331 -0.037657 3.7042e-05 0.037657 0.0029365 -0.0056188 -0.00027525 0.0061064 0.002305 -0.096928 -0.018449 0.34884 0.11993 0.18537 -0.056939 0.42874 0.094906 -0.032812 -0.0014787 0.032812 0.0037152 -0.0011484 -0.00018428 0.0011484 0.00023643 0.0041332 -0.00027344 0.051999 0.010766 0.0055917 0.0017824 0.086838 0.0063529 -0.0053693 -3.0913e-05 0.0057307 0.00075607
-0.00051874 0.0016373 0.0045616 0.0034682 0.022878 -0.00017457 0.090868 0.0063975 0.035235 -0.0018497 0.035235 0.0030779 -0.007 4.4158e-05 0.0081918 0.0002737 -0.018649 0.0025454 0.027893 0.025502 0.21962 -0.033967 0.64186 0.16371 0.20759 -0.017687 0.20759 0.10733 -0.051099 -0.0087213 0.062469 0.011482 -0.0034397 0.021837 0.047835 0.022151 0.096288 0.0072652 0.40873 0.14831 0.28935 0.031099 0.28935 0.076643 -0.069354 0.00013194 0.079017 0.0015241 0.0075942 0.00011295 0.0075942 0.00071138 0.0026703 -0.00017109 0.055671 0.0059604 0.040415 0.0041645 0.040523 0.0086854 -0.009907 -0.00036454 0.010397 0.00053851
0.00016364 -0.00022643 0.0039077 0.00055963 0.031563 -0.0065357 0.038091 0.011452 0.021681 -0.02938 0.057106 0.030176 -0.0026256 0.00069419 0.0062151 0.0043478 0.026731 0.0084931 0.045452 0.012449 -0.067472 -0.035617 0.14616 0.053935 0.34872 -0.027843 0.52562 0.061155 0.015853 -0.0024958 0.030806 0.015367 0.020171 0.0057061 0.029593 0.006491 -0.16599 -0.019359 0.17518 0.027591 0.4146 0.019121 0.54037 0.089943 -0.054803 -0.044872 0.058766 0.058581 0.0016143 0.00063299 0.0024681 0.00077604 -0.019474 0.0052622 0.02516 0.010832 0.05006 -0.01499 0.071182 0.025642 -0.01029 0.0023408 0.010902 0.0038775
0.0073929 0.0008011 0.0076497 0.0011969 0.013021 -0.00099662 0.027477 0.0063095 -0.083871 0.040926 0.10654 0.043627 -0.0024882 -0.0010552 0.011384 0.0033518 -0.016491 -0.035233 0.05272 0.037358 0.034339 -0.090302 0.49161 0.11371 -0.10947 0.085706 0.4704 0.23996 0.01356 0.03648 0.062622 0.048658 0.014577 -0.0077471 0.068817 0.018588 0.043271 0.01389 0.46877 0.14691 0.14247 -0.040746 0.25489 0.13875 -0.074625 0.0081462 0.10463 0.07496 0.010778 0.0014969 0.015978 0.0022308 -0.0069622 -0.010966 0.049704 0.01838 -0.046555 -0.08024 0.07011 0.082756 0.002216 -0.0087431 0.013436 0.0090744
-0.0045381 -0.0015134 0.0045381 0.0015678 -0.014639 0.00049598 0.059088 0.024151 0.058965 0.0019058 0.091719 0.027771 -0.0085944 -0.0038966 0.012122 0.004449 -0.081881 -0.029352 0.083222 0.029372 -0.0096501 -0.028029 0.19774 0.082751 0.20359 -0.24625 0.64342 0.25474 0.033143 0.014658 0.065622 0.032371 -0.0079825 -0.011043 0.079013 0.025106 -0.039742 -0.015801 0.17051 0.074543 0.17772 0.086843 0.46689 0.15559 0.016812 0.010731 0.020055 0.01174 0.0012518 0.0011405 0.0045111 0.0025413 0.02481 0.010471 0.047137 0.015566 0.011008 0.0079551 0.05763 0.020394 -0.00032588 -2.5963e-06 0.0018638 0.00049536
-0.0018518 0.00046439 0.0030784 0.0016772 0.025055 -0.0097827 0.068147 0.016839 -0.04452 0.0020513 0.071397 0.0124 0.008553 -0.00107 0.0090028 0.001325 -0.024347 0.0036951 0.024495 0.0071826 0.20146 -0.00074454 0.45951 0.081641 -0.26687 0.034273 0.42742 0.06796 0.048525 -0.005861 0.050252 0.006193 -0.030493 0.00039043 0.030493 0.0039518 0.18045 0.022637 0.44453 0.066738 -0.23453 0.0076599 0.38653 0.10045 0.03851 7.6786e-06 0.039343 0.0050423 -0.004956 -0.00085354 0.004956 0.0013527 0.010157 -0.011803 0.053127 0.016377 -0.012154 0.0069957 0.06042 0.027114 0.0038771 0.00012207 0.0049265 0.00042774
