0.0045423 0.010226 0.0059597 0.010549 -0.0055908 0.039334 0.02677 0.049446 0.039246 0.02824 0.041168 0.034334 6.9515e-06 3.7071e-06 6.9515e-06 3.7071e-06 0.013358 -0.03469 0.046362 0.047159 0.045192 -0.26878 0.20992 0.29965 0.304 -0.12512 0.304 0.15346 0 0 0 0 -0.0067578 0.0048796 0.026562 0.02852 0.040011 0.088467 0.19649 0.34378 0.39586 0.14011 0.39702 0.18076 0 0 0 0 -0.0014701 0.00139 0.0044902 0.0063011 -0.0018136 0.018719 0.073084 0.032047 0.07236 0.0013177 0.072682 0.0095391 0 0 0 0
-0.0015278 -0.00011709 0.0027592 0.0067607 -0.00042266 -0.010299 0.020578 0.045889 0.070808 -0.0054068 0.07112 0.010258 6.2651e-05 -1.1033e-05 6.2651e-05 1.1033e-05 -0.0082948 -0.0072766 0.012751 0.024431 0.024969 -0.035695 0.085489 0.18323 0.46114 -0.036769 0.46126 0.05066 2.1067e-05 9.4165e-05 2.1067e-05 9.4165e-05 8.7524e-05 0.03979 0.0051861 0.064214 0.018345 0.28411 0.035588 0.44097 0.30902 0.081643 0.3154 0.16447 0.0001301 -0.00020604 0.00068071 0.00048765 0.00035666 -0.00078859 0.00062051 0.0013152 -0.0007552 -0.0033815 0.00093055 0.0045851 0.037099 -0.0031417 0.038414 0.004369 5.5781e-05 -1.8371e-05 5.5781e-05 5.4435e-05
-0.00015845 -0.0011133 0.00053588 0.0013433 0.0055522 0.0078917 0.0091524 0.019861 0.04943 0.017733 0.053937 0.020285 0 0 0 0 -0.0016157 -0.015259 0.025377 0.046987 0.054315 -0.18401 0.17422 0.28205 0.33637 -0.089789 0.44751 0.097416 5.2397e-05 -0.00023421 5.2397e-05 0.00023421 -0.021397 0.013228 0.03231 0.045822 0.064208 0.065187 0.078916 0.19807 0.4165 0.049215 0.51372 0.080633 0.00039884 0.00011889 0.00039884 0.00011889 -0.0011066 -0.00012138 0.0012496 0.0041901 0.0034866 0.0031041 0.0042311 0.025613 0.062697 0.0020093 0.062697 0.0096288 1.4588e-06 -1.4588e-06 1.4588e-06 1.4588e-06
-0.00063569 -0.0016382 0.001038 0.002071 0.030251 -0.007393 0.048492 0.018755 0.046606 -0.0070836 0.046693 0.0071384 0 0 0 0 -0.002231 0.0043914 0.0064223 0.010801 0.06774 -0.011767 0.24104 0.049548 0.46446 -0.11987 0.46446 0.12102 0 0 0 0 0.0036934 0.0049224 0.014955 0.017043 0.09815 0.20115 0.21412 0.22329 0.37016 0.11078 0.37016 0.13598 0 0 0 0 0.0051905 -0.00068147 0.0091471 0.0068254 -0.0013857 -0.047426 0.025664 0.052108 0.034967 -0.04368 0.047224 0.060317 0 0 0 0
0.00022845 7.0269e-05 0.00072322 0.0025344 0.0041552 0.0050594 0.0066842 0.016641 0.050443 0.014965 0.052147 0.017531 0 0 0 0 -0.0067412 -0.01783 0.027698 0.046989 0.052479 -0.1727 0.11899 0.32373 0.33545 -0.060199 0.39041 0.1491 5.2591e-05 -0.00023507 5.2591e-05 0.00023507 -0.012964 0.0061466 0.018632 0.038056 0.022092 0.032746 0.12126 0.15672 0.48225 0.048494 0.4981 0.10305 0.00039904 5.7419e-05 0.00039904 5.7419e-05 -0.00076092 0.002042 0.0010998 0.0047375 0.00045592 0.011742 0.02207 0.025197 0.07074 0.012083 0.070813 0.015401 2.3014e-05 2.3014e-05 2.3014e-05 2.3014e-05
-0.00014231 -0.0046087 0.0052889 0.0062289 0.00051873 -0.029566 0.025402 0.040651 0.051701 -0.015204 0.051701 0.015655 0 0 0 0 -0.0082905 0.011382 0.043272 0.021323 0.10174 -0.077605 0.21076 0.30607 0.29543 -0.033639 0.35196 0.15958 0 0 0 0 -0.0255 -0.007458 0.042894 0.037444 0.14445 0.071319 0.30923 0.26359 0.25988 0.033911 0.56958 0.043922 0 0 0 0 -5.0486e-05 0.0039221 0.0014143 0.0062058 0.0055792 0.0068834 0.017022 0.028407 0.048511 -0.0018414 0.048511 0.013624 0 0 0 0
-0.0037242 -0.011928 0.003726 0.011928 -0.022805 -0.062764 0.046308 0.062764 0.003622 -0.031741 0.018383 0.033852 0.001082 -0.00086471 0.0016569 0.0012196 -0.042338 0.0077696 0.048535 0.025136 0.21113 0.10427 0.3355 0.18866 -0.076183 0.1122 0.3099 0.17665 0.0051662 -0.0012821 0.01033 0.0025069 0.0023886 0.0027807 0.013181 0.0047248 0.31237 -0.025235 0.53265 0.18185 -0.24429 0.071852 0.35194 0.15208 0.0082407 -0.0028105 0.014114 0.00532 0.0009911 -0.00045015 0.0009911 0.00048651 0.0065843 0.013516 0.016372 0.0197 0.0021139 0.0084652 0.0588 0.024638 0.0011034 -0.0022419 0.0054361 0.0032685
9.2927e-05 7.5218e-06 0.00036496 0.00019342 -0.0024235 -8.9078e-05 0.0033129 0.0031348 -0.0014971 0.002023 0.0016884 0.002023 -0.00043604 0.00022399 0.00047674 0.00033921 -0.011209 -0.010739 0.015266 0.011083 -0.14246 -0.27306 0.22515 0.2888 0.24932 -0.097137 0.32074 0.24135 -0.0096363 0.0012534 0.011281 0.018397 -0.036262 -0.013667 0.046701 0.024569 -0.097647 0.032565 0.21643 0.32546 0.36167 -0.025875 0.38008 0.29148 -0.017773 0.0040635 0.019311 0.0065155 -0.0088265 0.00030536 0.0096615 0.0062231 0.0055043 -0.026522 0.016698 0.029598 0.026183 -0.034247 0.039905 0.047558 0.0024162 -0.0010179 0.0036211 0.002029
-0.0028103 -0.002718 0.0045835 0.0036059 0.0028684 -0.021841 0.019719 0.022898 0.054913 -0.0074126 0.060382 0.007979 -0.0022649 0.00045382 0.0043466 0.0008008 -0.050054 -0.0015473 0.059576 0.009015 0.29048 0.16923 0.33622 0.20724 0.18548 0.09961 0.30959 0.17657 -0.0012345 -0.0011296 0.021867 0.006132 0.005963 0.012852 0.067038 0.030473 0.27539 -0.058452 0.47747 0.16221 0.026241 -0.071584 0.42327 0.09985 0.018459 -0.0042367 0.02625 0.010356 -0.0065584 0.00085233 0.0067995 0.0033509 0.0034521 -0.009942 0.028031 0.030689 0.032076 -0.040001 0.051853 0.046789 0.0019832 0.00019082 0.003402 0.0008777
0.001935 -0.0039046 0.0027364 0.0054625 0.049738 -0.041917 0.056481 0.055006 0.012458 -0.020726 0.012547 0.020726 0 0 0 0 0.001201 0.0019514 0.010774 0.0093631 0.34002 -0.012191 0.36001 0.199 -0.12091 -0.19612 0.31072 0.27932 0.015439 -0.048581 0.052146 0.049258 -0.0043456 -0.0053813 0.011896 0.0078834 0.18397 0.0080379 0.36576 0.32864 -0.12108 -0.1279 0.26366 0.28537 0.00013335 -0.0033986 0.032179 0.047261 0.0047862 0.007246 0.0056996 0.0074428 -0.004634 0.017116 0.041923 0.042964 -0.02725 0.0022064 0.039155 0.011275 0.0030892 0.00032507 0.0073899 0.0019743
-0.00016527 -0.0019707 0.0020912 0.0057968 0.042359 -0.04492 0.043132 0.045956 0.010136 -0.029397 0.010403 0.029397 0.00024269 -0.00029257 0.00024269 0.00029257 0.0115 -0.0089555 0.015459 0.019602 0.27493 0.048011 0.32502 0.1932 -0.18374 -0.093577 0.22825 0.18008 0.040511 -0.024237 0.06224 0.045713 -0.0014267 -0.002733 0.010022 0.011658 0.26439 -0.13987 0.39878 0.25799 -0.22668 -0.19416 0.32111 0.33934 0.0049416 -0.017014 0.02959 0.040185 -0.00071471 0.00060018 0.00123 0.0011406 0.021004 0.034859 0.035314 0.041852 -0.020055 0.031421 0.024045 0.035006 0.002267 -0.00085779 0.0026456 0.0016673
-0.0034495 0.00098457 0.0054878 0.0018601 -0.018939 0.0042829 0.056191 0.026787 0.021396 -0.00059724 0.033985 0.005639 -0.0013031 -0.00021772 0.0057275 0.00069629 -0.03842 0.0007574 0.045336 0.008578 -0.35157 -0.041526 0.45239 0.187 0.25927 -0.083931 0.34692 0.09646 0.013481 0.0027816 0.02367 0.0042989 -0.084629 -0.007849 0.085647 0.012585 -0.17069 -0.03639 0.28267 0.31102 0.2072 0.04883 0.36161 0.11571 0.036919 0.0024349 0.037678 0.0063193 -0.0025273 -0.00019343 0.0070858 0.0022491 -0.024759 -0.0048965 0.05379 0.02337 0.017202 0.010649 0.042028 0.017849 0.0036036 0.00033665 0.0039155 0.00081257
-0.00022133 0.00088879 0.0031646 0.0029949 0.019108 -0.0043671 0.041991 0.0077168 0.023757 -0.0012433 0.061535 0.0097725 5.8709e-05 0.00017362 0.0001583 0.00034474 -0.018219 0.0047994 0.056619 0.032575 -0.057833 0.025326 0.198 0.1289 0.29045 -0.045881 0.55866 0.11903 0.017382 0.0034072 0.027413 0.031617 -0.024292 0.006496 0.072107 0.020868 0.20004 0.097806 0.42014 0.26944 0.10621 0.17265 0.30247 0.24125 -0.047036 0.0026585 0.069453 0.02715 0.0056832 -0.0020355 0.0078166 0.0026273 0.049914 -0.0011954 0.085846 0.017415 -0.001305 0.009149 0.0077052 0.010856 -0.0023809 0.0036322 0.0025071 0.0037081
0.0027532 0.001327 0.0040074 0.0029473 0.0065956 0.0046711 0.026192 0.0075952 0.0329 -0.0043621 0.06901 0.006861 0.00021956 -0.00065359 0.00028149 0.0008407 0.0009536 -0.0081317 0.02446 0.039572 -0.096837 0.027038 0.18048 0.074 0.31877 -0.042773 0.54442 0.087155 0.0075514 0.013529 0.019529 0.022888 0.027784 0.014686 0.053664 0.046083 -0.014058 0.15013 0.49861 0.24702 0.22682 0.13103 0.28837 0.18396 -0.028014 -0.0022468 0.046232 0.025129 0.002727 0.00097924 0.0082447 0.0036442 0.039425 -0.00027418 0.064089 0.02747 0.0032442 0.0058416 0.0093179 0.0071723 -0.0039517 0.00326 0.0044153 0.0035921
-0.0060527 0.00011767 0.0070843 0.0011911 0.041526 0.035145 0.065534 0.041688 0.025864 0.0011648 0.046343 0.010017 -0.0083634 0.00094095 0.010323 0.0012774 -0.040889 0.0084065 0.052585 0.022233 0.20878 -0.16703 0.31058 0.24221 0.24215 -0.086868 0.46214 0.10693 -0.074673 0.015346 0.082741 0.01883 -0.0303 -0.0024286 0.047758 0.0091387 0.18312 0.071204 0.37384 0.23311 0.26391 0.058971 0.33967 0.12282 -0.044687 0.0094785 0.055607 0.014657 -9.7742e-06 0.00028357 0.0022925 0.00059421 0.022772 0.0026798 0.060907 0.023203 0.021351 -0.020246 0.02915 0.022601 -0.0025848 -0.00060395 0.0045369 0.0015346
0.0078145 -0.0010309 0.0097268 0.0023233 0.037241 -0.0083824 0.039038 0.010376 -0.018545 0.00022059 0.035555 0.010812 -0.0026485 -0.00043355 0.0059879 0.0041987 0.0076061 -0.0040598 0.068679 0.017372 0.026699 -0.13437 0.28973 0.19867 0.25595 -0.067296 0.35214 0.42566 -0.12092 0.0030643 0.12663 0.022942 -0.0087699 0.011592 0.036555 0.047277 0.0128 0.062161 0.24562 0.10486 0.34311 0.043654 0.39657 0.20424 -0.13547 0.013427 0.13656 0.018594 -0.0021645 -0.007688 0.0062636 0.0087103 0.017219 -0.010369 0.033581 0.011818 0.039544 -0.0081846 0.04372 0.01568 -0.013051 -0.00066681 0.013164 0.0016383
-0.005092 0.0048887 0.007021 0.0059229 0.05867 0.0055796 0.071546 0.031838 0.0087983 -0.0051477 0.055743 0.013112 -0.0046663 0.00072832 0.0068035 0.0010277 -0.011371 0.0036973 0.064499 0.038195 0.18361 -0.14172 0.38167 0.26505 0.19903 -0.12688 0.43519 0.16289 -0.010194 0.0047248 0.029253 0.007043 -0.058198 -0.0046976 0.064721 0.013655 0.15407 0.031557 0.30085 0.22914 0.28095 0.12539 0.36132 0.15881 0.0096458 -0.0027268 0.029536 0.0068813 -0.0062869 0.0023878 0.0080014 0.00252 0.045596 0.0028413 0.066244 0.028099 0.0081452 -0.010225 0.061684 0.015296 0.0061295 -0.0013396 0.0066358 0.0015831
-0.0074953 0.0048874 0.0091601 0.0071591 0.053598 0.016573 0.055502 0.025711 0.0065572 0.020956 0.035889 0.031179 -5.1785e-05 0.00056798 0.0058733 0.00090206 -0.046156 -0.0056629 0.085739 0.047247 0.35319 0.049812 0.35319 0.088832 -0.018338 -0.046365 0.48408 0.10256 0.0097695 -0.0019394 0.023111 0.011419 0.020228 0.00050649 0.045571 0.045405 0.15219 -0.17397 0.27952 0.22298 0.11757 -0.10879 0.44526 0.22562 0.025695 0.0075777 0.025708 0.016242 0.0016801 -0.0047921 0.0047406 0.0052183 0.013838 0.029093 0.025979 0.034719 0.038943 0.021249 0.047666 0.029395 0.0033277 -0.00011918 0.0033393 0.0014402
0.0022106 -0.0017319 0.0029325 0.0032276 -0.025018 0.0012133 0.02967 0.030952 0.014638 0.012064 0.05943 0.03636 0.0038503 -0.0016083 0.004084 0.0018439 0.0058244 5.1211e-05 0.0058244 0.0016059 -0.23185 0.026113 0.27956 0.10297 0.31992 -0.0084987 0.57299 0.16891 -0.023856 0.011562 0.046101 0.014895 0.0027576 -8.8165e-05 0.0027576 0.00072509 -0.12017 0.10895 0.23175 0.14379 0.25142 0.12296 0.4026 0.19485 -0.044404 0.021622 0.052495 0.027309 0.0001778 -1.9802e-05 0.0001778 1.9802e-05 0.0058407 0.0017311 0.0063423 0.0031714 0.018218 -0.007597 0.030007 0.011736 -0.0073634 0.00060108 0.0078307 0.0020582
-0.0065477 -0.00049883 0.0071365 0.001081 -0.051207 -0.018483 0.06672 0.01849 0.040519 0.00036958 0.084002 0.004814 0.0023692 0.00067234 0.0027131 0.00081234 -0.055686 -0.0094836 0.059626 0.013109 -0.026027 0.032901 0.47625 0.20681 0.026161 -0.046632 0.45055 0.19685 -0.0012355 0.00089142 0.0051494 0.0022683 -0.04755 -0.038754 0.05569 0.038772 0.13567 -0.10555 0.45055 0.19906 -0.073755 -0.046569 0.35694 0.18617 0.022346 -0.01541 0.028248 0.016427 -0.0027085 -0.0013146 0.0079002 0.0028097 0.02017 0.01034 0.052047 0.049886 -0.015657 0.0015652 0.048618 0.0086458 0.0025002 -0.0010615 0.0033816 0.0012704
-0.0064592 -0.013432 0.0064592 0.013432 0.0024909 -0.055029 0.044428 0.061534 -0.0063039 -0.0022299 0.01616 0.024118 -0.00055015 0.00051455 0.00067233 0.0012064 -0.013954 -0.00032736 0.019184 0.015848 0.31641 0.060774 0.38845 0.1335 -0.11023 0.088788 0.27653 0.16151 -0.0035329 0.0021908 0.0035811 0.0021908 -0.017332 0.017738 0.019832 0.019492 0.41282 -0.0051716 0.5255 0.10369 -0.24199 -0.036407 0.25069 0.060514 -0.0048774 0.0019095 0.0048908 0.0024053 -0.00028738 0.00038096 0.0011552 0.00052203 0.0272 -6.9822e-05 0.067979 0.021274 -0.01707 0.0052148 0.049308 0.012736 -0.00044182 0.00020722 0.00044182 0.00020722
-0.0024111 0.00019124 0.0055982 0.00084668 0.027525 0.028976 0.069084 0.039501 0.038737 0.014191 0.04595 0.021983 -0.012547 0.00074924 0.013374 0.00084632 -0.0092892 0.0016793 0.031361 0.0057293 0.16073 -0.066312 0.45138 0.23649 0.21692 -0.1341 0.34917 0.18558 -0.064209 0.012556 0.070893 0.01517 0.010274 -0.0022842 0.023736 0.0059703 0.075633 0.021447 0.4065 0.19588 0.28622 0.11141 0.35388 0.14667 -0.040781 0.0051771 0.055357 0.01083 -0.00014162 -9.004e-05 0.0043894 0.00024398 0.0079703 0.00094182 0.051015 0.014756 0.030916 -0.025954 0.060582 0.027678 -0.0030977 -0.000716 0.0049851 0.0015798
-0.0011816 0.00029487 0.0017928 0.00050855 -0.014805 0.0091254 0.037679 0.012798 0.032221 -0.0015288 0.075263 0.0098187 8.5675e-06 6.1168e-05 0.00018887 0.00013665 -0.022664 0.0022548 0.023119 0.0038187 -0.1302 -0.071887 0.18315 0.091101 0.26439 -0.098467 0.46599 0.12287 -0.013805 0.0046787 0.016257 0.0052054 -0.006439 -0.0017084 0.0069607 0.0027939 -0.22174 0.043886 0.32037 0.09757 0.42303 0.034061 0.45404 0.21482 -0.06251 0.0096889 0.071212 0.013016 0.00015433 0.00015105 0.00017019 0.00034519 -0.025327 -7.9134e-05 0.041889 0.011538 0.046763 0.012217 0.057939 0.024211 -0.0066009 0.0013885 0.0081937 0.001932
0.0016533 -0.001656 0.0075232 0.0046603 -0.0015365 -0.024294 0.033602 0.033863 0.063201 -0.01115 0.071605 0.013916 -0.0013888 0.00078865 0.0034207 0.0013544 -0.0090158 -0.0005588 0.055297 0.039976 0.27164 0.089206 0.37445 0.21586 0.11681 0.035494 0.34458 0.13161 0.023773 -0.0081776 0.027897 0.01001 -0.03502 0.021736 0.040593 0.024777 0.29041 -0.068191 0.39498 0.20059 0.060026 -0.13107 0.46106 0.1745 0.017974 -0.010776 0.040658 0.012466 -8.5202e-05 -0.00024835 0.0026528 0.00060665 -0.011942 0.014792 0.048039 0.021243 0.018014 -0.0073344 0.050448 0.022472 0.0026337 -0.0021029 0.0031423 0.0021523
-0.0019296 -0.002164 0.0019296 0.002164 -0.049988 -0.047878 0.052969 0.064977 -0.010377 -0.027203 0.048027 0.044071 -0.00082027 0.001575 0.005294 0.0049049 -0.036701 -0.052504 0.038441 0.055221 0.14378 -0.2324 0.23518 0.32212 -0.084943 0.017123 0.32849 0.32977 -7.6387e-05 0.0036696 0.049472 0.04392 -0.022583 0.015116 0.025476 0.019864 -0.022237 -0.0012483 0.088656 0.066335 0.34734 0.10532 0.57923 0.12713 -0.02316 0.026397 0.031907 0.026579 -0.0039264 0.0039775 0.0044948 0.0046084 -0.0097376 0.013127 0.022778 0.020627 0.062121 -0.022327 0.065928 0.032695 -0.0060973 0.003597 0.0068572 0.0041877
-0.0012189 0.001281 0.002424 0.0039512 0.0045968 -0.001693 0.015022 0.013881 0.066738 -0.0026573 0.066938 0.0071702 0 0 0 0 -0.020985 -0.018929 0.021733 0.073914 0.063541 -0.020196 0.26446 0.41757 0.33836 0.071439 0.34989 0.2809 0 0 0 0 0.0028666 0.013908 0.013976 0.030263 0.023201 0.11111 0.10596 0.2146 0.4026 0.0008096 0.4026 0.11594 0 0 0 0 -0.00025029 0.0015642 0.0003886 0.0016087 -0.0029908 0.0072756 0.0031532 0.0114 0.048867 0.0050331 0.048867 0.0050331 0 0 0 0
-0.00090411 0.00015794 0.0013911 0.00024655 0.021597 -0.0073716 0.051131 0.018763 -0.023409 0.013317 0.12159 0.035226 0.0031555 0.0024198 0.0072158 0.0044602 -0.0023457 0.00061916 0.014877 0.002186 -0.093082 -0.023966 0.34312 0.20081 0.12889 -0.050698 0.54567 0.21134 0.0010392 0.0054589 0.077931 0.035327 -0.003037 -0.00093996 0.014067 0.0022885 -0.19238 0.053474 0.2861 0.13298 0.21278 0.062458 0.46808 0.11278 0.04287 0.013367 0.10135 0.022967 0.0015782 -0.0012515 0.0082683 0.0015313 -0.021868 0.011102 0.055924 0.036053 0.019124 -0.014813 0.053177 0.022208 0.017903 0.0056295 0.018826 0.0057287
-0.0023974 0.00035028 0.0025309 0.00049771 -0.028319 0.0071928 0.032908 0.0089712 0.046357 -0.00056997 0.075315 0.0095553 -0.0023568 0.00075733 0.0024987 0.00078953 -0.0049299 0.0012086 0.0052454 0.0029969 -0.1675 -0.049229 0.24943 0.069342 0.30169 -0.11627 0.36643 0.13823 -0.06485 0.006362 0.068252 0.0073014 -0.00059061 -0.0032675 0.00083363 0.0037024 -0.2417 0.025895 0.34607 0.064762 0.405 0.05717 0.44944 0.23701 -0.062418 0.010909 0.067422 0.012764 2.3191e-05 0.00013918 6.4869e-05 0.00039541 -0.029349 -0.001613 0.049438 0.0075633 0.042971 0.0096121 0.048701 0.02422 -0.0032003 0.00034444 0.0084475 0.0019572
0.00091813 -0.00035185 0.0019948 0.00082824 0.024617 0.014415 0.063268 0.024042 0.0098406 0.0041274 0.074668 0.011266 -0.0018425 0.00080206 0.0018769 0.00083347 0.0030278 -0.005421 0.026716 0.0079091 -0.15192 -0.031998 0.27776 0.17531 0.3557 -0.051275 0.4321 0.091064 0.0081975 -0.0013285 0.027894 0.0050352 -0.027842 0.017314 0.046392 0.019385 -0.090991 0.075992 0.35111 0.2003 0.35947 0.077502 0.43919 0.10269 0.014299 -0.0019523 0.027755 0.0054035 -0.004899 0.0015172 0.0053172 0.0015885 -0.014438 0.0046334 0.06441 0.02607 0.04239 -0.0058097 0.055295 0.013945 0.0019496 -0.00020798 0.0043545 0.00092346
-0.0033272 -0.00059053 0.0033371 0.00060529 0.025976 0.0034506 0.069786 0.027432 -0.011821 0.0013771 0.066019 0.0041074 -0.00090023 0.00030412 0.00095377 0.00035929 -0.023724 -0.0028828 0.02432 0.0039579 0.27795 0.066483 0.51727 0.21117 -0.16872 -0.00086674 0.40059 0.036618 -0.0095668 -0.0017246 0.0095668 0.004618 -0.0069876 0.00038601 0.0086133 0.0025042 0.19011 -0.058939 0.36971 0.095575 -0.15522 -0.099195 0.39323 0.12168 0.00021418 -0.001962 0.012963 0.006001 -0.0016084 1.2268e-05 0.00161 0.00021467 0.021881 -0.0090987 0.051137 0.014326 -0.030207 -0.0088619 0.098594 0.019895 0.00021399 -0.00029358 0.0018025 0.00085665
-0.0039289 0.0022903 0.0050548 0.00246 -0.0047194 -0.020874 0.060718 0.053609 0.031753 -0.0065638 0.054033 0.012901 -0.00087371 0.00065167 0.0017236 0.00071287 -0.014928 0.01021 0.045424 0.010518 -0.28306 0.05468 0.30118 0.11167 0.35082 -0.042676 0.41227 0.08253 -0.0063465 0.0014513 0.012093 0.0042038 -0.0132 0.0084322 0.041002 0.012416 -0.20595 0.15608 0.31047 0.21729 0.15879 0.09556 0.4015 0.27723 0.010558 -0.00060828 0.020633 0.0037422 -0.0028362 -0.0040568 0.0097932 0.0077092 -0.035709 0.0024139 0.043835 0.0095308 0.023037 0.012079 0.069061 0.061432 0.0017324 -0.0002864 0.0023411 0.00056702
-0.0010516 -0.00069902 0.0012363 0.0013104 0.0064394 -0.015357 0.014889 0.026465 0.034225 0.010526 0.035058 0.011913 2.6321e-05 1.5553e-05 3.2746e-05 3.1718e-05 -0.010891 -0.022701 0.015562 0.027285 0.14188 -0.12435 0.20377 0.15344 0.37841 -0.015225 0.37841 0.083185 0 0 0 0 -0.0020076 0.0013047 0.0071293 0.011408 0.067443 0.032222 0.26667 0.064374 0.49755 0.055137 0.49755 0.092348 0 0 0 0 0.00033566 -0.00023272 0.0015122 0.0023758 0.0050915 0.0035028 0.028747 0.019553 0.074827 -0.00022855 0.074852 0.012456 2.3453e-05 -7.2886e-06 2.3453e-05 2.3453e-05
-0.0011899 0.0012238 0.0013482 0.0012654 0.0073465 0.0044383 0.0089003 0.006798 0.022315 0.016899 0.025334 0.017002 -0.0052924 0.0030391 0.0052924 0.0030391 -0.0052269 -0.00061974 0.060857 0.043797 -0.056762 -0.0034762 0.39367 0.20461 0.20176 -0.15933 0.28325 0.33124 -0.024666 -0.0066176 0.032769 0.0079717 0.072688 -0.014654 0.08573 0.07631 -0.2027 0.18912 0.34141 0.22017 0.13656 0.12649 0.2472 0.41858 -0.0055489 0.0058084 0.039233 0.019376 0.010516 -0.0066697 0.013506 0.0077927 0.0092976 -0.00037446 0.015407 0.011751 -0.0025227 0.0016083 0.0026413 0.0020955 -0.0054436 -6.1781e-05 0.0056008 0.00036437
6.6262e-05 -0.0018933 0.0043995 0.0022955 -0.024888 0.013574 0.030498 0.033237 0.010081 0.00072333 0.037798 0.0063088 0.0012749 -0.00043642 0.0015365 0.0020879 0.02676 -0.009705 0.043659 0.018797 -0.18048 -0.05076 0.3986 0.17615 0.14181 0.042966 0.40885 0.20131 0.0032639 0.011503 0.011056 0.059371 0.0038369 -0.0037776 0.026131 0.0097102 -0.13021 0.055374 0.45894 0.18799 0.14648 -0.0069722 0.46641 0.13481 0.019701 -0.0038386 0.026831 0.062794 -0.00096241 0.0036512 0.0031233 0.0037645 -0.0043092 -0.015995 0.030927 0.033446 0.010731 0.00012401 0.039647 0.027912 0.0027442 0.00034182 0.0061034 0.0034278
0.0045525 0.00023647 0.0079676 0.0037107 -0.010211 0.0048027 0.050695 0.033189 0.0027269 -0.0095814 0.024821 0.019171 0.00054768 4.5158e-05 0.0012726 0.00028234 0.068181 -0.010767 0.075122 0.035411 -0.10314 0.072489 0.71125 0.21046 0.031132 0.054489 0.29507 0.1447 -0.00084589 -0.0052231 0.014301 0.0058186 0.034772 -0.0090846 0.038637 0.086136 0.087394 -0.14202 0.33517 0.22078 -0.042026 0.069518 0.26273 0.15031 -0.0089832 0.0021704 0.026434 0.0059605 0.0029169 0.00038023 0.0041791 0.0025718 0.015215 -0.012518 0.043643 0.023367 0.0081744 -0.0094532 0.05254 0.033898 -0.00072233 0.0014438 0.0033976 0.0025626
-0.0033453 -0.0025142 0.0065898 0.0029001 -0.0082548 -0.0098558 0.089442 0.033698 0.0089007 -0.019746 0.057964 0.031045 -0.00058651 -0.00023198 0.0049051 0.0013817 -0.0072305 -0.012953 0.023635 0.036591 -0.094106 -0.11891 0.40707 0.24954 0.16283 -0.03056 0.53331 0.24142 -0.0008986 0.0065612 0.033051 0.016547 -0.012392 0.0088235 0.017309 0.023809 -0.070697 -0.011684 0.24909 0.078294 0.26873 0.10123 0.33994 0.27592 -0.019302 0.0024154 0.028545 0.017391 -0.0020361 0.0035313 0.0032531 0.011014 -0.010226 0.033645 0.029018 0.060115 0.030964 0.024065 0.050372 0.032776 -0.0040335 0.0048175 0.0068361 0.0053254
0.0045297 0.0047629 0.004558 0.0058298 -0.0044603 -0.012048 0.02051 0.02377 0.027675 -0.05614 0.042169 0.05614 0 0 0 0 -0.017596 -0.036865 0.043104 0.045406 0.048441 -0.05146 0.26206 0.27024 0.30928 0.04361 0.36309 0.38356 0.002613 -0.0017193 0.002613 0.0018499 0.016049 -0.0082096 0.023828 0.010494 0.097077 -0.068328 0.29429 0.2795 0.006754 -0.16254 0.34339 0.33554 0.083307 -0.028692 0.083568 0.029603 0.0026812 0.0026875 0.0036361 0.0035591 -0.01051 0.010543 0.043345 0.040998 0.017322 -0.026663 0.048255 0.036942 0.007063 -0.001907 0.0086396 0.0041747
6.1085e-05 -0.00021255 0.0027392 0.00049901 0.043653 0.0003623 0.065425 0.0081854 -0.039385 0.0035477 0.039985 0.0035477 -0.00065473 9.077e-05 0.00065473 9.7218e-05 0.00044621 -0.0022657 0.029354 0.0028038 0.28237 0.039192 0.50673 0.18665 -0.20052 0.023183 0.28867 0.029887 -0.0052398 0.0050291 0.0090452 0.0065332 -0.0066671 -0.00076394 0.012762 0.0044579 0.27266 -0.043134 0.452 0.17767 -0.16895 0.022404 0.37395 0.056894 -0.0046045 -0.0038344 0.010313 0.0061526 -0.0008866 6.9678e-05 0.00088878 0.00017023 0.023177 -0.016437 0.04472 0.021877 -0.01348 -0.011366 0.057286 0.012944 0.00087752 -0.0016563 0.0022545 0.0022435
0.0013933 -0.001457 0.0051761 0.0025442 0.021358 -0.010804 0.073443 0.025506 0.011554 0.0051491 0.017151 0.013725 -0.00099143 0.0018754 0.0029311 0.0020148 -0.01415 0.0081288 0.057423 0.02497 0.33074 0.071184 0.4287 0.25108 -0.094918 0.12197 0.28017 0.19828 -0.01023 -0.0052679 0.020345 0.01911 0.015081 -0.0046361 0.040637 0.026257 0.39093 -0.035456 0.52793 0.10755 -0.058066 0.085869 0.071918 0.091359 -0.033032 -0.0038572 0.03907 0.014224 -0.00023382 3.2679e-05 0.0021614 0.0033261 0.056172 -0.012272 0.074391 0.019452 -0.0045693 -0.0032947 0.034537 0.0093073 -0.0026158 -0.00066226 0.0026891 0.00096634
-0.0020405 0.001436 0.0038352 0.002538 0.030299 0.00089105 0.031559 0.006598 0.00051878 0.00012455 0.00051878 0.00058015 0 0 0 0 0.028212 -0.001801 0.033614 0.045373 0.38184 0.12693 0.43935 0.38714 0.0054298 -0.0011324 0.0054298 0.0028283 0 0 0 0 0.027314 -0.011829 0.048852 0.033948 0.39276 -0.20104 0.44812 0.28295 0.0074242 -0.00020045 0.0074242 0.0037965 0 0 0 0 0.0029282 -0.0036782 0.0051258 0.0064821 0.057587 -0.0026849 0.070717 0.024884 0.00075522 0.0001001 0.00095725 0.00056437 0 0 0 0
-0.0030482 -0.0029207 0.0034572 0.0035486 0.053744 0.028301 0.056962 0.037185 0.0063567 0.022507 0.036247 0.026493 -0.00072895 -0.00091538 0.0048584 0.0019049 -0.021607 0.017151 0.049642 0.017176 0.36398 0.0010895 0.36398 0.041481 -0.018318 -0.024938 0.44453 0.053214 -0.0049052 -0.0030376 0.058769 0.0082104 -0.025744 0.0058975 0.031142 0.0067235 0.09842 -0.12179 0.32213 0.26023 0.16707 -0.14133 0.43568 0.26089 0.0034555 -0.0022423 0.056789 0.0056968 -0.0034847 0.0010983 0.0042986 0.0012803 -0.0035574 -0.014011 0.023735 0.022403 0.046645 -0.0096328 0.058162 0.011964 0.0032801 -3.655e-06 0.0041365 0.0011443
-0.0026902 0.00047428 0.0034134 0.0011033 0.024751 -0.0012725 0.046454 0.0098954 0.0043249 -0.0027442 0.058833 0.014611 8.7254e-05 8.9558e-05 0.00021722 0.00013279 -0.012305 -0.00017293 0.026163 0.0052338 -0.061013 -0.12601 0.16728 0.17072 0.2884 -0.062996 0.55395 0.11592 -0.0032538 0.0035578 0.0080868 0.0062341 0.0075752 -0.0032716 0.025517 0.0068376 0.077749 0.081993 0.45153 0.13819 0.25184 0.04909 0.40275 0.1487 -0.061441 0.012458 0.069578 0.015125 0.0010454 -3.3162e-05 0.005109 0.00064011 -0.011398 -0.0086647 0.041609 0.02573 0.046707 -0.032141 0.069318 0.042976 -0.0061361 0.0020956 0.0075667 0.002529
0.00093374 0.00064713 0.0076728 0.0010805 -0.05671 0.015142 0.057467 0.027616 0.033741 -0.0095544 0.037262 0.02635 -0.00064067 4.8328e-05 0.0027099 0.00047197 -0.027114 -0.030516 0.041125 0.035941 -0.17718 -0.065627 0.323 0.20448 0.17138 0.18997 0.46589 0.24519 -0.0028039 0.00064913 0.010641 0.0040423 -0.021451 0.0093186 0.047871 0.024273 0.085907 0.089643 0.29846 0.23229 -0.051861 -0.16194 0.38255 0.32388 0.022931 -0.0058877 0.02704 0.0073845 0.0066622 0.00051402 0.015183 0.0018491 -0.045446 0.0095134 0.045446 0.010822 0.0028844 0.02207 0.094998 0.046763 0.0081325 -0.00055618 0.0083614 0.0012876
-0.0010321 0.0036918 0.0046194 0.0043304 0.042497 -0.01808 0.06204 0.030371 -0.017298 0.01347 0.040621 0.025033 0.0039196 -0.00096013 0.0052111 0.0043316 0.013624 -0.003739 0.048342 0.03616 0.23354 0.098505 0.47853 0.31268 -0.047957 0.12044 0.2275 0.16015 0.020163 0.013531 0.035466 0.04216 -0.0045395 0.0032111 0.057208 0.028462 0.36904 -0.097243 0.54042 0.18748 0.0059459 0.029668 0.076236 0.065192 -0.0068206 0.015976 0.0097162 0.016421 0.0041033 -0.00056812 0.006912 0.0041191 0.0042232 0.0017615 0.035425 0.019779 0.051133 -0.013185 0.063691 0.018292 -0.0011356 4.2784e-05 0.0011356 0.00031283
-0.0067761 0.010062 0.0069468 0.012112 0.023283 0.030663 0.035087 0.069598 0.053481 -0.0063963 0.053481 0.02904 0 0 0 0 0.0028771 -0.019689 0.021627 0.054666 0.046469 -0.025458 0.24455 0.26923 0.45717 -0.022325 0.45717 0.070943 0 0 0 0 -0.0028377 0.022764 0.0058126 0.027288 -0.018158 0.14725 0.028304 0.20482 0.41276 0.0094633 0.41312 0.10898 0 0 0 0 0.00019156 -8.1291e-05 0.00019421 9.2304e-05 -0.0010307 -0.00038267 0.0031269 0.001747 0.043762 -0.002005 0.044489 0.0031489 0 0 0 0
0.0027465 0.00098839 0.0056133 0.001644 -0.019695 0.017741 0.059256 0.029426 0.054746 0.023871 0.094959 0.02448 0.0045207 -4.926e-05 0.0085271 0.0007433 -0.010024 0.00058858 0.043351 0.007672 -0.11898 -0.05496 0.28608 0.15663 0.35864 -0.12267 0.46533 0.26371 0.0077999 -0.0028397 0.041251 0.0081463 -0.0067579 0.00059355 0.018756 0.0043934 -0.1418 0.041872 0.29006 0.13534 0.34218 0.0074462 0.369 0.17761 0.0022798 -0.010676 0.049758 0.038863 -0.00069956 -0.00029815 0.0020996 0.00074464 -0.01615 -0.0039836 0.048695 0.031335 0.039528 0.022416 0.065785 0.022832 -0.00089843 0.0010581 0.01346 0.0033988
-0.0050117 -0.0051767 0.012174 0.006123 0.017451 -0.046934 0.028576 0.084716 0.024049 -0.068727 0.026694 0.091175 0.0010801 -0.018692 0.0035647 0.018692 -0.013453 0.012925 0.038183 0.06455 -0.026602 -0.096437 0.33023 0.347 0.079846 -0.10614 0.27064 0.27946 0.031295 0.0069905 0.049301 0.017999 0.024438 -0.038503 0.028165 0.040403 -0.2044 0.092097 0.46045 0.28475 0.17367 0.022026 0.37163 0.16798 0.033814 0.010964 0.04254 0.013542 0.00062546 0.0013645 0.0030021 0.0033951 0.0070169 0.0093205 0.057253 0.053478 0.0090786 0.0095026 0.032757 0.019168 -0.0004951 -3.5427e-05 0.0022401 0.00065295
0.00067723 -0.00017457 0.00067723 0.00030564 0.022206 0.025859 0.024936 0.029055 0.0097843 0.011751 0.010425 0.012003 0.0012222 0.00069073 0.0019929 0.0010595 0.012905 0.01954 0.021253 0.027087 -0.12851 -0.064644 0.27784 0.34 0.25086 -0.1051 0.35112 0.12964 -0.016415 -0.014588 0.042133 0.015741 -0.0074081 -0.012564 0.016154 0.02176 -0.12721 -0.055174 0.26504 0.46107 0.17003 -0.054176 0.38335 0.24819 -0.034308 -0.042333 0.064317 0.055552 -0.0003891 0.00025632 0.00070555 0.00061322 0.00016934 0.0072825 0.012456 0.0086078 -0.019679 -0.0075399 0.1006 0.02412 0.0016548 -0.0021886 0.0055815 0.0043176
0.0007547 -0.00034344 0.0007547 0.0003444 0.017954 0.010563 0.026275 0.012634 0.045139 0.0064938 0.058391 0.017041 -0.027226 0.0033869 0.030729 0.005109 0.0038076 -0.0034738 0.0054089 0.0044561 0.26863 0.061884 0.27519 0.11528 -0.082078 -0.078266 0.50428 0.3675 -0.14473 -0.0086249 0.16521 0.063982 0.0034931 -0.0053444 0.0043409 0.0053444 0.22475 -0.17298 0.22475 0.17298 -0.14012 -0.16291 0.25369 0.21644 -0.035539 0.047228 0.13178 0.066172 -2.4265e-05 -0.00018952 0.00092449 0.0022938 0.023525 0.030187 0.023525 0.044866 0.047761 0.095784 0.047785 0.099478 0.0042502 0.010357 0.0042818 0.010357
0.0016597 -0.00088681 0.0072444 0.002067 -0.026953 0.010339 0.050975 0.021274 0.040048 -0.0045236 0.042653 0.017077 0.0015741 -0.00043838 0.0046497 0.0013341 0.020159 -0.01926 0.038215 0.032571 -0.24804 -0.067667 0.42268 0.2858 0.30456 0.014494 0.37101 0.087264 0.010511 -0.00082142 0.046052 0.016492 0.038781 0.016292 0.052758 0.063352 -0.19307 -0.038497 0.29597 0.22778 0.26426 -0.053507 0.36825 0.1103 0.029665 -0.0099641 0.061178 0.037879 0.0081659 -0.00065119 0.011153 0.0051067 -0.031533 0.021995 0.038758 0.0475 0.008931 -0.0091679 0.020746 0.045523 0.00027006 0.00075543 0.010577 0.012258
-0.00049095 -0.0086131 0.0042636 0.00901 -0.013961 -0.00786 0.064606 0.013423 -0.015757 -0.0015004 0.071987 0.031026 0.0010857 0.0015053 0.00156 0.0024956 -0.0052636 -0.01155 0.087726 0.014143 -0.077443 -0.051236 0.34706 0.31914 0.01376 0.030068 0.48185 0.26837 0.035216 -0.0048086 0.063554 0.038338 -0.030734 -0.003712 0.054558 0.0078184 -0.01385 -0.071107 0.20773 0.27042 0.020978 -0.074254 0.39884 0.36935 0.043728 0.0067321 0.070999 0.032957 -0.0051712 -0.0012023 0.0054019 0.0014141 -0.006572 -0.0027411 0.02811 0.013836 0.0034508 0.0013176 0.035697 0.015213 0.005509 -0.00064771 0.0056805 0.005122
-0.0019269 0.00037348 0.0032412 0.00091865 -0.01919 -0.028372 0.034176 0.033877 0.0069704 -0.021418 0.022203 0.022172 0.01127 -0.0025823 0.011884 0.0025823 0.0078804 -0.0023527 0.012117 0.0042517 -0.28345 0.032836 0.3229 0.062784 0.32859 0.14482 0.33978 0.1742 0.01732 0.0088504 0.049458 0.021027 0.014531 -0.0030165 0.026551 0.0059391 -0.15477 0.098376 0.34634 0.24825 0.2084 -0.05383 0.48102 0.14797 -0.016393 -0.012317 0.070781 0.017866 0.0022688 -0.00031167 0.0046478 0.00094036 -0.030871 0.0088029 0.041485 0.014305 0.0059745 -0.010303 0.034233 0.030569 0.003495 -0.0048184 0.0054408 0.0062454
-0.015263 -0.008582 0.016459 0.0089744 0.026652 -0.031582 0.04707 0.048312 -0.0068976 0.032084 0.052939 0.073163 0.0053723 0.0044893 0.0098695 0.0056706 -0.041277 -0.019801 0.043567 0.023966 0.12238 -0.051049 0.1414 0.12879 0.3974 -0.03838 0.44307 0.19682 -0.018204 -0.012924 0.019593 0.013811 -0.010673 0.008167 0.014728 0.01804 0.24484 0.26568 0.25932 0.37609 0.16225 0.18503 0.24311 0.24442 -0.005881 -0.0044984 0.005881 0.0046898 2.5295e-05 -0.00019314 0.0033033 0.0039649 0.059497 0.019983 0.062536 0.041401 -0.012845 -0.0038696 0.013122 0.0040699 -0.00038831 -0.0002035 0.00038831 0.0002035
-0.0074302 0.0086723 0.0077134 0.0091256 0.00030872 -0.0093169 0.0065909 0.014902 0.011002 0.003855 0.021543 0.0090687 0.018453 0.00043609 0.018453 0.00096905 -0.011174 -0.016001 0.014458 0.04592 -0.10221 0.038534 0.34035 0.34422 0.20241 -0.077162 0.24644 0.49744 0.040346 0.005327 0.040346 0.010342 0.0033791 -0.021027 0.014906 0.04719 0.0010003 -0.0061512 0.17561 0.3033 0.23903 0.077252 0.32448 0.30141 0.012364 0.0049003 0.012364 0.005704 -0.001093 0.003509 0.0011015 0.0039907 -0.0049781 0.023673 0.0087693 0.031344 0.033334 0.014758 0.039487 0.025021 9.9339e-05 4.3786e-05 9.9339e-05 4.3786e-05
-0.011912 -0.0011486 0.012716 0.0027923 0.0066742 -0.0029748 0.014644 0.0099577 0.051517 0.013944 0.055486 0.041001 -0.0023503 -0.00016642 0.0024336 0.00037798 -0.02972 -0.021242 0.041939 0.047384 0.10472 -0.0029675 0.1822 0.21512 0.30923 -0.05816 0.36927 0.30966 -0.005898 -0.0037637 0.005898 0.0048109 0.0042153 -0.0004418 0.015374 0.011092 0.052796 0.0085375 0.16536 0.20839 0.40119 0.065627 0.46879 0.30719 -0.01138 0.0018937 0.01138 0.0031673 -7.0081e-05 -0.0010489 0.0042225 0.0021912 0.022226 -0.0033795 0.028002 0.024198 0.051361 0.035265 0.054561 0.045722 -0.0036583 -2.3351e-05 0.0036583 0.0013016
0.00076152 -0.00026327 0.00076152 0.00043519 0.017837 0.023415 0.02264 0.029404 0.015548 0.019967 0.016294 0.020046 0.001127 0.0005722 0.0024593 0.0011148 0.018449 0.025971 0.022814 0.029302 -0.088537 -0.066533 0.23444 0.37981 0.23487 -0.1203 0.28122 0.12633 -0.017138 -0.016693 0.044145 0.02022 -0.0041872 -0.01279 0.016472 0.021528 -0.14724 -0.046871 0.22905 0.47046 0.21838 -0.060364 0.41246 0.26273 -0.061436 -0.040864 0.077216 0.051214 -0.00030756 -8.9173e-05 0.00087674 0.0010554 0.00033031 0.0058 0.013965 0.0088033 -0.021707 -0.0068539 0.10135 0.025973 0.0019202 -0.0026885 0.0070257 0.0038481
-0.0025478 0.0022231 0.006187 0.0039744 0.022907 0.020733 0.060197 0.023982 0.018009 0.0011685 0.031126 0.012587 0.0039221 0.001875 0.0044946 0.0023304 -0.035266 -0.014664 0.065204 0.021933 0.22605 -0.017475 0.34712 0.11138 0.11368 -0.045111 0.32464 0.25145 -0.047807 -0.070601 0.05771 0.072026 -0.022089 0.0065368 0.053832 0.048606 0.17506 -0.0038231 0.25166 0.29938 -0.20763 -0.18242 0.31516 0.46494 0.0096264 0.0053413 0.013462 0.0093574 -0.0020285 0.0050254 0.0085168 0.0081048 0.041058 0.048325 0.063252 0.057936 -0.065498 0.0027142 0.071712 0.027166 0.00045108 -0.00054945 0.0019633 0.0011842
-0.001615 0.0023194 0.002132 0.0029884 0.016991 -0.0084367 0.031001 0.011405 -0.020263 -0.025848 0.082711 0.026551 0.0019709 -0.00043396 0.0024694 0.00097418 -0.011533 0.0018088 0.038461 0.027757 0.057155 -0.095317 0.21402 0.21412 -0.048324 0.090823 0.43631 0.36204 0.006066 0.0023306 0.0099038 0.01377 0.025028 -0.0067025 0.059342 0.029264 -0.057048 0.12953 0.2616 0.29257 0.17958 0.014349 0.50694 0.22906 -0.020674 0.034586 0.024201 0.053324 0.00039294 0.008094 0.0019981 0.0081608 0.019142 0.068034 0.036025 0.068034 0.015278 0.076503 0.043794 0.076503 -0.00036487 0.0086121 0.0023655 0.0086156
-0.0010557 -0.0015918 0.0026496 0.004845 0.007245 0.00046488 0.0095108 0.031346 0.10685 -0.00023943 0.10758 0.0079981 1.3546e-06 6.0547e-06 1.3546e-06 6.0547e-06 0.0031995 0.0098733 0.015226 0.080894 -0.009848 0.048144 0.013615 0.47919 0.3891 0.016266 0.3891 0.1852 0.00041832 9.6491e-05 0.0010953 0.00071577 0.00075907 0.0032259 0.0045446 0.0044801 -0.0010519 0.035297 0.013583 0.035297 0.44054 0.020008 0.44054 0.024004 0.00030786 0.00011334 0.00030786 0.00057506 -0.00025488 -3.534e-05 0.0024176 0.0011394 0.00072829 -0.0095161 0.0042412 0.0098142 0.060009 -0.0041668 0.060086 0.0047726 1.5353e-05 -2.8844e-05 1.5353e-05 2.8844e-05
0.0020918 0.0020086 0.0066416 0.0025696 0.044529 -0.0087169 0.044529 0.009084 -0.0081386 -0.0032797 0.072567 0.012541 -0.0019443 -0.00016863 0.0065752 0.00094941 0.012893 0.0098001 0.055676 0.012238 0.16293 -0.20577 0.23016 0.27412 0.049744 -0.18023 0.47894 0.25203 -0.011421 -0.0072887 0.036835 0.012555 0.033164 -0.00086655 0.069206 0.0092613 -0.15256 -0.055453 0.29035 0.23263 0.32173 0.022917 0.39295 0.15626 0.014868 -0.0078138 0.019039 0.012968 0.00017723 0.0015957 0.0077065 0.0017145 -0.0068753 0.011025 0.050389 0.018569 0.033298 -0.0072513 0.036607 0.010705 0.0042093 -0.00037501 0.004515 0.001396
-0.0068674 -0.0019043 0.0077027 0.0038277 0.00032073 -0.012214 0.0351 0.034769 0.05066 0.0094758 0.062012 0.02526 0.00018861 0.00018738 0.0036638 0.00035923 -0.049414 0.013454 0.05448 0.017756 0.35626 0.11109 0.42516 0.19223 0.074405 0.065478 0.40525 0.097836 0.003854 0.00037258 0.022945 0.0026067 -0.0054409 0.00014129 0.010851 0.0029984 0.14743 -0.054018 0.38905 0.12837 0.13968 -0.1032 0.43521 0.14696 0.0030895 -0.0052287 0.024584 0.0070013 -0.00069752 -2.8647e-05 0.0035409 0.00046046 -0.018023 -0.0089882 0.031053 0.026323 0.05074 -0.011592 0.059286 0.015312 0.0022348 -0.00061209 0.0049939 0.0021348
0.00046986 -0.0018733 0.0015674 0.0024857 0.036094 0.013798 0.066134 0.01775 -0.012033 0.006261 0.02523 0.012401 -0.0038056 0.0031835 0.0045294 0.003889 -0.0091427 0.0076129 0.0097329 0.012499 0.41236 0.036141 0.4439 0.067695 -0.21686 0.10444 0.28669 0.1279 -0.005448 0.0079772 0.010577 0.0081284 -0.0055578 -0.0023703 0.0073253 0.0083966 0.41523 0.03423 0.4172 0.20166 -0.16453 0.081164 0.16548 0.081164 0.0080145 0.0022585 0.019809 0.010243 0.00080485 0.0021067 0.0014062 0.0034376 0.049113 -0.011319 0.053286 0.017283 -0.0083494 0.0058466 0.0099871 0.0067998 -0.0032666 0.0014277 0.0040589 0.0020511
-0.0038313 -0.0039618 0.0081786 0.0052551 -0.022242 -0.0061731 0.04567 0.018839 0.038703 -0.0016592 0.062092 0.0068916 0.0023074 -0.0011405 0.004256 0.0012167 -0.040549 0.0079511 0.04494 0.045583 -0.045745 0.040199 0.32281 0.33033 0.26552 -0.052186 0.36146 0.14507 0.0037627 0.0077992 0.036148 0.0080921 -0.02191 0.031586 0.076299 0.032494 -0.071268 0.016541 0.52071 0.23363 0.15337 0.050571 0.38509 0.1329 -0.0042201 -0.0045502 0.044538 0.0056779 -0.0032899 -0.005194 0.0084657 0.0065305 -0.020053 -0.013907 0.058282 0.020796 0.041244 -0.0019608 0.048222 0.0054695 -0.0027913 0.00038994 0.0099749 0.00079796
-0.0009408 -0.0013905 0.0037573 0.006469 0.0030142 -0.019556 0.017529 0.03863 0.097207 -0.0058585 0.098339 0.010325 0 0 0 0 -0.0032073 0.014024 0.021644 0.090782 0.0055415 0.125 0.052794 0.52944 0.39163 0.012099 0.39163 0.19444 0.00041524 4.6379e-05 0.00041524 0.00020556 -0.025539 0.021371 0.052042 0.021491 0.0031783 0.020169 0.033447 0.061013 0.39055 0.003744 0.39182 0.052913 5.5126e-05 -5.5126e-05 5.5126e-05 5.5126e-05 -0.0012088 -0.0063479 0.0018539 0.0063479 -0.0073277 -0.0081549 0.0099399 0.0081549 0.059824 -0.0064273 0.060712 0.0065069 0.00010536 1.4583e-05 0.00010536 3.5696e-05
0.00079343 0.00062856 0.0021829 0.0017375 0.0014163 -0.0035949 0.05682 0.012787 0.043198 0.004203 0.051122 0.010327 -0.0021937 0.0023641 0.002782 0.0028895 -0.0055488 -0.0012751 0.013305 0.0056693 -0.0064523 -0.031607 0.29188 0.14712 0.32848 0.0041841 0.44879 0.053279 -0.01437 -0.0040493 0.01437 0.0049618 -0.036261 0.020236 0.037936 0.020978 -0.085607 0.056798 0.29426 0.15084 0.45035 0.037898 0.47065 0.08196 -0.041786 -0.0062216 0.041862 0.0092742 -7.1233e-05 0.00018709 0.00071799 0.00035875 -0.030574 0.011444 0.042263 0.018888 0.064019 -0.0055391 0.064019 0.0064241 -0.0080962 0.0012485 0.0081524 0.0012684
0.00043568 7.56e-05 0.00048401 0.00020724 0.0069926 0.0028657 0.012086 0.0040933 0.0021177 0.014152 0.010475 0.016663 0.0048028 0.0078575 0.0051054 0.0079501 0.026147 0.027749 0.026147 0.027811 -0.077842 0.047335 0.22097 0.30644 0.26717 0.02321 0.26717 0.20667 -0.013857 -0.018388 0.044746 0.036933 0.016052 -0.021177 0.018865 0.031242 -0.037831 -0.089953 0.28574 0.35089 0.10679 -0.19837 0.48189 0.3471 -0.065704 -0.060547 0.085669 0.071322 -0.0016122 0.00056404 0.0021256 0.0016161 -0.010396 -0.0031449 0.059506 0.039161 -0.029559 -0.027107 0.075966 0.048016 -2.7436e-05 -0.00079567 0.0083045 0.0044022
0.001973 -0.0012271 0.0036286 0.0038661 0.034438 0.041112 0.044688 0.063356 0.029688 0.016249 0.048956 0.030703 -0.00055413 -0.00021765 0.00055413 0.00031732 0.00098089 -0.00064345 0.018081 0.015843 0.33234 0.10818 0.35417 0.35571 0.12008 0.045073 0.30739 0.15349 -0.0046036 -0.0020851 0.0046036 0.0025283 -0.0048544 0.0046511 0.014612 0.018479 0.37313 -0.16734 0.40504 0.23429 0.081969 -0.09554 0.19721 0.11894 -0.0050145 -0.0029852 0.0050145 0.0033473 -0.0022986 0.0064842 0.0036073 0.015434 0.024325 0.087047 0.031623 0.1002 0.0065714 0.018886 0.032797 0.024513 -0.0017294 -0.0020022 0.0031519 0.0025906
-0.0026026 -0.0036528 0.00472 0.010525 0.030545 -0.030292 0.034846 0.040938 -0.013244 0.0044906 0.013404 0.0055156 -0.00020116 0.00010852 0.00020116 0.00011436 0.0059239 -0.012573 0.012586 0.016021 0.46206 -0.016585 0.4797 0.26725 -0.055894 0.005702 0.072154 0.049644 -0.0024775 0.0015778 0.0028427 0.0016352 -0.011843 0.011284 0.018901 0.019163 0.19637 -0.17374 0.24431 0.31146 0.23129 -0.15066 0.32385 0.21608 -0.0069846 0.004498 0.008151 0.0051922 -0.0043271 0.00029944 0.005259 0.0050147 -0.0028208 -0.0024577 0.024849 0.027369 0.05245 -0.024915 0.06175 0.070129 0.00098217 0.00060804 0.0026866 0.0019292
0.0059399 -0.00086832 0.0060971 0.0058329 0.020447 -0.023326 0.025875 0.037589 -0.011358 0.0020409 0.01155 0.0040061 -0.00044996 -2.8628e-05 0.00044996 0.00026211 -0.0034405 -0.012986 0.015775 0.019798 0.44281 -0.082616 0.46726 0.11839 -0.070746 0.007436 0.097696 0.071471 -0.0064723 0.00327 0.0064723 0.0035581 -0.015161 0.0024715 0.021357 0.028369 0.17319 -0.12779 0.23815 0.4318 0.25418 -0.068214 0.3391 0.23937 -0.021224 0.0088551 0.022032 0.010939 0.00015302 -0.00048555 0.0018092 0.0024242 0.022265 -0.0046243 0.030765 0.013504 0.040724 -0.028661 0.043556 0.030758 0.00064245 -0.002181 0.0020621 0.0024232
-0.00022024 0.00077266 0.00028426 0.0013377 0.070927 0.017931 0.077264 0.018874 0.00050849 2.7485e-05 0.00050849 8.8442e-05 0 0 0 0 0.0061065 -0.005687 0.0086007 0.012876 0.43989 0.071422 0.44813 0.099738 0.0027743 -0.00047158 0.0027743 0.00093118 0 0 0 0 -0.0058779 -0.0060624 0.026581 0.041099 0.49054 -0.11698 0.50886 0.22431 0.0033006 -0.0002664 0.0052722 0.0010638 0 0 0 0 -0.0016262 0.0027653 0.0024449 0.00497 0.075373 0.018813 0.076389 0.025267 0.0006622 0.00020312 0.00084568 0.00024898 0 0 0 0
0.0037981 -0.0036786 0.012014 0.010394 0.044298 -0.0053054 0.07898 0.014156 0.0016897 -0.0053798 0.029511 0.0098851 -0.017471 0.00077338 0.018114 0.00084209 0.084016 -0.0039691 0.088816 0.021517 0.28294 0.0025359 0.34335 0.098628 0.025512 0.027028 0.24711 0.048721 -0.13118 -0.0095739 0.14166 0.011191 0.033422 0.0084281 0.051603 0.010731 0.1958 -0.1616 0.32908 0.30759 0.17661 -0.12845 0.32253 0.39931 -0.14415 -0.019299 0.16528 0.045121 0.0045274 0.00012004 0.0053297 0.0014857 0.0068401 -0.038123 0.06613 0.09792 0.059578 0.0069622 0.081426 0.061292 -0.029442 -0.0017634 0.029602 0.0027396
-0.0060822 -0.0067519 0.0086138 0.0071982 0.044659 -0.0085769 0.054929 0.032087 0.0081217 0.002508 0.028315 0.010873 -0.00044908 -0.0003594 0.00044908 0.00036568 -0.0020784 -0.0013628 0.019269 0.015623 0.43717 0.12711 0.44964 0.27776 -0.070095 0.018872 0.11353 0.048987 -0.0043765 -0.0029551 0.0044384 0.0029551 -0.0070067 0.02129 0.015414 0.032966 0.37076 -0.0066983 0.39307 0.34324 -0.058662 -0.075098 0.14599 0.095053 -0.0050314 -0.0050602 0.0051425 0.0050602 -0.0041237 0.024269 0.0041237 0.024269 -0.0066987 0.10481 0.016493 0.10648 -0.029778 0.056767 0.038025 0.064797 -0.0016132 0.0043638 0.001665 0.0055561
0.005254 -0.0010758 0.0052682 0.0013579 0.017448 -0.028292 0.046028 0.10182 -0.0016155 0.0079261 0.086702 0.030818 -0.0051277 -0.00049615 0.0069937 0.0039216 0.03012 -0.0012794 0.03012 0.0036496 0.23572 0.17173 0.42569 0.45737 -0.0016996 0.034556 0.32814 0.20912 -0.11987 0.01162 0.12151 0.035934 0.025616 -0.0071602 0.030115 0.0085808 0.26464 -0.080482 0.35539 0.086859 0.028778 -0.0056573 0.20885 0.064278 -0.15835 0.015171 0.16048 0.023016 0.0050238 -0.00099606 0.0050346 0.0011641 0.028118 -0.0079476 0.045233 0.010148 0.019236 -0.0083218 0.024949 0.0086085 -0.020103 -0.0014916 0.020332 0.00486
-0.0019551 -0.0010158 0.0070581 0.0011517 -0.00020215 -0.00090751 0.0045561 0.0044156 -0.0046806 -0.0010621 0.0046806 0.0019434 -0.0005661 -7.5578e-06 0.0005661 3.2785e-05 -0.036708 -0.041712 0.052592 0.046012 0.27243 -0.029193 0.41013 0.46302 -0.065134 0.0049034 0.11538 0.094987 -0.0032612 -0.00036578 0.003413 0.00055599 -0.048086 -0.0079586 0.055317 0.014134 0.4345 -0.061308 0.4348 0.31292 -0.069507 -0.016174 0.094325 0.022581 -0.0034787 -0.00037714 0.0034787 0.00044545 -0.0038811 0.00092194 0.004762 0.0047373 0.052961 -0.021648 0.055614 0.034855 -0.011377 0.0002251 0.011587 0.0026991 -0.00050938 -0.00024958 0.00050938 0.00024958
-0.0030834 0.0029151 0.0072821 0.0031884 -0.016315 0.013025 0.049903 0.024994 0.050631 0.0087372 0.058539 0.010129 0.0018825 -0.00022684 0.0045332 0.00097234 -0.057366 0.010482 0.058284 0.011155 -0.14099 -0.0094164 0.39525 0.16231 0.39246 -0.0092857 0.39558 0.074599 0.005611 0.0009892 0.022642 0.0072171 -0.025956 0.0025225 0.027051 0.0041206 -0.21892 0.051396 0.33968 0.060143 0.37584 0.032062 0.37584 0.054733 0.016188 -0.0030915 0.030581 0.0091008 -0.0014854 0.00027848 0.0017196 0.00047014 -0.011771 -0.0029221 0.041779 0.016497 0.02295 -0.0083727 0.039638 0.026647 0.0057286 -0.0028494 0.006774 0.0032323
-0.0082632 0.00060517 0.0084624 0.0013815 0.013337 -0.0039587 0.085244 0.017191 0.03596 0.00030905 0.042285 0.01528 -0.0007163 0.00029602 0.0017976 0.00072189 -0.010216 -0.016661 0.064355 0.042867 -0.06408 -0.012389 0.5192 0.19013 0.32848 -0.042755 0.35371 0.12319 -0.0082841 -0.0028632 0.015734 0.0068207 -0.048709 0.01139 0.0675 0.031036 -0.030095 0.068835 0.46063 0.15375 0.27306 0.023165 0.27486 0.086128 -0.011069 -0.00052709 0.020665 0.0093521 -0.0091821 -0.002678 0.0092156 0.002678 0.0040714 -0.0064688 0.10145 0.0075402 0.039969 0.004516 0.040523 0.0051234 -0.00056841 0.00019045 0.0018125 0.00039633
-0.0048128 0.0022413 0.004847 0.0023744 -0.019949 -0.0029319 0.037655 0.017901 0.064592 0.013372 0.067737 0.02048 -0.0033985 0.00015171 0.0033985 0.00066457 -0.0046001 0.0074533 0.010735 0.0086388 -0.15679 0.056387 0.33833 0.15171 0.393 0.011409 0.4234 0.076204 -0.025313 -0.0032972 0.040332 0.0072155 -0.0022823 -0.00031446 0.0065883 0.0023201 -0.23079 0.041338 0.31257 0.050499 0.39395 0.011929 0.39912 0.055336 -0.021288 0.0020431 0.044981 0.0086149 0.00072202 -0.00017071 0.0015808 0.0008795 -0.013488 -0.004157 0.030916 0.020739 0.024417 -0.016167 0.04509 0.029157 0.0014373 -0.00022951 0.0075059 0.0012132
-0.0076756 0.0013605 0.008589 0.0018708 -0.023913 -0.0051806 0.039038 0.0088423 0.020056 -0.0092672 0.052779 0.015222 0.0039431 0.00032631 0.0050175 0.00034078 -0.040297 -0.014017 0.040899 0.014794 -0.22781 -0.039907 0.25394 0.063707 0.21627 0.026588 0.55454 0.12403 0.026718 0.0054212 0.034136 0.016114 -0.031505 0.00090808 0.037937 0.011134 -0.11001 -0.00012672 0.33348 0.23869 0.13436 -0.025485 0.51027 0.15873 0.029821 -0.0060368 0.03741 0.0071473 -0.0065266 0.0013811 0.0082181 0.0017328 8.8356e-05 0.015675 0.055331 0.031958 -0.0018305 0.0060886 0.036484 0.021915 0.004411 0.00034545 0.0045378 0.00077889
-0.0012767 0.00015698 0.0012876 0.00043156 -0.028376 0.0098653 0.041821 0.022084 0.052814 0.0051891 0.07987 0.019431 -0.0031702 -0.0018524 0.003236 0.0019749 -0.013742 0.0014615 0.013987 0.0035956 -0.18209 0.0085903 0.21947 0.071799 0.2919 0.003367 0.61232 0.094156 -0.00014887 0.00031262 0.00091839 0.00081824 -0.02082 -0.0004854 0.020971 0.0021227 -0.13788 0.021185 0.18392 0.050012 0.25437 0.013058 0.54658 0.046823 5.8582e-05 0.00076079 0.0015857 0.0011354 -0.0038398 -4.4021e-05 0.0039537 0.00031036 -0.012844 -0.013389 0.028483 0.016566 0.03266 -0.0043917 0.077987 0.013276 0.00038333 -0.00010671 0.00049299 0.0002425
-0.0030064 0.00035721 0.0080269 0.0018626 -0.041294 -0.0001898 0.046856 0.0059178 0.027161 0.0022727 0.056813 0.0056886 -0.00038113 0.00098873 0.0022492 0.0010362 -0.046803 -0.013184 0.053942 0.013296 -0.29236 -0.06629 0.29321 0.072339 0.27667 -0.022806 0.44515 0.092774 3.3459e-05 0.00078156 0.011937 0.010106 -0.035388 -0.0016033 0.047599 0.013227 -0.20696 -0.014921 0.29279 0.14466 0.21836 -0.02184 0.53647 0.15045 -0.0028376 -0.001076 0.0086006 0.0035602 -0.0050108 0.001684 0.0050123 0.0022773 -0.010496 0.02702 0.059307 0.044263 0.0037168 0.018149 0.044727 0.023635 0.00069528 6.3817e-05 0.0012753 0.00066195
0.00036717 0.0020133 0.0037009 0.0046729 -0.034372 -0.0048455 0.052847 0.057895 0.060958 -8.5347e-05 0.061327 0.01473 -0.0038942 -0.0012871 0.0048547 0.0020176 -0.019242 -0.0068558 0.023666 0.051376 -0.095686 -0.025309 0.25113 0.47475 0.028065 -0.098609 0.51176 0.13614 0.018925 -0.044693 0.074059 0.052228 -0.0070618 -0.020295 0.0077449 0.023176 -0.061569 0.0267 0.073662 0.050627 0.013329 0.025622 0.59426 0.0749 0.0099947 -0.0061966 0.033451 0.012797 -0.0012063 0.00025009 0.0014913 0.00044955 0.0040679 -0.0010569 0.0046025 0.001332 -0.017129 -0.0037238 0.080949 0.0041787 0.0010814 0.00022673 0.0032956 0.00042216
0.0091708 0.0055246 0.010113 0.0092766 -0.0028733 0.024467 0.069828 0.037106 -0.009638 -0.0021999 0.04759 0.018398 0.0014997 -7.591e-05 0.0020793 0.0004077 0.041002 -0.022945 0.047387 0.034791 0.13095 -0.070073 0.39727 0.26112 -0.04547 0.091777 0.31041 0.13807 0.02053 -0.00027056 0.021178 0.004263 0.032723 0.0070224 0.038282 0.021854 0.24579 -0.023726 0.45742 0.25565 -0.096801 0.06754 0.36251 0.21006 0.02141 -0.0015655 0.024917 0.0040522 0.0024416 0.022659 0.0028697 0.022672 0.016887 0.16715 0.032686 0.16715 0.0036099 0.10207 0.010779 0.10207 0.0013835 0.024137 0.0016025 0.024137
0.0090996 0.0028706 0.0094296 0.0086039 -0.027719 -0.06544 0.059421 0.086317 0.030658 -0.0040095 0.050738 0.044835 0.0013354 -0.009806 0.0088415 0.013264 -0.014023 0.0097827 0.02671 0.048382 -0.12648 -0.053813 0.25419 0.15453 0.15639 0.002277 0.4337 0.29834 0.0089241 -0.0099779 0.059602 0.054311 -0.050298 -0.03272 0.057261 0.041751 0.022536 0.12902 0.19794 0.28346 0.13514 0.057217 0.50132 0.35877 0.0078555 0.0050672 0.047479 0.045281 0.0029103 0.00054056 0.0058085 0.0030023 -0.015576 -0.0031358 0.05253 0.038138 0.0090559 -0.0091367 0.037586 0.037407 0.0028889 0.0020377 0.0031031 0.0067057
9.9851e-05 -0.0010238 0.00093288 0.0073419 0.060225 -0.015445 0.070774 0.040454 0.00066148 0.00019455 0.0010689 0.000681 8.9154e-05 0 8.9154e-05 0 -0.00079529 0.015547 0.01026 0.021749 0.44778 0.051482 0.55469 0.089733 0.0020994 -0.00059477 0.0075059 0.0017598 0.00022936 6.4245e-05 0.00022936 6.4245e-05 -0.00051371 -0.0030911 0.0011464 0.031363 0.44761 -0.012642 0.49411 0.14229 0.0047829 -0.00034918 0.0047829 0.0055345 0 0 0 0 -1.8652e-05 0.0045822 0.00017792 0.0074032 0.025609 0.025873 0.027689 0.038739 0.00082896 -0.00014034 0.0015506 0.00050032 0.00012844 -3.8227e-05 0.00012844 4.7149e-05
-0.0052682 0.001443 0.0053209 0.0017356 -0.0086266 -0.0077384 0.041347 0.019477 0.061236 0.0099396 0.07563 0.013741 -0.0027389 -0.0013416 0.0027389 0.0013725 -0.01178 0.0093632 0.014968 0.010081 -0.11171 0.040977 0.30577 0.13145 0.42151 0.034115 0.49558 0.054025 -0.046203 -0.01245 0.047081 0.013132 -0.0012714 -0.001056 0.0049549 0.0026215 -0.090642 0.047027 0.33768 0.067031 0.34022 -0.016579 0.40816 0.06863 -0.055318 0.0034927 0.055894 0.0036288 0.00031741 0.00044865 0.0015853 0.00050214 -0.019014 -0.0019684 0.033707 0.011588 0.053507 -0.0035752 0.053507 0.017746 -0.010167 0.0012157 0.010223 0.0012307
0.00040334 0.00015093 0.00040366 0.00015441 0.0019048 -0.0030249 0.012812 0.0051919 0.0090251 0.034372 0.013522 0.036343 0.0028364 0.0073769 0.0028562 0.0073994 0.011184 0.028054 0.013493 0.034795 -0.026948 0.030223 0.34855 0.38317 0.2084 0.011003 0.2098 0.13553 0.0089438 0.0070016 0.013412 0.01103 -0.020874 -0.020816 0.033547 0.035377 -0.04272 -0.091344 0.33979 0.48629 0.30066 0.0019398 0.3168 0.10509 -0.041685 -0.054853 0.076278 0.06176 6.8042e-06 -0.00017956 0.00032592 0.00060674 0.02264 0.0023224 0.061866 0.033494 -0.038475 -0.093306 0.10412 0.10094 0.0001843 -0.00057746 0.0070616 0.0048964
-0.0072478 0.0028016 0.0074578 0.0032784 0.036293 0.025566 0.08065 0.032754 0.016899 0.0015904 0.062872 0.016341 -0.001384 -0.0012054 0.0018593 0.0012175 -0.035384 0.0031466 0.03711 0.0061889 0.33565 0.055415 0.50668 0.093361 -0.15338 -0.028344 0.36822 0.057625 -0.00076483 0.00012803 0.0012517 0.0010659 -0.032585 0.0010136 0.040162 0.0060109 0.24849 -0.028172 0.38123 0.14202 -0.08544 0.0061166 0.43696 0.042342 -0.0015324 0.00036684 0.0015324 0.00046047 -0.0019554 0.00033666 0.0034688 0.00082818 0.033218 0.0016696 0.057256 0.0086406 -0.013278 0.00165 0.056754 0.003093 -0.00028489 0.00011359 0.00030958 0.00012176
0.00010496 -0.0020418 0.0009913 0.0065414 0.085428 -0.012043 0.10009 0.02246 0.0010726 -0.00010337 0.0010843 0.00032512 1.9515e-06 1.9515e-06 1.9515e-06 1.9515e-06 -0.00094592 0.072391 0.0020739 0.077625 0.47531 0.29672 0.50243 0.37622 0.0086583 -0.0020852 0.0090433 0.0069695 0.00047579 -0.00023256 0.00047579 0.00023256 -0.00027315 -0.029394 0.0012172 0.029573 0.31006 -0.14446 0.34067 0.14596 0.0060052 0.00040446 0.0071263 0.0033134 0.00096017 0.00015472 0.00096017 0.00025182 -7.7503e-05 0.00020195 0.00012378 0.00022136 0.056016 0.0024576 0.056576 0.0026422 0.00069617 0.00065236 0.0014916 0.00073545 3.0675e-05 3.0675e-05 3.0675e-05 3.0675e-05
-0.0015163 0.012931 0.0017305 0.014437 0.0033378 0.019525 0.020938 0.033271 0.1012 0.0071873 0.10834 0.01342 0.00015763 0 0.00015763 0 -0.00027873 -0.014557 0.0091276 0.052507 -0.0050501 -0.015791 0.029034 0.48371 0.33653 0.043885 0.34012 0.2376 0.00048126 -0.00015497 0.00086023 0.00077625 -0.001687 -0.00010051 0.0020097 0.00050724 -0.010319 0.0062928 0.012192 0.0062928 0.46844 0.0010998 0.47097 0.00892 0.00017307 0.00030876 0.0010316 0.00055008 -0.00027216 0.0012414 0.00078146 0.0014665 0.0019361 0.0093955 0.0022353 0.010581 0.062291 0.012685 0.062462 0.012966 0 0 0 0
0.0001317 0.000235 0.002075 0.00034645 -0.0084545 0.017834 0.056095 0.023745 0.026691 0.0034099 0.041988 0.0059404 0.0041393 -0.003218 0.0049261 0.0042711 -0.012422 -0.002128 0.033048 0.0045872 -0.063347 -0.084241 0.45139 0.14627 0.19468 -0.011701 0.26135 0.041977 -0.012849 -0.020946 0.042812 0.042649 -0.01739 0.0006265 0.036685 0.005254 -0.11068 0.085682 0.49632 0.48872 0.2384 0.026789 0.24696 0.054472 -0.018848 0.016875 0.041085 0.027018 -0.0011533 0.00025067 0.0033445 0.00068142 -0.01175 -0.019878 0.078369 0.05797 0.029652 -0.0061181 0.036948 0.007612 0.00052658 -0.00058419 0.0035552 0.00068415
-0.00028381 0.0001132 0.0010884 0.00041197 0.045098 0.012563 0.089188 0.015101 -0.034938 -0.0072969 0.038974 0.0093937 -0.00084476 1.1353e-05 0.00084476 0.0002552 0.00024917 -0.00010562 0.018717 0.0041356 0.30779 0.025237 0.48507 0.079713 -0.2735 0.01143 0.278 0.016989 -0.0041068 0.00035824 0.0041068 0.00071335 0.0020533 -0.0027268 0.031555 0.0032504 0.3086 -0.025464 0.49119 0.12023 -0.25174 0.0016929 0.26465 0.011551 -0.0065618 0.0031422 0.0069083 0.0034218 0.00078588 4.1e-05 0.0052316 0.00074188 0.042126 -0.0055573 0.071304 0.020323 -0.031846 0.00356 0.045692 0.0084021 -0.0014284 -0.00024413 0.0014616 0.0009638
-0.0017763 -0.00043664 0.003268 0.0071903 0.079963 -0.017905 0.081545 0.032594 -2.8937e-05 0.00018558 0.00063069 0.00024872 0 0 0 0 -0.0050781 0.062251 0.016357 0.0946 0.50343 0.21314 0.50837 0.37405 0.0040996 -0.0020623 0.0040996 0.0020623 0 0 0 0 -0.0019974 -0.024548 0.010688 0.034635 0.3286 -0.12749 0.34857 0.15285 0.013402 -0.0035099 0.013402 0.0061575 0 0 0 0 -0.0034236 0.00095792 0.0043347 0.0026388 0.033379 -0.013231 0.036731 0.013231 0.020244 -0.0039472 0.020244 0.0041735 0 0 0 0
0.0032469 -0.0003115 0.0091274 0.0049478 -0.00072657 0.0098255 0.033221 0.045904 0.022238 -0.0013482 0.053062 0.015278 -0.005608 0.0018204 0.0075095 0.0024399 -0.018076 -0.0038883 0.043059 0.02222 0.083188 0.0063454 0.3483 0.18216 0.17939 0.095425 0.4682 0.22536 -0.019445 0.012531 0.022615 0.01639 -0.023415 0.0073653 0.030492 0.024572 0.09077 -0.0021279 0.36998 0.09359 0.2737 0.018144 0.52016 0.082124 -0.0037018 0.0051726 0.0047804 0.0060898 -0.0026875 -0.0004935 0.005597 0.0024885 0.013829 -0.0070941 0.032166 0.021307 0.038742 0.0062694 0.063957 0.0099852 -0.001162 3.424e-05 0.001162 0.00016753
-0.0024621 -0.0056871 0.0050846 0.018748 -0.0083954 -0.049737 0.028636 0.09098 -0.0092197 -0.031634 0.037233 0.045942 0.013624 -0.0045535 0.014926 0.0049368 -0.044775 0.010101 0.050463 0.034779 -0.064882 0.016167 0.34389 0.1516 0.090067 0.02484 0.32178 0.13957 0.067803 -0.013676 0.071233 0.016862 -0.046631 0.01449 0.085463 0.059001 0.0041277 0.15222 0.44879 0.37405 0.019633 0.050776 0.26517 0.45679 0.033129 0.0079049 0.047275 0.020621 0.0045235 -0.0028843 0.0072028 0.0046203 -0.01006 -0.010175 0.13934 0.034487 0.0080774 0.0057303 0.048273 0.050387 -0.00019828 0.0017569 0.0098439 0.0029849
-0.0010656 0.0032465 0.0021348 0.0045277 0.011657 0.0041085 0.018901 0.010296 0.082213 -0.028435 0.091896 0.032577 -0.004669 0.0029591 0.0072 0.0040477 0.0060307 -0.011104 0.025545 0.051972 0.074209 0.16719 0.28342 0.28513 0.28106 0.20114 0.5516 0.35436 -0.011731 0.00067358 0.031278 0.013224 0.0088796 0.027775 0.031181 0.02997 0.19319 0.094953 0.22721 0.14749 -0.039479 -0.10775 0.2146 0.17122 0.089694 -0.018978 0.11084 0.025717 -0.0001998 0.00075435 0.00089075 0.0011479 0.00084409 0.0032003 0.0033313 0.0050034 -0.0083354 0.0046658 0.010126 0.0050525 0.013227 -0.0032541 0.0143 0.0035474
-4.0883e-05 -0.0006663 0.0015007 0.0031667 0.011241 -0.015063 0.015963 0.041082 0.040361 -0.014396 0.060199 0.05736 -0.0013363 -0.0022482 0.0030391 0.0034142 0.011218 0.0039893 0.019812 0.013807 -0.055664 -0.036157 0.11779 0.12792 0.45528 -0.067864 0.48444 0.26645 -0.048833 -0.023804 0.051877 0.03584 0.0019893 0.00022171 0.015712 0.010182 -0.029444 -0.023265 0.10777 0.15895 0.30797 -0.11646 0.4146 0.28888 -0.065126 -0.023812 0.068022 0.084945 -0.00181 0.00018376 0.0034292 0.00097694 0.0023379 -4.6028e-05 0.016103 0.010889 0.038642 0.047099 0.051503 0.056473 -0.0036167 0.0022676 0.0048754 0.0034699
0.00072799 5.939e-05 0.0059597 0.0093368 0.025174 -0.025517 0.025474 0.025819 0.0017501 -0.0029188 0.0094018 0.0044339 -0.0084155 -0.0032378 0.015105 0.0043207 -0.031129 0.001753 0.058579 0.039233 0.27581 -0.040683 0.38433 0.16048 -0.094132 -0.19391 0.16776 0.21544 -0.012858 -0.01668 0.13102 0.04535 -0.025187 0.0031417 0.041544 0.064752 0.074568 -0.062764 0.30656 0.3219 -0.20066 0.018782 0.55377 0.13232 0.04961 -0.038222 0.084929 0.043971 -0.0016789 -0.0035941 0.0017118 0.0036152 0.0057071 0.0011638 0.025714 0.014027 -0.011211 0.0055453 0.07704 0.021463 0.0019412 -0.00096799 0.0035612 0.0016858
-0.0012139 -0.00078398 0.0022756 0.00083662 -0.033658 -0.017094 0.038148 0.017747 0.029283 0.0023293 0.043861 0.015028 0.0051507 0.0015074 0.0065083 0.0020101 -0.0034556 -0.0038892 0.016119 0.0068913 -0.17278 -0.08203 0.31097 0.18619 0.26588 0.012365 0.41414 0.11651 -0.028004 -0.059161 0.079879 0.075989 -0.02731 0.021374 0.041687 0.041957 -0.092936 0.073961 0.35827 0.23162 0.0466 0.023072 0.40668 0.39119 -0.0085034 -0.010277 0.025246 0.022368 -0.0016158 0.0022907 0.0016158 0.0022907 -0.038777 0.091009 0.056068 0.091768 -0.0054808 0.030481 0.066413 0.054844 -0.0022357 0.0043393 0.0026253 0.0056995
8.8407e-05 -9.6334e-05 0.00030199 0.0002842 0.051245 0.0031158 0.05223 0.0066858 0.012314 -0.0061667 0.01251 0.0068718 -0.0095785 0.0035613 0.01362 0.0059548 -0.00094174 0.0044018 0.005385 0.0061709 0.32178 0.030178 0.34354 0.040071 0.033806 -0.013872 0.03827 0.028371 -0.010471 -0.003485 0.026988 0.019863 0.0061498 -0.0066309 0.0063727 0.011674 0.14775 -0.058998 0.37245 0.17457 -0.055878 -0.29878 0.27345 0.61777 0.029477 -0.030527 0.043755 0.034218 0.00031308 -0.00026438 0.00031308 0.00027856 0.017286 0.0075354 0.044611 0.024201 -0.031261 -0.00039754 0.066646 0.086963 0.011381 -0.002051 0.017782 0.0057396
-0.0016925 -2.5828e-05 0.0055743 0.0028944 0.0090046 -0.0034721 0.036119 0.015401 0.065444 -0.0056037 0.083421 0.0096393 -0.0013225 -0.00024059 0.0013225 0.00049588 -0.039419 0.0063325 0.066679 0.028563 0.30107 0.039899 0.39625 0.11463 0.28968 0.026865 0.37464 0.1212 -0.022104 -0.00044038 0.022104 0.0060354 0.024652 0.0023114 0.045996 0.040361 0.24722 -0.01225 0.51279 0.1286 0.22666 -0.024198 0.23857 0.074565 -0.060405 -0.0062828 0.060794 0.012463 -0.0012134 0.0039231 0.011828 0.0041765 0.030759 -0.0014031 0.067582 0.011192 0.041914 -0.014522 0.041914 0.016489 -0.007109 0.0017082 0.0073251 0.0017486
-0.00063424 0.00073843 0.0067744 0.0037792 0.007967 -0.002899 0.056334 0.019337 0.023994 0.022107 0.060827 0.035519 -0.00085399 0.0006806 0.003774 0.0018767 -0.016115 -0.0015794 0.01863 0.020268 0.047466 0.0019176 0.40031 0.10781 0.30768 0.034749 0.5067 0.08872 -0.0024876 0.0047856 0.0065777 0.006256 -0.020125 0.011301 0.029119 0.021949 0.068419 -0.0028936 0.20981 0.10902 0.31156 0.017324 0.53106 0.069275 -0.0052514 0.0024379 0.0052514 0.0032911 -0.0028178 0.0010706 0.0078879 0.0056077 0.025544 -0.0068453 0.043528 0.010572 0.0381 0.0069881 0.058388 0.009335 -0.0018711 2.0358e-05 0.0018711 0.00031238
0.0042736 0.0029299 0.0047977 0.0052378 0.0023748 -0.0066363 0.026861 0.050552 0.02254 -0.058584 0.079256 0.077507 0.0077068 -0.0021278 0.0077175 0.0023105 -0.00886 -0.018021 0.021111 0.10761 -0.12417 -0.087904 0.23762 0.47354 0.17677 -0.045403 0.34305 0.34828 0.12849 -0.0089267 0.12875 0.013609 -0.013665 0.0127 0.025674 0.046209 -0.070009 0.022299 0.15939 0.25851 0.069184 0.026925 0.11415 0.30039 0.1868 -0.0018706 0.1868 0.011106 -0.00043454 0.013297 0.0040461 0.017035 0.01002 0.11879 0.015485 0.14943 0.0036021 0.12689 0.0066787 0.15822 0.013528 0.0022209 0.01354 0.004526
0.00093606 0.0039631 0.006214 0.0071391 0.069852 -0.0050675 0.081798 0.019371 0.0010228 -0.00014834 0.0010228 0.00038106 0 0 0 0 -1.6599e-05 0.019288 0.011392 0.044689 0.47422 0.070285 0.51346 0.27072 0.0043928 -0.00045817 0.0043928 0.0014126 0 0 0 0 -0.0039381 -0.01035 0.0048139 0.020855 0.44001 -0.045599 0.44941 0.11578 0.0024078 0.00044724 0.0043167 0.0047733 0 0 0 0 0.00041646 0.0022384 0.0008149 0.0022445 0.05632 0.0096003 0.059158 0.012655 0.00054117 -0.0003574 0.00054117 0.00057521 0 0 0 0
0.0021569 -0.020568 0.0032238 0.020573 9.3036e-05 -0.12027 0.0075071 0.12032 0.0090494 -0.080731 0.012305 0.080744 -0.00054996 -0.0092895 0.00060566 0.0093118 -0.004696 -0.0097176 0.018388 0.033962 -0.042686 -0.085409 0.18891 0.15993 0.36431 -0.048631 0.49004 0.083501 -0.015689 -0.0055409 0.01574 0.0066174 -0.0062833 0.0012314 0.015532 0.016322 -0.043366 -0.0016584 0.2185 0.029303 0.39905 0.010698 0.52924 0.013449 -0.015579 0.00068828 0.015645 0.00118 -0.0023167 0.0039475 0.0042874 0.013582 -0.012869 0.014957 0.026201 0.020478 0.054513 0.0031104 0.077563 0.0068321 -0.0021652 -0.0010957 0.0027918 0.0012946
0.0037084 0.00011893 0.0087578 0.0051984 0.061166 -0.025725 0.063189 0.054129 0.00072349 -7.276e-05 0.00072349 8.6827e-05 0 0 0 0 0.0064643 0.0073155 0.045735 0.049991 0.46059 0.0008051 0.53085 0.15777 0.0058608 -4.9031e-05 0.0058608 0.0019983 0 0 0 0 0.00027996 0.0093168 0.0080942 0.039278 0.43133 0.025809 0.45617 0.24852 0.0030499 0.00051842 0.0030499 0.0010237 0 0 0 0 -0.00038045 0.0012897 0.00041328 0.0014936 0.056079 0.0032829 0.058251 0.011361 0.00062901 -3.9797e-05 0.00062901 0.00018131 0 0 0 0
0.00048166 0.0013527 0.00073437 0.0013888 -0.0015951 -0.00054919 0.0044664 0.0057766 0.066915 -0.035343 0.0699 0.035686 6.7714e-05 -6.7714e-05 6.7714e-05 6.7714e-05 0.00029346 -0.0023382 0.0039199 0.0075654 -0.054164 -0.10224 0.071944 0.14074 0.27512 0.12906 0.37693 0.36331 0.10049 -0.043111 0.10049 0.043111 -0.013342 -0.016795 0.014074 0.030061 0.12455 0.12104 0.15545 0.29895 0.048522 -0.12738 0.3483 0.47784 0.051693 -0.065353 0.11949 0.075248 0.0049673 0.0033592 0.0067388 0.0085022 -0.026483 -0.021687 0.052978 0.0777 -0.006217 -0.047334 0.042329 0.06695 0.0056729 -0.00019681 0.010323 0.0064185
0.0060085 -0.005759 0.0083801 0.011615 -0.00757 -0.054827 0.040273 0.076434 0.0061737 -0.058438 0.053917 0.066867 0.024048 -0.0020683 0.024165 0.0040828 0.021092 -0.0054109 0.068689 0.064301 -0.090429 -0.051415 0.22993 0.3725 0.070191 0.025488 0.26567 0.31319 0.20624 0.026832 0.20638 0.027131 -0.020163 -0.0091389 0.042067 0.03876 -0.0027931 0.065967 0.11284 0.32268 0.22459 0.059232 0.438 0.26756 0.10691 0.01455 0.10772 0.01774 -0.0027802 0.018105 0.0039073 0.020878 -0.01714 0.095199 0.018476 0.10495 0.050827 0.063998 0.076211 0.06829 0.0013337 0.0011748 0.001337 0.0012441
-0.0026351 -0.0023935 0.0030778 0.0024417 0.02489 0.0015363 0.047974 0.019259 0.02531 0.0080105 0.032286 0.010228 -0.0069837 -0.0023888 0.010771 0.0032609 -0.0077714 -0.0048693 0.031552 0.019332 0.14579 -0.0080801 0.34668 0.076835 0.090556 -0.1211 0.41774 0.2416 -0.053161 -0.038001 0.05753 0.040772 -0.010029 -0.0021286 0.054343 0.021412 0.17413 -0.023098 0.28938 0.24829 -0.223 -0.2077 0.38271 0.37792 -0.0048494 0.00065064 0.0086206 0.010122 -0.0016945 0.005754 0.0035428 0.0065631 0.036765 0.040926 0.070897 0.045463 -0.06027 0.011747 0.064565 0.022747 4.1632e-05 0.00039625 0.0014531 0.0010829
0.0003235 -0.00013187 0.0003304 0.00015336 0.048436 -0.013724 0.049517 0.013845 -0.031448 0.014073 0.079273 0.032646 -0.004008 0.001177 0.0090761 0.0041786 0.0018426 0.00045992 0.0027426 0.0019098 0.011959 -0.013264 0.020924 0.016077 0.25478 -0.048234 0.69757 0.13609 -0.085059 0.0039793 0.12199 0.014578 0.00047309 -0.00043402 0.0045721 0.0038427 0.11379 0.033057 0.12122 0.044586 0.2031 0.070556 0.5141 0.11854 -0.10021 -0.0039338 0.12929 0.029524 0.00089579 0.00026016 0.0015346 0.0005134 0.043663 0.019127 0.04707 0.019625 -0.011549 0.00091571 0.046404 0.007318 -0.0090534 0.00038859 0.011471 0.0025289
-0.0089539 -0.010968 0.0091661 0.011147 0.043316 -0.02085 0.052969 0.028993 -0.018199 -0.0064322 0.038122 0.030001 0.0057581 -0.0048207 0.0069448 0.0052445 -0.010053 -0.0048866 0.01631 0.015292 0.20525 -0.030581 0.2778 0.090712 0.039323 0.073477 0.40188 0.32983 0.043988 0.054877 0.048621 0.089984 0.010014 0.015245 0.016514 0.020965 0.047114 0.040965 0.14575 0.15932 0.45485 0.12251 0.47471 0.21594 0.0098692 -0.0042787 0.026229 0.019191 0.009256 0.0018655 0.0094672 0.003704 0.0034493 0.096815 0.027546 0.10089 0.015891 0.015806 0.027381 0.025456 -0.0012738 -0.0010234 0.0013117 0.0010815
0.00070222 -0.00040085 0.0017204 0.0010134 0.043671 -0.0015285 0.070283 0.0052655 -0.010947 0.0018591 0.03102 0.0048865 -0.0017022 0.00035545 0.0020012 0.00044673 -0.0039677 0.0053716 0.0072312 0.0088096 0.36331 -0.0010139 0.50347 0.039819 -0.18547 -0.064755 0.2483 0.2011 0.0098927 -0.00026495 0.036387 0.0078174 0.0042091 0.0207 0.018973 0.028867 0.32465 0.031458 0.42471 0.15142 -0.14751 0.12362 0.16974 0.28039 -0.006962 0.0072427 0.02786 0.015211 0.0010047 0.0015062 0.0013023 0.001518 0.040842 -0.0010222 0.054301 0.011364 -0.011214 -0.0018742 0.027413 0.0042121 -0.0031 0.00047521 0.004216 0.001248
-0.0029349 0.00072767 0.0079789 0.0044931 9.7686e-05 0.030777 0.038649 0.038969 0.012152 0.004786 0.044554 0.019064 0.0037216 -0.00079916 0.0070192 0.0024673 -0.025409 0.0036355 0.045828 0.033973 -0.031741 -0.074686 0.26802 0.14144 0.27735 0.15653 0.52404 0.22781 0.020074 0.010152 0.024468 0.01673 -0.031448 0.0074732 0.081799 0.019357 -0.043281 0.012294 0.22953 0.092378 0.40855 0.033915 0.44409 0.11601 0.00050462 0.0033874 0.0049178 0.0038141 0.0016961 -0.00038158 0.010419 0.0025125 -0.012685 0.0019637 0.030697 0.0069768 0.063797 -0.0025974 0.076744 0.017619 0.000127 0.00033681 0.00045951 0.00060378
-0.0010023 -0.0047582 0.0025352 0.0069427 -0.0058488 -0.022937 0.023316 0.033757 0.050032 -0.012468 0.068532 0.018205 -0.002703 -0.0009634 0.0027208 0.0010122 -0.0097661 0.0001466 0.025522 0.017707 -0.039992 -0.0023026 0.18972 0.041603 0.39223 0.013272 0.52341 0.015735 -0.017339 0.00072586 0.017485 0.0015044 -0.013581 0.015028 0.033834 0.063255 -0.062774 0.070572 0.20305 0.14823 0.34489 0.0037851 0.55476 0.037605 -0.017964 -0.0065359 0.024181 0.0081629 -0.002142 0.0021785 0.0073344 0.0042249 -0.0039926 0.019156 0.049899 0.035369 0.03917 0.010528 0.088549 0.012664 -0.0014638 0.0027468 0.005594 0.0050857
-0.01018 -0.003297 0.010311 0.0033043 -0.0039783 0.00055303 0.059297 0.036227 0.028534 0.0016305 0.058572 0.0083884 0.00048666 0.00017298 0.0013733 0.00024004 -0.074364 -0.044384 0.078674 0.044709 0.05515 -0.11005 0.36571 0.26826 0.20814 -0.036466 0.54429 0.13943 -0.0042123 -0.0049882 0.01509 0.0055082 -0.018739 0.0070834 0.045418 0.02005 -0.057421 0.070507 0.34901 0.17047 0.30909 -0.027986 0.35643 0.077153 -0.0046248 0.0044341 0.017007 0.0047173 0.0033062 -0.0027694 0.0099534 0.0040554 -0.0029933 0.0079789 0.017096 0.011177 0.022035 -0.002428 0.0233 0.0086966 0.0015077 -0.00052722 0.0015923 0.00089381
-0.0033879 0.0005443 0.0038414 0.00071598 0.011187 0.0061384 0.067193 0.019698 0.035331 0.0013056 0.083575 0.013598 -0.0011481 -0.0011873 0.0013082 0.0013091 -0.018606 9.0241e-05 0.024081 0.0038859 0.12861 -0.035974 0.39444 0.13672 0.13378 -0.054241 0.52774 0.08698 0.00015963 0.00027675 0.0009472 0.00064168 -0.011098 0.0031608 0.017749 0.0072823 0.09008 0.0689 0.3427 0.12793 0.16884 0.054231 0.54293 0.066467 2.6058e-05 0.00054176 0.0011362 0.00092357 -0.00072613 -0.00080913 0.0026282 0.00087707 0.0031823 -0.0018339 0.032752 0.0073858 0.031553 -0.0016225 0.080928 0.0036117 0.00014063 7.5882e-05 0.00024823 0.0001118
-0.0082752 -0.0016078 0.008391 0.0030532 0.060011 -0.0032365 0.064779 0.015583 -0.012196 -0.0018355 0.02686 0.0050345 0.0016447 -0.0010781 0.0025355 0.0012208 0.0088966 0.010234 0.04539 0.028936 0.26469 0.12993 0.55905 0.29978 -0.10034 0.013674 0.12964 0.02719 0.014419 0.0044463 0.026807 0.0074839 -0.0077485 -0.0050842 0.04589 0.030797 0.28236 -0.071164 0.49486 0.31941 -0.047048 0.00084856 0.11084 0.028311 0.017069 0.0051381 0.022228 0.0072222 -0.0087814 -0.0016779 0.0088053 0.0018812 0.034843 -0.0010362 0.12399 0.037707 -0.010016 -0.0016711 0.017649 0.0049646 0.0045011 0.00031123 0.0046157 0.00064061
2.1626e-05 -0.00038016 0.00021163 0.00049402 0.054209 -0.0010561 0.055018 0.016751 -0.032906 -0.0015353 0.078339 0.028394 -0.0099624 0.0023762 0.0166 0.0064508 0.0041504 0.0023374 0.0076604 0.0044686 0.32743 0.077723 0.3495 0.078389 -0.10395 -0.0059758 0.33115 0.1161 -0.079233 0.01748 0.11882 0.036138 0.010961 -0.0070707 0.010961 0.0086059 0.08944 -0.063258 0.32466 0.28533 0.11569 -0.28811 0.34198 0.33981 -0.13467 -0.0043455 0.16529 0.058646 0.00036933 -0.00034114 0.00040487 0.00038258 0.009199 0.010739 0.045977 0.023593 -0.011191 0.00121 0.068823 0.045627 -0.016836 0.0068553 0.022492 0.009878
0.00034164 -2.263e-05 0.00035355 8.2106e-05 0.033851 0.0085629 0.034389 0.012377 0.027743 0.039141 0.040626 0.046944 -0.0013855 0.0024217 0.0073229 0.0088404 0.0046383 -4.5853e-05 0.0046383 0.0017557 0.4687 0.080044 0.4687 0.10103 -0.038132 -0.032417 0.08353 0.10164 -0.034034 0.017268 0.054368 0.096396 0.0031572 -0.0018329 0.0031572 0.0018627 0.2095 -0.14756 0.25071 0.22348 -0.05539 -0.37219 0.091557 0.40589 -0.011841 -0.059233 0.01307 0.06149 0.00051512 -0.00020682 0.00051512 0.00039192 0.0069611 0.0071818 0.010761 0.011654 0.0029484 0.0084832 0.013546 0.01295 -0.00025405 0.00035721 0.00083379 0.0005984
-0.0028116 -0.003986 0.0029118 0.0042596 0.014142 -0.0049842 0.025127 0.03671 0.082737 -0.0010529 0.082737 0.0022837 -3.3843e-05 -7.1736e-06 0.00029559 2.8196e-05 -0.0065651 0.01163 0.0084245 0.011913 0.0089439 0.068778 0.052494 0.069909 0.5274 -0.014898 0.5317 0.044562 0.00060504 0.00033869 0.0012509 0.00062394 0.00091685 -0.0010532 0.0090403 0.018461 0.02186 0.084999 0.06101 0.11634 0.4221 -0.024443 0.43304 0.06872 0.00085899 9.4861e-06 0.0012036 0.00054953 -0.0030991 -0.0063844 0.0055324 0.007356 0.027188 -0.030372 0.043846 0.031114 0.057028 -0.0049749 0.061008 0.0068842 0.00012954 -1.5155e-05 0.00014602 2.0173e-05
-1.4314e-05 -0.00036196 0.0014 0.00068349 -0.030461 0.00071506 0.038741 0.017747 0.067076 -0.020984 0.067076 0.025076 -0.006393 0.00058366 0.008032 0.00066544 0.0017779 0.0015045 0.012059 0.0030703 -0.20411 0.017962 0.4737 0.11763 0.39414 0.021262 0.41944 0.093918 -0.025889 0.0035755 0.043595 0.0058731 0.0049066 -0.0021216 0.013954 0.0035647 -0.19429 0.048257 0.22048 0.064804 0.33041 -0.022615 0.38235 0.076477 -0.0051712 -5.5442e-05 0.046457 0.0059173 0.0013556 -0.00026562 0.0049925 0.00075662 -0.010624 -0.0050799 0.025987 0.015363 0.019705 -0.0077203 0.067941 0.016045 0.0030147 -0.00046379 0.0083011 0.0010018
-0.00013189 0.0002381 0.00046132 0.00047895 0.057824 0.012191 0.068105 0.013132 -0.0075637 -0.0019827 0.04233 0.0072979 -0.0043196 4.0082e-07 0.0043689 0.0014403 -0.00076261 -0.0003019 0.002261 0.0006442 0.3956 0.033919 0.45027 0.089906 -0.062865 0.021168 0.21451 0.048568 -0.025673 -0.00071829 0.033224 0.0068072 -0.0024574 -2.0308e-05 0.0026136 0.001045 0.42972 -0.069113 0.5795 0.13123 -0.038022 0.031828 0.062327 0.046401 -0.026428 -0.0020209 0.052179 0.0094254 -0.0010667 3.1299e-05 0.0011873 0.0004265 0.06564 -0.001801 0.086374 0.015257 -0.00599 0.0027844 0.0062723 0.0032246 -0.004642 0.00073688 0.007379 0.0016427
0.001077 0.00024496 0.0014007 0.0015908 0.044554 -0.0022517 0.074182 0.010286 -0.017737 -0.045641 0.033692 0.052792 0.0025768 -0.0025113 0.004134 0.0025506 0.010001 0.019612 0.017003 0.022858 0.33343 0.012719 0.45347 0.068893 -0.19763 0.13293 0.23947 0.33505 0.01484 0.019985 0.028284 0.040346 0.0095036 0.016439 0.023519 0.026684 0.2931 0.0051994 0.43821 0.10563 -0.12892 -0.020328 0.25141 0.23035 -0.0097027 0.011033 0.022694 0.032856 -0.0010459 0.00020652 0.0019313 0.0010653 0.046177 0.0037372 0.059408 0.0069396 -0.00735 -0.0037138 0.043702 0.0053133 -0.0043376 -0.00085806 0.0046745 0.0016599
0.0011544 0.00036866 0.0058032 0.0043727 -0.051063 -0.016584 0.092129 0.043879 0.03198 0.011962 0.04089 0.016285 -0.00030916 0.00035756 0.0012844 0.00070269 -0.055577 -0.050725 0.06524 0.052856 -0.042616 -0.12908 0.47454 0.31358 0.22022 -0.046228 0.45831 0.1116 0.0081558 -0.0013674 0.013876 0.007605 -0.055845 -0.019078 0.091865 0.03622 -0.01442 0.056934 0.34331 0.21397 0.28429 -0.0072771 0.29448 0.066196 0.0082719 0.0036281 0.008385 0.0050295 -0.0056345 2.3311e-05 0.0094149 0.0025383 0.015969 0.0038364 0.037362 0.012703 0.01754 -0.0068452 0.022769 0.0081324 0.00056851 -0.00023334 0.00058872 0.00027931
0.00058559 0.00067164 0.0069242 0.0027136 0.042109 0.01298 0.062663 0.036421 0.0041222 0.0089814 0.0094831 0.010632 -0.0065894 0.0039977 0.0082457 0.0056266 0.0036297 0.0018773 0.049984 0.013696 0.35832 0.021546 0.59713 0.081452 -0.017974 0.031811 0.051624 0.04262 -0.0068005 0.0063214 0.0077004 0.0075788 0.0052018 0.00054416 0.029798 0.015959 0.4155 0.021761 0.53654 0.075513 -0.082739 0.012935 0.082739 0.022052 -0.0039724 -0.00018177 0.0042599 0.0017991 0.0050252 -0.00040766 0.005246 0.00080407 0.054088 0.0012383 0.076199 0.010208 -0.013125 0.0027163 0.013303 0.0035991 -0.0012345 -0.0003997 0.001263 0.00063897
0.0050648 -0.0018144 0.0087987 0.0025202 0.014223 -0.01512 0.068121 0.023752 -0.0060868 0.00040828 0.019415 0.0053551 0.00042374 -0.00021205 0.0010503 0.00029678 0.054137 0.0073887 0.090078 0.034903 -0.054161 0.061366 0.45075 0.22691 0.044636 -0.062513 0.19371 0.083183 0.003681 -0.0014922 0.0078256 0.0019394 0.081937 -0.020939 0.10276 0.083814 -0.086727 -0.013965 0.69161 0.20652 0.032318 0.038802 0.31229 0.084758 0.001185 -6.6763e-05 0.0095383 0.0018986 0.0047003 0.00012676 0.0080422 0.0042827 0.036034 -0.0056218 0.066806 0.033202 -0.014304 0.006894 0.036915 0.017358 0.00038137 -0.00024778 0.00086211 0.00064147
6.1567e-05 0.00052062 0.00091168 0.0010093 0.013035 0.033181 0.025703 0.033323 -0.015715 0.041529 0.016156 0.041529 -0.00012092 0.00047329 0.00022895 0.00047329 -0.0029915 -0.0072285 0.0046896 0.013001 0.30408 0.015863 0.32921 0.044664 -0.019887 0.1162 0.081393 0.13679 -0.057376 0.03084 0.057597 0.030943 -0.0018951 0.00056225 0.0035727 0.0059687 0.16435 -0.071334 0.45776 0.099776 0.079076 -0.25487 0.45041 0.4259 -0.017826 -0.0002603 0.038552 0.046383 -0.0051954 0.0044655 0.00653 0.010218 -0.021334 0.012553 0.11352 0.039548 0.035084 -0.022845 0.092189 0.070733 -0.0033614 -0.0065916 0.01116 0.011602
0.00012613 -0.0001787 0.00083113 0.00053941 -0.0042258 0.00026699 0.0042258 0.0031761 -0.0032575 0.00044107 0.0032575 0.0015309 -0.00043355 8.166e-06 0.00060191 0.00014881 -0.013605 -0.041675 0.028606 0.042388 0.15337 -0.13922 0.30227 0.32206 -0.054255 0.02299 0.083022 0.22674 -0.0042933 0.0014219 0.0042933 0.001942 -0.023746 -0.0095802 0.035373 0.073111 0.46041 0.069695 0.54087 0.29951 -0.1677 0.032309 0.18088 0.084519 -0.0037079 0.00040433 0.0037079 0.00040433 0.0024798 -0.0062232 0.0028201 0.0076843 0.065348 -0.064696 0.073166 0.074973 -0.0014487 -0.0022374 0.022762 0.01105 -0.00055595 -7.639e-05 0.00055595 0.00018233
-0.00081605 -0.00019813 0.00092104 0.00035708 0.065103 -0.0016648 0.088235 0.010358 -0.0066115 0.0017617 0.0073574 0.0029691 -0.0054451 -8.0987e-05 0.0091247 0.0006698 -0.0084296 0.00091312 0.009655 0.0021298 0.44319 0.029339 0.5614 0.073359 -0.060189 0.0011001 0.060189 0.011098 -0.028808 -0.0034205 0.049479 0.022405 -0.00080269 0.0027302 0.010333 0.0071105 0.40928 -0.013031 0.51159 0.092472 -0.056188 -0.00877 0.05725 0.015719 -0.035858 -0.00085492 0.060301 0.017936 -0.00029247 -0.0010662 0.00076086 0.0011245 0.055674 -0.011988 0.067271 0.014078 -0.012003 -0.001164 0.012492 0.0047497 -0.0028135 -0.00059986 0.007306 0.002102
-0.0021641 0.0007988 0.002942 0.00091482 -0.020789 0.0040143 0.026274 0.012807 0.032296 -0.0045914 0.042355 0.011282 0.002299 -2.127e-05 0.0028696 0.00028166 -0.0083181 0.0036476 0.014122 0.0044164 -0.15941 0.17595 0.25154 0.2138 0.20322 0.076003 0.26609 0.16422 0.0045333 0.0008751 0.014844 0.0030811 -0.010634 0.0016652 0.018259 0.0047165 -0.1212 -0.061927 0.34397 0.14615 0.12175 0.054213 0.6321 0.31575 -0.0034845 -0.00077737 0.018029 0.0040465 -0.00030199 -0.00044381 0.0048011 0.0016467 -0.016115 -0.0040468 0.035231 0.018681 0.015888 -0.034732 0.053982 0.051182 -0.0019222 -2.9182e-05 0.0032945 0.00062025
0.00023116 -0.018563 0.003954 0.018572 0.020954 -0.086555 0.03655 0.08657 -0.0073168 -0.070284 0.0098319 0.070299 1.4936e-05 -0.0096083 0.00073084 0.0096093 0.027587 -0.0030181 0.043709 0.018899 0.34863 -0.025473 0.56534 0.051116 -0.13282 0.017498 0.14428 0.019299 0.0044039 -0.0018639 0.009137 0.0032736 0.018135 0.017849 0.053583 0.034981 0.34771 0.035959 0.51243 0.048068 -0.14987 0.0042653 0.22056 0.073947 0.010758 0.014785 0.01153 0.022824 0.0013937 -0.002928 0.010743 0.0043655 0.036636 0.037773 0.076444 0.045244 -0.021684 -0.0056933 0.045999 0.052193 0.0020939 -0.0011127 0.0031137 0.0058793
-0.0087431 0.0009061 0.015479 0.0045707 -0.0066515 -0.0020608 0.05732 0.029392 0.022145 -0.0035072 0.02579 0.0037966 0.00029041 -0.00014006 0.0013467 0.00023478 -0.049933 -0.016721 0.08076 0.036338 0.11645 -0.036875 0.57482 0.24834 -0.024353 0.060111 0.21168 0.089667 0.0016736 -0.00074757 0.0045681 0.0035745 -0.025085 0.003864 0.079281 0.015281 0.33559 0.062686 0.39724 0.20328 -0.18699 0.066729 0.32907 0.1731 0.0033307 -0.00043606 0.0056599 0.0054846 -0.0035867 0.0055002 0.0084496 0.010689 0.035294 0.034995 0.051117 0.080103 -0.0039889 0.040681 0.041109 0.060189 0.0020194 0.011219 0.0023965 0.011593
0.0083 -0.0021725 0.0090582 0.0039825 -0.014109 -0.0082325 0.04833 0.030137 0.04708 0.01056 0.069311 0.023092 -7.5345e-05 0.00070122 0.00071004 0.00073169 0.063302 -0.0085458 0.069644 0.016637 -0.098275 0.038908 0.34695 0.1037 0.37559 -0.0023691 0.50267 0.081463 -0.0048453 0.0051079 0.0084315 0.0062518 -0.0010165 0.0070421 0.020304 0.029014 0.014392 -0.016843 0.23744 0.095906 0.33339 0.018946 0.49044 0.094439 -0.013766 0.0024959 0.013766 0.0030431 -0.0055846 0.00084893 0.0062408 0.0043861 0.030649 -0.0007835 0.030717 0.0066378 0.036741 0.006849 0.065806 0.01096 -0.0023087 0.00026606 0.0023087 0.00032784
0.00031089 -0.0013545 0.0022558 0.0026435 0.03215 -0.0021897 0.053982 0.0057144 -0.011075 0.0023331 0.027774 0.0036925 0.00040843 0.00038829 0.0018109 0.00053143 0.018725 0.0043921 0.01959 0.0072062 0.19615 0.0014566 0.44413 0.076063 -0.12775 -0.0082424 0.28748 0.3852 0.019049 -0.014895 0.029636 0.016586 0.023192 0.018219 0.043836 0.020223 0.21227 0.0063478 0.45432 0.072085 -0.17422 -0.041045 0.28977 0.34231 0.010897 0.018241 0.023882 0.031865 -0.0001908 0.0014444 0.0020652 0.0055845 0.011758 0.0060855 0.057323 0.019788 0.0041031 0.041285 0.030437 0.043764 -0.0027928 0.0029543 0.0043814 0.0033198
0.0020688 0.00047253 0.0051602 0.00089565 0.0061079 0.00080132 0.03811 0.013147 0.033507 -0.0066599 0.066344 0.016245 0.0018122 -6.1638e-05 0.0022631 0.0005856 0.0071913 -0.0037328 0.03715 0.017769 -0.092316 -0.085725 0.24064 0.1446 0.39074 0.021546 0.46808 0.083038 0.0075944 0.0011114 0.0153 0.0033784 -0.013436 -0.026259 0.020141 0.033719 0.045316 -0.042905 0.12887 0.077736 0.41087 0.014038 0.55142 0.044068 0.0049765 0.00047568 0.01514 0.0015576 0.0023831 0.0011535 0.0044268 0.0024004 0.01952 0.029761 0.042307 0.032032 0.04564 0.017011 0.07304 0.022632 0.00048423 6.3737e-05 0.0019567 0.00015059
0.0032614 -0.0026584 0.0064391 0.015341 0.0075171 0.009915 0.08247 0.02857 0.012294 -0.0085538 0.055294 0.016084 -0.0016443 0.00046173 0.0045189 0.00057391 0.0075621 -0.015495 0.020931 0.036049 -0.0032229 -0.083372 0.37336 0.37407 0.19724 0.010178 0.29849 0.066476 -0.016321 0.00080214 0.038451 0.004394 0.0029792 0.012443 0.049662 0.032682 0.094526 0.10385 0.36181 0.48505 0.088591 0.03631 0.3849 0.080193 -0.00918 0.0014992 0.030168 0.0074674 -0.0060544 0.001467 0.0097492 0.0047066 0.040651 -0.012163 0.073686 0.027009 0.0079267 0.0028189 0.056055 0.0061728 -0.0015834 0.00062678 0.0020617 0.00069339
-0.0063506 0.00090531 0.009024 0.0072721 0.015233 0.010644 0.065522 0.01662 0.029452 0.0094162 0.035403 0.010787 -0.00012397 0.00027603 0.0022994 0.0006288 0.0098386 -0.00052422 0.08971 0.04129 0.26496 -0.033388 0.67371 0.24322 0.011998 -0.00071298 0.073254 0.025165 -0.0043095 -0.00059075 0.017315 0.0050658 -0.012415 -0.0031582 0.068009 0.046745 0.32463 -0.053411 0.49266 0.093631 0.023444 -0.014222 0.13592 0.043946 0.0074263 0.0030448 0.010022 0.0042478 0.001413 0.00017473 0.0039252 0.0011213 0.012048 0.006337 0.028237 0.010904 0.033854 -0.0082258 0.037789 0.0093343 0.00030214 -5.7557e-05 0.00042975 0.00038493
-0.00018648 7.6662e-05 0.0017668 0.00092126 0.017376 -0.00046947 0.041124 0.015386 0.033884 0.0090679 0.061041 0.012364 -0.0039274 -0.0014715 0.0047254 0.0035009 -0.043002 0.01651 0.044897 0.018867 0.31239 0.058195 0.5463 0.13858 -0.029551 -0.040876 0.35094 0.0825 -0.0015759 -0.0014379 0.0031775 0.0028376 -0.022933 0.0050005 0.025768 0.006621 0.25047 0.017689 0.4759 0.070695 -0.089219 -0.00034214 0.35232 0.046183 -0.00047858 -1.1701e-05 0.0010672 0.00068305 -0.00026962 0.00060722 0.0017304 0.00072508 0.013882 -0.004233 0.044032 0.014301 0.008275 0.0013848 0.066794 0.0079461 -2.4583e-05 9.9789e-05 0.00021861 0.00012683
-0.0052901 -0.0010709 0.0065034 0.0015413 -0.0088692 -0.011543 0.086434 0.017645 0.027399 0.0018261 0.027607 0.0043636 0.00074921 -0.003943 0.0045096 0.0047608 -0.063712 -0.0022972 0.072353 0.0077362 -0.048152 -0.074579 0.36684 0.39345 0.2226 0.015874 0.2226 0.028769 -0.009237 0.0089249 0.040906 0.014888 -0.063508 0.0045517 0.07095 0.0060079 -0.032225 0.084203 0.56921 0.39927 0.1912 -0.024261 0.1912 0.045163 0.0075073 -0.00026281 0.029481 0.0041483 -0.0068409 -0.00083742 0.0079038 0.0010461 0.0027391 -0.023769 0.016374 0.028832 0.033906 -0.0030054 0.033934 0.0039574 0.0004205 -0.00031128 0.003358 0.0011169
-0.0074085 0.0021187 0.0074799 0.0022873 -0.021951 -0.0075233 0.072684 0.058885 0.044103 -0.008929 0.058567 0.01111 -0.00095709 -0.00024359 0.0012181 0.00050958 -0.04503 0.0022812 0.048887 0.0076795 -0.023634 -0.043048 0.40293 0.40952 0.20509 -0.0050009 0.36244 0.078189 -0.002491 0.00047 0.0087639 0.0029885 -0.043086 0.00073864 0.046942 0.005871 -0.0072999 0.026949 0.55644 0.14284 0.13957 0.024526 0.31358 0.081856 0.0013637 -0.0022487 0.01143 0.0027154 -0.0055804 0.0017891 0.0061617 0.0019045 -0.015109 -0.020899 0.047324 0.031946 0.038492 -0.0069755 0.050485 0.011165 0.00059847 -0.00062262 0.0051391 0.00089925
-0.0016074 0.00034142 0.0040813 0.00057781 -0.011449 0.011325 0.058163 0.022012 0.035085 0.0025917 0.052352 0.014785 0.005826 -0.00060031 0.0069349 0.0021548 -0.016191 0.00025757 0.022797 0.0028549 -0.068071 0.077489 0.36013 0.21429 0.1409 -0.016947 0.36181 0.075304 0.030786 -0.023053 0.042651 0.089255 -0.0087824 -0.0012551 0.013883 0.0041366 -0.11157 -0.13454 0.53952 0.42062 0.20775 0.01806 0.27434 0.063478 0.050646 0.027815 0.057979 0.032167 -0.001075 -0.00023483 0.0021715 0.0004213 -0.018108 -0.0069253 0.043641 0.023216 0.042082 -0.0048635 0.048094 0.0086068 0.0093033 -0.00029717 0.0095853 0.0011765
-0.0023336 0.0013125 0.0074509 0.003387 0.02188 0.0028037 0.069432 0.025064 0.0024956 0.021554 0.066181 0.032894 -0.0031001 0.00084853 0.0048194 0.0028364 -0.017202 -0.0090228 0.026665 0.019973 0.058699 0.0035743 0.36239 0.16875 0.27748 0.053184 0.4628 0.12845 -0.0090995 0.0095955 0.013386 0.010251 -0.029419 0.011342 0.036213 0.019206 0.082876 0.0034414 0.28603 0.09487 0.30771 0.015069 0.55126 0.071856 -0.0030121 0.0018427 0.003836 0.0032086 -0.00074694 0.0029832 0.0045425 0.0054528 0.02 -0.010921 0.041738 0.015302 0.038518 0.0063137 0.061411 0.0087337 -0.0013164 3.4839e-05 0.0013164 0.00026817
0.0023679 0.0018143 0.010402 0.0046819 0.041648 0.008881 0.066479 0.023165 -0.016015 0.017079 0.028773 0.01954 0.0039532 -0.0015401 0.0054382 0.0063011 -0.0016269 0.0091469 0.058422 0.019514 0.37551 0.026137 0.58756 0.11021 -0.03739 0.031168 0.043324 0.035966 -0.010187 0.017445 0.013551 0.022047 0.014638 -0.021971 0.045714 0.024845 0.41861 0.018538 0.51793 0.086865 -0.094993 0.0050673 0.094993 0.01457 -0.020814 -0.01078 0.020868 0.012046 0.0049391 0.00088424 0.0085903 0.0012709 0.054793 0.01605 0.055004 0.019793 -0.016935 0.000489 0.01818 0.0043606 -0.0058977 -0.0016309 0.0059166 0.0018127
-0.0067583 0.0011485 0.007159 0.0013636 0.056928 7.0717e-06 0.056928 0.0090659 -0.0462 0.0051819 0.047525 0.0060473 -9.016e-05 1.0658e-05 0.00015805 8.3439e-05 -0.019395 -0.0055166 0.052771 0.01711 0.39195 -0.0026309 0.39978 0.09293 -0.29589 0.018736 0.31557 0.020814 -0.00046147 0.00050082 0.0010907 0.00063787 -0.026883 0.0086944 0.040136 0.011104 0.37126 -0.013212 0.37126 0.075002 -0.27142 0.022969 0.32519 0.028557 -0.00063837 0.00054293 0.0020904 0.00065755 -0.0011698 -0.00045131 0.002789 0.0017197 0.052218 -0.0067881 0.06552 0.015101 -0.03445 0.0017104 0.045966 0.0029421 -2.6277e-05 3.5718e-05 0.00025053 0.00011422
-0.0052605 -0.0011496 0.0052849 0.001315 -0.030176 -0.0016885 0.033691 0.005983 0.027715 -0.00292 0.075005 0.0083839 0.0039872 0.00056777 0.0049722 0.0017212 -0.019874 0.0062402 0.032484 0.013921 -0.063766 -0.1755 0.21948 0.33613 0.018747 -0.12338 0.43428 0.3647 0.051787 -0.0047174 0.056388 0.006638 -0.034304 0.0009605 0.039724 0.010368 -0.0076574 0.16669 0.33588 0.32632 -0.023452 0.17923 0.19251 0.34618 0.037726 0.0029771 0.039886 0.0092554 -0.0049132 -0.00066403 0.0060789 0.00090347 0.003775 -0.0052353 0.060767 0.010411 0.007238 0.00056378 0.062248 0.0040123 0.0015403 0.00051601 0.0016392 0.00054203
-0.00089071 0.0031211 0.004359 0.0047112 0.045486 -0.0087649 0.063139 0.022732 0.0045995 0.00077804 0.023294 0.0082548 -0.0014616 0.00042552 0.0017402 0.00061431 -0.022903 0.012216 0.023236 0.032228 0.39919 0.082082 0.43225 0.11943 -0.0051966 0.019391 0.16034 0.024254 -0.0096151 0.001038 0.011808 0.0019551 -0.0044682 0.014017 0.077358 0.061411 0.18592 0.036825 0.65561 0.29759 -0.0080484 -0.0069501 0.12212 0.027622 -0.0076012 0.00057854 0.0091948 0.003596 -0.0039917 0.0014877 0.0084484 0.0057682 0.031496 0.00040095 0.098989 0.068204 0.00099473 0.0019137 0.020949 0.0052077 -0.00073932 0.00041755 0.0018615 0.00067523
0.0027678 0.00036342 0.005531 0.00081307 -0.0009419 0.0041807 0.041981 0.013153 0.040622 -0.0048176 0.064218 0.017511 0.001774 0.0003068 0.0022286 0.00071159 0.0094769 -0.0001061 0.025528 0.012489 -0.082329 -0.10193 0.21374 0.1336 0.36712 -0.021783 0.52666 0.051517 0.009678 -3.9504e-05 0.013132 0.0018132 -0.0034696 -0.0325 0.022102 0.034802 0.074293 -0.044386 0.1451 0.091572 0.36708 0.023428 0.552 0.030181 0.0081252 0.00069552 0.011358 0.0014948 0.0022749 0.0015731 0.0042133 0.0023865 0.021536 0.040309 0.041405 0.043901 0.042442 0.033591 0.060561 0.039803 0.00048593 0.00013263 0.0017535 0.00041956
-0.00060862 0.00079009 0.0016741 0.0023667 0.0077542 -0.0059296 0.022428 0.030412 0.030676 0.0016761 0.067203 0.033021 -0.0033796 0.0020173 0.0058595 0.0032419 -0.0020559 -0.0030288 0.013582 0.013909 -0.046088 -0.01445 0.074352 0.11447 0.45285 0.021414 0.49862 0.071825 -0.05271 0.027722 0.056871 0.029089 0.011585 0.0031058 0.01625 0.012901 -0.083414 0.056682 0.11576 0.1181 0.46362 -0.023966 0.46719 0.13041 -0.021833 0.010026 0.025034 0.013752 0.00049592 -0.00088099 0.0014471 0.0036017 -0.0010913 -0.00093144 0.0080414 0.011605 0.061492 0.029612 0.083883 0.036838 0.0013069 0.0013546 0.0026419 0.0013861
-1.4041e-05 -0.0017749 0.0018311 0.0020751 0.052146 -0.016776 0.057516 0.01696 0.00079775 -0.00025887 0.00079775 0.00026969 0 0 0 0 0.0024434 -0.0017379 0.0060962 0.0068694 0.43126 -0.0083189 0.52984 0.079999 0.0062148 -0.00042533 0.0062148 0.0017832 0 0 0 0 0.00032423 0.0021303 0.0072552 0.0067613 0.43388 0.020517 0.56211 0.10232 0.004796 0.001798 0.0051845 0.0021525 0 0 0 0 0.0031033 0.0073031 0.0034175 0.0096073 0.035894 0.020128 0.044051 0.031028 0.00037675 2.7023e-05 0.00037675 0.00025838 0 0 0 0
0.0024636 -0.00053295 0.0028866 0.00072128 0.015703 -0.0018672 0.040192 0.0050935 0.020354 -0.0048649 0.028341 0.0065332 -0.0039983 -0.0069021 0.0069768 0.0071733 0.019942 -0.0033702 0.023184 0.0076862 0.15126 -0.023773 0.29083 0.031072 -0.048223 -0.059428 0.37082 0.088536 -0.021165 -0.034333 0.035429 0.041289 0.033191 -0.00847 0.036273 0.01374 0.19956 0.026456 0.29756 0.060643 -0.3543 -0.30753 0.50909 0.32891 0.0013916 0.0001971 0.014509 0.0045158 0.0059313 -0.0035895 0.0067057 0.0045344 -0.003826 -0.029372 0.039412 0.037146 -0.033426 -0.011293 0.039362 0.031838 0.0009254 -0.00014735 0.0013528 0.0023698
-0.00033887 0.0014504 0.0011706 0.0015645 -0.0025135 0.0092609 0.0037624 0.010369 0.0029005 0.0129 0.0068743 0.014464 -0.0019736 0.0033827 0.002089 0.0034561 -0.033761 -0.05676 0.054905 0.056974 0.41126 -0.08298 0.50238 0.25867 -0.13075 0.06679 0.15304 0.22733 -0.0069861 -0.0070776 0.0074238 0.0093378 -0.0073416 0.034715 0.034127 0.061416 0.36357 0.057426 0.36496 0.27665 -0.085944 -0.04454 0.10912 0.077971 -0.0053888 0.0022408 0.005543 0.0029682 -0.0017282 -0.0055666 0.0064841 0.0065313 0.043347 -0.07111 0.058284 0.074774 0.01487 -0.019469 0.020677 0.023629 -0.0022793 0.0013369 0.0022793 0.0014345
-0.00018398 -0.0025834 0.00095603 0.0030634 -0.012927 -0.018654 0.089144 0.034052 0.0032794 0.061582 0.068107 0.09879 -0.0016097 -0.0084785 0.0098362 0.013528 -0.000287 -0.0030925 0.0021041 0.0035714 0.1931 0.060709 0.37953 0.12055 -0.038861 0.084349 0.35965 0.525 -0.062189 0.015231 0.10659 0.067055 -0.00031608 -0.0014362 0.0023307 0.002106 0.29847 -0.0085686 0.36158 0.052223 -0.098144 0.023344 0.12086 0.27682 0.00060349 0.042042 0.038247 0.058186 7.6987e-05 -0.00017816 0.00015098 0.00020524 0.043233 -0.038831 0.043399 0.039179 0.0058571 -0.014102 0.020707 0.020141 -0.0074291 -0.0042249 0.007518 0.004279
0.0042687 -0.0015341 0.0077588 0.012165 -0.0037661 0.0050312 0.068064 0.027286 0.023319 -0.0058179 0.0592 0.0098319 0.0011324 0.00061627 0.0019679 0.00083307 0.063648 -0.01299 0.072012 0.030107 -0.11328 -0.067571 0.35199 0.31026 0.22195 0.0082596 0.34226 0.048734 0.0031132 0.00055606 0.015864 0.0035799 0.06474 0.0031332 0.085109 0.02415 -0.096145 0.11783 0.45731 0.45654 0.18353 0.01211 0.2763 0.052103 0.0021678 0.0013883 0.01538 0.0069998 -0.0011056 -0.0048387 0.00772 0.0086811 0.023999 -0.0062077 0.060844 0.02994 0.016689 0.0042493 0.039135 0.0085172 -0.0012755 0.00062494 0.0017302 0.00074898
