-0.00018521 -0.0027907 0.0086699 0.0048461 -0.0032565 -0.014981 0.051404 0.032367 0.0057699 -0.017298 0.042725 0.065328 -0.0057031 0.0010543 0.0059293 0.0012415 -0.012259 0.0069706 0.038554 0.020333 0.18328 0.12137 0.34536 0.21342 -0.083644 0.16713 0.18904 0.19238 -0.029987 0.0081587 0.030479 0.0081733 0.013031 -0.015155 0.065634 0.017227 0.41756 -0.092529 0.47582 0.13518 -0.29693 0.014472 0.33705 0.11173 -0.01643 0.0049702 0.017342 0.0059604 0.0017561 -0.00052393 0.01445 0.0014383 0.067911 0.016895 0.076856 0.0324 -0.032444 0.015881 0.055251 0.021613 -0.0010587 0.00036594 0.001812 0.00080146
0.0017278 -0.0010555 0.0046437 0.001339 -0.020762 0.0028498 0.027681 0.0088145 0.027394 -0.0066251 0.091087 0.018216 -0.0022884 0.00058062 0.0091868 0.0029957 0.036261 -0.0051417 0.039144 0.010635 0.1697 0.088101 0.29452 0.098186 -0.054968 0.17231 0.50578 0.26759 -0.065199 0.014251 0.092529 0.020402 0.034271 -0.0034031 0.042208 0.043934 0.31811 -0.047751 0.35412 0.076295 -0.19047 -0.037448 0.36093 0.22785 -0.063376 0.014661 0.075788 0.019245 -0.0010187 0.00033237 0.0039596 0.0019283 0.05046 -0.0090569 0.05051 0.011923 0.00030465 0.0012415 0.06415 0.013922 -0.0101 0.00059812 0.010584 0.0018699
0.00027109 -0.00017248 0.0086473 0.00071661 -0.017023 -0.0023212 0.072973 0.0061957 0.034475 0.0049065 0.05241 0.015764 0.0013781 0.00021049 0.0059704 0.0020144 -0.052445 0.0048388 0.056712 0.0059574 -0.19502 0.011552 0.44293 0.070791 0.32235 -0.030717 0.33098 0.063759 0.034702 -0.022099 0.048608 0.023881 -0.020995 0.0050262 0.028185 0.0059189 -0.082615 0.060702 0.45757 0.10925 0.28064 0.15865 0.32338 0.26343 0.018961 0.028835 0.029715 0.035621 -0.00011426 -0.00036068 0.0023703 0.00056 -0.01327 0.00041478 0.044597 0.011523 0.03386 -0.018251 0.054122 0.021281 0.0013248 -0.00035274 0.0027373 0.002201
0.0025932 -0.0010802 0.004616 0.0016411 0.0053798 -0.0049677 0.072114 0.018166 0.018794 -0.0050452 0.022942 0.0096319 0.0041521 -0.0016094 0.0054822 0.0021976 0.020502 -0.003774 0.070222 0.019337 -0.21446 0.053701 0.37044 0.11772 0.28555 -0.028462 0.2943 0.12849 0.02822 0.0052641 0.041169 0.037358 -0.044005 0.01084 0.048592 0.012723 -0.162 0.072204 0.3959 0.14627 0.36317 0.10506 0.41925 0.22526 0.031923 0.0056336 0.033645 0.014107 -0.0001686 0.0003523 0.0012865 0.00094898 -0.0098531 0.0043127 0.054647 0.013863 0.010833 -0.02464 0.085048 0.030913 0.0047753 -0.0018674 0.0050875 0.0020358
5.7516e-05 -0.00020992 7.4775e-05 0.00046078 -0.0029736 -0.0017282 0.031496 0.0063921 0.028748 -0.011253 0.065925 0.026176 -0.0060969 0.0011344 0.0085624 0.0022314 0.0028606 -0.00030177 0.0032358 0.0022897 -0.17822 -0.068091 0.24342 0.11648 0.39501 -0.020793 0.44483 0.13589 -0.028639 0.0078592 0.066737 0.018155 0.00097105 -0.0019241 0.0028553 0.0021939 -0.19036 0.088205 0.29076 0.093762 0.39022 0.042195 0.43687 0.11775 -0.0060604 -0.00027668 0.05819 0.011814 0.00074338 8.404e-05 0.00074761 0.00016317 -0.0149 0.0042547 0.020338 0.0051952 0.029057 -0.018285 0.053387 0.025366 0.00074912 -0.00032418 0.0081161 0.0027189
-0.001892 0.0015585 0.0020495 0.0026234 -0.023834 0.00015145 0.078773 0.006605 0.014794 -0.006059 0.047664 0.0064285 0.00021363 7.4793e-05 0.00061074 0.00024522 -0.0093732 -0.00087753 0.014438 0.011426 -0.28466 -0.11853 0.6165 0.13694 0.22201 -0.029891 0.3277 0.059987 0.00059443 0.00063607 0.0035236 0.001565 -0.022456 -0.0066296 0.030504 0.015904 -0.24417 0.069776 0.37142 0.097114 0.22737 0.037876 0.24603 0.065453 -0.00029575 0.00036765 0.0032043 0.00089224 -0.0059924 -0.001667 0.0062771 0.0019569 -0.0047311 0.0015995 0.048509 0.00956 0.01099 0.0041193 0.028381 0.0054592 -0.00018036 -2.3218e-05 0.000302 0.0001309
-0.004209 0.0020754 0.005225 0.0035589 0.042313 -0.020929 0.080603 0.046775 -0.0028842 -0.010498 0.046796 0.031847 -0.0002746 -0.00088408 0.0015295 0.0017842 -0.0015862 0.0080289 0.01256 0.017004 -0.092772 -0.087235 0.3891 0.22801 0.33286 -0.10742 0.37191 0.18969 -0.0016326 0.003085 0.0059233 0.0036428 -0.0044511 0.0041183 0.0099624 0.010596 0.023678 0.25042 0.24365 0.29053 0.18703 0.16454 0.3753 0.22577 -0.0007915 0.0018904 0.0051468 0.002527 5.1514e-05 0.00032608 0.00089192 0.0010764 0.041075 0.0019774 0.041956 0.010048 -0.015529 0.0033369 0.058714 0.020486 0.00029548 0.00087473 0.0015661 0.00089471
0.0061168 -0.00016475 0.012095 0.0050977 0.030102 -0.015851 0.080882 0.043909 -0.0088633 -0.0020787 0.052105 0.017564 -0.00014143 0.00037675 0.0014206 0.00039589 -0.0004968 0.01085 0.011982 0.019113 -0.044698 -0.11892 0.3842 0.31031 0.2609 -0.13642 0.33027 0.17835 -0.0022923 0.002552 0.0086297 0.002758 -0.001691 0.002463 0.0081971 0.0088939 -0.045279 0.19002 0.26743 0.22216 0.24345 0.17626 0.44537 0.20638 -0.002103 0.0017717 0.00774 0.0021256 -0.00019006 0.00066803 0.0012489 0.0012125 0.04038 0.0069421 0.042227 0.0076816 -0.013411 0.0034768 0.064954 0.015693 0.00020878 0.00051455 0.00067149 0.00052074
-0.00051081 -0.00011037 0.00085655 0.0013348 -0.00092758 0.00012563 0.0036953 0.0081859 0.077086 -0.011657 0.077086 0.013117 0 0 0 0 0.0079678 0.0068195 0.019748 0.035308 0.036737 0.01802 0.11368 0.33758 0.4449 0.001293 0.4449 0.09073 0 0 0 0 0.011156 0.0011989 0.029311 0.018283 0.079612 0.1291 0.15578 0.18028 0.33478 -0.031025 0.49387 0.072819 0 0 0 0 0.0012643 0.0015064 0.0018393 0.0021039 0.0039346 -0.01042 0.028059 0.037919 0.051321 0.0045752 0.069133 0.0134 0 0 0 0
7.7788e-05 0.00018462 0.0036527 0.0041518 -0.0098197 -0.0065482 0.045537 0.034696 0.044819 0.02553 0.045084 0.029812 0.0053295 0.0051339 0.01118 0.0054142 -0.0062269 -0.00039621 0.011534 0.022611 -0.13512 -0.01846 0.239 0.26096 0.33488 -0.10746 0.4278 0.25192 0.08455 0.005863 0.11521 0.016758 -0.0048748 -0.0012084 0.0094837 0.0092095 -0.13335 0.0002832 0.25169 0.17224 0.3635 0.045392 0.38577 0.16484 0.082488 0.0095002 0.12888 0.015157 1.0722e-05 0.00043339 0.00090867 0.0007664 -0.019271 0.028113 0.031262 0.029874 0.056924 0.0083688 0.057569 0.024186 0.0074717 0.0012389 0.011901 0.0023387
-0.0088438 -0.00021445 0.0090975 0.00082277 0.0024582 0.0015479 0.025883 0.022318 0.046254 0.011095 0.051856 0.020007 -0.0087333 0.0013688 0.0092435 0.0017154 -0.067339 0.0014419 0.071303 0.0064444 0.0090321 -0.12636 0.25594 0.13518 0.38185 -0.046549 0.39521 0.10482 -0.05912 0.0090587 0.060876 0.014078 -0.041436 0.0015087 0.056599 0.0066666 0.028284 0.081405 0.39005 0.13728 0.41637 0.041214 0.41762 0.12896 -0.04181 0.021946 0.045335 0.023277 -0.00082454 0.00037581 0.0052856 0.0015451 0.016543 -0.0051268 0.061589 0.012609 0.034018 -0.0058179 0.034407 0.006289 -0.0007338 -0.00030341 0.0045893 0.0012732
-0.00029055 0.002656 0.00097251 0.0050298 0.0022952 0.031827 0.0044938 0.049974 0.059187 0.01181 0.061483 0.019478 0 0 0 0 -0.0018074 -0.014349 0.0028852 0.015602 0.0042298 -0.11772 0.021554 0.15767 0.45449 -0.040793 0.46024 0.056498 0 0 0 0 -0.0085694 0.010017 0.014578 0.012088 0.0078737 0.004226 0.029933 0.052446 0.49928 0.049174 0.50575 0.050539 0 0 0 0 -0.0038803 0.0021578 0.0040951 0.0021578 -0.003402 0.0047862 0.0096141 0.0047862 0.074945 0.0013656 0.074945 0.0013656 0 0 0 0
0.0005531 0.00020538 0.00060626 0.00027369 0.0010426 0.00087635 0.0040296 0.0015966 0.025364 0.012676 0.032091 0.013685 -0.0068616 -0.00045821 0.0072294 0.00082459 0.0024017 0.0011434 0.0047217 0.0016834 -0.068532 -0.055566 0.11105 0.063764 0.27143 -0.032114 0.40955 0.1379 -0.049881 -0.0038758 0.049976 0.015149 0.0005476 0.0005231 0.0044388 0.0014971 -0.23537 0.082938 0.42473 0.1189 0.4128 0.015813 0.50031 0.078681 -0.05601 -0.0065434 0.05601 0.0068442 0.00047358 7.4283e-05 0.00081589 0.00067082 -0.040813 0.027316 0.082811 0.027351 0.04835 0.012936 0.060045 0.018924 -0.0080716 -0.00022259 0.0080726 0.00034887
0.002516 -0.00068042 0.0034503 0.0020011 0.0062474 0.0074755 0.045176 0.031345 -0.018973 -0.019238 0.038127 0.02515 0.0013934 0.00097913 0.0061132 0.0032371 0.011144 -0.014876 0.037584 0.051529 0.11637 -0.048213 0.35162 0.325 -0.21966 0.074394 0.30698 0.26745 0.039801 0.003405 0.041652 0.015159 -0.0098966 -0.011353 0.019348 0.032056 0.24142 -0.039438 0.32203 0.37508 -0.13701 -0.040745 0.33571 0.28474 -0.0051663 0.0060812 0.012546 0.015729 0.0010546 0.0051653 0.0023871 0.0052022 0.006391 0.014125 0.015041 0.015271 0.001949 -0.0016671 0.0048818 0.0022591 -0.00083638 -0.00029579 0.0025062 0.00072086
0.00055973 7.7556e-05 0.0012031 0.00015181 -0.04682 -0.0018195 0.082891 0.0039626 0.049625 0.015355 0.052084 0.017122 0.0066563 -0.0037222 0.0095716 0.0039849 0.00087569 -0.0029256 0.013158 0.0036676 0.0065852 -0.017252 0.51085 0.11425 0.25261 0.018761 0.38878 0.23448 -0.010541 0.010011 0.02277 0.02249 -0.024394 -0.0043069 0.025009 0.0054599 -0.022837 -0.022072 0.25651 0.075694 0.33793 0.048851 0.47205 0.12164 -0.00088061 0.0028654 0.034143 0.016418 -0.0090291 -6.8412e-05 0.0092466 0.00092968 0.025003 -0.01606 0.039389 0.02046 0.050339 0.013104 0.057856 0.019726 -0.0013542 0.00084761 0.0051158 0.0014988
8.1518e-05 0.0028224 0.00029855 0.0032632 0.036966 0.0071297 0.046987 0.010797 -0.025528 0.0038714 0.056851 0.0053824 0.00028316 0.00032821 0.00031531 0.00035498 -0.0041825 0.0073676 0.0051917 0.034314 0.34891 0.026823 0.362 0.039475 -0.248 0.032427 0.40572 0.057176 -0.0021362 -0.00051319 0.0023833 0.0046631 -0.0072554 -0.0064503 0.0085359 0.042165 0.35182 -0.010042 0.36756 0.063539 -0.26522 -0.053937 0.38708 0.1159 -0.00079733 0.0019999 0.00079733 0.0027646 -0.0033039 -0.0012596 0.0034557 0.0017819 0.027066 -0.0064611 0.029634 0.010248 -0.015018 -0.0023046 0.043796 0.0097593 -5.1451e-06 -0.00013299 1.0442e-05 0.00030799
-0.00034489 -8.7579e-05 0.00072242 0.00032875 -0.019079 -0.001187 0.070815 0.013029 0.050065 0.0059879 0.072167 0.0090405 -0.00013962 0.00074724 0.0045642 0.0046155 -0.018451 -0.0018051 0.020974 0.0048864 -0.11262 -0.035469 0.44783 0.098186 0.30005 -0.075976 0.33615 0.14733 0.014622 -0.00153 0.024356 0.030342 -0.030191 -0.0024902 0.034138 0.0035206 -0.2082 -0.026088 0.32524 0.05511 0.41017 0.0491 0.42257 0.11283 0.023578 0.006539 0.032963 0.019911 -0.0002262 -0.00061791 0.0047504 0.00068145 -0.016799 -0.00059818 0.0488 0.0090132 0.056934 0.0093743 0.061177 0.02389 0.00078318 -0.00048139 0.0031594 0.0011356
-0.00058331 -5.4875e-05 0.00085343 0.00030235 -0.030554 0.0022038 0.050154 0.0037889 0.053788 -0.0020926 0.059592 0.012598 0.0014056 -0.002509 0.0055096 0.0051842 -0.001216 -0.00049239 0.0056103 0.00088472 -0.21274 -0.085497 0.31706 0.10328 0.34078 0.011225 0.48574 0.023587 -0.0143 -0.014171 0.087979 0.017245 -0.0027035 -0.0011727 0.0072297 0.0013488 -0.15284 0.14716 0.21209 0.1519 0.27856 -0.0169 0.51434 0.062384 -0.01807 0.0083893 0.024857 0.014492 -0.00023831 -0.00024014 0.00046603 0.00025038 0.0017721 0.0007478 0.0049383 0.0021829 0.0032773 0.0008519 0.061627 0.018149 -0.0011101 -0.00028096 0.0011942 0.00029754
0.00017698 0.00021242 0.00022655 0.00031415 -0.0049913 -0.0052399 0.0078123 0.0081493 -0.020147 -0.015747 0.026988 0.033791 0.0013106 0.00084394 0.0024538 0.003053 -0.0013813 0.0023038 0.002036 0.0030497 -0.099821 -0.071885 0.24037 0.10293 0.10511 0.11393 0.44882 0.3803 -0.013853 0.019774 0.033917 0.021652 0.00044938 -0.0048792 0.0060761 0.0085006 -0.1449 0.022622 0.30928 0.098593 0.20967 -0.09268 0.37514 0.45485 -0.0042389 0.0078997 0.066549 0.059249 0.0017546 0.0011454 0.0021961 0.0023132 -0.029051 0.01714 0.031005 0.017474 0.016323 -0.016378 0.039191 0.041632 0.0019086 -0.0031333 0.0035074 0.0040565
-0.0024744 0.00014817 0.0043968 0.0009017 0.017594 0.019364 0.028353 0.028831 -0.021113 0.011351 0.024151 0.013808 0.00010094 0.00042969 0.00064208 0.00052503 -0.015711 -0.0010524 0.042078 0.0064697 0.33536 -0.013459 0.44094 0.12863 -0.28198 0.090676 0.29061 0.094963 -0.00088318 0.0073663 0.01569 0.0080888 0.01212 -0.0019001 0.040401 0.0058785 0.25502 0.022796 0.46494 0.15026 -0.18757 0.029162 0.34883 0.12706 0.0094401 -0.0033376 0.030471 0.014752 -0.0013298 0.00050963 0.0035587 0.00097645 0.039702 -0.019325 0.051471 0.021135 -0.028793 0.0067341 0.039963 0.016073 0.0005291 0.0021413 0.0045625 0.0039382
0.0010658 -1.3719e-05 0.0052283 0.00028774 0.043925 0.001246 0.084951 0.0042401 -0.013972 -0.032055 0.054674 0.050687 -0.0026275 -0.001221 0.0039974 0.0022343 -0.0041426 0.0036725 0.029559 0.018457 0.35517 0.039892 0.59964 0.10365 -0.24335 0.0093765 0.40258 0.089885 -0.020902 0.0039307 0.032446 0.0073337 0.0047526 0.001624 0.01567 0.0031093 0.13826 -0.0088871 0.42838 0.11286 -0.1132 -0.062934 0.12644 0.063911 -0.0070668 -0.0020207 0.027213 0.010649 0.00011849 -5.7588e-05 0.00074826 0.00025235 0.0036613 -0.00016356 0.0084886 0.00073281 -0.0053279 -0.0015599 0.0076662 0.0015599 -0.002752 -0.0017061 0.0039639 0.0021413
-0.001468 0.0004669 0.0014731 0.00047321 0.024836 -0.0080194 0.045925 0.017936 -0.033658 0.008568 0.036267 0.0095766 0.00047184 0.00053635 0.002924 0.001315 -0.001793 0.0009732 0.0025875 0.0021624 0.25825 0.080008 0.43058 0.13555 -0.28108 0.042663 0.33333 0.10187 -0.0053416 0.002468 0.014387 0.014417 0.0007635 -0.00059005 0.0013594 0.0013651 0.2622 -0.080178 0.4283 0.12534 -0.24088 0.088209 0.39575 0.10063 -0.012636 0.0006266 0.017893 0.0065698 0.00021273 -0.0002553 0.0002824 0.00033064 0.026918 0.0090717 0.052554 0.020287 -0.012363 -0.0040397 0.053203 0.01444 -0.0027034 0.00032969 0.0027844 0.00077157
0.00010033 -0.0013486 0.0053296 0.0022801 0.040206 0.0080703 0.053517 0.024688 -0.02993 0.016095 0.034929 0.01636 -0.0035842 0.00079376 0.003592 0.00079961 0.010967 -0.004187 0.067833 0.012015 0.38214 0.038853 0.45943 0.15779 -0.2449 0.085596 0.28542 0.1305 -0.015704 0.0036501 0.016738 0.0041419 0.014133 -0.0062233 0.096721 0.01059 0.35432 -0.032358 0.36919 0.080524 -0.19003 0.039722 0.3276 0.073212 -0.012503 -0.00088422 0.022113 0.0087158 -0.0035425 0.0013324 0.0095414 0.0019956 0.041923 0.014846 0.043501 0.022157 -0.0095253 -0.0041483 0.044918 0.024076 -0.0021879 -0.00010449 0.0048517 0.0024959
0.00045575 -7.685e-05 0.00093156 0.00054217 0.014861 0.0031597 0.032544 0.0043219 0.043088 0.00010544 0.049663 0.0069101 -0.0047146 0.0010084 0.0052463 0.0021361 0.0156 0.0021288 0.018496 0.012515 0.0026595 -0.07248 0.18522 0.15468 0.38443 -0.0065235 0.46224 0.10475 -0.025858 -0.0022989 0.029458 0.028358 0.015746 -0.00019102 0.019298 0.011262 -0.033395 -0.0058496 0.19115 0.19492 0.41862 0.0098531 0.53209 0.079898 -0.033674 -0.013805 0.051039 0.027222 -0.0001221 0.00066472 0.0012776 0.0010022 0.011238 0.025852 0.035894 0.032122 0.050118 0.0027029 0.056803 0.015049 -0.0080684 -0.001222 0.0093255 0.0036154
-0.0003965 -0.0014205 0.00097322 0.0015507 -0.015012 -0.0051297 0.020383 0.012702 0.032434 -0.006824 0.050471 0.013767 0.00069716 -0.000229 0.00094591 0.00061568 -0.010172 0.0028445 0.013509 0.024873 -0.043966 0.009291 0.26815 0.21736 0.25949 0.033027 0.38523 0.24372 0.011787 0.00028304 0.012363 0.006841 0.0013 0.0092914 0.0066598 0.026919 -0.10932 0.094168 0.14677 0.23109 0.16941 -0.097618 0.3319 0.59042 0.010368 0.0024391 0.017329 0.014252 0.00040529 -0.00046325 0.0020087 0.0010121 -0.01554 -0.0016017 0.022231 0.0080034 0.0058168 0.0020231 0.037494 0.013788 0.0029084 -0.0015136 0.0030167 0.0017148
-0.0014959 0.00053521 0.00275 0.00066796 -0.010526 -0.0017806 0.024913 0.0093351 0.012628 -0.0077001 0.029798 0.020015 -0.0018195 0.00027036 0.0025445 0.0011242 -0.015221 0.0034346 0.018552 0.0037563 -0.058613 -0.044678 0.36243 0.066151 0.14141 -0.021618 0.4107 0.16696 -0.0073255 0.0044551 0.01043 0.0045191 0.000441 0.00028506 0.0037856 0.0017548 -0.14086 -0.01015 0.51672 0.039968 0.33049 0.04878 0.44231 0.14401 -0.05533 0.01399 0.057682 0.015432 -0.00016616 0.00024457 0.00038968 0.00029498 -0.032849 0.011303 0.070054 0.01302 0.060798 0.017003 0.061029 0.03471 -0.0069402 0.0010183 0.0072286 0.0020541
0.0002053 -0.00025735 0.00026215 0.00027063 -0.0037306 0.012458 0.054253 0.015467 0.040544 0.0062164 0.066333 0.014393 -0.0053669 0.00025373 0.0058246 0.002111 0.0035842 0.00042281 0.0037214 0.00066736 -0.073191 -0.017846 0.21796 0.056092 0.2638 -0.030839 0.49304 0.093482 -0.020599 -0.0030415 0.020804 0.0033418 0.0032435 0.00047735 0.0036228 0.0021044 -0.10991 -0.021711 0.39171 0.031288 0.28261 0.011126 0.58539 0.089484 -0.018123 -0.0071089 0.018328 0.0075664 0.00025097 -0.00014235 0.00044535 0.00016357 0.003866 -0.00018729 0.078404 0.0085361 0.015974 -0.0059194 0.073996 0.013066 -0.0039541 -0.0010253 0.0070917 0.0019921
-0.00059711 -0.00022925 0.0033527 0.00025615 0.038829 0.0042569 0.063965 0.0065244 0.001762 -0.001918 0.050353 0.0039974 -0.0059725 -0.00023295 0.0059725 0.00044377 -0.0017941 -0.00080429 0.01847 0.001399 0.25943 -0.009818 0.43017 0.040786 0.022508 0.07225 0.30626 0.19741 -0.040327 -0.00059152 0.042959 0.0056938 -0.0014829 -0.0048057 0.016294 0.0069135 0.27951 0.026865 0.44677 0.039947 -0.10191 -0.18098 0.47161 0.19633 -0.015872 -0.0061795 0.016972 0.0069259 -0.00079643 0.0016346 0.0017965 0.003279 0.045752 0.0019209 0.063367 0.0081984 -0.031567 0.0057621 0.05309 0.009177 -0.0010038 7.5878e-05 0.001269 0.00032176
0.0022189 0.0018511 0.0031544 0.0030894 -0.014027 -0.032707 0.054566 0.05895 0.047757 -0.020732 0.052835 0.024142 -0.00028726 0.00042286 0.00077184 0.00044633 -0.00091841 0.0081397 0.0074832 0.01694 0.021054 0.25046 0.24968 0.31001 0.18664 0.17235 0.44044 0.28346 -0.00020512 0.00031409 0.0065996 0.0026256 -0.0019996 -0.0032058 0.010296 0.012766 0.31573 -0.024311 0.32025 0.063919 -0.11221 0.057698 0.40514 0.16763 0.0063443 0.0030788 0.0084254 0.0041449 0.00073113 0.00013254 0.0017412 0.0014785 0.028017 -0.011097 0.037582 0.014225 -0.00085649 -0.025085 0.070752 0.039097 0.00096684 0.00021575 0.0025035 0.00060925
-8.6613e-05 0.00021384 0.00047232 0.00024666 -0.024637 0.0028565 0.024798 0.0035922 -0.00017773 0.0044704 0.06894 0.011235 1.6779e-05 -0.00025544 0.0031071 0.00067798 -0.003097 0.00017022 0.0084182 0.0020296 -0.20208 -0.084683 0.20277 0.10189 0.11125 -0.00051011 0.53682 0.18142 0.0011838 0.0024341 0.012416 0.0055609 -0.029743 -0.021546 0.038406 0.032296 -0.076878 -0.014241 0.20256 0.20007 0.17414 0.010094 0.59256 0.28272 0.0045979 -0.0012351 0.017558 0.0047941 0.0017278 -0.00029355 0.0034442 0.0030744 -0.01061 -0.0021467 0.050995 0.036683 0.0087272 0.0044972 0.056987 0.017011 0.0001319 0.00041173 0.0020458 0.00069447
0.00075581 -0.00062231 0.0043833 0.0022197 -0.032257 -0.0094727 0.03941 0.017529 0.051261 -0.023212 0.080904 0.03488 0.0062978 0.00040285 0.0064379 0.00063731 0.0084833 0.0019454 0.015765 0.011425 -0.17666 -0.031579 0.40377 0.18678 0.33931 -0.014173 0.39939 0.26274 0.051303 0.0049833 0.05395 0.0068102 0.0018853 0.0023321 0.0088942 0.0080723 -0.13161 0.14083 0.22654 0.16333 0.24774 0.04549 0.40994 0.18918 0.072343 0.0087963 0.07421 0.026711 0.0014484 0.00011887 0.0018242 0.00089634 0.0079231 0.0084496 0.017637 0.010256 0.018888 0.065982 0.043625 0.066517 0.0096006 0.00030562 0.00997 0.0010051
0.0006281 -0.00026033 0.0011555 0.0018444 0.013433 0.0063373 0.01509 0.010269 -0.0023806 0.002939 0.018052 0.0086776 9.9551e-05 0.00046221 0.000292 0.00046221 0.0090062 -0.00044668 0.010806 0.013919 0.18663 0.039046 0.23578 0.12765 -0.11737 0.013192 0.49945 0.10959 -0.00020857 0.0019934 0.0026457 0.0022233 -6.5801e-05 0.0093543 0.013453 0.013953 0.35064 -0.026203 0.40447 0.084247 -0.26188 0.060334 0.48205 0.077679 -0.0003692 -0.00013527 0.0037462 0.001557 0.0010155 -0.0033441 0.0033183 0.0033441 0.035603 -0.0026927 0.03596 0.0031026 -0.022804 0.0056482 0.079201 0.0094923 0.001229 5.243e-06 0.0019242 0.00026726
0.01203 -0.0027788 0.021697 0.0028965 -0.019861 -0.0029322 0.030547 0.0046942 0.019529 -0.0017914 0.024221 0.0035039 -0.00067294 0.00026019 0.00079382 0.00026019 0.0094327 -0.014112 0.077903 0.016623 0.010103 -0.30803 0.34474 0.33005 0.25782 -0.026728 0.28927 0.060945 -0.0055129 0.00065263 0.0065164 0.0021106 -0.019843 0.00079539 0.051577 0.0048114 0.019392 0.2989 0.34472 0.3221 0.25551 0.019814 0.33688 0.10496 -0.0036953 0.00071175 0.0058094 0.0025448 -0.0045713 0.00011996 0.0057297 0.00025975 0.013284 0.00055124 0.057368 0.0034732 0.02321 -0.0032572 0.057103 0.0040763 0.00017437 -0.00016056 0.00048731 0.00028923
-0.013901 -0.001414 0.016072 0.0025864 0.027881 -0.010742 0.070575 0.012221 -0.0024919 -0.001304 0.030087 0.0023845 -0.0008085 0.00024129 0.00089998 0.00024129 -0.083677 0.0093543 0.09584 0.013795 0.14314 -0.0015751 0.43471 0.21833 0.05811 0.055897 0.26663 0.24553 -0.0052155 0.0010303 0.0055526 0.0030961 -0.051556 -0.0017757 0.068578 0.0050131 0.1994 -0.020228 0.64106 0.032058 -0.028818 -0.0039943 0.32867 0.018694 -0.0042499 7.913e-05 0.0049216 0.0023914 -0.0066487 -0.00065413 0.0077956 0.0018165 0.027002 -0.00089516 0.094696 0.0064999 -0.0049287 0.00057042 0.048602 0.0031874 -0.00032229 0.00031708 0.00055993 0.00033647
0.0018834 0.0015929 0.0053225 0.0026711 0.0062772 0.001153 0.0067902 0.0018249 -0.0045617 0.0084236 0.055755 0.018517 -0.00080919 0.00013718 0.0018649 0.00045239 -0.0090648 -0.013292 0.025113 0.023252 0.029651 0.002497 0.072845 0.050453 -0.050835 -0.005265 0.57531 0.14109 0.038919 -0.010476 0.047142 0.022059 -0.0047181 -0.0072608 0.024279 0.019216 0.30469 0.021685 0.3126 0.074748 -0.20368 0.12682 0.54084 0.26217 0.0079928 6.2104e-05 0.064484 0.015173 -0.0015902 0.0026104 0.0026029 0.0032447 0.032618 -0.013776 0.035732 0.023266 0.0040347 0.0040202 0.061071 0.016947 -0.0082532 0.0012922 0.013478 0.0021979
0.0011267 0.00058889 0.0016501 0.00091545 0.019525 0.0081573 0.042553 0.015296 -0.0017104 0.020186 0.041161 0.029026 0.0014064 0.00089729 0.0024651 0.00091035 0.0044969 0.0012358 0.0087066 0.0043946 0.13423 -0.23729 0.41192 0.24182 0.057514 -0.095239 0.41927 0.12881 -0.00060763 0.0038245 0.055402 0.019133 0.0013038 -0.0061403 0.013952 0.014237 -0.08409 -0.0057968 0.27792 0.17522 0.3528 0.046328 0.43329 0.12037 0.058402 0.036201 0.12597 0.04419 0.001014 0.0027254 0.0026995 0.0038513 -0.021002 0.032341 0.02809 0.050155 0.051711 -0.029529 0.071788 0.053506 0.012486 -0.0011414 0.01801 0.0027006
-0.010048 -0.00059669 0.010381 0.0022556 -0.014197 -0.018649 0.039986 0.030162 0.011753 -0.034477 0.050853 0.041748 -0.00031591 2.8736e-05 0.0014327 0.00076361 -0.048375 -0.0045378 0.048375 0.0091793 -0.16871 0.0085271 0.43606 0.28201 0.15417 0.094055 0.49182 0.2473 0.0021291 0.00043882 0.0060501 0.013501 -0.046761 -0.019451 0.054191 0.023153 0.041323 0.033945 0.22189 0.23538 0.020517 -0.027351 0.35973 0.32386 -0.00033427 -0.0011996 0.0054927 0.0091703 -0.0060222 0.0032938 0.0069362 0.0036721 0.0099916 0.0033837 0.020559 0.017585 -0.0075009 0.015322 0.034871 0.024622 0.00070353 0.00058474 0.0012043 0.00097952
-9.0664e-06 -0.00047912 5.1572e-05 0.00077629 0.050995 0.0023764 0.051709 0.0097069 0.0007649 0.00030271 0.0007649 0.00035372 0 0 0 0 -0.0021556 0.0052356 0.0039945 0.026743 0.44941 0.052757 0.45778 0.16102 0.0028996 -0.00019159 0.0028996 0.0013997 0 0 0 0 0.0025042 -0.018047 0.0066193 0.040652 0.47527 -0.074769 0.48641 0.26968 0.0027687 0 0.0027687 0 0 0 0 0 0.00015588 -0.00085707 0.0003327 0.0023415 0.072124 -0.0010679 0.07358 0.011722 0.00033897 0.00014749 0.00033897 0.00014749 0 0 0 0
-0.0001707 0.00036983 0.0012911 0.00073979 0.041405 0.0037423 0.04294 0.0057396 -0.016606 0.021238 0.061879 0.024802 0.00027096 0.00060418 0.0010786 0.0006569 0.0034501 0.001845 0.010584 0.0054078 -0.0011602 -0.18096 0.23282 0.19726 0.19535 -0.15436 0.45934 0.20026 -0.0026426 0.0014321 0.023365 0.0093758 -0.0002514 -0.0074462 0.018362 0.018172 -0.1189 -0.028563 0.32254 0.19729 0.39674 0.092314 0.42626 0.1101 0.035415 0.031427 0.083838 0.032866 -0.00081437 0.0040869 0.0025625 0.006741 -0.020899 0.02841 0.035854 0.059974 0.058664 -0.021813 0.091452 0.060916 0.014314 0.00060759 0.018325 0.0032168
0.00228 -0.003516 0.0049211 0.0050366 -0.0019059 -0.0046945 0.0023419 0.005159 0.042274 0.0054881 0.043989 0.0069134 0 0 0 0 -0.0097301 0.0081603 0.023512 0.025946 0.042551 -0.056478 0.066535 0.22521 0.37922 0.020963 0.38175 0.10687 0 0 0 0 0.0022388 -0.018663 0.0098466 0.028981 -0.0084631 -0.12044 0.061261 0.22828 0.5176 0.021738 0.5176 0.087668 0 0 0 0 -0.0025558 0.0012987 0.0034593 0.0016999 -0.01252 0.011977 0.03626 0.014179 0.087696 0.010274 0.087696 0.010274 0 0 0 0
0.0040293 -0.0074931 0.0070327 0.0091823 -0.028935 0.014271 0.042349 0.052118 0.019892 0.0042466 0.037115 0.030089 -0.0021486 0.0039283 0.0053292 0.0063279 0.022685 -0.029113 0.033716 0.031151 0.0028809 -0.14642 0.34772 0.32413 0.0086443 -0.084302 0.36863 0.36106 -0.0014612 -0.0029697 0.0033032 0.0058908 0.023616 -0.0055255 0.027721 0.017015 -0.16915 -0.12927 0.32546 0.20406 0.31896 0.031488 0.36863 0.14147 -0.00044602 -0.0050919 0.0025432 0.0052438 0.0030463 -0.003417 0.0048229 0.0044881 -0.015821 0.013721 0.064192 0.049874 0.046004 -0.025975 0.053691 0.032373 0.0017731 0.0026497 0.0031597 0.0028857
-5.1083e-05 -0.00046901 0.0023341 0.0035604 0.013707 0.022723 0.044266 0.033092 0.012253 0.062228 0.058396 0.068069 0.00038092 0.00057568 0.00094281 0.0005843 0.0029197 0.0032846 0.014486 0.0079474 0.33763 0.062397 0.33937 0.093338 -0.12277 0.042261 0.45637 0.1447 0.0012808 0.0032911 0.0054115 0.0041179 0.0081815 -0.00073035 0.013302 0.0078561 0.17764 -0.20848 0.41743 0.23923 0.073285 -0.09488 0.36572 0.16007 0.0059216 0.0028689 0.037386 0.016289 -0.00021131 0.00055566 0.0030909 0.0029266 0.0047367 -0.0021656 0.048295 0.044314 0.058849 0.018719 0.06321 0.02361 0.0025083 0.008409 0.028928 0.0089673
0.001205 -0.00014998 0.010036 0.0019972 0.054014 0.012961 0.067572 0.02809 -0.030784 -0.00019728 0.043474 0.0085749 -0.0026896 3.4079e-05 0.0029285 0.00021467 0.0377 -0.0011537 0.086171 0.0059704 0.36806 0.051243 0.39972 0.072476 -0.32309 0.047495 0.33835 0.047818 -0.023169 0.00037394 0.025748 0.0043967 0.046578 0.024703 0.079314 0.025945 0.28565 0.064141 0.29709 0.22489 -0.29744 -0.019727 0.32684 0.093413 -0.01994 -0.0095163 0.066354 0.03395 0.0055343 -0.0043951 0.009391 0.0049314 0.017049 -0.00076672 0.023099 0.012199 -0.050849 -0.010251 0.055337 0.012886 -0.0022006 -0.00033789 0.0083254 0.0034815
-0.0030678 0.00030584 0.0065112 0.00056545 0.050713 0.0014518 0.075292 0.0079587 0.013528 -0.015135 0.024879 0.021851 -0.010601 0.0012939 0.010614 0.0016148 -0.006336 -0.00062468 0.031549 0.0049807 0.31186 -0.0034095 0.52138 0.053473 0.087211 -0.020754 0.31136 0.077522 -0.070855 0.0027456 0.071012 0.011057 0.010032 -0.0016127 0.027202 0.0018402 0.26801 -0.0078589 0.52097 0.041346 0.089522 -0.027029 0.30324 0.17127 -0.067196 -0.0002195 0.067535 0.0044644 0.0013557 8.6309e-06 0.0038926 9.8934e-05 0.04119 -0.001292 0.078583 0.0033897 0.011908 -0.013261 0.03928 0.027784 -0.0090502 -0.0018231 0.0094132 0.0019153
-0.0038733 0.0027999 0.0055071 0.0049006 0.055149 -0.00296 0.059898 0.0058735 -0.0026418 0.0014027 0.038746 0.0070726 0.00013555 0.0034662 0.0060716 0.004302 -0.0097496 0.0092343 0.021594 0.0099171 0.28594 0.035986 0.50221 0.045148 0.0077003 -0.019483 0.26603 0.099263 -0.0095609 -0.0002094 0.0098491 0.0050696 -0.0005844 -0.0023502 0.0062425 0.0028388 0.29349 0.050866 0.60343 0.064195 -0.14209 -0.11357 0.25363 0.1236 -0.0086755 -0.0022697 0.010297 0.0025254 0.00036788 6.0111e-06 0.00052699 0.00020559 0.010562 0.0011347 0.037876 0.015835 -0.0082393 -0.0063174 0.020222 0.0081738 -6.0624e-05 -0.00013095 0.00025154 0.0002038
0.0035849 -0.004899 0.0091709 0.005758 0.057517 -0.005748 0.06128 0.0062892 -0.016045 0.0031013 0.025589 0.019603 -0.0085061 -0.00019899 0.0097706 0.00057279 0.0021381 0.021157 0.079354 0.035489 0.35696 0.0097604 0.51514 0.06219 -0.01852 0.029642 0.13615 0.083068 -0.04416 0.0022235 0.051089 0.015427 0.011718 -0.0014448 0.047545 0.034053 0.32538 0.006322 0.37124 0.14355 -0.22378 -0.23293 0.252 0.32237 -0.0097522 -0.032953 0.019944 0.0422 0.0011298 0.0013731 0.0026773 0.0017476 0.046594 0.00035895 0.053165 0.0033807 -0.058457 0.0072769 0.058457 0.0078434 -0.0028208 -1.8799e-06 0.0042644 0.00019788
-0.00052831 0.00088588 0.0012361 0.0026177 0.0022821 0.011983 0.0033799 0.023074 -0.0030004 0.015829 0.0062355 0.035897 -0.00016329 0.0042582 0.0013515 0.0046747 0.0022496 -0.020308 0.04141 0.069263 0.059335 0.061845 0.26317 0.31406 -0.04327 0.17398 0.26772 0.23268 -0.0014139 -0.00097571 0.0041338 0.0091626 -0.044313 0.03585 0.047572 0.046404 0.10694 -0.074909 0.27855 0.20197 0.12226 -0.022262 0.54967 0.42678 0.0059849 0.037528 0.017534 0.044674 -0.00049614 0.0013516 0.00079432 0.0014596 -0.0038284 0.031805 0.041189 0.037695 0.021123 0.036126 0.043846 0.053213 0.00069873 -0.005377 0.0089151 0.010675
0.0025974 -0.0025607 0.00603 0.0036531 -0.022945 0.0054313 0.030712 0.019007 0.034846 0.0021557 0.044177 0.018383 0.01538 -0.0026793 0.015472 0.0027011 -0.018311 0.018229 0.052691 0.06095 0.093172 -0.053666 0.36785 0.15869 0.074402 0.10912 0.35978 0.1766 0.07061 -0.015735 0.071399 0.016996 0.031823 -0.01612 0.054906 0.052224 0.013493 -0.038239 0.431 0.28328 0.010023 -0.1592 0.45991 0.30681 0.045006 -0.014754 0.049346 0.015913 -0.0016256 8.4148e-05 0.0026362 0.0014678 -0.0044374 0.038734 0.063834 0.044232 0.02559 -0.010089 0.069831 0.046482 0.0071233 -0.00066274 0.0079786 0.0030139
-0.00061907 0.0064194 0.0019664 0.0066969 0.0098748 0.022008 0.025117 0.034429 0.0036533 0.002708 0.020918 0.024506 0.0021423 -0.0016888 0.0035936 0.0031386 -0.0063983 -0.023062 0.051138 0.044064 0.034851 -0.15049 0.25971 0.29583 0.044034 -0.048295 0.42281 0.44446 -0.0055284 0.0073294 0.040666 0.042752 0.0017272 -0.0090526 0.019736 0.025448 0.080255 -0.022472 0.14554 0.13266 0.18951 0.091738 0.45692 0.32873 -0.039679 -0.0084854 0.044039 0.039714 -0.0010602 0.0070829 0.0020163 0.0071192 0.034754 0.030993 0.046271 0.052967 -0.031104 -0.022596 0.049834 0.062321 -7.9857e-06 -0.002288 0.0025523 0.007289
0.00016621 -4.1383e-05 0.00031103 0.00033232 -0.006221 0.014027 0.054612 0.020276 0.052413 0.013108 0.061938 0.016259 -0.011203 -5.0728e-05 0.011414 0.001879 0.003772 0.00030528 0.0047859 0.001167 -0.0012241 -0.015328 0.35644 0.069212 0.23982 -0.017299 0.39434 0.11142 -0.036963 -0.0056897 0.036963 0.0086994 0.0038202 0.00014464 0.0038431 0.0014174 -0.064349 -0.023751 0.50296 0.044925 0.26309 0.0096891 0.53117 0.081329 -0.016657 -0.003491 0.016657 0.0036785 0.00031671 8.2042e-05 0.0004582 0.00024285 0.010516 0.001143 0.071027 0.0074364 0.016188 -0.0044792 0.066168 0.010782 -0.0027759 -0.0028 0.0038611 0.0029541
0.0019701 0.00050993 0.0076441 0.0059435 -0.021821 -0.0089331 0.10876 0.07282 0.0059839 0.04843 0.043698 0.053767 0.001667 0.0036432 0.0097442 0.0080751 0.00294 0.0010314 0.034082 0.03516 -0.019027 -0.076273 0.41299 0.19664 0.096429 -0.093003 0.46163 0.40178 -0.012835 -0.0056482 0.026399 0.023277 -0.020624 -0.0020479 0.043283 0.028723 0.095651 0.24956 0.37268 0.28583 -0.055106 0.072631 0.19996 0.099406 -0.022217 -0.00098574 0.027554 0.0034463 0.0027205 -0.0017507 0.0044263 0.0024945 0.012423 -0.014168 0.073398 0.024275 -0.02793 -0.0052078 0.035698 0.0077727 -0.0038294 -0.00010414 0.0045306 0.00043685
-0.00085971 -1.1685e-05 0.0020371 0.0022833 0.0036413 0.046119 0.037784 0.048265 0.019025 0.06248 0.06329 0.067824 0.00087435 0.00031342 0.0018719 0.00031342 -0.0026409 0.0035999 0.010674 0.0054459 0.30794 0.052168 0.32431 0.096936 -0.12782 0.067372 0.5046 0.14419 0.0026105 0.0027768 0.0054804 0.0040966 -0.0002732 0.0027712 0.0098707 0.0050824 0.24184 -0.17893 0.41191 0.23685 -0.034581 -0.10594 0.3267 0.16288 0.0017346 0.00041588 0.014049 0.0069625 3.8258e-05 -0.0015793 0.0016796 0.002184 -0.0068574 -0.00097607 0.058241 0.023117 0.052765 0.01345 0.052765 0.016529 0.0013279 0.0043401 0.01462 0.0045701
0.0011601 0.0063253 0.0050503 0.0070381 -0.00075351 -0.0021168 0.017114 0.072467 0.046405 -0.014449 0.060571 0.039775 0.00027839 -6.33e-05 0.00030356 0.00014583 -0.014988 -0.00030895 0.025663 0.026348 0.081577 0.109 0.24806 0.17505 0.23703 0.12569 0.52316 0.18291 0.00066519 0.00023082 0.0017453 0.00063317 -0.0038602 0.010048 0.028738 0.020849 0.058836 -0.035034 0.1781 0.24082 0.18677 -0.10376 0.52281 0.28143 0.0007352 0.00011788 0.0012356 0.0011957 -0.00031254 -0.00024991 0.00074842 0.0012052 -0.0008172 0.0021559 0.0023605 0.0054742 0.024407 0.0011635 0.025977 0.0042556 0.00063216 -0.0002959 0.00077186 0.0002959
0.0020092 0.001074 0.0020931 0.0025911 0.040644 0.0062793 0.044769 0.018114 -0.027637 0.0049193 0.060499 0.011149 2.3843e-05 0.00019178 0.00028969 0.00028182 -0.012114 -0.0059426 0.016184 0.029038 0.32931 0.025312 0.37002 0.065286 -0.23062 0.0361 0.48974 0.051176 -0.0029837 0.00040365 0.003659 0.0026694 0.0070934 0.0049728 0.01546 0.015963 0.2419 -0.0248 0.2419 0.026888 -0.12347 0.054309 0.53625 0.09674 0.01113 -0.003937 0.016466 0.0050272 -0.0040535 -0.0026501 0.004096 0.0042721 0.01892 -0.0072082 0.020522 0.011915 -0.0034102 -0.0047492 0.084152 0.011442 0.0067071 -5.6128e-05 0.0068987 0.0012698
0.0011723 -0.0001394 0.0016828 0.00028741 0.024451 0.00010311 0.059097 0.021914 0.012392 0.0035674 0.01409 0.0043907 0.0002776 0.0036497 0.019574 0.0047907 -0.012375 0.010275 0.01358 0.030392 0.30326 0.015959 0.46236 0.22133 0.10733 0.053907 0.29559 0.096365 0.0056846 0.018853 0.067476 0.044263 0.0038411 0.0017272 0.0063036 0.016736 0.11493 -0.071332 0.34216 0.42841 0.2776 -0.038647 0.31797 0.087519 -0.023244 0.00361 0.049133 0.010648 0.001118 -0.00051333 0.001844 0.0027345 -0.0078713 0.018526 0.028284 0.036879 0.061584 -0.0060397 0.062212 0.014144 0.0022735 -0.00018711 0.012293 0.0024609
0.0079864 -0.0005171 0.0087237 0.0013703 0.05105 0.00051507 0.052105 0.0014843 -0.024118 -0.00035883 0.0728 0.0098188 -0.0019603 0.0023802 0.0068411 0.0032802 0.056603 -0.0083785 0.059375 0.015231 0.34433 0.07917 0.36575 0.10168 -0.10658 0.049136 0.51903 0.054455 -0.050213 -0.00025107 0.050213 0.017087 0.024419 -0.002279 0.032132 0.020991 0.40813 -0.084389 0.41275 0.09751 -0.10967 0.043457 0.16008 0.11429 -0.021463 -0.0022542 0.059968 0.036006 0.001896 0.0058951 0.0034965 0.005939 0.055831 0.0017021 0.057541 0.0050544 -0.01452 -0.0043869 0.017518 0.015735 -0.0021773 -0.0021405 0.0081508 0.0075089
0.00077459 -0.0023817 0.0037025 0.002661 0.047023 0.0059416 0.047689 0.027903 -0.011307 -0.029915 0.06255 0.059287 -0.0044055 0.0011492 0.015183 0.0045219 0.03363 -0.011455 0.053467 0.018482 0.036912 -0.13939 0.24807 0.25515 0.10294 -0.081496 0.29074 0.31096 -0.001672 0.0028735 0.020917 0.01437 -0.016199 -0.003778 0.033501 0.027666 -0.018156 -0.023872 0.50457 0.19687 0.30896 0.067131 0.43826 0.18002 0.0012331 -0.0045792 0.00696 0.0052548 -0.0072739 0.0067548 0.0081622 0.010578 0.012843 -0.0070641 0.03699 0.029109 0.050539 0.024505 0.071012 0.052148 0.004368 0.012482 0.0052869 0.012547
-0.0073093 0.00035493 0.010838 0.00043688 0.05466 0.00052118 0.064048 0.006789 0.0053908 -0.013608 0.028513 0.019609 -0.0071622 0.001131 0.0071664 0.0015898 -0.043011 -0.0012205 0.06962 0.0016199 0.37181 0.022808 0.45973 0.061469 0.0086542 -0.01509 0.41894 0.067252 -0.051748 -0.0026682 0.051997 0.0062876 -0.034991 -0.0014101 0.058116 0.0020238 0.31304 -0.0064167 0.41342 0.063227 0.035422 -0.024226 0.3562 0.15137 -0.050959 0.00037215 0.052591 0.0054291 -0.00601 -0.00038219 0.0087655 0.00075111 0.051324 0.0043445 0.062412 0.0082671 -0.0038786 -0.018087 0.045175 0.032969 -0.0041695 -0.0014783 0.0047798 0.0016025
0.00089131 0.0014405 0.0040213 0.0053954 -0.019778 0.0045959 0.04036 0.024734 0.04989 -0.003592 0.063248 0.025529 0.010478 -0.0017252 0.011172 0.0020361 -0.031432 0.030766 0.076394 0.047494 0.22406 0.0031922 0.39891 0.18685 -0.0076111 0.07458 0.40201 0.14966 0.10812 -0.013778 0.11317 0.015558 0.0073068 -0.040566 0.066561 0.049877 0.094591 -0.11277 0.38472 0.33697 0.043283 -0.10096 0.33841 0.22672 0.10259 -0.012102 0.11473 0.017775 -0.00205 0.0013227 0.0032381 0.0030156 -0.0069294 0.043213 0.10171 0.069432 0.035019 -0.0041261 0.084335 0.037004 0.01079 -0.00035401 0.011391 0.0012101
0.0035386 -0.0020031 0.010309 0.0062172 0.037561 -0.026143 0.038443 0.028497 -8.6988e-05 -0.012137 0.040457 0.034542 -0.0039382 0.0024692 0.0046252 0.0031803 -0.047713 0.027943 0.068516 0.043541 0.30269 -0.029307 0.36928 0.18312 0.20566 0.053124 0.2552 0.18083 -0.035056 0.021712 0.041047 0.030359 0.010437 -0.0091123 0.050144 0.031969 0.090385 0.050181 0.49258 0.26717 0.2073 -0.23206 0.2738 0.2517 0.0014779 -0.00050054 0.026185 0.025073 -0.0027532 0.0019883 0.0030818 0.0026167 -0.01544 0.0032281 0.045784 0.026603 0.027275 -0.0097118 0.056643 0.032449 0.0040136 -0.0029613 0.0054689 0.0039875
-0.0037787 -0.0069112 0.0086076 0.0091717 -0.0020966 -0.019391 0.038451 0.029486 0.033569 -0.0046544 0.036086 0.023499 0.0080763 -0.0018704 0.010185 0.002621 -0.013682 0.0052709 0.021318 0.0084482 -0.065596 0.052852 0.44233 0.24543 0.20614 0.040284 0.34381 0.17512 0.070798 -0.017276 0.081902 0.02968 0.014319 0.0015235 0.023659 0.015413 -0.11528 0.084839 0.42614 0.3665 0.14835 -0.016637 0.33714 0.20493 0.053302 -0.0053763 0.057359 0.014373 0.0053806 -3.6157e-05 0.0065537 0.0019514 -0.0087193 -0.0035497 0.031265 0.011873 0.021561 -0.0035449 0.026409 0.0058848 0.0035424 -0.0010255 0.0050269 0.0010874
-0.00047445 0.0021566 0.013041 0.0040238 0.05205 0.0025575 0.067353 0.0078389 -0.0094747 0.00022211 0.01965 0.015485 -0.0027399 -0.0020306 0.0030592 0.0035109 0.016823 0.0023351 0.045448 0.020881 0.29861 0.01594 0.33037 0.12522 -0.27681 -0.045116 0.29009 0.30365 -0.018725 -0.022343 0.022376 0.025715 0.0066668 0.0058025 0.019252 0.010661 0.35347 -0.031448 0.37833 0.050047 -0.3377 0.043111 0.3377 0.04762 -0.021075 0.00089969 0.026505 0.0031721 0.00050829 -0.00018643 0.0022405 0.00029691 0.059345 -0.01261 0.063942 0.013012 -0.044218 -0.0037595 0.044779 0.012244 -0.0046862 -0.0041562 0.0076555 0.0042142
-0.0063108 0.0025966 0.0063389 0.0052694 0.02323 0.0049936 0.025338 0.013867 0.043678 -0.0086082 0.058315 0.012945 -0.012397 -0.0011093 0.014142 0.0022866 -0.0033716 0.0005279 0.019109 0.029574 0.036395 -0.027933 0.13963 0.13842 0.37148 -0.0072585 0.53593 0.13437 -0.090744 -0.0029278 0.10439 0.024477 -0.0091645 -0.00049025 0.026009 0.045172 0.049109 0.02029 0.26564 0.12211 0.25094 0.0046802 0.53966 0.1572 -0.042141 -0.020237 0.083234 0.043283 -0.0009905 0.00019562 0.005974 0.0028159 0.027046 -0.00025474 0.030474 0.0027451 -0.0033707 -0.018697 0.061336 0.02259 0.0018439 0.0015471 0.011089 0.002721
0.0019587 0.00042093 0.0021043 0.0022115 0.018665 0.0075084 0.034272 0.018264 0.03325 0.0065638 0.05859 0.029154 -0.011555 0.00012788 0.018164 0.001356 -0.0022876 0.016419 0.022333 0.039079 -0.085268 0.013942 0.1611 0.11937 0.45245 -0.028803 0.59354 0.12064 -0.087441 0.0075184 0.12172 0.012151 -0.026935 -0.014372 0.027769 0.024819 0.054968 0.022076 0.097513 0.043921 0.33941 0.040835 0.41838 0.12196 -0.081593 0.012529 0.10161 0.017739 -0.00037453 -5.5747e-05 0.00053769 0.0010004 0.013681 -0.00084471 0.016484 0.0026804 0.048208 -0.0035259 0.050748 0.0041066 -0.010508 0.0014931 0.011757 0.0030964
-0.001325 -0.0026797 0.001348 0.008229 0.014801 0.010725 0.031232 0.015955 0.017483 0.018914 0.030759 0.025955 0.00064388 0.00021319 0.001727 0.00042607 -0.011561 -0.013222 0.011561 0.045727 0.10252 -0.061018 0.20543 0.099029 0.13458 -0.057158 0.25757 0.17069 0.026133 -5.2234e-05 0.17097 0.026315 -0.0010721 0.01908 0.0050353 0.028529 -0.026155 0.045332 0.14854 0.17831 0.42844 0.088786 0.66881 0.21287 -0.035982 0.010626 0.13364 0.037484 -0.0042276 0.0045522 0.0042276 0.0078406 -0.010647 0.0040946 0.025305 0.0085792 0.068504 0.0047349 0.10456 0.015732 -0.010679 0.00050579 0.018096 0.0019109
-0.0077067 0.0015643 0.0082463 0.0019499 0.026738 -0.012073 0.028914 0.015319 0.021782 -0.0023318 0.026711 0.021698 0.0019869 0.0030494 0.0047665 0.0078356 -0.02151 0.010658 0.045593 0.022944 0.25428 0.18726 0.41135 0.24239 0.11938 0.062895 0.1722 0.12528 0.0063725 -0.0023889 0.017505 0.0098825 0.026339 -0.011264 0.053491 0.022389 0.03716 -0.087447 0.51161 0.1783 0.13055 -0.20463 0.4103 0.23573 0.010953 -0.0092472 0.018725 0.011567 -0.0025992 0.0024938 0.006274 0.0034574 -0.0091711 -0.0052497 0.049905 0.025182 0.018397 -0.0028588 0.079675 0.031638 0.0029315 0.0008173 0.0039464 0.0026638
0.00019461 -8.8175e-05 0.00025697 0.00012585 -0.026816 -0.00029033 0.041348 0.0022667 0.060554 -1.7488e-05 0.060554 0.01953 -0.0074178 1.2387e-05 0.0074934 0.00045699 0.0016943 -0.00038053 0.0022273 0.0012545 -0.16261 -0.0037505 0.32364 0.016179 0.3915 -0.0024144 0.41269 0.07537 -0.058966 -0.0034992 0.059495 0.014272 0.0016494 -0.00024818 0.0021919 0.0010164 -0.14913 -0.0074995 0.33743 0.015098 0.36257 -0.019493 0.48027 0.067337 -0.060263 0.00038285 0.060263 0.0032142 0.00026491 -0.00025522 0.00030695 0.00028992 -0.024854 0.00040086 0.038355 0.0017369 0.054621 0.0087719 0.072311 0.023384 -0.007907 -0.0014548 0.0082451 0.00172
-0.011431 0.0015971 0.018635 0.0023215 -0.018853 -0.040143 0.05282 0.040143 0.066243 -0.008095 0.069448 0.0085641 0.00014638 0.000283 0.00070433 0.0004185 -0.04819 0.0030826 0.112 0.0071995 -0.11074 0.037335 0.16556 0.064092 0.47006 -0.039653 0.4929 0.051842 -0.00070466 0.00032768 0.0026392 0.00087898 -0.034639 -0.00079905 0.090717 0.0082655 -0.087398 0.22331 0.30999 0.23744 0.28378 0.035976 0.36514 0.091002 -0.0023299 -6.1042e-05 0.0052902 0.00097871 -0.0029886 -0.0010054 0.012112 0.001169 -0.0001788 0.0063867 0.080814 0.008958 0.019361 0.0056871 0.072585 0.0092255 0.00013185 6.2628e-05 0.00050875 6.8778e-05
0.0023354 0.00086199 0.004698 0.0030592 0.0096982 0.00041365 0.043916 0.0142 0.060618 -0.0067738 0.062918 0.0082028 -0.0050891 0.0020044 0.006076 0.0062455 -0.037888 -0.0026926 0.070492 0.029088 0.10861 -0.086031 0.3929 0.23039 0.37159 -0.063285 0.40092 0.071801 -0.024129 0.0022077 0.026218 0.030963 0.0035053 -0.0065438 0.038644 0.033346 0.070574 0.087208 0.29809 0.18249 0.37134 -0.019654 0.39197 0.085466 -0.016588 -0.014887 0.023857 0.022848 0.0069571 0.0030956 0.0093115 0.0043896 0.0066418 0.0066481 0.057824 0.028573 0.033168 0.0075053 0.041651 0.0092413 -0.0078622 0.0032107 0.0083201 0.0046515
-0.0049772 0.002263 0.0064635 0.0039938 0.01213 -0.020984 0.037556 0.032512 0.011919 -0.014362 0.090296 0.034348 0.0012127 -0.0059547 0.0062633 0.013194 -0.01918 0.00024267 0.036314 0.017983 0.017286 -0.031783 0.35427 0.21663 0.13969 0.027323 0.30361 0.22268 0.00494 0.026479 0.026007 0.032799 -0.068721 -0.0067458 0.073331 0.015524 -0.011197 0.064661 0.23619 0.21488 0.45715 0.071885 0.47156 0.26034 -0.067601 0.013863 0.070164 0.026946 -0.017382 0.0013601 0.017576 0.0018986 0.0064925 -0.0225 0.051346 0.027349 0.069347 -0.010858 0.071761 0.0228 -0.0060772 0.0029674 0.0096858 0.0031013
0.00041194 -5.7413e-05 0.0012335 0.0012093 -0.0018985 -0.0044843 0.092745 0.031439 0.010609 -0.015766 0.04843 0.037264 0.0021436 0.00052458 0.0032559 0.0026033 -0.0057099 -0.010296 0.015707 0.013192 -0.016993 -0.036398 0.48106 0.33116 0.05031 0.053315 0.45584 0.33019 -0.0037217 0.0011666 0.019434 0.0088055 0.00019393 0.01128 0.015098 0.013626 -0.054004 -0.094678 0.46487 0.17407 0.14961 -0.032334 0.18227 0.057928 -0.00047373 -0.0034968 0.012256 0.0040882 -0.00024318 -0.00081357 0.0010427 0.0010038 0.00026537 -0.0026331 0.0073323 0.0035337 0.021974 -0.0061466 0.026328 0.0065683 5.5237e-05 -0.00032115 0.0015248 0.0005068
0.0013328 -0.00061865 0.0053991 0.0013912 0.045621 -0.0037745 0.051559 0.015012 0.013747 0.0011749 0.014051 0.014513 -0.0054697 0.0010788 0.0054998 0.0011786 -0.015499 -0.00014916 0.025697 0.0027532 0.36116 -0.029503 0.3739 0.13276 0.04259 -0.024439 0.34275 0.17707 -0.025372 -0.0025139 0.026023 0.011384 -0.015849 0.0010844 0.027352 0.0022954 0.36555 0.03977 0.36686 0.18637 -0.0019594 -0.022242 0.48391 0.040538 -0.030404 0.00060415 0.03046 0.001189 -0.00085326 -4.0179e-05 0.005202 0.00031433 0.039758 0.0028341 0.041328 0.011679 0.006255 -0.013204 0.065146 0.018142 -0.0043011 -4.9074e-05 0.0043381 0.00023363
0.0011298 -0.00014957 0.0044454 0.00054147 -0.0066945 0.00095849 0.047695 0.0024885 0.045035 0.0016797 0.05672 0.0025973 -0.0070378 -0.0011488 0.017789 0.0019671 0.002509 0.0073139 0.025526 0.023471 -0.030088 0.05147 0.26261 0.11452 0.34067 -0.0013935 0.42173 0.053985 -0.052888 0.012454 0.078256 0.018923 0.0060521 0.00050011 0.015603 0.003219 -0.22319 0.069835 0.27645 0.10506 0.38698 -0.057306 0.53861 0.080804 -0.013419 -0.0041772 0.01851 0.0067442 0.00057345 4.9333e-05 0.0010872 0.00031624 -0.02329 0.008271 0.026941 0.0099842 0.029599 -0.0073525 0.058839 0.01834 -0.001111 -0.00028198 0.0011682 0.00030427
-0.001255 -7.8989e-05 0.0016581 0.0013031 -0.0055837 -0.0034074 0.016615 0.027136 0.080957 0.01775 0.081399 0.036897 0.00013331 -6.1816e-05 0.00013331 6.1816e-05 0.0056244 -0.014828 0.018531 0.031918 0.039747 0.10063 0.20991 0.33066 0.36327 0.084957 0.48262 0.2648 0.0013828 5.5511e-05 0.0013828 0.0006255 0.013845 0.023001 0.024602 0.037572 0.040217 0.042539 0.11884 0.19902 0.28333 -0.091336 0.42871 0.20351 0.00081045 -0.00022905 0.0012842 0.00056829 -0.00011317 0.0008852 0.0002262 0.0011757 -0.0005865 0.00036268 0.0015598 0.0054193 0.022611 -0.0058825 0.026983 0.0081122 0.0036941 -0.0011519 0.0036941 0.0011519
0.011457 -0.0061642 0.014524 0.0064273 0.0067661 -0.010541 0.053568 0.044271 0.0085047 -0.0099521 0.036789 0.049016 0.00077279 -0.0014391 0.0072624 0.0035997 0.01342 -0.00027455 0.031544 0.035569 0.0096078 -0.081764 0.44103 0.19959 0.076208 -0.10916 0.20786 0.37685 0.019484 -0.0029428 0.036307 0.014811 -0.00017733 0.015125 0.014074 0.023134 -0.046778 0.079841 0.37483 0.26133 0.053124 -0.14122 0.16045 0.51776 0.026859 -0.0071103 0.05473 0.021973 0.00053307 9.1918e-05 0.00090568 0.00080042 0.003872 0.0012788 0.0070176 0.0063086 -0.030371 0.011589 0.038485 0.014792 0.008296 0.0004081 0.0086938 0.0024829
0.0007551 0.0022664 0.0099078 0.011484 -0.014543 -0.0031913 0.029784 0.024007 -0.0017271 -0.011574 0.052895 0.038332 0.0021591 0.00071887 0.0026947 0.002386 -0.022396 -0.038415 0.042234 0.049315 -0.037818 -0.11295 0.35669 0.37845 0.16541 -0.010355 0.38969 0.21104 0.0011994 0.00014882 0.0066186 0.0070302 -0.0063828 0.017493 0.061425 0.04924 -0.16628 0.033342 0.29199 0.24724 0.3505 0.027847 0.37587 0.11382 5.6412e-05 0.00055212 0.0077569 0.0053397 -0.00024254 -0.0011915 0.0012974 0.0019794 -0.027607 0.016067 0.097694 0.079969 0.024273 -0.0019611 0.033711 0.022985 0.0017734 -0.0018047 0.0021244 0.0018567
0.0022684 -0.0013322 0.0039383 0.0017526 0.016226 0.0024647 0.029271 0.018964 0.0089221 -0.0031182 0.051763 0.064139 -0.00084521 -0.0017037 0.0020918 0.0026553 -0.0086863 0.0014617 0.015297 0.013553 0.22412 -0.0080249 0.26031 0.088644 -0.20413 -0.087275 0.34765 0.25899 0.034507 0.024014 0.050043 0.047063 -0.0044059 -0.0056462 0.014109 0.012131 0.29898 -0.031717 0.32851 0.12858 -0.17693 0.07056 0.55095 0.24469 0.020558 0.0026257 0.023584 0.0096418 -0.0037076 0.0021759 0.004348 0.003305 0.005274 -0.0084086 0.031204 0.012336 0.01719 -0.011907 0.057065 0.020898 0.0049487 -0.00093698 0.0051822 0.00094203
-0.0025887 0.00015695 0.0054439 0.00022503 0.040007 -0.00068371 0.058582 0.003926 0.012021 -0.0039233 0.025913 0.030001 -0.0070735 -0.0012105 0.007118 0.0014467 -0.0052195 -0.014407 0.023541 0.016896 0.29329 0.0048678 0.44995 0.01982 -0.11196 -0.047873 0.48672 0.08572 -0.024603 -0.010304 0.02633 0.010771 0.00075998 0.016183 0.012827 0.018779 0.29385 0.029734 0.45978 0.057508 -0.16515 0.019353 0.31524 0.077728 0.0014456 -0.00049105 0.0038434 0.0012191 0.00041132 -0.00015273 0.0012703 0.00034035 0.026978 0.0015526 0.067152 0.010567 -0.020497 -0.012577 0.02498 0.012592 -0.00010717 -0.00010072 0.00040539 0.00017512
0.0013088 -0.0023521 0.0015909 0.0028492 -0.023074 -0.012749 0.033176 0.020479 0.017242 0.025766 0.060496 0.066142 -0.00092496 0.00082786 0.0019504 0.0032416 -0.020064 0.0033339 0.023175 0.010986 0.11248 -0.060833 0.45213 0.32567 0.03592 -0.079617 0.45454 0.41067 -0.012484 0.031672 0.042397 0.044958 -0.015837 -0.0099872 0.034655 0.017952 0.030925 0.007707 0.17899 0.17525 0.11325 -0.018444 0.34523 0.23752 0.0054966 -0.01217 0.061703 0.071969 0.0030721 -0.0016974 0.008267 0.0025664 0.016756 0.021619 0.049325 0.028688 -0.003624 0.030932 0.056311 0.034366 0.0012638 0.0012051 0.0014238 0.0013008
0.0045909 -0.0019095 0.0071151 0.0022474 -0.034518 -0.016367 0.035519 0.017505 0.015711 0.031962 0.084155 0.085281 -0.00087851 0.0025914 0.0041007 0.0050527 0.018513 0.0053077 0.033977 0.010751 -0.093109 0.013056 0.27613 0.19949 0.13379 -0.10547 0.46331 0.37029 0.0078554 0.025763 0.060794 0.084236 0.018207 0.0042623 0.028685 0.0049322 -0.16698 -0.038506 0.29448 0.21981 0.17065 0.069362 0.39084 0.29026 0.0035362 -0.0075587 0.043601 0.047515 0.0025963 -0.000349 0.0044299 0.00061707 -0.016229 -0.02132 0.08529 0.023312 0.065943 -0.007415 0.090113 0.017484 -0.010265 -0.0014461 0.010588 0.0018881
-0.0062314 0.00039771 0.0067622 0.00054396 0.0054324 -0.009416 0.060083 0.012257 0.035319 -0.0038554 0.044133 0.026636 7.6998e-06 0.00011468 0.0032886 0.00095306 -0.030081 0.00022321 0.035355 0.0015265 -0.13122 -0.0070815 0.32589 0.042849 0.3893 -0.0086204 0.42687 0.14183 -0.0034086 0.00074716 0.02259 0.0068141 -0.033192 -0.0013055 0.038434 0.0015753 -0.125 -0.0066928 0.33513 0.016633 0.40032 -0.0072375 0.42982 0.15775 -0.0054523 -0.0018979 0.020713 0.0039822 -0.0043314 -6.4447e-05 0.0043943 0.000193 -0.0098522 -0.00038217 0.053198 0.0070401 0.050809 0.010751 0.052492 0.019044 -0.0010612 -0.00042989 0.0035649 0.00083519
-0.00090607 6.7318e-05 0.0011817 0.00024709 0.010566 -0.016563 0.024594 0.029228 -0.02213 -0.006308 0.026646 0.017661 -0.00061046 -0.0032001 0.0046016 0.0039472 0.015312 0.0012738 0.025141 0.0331 0.072849 0.08553 0.27324 0.3393 -0.16147 0.05272 0.26042 0.12077 0.014736 0.016971 0.036375 0.029312 0.013746 0.0014872 0.026779 0.044216 0.021656 -0.11885 0.3499 0.25038 0.024447 0.089561 0.52826 0.41951 -0.016873 -0.011307 0.031335 0.034899 -0.00052051 -0.0014791 0.0031447 0.0045606 0.006689 -0.012919 0.019805 0.0161 0.0068219 -0.042104 0.048919 0.065245 -0.00013845 0.0012762 0.0032053 0.0028183
0.0076776 -9.0072e-05 0.01613 0.00030919 0.053371 -0.01585 0.053838 0.05138 -0.039099 -0.0030486 0.045165 0.0051455 -0.0016796 -0.00015182 0.0023081 0.00033769 0.063966 -0.00052962 0.10917 0.0089318 0.33586 0.056971 0.35736 0.22167 -0.30081 -0.015815 0.32783 0.025388 -0.032095 -0.025219 0.040476 0.025845 0.063016 -0.0007888 0.11331 0.0048443 0.21204 -0.083958 0.35241 0.19224 -0.16015 -0.022349 0.43714 0.094827 -0.059886 0.0062652 0.065112 0.016554 0.009683 0.0011427 0.016124 0.0022334 0.011482 0.00037863 0.060357 0.017839 -0.011257 -0.0023015 0.080393 0.0096261 -0.0070205 -0.0010046 0.0074946 0.0031664
-0.0017522 3.3195e-06 0.0075839 0.0013476 0.052387 0.011981 0.061498 0.011981 0.0067734 0.02317 0.041141 0.050329 -0.0059609 0.00033046 0.0061472 0.00042997 0.088962 -0.0083059 0.10168 0.012133 0.27745 0.0058066 0.55661 0.051859 0.043958 0.037527 0.2335 0.23791 -0.027418 0.0027085 0.033406 0.0037774 0.089827 -0.0052142 0.10684 0.026143 0.29429 -0.018016 0.4616 0.046054 0.035293 -0.046237 0.24833 0.22347 -0.023633 0.0019568 0.027976 0.0031544 -0.0034288 0.002263 0.012145 0.002308 0.055079 0.0036803 0.13431 0.011215 0.002847 -0.010024 0.036759 0.048751 -0.001979 -2.0934e-05 0.0030767 0.00069344
-0.0039391 0.0013024 0.011861 0.0025134 0.052849 -8.5339e-05 0.060594 0.0080352 0.0093578 0.015912 0.036734 0.049445 -0.007323 0.00065402 0.007323 0.0007069 0.024385 -0.0014277 0.042372 0.006256 0.31554 0.040053 0.47589 0.077635 0.063233 0.045241 0.17853 0.21432 -0.035743 0.00617 0.035743 0.0061998 0.025924 -0.019193 0.0375 0.022678 0.34322 -0.028531 0.58308 0.086308 0.045611 -0.050858 0.18522 0.21547 -0.021863 0.0040785 0.024838 0.0045547 0.0016223 0.0013864 0.0051536 0.0030028 0.05976 -0.0052955 0.073665 0.0083447 0.0040801 -0.00037012 0.033239 0.026022 -0.0020615 6.9918e-05 0.0023367 0.00029048
0.00010877 0.00012536 0.00018906 0.00028786 -0.029377 9.5423e-05 0.031721 0.0028713 0.055787 -0.0012552 0.09401 0.0094078 -0.0040715 -0.0025783 0.004645 0.0026442 -0.0003645 -0.00070097 0.0014482 0.0010746 -0.16323 -0.016624 0.27799 0.027628 0.32291 -0.045183 0.52683 0.10618 -0.042151 0.0048377 0.056265 0.012729 -0.00067439 -0.0015038 0.0017399 0.0016513 -0.1365 -0.0092617 0.26732 0.05405 0.26012 -0.024118 0.53005 0.17341 -0.030993 -0.0049175 0.034984 0.018493 -8.6162e-05 -0.00049691 0.0003329 0.00051542 -0.012692 0.012526 0.021495 0.013251 0.019149 -0.0043564 0.06624 0.011027 -0.0019644 0.0010978 0.0053657 0.0019441
0.0067947 -0.00064353 0.0073989 0.001229 -0.002995 -0.0024485 0.012315 0.005113 0.061967 -0.0082726 0.08758 0.010815 -0.011294 0.00047528 0.011448 0.00080257 0.05835 -0.00084597 0.058862 0.0026984 -0.023397 -0.0096683 0.042884 0.0169 0.3246 -0.10668 0.50334 0.1177 -0.098293 -0.02653 0.10862 0.03471 0.053785 0.0031375 0.055924 0.0063811 -0.013915 -0.0098906 0.080746 0.018765 0.21692 0.05489 0.65327 0.25687 -0.046105 -0.0021515 0.058811 0.024662 0.007873 -0.00022433 0.0081894 0.00035366 -0.0068291 0.00054775 0.015514 0.0080446 0.0075611 -0.044014 0.055611 0.053634 -0.0046638 -5.7214e-05 0.00794 0.0045606
0.0011391 -0.00060538 0.0018859 0.0010494 0.0017891 -0.0046273 0.023348 0.016646 -0.031291 0.010437 0.050354 0.036556 -0.00095828 0.0066242 0.0054299 0.0071486 0.018436 0.00059036 0.056877 0.020511 0.0087863 -0.034439 0.32 0.17216 0.014108 -0.060536 0.39313 0.32531 -0.035525 0.0017515 0.042184 0.020569 -0.022357 0.0061403 0.035194 0.0069247 -0.10944 -0.028402 0.33469 0.10152 0.21089 0.12568 0.5182 0.29344 -0.017096 0.0061951 0.024485 0.0078241 -0.0009978 0.00088964 0.0013433 0.00096261 -0.02497 -0.0048322 0.12134 0.013784 0.059823 0.015885 0.12478 0.034138 -0.0058166 0.0027481 0.006116 0.0029031
0.0004906 9.2257e-06 0.00050883 0.00015673 -0.0074547 -0.0037047 0.037875 0.0096392 0.032335 -0.0098785 0.071196 0.015309 -0.0027595 -6.6397e-05 0.00276 0.0002337 0.0018437 0.00064635 0.0022345 0.0024206 -0.15097 -0.0091655 0.17737 0.012337 0.31062 0.0034627 0.59692 0.073207 -0.021854 -0.013953 0.023589 0.014779 -0.00054723 -0.0006158 0.0020063 0.0011039 -0.11726 -0.0087669 0.31272 0.017733 0.2583 -0.031562 0.52629 0.064352 -0.041401 -0.00010063 0.058698 0.013684 -0.00010908 -0.00025624 0.00019612 0.00025624 -0.0079234 -0.00083301 0.061128 0.0039995 0.024907 0.00068759 0.081814 0.022699 -0.004102 -0.00034975 0.0054969 0.0028179
8.914e-05 0.00070706 0.0010304 0.0014224 0.0069675 -0.0051134 0.028853 0.015191 0.0057366 -0.00050888 0.050887 0.014396 0.01463 -0.000486 0.01614 0.0011405 0.0033475 -0.0034766 0.010549 0.014144 -0.091517 -0.13795 0.40129 0.2652 0.17676 -0.10105 0.37071 0.24113 0.091739 -0.015141 0.10238 0.016531 0.0056953 -0.00088049 0.013303 0.0071557 0.18442 0.13331 0.28994 0.17176 -0.061235 0.12361 0.46277 0.24824 0.070281 -0.0065846 0.081803 0.017998 0.0010032 0.00024519 0.0015653 0.00068138 0.015321 0.00032223 0.052302 0.033897 0.0024211 -0.0021591 0.049161 0.029731 0.0082197 -0.00064817 0.0099465 0.00097521
0.00035477 0.00045961 0.0029471 0.00056741 0.041177 -0.01258 0.058114 0.014837 -0.040311 -0.0036427 0.040387 0.0049743 -0.0014062 -5.6289e-05 0.0014545 0.00017089 0.0033723 -0.0013575 0.017469 0.0016366 0.309 -0.0055639 0.44526 0.077757 -0.29373 -0.035823 0.29373 0.043566 -0.0097618 -0.00026957 0.010324 0.0027738 0.0058536 -0.00071003 0.02479 0.0021689 0.26934 0.0021096 0.43085 0.045623 -0.3154 -0.044652 0.36935 0.059939 -0.0037147 -0.0023729 0.007377 0.003282 0.00056236 -0.00041205 0.004001 0.00045596 0.037721 -0.003437 0.076618 0.01953 -0.044769 -0.00066334 0.052671 0.013907 -0.000207 0.00011007 0.00069262 0.0021028
-0.0042583 -1.627e-05 0.0047402 0.00029675 -0.0063116 -0.002066 0.06226 0.011801 0.05389 0.0089046 0.05389 0.027141 -0.0032503 -0.00023743 0.0038541 0.00042002 -0.030894 -0.0012722 0.032424 0.0016066 0.01619 -0.0095954 0.47229 0.017587 0.33871 -0.05558 0.35044 0.17642 -0.026204 -0.0007577 0.029255 0.0026532 -0.033087 0.00022957 0.033935 0.0014231 -0.013345 0.0058689 0.46469 0.017808 0.34182 0.018405 0.34988 0.14104 -0.014515 -0.0036082 0.038646 0.0071019 -0.0048719 -0.00023245 0.0050242 0.00024961 -0.0045499 0.00048425 0.06749 0.0031737 0.042814 0.0030349 0.059213 0.011361 0.0038154 -0.00047252 0.011104 0.00081933
0.0008156 0.00036646 0.0022498 0.00068332 0.065608 0.0065693 0.068456 0.0068556 -0.0051214 -0.0022955 0.011346 0.0068826 -0.0047555 -0.0012926 0.0066194 0.0064088 0.016638 -0.00080977 0.032601 0.0066346 0.4335 0.10297 0.49875 0.12881 -0.089307 -0.024718 0.12111 0.094045 -0.0021909 -0.010357 0.035555 0.074433 0.0083088 0.001361 0.018638 0.0076568 0.44238 -0.11598 0.4502 0.17162 -0.076946 0.011725 0.13748 0.080813 0.0054867 0.014302 0.023931 0.047545 0.0017859 -0.00026777 0.0056382 0.0022817 0.065138 0.002143 0.070048 0.0037607 -0.012604 0.0096964 0.014236 0.014206 0.0017112 0.0070207 0.0034573 0.009075
0.010031 -0.0014466 0.010956 0.0018893 0.040709 0.0016808 0.074322 0.0076874 0.0046803 0.012387 0.039273 0.050168 -0.0069602 0.0013498 0.0069789 0.001373 0.057864 0.0021535 0.082337 0.023713 0.33307 -0.013075 0.4227 0.031188 0.039995 0.038004 0.19807 0.19087 -0.031679 0.0017675 0.034 0.0031312 0.014918 0.0089002 0.11267 0.01107 0.32287 0.0015298 0.58992 0.064542 0.041497 -0.076194 0.21936 0.26152 -0.030437 0.00025017 0.032591 0.0028778 -0.0038521 0.0001669 0.0099808 0.00099242 0.042581 -0.010314 0.073409 0.013707 0.011367 0.0020092 0.041748 0.027965 -0.0016018 0.00062356 0.0043353 0.001227
-0.0044577 0.00053588 0.0051218 0.00059244 0.037205 -0.00092839 0.046457 0.010505 -0.031608 -0.00046523 0.041851 0.0047357 -0.001553 -4.9225e-05 0.0016926 0.00038397 -0.011544 5.0031e-05 0.014399 0.0013038 0.29839 -0.011909 0.50491 0.069219 -0.26901 -0.019793 0.26901 0.026076 -0.0087979 -0.0010131 0.010285 0.002717 -0.013596 -0.00093084 0.015532 0.0015013 0.29133 0.0029622 0.44133 0.051624 -0.29708 -0.06339 0.32879 0.074467 -0.0044917 0.00010374 0.0073929 0.0020295 -0.00090679 -0.00030698 0.0015191 0.00031925 0.037272 -0.0020262 0.055316 0.01446 -0.044993 -0.0040569 0.051841 0.011406 -0.00051076 -0.00050538 0.001416 0.0014338
-0.00026002 0.0010066 0.0046064 0.0053595 0.017191 0.023024 0.043367 0.044142 -0.016031 0.025569 0.034586 0.030322 -0.0010744 0.00064188 0.0026493 0.0022525 0.0065814 0.0071666 0.027824 0.021627 0.18577 0.0027921 0.23368 0.19663 -0.11431 -0.034809 0.4118 0.31923 -0.011474 0.015134 0.012467 0.018626 0.0054093 0.030211 0.035614 0.038835 0.10006 0.11089 0.32402 0.30834 -0.022354 0.060544 0.37803 0.44082 -0.012401 0.014512 0.012601 0.015708 0.0043672 -0.0056891 0.0077046 0.011078 -0.020091 -0.016607 0.051529 0.046632 -0.00090467 -0.0059703 0.0308 0.038931 0.00016933 0.00053933 0.0012643 0.0027172
0.00034001 -9.1611e-05 0.00035785 0.00015137 -0.023002 0.00059208 0.050476 0.0073487 0.058145 -0.010149 0.058145 0.016104 -0.0089878 0.00012553 0.0091118 0.00020954 0.0013768 -0.00026117 0.0015246 0.00078511 -0.16993 -0.012999 0.3281 0.017199 0.41333 -0.010362 0.41939 0.05968 -0.062278 -0.0047249 0.062371 0.0065273 0.0013946 -0.00027027 0.0018326 0.0010043 -0.17319 0.0011197 0.32979 0.017226 0.40092 0.006601 0.4094 0.092165 -0.068758 -0.0013313 0.06988 0.0085837 0.0002335 -1.5361e-06 0.00037681 0.00012717 -0.016637 -0.0010705 0.054364 0.0029468 0.047714 -0.0043274 0.053428 0.011561 -0.0095767 -4.3311e-05 0.0097763 0.00069869
0.0031762 -0.001234 0.010465 0.002385 0.041199 -0.02746 0.059717 0.042598 -0.020704 -0.0040767 0.037974 0.015216 -0.0013684 -0.00030783 0.0027779 0.001256 0.069631 -0.0094314 0.10254 0.022393 0.31432 0.10682 0.33959 0.31563 -0.24024 -0.036645 0.27789 0.049916 -0.011766 -0.0017515 0.015695 0.003836 0.055903 0.0099545 0.08291 0.013973 0.31436 -0.0297 0.38062 0.23213 -0.29846 -0.039944 0.31252 0.041239 -0.0099567 -0.0011349 0.015465 0.0025295 0.008421 -0.00051291 0.010688 0.0023924 0.036558 0.024353 0.040338 0.035706 -0.051154 -0.0058059 0.05248 0.0067052 -0.0010615 -0.00081285 0.0026667 0.001202
-0.0036559 -0.00015729 0.0037126 0.00017331 -0.034878 -0.00055466 0.052535 0.0022078 0.056924 0.003152 0.056924 0.014074 0.00082014 -0.00093571 0.0067709 0.0014606 -0.030677 -0.00044302 0.031805 0.00099561 -0.23218 -0.010063 0.35027 0.020655 0.39156 -0.016373 0.39156 0.061448 -0.01474 -0.021731 0.066176 0.026774 -0.030575 -0.00025805 0.031529 0.0018588 -0.22457 0.0089416 0.34165 0.01035 0.39259 -0.0081895 0.39331 0.017342 -0.0078252 0.022541 0.044396 0.041468 -0.0048384 9.5791e-05 0.004988 0.00044713 -0.033954 -0.00078422 0.052245 0.006094 0.058715 0.00081404 0.058715 0.0020957 -0.0039845 0.00067468 0.0096845 0.0013835
0.00015287 0.0029386 0.0066577 0.0039857 0.061723 0.010682 0.091958 0.011841 0.0036196 -0.00021625 0.032859 0.025245 -0.0024681 -0.00044861 0.0026091 0.00062245 -0.011007 0.0075237 0.074392 0.012697 0.34621 0.022459 0.67998 0.083035 0.047464 0.051486 0.21684 0.21922 -0.027011 -0.0031653 0.027083 0.0044747 0.023778 -1.9985e-05 0.096286 0.016987 0.24706 -0.032355 0.33472 0.10259 0.076942 -0.048759 0.16876 0.20324 -0.030597 -0.0020176 0.031822 0.009008 0.0047883 -0.0025741 0.012791 0.0026635 0.048515 -0.0046968 0.075759 0.018881 0.0095367 -0.020838 0.042978 0.051524 -0.0071027 -0.0011391 0.0071986 0.0013838
-0.0028623 0.00066109 0.0029849 0.000746 -0.0017871 0.023532 0.027893 0.02506 0.033938 -0.0060143 0.090933 0.0092005 0.0012094 0.0002506 0.0018228 0.00081615 -0.0013736 0.001369 0.0035514 0.0018899 0.13273 0.04421 0.43252 0.061142 -0.079001 0.055805 0.53391 0.098162 0.072825 -0.0070196 0.080346 0.012295 0.00021054 0.0005239 0.0037215 0.0013217 0.10572 0.025343 0.48116 0.072109 -0.092233 -0.0048218 0.43528 0.054414 0.050778 -0.010096 0.052334 0.014415 5.0785e-05 -0.00020473 0.00057453 0.00023221 0.0082201 0.0046511 0.059419 0.010324 -0.01468 -0.0022392 0.053117 0.010751 0.0010513 -0.001594 0.0055283 0.0023755
0.0025331 -0.00027772 0.0088765 0.00038092 0.037548 0.038209 0.063989 0.043768 -0.034134 0.0075579 0.055435 0.018907 -0.0010031 -0.0013828 0.0030314 0.0027334 -0.0040123 -0.0034228 0.020066 0.0092593 0.28187 -0.036403 0.35484 0.10414 -0.26767 0.024052 0.39912 0.11538 0.0030949 0.0038781 0.023654 0.018241 -0.053768 -0.0016262 0.054379 0.013168 0.36147 -0.0089701 0.39929 0.11556 -0.19617 0.061672 0.38887 0.10261 -0.0039469 0.0046369 0.022393 0.012871 -0.0063378 0.0012313 0.0068754 0.0012923 0.043982 -0.0051232 0.059642 0.013433 -0.015897 0.0026518 0.0453 0.012517 -0.0028023 0.0002043 0.0028166 0.00030476
0.0053548 -0.0065997 0.0082195 0.011003 -0.032857 -0.0082134 0.039612 0.057203 0.047348 0.023214 0.051323 0.056206 0.00010451 0.00033322 0.0013385 0.0008141 -0.034221 0.023237 0.1015 0.052965 0.35212 0.027224 0.5672 0.25506 0.041126 0.071011 0.10877 0.099961 0.003857 -0.0057941 0.007279 0.0059232 0.029075 -0.025079 0.082747 0.045783 0.172 0.017058 0.53686 0.24279 0.081034 -0.060872 0.12188 0.073702 -0.0040552 -0.0023485 0.0069101 0.0041878 0.0015428 -0.0018133 0.0038837 0.0033739 0.0027376 -0.0082278 0.064164 0.038396 0.048077 -0.011539 0.051205 0.033734 0.0025887 0.0078541 0.0042869 0.0081392
0.0063676 0.00038832 0.016792 0.0022415 -0.025048 0.0060435 0.088002 0.012346 0.031664 0.0047386 0.064381 0.0055726 -0.00012964 8.2052e-05 0.00065269 8.4945e-05 -0.044678 0.01782 0.10744 0.032027 -0.16799 -0.019639 0.46299 0.072878 0.2594 0.0064944 0.369 0.035626 -0.0026653 -0.0010475 0.0056387 0.0015233 -0.062833 -0.047036 0.063204 0.048011 -0.15497 -0.0018587 0.48877 0.033241 0.32068 0.0037843 0.35608 0.027785 -0.0028582 -0.00020737 0.0075378 0.0010009 -0.0036498 -6.7816e-05 0.0044378 0.00053612 -0.021021 0.00088847 0.073759 0.0046306 0.046342 -0.00078271 0.053801 0.0013808 -9.1781e-05 1.0615e-05 0.00058578 0.0002424
-0.0093821 2.6909e-05 0.011124 0.00028218 0.039433 0.0016676 0.054256 0.0081877 0.03893 -0.0011215 0.051851 0.012856 6.5535e-05 -0.0015591 0.012738 0.0016206 -0.055564 -0.00095857 0.069374 0.0024758 0.33028 0.026016 0.44161 0.079587 0.17351 -0.020542 0.26354 0.14063 0.0081787 0.0033657 0.083371 0.0062333 -0.04888 -0.0017867 0.062401 0.0034351 0.33855 -0.027192 0.46292 0.054178 0.070051 -0.043927 0.35569 0.24096 0.022143 0.0031614 0.058731 0.02082 -0.0057771 0.00012563 0.0074678 0.00019217 0.050402 -0.0019153 0.071974 0.0025677 0.023819 0.0092015 0.034471 0.020579 0.0033067 0.00047588 0.0048632 0.0059773
-0.0008869 0.0015329 0.0014586 0.002743 0.023751 0.0095303 0.05572 0.016315 -0.024099 -0.0049947 0.068123 0.02012 0.00066835 5.021e-05 0.002261 0.00032981 -0.017122 0.0011184 0.024822 0.007697 0.26623 -0.027614 0.3659 0.083698 -0.20987 0.04203 0.42606 0.059649 -0.0059623 -0.00027067 0.028302 0.0029888 0.0073748 0.0014006 0.0075643 0.003454 0.32719 0.020627 0.34662 0.072401 -0.30997 0.048371 0.44811 0.06554 0.01267 -0.00086813 0.020744 0.002315 0.0011073 -7.8868e-05 0.0012764 0.00030499 0.043442 -0.0033423 0.043525 0.0034785 -0.040362 0.0096626 0.045742 0.014801 0.0055892 -0.00046048 0.008749 0.0010155
-0.0056307 -0.0041662 0.013979 0.0058586 0.047919 -0.014119 0.048383 0.015613 0.005404 0.003774 0.018422 0.0086128 -0.0089364 0.0018682 0.0089535 0.0020831 -0.052462 0.006875 0.11536 0.017144 0.40552 -0.04656 0.41908 0.094642 0.070994 0.037462 0.21181 0.2011 -0.038021 0.0089652 0.039193 0.0093229 0.024853 -0.002126 0.046065 0.014306 0.32652 0.027083 0.54542 0.093344 0.076166 -0.02008 0.18364 0.23205 -0.020782 0.0059047 0.023459 0.0064743 0.0014282 -0.0033019 0.0051597 0.0038883 0.05569 -0.0086465 0.11464 0.014156 0.0039733 -0.012282 0.039872 0.04305 -0.0012641 0.00020162 0.0021077 0.00038314
-0.004454 0.0010935 0.0059912 0.0018597 0.0051042 -0.011264 0.037506 0.049395 0.010469 0.014964 0.039069 0.029818 0.0015653 -0.00058217 0.0046894 0.0047547 -0.034669 -0.0087544 0.041918 0.0476 0.08729 0.0075955 0.26106 0.20193 0.097284 -0.0011344 0.47862 0.45682 -0.010815 0.0066329 0.013569 0.01275 -0.029071 0.021421 0.04581 0.032932 0.065641 0.05187 0.1712 0.12438 0.16868 0.023005 0.405 0.38792 1.9753e-05 0.019125 0.021151 0.030682 -0.0032329 0.0039501 0.011948 0.01387 -0.010141 0.050643 0.057121 0.071964 0.018879 0.035548 0.070457 0.06154 -0.0045928 0.0022586 0.005976 0.0092499
0.007734 -0.0034974 0.012183 0.0043944 0.047857 -0.017111 0.052862 0.036808 -0.03206 -0.0055203 0.038534 0.0071575 -0.0015775 -0.00036243 0.0018964 0.00064002 0.061577 0.0035299 0.10173 0.012192 0.3429 0.080257 0.35708 0.30449 -0.24821 -0.013461 0.28219 0.037713 -0.0090999 0.00021637 0.013114 0.0020427 0.068595 -8.4873e-05 0.10106 0.010604 0.29736 -0.052809 0.35453 0.28638 -0.26755 -0.028187 0.29981 0.043641 -0.0096023 -0.0029536 0.015617 0.0046131 0.0081417 0.00046154 0.012175 0.0017039 0.043239 0.017634 0.052935 0.032058 -0.042292 -0.00086488 0.046081 0.0025936 -0.0065462 -0.0046369 0.0078022 0.0050646
0.00040737 -0.00037675 0.0010982 0.00073254 0.049458 -0.0007034 0.049458 0.0045979 -0.045516 -0.00022051 0.048174 0.0097628 0.004811 -0.0013228 0.0050583 0.0013673 0.015913 0.001425 0.018539 0.0074636 0.33908 -0.017501 0.39572 0.084155 -0.34427 -0.045676 0.36229 0.086981 0.034558 0.0064518 0.035303 0.010369 0.01148 -0.0010206 0.017222 0.0096371 0.271 0.030167 0.3197 0.092328 -0.26624 -0.073133 0.3918 0.15575 0.021273 0.00069733 0.021435 0.0030091 0.00016218 -0.00081186 0.0010819 0.00090767 0.029819 -0.0087606 0.037637 0.010286 -0.034586 -0.0044974 0.066973 0.013472 0.0031313 0.0001696 0.0032233 0.00021987
