-0.0017646 0.00073987 0.0020229 0.0034737 -0.00078981 0.010228 0.0021041 0.011711 0.058446 0.006929 0.058446 0.0085879 0 0 0 0 -0.0037694 -0.02155 0.0045548 0.033338 -0.0023778 -0.14546 0.025217 0.16209 0.43303 -0.025358 0.43394 0.08182 0 0 0 0 -0.0078949 0.021267 0.0083593 0.022088 -0.048101 0.096875 0.048101 0.12193 0.50783 0.044429 0.50783 0.044429 0 0 0 0 -0.00095214 0.0015118 0.0012832 0.0034719 -0.010257 0.013024 0.011639 0.024659 0.067803 0.0023183 0.067803 0.0036812 0 0 0 0
-0.00053758 0.00045186 0.0033448 0.0017797 0.00065098 0.00049619 0.030831 0.017885 -0.01449 0.0087394 0.030384 0.012227 0.00047261 -0.00098754 0.0034006 0.0024873 0.0099192 -0.00728 0.030531 0.0164 -0.13717 -0.27282 0.23947 0.29368 0.18234 -0.14969 0.33185 0.23282 -0.024787 0.014283 0.02756 0.016199 0.00061745 -0.022572 0.021919 0.039692 -0.11013 -0.090458 0.19572 0.20071 0.41413 0.092363 0.47598 0.14176 -0.01071 0.010548 0.018657 0.011611 0.00069799 0.001006 0.0017423 0.0035099 0.026567 0.028671 0.062832 0.033698 0.014133 0.010732 0.029597 0.020808 0.0050996 0.0084423 0.0054234 0.0085402
0.0025907 0.00026725 0.0045142 0.001149 0.018445 -0.011236 0.083426 0.021362 0.016486 9.4692e-05 0.048574 0.0034734 0.00087627 7.9819e-05 0.002507 0.00057519 0.036978 0.013935 0.038644 0.021052 -0.0090313 -0.14927 0.29473 0.18305 0.29534 -0.16071 0.51174 0.17986 0.0019323 -0.0014029 0.016148 0.0023633 0.020286 0.005496 0.035201 0.012282 -0.0075063 0.22066 0.22731 0.23653 0.24254 0.18015 0.3775 0.20025 -0.00043141 0.00035562 0.022597 0.0041176 0.0043827 0.00057801 0.0044255 0.0011324 0.0045375 0.001059 0.029871 0.004353 0.017826 -0.0020971 0.041242 0.0056513 -0.00027525 0.0001219 0.0037831 0.00035674
-0.0080856 -0.00058825 0.0080856 0.0010308 0.034162 0.0039868 0.039224 0.011191 -0.0086359 -0.0010457 0.045856 0.0097285 0.001185 0.00013904 0.0036408 0.00065016 -0.055211 0.0029161 0.055734 0.0051356 0.030774 -0.1818 0.35256 0.19799 0.16657 -0.11988 0.41562 0.16538 0.012923 0.00015794 0.031778 0.0018667 -0.055918 -0.0038662 0.057645 0.0064876 -0.10402 -0.041166 0.37492 0.12375 0.38763 0.070343 0.4469 0.080921 0.013241 -0.00025837 0.030762 0.0035675 -0.0067524 -0.00036428 0.0067885 0.00081324 -0.00029778 0.011434 0.053157 0.036109 0.044421 0.0062178 0.059532 0.014558 0.0033101 7.6315e-05 0.0051009 0.00028909
0.0002412 -0.00080225 0.0037258 0.0023285 0.0017831 -0.0012338 0.040721 0.016998 -0.0068043 0.0065098 0.036613 0.016408 0.00051806 -0.0005663 0.0011417 0.00080328 -0.024828 0.01172 0.059778 0.026887 -0.024131 -0.21755 0.2921 0.25728 0.15422 -0.18367 0.29434 0.26472 -0.018749 0.010067 0.021595 0.010761 -0.014979 0.0060881 0.055772 0.03107 -0.20338 0.10062 0.41274 0.16448 0.34789 0.097726 0.35442 0.24094 -0.020952 0.014728 0.029615 0.017392 0.00421 -0.0029276 0.0064281 0.0040594 -0.032902 0.0091071 0.047211 0.01812 0.031855 -0.0137 0.044734 0.016085 0.00023195 -0.00083681 0.0023667 0.0017603
0.0018169 -0.0055869 0.001856 0.0055896 0.0051617 -0.020667 0.0077223 0.020955 0.0010183 -0.0011735 0.0057523 0.0029023 0.0026808 0.00090931 0.0026808 0.00091987 0.012569 -0.02432 0.013144 0.024529 -0.077319 -0.2129 0.15102 0.21369 0.2718 -0.18968 0.27391 0.22564 0.0060217 0.0030561 0.006109 0.0031518 0.012299 -0.019224 0.013098 0.019259 -0.09513 -0.14859 0.1402 0.15346 0.51691 0.029084 0.51691 0.11897 0.00010036 0.00024783 0.00018764 0.00024783 0.0001477 0.002569 0.0011423 0.004618 0.0012069 -0.0015518 0.012219 0.012639 0.085143 0.032384 0.085143 0.032384 0 0 0 0
-0.003061 -0.00024889 0.0064258 0.0017683 0.021318 -0.032431 0.055081 0.066222 0.034179 -0.010968 0.055247 0.014613 -0.0059485 0.00040646 0.0065629 0.0005775 -0.050132 0.018134 0.051235 0.020435 -0.0194 0.039275 0.20531 0.16275 0.42398 -0.10137 0.53438 0.12682 -0.0063268 -0.0033213 0.033696 0.0060019 -0.018077 -0.0049656 0.034126 0.011505 0.051704 -0.0083431 0.30997 0.15905 0.24648 0.10101 0.43782 0.14662 0.0046736 -0.0046123 0.016827 0.0061699 -0.0024243 0.001601 0.0031672 0.0023012 0.028761 0.010426 0.055971 0.0236 0.016966 -0.0045762 0.04154 0.0089635 -0.00062523 0.00033947 0.0015732 0.00055229
-0.0011561 0.00013426 0.0015522 0.0072455 0.0063847 -0.024113 0.056726 0.041995 0.0012814 0.0018837 0.0065821 0.029922 0.0007532 -0.00043733 0.0029866 0.0045869 -0.039038 -0.015281 0.042437 0.041357 0.232 0.069305 0.49002 0.18745 0.0084381 0.10546 0.048857 0.23307 3.4881e-05 0.0035953 0.0063498 0.039104 -0.0045976 -0.020531 0.05198 0.062781 0.28575 0.1256 0.35043 0.5015 -0.040059 -0.0024938 0.084897 0.29796 0.0034421 0.018673 0.0057429 0.041312 0.0039021 0.0087245 0.0039762 0.01059 0.0071474 -0.001649 0.010294 0.05163 -0.013015 0.009957 0.019367 0.046648 0.0016526 -0.012018 0.0059644 0.013054
-0.0058829 0.0008055 0.0083645 0.0021964 -0.033972 0.0074137 0.046484 0.030702 0.048882 0.0098787 0.053486 0.018475 0.0020844 -0.00055611 0.0021334 0.00068079 2.763e-05 2.15e-05 0.02755 0.0034604 -0.35105 0.038197 0.40371 0.12017 0.32434 -0.063248 0.35312 0.082323 0.020702 0.004081 0.029822 0.033687 0.012322 -0.0022723 0.027545 0.0044955 -0.3121 0.030196 0.31475 0.14574 0.28363 0.086115 0.33432 0.10867 0.010845 -0.0014803 0.04127 0.0076434 0.0012679 -0.00056139 0.0052228 0.00082391 -0.051868 0.0071525 0.055024 0.0091364 0.046552 -0.0053763 0.052215 0.011347 0.001243 -0.00058712 0.0051486 0.001184
-0.0026286 -0.0094877 0.0026438 0.0094877 -0.0050947 -0.057691 0.043957 0.06415 0.0014693 -0.008314 0.0090743 0.047205 0.0037165 0.00070263 0.0086815 0.005441 -0.032561 -0.0042417 0.036709 0.050169 0.19412 0.1023 0.50816 0.18687 0.022005 0.14254 0.059836 0.24187 0.0082605 0.0032628 0.0194 0.045573 -0.0094133 -0.03671 0.043864 0.06605 0.30951 0.092743 0.41101 0.40482 -0.044072 -0.0058621 0.1119 0.29374 0.006009 0.020776 0.0090853 0.046597 0.0058054 0.013082 0.0062125 0.014988 0.0092523 0.0032865 0.012597 0.050775 -0.020377 0.0016235 0.027039 0.052751 0.0040026 -0.015897 0.0061311 0.017081
-0.0091461 -0.0023319 0.0093427 0.0023993 -0.013386 0.0085096 0.066942 0.020084 0.055438 0.014085 0.061763 0.023051 -5.5048e-06 -0.00017772 0.0047212 0.00059455 -0.05597 -0.010915 0.056056 0.016879 0.059595 -0.1305 0.27821 0.26436 0.30097 -0.027383 0.39029 0.19663 0.019829 0.0034073 0.032495 0.0071098 -0.019371 0.016716 0.023947 0.029399 -0.083657 0.027641 0.17106 0.14804 0.41205 0.045939 0.51953 0.10633 0.027747 0.00086175 0.042933 0.0059961 6.4829e-05 -0.0057429 0.0022309 0.0060861 -0.0010557 0.025188 0.032882 0.041832 0.052267 0.017116 0.070121 0.019101 0.00192 -0.00050667 0.0046184 0.00097972
-0.0037211 3.3765e-05 0.0059353 0.00074247 -0.007358 -0.03273 0.05964 0.033862 0.034316 -0.009541 0.054739 0.017285 0.0023839 0.00012136 0.0042859 0.00025116 -0.047757 0.0064987 0.048805 0.010331 -0.10087 -0.026595 0.36095 0.15548 0.39125 -0.027488 0.4469 0.071509 0.0072044 -0.0022243 0.029935 0.0040348 -0.045948 -0.0020366 0.046337 0.0078462 0.026473 0.04241 0.38129 0.27581 0.25548 0.019089 0.34825 0.19049 0.0094368 -9.5879e-05 0.025772 0.0021176 -0.0063867 -0.00057901 0.0064454 0.0017469 -0.0046585 -0.0076288 0.023734 0.019713 0.049172 -0.0003536 0.06238 0.0085877 0.0013149 -0.00027056 0.0037617 0.0005837
-0.0021613 -0.00049308 0.0028974 0.0018571 0.018016 0.0017129 0.051805 0.0303 0.021581 0.040595 0.029461 0.043181 0.00010025 0.0042605 0.0013972 0.0050923 -0.029818 -0.024075 0.031425 0.02887 0.44472 0.055699 0.46738 0.12118 0.0046028 -0.014586 0.021806 0.10193 -0.0020662 -0.0034597 0.0030331 0.0112 -0.0047301 0.02166 0.016506 0.055317 0.16283 -0.042234 0.27543 0.36519 0.19386 -0.12662 0.25225 0.41632 -0.010505 -0.012573 0.013415 0.04938 0.0012741 0.0050755 0.0023172 0.0086868 0.017502 0.056479 0.017809 0.056479 0.00029728 0.017843 0.0056846 0.018243 8.6263e-05 0.002268 0.00052559 0.0026292
-0.012304 -0.0045841 0.012314 0.0046192 0.012443 0.0061617 0.030048 0.013292 0.0042087 0.00081912 0.03507 0.014019 0.00019074 -0.0056836 0.0044283 0.0062138 -0.042765 -0.0050671 0.069787 0.029366 0.11644 -0.077216 0.36596 0.3423 0.1173 -0.079605 0.29261 0.1639 -0.045253 0.010531 0.051931 0.037093 0.017767 0.0026497 0.056122 0.014506 -0.23766 0.072579 0.44643 0.18292 0.28501 0.015045 0.41215 0.10556 0.0032289 -0.0029211 0.030337 0.010334 0.00067948 0.0017661 0.0051021 0.0020541 -0.060213 0.0089071 0.070186 0.012234 0.058269 0.003045 0.07594 0.011656 -0.0012736 -0.00056302 0.0018267 0.00093592
-1.9358e-05 -0.00070975 0.0013618 0.0017189 -0.0096698 -0.0027339 0.010126 0.0080046 0.0031852 0.01035 0.01146 0.017659 -0.00067574 0.0047342 0.0017675 0.004859 0.0079772 -0.016197 0.012406 0.016197 0.1925 0.20262 0.24279 0.23821 -0.072961 0.19368 0.21356 0.21929 0.0029744 0.015628 0.016831 0.018649 0.024135 0.0023012 0.02593 0.015218 0.3761 -0.062489 0.46587 0.30662 -0.14803 0.044987 0.24927 0.33915 0.018216 0.027267 0.019484 0.027267 0.0042822 0.004978 0.0045372 0.0069266 0.014618 0.025576 0.020689 0.02675 0.024329 0.033573 0.025253 0.034399 0.0078021 0.0089677 0.0084864 0.0093015
-0.002828 -0.0074773 0.0077241 0.010636 0.056084 0.036834 0.084483 0.051035 0.0023818 -0.020715 0.027946 0.033049 0.0010103 0.0020653 0.0045422 0.0065535 -0.006291 0.018803 0.068722 0.022288 0.28805 0.071323 0.31851 0.13225 0.052178 0.095807 0.24739 0.33144 -0.022615 -0.018532 0.030533 0.027603 -0.038519 -0.0014554 0.070483 0.017038 0.30259 -0.14883 0.42078 0.21664 -0.038733 -0.21146 0.16845 0.37 0.041994 0.046846 0.041994 0.046846 -0.00757 0.0027506 0.0085484 0.0041247 0.041194 0.031365 0.04165 0.032735 0.050239 0.07206 0.050239 0.072085 0.0028502 0.0063521 0.002955 0.0063769
-0.0046659 -0.010289 0.0048852 0.010336 -0.036822 -0.1156 0.036844 0.11569 -0.017148 -0.043888 0.037609 0.067604 0.026824 -0.0095121 0.026859 0.0095121 -0.023091 -0.011479 0.037598 0.083364 0.12615 0.061308 0.44302 0.19564 0.022219 0.11685 0.093471 0.28265 0.075477 -0.034551 0.084526 0.05848 -0.054813 -0.033969 0.058282 0.043452 0.30134 -0.011836 0.49497 0.32767 -0.035069 0.056015 0.16936 0.27132 0.038751 -0.0075829 0.040144 0.067228 0.0021742 0.0042148 0.0103 0.011037 0.026308 0.032417 0.032182 0.057122 -0.021276 -0.0085503 0.028646 0.045455 -0.0028082 0.0018734 0.0097608 0.0079365
-0.0016511 -0.0027479 0.0047363 0.0028793 0.021976 2.3989e-05 0.055361 0.011476 0.0012479 -0.0010122 0.0012479 0.0012809 6.7385e-05 3.2111e-05 0.00036054 3.6646e-05 -0.0027722 -0.019525 0.01753 0.022001 0.40347 0.043898 0.44092 0.12602 -0.026771 0.20844 0.038115 0.24458 -0.0012945 0.030467 0.0061501 0.03662 -0.005265 0.0017341 0.011096 0.0040545 0.46087 -0.071546 0.4733 0.096405 0.01036 -0.11585 0.039953 0.18143 0.0031736 -0.017531 0.006344 0.027033 -0.0027828 0.0021485 0.0037672 0.002441 0.057892 -0.0034293 0.060708 0.03423 0.0027693 -0.016173 0.0069986 0.060117 -6.5481e-05 4.5472e-05 0.00056639 0.0053797
-0.0015383 -0.00074394 0.0026053 0.0010176 0.05021 0.0099847 0.051531 0.01043 0.021438 0.0042181 0.021917 0.0067848 0.0066918 0.0013443 0.0067607 0.0015375 -0.0054482 0.0030401 0.024159 0.011026 0.38006 0.074058 0.38006 0.10578 0.16652 0.0073431 0.17123 0.0415 0.01002 0.00076202 0.010182 0.0063381 0.0021807 -0.01159 0.017756 0.017606 0.22459 -0.15616 0.23094 0.30252 0.36214 -0.054656 0.3639 0.31788 0.01087 0.0013304 0.011421 0.010488 -0.002712 0.028073 0.0027967 0.028073 0.022813 0.12318 0.039205 0.12318 0.021328 0.04528 0.030914 0.047479 -1.2949e-05 0.0013326 0.0003989 0.0021059
-0.010266 -0.003964 0.010566 0.0040556 0.0047394 -0.00032396 0.024983 0.005267 0.004334 -0.0058731 0.017053 0.01024 -0.0032358 -0.0028476 0.0054137 0.0033246 -0.0084619 0.0096027 0.070896 0.018343 -0.13549 -0.13077 0.17358 0.15128 0.23445 -0.0078172 0.51575 0.19117 -0.028416 0.0054539 0.043973 0.0072391 -0.0010402 -0.0025418 0.023553 0.007138 -0.17604 0.0051068 0.45398 0.070174 0.27651 0.016305 0.45321 0.092625 0.0032938 0.011219 0.031782 0.015082 0.00055608 -2.0159e-05 0.0037916 0.0010137 0.0074563 -0.023965 0.061726 0.048644 0.028081 0.0069087 0.040981 0.0094744 -0.00047031 0.00089765 0.0033942 0.0012715
0.0023334 0.00049124 0.0025689 0.0011799 0.01327 0.00037378 0.021601 0.0056489 -0.027805 0.0020869 0.047237 0.0055666 0.0030825 0.00059509 0.0043249 0.0010338 0.026705 -0.042322 0.033436 0.046997 -0.13574 -0.36072 0.33112 0.36569 0.22234 -0.04802 0.30253 0.097476 0.01325 0.00025904 0.038851 0.0072873 -0.024068 0.012602 0.025974 0.012716 -0.022207 0.087478 0.32031 0.15323 0.38201 -0.0083155 0.38823 0.037832 -0.0090067 -0.0014623 0.045345 0.0076578 -0.0071603 0.001346 0.0072734 0.0049839 0.0053042 0.0013983 0.044413 0.011347 0.037083 -0.00012973 0.06369 0.0074939 -0.0020647 -0.00079756 0.0090684 0.0015731
0.0013945 0.00026989 0.0023402 0.0018562 -0.036593 0.010066 0.049887 0.032249 -0.0059814 0.0053193 0.016499 0.0079419 0.0074562 0.0025879 0.0085588 0.0026862 -0.0070618 -0.004015 0.024553 0.0085013 -0.099184 -0.10674 0.35351 0.30339 0.073878 0.090689 0.2559 0.39572 0.036306 0.017822 0.055535 0.017995 -0.037086 -0.0034458 0.053633 0.014383 -0.19144 0.0052356 0.42384 0.13758 0.33776 0.060054 0.37998 0.069602 0.0067487 0.0015723 0.017616 0.0060241 -0.0034817 -0.0039965 0.0067873 0.0056051 1.0294e-07 0.0014511 0.070239 0.026523 0.025109 0.0068254 0.033723 0.0093273 0.0014761 0.00015026 0.0026333 0.00048553
-0.0071688 0.00251 0.0089046 0.0031999 0.019907 0.0033942 0.077682 0.017783 0.010931 -0.0030389 0.021385 0.0047959 0.0019554 -0.00059723 0.0031615 0.00095795 -0.042283 0.0079445 0.059078 0.015846 -0.13651 0.010018 0.4088 0.16613 0.20835 -0.098628 0.37014 0.27549 0.033169 0.0020026 0.037054 0.016475 -0.03462 0.0048117 0.052049 0.02462 -0.19585 0.06141 0.34786 0.34169 0.3004 0.090918 0.31974 0.11298 0.0011512 -0.0015085 0.019383 0.004406 -0.0034536 0.0034123 0.0046527 0.0044021 -0.029999 0.019813 0.047772 0.025819 0.026758 0.003865 0.03472 0.0073792 0.0019159 -0.0004464 0.0031048 0.00063956
0.0013908 -0.00018698 0.002115 0.0094181 -0.045762 -0.0069166 0.049169 0.044932 0.009544 0.008133 0.035678 0.021593 0.00047188 0.00012921 0.0011186 0.0012104 -0.033098 -0.011339 0.037992 0.021597 -0.20398 -0.17188 0.23342 0.20239 0.27313 0.053783 0.37339 0.13896 0.0015485 0.0096459 0.0067603 0.019998 -0.033225 -0.043529 0.033678 0.044698 0.023286 0.10918 0.14754 0.4419 0.22144 0.085326 0.28493 0.44549 -0.0088781 -0.0025009 0.01207 0.045177 0.0048627 0.010892 0.005007 0.012832 0.014839 0.044839 0.015574 0.070379 0.0032216 0.013861 0.0043735 0.055388 -1.9752e-05 0.00059877 0.00071893 0.0029568
-0.0080268 -0.00023511 0.011029 0.00080957 -0.035392 -0.0034741 0.056649 0.020445 0.035155 0.0055609 0.038617 0.014632 0.0014081 -0.0043428 0.0065955 0.0045333 -0.074743 0.0024693 0.098109 0.011424 0.0038782 -0.10571 0.29717 0.21847 0.199 -0.0078659 0.27146 0.17813 0.015701 0.020476 0.035298 0.024023 -0.04625 0.0043126 0.076974 0.0052441 -0.22573 0.1291 0.4256 0.28522 0.40243 0.013147 0.4036 0.044852 0.0025365 0.0021582 0.017267 0.0083854 -0.0031277 -0.00035473 0.0073483 0.00059362 -0.024645 0.0086216 0.097218 0.020405 0.04197 0.00011716 0.06071 0.0047102 0.0022102 -0.00024811 0.0034125 0.00053854
-0.0023123 0.00046776 0.0030256 0.00079305 -0.019934 -0.015264 0.059324 0.026927 0.045773 -0.0045592 0.059388 0.01004 0.00025329 -0.00037326 0.00077328 0.0005153 -0.011096 -0.0014443 0.021515 0.0039452 -0.19899 -0.022342 0.3866 0.15647 0.36326 -0.05508 0.4631 0.088128 0.0083408 0.0013604 0.011311 0.0029113 -0.020286 -0.005211 0.037583 0.043039 -0.094047 0.022036 0.31911 0.18464 0.28079 0.051653 0.40631 0.12233 0.0086655 -0.0022576 0.012091 0.0029553 -0.00027832 0.00019913 0.0051308 0.0011998 -0.015549 -0.0011554 0.056733 0.024214 0.031522 -0.0055395 0.036718 0.0093362 -0.00033763 9.7868e-05 0.0029456 0.0011503
-0.006918 0.0045855 0.0090871 0.0048044 0.04445 0.018007 0.058772 0.022843 -0.0053823 0.0032634 0.086386 0.017831 0.0027312 0.00054702 0.0042365 0.00095285 -0.016704 -0.020168 0.029782 0.042812 0.085743 -0.0037384 0.60344 0.16142 0.072007 0.021172 0.41589 0.083131 0.022752 0.0030708 0.049688 0.01026 -0.079825 0.032445 0.084194 0.038317 0.085963 -0.11066 0.17968 0.138 0.1759 -0.14527 0.46289 0.17252 -0.0072139 -0.00044584 0.0627 0.015759 -0.0035775 0.0030351 0.0073178 0.003549 -0.032978 0.0094534 0.043251 0.013313 0.044273 -0.00010566 0.057272 0.008526 -0.0051067 -0.0014601 0.0147 0.0028909
-0.0013192 -0.0015742 0.0018252 0.0037076 -0.0061563 -0.019556 0.045885 0.023036 0.0068851 -0.027509 0.021938 0.032123 -0.0044681 -0.0066567 0.0085093 0.0088276 -0.066892 0.0011738 0.067132 0.022596 -0.12642 -0.091247 0.24858 0.14201 0.22619 -0.032097 0.47168 0.19653 -0.0099339 0.012611 0.064356 0.012929 -0.037825 -0.0058111 0.048481 0.016286 -0.23356 -0.052857 0.31762 0.14193 0.34619 0.043259 0.48448 0.077401 0.0052293 0.019479 0.026066 0.020749 -0.00071028 -0.0047613 0.005115 0.0060306 0.007304 0.0065424 0.10457 0.023002 0.029273 0.0091837 0.040409 0.012115 -0.00091296 -2.6904e-05 0.0030528 0.0015207
-0.0012243 -0.00034304 0.0032141 0.00060927 0.021718 0.0050802 0.081879 0.0092796 -0.0084242 -0.0045386 0.044477 0.011751 0.0061964 0.0013262 0.0066766 0.0016631 -0.015236 -0.0031126 0.022965 0.0052466 0.15778 0.033098 0.48972 0.061328 -0.024445 -0.011441 0.29263 0.064596 0.013081 0.0018095 0.029925 0.0043409 -0.0077666 0.00038844 0.013461 0.0064617 -0.037049 -0.10061 0.61694 0.11036 0.1586 -0.12125 0.34743 0.22503 0.022986 0.0016134 0.035958 0.0052729 -0.0036369 -0.00077888 0.0042375 0.0010684 -0.017992 0.0026031 0.057738 0.018479 0.049174 0.0022855 0.062565 0.018068 0.0036623 0.00015901 0.0077804 0.00085346
-0.0074393 0.0029661 0.0079202 0.0032968 0.0055173 0.0068149 0.052655 0.010619 0.036185 0.0066226 0.064912 0.0072978 -0.0014904 -0.00056964 0.0064718 0.0018062 -0.033622 -0.0034919 0.036813 0.02275 0.0086137 -0.138 0.2501 0.16314 0.28399 -0.027372 0.51276 0.077948 0.016053 0.003049 0.066355 0.010723 -0.081006 0.02675 0.086145 0.02812 -0.044878 0.0019793 0.065475 0.028333 0.36795 -0.0081468 0.58792 0.06166 0.030454 0.0039953 0.0713 0.011217 -0.0090067 0.00070188 0.010744 0.001801 -0.019254 0.0064377 0.020491 0.0089151 0.056987 0.0013544 0.08117 0.0090848 0.00076217 0.00042566 0.0082588 0.0014826
-0.00069722 -0.0036636 0.00075012 0.0045238 -0.0033558 -0.022159 0.0045245 0.022326 0.074564 -0.0075473 0.077029 0.008942 0 0 0 0 -0.0047925 0.011106 0.0050446 0.017397 -0.026685 0.03006 0.035639 0.11778 0.45154 0.017783 0.52109 0.029022 0 0 0 0 -0.0048966 0.0030571 0.0064084 0.021489 -0.056464 0.042994 0.070876 0.16762 0.4364 -0.0037682 0.49806 0.050185 0 0 0 0 -0.00089119 0.0072739 0.0010405 0.0072739 -0.013573 0.048192 0.014948 0.048192 0.059814 0.020551 0.064574 0.02091 0 0 0 0
-0.00010765 6.8663e-05 0.0027377 0.00075191 -0.045125 -0.0034166 0.059843 0.0064837 0.043115 0.0071859 0.046302 0.010097 0.0038554 0.00055017 0.0062654 0.00075307 0.0031129 0.0014234 0.0084628 0.0037904 -0.32034 -0.065414 0.34402 0.14508 0.34812 -0.028752 0.44557 0.13942 0.030277 0.0028639 0.052058 0.0040419 0.0060022 0.0020296 0.03616 0.0045495 -0.13379 -0.070318 0.3621 0.2601 0.21425 0.060531 0.2887 0.17164 0.032709 -0.00094887 0.057259 0.0090965 -0.0020304 -0.0003713 0.0044995 0.00062706 0.0095969 0.019232 0.080294 0.037916 0.025791 0.0051759 0.034215 0.0063782 -0.001625 -0.00015949 0.0040108 0.00060529
-0.0020223 0.0029888 0.0023061 0.0030188 -0.00041239 0.0099244 0.043796 0.025028 0.030931 0.0023942 0.058872 0.0074891 0.0041192 0.00028427 0.0067769 0.00095421 -0.012051 0.0158 0.02042 0.020159 -0.078681 -0.056108 0.32298 0.16609 0.2551 -0.032756 0.51254 0.065142 0.0032272 -0.00010136 0.028388 0.0064103 0.0012862 -0.00055872 0.01514 0.0073269 -0.27172 0.080737 0.31182 0.084592 0.35996 -0.013545 0.43172 0.043278 -0.016211 -0.0070517 0.041715 0.010455 0.00069401 0.00031267 0.0026054 0.0010502 -0.048493 0.0060436 0.051479 0.012184 0.049288 0.0021687 0.058931 0.0067498 -0.0014121 -0.0010645 0.0051404 0.0014717
0.0048215 0.0014747 0.0091249 0.0025096 -0.022368 -0.010099 0.058998 0.017258 0.02285 0.002007 0.034918 0.010902 -0.0057916 -0.0020332 0.0062217 0.0021217 -0.036106 -0.015727 0.078777 0.026779 -0.1729 -0.066979 0.38519 0.12628 0.24935 -0.086435 0.44214 0.16204 -0.017204 -0.0085418 0.024631 0.010535 -0.037458 -0.01581 0.080802 0.026055 -0.082281 0.15108 0.30527 0.19611 0.12977 0.10773 0.48005 0.24004 0.0071002 0.00034678 0.010444 0.0048209 0.00074035 0.00052887 0.0098874 0.0032902 0.011045 0.00051662 0.05129 0.017984 -0.021985 -0.011317 0.05564 0.015027 8.5643e-05 -9.3056e-05 0.00039267 0.0012347
6.0257e-05 -0.0013901 0.00011624 0.0020185 -6.3516e-05 -0.010376 0.0013761 0.020623 0.064919 -0.0034995 0.064919 0.0061911 0 0 0 0 -0.00065048 -0.002143 0.0015469 0.0065099 -0.0050056 -0.031796 0.012117 0.046998 0.48292 -0.0099715 0.48292 0.017359 0 0 0 0 -0.0014535 0.00094298 0.0025581 0.01729 0.0026284 0.018637 0.018914 0.11817 0.4961 0.010356 0.4961 0.068869 0 0 0 0 -5.7047e-05 0.0013421 0.00050147 0.0016182 0.00039105 0.01073 0.0029544 0.011558 0.064704 0.0035725 0.064704 0.0038609 0 0 0 0
-0.0013773 0.00025459 0.0028514 0.00067747 -0.031086 0.004173 0.059875 0.018606 0.037195 -0.0095675 0.069263 0.037849 -0.00019168 -0.0001006 0.006314 0.001314 -0.030919 -0.028553 0.061314 0.034753 -0.13849 -0.033641 0.28998 0.1984 0.14902 0.023487 0.46986 0.20263 0.023444 -0.0051217 0.051071 0.010449 -0.011859 0.036343 0.037928 0.044875 -0.28672 0.1442 0.33596 0.1707 0.25729 0.022475 0.4223 0.19329 0.017241 -0.0053467 0.056055 0.0092999 -0.0041807 0.0013143 0.0059198 0.0015571 -0.022308 0.022814 0.053317 0.044178 -0.026098 -0.027812 0.067328 0.032524 0.0070793 -0.0024368 0.009854 0.0027879
-5.7216e-06 0.00031635 0.00017752 0.00088881 -0.0010886 -0.0021361 0.0016972 0.0054694 0.073387 -0.0011962 0.073387 0.0023535 0 0 0 0 -0.00013063 -0.0044863 0.001627 0.012907 0.00031251 0.0083676 0.02119 0.10536 0.50965 -0.011246 0.50965 0.084427 0 0 0 0 -0.0012538 0.011579 0.0025011 0.012132 0.004591 0.047103 0.015158 0.061532 0.46586 -0.0026882 0.46586 0.037127 0 0 0 0 -9.1997e-05 -0.0018901 0.00048052 0.0032676 -0.00020795 -0.0096034 0.004079 0.01854 0.063426 -0.0058388 0.063609 0.0089308 0 0 0 0
-0.0054789 -0.0012573 0.011791 0.0064012 -0.019513 0.022047 0.040021 0.025462 0.067455 0.01286 0.069193 0.016591 -0.00018579 0.00071203 0.0024047 0.0014855 0.0094381 0.0040284 0.060424 0.040004 0.041298 0.012206 0.54507 0.23806 0.21953 0.1409 0.32638 0.25283 0.0084824 -0.014354 0.031679 0.026145 -0.033829 -0.021779 0.057238 0.05703 0.28397 -0.018286 0.42273 0.095231 0.1047 -0.040873 0.25223 0.11341 0.049723 0.013652 0.051914 0.024347 -0.014627 0.0086595 0.015313 0.0088366 0.011631 -0.0052361 0.074412 0.014082 0.048084 -0.017765 0.062902 0.017882 0.0017974 -0.0034972 0.0055482 0.0056303
-0.0020128 -3.4669e-05 0.0022744 0.00031728 0.029361 -0.0001941 0.076435 0.0048816 -0.0079253 -0.00086696 0.036421 0.0027992 0.0056211 0.00060476 0.0058662 0.00085758 -0.01289 -0.00089748 0.013413 0.004024 0.20885 0.024219 0.48965 0.078336 -0.096466 -0.029802 0.18218 0.042132 0.056084 0.0088696 0.062256 0.0096644 0.0010114 0.001866 0.015568 0.0054294 0.19697 -0.032918 0.52582 0.084817 -0.19887 -0.24264 0.35263 0.2883 0.061474 0.0069282 0.072634 0.0091597 -0.0043717 -0.00047189 0.0050091 0.00063379 0.0049092 -0.015222 0.065304 0.022244 0.0071362 0.011731 0.0648 0.024639 0.00093297 0.00035458 0.0046672 0.00068225
-5.0118e-05 -0.00051918 0.0003154 0.0053099 0.001112 0.0054832 0.019363 0.03745 0.083258 -0.00071857 0.083273 0.016021 0 0 0 0 -0.0006131 0.0067393 0.0013291 0.012774 0.0011912 0.046031 0.018289 0.089085 0.50024 0.014251 0.50024 0.020163 0 0 0 0 0.0010645 -1.4575e-05 0.0030929 0.013851 -0.0034933 0.0070126 0.015259 0.14072 0.46716 -0.046936 0.46716 0.056451 0 0 0 0 -2.2933e-05 -0.00092409 6.3477e-05 0.0013085 -0.00019447 -0.0081011 0.0016964 0.010054 0.070367 -0.0026906 0.07096 0.0033202 0 0 0 0
-0.0012237 -0.0044212 0.0023315 0.0052919 0.011376 0.0094688 0.041571 0.03657 0.034038 0.023098 0.071413 0.027631 0.0016105 -0.00045618 0.00262 0.00059601 -0.040784 0.0090971 0.041032 0.010809 0.34563 0.099545 0.37749 0.15955 0.059638 -0.02149 0.35837 0.061056 -0.0098182 -0.00020234 0.019285 0.0040597 -0.041301 0.015971 0.052164 0.017444 0.14416 -0.12065 0.29044 0.39663 0.19676 -0.044538 0.4564 0.089808 -0.014189 0.0032984 0.020591 0.004787 -0.0076963 0.00088232 0.010383 0.0036314 -0.013919 -0.00084655 0.023727 0.00483 0.059578 -0.012291 0.082834 0.017764 -0.0023528 0.00026007 0.0030329 0.00051691
-0.0098041 -0.0012857 0.010286 0.0013123 0.029006 0.0059285 0.036208 0.025265 0.02793 0.012935 0.050879 0.028206 0.0052322 0.00027521 0.010871 0.00058627 -0.070899 0.00073759 0.091684 0.012295 0.3923 0.10147 0.42279 0.12067 0.016677 0.045045 0.20314 0.10791 0.031036 0.00091828 0.07428 0.0041311 -0.0562 0.01073 0.073406 0.039432 0.27925 -0.094463 0.41763 0.25967 0.084772 -0.051473 0.4299 0.12578 0.020411 0.00060103 0.066099 0.0011013 -0.0084901 -0.0034078 0.010574 0.0039037 0.030717 0.0058709 0.034796 0.013204 0.023406 -0.020637 0.032392 0.028488 0.0019557 -0.00045467 0.0071218 0.00075125
-0.00047197 -0.0015979 0.00047718 0.0018982 0.066965 0.0018135 0.077037 0.0075358 0.00087063 3.7551e-05 0.00087063 0.00028677 0 0 0 0 -0.0072268 0.013367 0.0072268 0.013367 0.43599 0.029933 0.51425 0.033986 0.0054987 0.00046077 0.0054987 0.0026454 0 0 0 0 -0.0077594 -0.0091404 0.0083163 0.019591 0.46821 -0.060379 0.54195 0.077996 0.0042054 -0.00026302 0.0042054 0.0019216 0 0 0 0 -0.0027017 0.0050724 0.0028571 0.0050724 0.055427 0.027518 0.066658 0.027518 0.00084926 -0.00010217 0.00084926 0.00032877 0 0 0 0
-0.002197 0.00058729 0.0027316 0.0011238 -0.011791 0.0038042 0.094385 0.011185 0.018194 0.013713 0.036385 0.046011 0.0035445 -0.0011613 0.0050698 0.0012228 -0.0059378 -0.00089015 0.018314 0.0031416 -0.098825 0.00014526 0.59777 0.025161 0.13463 0.00088896 0.38992 0.10568 0.019053 0.00084301 0.027325 0.0020481 -0.0059768 -0.0022591 0.029069 0.0048703 -0.069139 -0.10504 0.3051 0.38498 0.15782 -0.049009 0.34938 0.13988 0.014298 -0.0016345 0.030976 0.0032595 -0.0018024 -0.0005047 0.0054558 0.00089316 -0.015466 -0.00030185 0.030392 0.0028911 0.045767 0.027561 0.054042 0.032691 0.0039608 -0.00031945 0.0055933 0.00064676
-0.0052146 -0.00024192 0.0059275 0.0010773 0.031568 0.011339 0.038478 0.025811 0.023734 0.0039715 0.036561 0.012272 0.0044019 0.00028817 0.01161 0.0004975 -0.025972 0.0032917 0.058778 0.0075132 0.32496 0.10442 0.40296 0.119 0.053652 0.018032 0.22276 0.087832 0.0070303 -0.00058103 0.053329 0.0037189 -0.04007 0.0034156 0.074845 0.059455 0.40433 -0.10854 0.48641 0.20582 -0.024893 0.0083907 0.39103 0.079444 -0.011889 9.6256e-05 0.039297 0.0031709 -0.0051424 -0.0010354 0.0061729 0.0026858 0.027668 0.0034627 0.031624 0.0093244 0.035338 -0.025698 0.049731 0.028228 -0.0048308 -0.00032335 0.006018 0.00039303
-0.0050179 0.0026087 0.0056323 0.0042003 -0.029957 -0.0018705 0.034886 0.016768 0.041643 0.015765 0.06466 0.023609 0.00091453 -0.00059163 0.0028987 0.00060981 -0.024346 -0.00044051 0.029858 0.0051485 -0.25933 -0.0053633 0.37312 0.18103 0.29921 -0.014134 0.46837 0.12692 0.0014536 0.0010485 0.010368 0.0028507 -0.018516 -0.00041043 0.026845 0.0051358 -0.2525 -0.01918 0.28094 0.079866 0.32093 0.0059146 0.40278 0.038284 0.0010332 -0.00083893 0.016186 0.0040578 -0.0010289 8.2434e-05 0.0031868 0.00051499 -0.012248 0.014911 0.051067 0.036821 0.024255 0.023183 0.033121 0.024144 -9.509e-05 -0.00013279 0.0019783 0.00049803
-0.0053565 0.00096994 0.011839 0.0020725 0.02494 -0.0045613 0.062296 0.0091781 -0.026198 0.0059831 0.034812 0.0088436 -0.0003415 -0.0019066 0.00044537 0.0025608 -0.038411 0.0016265 0.10579 0.02123 0.22409 0.00086135 0.49176 0.39083 -0.09487 0.079139 0.28796 0.10611 -1.0385e-05 0.0019707 0.0017603 0.0057741 0.041511 -0.016254 0.059796 0.018953 0.1557 -0.055374 0.52278 0.099157 -0.038245 -0.0040054 0.30246 0.084277 -0.0023815 -5.6431e-05 0.0029036 0.0044778 0.0086683 -0.0026255 0.0099649 0.0030123 0.0088384 0.00075921 0.079562 0.015509 0.01354 -0.0062984 0.046407 0.011236 0.00025085 0.00035186 0.00099547 0.0010472
-0.00030187 0.00055247 0.0003206 0.00077223 -0.00082267 0.0034973 0.0022402 0.0063807 0.067428 0.0096504 0.067701 0.010939 0 0 0 0 0.00069012 -0.006006 0.0011095 0.017113 0.0013827 -0.030666 0.016581 0.083664 0.46977 -0.012577 0.46977 0.049116 0 0 0 0 -0.00034465 -0.0017417 0.001609 0.0066088 -0.0024256 -0.030494 0.016709 0.036185 0.50387 0.0016431 0.51777 0.026753 0 0 0 0 -0.00011331 0.0010156 0.0002938 0.0030404 0.0010663 0.0082042 0.0041596 0.023528 0.076758 0.0097137 0.076758 0.017916 0 0 0 0
-0.0042813 0.00025347 0.0046238 0.0012412 -0.027604 0.0097664 0.064415 0.026791 0.035267 -0.0072436 0.073238 0.03152 0.0050986 -0.0017356 0.0071517 0.0018265 -0.0089075 -0.0014041 0.015821 0.0036126 -0.16702 -0.018258 0.54591 0.059978 0.17978 0.037155 0.39745 0.15052 0.023201 0.0022118 0.032474 0.0050678 -0.0063323 -0.0032432 0.027416 0.0041918 -0.060555 -0.040243 0.3933 0.27846 0.12354 -0.00021356 0.39079 0.16132 0.015757 -0.0002415 0.030111 0.0027164 -0.0058148 -0.0010055 0.0066517 0.0013545 0.0027785 -0.0098337 0.039086 0.010756 0.034817 -0.011643 0.043705 0.041757 0.0024825 -2.6618e-05 0.0041852 0.0004533
-0.0051208 0.0013669 0.009656 0.0037464 -0.012343 -0.015329 0.056272 0.025624 0.041819 -0.019356 0.043843 0.024689 -0.0012579 -0.0036551 0.0051163 0.0066199 -0.042496 -0.049282 0.085596 0.066227 0.013819 0.06036 0.45813 0.25944 0.19402 0.10247 0.24984 0.14676 -0.020334 0.02025 0.082439 0.028635 -0.13216 0.040667 0.14371 0.044527 0.16496 -0.07154 0.3116 0.19381 0.16585 -0.27212 0.37823 0.28294 0.01241 0.0085662 0.041625 0.015201 -0.0062974 0.0030784 0.011277 0.0041822 -0.013498 0.044598 0.073988 0.056431 0.0030011 0.01101 0.068704 0.042304 0.0077831 -0.0017097 0.0080519 0.0019681
0.0019157 0.0012311 0.0048726 0.0017518 -0.015496 -0.0023422 0.039404 0.010377 0.023707 0.016399 0.031461 0.027244 0.011299 6.0547e-05 0.011379 0.0031362 0.044827 0.0058163 0.056889 0.0081925 -0.12284 -0.11217 0.1566 0.12883 0.30274 -0.043175 0.33766 0.17171 0.032491 -0.0028669 0.033778 0.023839 -0.0062024 -0.0078436 0.050561 0.013909 -0.11749 -0.08899 0.24906 0.14818 0.51202 0.10888 0.51202 0.15195 -0.0017677 0.011804 0.0034885 0.018755 -0.00030569 -0.00052334 0.0063997 0.001145 0.0075692 0.00080739 0.048931 0.011152 0.071252 0.0069797 0.071275 0.011561 0.00013048 -0.00086854 0.00027309 0.002205
-0.0020089 0.00046542 0.0024068 0.0015718 0.00086843 -0.004086 0.010971 0.0090701 0.055198 -0.0066425 0.07667 0.012719 -6.9539e-05 0.0030397 0.0049242 0.0031756 -0.012678 0.005155 0.024693 0.01076 0.18024 0.17176 0.28411 0.28645 0.19983 0.1079 0.44739 0.30401 -0.020644 -0.00049151 0.036581 0.011675 -0.025601 0.018698 0.026795 0.022366 0.34052 -0.022179 0.45603 0.1304 -0.065147 -0.011545 0.21023 0.10891 -0.012929 -0.00054979 0.033768 0.029106 -0.0067419 -0.0051401 0.0078704 0.0075413 0.041869 0.0035675 0.04833 0.0396 0.0051422 -0.02745 0.063686 0.042974 -0.002651 0.001106 0.0087534 0.0043666
-0.002148 -0.0027191 0.0047887 0.0038875 0.053831 -0.048315 0.068923 0.051732 -0.0020833 0.0014096 0.02355 0.02734 0.0070654 -0.00074107 0.0070758 0.0014644 -0.033562 0.066251 0.043636 0.073562 0.024677 -0.023966 0.14532 0.11196 0.31784 -0.10329 0.3355 0.19078 0.053478 0.010431 0.054509 0.022301 0.0011224 -0.0085964 0.021646 0.013492 -0.23627 0.34526 0.24357 0.4577 0.27813 0.12193 0.29524 0.1677 0.081934 0.031174 0.084016 0.039183 0.0017658 0.0011817 0.0026755 0.0017663 -0.014249 0.00030405 0.018155 0.011449 0.028889 0.0021607 0.031794 0.0091002 0.0072882 -0.0033062 0.0072932 0.0059811
-0.0048055 -0.0020637 0.0053434 0.0023411 0.042134 -0.0042971 0.052125 0.021971 -0.00064245 -0.0064929 0.0070604 0.013135 -0.00048924 0.00078102 0.0016196 0.0025483 -0.0059299 0.017669 0.040755 0.023661 0.28508 0.046273 0.45144 0.13399 0.059694 0.1867 0.10553 0.2123 0.013855 0.023373 0.017107 0.026315 -0.032153 -0.0061495 0.051851 0.019278 0.4739 -0.024543 0.56568 0.114 0.00712 0.0054333 0.045829 0.10354 -0.0059707 -0.0019304 0.011012 0.017919 -0.0049023 -0.0012759 0.0053244 0.0038526 0.063689 -0.011622 0.070119 0.02293 0.012632 -0.024094 0.032223 0.05691 -0.0047465 -0.006989 0.0054523 0.0084949
0.00085281 -0.0038856 0.0037649 0.0052263 0.043918 -0.016251 0.044668 0.016954 0.050984 -0.0092191 0.051069 0.013259 0.00017756 4.9415e-05 0.0003015 0.00072622 0.041148 -0.0011854 0.044996 0.032478 0.40671 0.056527 0.40671 0.11422 0.30547 0.020364 0.30695 0.088971 2.5081e-05 -0.00043876 0.0021158 0.0029374 -0.0054849 0.020452 0.010255 0.037767 0.34434 -0.068078 0.34434 0.14152 0.273 -0.072155 0.2739 0.12117 0.01421 -0.0044612 0.014442 0.0090423 -0.00091751 0.00063007 0.0014319 0.0011294 0.059996 0.0048059 0.059996 0.015837 0.020338 7.202e-06 0.022238 0.0085401 0.0067768 -0.00093516 0.0068922 0.0010902
