-0.0012679 -0.00035994 0.0033695 0.0015017 0.014865 -0.0062573 0.029737 0.0090288 0.01084 -0.0063449 0.035301 0.010293 0.00083112 -0.0022677 0.0078106 0.0048708 -0.029646 0.0036413 0.04308 0.015768 0.25066 0.13003 0.28558 0.1708 -0.06069 0.11422 0.38225 0.14797 0.021146 -0.003971 0.047326 0.047763 -0.029802 0.0036085 0.032248 0.010072 0.32398 -0.06668 0.40394 0.090286 -0.13458 -0.015716 0.5417 0.088817 0.0064442 0.0047856 0.040271 0.027295 0.00082597 0.0003228 0.0013718 0.00082278 0.022254 -0.0041321 0.055125 0.010985 0.0030305 -0.0046939 0.069674 0.021822 -0.0010617 -0.00081409 0.0061758 0.0030632
0.0008659 0.0026844 0.0017757 0.007672 -0.014378 0.059397 0.015042 0.059506 0.024371 0.031308 0.053956 0.03229 -7.1912e-07 2.6761e-06 2.6761e-06 2.6761e-06 0.003309 -0.02452 0.019754 0.030637 0.15635 -0.070964 0.22425 0.32858 0.095262 -0.010733 0.45079 0.22902 0.00048886 0.00011957 0.00048886 0.00039628 0.0045697 0.0075699 0.014667 0.031323 0.099842 -0.17136 0.13268 0.32794 0.20142 -0.13686 0.51356 0.19345 0 0 0 0 0.0032411 -0.0012015 0.0034417 0.001831 -0.017056 -0.0040987 0.021078 0.023354 0.046833 0.0052805 0.049841 0.010208 0 0 0 0
-0.0012143 -0.00062962 0.0022228 0.00075931 0.018058 -0.010207 0.022843 0.011069 0.062726 -0.0016933 0.062726 0.0046538 0 0 0 0 0.0026913 -0.00025702 0.0052775 0.043393 0.031124 -0.031015 0.051 0.24266 0.43168 -0.021539 0.43869 0.084441 0 0 0 0 0.0014713 -6.2009e-05 0.0033348 0.033117 -0.032135 0.0040707 0.061512 0.19986 0.48878 0.0035614 0.48944 0.054316 0 0 0 0 -1.3438e-05 0.0010096 0.00027366 0.0014349 0.0014691 0.0047819 0.0020837 0.0067193 0.076938 0.0014272 0.077404 0.0020211 0 0 0 0
0.0005172 -0.0011172 0.0039872 0.0038816 -0.0083044 -0.010434 0.0096272 0.01388 0.060595 0.0010626 0.060687 0.0076992 5.1593e-05 -1.1542e-05 5.1593e-05 1.1542e-05 -0.0013101 0.0077705 0.014319 0.011239 -0.079415 -0.058867 0.19024 0.26816 0.40744 -0.0040449 0.4458 0.091994 0.00013773 4.6208e-05 0.00013773 0.00013773 0.010708 -0.020771 0.012713 0.020771 -0.10122 -0.0056207 0.15269 0.098848 0.4702 0.034656 0.4702 0.047758 0 0 0 0 2.9823e-05 -0.00053975 0.00033336 0.0009881 0.0060036 -0.0016224 0.0090239 0.0064709 0.071429 0.005946 0.071429 0.0061119 0 0 0 0
0.00022769 0.0050163 0.0006321 0.0052596 0.0049982 0.025013 0.015839 0.031642 0.059507 -0.002106 0.074574 0.010351 0 0 0 0 0.00027362 -0.00040453 0.0060013 0.035131 0.013087 -0.10866 0.056624 0.24661 0.43383 -0.025974 0.45988 0.11454 0.00018598 8.5332e-06 0.00018598 0.00018598 -0.00069471 -0.0080218 0.003906 0.017881 -0.01314 0.036805 0.13498 0.18925 0.45642 0.057213 0.4566 0.098161 3.8826e-05 -3.8826e-05 3.8826e-05 3.8826e-05 0.00017485 -0.00020374 0.0003173 0.0011733 0.0016628 0.0015368 0.002365 0.004015 0.078377 -0.00066468 0.078821 0.0020942 0.00010247 0 0.00010247 0
0.0011655 0.0020495 0.0057008 0.0023308 -0.0021995 0.0040611 0.023149 0.0093527 0.045029 0.025209 0.045149 0.025514 -0.0048788 -0.00046441 0.0048788 0.00066803 0.017218 0.013101 0.044461 0.013948 -0.055236 0.19354 0.23599 0.37513 0.22097 -0.033851 0.37862 0.21779 -0.038052 -0.021473 0.038323 0.02278 0.018962 -0.00072867 0.020133 0.038537 -0.18341 -0.12033 0.22163 0.35654 0.18004 -0.0040442 0.4386 0.22451 -0.027451 -0.0057951 0.030124 0.0079064 0.0045021 0.00016547 0.0071803 0.0044694 -0.010538 0.024858 0.039683 0.036574 0.018459 -0.016442 0.032596 0.025768 -0.0036041 -0.0022704 0.004412 0.0025356
-1.9165e-05 0.0027254 0.0010051 0.0037626 -0.0082714 0.012859 0.0095602 0.018076 0.068425 -0.00023352 0.068451 0.0010526 0 0 0 0 -0.019054 -0.017182 0.027594 0.038239 -0.061574 -0.063579 0.07191 0.14408 0.46248 -0.051812 0.46286 0.073572 8.3425e-05 -8.3425e-05 8.3425e-05 8.3425e-05 -0.0030461 0.020559 0.028712 0.022264 -0.040739 0.066848 0.1745 0.23312 0.42487 0.0087421 0.47112 0.095566 0.0003824 6.3337e-05 0.0003824 6.3337e-05 0.0009558 -0.00080749 0.0014717 0.00091632 -0.020356 -0.016483 0.028336 0.027913 0.070776 -0.001546 0.073729 0.0033806 0 0 0 0
-0.00078727 0.0029887 0.00086868 0.0030428 1.6015e-05 -0.00011671 0.0029039 0.0061396 0.063217 -0.0013503 0.063286 0.0022556 0 0 0 0 -0.0029326 -0.023318 0.012111 0.053762 -0.13272 -0.049782 0.15057 0.24472 0.43344 -0.0068341 0.43454 0.047411 0 0 0 0 0.0039998 0.021848 0.024749 0.033968 -0.079285 0.066559 0.24089 0.15702 0.41121 0.0023984 0.47018 0.094741 0 0 0 0 0.0024603 -0.005545 0.0024684 0.0055829 -0.019712 -0.008164 0.033719 0.025158 0.068841 0.00018649 0.069507 0.0044067 0 0 0 0
-0.0025613 0.00079321 0.0063672 0.00087976 -3.0388e-05 -0.0045338 0.021882 0.0050914 0.066691 -0.0012379 0.066691 0.0037012 0 0 0 0 -0.0018941 0.00062757 0.0075438 0.035743 0.0097249 -0.047815 0.031737 0.26996 0.41023 -0.01414 0.42416 0.078299 0 0 0 0 0.0014863 -0.0054415 0.013451 0.05564 -0.069999 0.12999 0.16267 0.31341 0.4236 0.034739 0.46115 0.04027 0 0 0 0 0.00027226 0.0011828 0.00084228 0.0033034 -0.0027228 -0.023481 0.040619 0.040571 0.069743 -0.0042963 0.069743 0.0070741 0 0 0 0
0.00058077 -0.0031688 0.0024001 0.0077698 -0.013631 -0.016539 0.02138 0.02236 0.05884 -0.002953 0.059509 0.0044049 0 0 0 0 0.0097454 0.0078901 0.017459 0.019714 -0.12046 -0.021367 0.22239 0.16086 0.40593 -0.0018232 0.44061 0.099862 0 0 0 0 0.021108 -0.031811 0.021206 0.032167 -0.10792 -0.073463 0.16975 0.15741 0.46727 -0.0012618 0.47832 0.0262 0 0 0 0 -0.00071103 0.001952 0.0012835 0.00203 0.0038103 0.0073121 0.0061376 0.0098916 0.069492 0.0076809 0.069498 0.010084 0 0 0 0
0.00061273 -0.00015082 0.0012121 0.0059211 0.0031159 -0.010953 0.0045737 0.03169 0.057626 -0.0071401 0.061275 0.013499 0 0 0 0 0.0012735 -0.013898 0.0026665 0.024347 -0.019428 -0.083587 0.045345 0.17754 0.46421 -0.01245 0.46569 0.082279 0 0 0 0 -0.0019306 0.012116 0.0037368 0.012136 0.0044655 0.040871 0.018101 0.076522 0.49222 0.036436 0.49368 0.047022 0 0 0 0 -0.00059577 0.0035764 0.0015719 0.0072943 -0.021005 0.016051 0.021393 0.032936 0.072215 0.0017688 0.072215 0.0028812 0 0 0 0
-0.00094731 2.4008e-05 0.0013787 0.00066813 0.034168 -0.013608 0.042206 0.017334 0.016916 0.02112 0.036069 0.02178 -0.0041194 0.0063532 0.0087775 0.0093365 -0.016279 0.0018285 0.016551 0.0081912 0.40803 0.041191 0.4089 0.11879 0.030957 -0.067471 0.13695 0.16049 -0.053535 -0.012205 0.065644 0.060849 -0.013225 0.0042978 0.013225 0.0056697 0.26273 -0.16763 0.27955 0.19 -0.11977 -0.30985 0.27696 0.36228 0.023365 0.006057 0.05854 0.057383 0.0015529 0.0012334 0.0019528 0.0017751 0.012678 0.053846 0.024878 0.053846 0.056515 0.12622 0.056515 0.12622 0.0064764 0.013471 0.0065084 0.013471
0.00051471 0.00030314 0.0015328 0.00041121 0.016005 0.010865 0.054712 0.016724 0.0059149 0.010986 0.072193 0.035309 0.0025421 0.00121 0.0053473 0.0033541 -0.0017843 0.0011074 0.011528 0.0034555 0.22935 0.034436 0.41044 0.076213 -0.089413 -0.050546 0.67216 0.12173 0.0027905 0.0058798 0.030957 0.040715 -0.024187 -0.0032701 0.031512 0.0057866 0.10617 -0.097247 0.24539 0.14193 0.029198 -0.11534 0.33436 0.20903 0.0036973 -0.010032 0.035345 0.076946 -0.0058482 3.1426e-05 0.0067274 0.000367 0.0017322 0.0024847 0.021684 0.0047629 0.023021 0.0076007 0.025882 0.0091198 0.0011731 -0.0018513 0.0045542 0.0081124
0.00029091 0.00010248 0.0013601 0.00014944 0.046996 0.0058806 0.055254 0.0097042 -0.028699 0.0071719 0.041411 0.064839 -0.00058481 0.00065586 0.0087574 0.0024363 0.00039711 -0.00040328 0.01028 0.0012571 0.31358 0.027236 0.43902 0.053155 -0.12962 0.10977 0.18559 0.36246 -0.022717 -0.0013528 0.084896 0.0092544 -0.00074171 0.00018008 0.0084291 0.0014689 0.27509 -0.0027273 0.44266 0.061049 -0.11361 -0.10758 0.23536 0.33665 -0.026534 -0.0029053 0.093546 0.016403 -0.00011897 -4.2403e-05 0.00099294 0.00029723 0.024854 0.00053339 0.067342 0.017154 -0.011606 -0.028478 0.043419 0.060089 0.00036967 -0.00023049 0.015554 0.0008965
-0.0011284 0.0020494 0.0066644 0.0024491 0.0028544 0.0022379 0.020416 0.0093709 0.047552 0.026459 0.048013 0.027177 -0.0024543 -0.00026845 0.0024836 0.00045999 -0.013886 0.025463 0.035537 0.02785 0.016173 0.070828 0.26125 0.36065 0.25819 -0.10234 0.2742 0.24615 -0.040549 -0.021864 0.04264 0.02272 0.012958 0.012975 0.013814 0.019573 -0.26007 0.058655 0.35406 0.18279 0.34445 0.094007 0.41939 0.13889 -0.049756 -0.0064892 0.050782 0.0097214 -0.00074892 -0.0039662 0.0035106 0.0044225 -0.010034 -0.022232 0.025036 0.062439 0.015318 -0.039529 0.045984 0.042602 -0.0021018 0.00046064 0.0067246 0.0024547
-0.00011638 -0.00012357 0.00068455 0.00016598 0.038548 0.00047721 0.041836 0.0050272 -0.022045 -0.0291 0.034524 0.056045 0.00012622 -1.2268e-05 0.0020173 0.00069052 -0.0010384 1.7147e-05 0.0048065 0.00063321 0.26931 0.024838 0.33583 0.04692 -0.16033 0.15767 0.20901 0.51989 -0.008333 0.0040067 0.03027 0.0075828 -0.0011774 0.00045359 0.0054593 0.001296 0.29771 -0.02428 0.30521 0.062189 -0.15909 -0.041058 0.17532 0.43074 0.0016899 0.001201 0.035176 0.010861 -6.3027e-05 -0.00014638 0.00080893 0.00032827 0.042982 0.00042223 0.047286 0.0040459 -0.020225 -0.021024 0.02449 0.029218 -0.00094514 -0.00070657 0.0041759 0.0013043
-0.030361 -8.2775e-05 0.030361 0.00044586 -0.0073222 -0.00014032 0.0085039 0.0035104 0.011239 0.079197 0.025333 0.079824 -0.0011495 0.0030967 0.0015731 0.0032529 -0.20482 -0.013138 0.20482 0.015723 -0.038521 -0.01987 0.076821 0.13215 0.3904 -0.019078 0.45618 0.13794 -0.022584 0.033289 0.036247 0.033544 -0.15134 0.0003847 0.15135 0.020782 0.070323 0.19864 0.17048 0.30143 0.27591 0.017399 0.37 0.23351 -0.0021737 0.0033041 0.022111 0.010071 -0.020907 -0.0036867 0.020936 0.0042709 -0.010934 -0.020915 0.047064 0.050663 0.029297 -0.00098257 0.06705 0.017668 -0.0025809 -0.0053804 0.0041707 0.0072587
-0.00085546 0.0012567 0.0060715 0.0014053 0.022861 0.0052608 0.046474 0.051097 0.026508 -0.022087 0.027818 0.027634 -0.0077104 -0.0011318 0.0077975 0.0016718 0.013624 0.02676 0.023552 0.027262 -0.15779 -0.022384 0.34557 0.24828 0.25444 -0.036183 0.55337 0.10778 -0.044302 0.0032495 0.045919 0.0094127 0.0032482 0.00077512 0.0078362 0.01511 -0.16783 0.062725 0.22915 0.30205 0.15392 -0.053036 0.31359 0.29457 -0.033079 -0.0052038 0.046564 0.011163 0.0022645 -0.0087316 0.006367 0.0090156 -0.01188 0.0046051 0.033734 0.036437 0.0022019 -0.005995 0.027521 0.013221 5.2525e-05 -0.005606 0.0045304 0.005658
5.3463e-05 -0.00023555 0.00054865 0.00024253 0.036311 0.0012754 0.050142 0.0052069 -0.020271 -0.017496 0.02888 0.073661 -0.00030267 -0.0013704 0.0052526 0.0023365 0.00077617 0.00040583 0.0044104 0.0010401 0.26936 -0.004539 0.35471 0.041626 -0.19044 0.17396 0.26123 0.38211 0.0069405 0.0030883 0.037177 0.020203 0.00087258 -2.2135e-05 0.0047954 0.0010849 0.2564 -0.0071125 0.3567 0.066456 -0.16787 -0.095538 0.2676 0.43895 6.6467e-05 -0.00058965 0.036506 0.022665 -0.00010258 6.0038e-05 0.00031903 0.00022655 0.041966 0.00050233 0.04903 0.0042215 -0.01383 -0.010579 0.023291 0.019267 0.00032582 0.00062096 0.0045583 0.0030048
-0.0043217 0.00071544 0.0045707 0.00097764 0.047799 -0.0097618 0.047799 0.010885 -0.023076 0.0049859 0.067922 0.012584 -0.001608 0.0017185 0.0080788 0.0047939 -0.039496 0.0045216 0.041289 0.0063124 0.29729 0.043462 0.29907 0.09215 -0.11961 0.0028127 0.4552 0.14026 -8.2843e-05 0.012096 0.028544 0.030148 -0.042147 0.0047111 0.044617 0.0049038 0.34807 -0.01668 0.35735 0.07087 -0.20104 -0.016906 0.49313 0.050185 0.0014929 -0.017521 0.02123 0.042797 -0.0042172 0.0010066 0.0046456 0.0010584 0.028092 -0.016765 0.036106 0.01836 -0.011578 -0.0080161 0.068165 0.023317 0.00011181 0.0025661 0.0025608 0.0064745
4.916e-05 -8.3941e-05 0.00068815 0.0002289 0.017806 -0.0021578 0.028321 0.011774 -0.0065411 0.012259 0.055756 0.020379 0.00093775 -0.00036495 0.0040098 0.00091038 -0.004476 0.00069459 0.0097877 0.0032182 0.19205 0.14407 0.31895 0.16804 -0.029507 0.12539 0.31407 0.1505 -0.025524 0.0075684 0.034156 0.016702 0.0019772 -0.0003133 0.009967 0.0036294 0.49258 -0.07267 0.5099 0.077094 -0.24697 0.089053 0.25343 0.095514 -0.028832 0.010071 0.031278 0.011412 0.0017706 -0.00070214 0.0029952 0.0012414 0.045335 -0.010414 0.05019 0.013035 0.0057474 -0.00072892 0.060928 0.01712 -0.0039651 0.00052238 0.0043087 0.0012144
-0.0020958 0.0058022 0.0037781 0.006027 0.032846 0.016198 0.046131 0.051031 0.0065745 -0.0024117 0.026998 0.024495 -0.0063941 -0.0037992 0.0063941 0.0038054 0.0038042 0.010898 0.0070962 0.017991 0.18072 0.11509 0.53192 0.32124 -0.16814 -0.068775 0.2727 0.12173 -0.017653 -0.011238 0.021852 0.012309 -0.00030818 -0.03256 0.027355 0.066599 0.20707 -0.19155 0.29623 0.2736 -0.21757 -0.12716 0.30244 0.15813 0.0050261 0.00068202 0.017822 0.003416 -0.0041157 0.0076245 0.0077667 0.013371 -0.00028039 0.04359 0.025925 0.052795 -0.01141 0.020129 0.016734 0.035734 -0.0010612 0.0021165 0.0011943 0.0023351
-7.2018e-05 0.00012592 0.0014012 0.00023312 0.04796 0.00099248 0.050756 0.005604 -0.025283 -0.02191 0.038433 0.039095 -0.0024161 -5.3658e-05 0.0065792 0.0014459 -0.00096097 -9.9846e-06 0.0077786 0.0015062 0.29704 -0.019714 0.38376 0.056659 -0.14151 0.014353 0.29026 0.42036 -0.021478 -0.00065566 0.057601 0.010553 -0.0020318 -1.9579e-05 0.0082504 0.0018352 0.31796 0.016945 0.32167 0.035614 -0.14163 -0.00072347 0.3076 0.3625 -0.028142 -0.0015008 0.066891 0.0095349 -0.00035075 0.00013684 0.0010332 0.00015621 0.038247 0.0024351 0.058524 0.0052676 -0.021379 -0.0062677 0.042618 0.040874 -0.002986 -0.00076173 0.010087 0.0016882
-2.737e-05 -3.1407e-05 4.3646e-05 5.0768e-05 -0.048903 -0.13113 0.049026 0.13113 -0.03099 -0.093654 0.057437 0.096035 -0.0076124 -6.0547e-05 0.0079101 0.0069697 -0.030799 -0.064416 0.033512 0.069297 0.089231 0.019071 0.25259 0.23582 -0.081696 0.20966 0.35793 0.23983 0.018414 0.025377 0.051624 0.059598 0.0053484 -0.0047394 0.011082 0.0056591 0.15538 -0.045777 0.40671 0.073637 0.018753 0.12533 0.53683 0.19931 0.034287 -0.038199 0.052279 0.056353 -0.00011669 -0.0001406 0.00087126 0.00046745 0.024155 -0.0029672 0.028519 0.0070473 0.02761 -0.010238 0.056189 0.023689 -0.0063439 0.0084098 0.010837 0.010164
0.001824 0.0045964 0.0022792 0.0058055 -0.038241 0.00035242 0.066509 0.011187 0.04278 -0.0055917 0.052458 0.014676 -0.0033699 -0.0010388 0.0041698 0.001254 -0.0088801 -0.021952 0.017326 0.026753 -0.23325 -0.084023 0.41349 0.12097 0.25575 -0.030484 0.32045 0.14465 -0.031291 -0.00091398 0.049572 0.0029263 0.0017848 -0.0069 0.013014 0.017841 -0.20635 0.082748 0.48249 0.11615 0.29065 0.052909 0.37018 0.11641 -0.032768 -0.0024911 0.039751 0.0058185 0.00099352 0.0056234 0.0036002 0.0067174 -0.019589 -0.0089529 0.070205 0.032498 0.027906 -0.0016277 0.051505 0.013411 -0.0052566 -0.0005705 0.0058337 0.00067676
0.0019174 0.00012105 0.0043918 0.00037351 0.064312 0.012554 0.067926 0.01305 -0.039577 -0.0019782 0.040072 0.0031625 -0.0037975 -0.00059343 0.0072882 0.00089227 0.0091069 -0.00020786 0.035559 0.004641 0.40435 0.040893 0.42831 0.066505 -0.29842 -0.032348 0.31531 0.061484 -0.019939 -0.0037964 0.037032 0.0054945 0.013517 -0.0039571 0.014867 0.0063057 0.21693 -0.054607 0.51495 0.082589 -0.17836 -0.11186 0.21451 0.12873 -0.0037017 -0.0032966 0.026052 0.0040077 0.0013256 7.1042e-05 0.0019942 0.00042879 0.020877 0.013011 0.062979 0.032111 -0.021389 0.0019701 0.032183 0.029132 -0.00066121 0.0021179 0.0045039 0.002326
-0.0049315 -0.0025628 0.0064663 0.0051612 -0.010562 -0.022773 0.014452 0.028959 0.047174 -0.0054434 0.050971 0.012565 0.00010181 -1.035e-05 0.00011907 6.0422e-05 -0.022716 0.021863 0.059131 0.034045 0.040349 0.046351 0.22945 0.26338 0.2345 0.17365 0.4371 0.28898 0.0010547 -0.0001822 0.0014849 0.00098601 0.00077162 0.0019414 0.0083568 0.0075194 -0.1175 0.0072622 0.33069 0.25778 0.25546 -0.24775 0.3287 0.26553 0.0017395 0.00037129 0.0017395 0.00067822 0.00086507 -0.00086742 0.0017386 0.0011989 -0.035396 0.019686 0.047325 0.021382 0.028136 0.005147 0.035363 0.019838 0.010832 -0.0033256 0.010832 0.0035216
-0.00026312 2.6934e-05 0.0010944 0.00015749 0.035081 0.0076237 0.073086 0.01256 -0.020741 0.041796 0.044287 0.081953 0.0010702 -0.0012194 0.012041 0.0027972 -0.0006436 0.00030076 0.0076529 0.0013022 0.28419 -0.020377 0.43446 0.11348 -0.15182 0.059353 0.29792 0.31554 -0.01483 -0.0032053 0.04747 0.0087961 -0.00065568 0.00029884 0.008923 0.0010454 0.25366 0.033956 0.47635 0.058322 -0.13252 -0.022448 0.3068 0.2558 0.00039133 0.00064566 0.023307 0.0049881 0.00012065 9.5364e-05 0.00091153 0.00027412 0.049072 0.0015324 0.059182 0.0079758 -0.029982 -0.00025613 0.029982 0.0025822 -0.00061933 -0.0003799 0.0022123 0.0027686
3.1436e-05 -0.0018724 0.0028471 0.0019364 0.021678 -0.0035041 0.075629 0.016169 -0.017564 -0.008061 0.046358 0.023034 5.7141e-05 0.00070266 0.0052035 0.002443 0.0098057 0.0005042 0.015313 0.0042736 0.30442 0.026387 0.40647 0.081143 -0.29389 0.061534 0.29999 0.11964 0.019283 0.0044603 0.029535 0.0099979 0.0094716 0.00017117 0.014496 0.0056561 0.37189 -0.0083729 0.38237 0.039905 -0.30056 0.037643 0.36493 0.071672 0.010854 0.00045488 0.027614 0.0030356 4.5689e-05 0.00074145 0.002683 0.0014066 0.059615 -0.0042571 0.060185 0.0070113 -0.044999 0.0027937 0.048164 0.0042671 0.0020125 -0.00036488 0.0027497 0.00061783
-0.0088972 -0.0025337 0.010768 0.0032903 0.040499 0.0070988 0.057797 0.026849 -0.037427 0.038842 0.038692 0.039929 -0.00099584 0.0030379 0.0010572 0.003074 -0.032305 0.017334 0.048305 0.051297 0.2667 -0.0065343 0.38731 0.19726 -0.10166 0.062442 0.17057 0.077087 -0.027083 -0.0061345 0.029433 0.040755 -0.0015892 -0.022411 0.03674 0.037444 0.13635 -0.012998 0.42674 0.21739 -0.01589 -0.28202 0.29392 0.46806 -0.047387 0.017245 0.068941 0.036188 0.0046601 0.0012675 0.0063629 0.0056967 0.019407 0.026729 0.029352 0.061297 -0.015216 0.083124 0.037037 0.096765 -0.00094366 0.006758 0.0048957 0.0068887
-0.00010885 -0.00010784 0.001227 0.00054082 0.019718 0.0030674 0.027077 0.0083956 -0.017216 0.018743 0.025913 0.020047 0.006181 -0.0016605 0.0067096 0.0017835 0.0065265 -0.0030115 0.019567 0.0063365 0.22414 0.099791 0.2567 0.14304 -0.13435 0.1343 0.35581 0.15595 0.0049807 -0.0028593 0.037723 0.01797 0.02272 -0.0069572 0.023582 0.0074946 0.45156 -0.075103 0.4872 0.08427 -0.25672 0.08318 0.32881 0.11112 -0.022511 0.0037663 0.041486 0.0096985 0.0021293 -0.0011924 0.0027963 0.0016397 0.025115 -0.0062782 0.035851 0.0095808 0.018811 -0.011417 0.085789 0.020544 -0.0032794 0.00070779 0.0043088 0.0015385
-0.00017241 -1.1621e-05 0.00072856 0.00016417 0.042883 5.6546e-07 0.053594 0.0063909 -0.026748 -0.0084703 0.042114 0.05343 -0.0015643 -0.00044996 0.0015643 0.00045904 -0.00087308 -0.00091763 0.0065968 0.0016889 0.24761 -0.02135 0.38376 0.089937 -0.13466 0.10232 0.24586 0.4361 -0.01396 -0.0017703 0.01396 0.0030801 0.0010359 0.0001672 0.0061243 0.00075634 0.24253 0.034155 0.41665 0.062796 -0.14257 -0.068156 0.22165 0.41402 -0.0071359 0.006674 0.031794 0.012193 -0.00012286 6.4957e-05 0.0010471 0.00019365 0.038815 -0.0042606 0.055789 0.010295 -0.018341 -0.018225 0.02507 0.050519 -0.0017908 -1.1951e-05 0.0092742 0.00061748
-0.0028562 6.8105e-05 0.0029964 0.00031328 0.052651 0.0037204 0.052651 0.0072349 -0.02941 -0.0045366 0.06463 0.009552 -0.0018629 -0.0023486 0.0036027 0.0062802 -0.018992 -0.0012547 0.019664 0.0019389 0.3472 -0.00047541 0.3472 0.047888 -0.22202 -0.010174 0.49024 0.068367 -0.014283 -0.0083577 0.047352 0.027996 -0.016974 0.0013173 0.018723 0.0023804 0.27818 0.027636 0.28872 0.14564 -0.15917 -0.023191 0.46172 0.10318 -0.0043737 0.010785 0.04011 0.045469 -0.001956 0.00035787 0.0030642 0.00040804 0.03005 0.0015767 0.053257 0.0052514 -0.02159 -0.0048477 0.076894 0.013602 0.0023915 0.0026984 0.0034811 0.0059321
0.0020644 -0.0033246 0.004803 0.0087954 0.056883 -0.005818 0.064149 0.0080245 -0.045747 0.013721 0.046149 0.015777 -0.00033899 0.00041172 0.0016454 0.00049025 0.0020611 0.0086685 0.017635 0.019092 0.37445 0.096482 0.39538 0.12662 -0.21707 -0.03816 0.34165 0.089327 -0.010348 0.0014709 0.014238 0.002727 0.00018217 0.021393 0.03189 0.024912 0.17317 -0.065634 0.46199 0.26814 -0.13441 0.0042061 0.36507 0.084868 -0.0047633 0.0011472 0.011347 0.0033108 0.0044125 0.00074082 0.0053321 0.0028489 -0.021286 -0.00023798 0.036275 0.049677 0.0034857 -0.037683 0.061554 0.039503 0.00032665 0.001283 0.0017458 0.0016138
0.0069014 -0.0078672 0.0069051 0.01073 0.0032284 0.0094263 0.0096669 0.025693 -0.026303 -0.01237 0.028271 0.049718 0.0045501 -0.00092739 0.0051401 0.0057913 0.017997 0.031978 0.060844 0.043398 0.067782 -0.12421 0.28827 0.37278 0.037071 -0.044338 0.33812 0.40608 0.016793 0.016139 0.03645 0.039411 -0.074374 0.070099 0.082563 0.070203 -0.12928 0.010122 0.20909 0.26841 0.2297 0.01266 0.28406 0.37562 -0.029378 -0.037642 0.03046 0.051677 -1.9565e-05 7.662e-05 1.9565e-05 7.662e-05 -0.077424 0.071065 0.077424 0.080276 -0.012463 0.0056548 0.018254 0.017704 0.00015082 0.00067835 0.0011326 0.0012118
-0.00056321 -0.001041 0.00087899 0.0021269 0.067599 -0.0026552 0.069035 0.0057994 0.00041721 -0.00018403 0.00041721 0.00039679 0 0 0 0 0.0075656 0.0064693 0.026164 0.025324 0.4181 0.10193 0.52386 0.13639 0.0021462 0.00038676 0.0026257 0.0050701 0 0 0 0 -0.014218 -0.010117 0.026893 0.028844 0.46658 -0.12275 0.49175 0.15206 0.0017032 0.0016699 0.0017032 0.0023172 0 0 0 0 -0.00077289 0.0011656 0.0033331 0.0017288 0.071706 0.0054151 0.077921 0.0093907 4.1806e-05 -1.8068e-05 4.1806e-05 4.1806e-05 0 0 0 0
0.0032346 -0.006814 0.0064937 0.011985 0.0002114 -0.027494 0.042414 0.071161 -0.046947 0.054226 0.047691 0.054664 0.0001559 -0.0003618 0.00042676 0.00050764 0.015161 -0.0067987 0.032746 0.037767 0.04492 -0.16538 0.29363 0.43433 0.073139 0.0022424 0.48833 0.26303 -0.04943 0.050394 0.049744 0.050793 -0.023579 0.020767 0.062915 0.071439 0.025102 0.086767 0.23918 0.33661 0.19363 -0.039341 0.25512 0.20415 -0.010912 -0.0093641 0.049051 0.05428 0.0019069 -0.0050913 0.0062911 0.0098436 -0.0026011 0.0029864 0.073398 0.062545 -0.0025621 -0.010598 0.034529 0.023656 0.0069376 -0.0012921 0.011571 0.0076812
0.00027014 0.00031661 0.00030101 0.00099688 -0.00075519 -0.00046013 0.0024227 0.0066783 0.069631 -0.00077841 0.069631 0.002521 -3.9747e-05 0 0.00014791 0 -0.010406 0.031615 0.013172 0.04187 -0.019267 0.010611 0.035851 0.061674 0.49545 -0.0018264 0.49545 0.010026 -1.5061e-05 5.6047e-05 5.6047e-05 5.6047e-05 -0.007041 -0.016993 0.018303 0.047738 -0.066403 0.009591 0.090148 0.12198 0.47226 0.0067826 0.47418 0.039565 3.5554e-05 -3.5554e-05 3.5554e-05 3.5554e-05 -0.0020031 0.00046803 0.0025412 0.00099576 -0.00069804 0.00217 0.0054589 0.0075723 0.071061 -0.008823 0.072675 0.011016 7.0411e-05 -6.0312e-05 7.0411e-05 0.00010737
-0.012545 -0.0015386 0.015924 0.0030464 0.028326 0.0068784 0.035498 0.019773 -0.018404 -0.008231 0.047745 0.019979 9.671e-05 7.0023e-05 0.00069559 0.00022003 -0.064352 0.0028986 0.088517 0.015914 0.099586 -0.0076637 0.2741 0.35231 -0.04786 0.018494 0.39535 0.47412 -0.00074249 -0.00036058 0.0063824 0.00088406 -0.0011944 -0.020674 0.03924 0.027357 0.069712 -0.047794 0.20939 0.19181 -0.040085 -0.040345 0.41679 0.33822 0.00048623 0.0004804 0.0046951 0.0016 0.0033614 0.00014198 0.0036619 0.00098576 0.0048859 0.0050897 0.016071 0.019222 -0.0012379 -0.006598 0.070963 0.033242 -9.7681e-05 5.9849e-05 0.0007491 0.00019466
0.0031397 -0.0019132 0.0032428 0.0020218 0.065769 -0.0085052 0.07021 0.010014 0.00068676 -8.4914e-06 0.00068676 0.00017863 0 0 0 0 0.0056956 0.015754 0.00634 0.016945 0.40858 0.073653 0.49625 0.17178 0.0048248 7.2638e-05 0.0065193 0.0018318 0 0 0 0 -0.0031387 -0.021935 0.0070724 0.032121 0.48809 -0.10786 0.50592 0.15217 0.0056019 -9.8082e-05 0.0069036 0.0012174 0 0 0 0 -0.003295 0.0027391 0.0035134 0.003755 0.068315 0.024903 0.070666 0.027741 0.0002178 5.3235e-05 0.0002178 0.00016109 0 0 0 0
-0.00103 -0.00055117 0.002464 0.0010888 0.013023 0.012914 0.036051 0.022355 0.045398 -0.0075391 0.060453 0.014946 -0.0090713 0.0032502 0.0090713 0.0033776 0.0093056 0.00013222 0.037223 0.010647 -0.0065394 0.04963 0.15325 0.24081 0.39353 0.040445 0.39679 0.12302 -0.062027 -0.0012006 0.062027 0.016496 -0.017671 -0.00036467 0.029266 0.011301 0.10567 0.071853 0.33008 0.18368 0.17651 0.075477 0.48007 0.35397 -0.019009 -0.0016477 0.052838 0.021955 -0.0050038 0.0010259 0.0057544 0.0025813 0.058938 0.0044493 0.062995 0.023106 -0.024993 -0.022989 0.037625 0.041134 0.002414 -0.006136 0.007088 0.0082902
0.00073077 -0.00027314 0.0029511 0.00085357 -0.0036236 -0.0010429 0.02072 0.0067049 0.0054174 0.03259 0.031928 0.03495 0.00079864 -0.00028956 0.0052196 0.0015226 -0.0029418 -4.527e-06 0.0068949 0.0040531 0.029037 0.0028077 0.15973 0.067282 0.16838 -0.015253 0.54946 0.21635 -0.024279 0.011076 0.034945 0.017577 -0.0028983 0.00025986 0.01359 0.0054767 0.19991 0.038266 0.29269 0.096771 0.12939 0.29178 0.47685 0.31797 -0.034018 0.017419 0.035675 0.019293 0.0017095 -0.00030138 0.0030053 0.0011871 0.013905 -0.0061916 0.020427 0.0091777 0.059476 -0.0090928 0.10106 0.028727 -0.0056556 0.0022769 0.0056556 0.0022769
0.00095569 -0.00027706 0.0022986 0.0032976 0.033423 0.0067509 0.097146 0.01619 0.0019064 0.0063495 0.11671 0.024802 -0.011614 0.00068812 0.012015 0.0026803 0.016594 0.0077906 0.025568 0.024911 0.047041 -0.023657 0.48025 0.080801 0.090847 -0.17943 0.53125 0.2377 -0.044066 -0.0020818 0.086347 0.019038 0.023323 -0.0048612 0.039796 0.04033 -0.17875 0.036165 0.31349 0.051644 0.28519 0.037664 0.30208 0.077837 -0.029779 0.014209 0.11843 0.018966 -0.0021047 -0.0047483 0.0031413 0.0070594 -0.024903 0.0023404 0.056242 0.010927 0.055579 0.00086893 0.055579 0.0087303 -0.0079984 0.0015752 0.014712 0.0017816
-0.0049408 0.0004978 0.0049408 0.0008272 -0.036167 -0.00030399 0.049648 0.0076043 0.066969 0.0028521 0.090478 0.0055855 -0.0013127 -0.00022615 0.0033238 0.00088151 -0.033297 -0.0050682 0.034157 0.0079343 -0.16116 -0.055431 0.26319 0.1475 0.40769 -0.030715 0.43721 0.092059 -0.022057 -0.009935 0.029971 0.014043 -0.036774 -0.00058001 0.037773 0.011567 -0.01704 0.04796 0.43996 0.17166 0.28144 0.075466 0.38841 0.098916 -0.038941 -0.0011093 0.057911 0.0070979 -0.0064008 -0.00035622 0.006431 0.00051154 0.016819 0.002992 0.10017 0.0065414 0.023389 0.0016664 0.049245 0.0029782 -0.004988 -3.7848e-05 0.0057899 0.0010217
0.00013838 -0.00029371 0.00022413 0.0010673 0.0012995 0.0029336 0.0017095 0.007588 0.070047 0.00039287 0.070453 0.0020321 0 0 0 0 -0.0036715 0.024182 0.0049749 0.034137 -0.010341 0.016859 0.023569 0.068495 0.48338 -0.001389 0.48444 0.013539 0 0 0 0 -0.0090832 0.002041 0.015654 0.034473 -0.11045 0.015969 0.11641 0.18907 0.46395 -0.040843 0.46602 0.081283 0 0 0 0 -0.0011271 -0.00019146 0.0064975 0.0039551 -0.00427 0.0075871 0.014176 0.01411 0.067249 0.00091142 0.070945 0.0061793 6.2847e-05 -1.8493e-05 6.2847e-05 2.4785e-05
0.00052565 0.0016503 0.00087934 0.0030876 -0.026991 0.0079851 0.048206 0.055234 0.029356 0.013728 0.095349 0.036445 -0.00050705 0.00022113 0.0066502 0.0025651 -0.015406 -0.046553 0.025048 0.055101 -0.019047 -0.20928 0.20106 0.4614 0.2475 -0.060318 0.30759 0.37846 -0.03912 -0.020655 0.045556 0.029856 0.0055757 0.020752 0.040306 0.059039 -0.056713 0.017613 0.15328 0.095171 0.26292 -0.064962 0.42344 0.25628 -0.021629 -0.013768 0.053938 0.040504 -0.0050919 0.010183 0.0073679 0.015063 -0.0037649 0.03687 0.016889 0.042644 -0.004746 0.0034079 0.037083 0.024718 0.00033313 0.00023514 0.0013283 0.00069232
0.0031924 0.0014063 0.0032279 0.0020171 -0.028002 -0.0011405 0.029139 0.008838 0.034916 0.030497 0.069996 0.033014 -0.0013869 0.00029147 0.007199 0.0054136 0.022183 0.00075339 0.025755 0.023333 -0.17608 0.0083775 0.20963 0.029241 0.27794 -0.02152 0.604 0.070876 -0.0056458 -0.0011887 0.040188 0.013494 0.016886 -0.0080383 0.028372 0.017324 -0.15473 0.021811 0.21642 0.027433 0.2414 0.020708 0.55817 0.1009 0.0022974 0.0030421 0.036133 0.018725 0.0011579 0.0027968 0.0022125 0.0039089 -0.018011 0.00091815 0.031449 0.0032181 0.024916 -0.021424 0.067151 0.023414 0.00067201 -0.00013859 0.0041791 0.0015814
-6.1471e-05 -0.0027997 0.00029664 0.0030532 -0.00022527 -0.015243 0.0028833 0.018496 0.068164 -0.0061665 0.068429 0.0071549 0 0 0 0 -0.0022704 0.012456 0.0034864 0.015985 0.004632 0.014099 0.016651 0.06068 0.46891 -0.025463 0.47284 0.047713 0 0 0 0 -0.0026468 0.017114 0.0082334 0.041429 -0.13578 0.072364 0.15075 0.244 0.45671 0.0019876 0.45832 0.038303 0 0 0 0 0.0020959 -0.0014286 0.0051302 0.0061097 -0.0094363 0.0073403 0.026939 0.023901 0.063967 0.0023373 0.071707 0.010939 0 0 0 0
0.00013157 -0.00045057 0.0017917 0.001981 -0.014124 -0.0052871 0.085343 0.0090559 0.02532 -0.0029577 0.05269 0.0087193 -0.0065789 -0.00020439 0.0069098 0.00059511 -0.0014594 0.029705 0.021462 0.037173 -0.17902 0.0064238 0.49918 0.16999 0.2261 -0.0609 0.36592 0.15424 -0.051983 0.00018108 0.057223 0.0048469 -0.022347 -0.026003 0.023793 0.034768 -0.10266 0.023333 0.48182 0.14262 0.13358 0.079739 0.35816 0.14348 -0.05026 -0.0071099 0.064789 0.0078257 0.001178 0.0034664 0.0015663 0.0051746 0.028952 0.0096265 0.086924 0.014547 -0.023209 0.010535 0.034533 0.016061 -0.0061697 -6.3906e-05 0.0096689 0.00054094
9.0736e-05 0.0015786 0.00012218 0.003419 0.00096077 0.011088 0.0020738 0.020467 0.070331 0.0051776 0.070331 0.0070619 0 0 0 0 0.0010652 -0.0027956 0.0018362 0.012213 0.0097957 -0.031147 0.019431 0.071961 0.47701 -0.012749 0.47701 0.023796 0 0 0 0 -0.0011641 -0.0017223 0.0022649 0.0082138 0.0040918 -0.021242 0.020297 0.064224 0.50533 -0.0052233 0.50533 0.024282 0 0 0 0 4.6279e-05 0.00074097 0.00034596 0.0015017 0.00077381 0.014744 0.0040354 0.017627 0.070353 0.0030967 0.070353 0.0042251 0 0 0 0
0.0017939 -0.00027949 0.0020998 0.00049321 0.042161 0.0022291 0.050968 0.0067974 -0.028849 0.0031119 0.04307 0.04161 0.0073886 0.001625 0.013966 0.0050092 0.0065323 0.0039053 0.015413 0.0047124 0.23279 -0.001859 0.42879 0.055433 -0.14529 -0.072843 0.37233 0.1946 0.039772 0.0061673 0.11333 0.011398 0.0047034 -0.0023438 0.015631 0.0035392 0.16814 0.014399 0.51784 0.11573 -0.03788 0.022562 0.30514 0.33458 -0.020484 -0.023141 0.060492 0.032812 0.0017615 0.00010084 0.001801 0.0001672 0.032263 0.0044623 0.065363 0.0091853 -0.021019 0.017926 0.042138 0.029538 -0.0053452 -0.00033582 0.0058424 0.0011458
-0.00065755 0.00011001 0.00086557 0.00029578 0.065795 0.0072128 0.066036 0.0076119 -0.022077 -0.0010133 0.023174 0.0027231 -0.0021234 -0.00018578 0.0022463 0.00023024 -0.0047161 0.00085668 0.0071869 0.0032138 0.45493 0.018372 0.46081 0.035322 -0.16902 0.014839 0.16902 0.021931 -0.017117 0.0016004 0.017117 0.0024894 -0.0066129 -0.00084016 0.010623 0.0017257 0.45737 -0.031431 0.45995 0.047959 -0.18161 -0.039037 0.18161 0.080326 -0.027342 -0.007645 0.039062 0.020705 -0.00088463 -0.00016907 0.0013081 0.00031937 0.064545 0.0049101 0.06536 0.0071262 -0.025057 -0.0059496 0.025057 0.0066074 -0.0025033 0.00021232 0.0025033 0.00059428
3.4077e-05 -2.6272e-05 0.00019989 0.00011573 0.00033836 0.00020878 0.0016834 0.00067481 0.060371 -0.00033911 0.060371 0.00033911 0 0 0 0 0.0031218 -0.0067448 0.0033183 0.0068347 -0.006364 -0.050437 0.01218 0.055119 0.46627 0.0174 0.46627 0.043554 0 0 0 0 0.0050412 -0.0020591 0.0076478 0.0069617 -0.018965 -0.012053 0.026628 0.023319 0.51755 -0.00015195 0.51755 0.0074227 0 0 0 0 0.00076091 -0.00032877 0.0010934 0.00078298 -0.001374 -0.0038386 0.002436 0.0049188 0.077766 -0.00057548 0.077766 0.003822 0 0 0 0
-0.0047526 -0.0056958 0.0058255 0.0080708 0.017695 -0.023614 0.028655 0.042624 -0.006946 0.022678 0.038267 0.061609 -0.0037094 0.0015116 0.0058789 0.0077533 -0.017979 -0.0010048 0.044478 0.007638 0.24123 0.039561 0.28956 0.053349 -0.14491 -0.047747 0.43938 0.21805 -0.012237 -0.023399 0.040702 0.025867 -0.011996 0.0049558 0.039054 0.0085685 0.29705 -0.018633 0.38652 0.046774 -0.3061 -0.021925 0.46826 0.094441 -0.0076215 -0.0024252 0.022917 0.01059 -0.00025966 -0.00072143 0.002754 0.0011719 0.030648 -0.00010285 0.047569 0.0044628 -0.034589 0.0037647 0.071624 0.0096567 -0.0017526 0.00059923 0.0028333 0.002286
0.0042884 0.0014543 0.0044785 0.0024117 0.015009 -0.0053657 0.074205 0.018648 -0.024473 0.015393 0.035335 0.020079 -0.00047317 0.0050717 0.0020291 0.0052752 0.012973 -0.0052147 0.02344 0.015649 -0.0026632 0.01548 0.47301 0.21993 -0.059199 -0.08335 0.22855 0.28556 -0.0080734 -0.042253 0.012139 0.04493 -0.027341 0.0014062 0.040768 0.017527 0.24032 -0.050862 0.41814 0.1265 -0.36049 -0.080108 0.37901 0.15655 -0.012262 0.0070941 0.013056 0.020372 -0.0081902 -0.0013218 0.0093592 0.0037222 0.032775 0.022342 0.051169 0.030744 -0.023688 0.035014 0.042404 0.038596 -0.0011708 0.0067785 0.0012697 0.008112
-0.0010557 -0.0010209 0.0035741 0.0038215 0.046256 -0.033137 0.059267 0.033137 0.0084304 -0.068413 0.031537 0.080845 -0.0051162 0.0050986 0.0060178 0.0067207 0.0073681 0.023366 0.018685 0.043447 0.25124 0.14294 0.38408 0.1901 -0.063047 0.2383 0.32808 0.42597 -0.047844 -0.039053 0.057566 0.041435 0.023384 -0.033362 0.024183 0.034444 0.29614 -0.17168 0.30519 0.21576 -0.11374 -0.065682 0.21728 0.091632 -0.0029612 -0.00024033 0.051294 0.057451 -0.0023522 0.0028432 0.0023568 0.0028598 0.037616 -0.024793 0.039841 0.02729 -0.0086234 -0.042087 0.057265 0.046914 0.0060809 0.0058424 0.0064127 0.0063369
-0.0001617 0.0050927 0.00081764 0.0056021 0.064722 0.011575 0.07053 0.017488 4.6918e-05 -0.00014026 0.00022698 0.00020407 0 0 0 0 0.0031923 0.0014723 0.0074979 0.025439 0.44767 0.018675 0.51198 0.14842 0.001766 9.8674e-05 0.001766 0.00081255 0 0 0 0 0.0016093 -0.016986 0.0017528 0.020283 0.48871 -0.045874 0.49125 0.10472 0.00021971 -0.00026574 0.0033478 0.00097961 0 0 0 0 -0.00019873 0.0021544 0.0007617 0.0032871 0.07178 0.0019227 0.07422 0.0081573 -2.0351e-05 9.9233e-05 0.00044356 9.9233e-05 0 0 0 0
-0.0038318 -6.2959e-05 0.0060587 0.0010507 0.0335 0.0115 0.046214 0.015329 -0.0041492 0.016856 0.052446 0.025832 -0.0021441 0.00047727 0.0065 0.0043139 -0.024071 0.0012611 0.032948 0.0064334 0.27208 0.011334 0.3563 0.034686 -0.10095 -0.016991 0.55487 0.073834 0.00070603 -0.0040062 0.045914 0.02682 -0.031845 -0.00064866 0.03823 0.0026599 0.25566 0.029114 0.32091 0.076299 -0.095172 -0.023002 0.50074 0.082193 0.010063 0.0069833 0.034999 0.043739 -0.0041862 0.00023452 0.0050034 0.00041969 0.049764 0.0042305 0.05929 0.0060875 -0.030095 -0.0045709 0.082109 0.012611 0.002623 0.00058038 0.0047317 0.0066333
-0.0048586 -0.016961 0.0048586 0.016961 -0.010447 -0.058775 0.022317 0.085654 -0.006469 -0.018589 0.039992 0.064449 -0.0051025 0.0012557 0.0057915 0.0080536 -0.028573 0.0034015 0.047095 0.0085015 0.31172 0.019951 0.32224 0.054545 -0.1953 0.0056802 0.36061 0.22925 -0.0326 -0.0071157 0.052931 0.013253 -0.013283 0.0031539 0.040697 0.0091704 0.3187 -0.011217 0.38131 0.065572 -0.35645 -0.040571 0.38672 0.086319 0.0065077 -0.010602 0.021863 0.021398 -0.00052759 -0.00038652 0.0029001 0.0010544 0.030581 -0.0005455 0.047905 0.0046361 -0.036523 0.007544 0.066606 0.011694 -0.0010415 0.00051498 0.0026012 0.0010624
0 0 0 0 -0.011592 -0.045261 0.011592 0.045261 -0.023572 -0.13597 0.023572 0.13597 -0.0030419 -0.017629 0.0031628 0.017629 -0.0049866 -0.044835 0.022367 0.049054 0.10011 -0.15842 0.28774 0.22308 -0.081113 0.048876 0.38873 0.26053 -0.031768 0.005142 0.065836 0.011921 -0.0029296 0.0033804 0.040968 0.018783 0.19515 0.0086828 0.40956 0.056996 -0.24077 -0.05199 0.50249 0.12815 -0.0001108 -0.0052095 0.024898 0.012957 0.0032722 -0.002667 0.0035959 0.0050071 0.013698 -0.0036638 0.0508 0.0075512 -0.025715 0.00096656 0.07411 0.012272 0.0021348 -0.0004641 0.0028927 0.0006782
-0.0090742 -0.0028477 0.0098504 0.0036579 0.036193 0.0092893 0.047879 0.018222 0.048823 0.012147 0.048823 0.013661 -0.01605 -0.0079128 0.016599 0.0080495 -0.039179 -0.0071532 0.067252 0.01148 0.29 0.062203 0.33291 0.066571 -0.14487 -0.19197 0.60343 0.2766 -0.025711 -0.018472 0.035056 0.019756 -0.024557 -0.0026496 0.058667 0.010837 0.16411 -0.14286 0.24611 0.17496 -0.14301 -0.13527 0.26258 0.1661 -0.0097466 -0.0029993 0.015169 0.0051886 -0.0032551 -0.00031903 0.0044337 0.0010668 0.010366 0.0010108 0.011567 0.0038719 -0.0062555 0.0023137 0.026826 0.0068278 0.00037683 0.00021394 0.0012644 0.00059525
-0.00069908 -0.0017717 0.0015846 0.0032866 -0.00751 -0.0036151 0.097214 0.027798 0.03401 -0.0081393 0.057146 0.015569 -0.0030622 -0.00068262 0.0032035 0.00099129 0.0097632 0.024841 0.013697 0.041693 -0.23663 0.032172 0.47141 0.098974 0.28179 -0.047404 0.36796 0.11618 -0.017684 -0.0023148 0.027248 0.0055453 -0.00088321 -0.011155 0.014218 0.017065 -0.25572 -0.090437 0.40545 0.15404 0.25814 0.00075577 0.31012 0.15346 -0.028597 -0.0060398 0.039541 0.0079097 0.0041248 -0.00072614 0.0045848 0.0023337 -0.032981 0.010676 0.062974 0.014365 0.043198 0.0023223 0.055055 0.010264 -0.0042705 -0.00052428 0.0047522 0.00061053
-6.9507e-05 -0.00019996 0.00117 0.00025579 0.048572 0.0033259 0.05314 0.004974 -0.019568 0.018614 0.023038 0.036278 -0.0023006 -6.3529e-05 0.007413 0.00090369 -0.0005013 0.0001282 0.0072131 0.0016608 0.23512 0.014443 0.4568 0.063306 -0.087602 0.020626 0.24536 0.38703 -0.025465 -0.0029744 0.071585 0.013444 -0.00077843 0.00012859 0.0061465 0.0014834 0.18985 0.0039849 0.46057 0.081368 -0.065113 -0.068929 0.27344 0.37788 -0.028428 -0.0038592 0.086137 0.0076466 -6.9449e-05 -0.00015312 0.00078622 0.00018938 0.019407 0.0016166 0.064387 0.017098 -0.0058262 -0.022148 0.042297 0.053337 -0.001064 0.00068425 0.013679 0.0022015
-0.010506 -0.015705 0.011163 0.015936 -0.022551 -0.071571 0.027457 0.080047 0.036639 -0.050962 0.039325 0.080427 -0.00097678 -0.0048221 0.0042914 0.0057535 -0.027604 0.013863 0.036538 0.043929 -0.09185 -0.063502 0.26476 0.25775 0.2938 -0.066024 0.50849 0.35442 -0.051051 -0.048646 0.051168 0.049028 -0.0050771 -0.030253 0.077674 0.10199 0.0016142 0.0091639 0.2791 0.3345 -0.020649 -0.03479 0.24901 0.24218 -0.015692 -0.0042272 0.026806 0.021841 -0.00081383 -0.00011825 0.0018283 0.0018613 0.015576 0.014744 0.035714 0.023292 -0.012557 -0.014069 0.037408 0.034243 0.0046585 0.0063211 0.0061162 0.0080209
0.00076405 0.00022667 0.00090088 0.0010848 0.0018386 -0.0023957 0.005807 0.0063458 0.078785 -0.009795 0.078785 0.011899 0 0 0 0 0.0010552 0.0045129 0.0015498 0.0086742 0.0062143 0.034512 0.014795 0.05415 0.49357 0.018351 0.49357 0.031844 0 0 0 0 -0.00070202 -0.00018432 0.0029749 0.012168 0.0073904 -0.0059624 0.012267 0.075535 0.4876 -0.0070962 0.4876 0.041569 0 0 0 0 3.5645e-06 -0.00029643 0.00070768 0.0016263 -0.00051923 0.0032348 0.002804 0.0081108 0.07325 0.0011248 0.07325 0.0026857 0 0 0 0
-0.00011938 0.00043924 0.0019975 0.00083119 0.029197 0.00035718 0.045818 0.0075775 -0.017252 0.0036992 0.046083 0.010453 -0.00027086 0.0010626 0.00037307 0.0049421 0.0097603 0.0070927 0.017801 0.0104 0.26876 0.0099047 0.33953 0.037534 -0.1962 0.02622 0.43726 0.10738 -0.014129 0.0072518 0.014821 0.04018 -0.013207 -0.0010425 0.02698 0.0080216 0.34981 0.013399 0.37319 0.049478 -0.226 -0.0017443 0.47825 0.054628 -0.027465 0.00095912 0.02921 0.040984 -0.0046392 -0.00040958 0.0063066 0.0018237 0.034788 0.017183 0.053686 0.036488 -0.023486 -0.00092217 0.05463 0.012269 -0.0040412 -0.0014385 0.0043511 0.0051898
-0.0080807 -0.00052578 0.0083779 0.0010344 0.041775 0.0031504 0.043154 0.0043999 0.023373 -0.0024621 0.05449 0.007872 -0.0062365 -0.00089905 0.011667 0.00092469 -0.03945 -0.0045803 0.040405 0.007472 0.20809 -0.11651 0.22761 0.1275 0.30751 -0.0095871 0.49293 0.0872 -0.068096 -0.0044389 0.080555 0.0064683 -0.048002 -0.0071186 0.049812 0.010836 0.15875 0.047683 0.24191 0.11249 0.34252 -0.030342 0.43213 0.26486 -0.062596 -0.014834 0.094675 0.017183 -0.0032959 -0.0023699 0.0052436 0.0028576 0.012142 0.0046954 0.043695 0.012591 0.060991 -0.0099978 0.083058 0.046741 -0.015988 -0.00075499 0.016155 0.0018033
-0.00327 0.00098333 0.00602 0.0037327 0.0097199 -0.020919 0.017042 0.024583 0.039726 -0.046687 0.089767 0.048984 0.0010972 -0.013357 0.0076755 0.014551 0.012513 0.0071552 0.017961 0.028439 0.020686 0.079032 0.073492 0.23315 0.27437 0.022707 0.53737 0.23513 0.0014156 0.058001 0.069677 0.081833 0.021624 0.0035328 0.023047 0.049138 0.023946 0.12036 0.20312 0.50499 0.22943 0.090542 0.25606 0.17413 -0.00042326 0.00028104 0.021191 0.0087016 0.0016401 -0.0036555 0.0018739 0.0038917 0.01436 -0.026737 0.014368 0.026762 0.034263 -0.050281 0.034356 0.050281 0.00073715 -0.00089012 0.0031298 0.0010528
0.0017203 -0.00045256 0.0022782 0.0005444 0.059217 -0.0071914 0.066372 0.010287 -0.051746 0.0013393 0.062409 0.026711 0.0067506 -0.0021272 0.010106 0.007526 0.0039537 -0.00068257 0.0086797 0.0030359 0.34783 0.080178 0.3566 0.11957 -0.13565 0.025195 0.34499 0.16231 -0.038893 -0.021945 0.051854 0.026729 0.0012587 -0.0013054 0.012088 0.0029521 0.37571 -0.080726 0.37605 0.086073 -0.24078 -0.015968 0.42075 0.058107 -0.0091832 0.0080465 0.017908 0.011883 -0.0005806 -0.00016755 0.001695 0.00083428 0.046958 -0.0007233 0.052315 0.007376 -0.019599 0.003319 0.064435 0.013662 0.00063464 -0.0021644 0.0019998 0.0022764
-0.00035255 0.0012831 0.00071034 0.0018569 0.0029678 0.003259 0.0045286 0.010313 0.076747 0.00051734 0.076747 0.0054699 0 0 0 0 -7.535e-05 -0.00035605 0.001035 0.0056547 0.0057599 0.0082434 0.010684 0.044263 0.49157 -0.00042884 0.49157 0.01917 0 0 0 0 0.00020862 0.0023476 0.0015131 0.014802 0.0043578 0.021646 0.0085525 0.10725 0.48948 0.013199 0.48948 0.021938 0 0 0 0 0.0002017 -0.00097377 0.00026097 0.0010449 0.00050518 -0.0067252 0.0015458 0.0074896 0.070419 -0.003002 0.070419 0.0033567 0 0 0 0
-0.0042033 -0.0014966 0.0042834 0.0085689 -0.033957 0.0013074 0.061915 0.011266 0.048763 -0.004929 0.079646 0.015885 -0.006359 0.0014032 0.0071831 0.0024567 -0.032404 -0.0051558 0.035619 0.034194 -0.25044 -0.021783 0.32647 0.089822 0.3235 0.024976 0.52565 0.091678 -0.04461 -0.0067074 0.046855 0.0068428 -0.026322 -0.011083 0.034757 0.082399 -0.090318 -0.026789 0.36306 0.074257 0.14424 0.028126 0.39449 0.25316 -0.045285 -0.0059217 0.047454 0.0082062 -0.0045164 0.0058744 0.0054419 0.0087354 -0.0071656 -0.0017843 0.05994 0.0073226 0.023943 -0.0015634 0.06853 0.0074323 -0.0079309 0.00014523 0.0083054 0.00066284
-8.3306e-05 7.8491e-05 0.00055229 0.00074645 0.076071 0.0031548 0.076265 0.0071614 0 0 0 0 0 0 0 0 0.0003769 0.0086676 0.0033967 0.013417 0.5056 0.03893 0.50819 0.085375 0 0 0 0 0 0 0 0 0.00032375 -0.0012848 0.0015886 0.0028224 0.47626 -0.014227 0.4775 0.025992 0 0 0 0 0 0 0 0 5.5776e-05 0.00043633 0.00020239 0.001721 0.068862 0.003899 0.069188 0.010728 0 0 0 0 0 0 0 0
-0.0019092 0.00085733 0.0056792 0.0023904 0.0099577 0.0021376 0.017453 0.0056724 0.035448 -0.00031723 0.095716 0.0093254 -0.0046289 0.00098862 0.0085012 0.001355 -0.0099155 -0.008343 0.020769 0.014193 0.072794 -0.024988 0.16196 0.065671 0.27609 -0.011961 0.60832 0.048977 -0.044075 -0.0024727 0.065414 0.0038387 0.0072982 0.0024987 0.040093 0.0069385 0.063282 0.036506 0.18248 0.22377 0.24669 0.021794 0.57034 0.060388 -0.0303 -0.0020537 0.04573 0.0068564 6.5647e-05 -0.00046896 0.0069049 0.0014868 0.012487 0.033326 0.039788 0.033795 0.025531 0.0070527 0.081083 0.038373 -0.0034634 -0.00033895 0.0055426 0.00047827
-0.0028045 -0.0020665 0.0044865 0.004168 0.063617 -0.0085765 0.067188 0.017698 0.00026913 0.00035327 0.00026913 0.00045783 0 0 0 0 -0.0081848 0.0043196 0.020666 0.013164 0.47274 0.017874 0.4988 0.04389 0 0 0 0 0 0 0 0 -0.0093287 -0.013305 0.011963 0.013998 0.50036 -0.035464 0.50107 0.045025 0.0019194 -0.00030495 0.0019194 0.00030495 0 0 0 0 0.00051719 0.00030989 0.00052008 0.00066254 0.072072 0.0023082 0.072282 0.0053558 0.0004099 -3.2206e-05 0.0004099 7.8831e-05 0 0 0 0
0.0010466 0.00090605 0.00202 0.0018809 0.044837 -0.010181 0.047239 0.018719 0.0027247 -0.0019621 0.065468 0.018398 -0.0040378 0.0017758 0.0040623 0.0025512 0.023711 -0.0083759 0.033613 0.044126 0.012423 -0.03096 0.1279 0.099957 0.40851 -0.046244 0.59342 0.12533 -0.047463 0.018933 0.047554 0.018965 -0.0026094 0.015197 0.027655 0.027154 0.20237 0.050269 0.28169 0.11705 0.28152 -0.032071 0.36898 0.19159 -0.061066 -0.0072058 0.061396 0.023012 -0.0013339 0.00039916 0.010477 0.0029897 -0.0070793 0.034814 0.083077 0.036955 0.037276 -0.013621 0.07113 0.037162 -0.0083542 0.0018809 0.010215 0.0026425
-0.0015884 -0.00061492 0.0015884 0.0032699 -0.00098701 -0.0035226 0.017938 0.010628 0.00036158 -0.0014079 0.093719 0.011575 0.0086675 -0.001395 0.013982 0.0020471 -0.013237 0.0093911 0.013237 0.011413 -0.1105 0.00065993 0.16698 0.14731 0.10968 -0.016495 0.69037 0.088742 0.016547 0.00033097 0.02853 0.01387 0.00058528 -0.0031395 0.0045657 0.01747 0.01448 0.19633 0.23271 0.32829 -0.081494 0.081181 0.36871 0.25298 0.02192 0.0052938 0.028845 0.013656 -0.0034483 0.0015291 0.0034483 0.002412 0.025432 -0.016243 0.076759 0.031078 -0.046339 -0.0086877 0.061144 0.019493 0.0041367 0.00061719 0.0047792 0.0026727
-0.0018077 -0.00080277 0.0028002 0.0013029 0.010037 0.032831 0.043656 0.034375 0.024105 -0.011857 0.034715 0.03532 -0.0052892 -0.00086325 0.0083796 0.002744 0.019546 0.0075923 0.041445 0.010228 -0.13988 -0.030181 0.50692 0.14485 0.20346 0.072265 0.31932 0.14176 -0.05267 -0.0089681 0.057953 0.013222 0.044757 -0.00028753 0.061596 0.0039723 -0.012006 -0.0082346 0.61411 0.05786 0.085378 -0.03011 0.27413 0.15956 -0.081371 -0.0025142 0.082532 0.0033514 0.0058302 0.0013342 0.0081867 0.001355 0.0033442 0.013232 0.064222 0.020024 0.0078824 0.023166 0.029942 0.037036 -0.010876 -0.00061484 0.011156 0.0006506
0.0016139 0.00024598 0.0027212 0.00041808 0.057859 0.0076909 0.11571 0.0078721 -0.030113 -0.0066915 0.15053 0.020008 0.0031316 0.0012756 0.0065292 0.014053 0.0070208 0.0026561 0.019595 0.0046315 0.16595 -0.14857 0.4565 0.21476 -0.043776 -0.1733 0.50741 0.27751 0.038912 0.014618 0.0915 0.060915 0.010373 0.00065119 0.015211 0.0017852 -0.13408 0.01282 0.19108 0.053183 0.27561 0.066682 0.32237 0.10243 0.022291 -0.015147 0.079403 0.087228 -0.0001494 -7.281e-05 0.0034262 0.00054873 -0.0060933 0.0014543 0.039799 0.00432 0.047961 0.0095784 0.048932 0.012131 2.9864e-05 0.0059657 0.0097374 0.0068024
-0.0015011 0.0011594 0.0052685 0.0019293 0.0075468 -0.017363 0.023346 0.031067 0.020007 -0.004576 0.02994 0.006838 0.0029957 -0.00069834 0.0054947 0.0012823 -0.041215 0.0089919 0.064977 0.012904 0.25004 0.13372 0.28788 0.17379 -0.010856 0.1212 0.24602 0.14965 0.0053527 0.00052845 0.026729 0.0068968 -0.070219 0.014598 0.13056 0.022144 0.47315 -0.074196 0.48717 0.10182 -0.23154 0.0041029 0.35923 0.085327 0.00038332 -0.0030804 0.019183 0.0065809 -0.011609 0.0021078 0.023392 0.0034741 0.031548 -0.012508 0.040807 0.018186 -0.0011149 -0.021136 0.057131 0.028289 0.0019049 -0.00012517 0.0041787 0.00053847
0.00092774 -0.00013969 0.0020444 0.00039519 0.02511 0.0011508 0.033187 0.0043063 -0.024824 0.0075971 0.067992 0.013619 0.011022 0.00053272 0.012321 0.00091901 0.0052867 0.00077403 0.013318 0.0032316 0.18769 0.014464 0.2218 0.049595 -0.19655 0.014883 0.47334 0.14585 0.079162 0.0027488 0.085555 0.0084493 0.00063207 0.0021874 0.0081709 0.0027954 0.19688 -0.0078652 0.21007 0.071013 -0.23582 -0.12483 0.55015 0.28402 0.083923 0.0048052 0.090582 0.0080295 0.00022245 0.017247 0.001245 0.017495 0.017096 0.099318 0.017194 0.10274 -0.019867 0.10843 0.053338 0.11051 0.0079421 0.01293 0.0112 0.014623
0.0021537 -0.00073559 0.0030175 0.0021103 0.028371 -0.013496 0.034241 0.015147 0.012961 -0.0048678 0.075896 0.020201 -0.0045002 8.3442e-05 0.005404 0.001276 -0.0056089 0.0082978 0.020262 0.01435 0.054983 -0.029981 0.13589 0.1592 0.31143 -0.017479 0.61073 0.11618 -0.040782 0.013685 0.041825 0.013816 0.014982 -0.00078796 0.034066 0.02087 0.10546 0.11841 0.2216 0.17354 0.22614 -0.04062 0.48478 0.21825 -0.034094 -0.00056806 0.034175 0.013249 0.0032764 -0.0012223 0.0050251 0.0015546 0.016219 0.022204 0.050197 0.029825 0.0034368 0.0012735 0.07396 0.034771 -0.0074344 0.0013416 0.0077687 0.0029226
-0.00058555 0.00079262 0.0040296 0.0025876 0.01848 -0.011683 0.087701 0.022489 -0.045514 -0.0063738 0.051207 0.014647 -0.0011563 -0.0028366 0.0012376 0.0057697 -0.069628 -0.020103 0.086818 0.023566 0.27113 -0.014368 0.39394 0.10605 -0.30434 0.10843 0.39521 0.20518 0.020645 0.039083 0.027968 0.040974 -0.044047 -0.0045377 0.053017 0.042682 0.13608 0.021054 0.44209 0.15757 -0.029644 -0.084239 0.30731 0.24808 0.0026549 -0.016223 0.01211 0.031041 -0.0070757 0.00025752 0.0084023 0.0027794 0.02792 0.0032738 0.045789 0.028435 -0.049492 -0.046627 0.054058 0.056108 -0.00037531 -0.001403 0.0013547 0.0064972
0.0077877 -0.0013068 0.0077877 0.0018014 -0.0011788 0.0049941 0.069342 0.0087474 0.0011089 -0.0072976 0.054694 0.050101 -0.0018299 -0.00019311 0.012978 0.0029578 0.039945 0.011376 0.039945 0.036765 0.0027361 -0.001371 0.46731 0.092092 0.07677 0.10159 0.18214 0.23058 -0.035156 0.007651 0.060927 0.012517 0.05501 -0.0022937 0.055044 0.0044379 -0.031824 -0.014375 0.58854 0.087844 0.046132 -0.12334 0.16062 0.47878 -0.010434 -0.0037043 0.070023 0.027451 0.0074905 -0.0034722 0.0077573 0.0035016 -0.0087294 0.00014436 0.083442 0.016134 6.2541e-05 0.0069936 0.024263 0.046564 0.0022378 -0.00087642 0.012012 0.0051148
0.011984 -0.0015531 0.023974 0.0032373 -0.036107 0.0071011 0.086804 0.017798 0.011987 -0.0069976 0.040011 0.0091322 -0.0027666 0.0012411 0.0041737 0.0035759 0.065032 -0.0034502 0.16678 0.016354 -0.38438 -0.15299 0.5371 0.19789 0.28855 -0.024314 0.30434 0.10485 -0.031661 -0.0058372 0.039411 0.025689 -0.0099922 0.0017459 0.073295 0.0265 -0.030288 0.039614 0.27671 0.13516 0.14985 0.029653 0.33279 0.14417 -0.039789 0.011086 0.048865 0.019226 -0.0064788 0.0024112 0.0069833 0.0031185 0.0030848 0.0021181 0.035332 0.011142 0.013836 0.0029661 0.039685 0.012906 -0.001962 0.00021529 0.0052397 0.0032509
0.0026423 3.3036e-05 0.0053598 0.0011066 0.021051 -0.011287 0.030654 0.018287 -0.0079078 -0.011996 0.062753 0.017567 -0.0086272 -0.0068188 0.0089317 0.0071166 0.032062 0.015322 0.056165 0.015754 -0.016806 -0.077854 0.52183 0.13702 0.013141 -0.035904 0.43897 0.10389 -0.038299 0.0084998 0.046521 0.02604 0.020814 0.0047939 0.026592 0.01002 -0.11783 -0.051956 0.34588 0.20565 0.15366 0.022825 0.48362 0.18046 0.0086727 0.01691 0.024855 0.034722 0.0024359 0.00074184 0.0034238 0.0022024 -0.0076513 -0.012393 0.070288 0.024155 0.005109 0.0014363 0.056746 0.01744 -0.00057707 -0.0074447 0.0012401 0.0091237
-4.2253e-05 0.00029673 0.00044305 0.0011821 0.071397 0.00011208 0.072312 0.0050139 0.00036534 4.1785e-05 0.00045937 5.2713e-05 0 0 0 0 -0.018556 0.0036854 0.021515 0.028823 0.46961 0.045983 0.49037 0.0628 0.002824 -0.00034048 0.002824 0.00034048 0 0 0 0 -0.0056087 -0.012854 0.0078631 0.015571 0.49605 -0.063456 0.50354 0.069725 0.0029853 -0.0013748 0.0031917 0.0013748 0 0 0 0 0.00051718 0.0043162 0.0047236 0.0063468 0.064418 0.015134 0.082906 0.023725 0.00031373 1.9677e-05 0.0005144 0.00066697 0 0 0 0
-0.010369 -0.0015682 0.011689 0.0018519 0.031844 0.012695 0.03545 0.023794 0.018822 0.0057257 0.045379 0.017328 0.014507 0.0022479 0.014507 0.0024917 -0.018292 -0.0046992 0.0588 0.013 0.32119 0.034425 0.35568 0.065751 0.053339 0.0068489 0.40416 0.098085 0.042618 0.014521 0.043316 0.023853 -0.010288 -0.013573 0.040864 0.020958 0.25353 -0.096987 0.28872 0.15105 0.2663 -0.0078839 0.4896 0.25522 0.014337 0.006885 0.030116 0.011773 0.0016096 0.0011285 0.0060679 0.0034104 0.019328 0.020633 0.037313 0.029073 0.061775 0.0041434 0.083053 0.028465 0.00063062 -0.0018581 0.0076292 0.0026883
0.003601 0.0024353 0.0048074 0.0032557 -0.029275 -0.0080445 0.059831 0.011199 0.055956 0.010213 0.055956 0.011926 -0.011241 -0.0019609 0.012886 0.0023781 0.00045382 0.0024391 0.050227 0.023093 -0.1158 -0.034593 0.306 0.088682 0.39688 -0.011923 0.42146 0.11678 -0.12115 -0.019184 0.12324 0.019821 -0.0082785 -0.00031051 0.05433 0.016881 -0.051219 -0.044859 0.32446 0.13416 0.27235 0.021262 0.45374 0.20279 -0.070346 -0.012624 0.072253 0.014198 0.0006947 -0.0016609 0.0031938 0.0025272 0.0296 0.037843 0.10918 0.055103 -0.017892 -0.0021551 0.084733 0.04023 -0.00081094 2.7452e-05 0.0017328 0.00092664
-0.005502 -0.0012161 0.0075516 0.005847 0.0055556 -0.0041638 0.034464 0.010233 0.00049916 0.0032413 0.019516 0.016095 0.00088585 -0.00089181 0.0035154 0.0029446 -0.073662 0.017465 0.11876 0.03798 0.031242 0.056815 0.3741 0.092196 0.12584 0.14849 0.37722 0.32244 -0.011746 -0.020547 0.036908 0.14512 -0.071249 -0.015302 0.099179 0.02658 0.20395 0.022037 0.30319 0.098688 -0.11326 -0.013307 0.41378 0.38385 -0.013204 0.0069408 0.042624 0.041433 -0.010754 0.00012253 0.010783 0.003051 0.062316 -0.0078861 0.064061 0.014322 -0.026381 0.017647 0.10625 0.028792 0.0044217 0.0067822 0.010888 0.0095468
-0.0016477 -0.00014681 0.0023238 0.0013111 0.029665 -0.0099304 0.037729 0.017142 0.062721 -0.01695 0.071337 0.023725 -0.0045602 0.00085448 0.0065114 0.002549 -0.015146 0.0059923 0.021014 0.009026 -0.012026 -0.08324 0.30309 0.2798 0.26079 -0.095714 0.28566 0.10525 0.157 -0.040024 0.19047 0.053725 -0.013355 -0.0014293 0.029209 0.017531 0.2352 0.039801 0.27468 0.23376 -0.018194 0.11551 0.3066 0.46909 0.14923 -0.028305 0.16256 0.031667 0.00030703 0.0017979 0.0070613 0.0040837 0.0016221 0.017072 0.050384 0.035979 0.013781 0.0023525 0.038556 0.032506 0.015836 -5.4461e-05 0.018026 0.0017358
-0.0018833 -0.00085975 0.0044316 0.0043949 0.048583 0.015752 0.085747 0.034614 -0.016443 -0.013675 0.04799 0.03893 8.1036e-05 0.00021823 0.00013204 0.0018337 -0.020551 -0.0012409 0.040717 0.020212 0.18463 0.0026859 0.42813 0.1682 -0.071142 0.033772 0.37859 0.16268 0.00012595 -0.024252 0.0048957 0.02662 -0.031923 0.0022549 0.038583 0.014146 -0.010208 -0.066641 0.50164 0.28054 0.059717 -0.17289 0.33109 0.24159 0.0062774 0.0042904 0.008143 0.017227 -0.0059801 0.0011319 0.0063685 0.0017376 -0.0076088 -0.0042215 0.13385 0.026885 0.00835 -0.0093377 0.016362 0.017957 0.0026485 -0.0004746 0.0028227 0.0016832
0.0014178 -0.00023783 0.0017983 0.00038013 0.049272 -0.0077216 0.056618 0.0099535 -0.03664 0.003694 0.03762 0.023828 -0.0048367 0.00033855 0.0048498 0.00041168 0.0012976 -0.0053404 0.019669 0.026984 0.3918 -0.015057 0.44563 0.040264 -0.25422 0.064022 0.27092 0.094868 -0.034106 0.0033067 0.03431 0.0055277 0.0097941 -0.0032409 0.021575 0.012573 0.41696 0.034568 0.42866 0.081668 -0.21567 0.015895 0.23145 0.068602 -0.04043 0.0032354 0.040912 0.0047498 0.0038005 0.0034009 0.0055695 0.0035673 0.032737 -0.0031043 0.039416 0.02747 -0.029378 -0.011076 0.053599 0.016714 -0.0044137 -0.00048311 0.0044664 0.00093572
-5.6468e-05 -4.6826e-05 0.00048644 0.0017239 0.086025 0.0012728 0.086393 0.0072122 0 0 0 0 0 0 0 0 -0.00032693 0.017302 0.0026962 0.017848 0.48577 0.08993 0.49442 0.08993 0 0 0 0 0 0 0 0 0.0009105 -0.007955 0.0025755 0.014218 0.47889 -0.081399 0.47947 0.11578 0 0 0 0 0 0 0 0 0.00013717 0.0012024 0.00019312 0.0012024 0.064074 0.0066888 0.064207 0.0066888 0 0 0 0 0 0 0 0
0.0017181 -0.00037074 0.0026759 0.0045722 -0.017982 -0.0047085 0.054647 0.0092577 0.044071 -0.0023129 0.048911 0.0058519 -0.013944 0.00032977 0.014159 0.00066559 0.0045592 -0.010189 0.0096112 0.044267 -0.10714 -0.043166 0.25993 0.080214 0.25258 -0.070018 0.29358 0.093417 -0.092055 0.0015176 0.092055 0.0097312 0.006737 0.0060672 0.0099128 0.039574 -0.17797 0.015419 0.31457 0.089264 0.32022 0.10474 0.64479 0.17527 -0.05523 0.0052239 0.056542 0.0079866 0.00073746 0.0034231 0.001174 0.0061743 -0.020829 0.0065273 0.04309 0.013483 0.043754 0.00083011 0.099438 0.015244 -0.0059912 0.00070471 0.0074511 0.0012883
0.0085395 0.00027807 0.0088076 0.00078183 -0.0058736 -0.0085656 0.097202 0.017125 0.010919 -0.013881 0.01773 0.029214 -0.0015842 -0.00062045 0.0057395 0.0020764 0.058964 -0.00040904 0.059331 0.012913 -0.026976 0.031484 0.6303 0.13473 0.0074016 0.052402 0.19121 0.50041 -0.0016721 -0.0020602 0.070898 0.039728 0.006866 -0.029042 0.016645 0.033009 0.096724 -0.089081 0.1884 0.13405 0.082811 -0.096064 0.22159 0.33915 -0.019045 -0.006392 0.077982 0.014524 0.00057413 0.00060945 0.0020404 0.0006899 0.019845 0.0033348 0.019998 0.0036706 0.013289 0.022557 0.033563 0.070511 -0.011086 -0.00035174 0.011209 0.0007638
0.00074464 0.00044324 0.0064209 0.0017314 0.027475 0.0031483 0.048229 0.0081502 -0.01914 -0.0074229 0.075247 0.024689 -0.00075917 -0.0021191 0.0042083 0.0036285 -0.0086286 -0.0029515 0.026614 0.010324 0.23214 0.035959 0.35473 0.06106 -0.22213 -0.024568 0.52756 0.082102 -0.017166 0.0021967 0.023217 0.025345 0.010586 -0.004969 0.042458 0.011131 0.1796 -0.0072852 0.30885 0.031701 -0.21009 -0.0022709 0.52983 0.046127 -0.0048838 -0.0048551 0.01551 0.0095163 0.002113 0.00069878 0.0038791 0.0022209 0.030577 -0.014269 0.054523 0.020565 -0.032287 -0.004928 0.063477 0.011947 -0.00077292 -0.00045191 0.002797 0.0009906
-0.0043601 -0.00062172 0.0055866 0.0046419 -0.018559 -0.00090881 0.057346 0.029851 0.040893 0.0013291 0.067764 0.024702 -0.00079266 -0.0068717 0.0048502 0.0072917 -0.024163 -0.008033 0.034522 0.033394 -0.10425 -0.041589 0.35327 0.097657 0.24865 -0.094051 0.59588 0.20657 0.022901 0.0034735 0.022933 0.0070192 -0.012319 -0.00049991 0.026458 0.017465 0.074355 0.1072 0.21237 0.1713 0.023674 0.12196 0.41466 0.27357 0.024218 0.00056816 0.024322 0.0050296 -0.000249 -0.00023059 0.0024017 0.00095581 0.011659 0.017211 0.082252 0.044782 -0.00077909 0.0091425 0.056634 0.020761 0.0019323 -0.00052339 0.0020836 0.0018836
-0.0023239 -0.00043766 0.0027243 0.00064233 0.052334 -0.0061223 0.052334 0.013035 -0.044683 -0.0073623 0.064369 0.010717 -0.00052162 -0.00072401 0.0022196 0.0034098 -0.01483 0.00095412 0.034325 0.003952 0.32288 0.034443 0.32288 0.049008 -0.30783 -0.001414 0.46229 0.061304 -0.0066585 -0.006995 0.020766 0.025646 -0.014543 0.00075357 0.042021 0.0048517 0.29915 -0.015558 0.30392 0.041042 -0.29655 0.0016984 0.42098 0.035702 -0.010873 0.003748 0.022244 0.015188 -0.0020762 0.00028821 0.0042673 0.00062591 0.039487 -0.0028544 0.043005 0.004196 -0.036269 -0.00099847 0.056076 0.0057368 -0.0020852 0.00018099 0.0022517 0.00093561
0.00033586 0.00058488 0.0017373 0.0012008 0.053663 0.0018305 0.056263 0.0072679 -0.015793 -0.0073536 0.057446 0.027739 -0.011753 -0.0015471 0.014021 0.0020056 0.00090884 0.007635 0.019505 0.013467 0.28744 -0.0029402 0.35443 0.061911 -0.058326 -0.018981 0.37739 0.11098 -0.07461 0.00013953 0.090991 0.012787 -0.0024986 -0.0069501 0.026353 0.0076435 0.21484 0.026977 0.50445 0.09674 -0.041966 -0.020261 0.44582 0.26551 -0.060278 -0.020957 0.07919 0.027276 0.001686 -0.00016474 0.0021531 0.0007435 0.043819 -0.0053353 0.060345 0.015244 -0.039217 0.0038827 0.043284 0.025639 0.0016437 0.0010537 0.0040948 0.00133
0.002489 0.00038381 0.0060579 0.0005782 -0.018267 -0.0096894 0.072858 0.016573 0.026587 -0.01161 0.050915 0.031002 -0.002218 -0.00055686 0.011315 0.0021478 0.024415 0.002292 0.05321 0.0040935 -0.089902 -0.01397 0.52021 0.088242 0.16963 -0.02461 0.23948 0.17243 -0.037339 -0.0035759 0.057774 0.010634 0.024833 0.001314 0.051453 0.0075137 0.038857 -0.062051 0.62804 0.11594 0.035632 0.022086 0.1709 0.35068 -0.04483 -0.0017755 0.050901 0.012752 0.00037938 0.00014919 0.0053381 0.00039273 0.017228 0.0042461 0.022312 0.0057289 0.016531 -0.0062524 0.030624 0.020537 -0.0084331 -0.00021373 0.0085347 0.00062706
0.0031154 -0.00072592 0.0081754 0.0010152 -0.0015748 0.035923 0.013925 0.037299 0.016131 0.0010134 0.036352 0.036547 -0.0012962 -0.00060929 0.0025918 0.0015666 -0.0083108 0.00051908 0.026702 0.0053426 -0.02415 -0.046855 0.36936 0.22289 0.033794 -0.021599 0.48717 0.18261 0.0058355 0.00027287 0.0092876 0.0039133 -0.010673 0.003553 0.025517 0.0058414 -0.034081 0.043179 0.40217 0.26566 0.044808 0.031867 0.50132 0.17351 0.0071152 0.0010079 0.0084791 0.0034948 0.00045217 0.00078133 0.0030655 0.0010024 -0.0097093 0.010941 0.054403 0.050598 0.0071161 0.010554 0.065274 0.032975 -0.00055926 -0.00029555 0.0012576 0.00089472
-0.0015205 -0.00012499 0.004013 0.00085344 -0.004801 -0.013469 0.056602 0.042517 0.0056014 -0.0075629 0.076423 0.029427 0.0012198 0.00010106 0.0014586 0.00052053 -0.013265 0.0029726 0.028495 0.0057332 -0.039211 -0.021985 0.41401 0.27266 0.05286 -0.021132 0.49935 0.2031 0.0060132 3.5833e-05 0.007687 0.0037902 0.014653 0.0092445 0.017675 0.009533 -0.052642 0.01401 0.38667 0.27749 0.037399 -0.0041993 0.40508 0.21171 -0.0010856 -0.0026233 0.0057137 0.007967 -0.0022015 0.0011253 0.010723 0.0021431 -0.0090822 -0.032829 0.011627 0.037147 0.0089066 -0.022885 0.019765 0.028371 0.0010762 0.00053049 0.0014878 0.0011982
-0.0019291 -0.00067961 0.0040057 0.00082466 0.021952 -0.0013864 0.04053 0.0048714 0.020198 0.0081559 0.031338 0.021843 -0.010262 -0.00046087 0.010523 0.00055281 0.019791 0.016275 0.030841 0.025011 0.12512 0.15063 0.47134 0.16807 0.019358 -0.070096 0.32865 0.29615 -0.051478 -0.0031509 0.053119 0.0035234 0.060697 0.0039554 0.068225 0.0056621 -0.016783 -0.031522 0.53802 0.0795 -0.027868 0.063234 0.38674 0.15466 -0.029692 -0.0021755 0.031895 0.0036878 0.0075491 0.00016824 0.0085029 0.0010724 -0.0040266 0.00096708 0.080571 0.0080385 -0.0016038 -0.0084187 0.064808 0.039795 -0.0020541 -0.00019978 0.0024936 0.00029423
-0.0038042 0.0013252 0.0050682 0.0021087 0.026768 -0.006296 0.031947 0.010455 0.023769 -0.013066 0.05274 0.024328 -0.0024456 0.0039176 0.0054723 0.0054281 -0.020527 0.0014603 0.030996 0.016861 0.026923 -0.029738 0.22183 0.12606 0.19366 -0.045884 0.36598 0.15537 -0.0023405 -0.026613 0.05227 0.069376 -0.025601 0.0046872 0.046692 0.023026 0.070698 -0.024889 0.23103 0.12424 0.20669 0.22173 0.64172 0.33665 0.031833 0.0018909 0.07803 0.039618 0.00022263 -0.00057669 0.0025709 0.0011204 -0.009587 0.0047013 0.045256 0.019973 0.046836 -0.020962 0.097933 0.033039 0.0017419 0.00071412 0.011492 0.004125
-0.0010491 0.00066025 0.0012018 0.00075714 0.053805 -0.002544 0.05796 0.009023 -0.055077 0.011103 0.055132 0.011925 0.0011167 -0.00043904 0.0014436 0.00074733 -0.0036287 -0.00084446 0.0057507 0.0058483 0.27843 0.030131 0.31487 0.053624 -0.29489 0.044312 0.30542 0.10752 0.001386 0.0047153 0.0085533 0.0055173 -0.0077977 -0.00027852 0.0080335 0.0093057 0.36428 -0.032089 0.40746 0.079157 -0.34093 0.022858 0.40681 0.1431 0.0019645 -0.0019321 0.014364 0.0073312 -0.0011114 0.00081145 0.0012235 0.0010357 0.016233 -0.0082302 0.022466 0.016573 -0.018617 -0.026445 0.025007 0.029585 0.00038568 -0.0003295 0.0011897 0.0012026
-0.010135 0.0004743 0.01425 0.0023974 0.0034669 -0.018777 0.04119 0.037382 0.020618 0.01171 0.049379 0.10104 -0.0089999 0.00075075 0.0092342 0.00094245 0.011445 -0.013675 0.022762 0.019195 0.08063 0.0045577 0.13093 0.095842 0.14832 -0.12279 0.29794 0.59183 -0.091318 0.0097494 0.092183 0.017716 0.017654 0.003142 0.02269 0.0048585 0.1213 0.016997 0.1213 0.043929 0.089002 0.13491 0.42272 0.44918 -0.081114 0.014083 0.08142 0.016943 0.0018422 1.7993e-05 0.0025867 0.00040688 0.015984 -0.00029619 0.017107 0.0037841 0.030704 -0.0029803 0.030704 0.0081424 -0.0079416 0.00077814 0.0083018 0.0014004
0.00087731 1.3667e-06 0.0024348 0.00039569 0.0089515 -0.0016281 0.013113 0.0035152 0.039686 0.0002797 0.084182 0.0087737 -0.0048948 0.00027732 0.0054694 0.00049125 0.0024384 -0.0005258 0.011175 0.0041531 0.053246 0.0095591 0.10137 0.069059 0.30059 -0.016177 0.57756 0.064175 -0.038872 -0.0047307 0.040209 0.0064972 -0.0085416 0.0026355 0.018372 0.017189 0.037646 -0.0022521 0.15865 0.2107 0.28555 0.030399 0.60924 0.076345 -0.03399 3.0433e-05 0.034015 0.0096359 -0.0028121 0.0047338 0.0074676 0.0052682 0.031327 0.02095 0.034434 0.027797 0.019161 0.0052536 0.057117 0.022745 -0.0058914 -0.00028984 0.0059872 0.0010002
-0.0086711 0.0037384 0.022176 0.0048488 0.02364 -0.0046588 0.091682 0.023553 -0.00077885 0.0082414 0.024926 0.014646 -0.0048415 -0.0070461 0.0055709 0.0078175 -0.071204 -0.037384 0.11655 0.048999 0.27719 0.066855 0.43027 0.18707 -0.0037107 0.017403 0.45023 0.2266 -0.027865 0.040447 0.056457 0.042479 -0.066635 0.0078738 0.10065 0.020462 0.24392 -0.021464 0.37637 0.12916 0.0036478 -0.025716 0.35464 0.17708 -0.015152 -0.010058 0.052259 0.039534 -0.0058798 0.0068133 0.0096784 0.0069059 0.0087036 0.005509 0.055023 0.01604 -0.0083316 -0.0010816 0.053335 0.019064 0.010003 -0.00075518 0.018253 0.0058409
-0.0067508 -0.0012875 0.0069619 0.0013264 0.045523 0.0023962 0.048303 0.006891 0.0054256 0.014217 0.039484 0.020507 -0.0026414 0.0032003 0.0072145 0.0035055 -0.029048 -0.010458 0.032194 0.012698 0.45375 -0.039202 0.45425 0.10136 -0.076431 0.032827 0.25721 0.089484 0.0030834 0.0018941 0.016197 0.0065493 -0.00018145 0.0075077 0.011598 0.011238 0.39271 0.023567 0.39987 0.097314 -0.028606 -0.095161 0.31583 0.19541 -0.0031947 0.00036088 0.012716 0.0055157 0.0099291 0.0021691 0.010529 0.0029219 0.030917 0.020351 0.056371 0.023258 -0.019391 -0.013258 0.078959 0.031243 -0.0022646 0.00022431 0.0035198 0.0011179
8.1274e-05 -0.00012195 0.00073479 0.00051445 0.071232 0.00063478 0.075384 0.0030859 0 0 0 0 0 0 0 0 -2.7738e-05 0.0012147 0.0039153 0.0047243 0.48992 0.0074793 0.49644 0.041922 0 0 0 0 0 0 0 0 0.00096902 0.0032752 0.0026761 0.0090412 0.48386 -0.020789 0.48932 0.13465 0 0 0 0 0 0 0 0 6.3827e-05 -0.00027835 0.00023608 0.00045277 0.065811 -0.0025924 0.065919 0.0035974 0 0 0 0 0 0 0 0
0.0003789 5.4158e-05 0.00099598 0.00032833 0.047311 0.0011216 0.060115 0.0058916 -0.030925 0.0028744 0.03099 0.0036156 -0.0037098 -0.00079753 0.003736 0.0009311 0.0027862 0.0014637 0.008771 0.0026711 0.35953 -0.0043535 0.41494 0.042711 -0.2295 0.034023 0.27952 0.14731 -0.03619 -0.0048554 0.036316 0.0059577 -0.0058533 0.0012901 0.010718 0.0072553 0.34327 0.0075925 0.46605 0.1012 -0.28416 -0.034452 0.28416 0.11497 0.0030788 -0.0056617 0.037167 0.014462 -4.4956e-05 -0.00013707 0.0019415 0.00041675 0.049874 0.010771 0.058778 0.014198 -0.038276 -0.0018025 0.038483 0.0088035 -0.0051147 -0.00014021 0.0051208 0.0013174
-0.0010156 0.0003776 0.0053094 0.0013032 0.034143 0.0034542 0.034171 0.0096499 0.0051527 0.054486 0.08724 0.088126 -0.0055451 0.0012669 0.0061047 0.0016758 -0.0037633 0.00097684 0.047009 0.0052612 0.22618 -0.022848 0.27601 0.081701 0.17446 -0.014365 0.52684 0.12191 -0.060751 0.0042023 0.06507 0.0077894 0.004811 0.0051128 0.072742 0.0075857 0.2016 0.028906 0.31737 0.091324 0.2506 0.02768 0.50697 0.085344 -0.092472 0.0066975 0.096051 0.025594 0.0018266 -0.00028778 0.013486 0.0016573 0.023955 -0.0031765 0.033988 0.0057101 0.037989 -0.0034797 0.071059 0.0094593 -0.013928 1.3039e-05 0.014191 0.0016048
0.0031614 -0.00016866 0.0034335 0.00092345 -0.00051293 -0.00084877 0.011968 0.0020565 0.058591 0.0056504 0.074107 0.0066605 -0.0070125 -0.00034832 0.0070125 0.00036554 0.0251 -0.00027891 0.028613 0.0038699 -0.010561 0.00066919 0.087692 0.014752 0.39865 -0.016346 0.55543 0.070508 -0.04726 -0.009008 0.052599 0.010079 0.025864 -0.00046571 0.028305 0.0047883 -0.0008624 -0.016191 0.091336 0.024558 0.37299 -0.013046 0.57349 0.098046 -0.041257 0.00043693 0.042325 0.0096663 0.0015156 0.00055125 0.0017353 0.00079946 0.005046 5.8897e-05 0.0102 0.0010405 0.033778 0.0053962 0.098375 0.017714 -0.0030628 0.00016065 0.0031018 0.0025956
0.0016153 0.00048043 0.0051772 0.0013963 0.038105 0.011236 0.051957 0.01861 -0.016688 0.010855 0.068942 0.029932 -0.004674 0.0029287 0.005882 0.0030275 -0.0085723 0.01077 0.023023 0.013976 0.29341 0.025263 0.30873 0.079865 -0.16266 0.027546 0.47608 0.21737 -0.0075644 0.0033192 0.030617 0.04178 -0.02462 0.00291 0.02985 0.0054977 0.25046 -0.024901 0.26764 0.078204 -0.18294 -0.1145 0.50163 0.19782 0.005005 8.3756e-05 0.072794 0.01277 -0.0028986 0.00030062 0.003388 0.00053554 0.036088 -0.0015726 0.039934 0.008834 -0.044222 0.014883 0.066061 0.026821 0.0091721 0.00073791 0.014238 0.0029701
