-0.00036022 -9.5325e-05 0.0031172 0.00086863 0.056592 0.0059339 0.065537 0.013633 -0.02193 -0.022283 0.059426 0.028017 -0.0046086 -0.0021842 0.0046527 0.0022342 0.0060114 0.0096235 0.017378 0.016528 0.32677 0.0059186 0.45704 0.23913 -0.21865 -0.035523 0.23842 0.21371 -0.0014385 -0.0026625 0.0025838 0.0030387 -0.02546 -0.0057775 0.047991 0.014202 0.22902 -0.05874 0.33344 0.25972 -0.15818 -0.17265 0.35365 0.18788 0.00041181 -0.00013517 0.00041181 0.00045599 -0.006993 0.013748 0.0070091 0.01377 -0.025065 0.027802 0.060513 0.039505 0.0031091 0.024093 0.02273 0.024744 -3.5894e-05 5.7572e-05 0.00011895 0.00012379
-0.003734 0.0088171 0.0037502 0.010348 0.005325 0.03684 0.016946 0.044722 0.053609 0.024275 0.053725 0.029222 -1.315e-06 7.4235e-06 9.2829e-06 7.4235e-06 -0.029757 -0.034963 0.030903 0.039521 0.11315 -0.15404 0.22195 0.23797 0.36262 -0.084709 0.36396 0.17045 0.00019328 -0.00022118 0.00046178 0.00046178 -0.0031436 0.024475 0.01248 0.04014 -0.022274 0.13144 0.08519 0.25139 0.4505 0.1153 0.45114 0.14543 0.00059219 0.00010141 0.00059219 0.00034201 0.00037702 -0.005073 0.00084158 0.0066475 0.00095047 -0.021577 0.010094 0.02962 0.065405 -0.00026918 0.065841 0.005265 9.8987e-05 3.686e-06 9.8987e-05 3.686e-06
-0.0031031 0.0008463 0.0049058 0.0018334 0.046921 0.017831 0.059082 0.02315 -0.0034137 0.008006 0.048505 0.019194 -0.012557 -0.00095111 0.012619 0.0010499 0.00074442 -0.0026227 0.055797 0.020315 0.10073 -0.10227 0.40554 0.15119 0.099394 -0.054195 0.4937 0.13888 -0.0507 -0.005634 0.051192 0.012816 0.034557 0.012728 0.085525 0.022979 -0.046111 0.1477 0.39869 0.21784 0.10332 -0.0035855 0.37034 0.31925 -0.031768 -0.0030697 0.032016 0.0040759 0.0059448 -0.0016081 0.0093091 0.0030569 -0.01772 -0.0073274 0.062705 0.015619 0.0052224 -0.01936 0.022357 0.025283 -0.0030294 -0.00056637 0.0031347 0.00060377
-0.0039403 0.00019094 0.0080146 0.0023348 0.017024 4.4306e-05 0.027311 0.019244 0.013863 -0.0075999 0.022993 0.016727 -0.0012192 2.0277e-05 0.0050772 0.0028932 -0.014881 0.00038336 0.038971 0.015114 0.24576 0.12505 0.40655 0.13805 -0.13378 0.16374 0.32282 0.36328 0.018827 0.016779 0.036983 0.035992 0.0025528 -0.0059047 0.034612 0.019375 0.33399 -0.032454 0.47821 0.097362 -0.16648 -0.017281 0.23471 0.067819 0.018772 0.0044237 0.02565 0.015587 0.00066615 0.00077482 0.0026695 0.0012565 0.019049 0.0348 0.071602 0.037154 -0.0032077 0.016095 0.024523 0.022775 0.0028248 0.00088113 0.0055089 0.0028894
-0.0011309 -4.0694e-05 0.0015777 0.00052165 0.045152 0.025019 0.086096 0.033447 0.00031947 -0.0062001 0.078002 0.026201 0.00055945 -2.1515e-05 0.0087914 0.0029535 0.0037579 0.0014623 0.01713 0.0055308 0.36728 0.021012 0.51529 0.12684 -0.04354 -0.031778 0.29786 0.19172 -0.034281 -0.016752 0.035449 0.016785 0.0034277 0.0053353 0.01678 0.012983 0.24474 -0.11657 0.35137 0.19244 -0.076085 -0.087682 0.32691 0.25971 -0.0036407 -0.013985 0.0052293 0.014689 0.0018383 0.0007223 0.003465 0.0013081 0.02845 -0.0018173 0.062593 0.021364 -0.016177 -0.029164 0.053745 0.036392 0.00041763 -0.00018552 0.00041763 0.00023098
7.6222e-05 0.00022381 0.00025194 0.00033031 0.0010641 -0.0011476 0.0026292 0.0020976 0.0033966 -0.00093437 0.0036144 0.003515 -0.00035853 0.00010675 0.00055966 0.00050182 0.0019525 0.00063065 0.0041477 0.0017745 0.19358 0.16122 0.20029 0.17198 -0.16237 0.16241 0.21685 0.16638 -0.002235 0.0004312 0.0029902 0.0011793 -0.0044612 -0.0080049 0.021029 0.023642 0.35298 -0.018823 0.51912 0.27237 -0.33612 -0.12327 0.34794 0.13223 -0.0030741 -0.00033703 0.0041281 0.0010181 0.00422 0.0091218 0.0084176 0.013007 -0.013879 -0.017903 0.024351 0.037061 0.0010555 0.00082495 0.0043112 0.0030829 0.00015026 0.00019127 0.0002931 0.0003437
-1.1345e-07 -1.1345e-07 1.1345e-07 1.1345e-07 -0.00010293 -0.00026537 0.00039507 0.00039178 0.061248 -0.0006787 0.061248 0.000824 0 0 0 0 -0.0099232 -0.011452 0.0099685 0.011452 0.03699 -0.14658 0.074412 0.14717 0.43603 -0.046324 0.43603 0.047972 0 0 0 0 -0.017408 0.019536 0.022956 0.077584 0.099149 0.097837 0.24027 0.37151 0.35859 -0.00064988 0.37253 0.23483 4.4364e-05 -4.4364e-05 4.4364e-05 4.4364e-05 -0.00062476 0.00068261 0.0032121 0.0034167 0.0038567 0.020297 0.0098024 0.027376 0.069135 0.010908 0.077491 0.0144 0.00011708 0 0.00011708 0
-0.00085985 0.0010274 0.0021411 0.0017225 0.0071498 0.0038034 0.037426 0.022411 0.013929 0.016443 0.019484 0.028189 -0.0020552 -0.0011024 0.0042614 0.0025737 -0.011801 0.00090642 0.015409 0.0074165 0.28173 0.10691 0.33355 0.18631 -0.14879 0.074544 0.25653 0.17229 0.0019588 -0.0015141 0.0028345 0.001749 -0.0055422 0.0014301 0.0089636 0.0033189 0.40955 -0.039234 0.50098 0.056721 -0.27967 0.037449 0.34083 0.058676 0.001879 -0.00011508 0.001879 0.00081411 -0.00025782 9.0182e-05 0.00166 0.00037872 0.052463 -0.012118 0.082957 0.01469 -0.024401 0.006304 0.048992 0.0092035 4.9567e-05 3.2649e-05 0.00021123 5.5255e-05
-0.00096215 0.00082501 0.0024769 0.00096308 0.000116 0.0071418 0.0087937 0.007462 0.068232 0.002228 0.068232 0.0042746 0 0 0 0 -0.0016519 -0.0015446 0.0078922 0.022883 0.0075668 -0.079072 0.055769 0.1977 0.45198 -0.057674 0.45198 0.093325 0 0 0 0 -0.0041101 0.0016708 0.01909 0.032535 -0.030513 0.10746 0.11025 0.20394 0.47095 0.02807 0.47095 0.054833 0 0 0 0 -0.0017104 0.00057635 0.0036128 0.002087 -0.00028018 0.00074672 0.0016643 0.0013595 0.053336 -0.00096589 0.053336 0.0017559 0 0 0 0
-0.00079072 0.0006304 0.0018218 0.0007341 0.0020649 0.0091636 0.0069536 0.0091887 0.067081 -0.0047234 0.067081 0.0082031 0 0 0 0 -0.0052086 -0.0017236 0.013548 0.0085307 -0.0072438 -0.05852 0.078663 0.18934 0.48146 -0.057016 0.48146 0.096808 0 0 0 0 0.0028493 0.00406 0.019895 0.040005 -0.021563 0.098339 0.080431 0.17353 0.45285 0.023609 0.45285 0.059585 0 0 0 0 -0.001941 9.2399e-05 0.0033675 0.0018684 0.00033885 0.00070755 0.0016239 0.0021149 0.052591 -0.003156 0.053272 0.0040549 0 0 0 0
0.00013769 0.00090859 0.00080765 0.0023181 -0.0017272 -0.001666 0.0060997 0.0054514 0.058943 -0.0001638 0.05943 0.0031951 8.3616e-05 2.632e-05 8.3616e-05 2.632e-05 0.013493 -0.017596 0.021949 0.038885 -0.028656 -0.11997 0.098934 0.30358 0.39201 -0.006465 0.41014 0.1727 0.00046468 0.00011016 0.0007427 0.00056687 -0.0016905 -0.0043564 0.010704 0.021057 0.026556 -0.009134 0.061061 0.16028 0.47955 0.0020637 0.49927 0.044966 -0.00011716 -0.00012185 0.00063075 0.00051097 -0.0023127 0.0014729 0.0027356 0.001988 0.013593 0.008205 0.023088 0.0085951 0.063748 0.010003 0.065454 0.011422 0.00010276 3.8265e-06 0.00010276 3.8265e-06
-0.0015277 6.1473e-05 0.0017204 0.0010303 -0.0020785 -0.0027279 0.031121 0.016253 0.055292 0.018414 0.073978 0.030014 0.0030129 -0.0015576 0.0081515 0.0068127 0.0084406 0.002124 0.021593 0.010149 0.075896 0.01654 0.26353 0.13438 0.17221 -0.15042 0.36566 0.34989 -0.010502 -0.023151 0.018341 0.023165 0.015688 0.007919 0.028563 0.016532 -0.12784 -0.02753 0.2277 0.085089 0.25365 -0.053357 0.59293 0.28522 0.0085 -0.0038184 0.010738 0.0047326 0.00050796 0.0053065 0.0042978 0.0057555 0.0004621 0.032309 0.032994 0.041862 -0.015771 0.0087302 0.042187 0.026956 0.0044035 0.00026635 0.0044092 0.0011198
-1.3436e-05 0.00036526 0.001205 0.00054828 0.0087002 0.0044767 0.056354 0.014179 0.027954 0.0056968 0.060231 0.014656 -0.0040669 -0.0014821 0.0041081 0.001487 -0.0068848 -0.0021139 0.015422 0.0040391 0.3255 0.074877 0.47444 0.1331 -0.13423 -0.016239 0.3738 0.18873 -0.00030669 -0.00060569 0.00053202 0.00084958 -0.010389 -0.0023044 0.014114 0.005563 0.30723 -0.062161 0.41804 0.14839 -0.19848 -0.13241 0.23174 0.17678 0.00033814 -0.00026735 0.00054462 0.0007347 -0.001108 0.0047053 0.0018207 0.0053583 0.010357 0.0078088 0.047566 0.03693 -0.009867 -0.016832 0.031929 0.032029 5.3119e-05 -5.1521e-07 5.4852e-05 2.7899e-05
-0.00059307 0.001406 0.00059544 0.0014223 -0.00154 -0.0073332 0.0027744 0.0073332 0.035509 -0.00032286 0.035713 0.0082908 9.8875e-05 0 9.8875e-05 0 -0.032171 0.0032492 0.035824 0.041974 -0.14437 -0.13146 0.20007 0.39778 0.3945 -0.038017 0.3945 0.289 3.7465e-05 3.7465e-05 3.7465e-05 3.7465e-05 -0.0067805 -0.029649 0.011991 0.053467 0.029474 0.086585 0.078756 0.21111 0.34532 0.10409 0.36457 0.16691 0 0 0 0 -0.00033524 0.00097748 0.00049991 0.0022255 0.001078 0.0017896 0.0045867 0.013695 0.054694 0.0050785 0.057806 0.0093143 0 0 0 0
-0.0015809 3.359e-06 0.0022283 0.00026625 0.026426 -0.01073 0.048717 0.013659 0.0059945 -0.031809 0.073569 0.032447 -0.0036877 8.377e-05 0.0036883 0.00014393 -0.014085 0.0028279 0.019274 0.0064651 -0.094306 -0.11101 0.50136 0.16895 0.34218 -0.032259 0.34616 0.11244 -0.023355 0.0032177 0.023439 0.0040691 -0.015841 -0.004244 0.021846 0.0057131 0.023331 -0.084218 0.3018 0.20652 0.315 0.050642 0.41845 0.092554 -0.019775 -0.00040941 0.019775 0.00072703 -0.0005385 0.00010714 0.0014654 0.0012332 0.0015004 -0.00078122 0.012947 0.0058462 0.057823 0.0078056 0.05852 0.012855 -0.0027759 0.0001617 0.0027759 0.00045565
-1.5733e-05 -0.00012642 2.1601e-05 0.00013306 -0.00023698 -0.00065482 0.00041936 0.00070026 0.044579 0.0023101 0.044648 0.0029819 0 0 0 0 -0.0021005 0.0041396 0.0022103 0.0048716 -0.034732 -0.1093 0.035355 0.1093 0.35839 -0.055293 0.35839 0.056496 0 0 0 0 -0.028614 0.015164 0.031931 0.039259 -0.13451 0.052401 0.23417 0.39962 0.42656 0.033128 0.4364 0.29153 0.00014224 -5.9634e-05 0.00014224 5.9634e-05 -0.002087 -0.0067026 0.0025744 0.011122 0.008572 0.018367 0.012088 0.038659 0.04964 0.020366 0.051729 0.034913 6.7234e-05 1.5042e-05 6.7234e-05 1.5042e-05
-0.0011082 1.055e-05 0.0022384 0.00030652 -0.019714 -0.0033036 0.032124 0.011933 0.057679 0.007535 0.062374 0.010725 -0.0011793 0.0017259 0.0045669 0.0027783 -0.013966 0.0013967 0.016174 0.011126 -0.13471 -0.055359 0.3914 0.21069 0.35028 -0.020998 0.47491 0.031846 0.026197 -0.027604 0.04914 0.030906 -0.010385 -0.0012708 0.013126 0.0046173 -0.085122 0.057143 0.25612 0.10382 0.3695 0.0050611 0.42124 0.045343 -0.014924 0.02622 0.060971 0.051297 -0.0016648 -7.3795e-05 0.0019345 0.00021552 0.0026954 -4.7287e-05 0.024072 0.012943 0.039659 -0.003593 0.062324 0.017033 -0.004977 -0.00085676 0.0075827 0.0022563
-0.0057479 0.0054064 0.0063941 0.0063833 -0.020185 0.015637 0.022597 0.031526 0.018138 -0.016804 0.018615 0.017471 0.0025201 0.0019565 0.0027012 0.0020567 0.010595 -0.055502 0.019719 0.058454 0.094192 0.047915 0.31746 0.27342 -0.00312 0.33427 0.23649 0.35547 0.06007 0.042659 0.060097 0.04304 -0.01324 0.02434 0.019609 0.028596 0.20298 -0.10532 0.25867 0.21565 0.34005 0.079957 0.3495 0.26432 0.00080278 0.000816 0.00093687 0.00093687 0.0025517 -0.0024499 0.0035138 0.0036632 0.031674 0.058125 0.061849 0.064752 0.035374 0.023032 0.035829 0.02345 8.734e-05 -2.57e-05 8.734e-05 3.4444e-05
-0.00071386 0.00010294 0.0015159 0.0014786 0.031156 0.0017605 0.068634 0.0040759 0.022329 -0.0042629 0.044823 0.0080263 -0.010121 -0.00022365 0.010121 0.00030841 0.0050382 -0.001092 0.019939 0.018534 0.2359 0.011819 0.50761 0.084056 0.095962 0.036846 0.28755 0.08655 -0.074043 0.0043085 0.074096 0.005005 0.021169 -0.0044349 0.034731 0.013225 0.29057 -0.009081 0.52674 0.087393 -0.004986 -0.054131 0.35854 0.1996 -0.055591 -0.0016829 0.055591 0.0088179 -0.001169 0.00010828 0.0012311 0.00040879 0.047324 -0.006702 0.071072 0.016719 -0.0069806 -0.010846 0.035115 0.018853 -0.0027072 -0.00060442 0.0028307 0.00105
-0.0026935 -0.00025279 0.0037592 0.0011197 0.052231 -0.0032964 0.075898 0.013326 0.026439 0.0037255 0.037792 0.0095485 -0.0029418 -0.00052425 0.0030805 0.00066876 -0.014172 0.012727 0.029171 0.013429 0.39162 0.077726 0.46426 0.25734 0.10654 0.0018564 0.14314 0.069475 -0.028041 -0.0031854 0.028041 0.0046972 -0.00531 -0.0012739 0.017647 0.0047153 0.35579 -0.01766 0.53947 0.089754 0.13035 -0.043597 0.18888 0.12435 -0.03295 -0.0028177 0.034688 0.0047627 -0.0015296 -8.6306e-05 0.0022335 0.0010479 0.043592 0.0038889 0.077526 0.0073587 0.026306 0.0021721 0.026429 0.0080443 -0.0052886 0.00042685 0.0054521 0.0020952
0.0005678 -0.00026323 0.00075842 0.00098334 0.032537 0.008232 0.050124 0.010628 -0.01283 0.0040147 0.052371 0.019537 0.00012364 -0.00022943 0.00060797 0.00045358 0.0036093 0.0029235 0.0069579 0.0041368 0.31685 0.040696 0.48687 0.067571 -0.22222 -0.029794 0.34814 0.038173 0.0029292 0.00010475 0.0031774 0.000723 0.0032231 -0.0026511 0.0073939 0.005099 0.31454 -0.073712 0.44074 0.15946 -0.22129 -0.044203 0.28691 0.062141 0.0017737 0.00032201 0.0019058 0.0013961 -0.00020448 -0.00013333 0.0016237 0.00040817 0.059132 0.022913 0.077375 0.025814 -0.045631 -0.0055465 0.046511 0.0056798 0.00033202 1.859e-05 0.00033506 0.00013629
0.00068192 0.0010311 0.00087251 0.0014414 0.0048329 0.003944 0.0080023 0.0079294 0.066426 0.0032294 0.066544 0.0038111 0 0 0 0 0.0019953 0.0016111 0.0058155 0.016873 0.001179 -0.026309 0.042403 0.050011 0.47843 -0.013988 0.47843 0.022127 0 0 0 0 0.012147 0.0035689 0.020893 0.036496 -0.035562 0.031967 0.13443 0.24613 0.45435 0.011876 0.45435 0.13325 0.00010004 -0.00025884 0.00063807 0.00050718 0.00018331 -0.0006295 0.00078807 0.0039228 0.0015658 -0.0046992 0.0056128 0.030215 0.078845 -0.00030306 0.079 0.0093103 -1.3432e-06 -1.3614e-05 0.000109 0.00010527
-0.006984 -0.0011484 0.0094826 0.0036453 0.035963 -0.01102 0.048863 0.027972 -0.012342 -0.019615 0.02662 0.062309 0.0021074 -0.0011006 0.0037859 0.0052291 -0.017594 0.012059 0.060786 0.014721 0.091211 0.093532 0.51401 0.16236 -0.063417 0.19378 0.26049 0.28906 0.019284 -0.0080332 0.025011 0.011846 -0.013138 0.0084222 0.018816 0.0096198 0.22578 -0.024114 0.37286 0.084365 -0.25599 -0.20068 0.34447 0.23849 0.013332 0.0029628 0.018236 0.01135 -7.2185e-05 0.00013429 0.00012554 0.0003489 0.0017108 -0.0092771 0.03382 0.015624 -0.018645 -0.015558 0.031647 0.020052 0.0025572 -0.00027546 0.0063782 0.0017175
-0.00073858 0.00036011 0.0014066 0.00048184 -0.0089077 -0.022676 0.054398 0.024298 0.04663 -0.0072791 0.089966 0.016975 -0.00065919 0.00041618 0.00069138 0.00051087 -0.0046241 0.00097685 0.014114 0.0039211 -0.066557 0.010153 0.16002 0.079096 0.43577 -0.0041071 0.52776 0.033914 -0.058235 0.0094815 0.058377 0.0096709 0.00203 -0.00090489 0.014196 0.0040789 -0.010357 0.057506 0.25489 0.13026 0.37463 0.033958 0.47233 0.061014 -0.06664 0.013141 0.066736 0.013364 0.00085822 -9.8754e-05 0.0010798 0.00045133 -0.012609 0.0020613 0.030716 0.0097107 0.058311 -0.015135 0.059635 0.020971 -0.0055191 0.0010526 0.0062878 0.001294
-0.0053002 4.6508e-05 0.0065402 0.00035376 0.055122 0.00042081 0.055144 0.002393 0.0057117 0.0025944 0.013964 0.0087761 -0.0016974 0.00015554 0.0017068 0.00037027 -0.027834 -0.0031846 0.033463 0.01141 0.37387 0.034471 0.37387 0.052357 0.011273 -0.041025 0.24195 0.076061 -0.013425 -0.0018363 0.01373 0.0028808 -0.026965 0.00036593 0.029945 0.0027191 0.25326 -0.0074164 0.43202 0.081868 0.017979 -0.20412 0.50521 0.26275 -0.014902 0.00034228 0.015113 0.0021874 -0.0044889 -0.00013791 0.004992 0.00093637 -0.0091139 -0.029916 0.08892 0.04016 0.049219 0.0010848 0.049665 0.012371 -0.0019726 -6.7052e-05 0.0022407 0.00032207
-0.0018856 0.0004784 0.003109 0.0010446 0.016039 0.0053949 0.031542 0.0087991 0.04142 0.00066894 0.063998 0.0067558 6.3127e-05 -0.00089141 0.0017351 0.0014505 0.010099 0.00085428 0.014147 0.0037427 -0.029405 -0.013955 0.21528 0.17512 0.37044 -0.025073 0.44874 0.19087 0.0024681 0.0012616 0.016034 0.0077261 -0.0052677 -0.00082116 0.024685 0.0045459 -0.12783 -0.016464 0.14696 0.035472 0.42549 0.013639 0.53942 0.11945 0.028103 -0.00052938 0.028315 0.0092066 -0.001758 -0.00034603 0.0031031 0.00066725 -0.016495 -0.0008594 0.020756 0.0040502 0.063687 0.0026416 0.072315 0.0081964 0.0038602 -0.00030807 0.0038739 0.00081932
-0.00024224 0.00030799 0.00047505 0.0005408 0.010928 0.013518 0.033511 0.052542 0.029528 0.010172 0.054237 0.017016 -0.0097695 0.0052638 0.011184 0.0065225 0.0095315 -0.00083374 0.0098919 0.0062499 0.20495 0.084776 0.27447 0.1282 0.028334 0.095346 0.32998 0.26396 -0.042016 0.014554 0.043178 0.016359 0.0022959 0.00056013 0.0037246 0.0017181 0.3296 -0.053426 0.36378 0.084996 -0.27561 -0.10971 0.41402 0.35968 0.045682 -0.011916 0.068783 0.034147 0.00012873 5.2904e-05 0.00012873 0.00013758 0.047791 -0.009516 0.048252 0.0099041 -0.0093145 0.0024326 0.066686 0.014189 -0.0012054 0.0031088 0.0033869 0.0042624
0.0002312 -0.00011464 0.0010021 0.00070516 0.051282 -0.020603 0.072836 0.021678 -0.041214 0.0038176 0.042433 0.0044396 0.00025756 -2.1787e-05 0.00027875 0.00010527 0.0070678 -0.0015739 0.0072266 0.0041005 0.36208 0.060204 0.50708 0.094295 -0.2612 0.029239 0.26473 0.030443 0.0022373 -0.00048507 0.0023672 0.00090905 0.0039188 -0.0003578 0.0042267 0.003578 0.30798 -0.026703 0.42842 0.062562 -0.21272 0.015999 0.3313 0.038016 0.0018386 -0.00096431 0.0018386 0.0010291 0.001226 -0.00038883 0.0013375 0.00060552 0.033559 -0.0035004 0.056785 0.0067761 -0.017179 -4.0316e-05 0.046254 0.0056172 0.00017292 -9.7713e-05 0.00023224 0.00011057
0.00032412 -0.00065193 0.00039832 0.00082215 0.053287 -0.020468 0.068533 0.021753 -0.042213 0.0027239 0.043576 0.0033017 0.00040879 3.4036e-05 0.00041527 0.00014388 0.0051481 0.0010255 0.0055511 0.0058027 0.36399 0.047428 0.49753 0.091265 -0.27763 0.020975 0.28334 0.024378 0.0035316 -0.001035 0.003584 0.0014987 0.0037801 -0.003442 0.0042942 0.0037725 0.31261 -0.017115 0.44016 0.065629 -0.23478 0.0097107 0.28409 0.018331 0.0025225 -0.001001 0.002538 0.0012325 0.00063304 0.00056196 0.00066186 0.00069143 0.036542 -0.0010443 0.048259 0.0054237 -0.02376 -0.0026862 0.045178 0.0064964 0.00028809 -7.4968e-05 0.00028928 7.569e-05
-0.00013557 -0.0001087 0.001763 0.00041044 -0.018868 -0.0017208 0.019879 0.0080494 0.05549 0.00075331 0.064917 0.0044401 -0.0002985 -0.00095624 0.0035618 0.0012682 0.0023423 0.00014679 0.013074 0.0034143 -0.16485 0.010039 0.25362 0.093318 0.39181 0.0080457 0.45496 0.039654 -0.012316 -0.0010986 0.024494 0.0048136 -0.0016515 -0.00024818 0.0096122 0.0036516 -0.15577 0.017418 0.35386 0.14923 0.37734 -0.0075464 0.44762 0.050265 0.013965 -0.0096781 0.051784 0.023282 -0.00051993 0.00029954 0.0018247 0.00077936 -0.0080248 0.008247 0.021145 0.01067 0.041048 -0.001976 0.067239 0.01909 -0.0016271 0.0037153 0.0085375 0.0081085
0.0017213 -0.0016264 0.0033803 0.0033989 0.0080781 -0.0037504 0.049711 0.019891 0.019103 0.005481 0.071995 0.031123 0.0015567 0.0013202 0.0030488 0.0027049 0.001705 0.0030584 0.011134 0.0074625 0.18746 0.13804 0.38177 0.19218 0.082485 0.21838 0.26639 0.22436 -0.019057 -0.012278 0.048082 0.020228 0.0034048 -0.0017082 0.013196 0.0048209 0.42538 -0.05637 0.56544 0.071408 0.039512 0.066039 0.15804 0.10523 -0.074849 -0.0011837 0.075028 0.0054467 0.00024921 0.00038972 0.0023761 0.00047053 0.057627 -0.0068054 0.084896 0.0098187 0.019855 8.3896e-05 0.022923 0.0057014 -0.012505 0.0029992 0.012505 0.0030107
-0.00052305 -0.0061094 0.0013442 0.011876 -0.0047861 -0.027992 0.014533 0.047933 0.071088 -0.0066012 0.071489 0.0094715 9.8622e-05 2.5611e-05 9.8622e-05 2.5611e-05 0.012699 0.0030737 0.015721 0.017042 -0.012439 -0.002018 0.099818 0.16176 0.48596 -0.03461 0.49754 0.043619 -0.00013943 -8.4879e-05 0.00064027 0.00028795 0.0015712 0.0086364 0.0053094 0.016362 -0.0074597 0.045584 0.042381 0.13541 0.46068 0.018561 0.46391 0.045043 -4.7337e-05 0.00017616 0.00017616 0.00017616 -0.00037305 -0.00018904 0.00096375 0.0016571 -0.0017175 -0.0032019 0.0042122 0.005721 0.070305 -0.0018146 0.070305 0.0022102 0 0 0 0
-0.002525 0.0006209 0.0065899 0.0024899 0.031485 -0.005004 0.12229 0.033451 -0.051042 0.0085824 0.069572 0.034569 0.0023702 -0.00019408 0.0034361 0.00083952 -0.040952 -0.010048 0.077815 0.0283 0.070279 0.0073006 0.6301 0.17019 -0.074628 0.057028 0.35509 0.15975 0.0086166 -0.0011074 0.011311 0.0059072 -0.095342 -0.0077258 0.12631 0.027519 0.16215 -0.080333 0.43968 0.123 -0.075156 -0.079739 0.27002 0.12742 0.019743 0.0038409 0.025467 0.0081667 -0.018183 -0.0019406 0.022122 0.0029133 0.014076 0.0046323 0.040234 0.017332 0.0058158 0.0046639 0.035274 0.014601 0.0024376 1.5683e-05 0.0035291 0.0014767
-6.5295e-05 0.00056834 0.0041289 0.0029147 0.0094823 -0.0079534 0.047035 0.020508 0.0069478 -0.0042755 0.0077423 0.0051708 0.00018541 0.00021895 0.00023812 0.00028131 0.020323 0.005729 0.029381 0.020327 -0.14434 -0.076636 0.33559 0.20697 0.21461 -0.080794 0.22369 0.11138 -0.0062001 0.00037408 0.013366 0.014529 0.0098763 -0.0034848 0.025171 0.031645 -0.21191 0.035136 0.36784 0.18914 0.27706 0.12465 0.48736 0.36712 0.013909 0.018719 0.038982 0.04798 8.9249e-05 0.00065579 0.001873 0.00079419 0.0051252 0.017385 0.043717 0.019586 0.035725 0.013889 0.070798 0.023494 0.0044936 0.0024166 0.0080792 0.0040664
1.504e-05 -0.0024668 0.0017334 0.0059836 -0.0051905 -0.030934 0.01398 0.050966 0.062849 -0.012283 0.062867 0.013184 5.8914e-05 5.3873e-05 5.8914e-05 0.00011219 -0.0038298 -0.013623 0.0065044 0.028689 0.034423 -0.046404 0.059379 0.11381 0.50411 -0.06839 0.5054 0.084791 0.00051845 -2.9419e-05 0.00051845 0.00038894 -0.016233 0.0078191 0.017538 0.012236 0.11319 0.053465 0.14657 0.080057 0.43963 0.024044 0.44 0.083915 0.00057523 -3.5808e-05 0.00074734 3.5808e-05 -7.339e-05 0.0031922 0.00080282 0.0032086 0.0069899 0.022608 0.0081456 0.022961 0.052351 -0.0036274 0.053574 0.0036274 3.1997e-05 2.7186e-05 8.6369e-05 5.8526e-05
0.0014618 -0.00020435 0.0023902 0.00040637 -0.0066547 0.014076 0.040961 0.019618 0.047254 0.027437 0.071349 0.028688 -0.0074841 0.0002343 0.0075 0.0002694 0.0084498 0.0010541 0.0097507 0.0035141 -0.028351 -0.027744 0.27423 0.052646 0.38378 0.0057759 0.48888 0.10048 -0.049573 1.393e-05 0.049605 0.0012808 0.0086306 -0.0019406 0.011728 0.0038626 -0.093076 0.056531 0.19699 0.091521 0.43588 -0.017281 0.46229 0.16796 -0.048724 0.0014514 0.049072 0.0032671 0.0010044 -0.00034332 0.0021319 0.000674 -0.017009 -0.0008229 0.023214 0.0060142 0.059126 0.0008494 0.082855 0.0062034 -0.005469 -0.00031269 0.0060222 0.00083163
-0.0041773 0.00016266 0.0045798 0.00082678 0.0065088 0.0064072 0.042985 0.020932 0.059752 0.015058 0.069132 0.018005 0.0018327 -0.00024323 0.0021891 0.0012327 -0.02807 0.0048262 0.028881 0.0090948 0.033542 -0.05689 0.24187 0.07906 0.46075 -0.058558 0.48399 0.072161 0.0077984 -0.0025366 0.013841 0.013206 -0.038288 0.0097972 0.048097 0.011596 0.054715 0.037147 0.2313 0.19063 0.40854 0.055094 0.41171 0.10626 0.0023586 0.0021734 0.023288 0.014774 -0.0028544 2.6208e-06 0.0052831 0.00060378 -0.01058 -0.00030834 0.020932 0.004064 0.068531 -0.016887 0.080575 0.020477 0.0011519 0.00082361 0.0016488 0.0016311
-0.0022222 -0.001396 0.0050746 0.0018436 0.010843 0.0069876 0.051075 0.015667 0.0087297 -0.0044114 0.0094813 0.0053263 7.2675e-05 -1.1923e-05 0.00017441 0.00018346 -0.0073355 0.0082766 0.026964 0.012595 -0.10306 -0.013878 0.42141 0.21288 0.18408 -0.040012 0.212 0.077044 -0.0039687 0.00083271 0.011345 0.011861 -1.3901e-05 -0.0072242 0.01684 0.013801 -0.12775 -0.025349 0.24276 0.1218 0.25984 0.14846 0.59237 0.35043 0.017827 0.024334 0.055257 0.042878 0.00022541 0.00013084 0.0036273 0.00039962 0.029326 0.040706 0.072694 0.04485 0.012897 0.029883 0.053471 0.034412 -0.0061865 -0.0030752 0.0062409 0.0040664
0.00013117 -0.00025335 0.0019105 0.00055081 -0.0085073 -0.011536 0.087361 0.048852 0.063077 0.017122 0.069094 0.019057 -0.0018486 -9.6084e-06 0.004898 0.0002549 -0.0052374 0.0014912 0.011346 0.0031391 0.043253 -0.035249 0.26771 0.086815 0.41698 -0.020985 0.46532 0.11881 -0.0098704 0.0030307 0.033936 0.0044575 -0.0072555 -0.0012006 0.013031 0.0033924 0.029041 0.059887 0.25826 0.15407 0.38736 0.02987 0.45453 0.14574 0.00019619 -0.0010667 0.035062 0.01066 -0.001126 -5.332e-05 0.0017345 0.00047453 -0.022495 -0.00019732 0.035346 0.0022743 0.075379 -0.010568 0.09257 0.015686 -0.0017039 -0.00020231 0.0028202 0.00069596
-0.0013438 0.0031032 0.0056112 0.0075444 -0.00040962 -0.044559 0.054936 0.085899 0.052602 -0.025399 0.054175 0.049179 0 0 0 0 -0.016977 -0.021355 0.023952 0.041569 0.041447 0.0069738 0.071596 0.21853 0.46426 0.036405 0.47288 0.087256 0 0 0 0 -0.002296 0.0068713 0.0055797 0.016678 0.0091177 0.030775 0.030779 0.08729 0.47516 -0.0016105 0.47516 0.025725 0 0 0 0 0.0001785 9.3253e-05 0.00034003 0.00029428 -0.0024468 -0.0013692 0.0060287 0.0043221 0.073267 -6.2401e-05 0.073267 0.00081728 0 0 0 0
0.0013265 7.0819e-06 0.0037603 0.00076242 -0.022124 0.0033467 0.025646 0.0091337 0.051894 0.015259 0.055894 0.019044 -0.005211 -5.4523e-05 0.0069785 0.00031739 0.0045456 0.00069656 0.012366 0.0036348 -0.11987 -0.01557 0.26179 0.032267 0.42488 0.028823 0.48208 0.17068 -0.032844 0.00035784 0.049213 0.0015308 0.0030821 -0.0011801 0.0061788 0.0032353 -0.11008 0.058951 0.16775 0.074309 0.40665 -0.020607 0.47274 0.10291 -0.028881 0.0020693 0.04599 0.005023 0.00050647 -3.9797e-05 0.0014663 0.00066726 -0.0077959 -0.0011122 0.012568 0.0037764 0.044507 0.0011819 0.084042 0.0039633 -0.0040385 9.9064e-05 0.0051753 0.00087794
0.0002223 -0.00051938 0.0010973 0.001842 0.065986 -0.0043549 0.067985 0.0055458 0.00034838 -1.3342e-05 0.00036111 1.3342e-05 0 0 0 0 0.0039031 0.017158 0.016972 0.019527 0.42908 0.11217 0.48429 0.13364 0.007206 -0.0031645 0.0081644 0.0048062 0 0 0 0 0.002148 -0.027125 0.011331 0.04211 0.45887 -0.10065 0.49789 0.23811 0.013162 0.0038484 0.015791 0.005207 0 0 0 0 0.00018844 -0.001221 0.0011005 0.0016679 0.077118 0.00023195 0.079722 0.0076281 0.00031993 -0.00037336 0.00046031 0.00054562 0 0 0 0
-0.0017104 -0.0001157 0.0026309 0.00042096 -0.0032075 0.0037877 0.028156 0.0078386 0.051648 0.0011268 0.055065 0.0088542 -0.00022663 -0.00032006 0.0030431 0.0014141 -0.0077743 -0.0011484 0.012321 0.0045639 -0.081084 0.014771 0.18621 0.071356 0.39744 -0.047615 0.4211 0.16158 0.0035736 0.0011812 0.025133 0.0058314 -0.0074467 0.00051624 0.011136 0.0025887 -0.14109 -0.016385 0.17754 0.024864 0.45083 0.052884 0.55444 0.06746 -0.0073583 -0.0012968 0.016106 0.0042729 -0.0011865 -0.00027732 0.0022767 0.00048798 -0.020234 -0.0015572 0.029568 0.01249 0.063892 0.0054926 0.075434 0.0078881 0.00084721 -0.00024334 0.0053349 0.00073267
-0.0012646 -0.00082536 0.00581 0.0015836 -0.0045067 0.0037724 0.026985 0.0099657 0.056651 -0.0094872 0.096679 0.029019 -0.0043537 -0.0021475 0.012686 0.0050457 -0.013742 -0.0050375 0.024415 0.0079865 0.061178 0.043567 0.2177 0.12778 0.10984 -0.0065633 0.48091 0.26409 -0.0096675 0.0066361 0.085301 0.062547 0.0045151 0.026931 0.041104 0.048852 0.12891 0.050655 0.32308 0.12807 -0.10802 -0.024734 0.54565 0.22193 -0.0236 -0.057925 0.090061 0.067188 -0.0039826 0.014253 0.0039947 0.014292 -0.035747 0.14443 0.035798 0.14463 0.00173 0.081691 0.084139 0.10518 -0.013592 0.0070693 0.015443 0.0079933
-2.7321e-05 -0.0001848 0.00026988 0.00033938 0.00045703 -0.00076522 0.0041348 0.0028858 0.010813 0.043375 0.019486 0.043603 -0.0011226 0.0011798 0.001394 0.0014166 0.00090897 0.0038982 0.0087951 0.0067796 0.010497 -0.016031 0.13452 0.1107 0.31169 -0.042893 0.52265 0.19958 -0.047499 0.0014846 0.050178 0.0044407 0.0053995 -0.010972 0.019288 0.031387 0.016794 0.059839 0.19254 0.23145 0.18127 -0.050367 0.54554 0.3339 -0.018295 -0.0061312 0.020218 0.0073641 -0.00059543 0.0049025 0.0039861 0.0087412 0.0064117 0.010972 0.052019 0.055979 -0.0080767 -0.012086 0.012098 0.014927 0.0002756 0.00027944 0.00049156 0.00040545
0.0019977 -0.0031745 0.0048278 0.0067496 -0.023406 -0.00021026 0.025175 0.011591 0.019468 0.038148 0.07208 0.052273 0.0053071 0.0038714 0.0064018 0.010397 0.015361 -0.010698 0.036553 0.035282 -0.10058 0.033887 0.21587 0.085034 0.2945 -0.018603 0.61097 0.15806 0.0064223 0.00016105 0.022302 0.021066 -0.00947 0.0048338 0.026559 0.014056 0.078195 0.15876 0.392 0.19661 0.14439 0.15196 0.3381 0.20199 0.012776 0.014853 0.032164 0.016683 -0.0026303 0.00034166 0.0031435 0.0012329 0.059038 -0.01124 0.060451 0.018148 0.00094542 0.017976 0.021039 0.021528 -0.00012941 0.0038712 0.0023266 0.0042083
-3.6074e-05 -0.00067358 0.003278 0.0015282 0.00065757 0.0067148 0.02782 0.011078 0.031064 0.0031566 0.061086 0.015423 -0.0002785 0.00062299 0.0018798 0.0015918 -0.014277 -0.00079686 0.02313 0.01311 0.34517 0.043129 0.40509 0.12604 -0.035615 0.24745 0.3673 0.27704 -0.015183 0.0080925 0.031237 0.015824 -0.018762 -0.00050977 0.023881 0.006259 0.40463 -0.0468 0.42766 0.10071 0.12103 0.023642 0.14496 0.088712 -0.016048 0.033653 0.020841 0.036244 -0.0013054 0.00055113 0.0034681 0.0015907 0.05438 0.0016961 0.070625 0.0083465 0.025565 -0.00026928 0.025565 0.0053732 -0.0014691 -6.2934e-05 0.0016404 0.0005692
0.00019456 0.00053307 0.0021956 0.0017508 0.055003 -0.0050681 0.071705 0.0077337 0.0077964 -0.01966 0.028746 0.023441 -0.00064835 -0.00030906 0.0014758 0.00070116 -0.0016986 -8.0783e-06 0.010508 0.0050181 0.38713 -0.0063728 0.50148 0.027965 0.050095 -0.0030256 0.25901 0.11241 -0.0051749 0.0006017 0.007806 0.006028 -0.0008243 3.2352e-05 0.025146 0.012164 0.37984 0.0016104 0.50071 0.026045 0.041266 0.018514 0.21831 0.21561 0.00049289 -0.0014684 0.014357 0.0060281 0.00052262 0.00013607 0.0023256 0.00059683 0.057342 -0.00086402 0.074518 0.0031668 0.0030265 -0.0089155 0.040457 0.041968 0.00061607 0.00028979 0.0024588 0.00091706
0.00073183 0.00026046 0.0010801 0.00049008 0.0034362 -0.0048383 0.041573 0.0073757 0.055078 0.0026864 0.058906 0.01256 -0.010944 -0.00019356 0.01096 0.00042074 0.0025239 -0.00065679 0.0067857 0.0041103 -0.050791 0.0098064 0.20868 0.083626 0.43883 -0.014603 0.46737 0.086322 -0.078451 -0.0038293 0.078451 0.0043573 0.0027157 -7.8145e-05 0.012112 0.0044351 -0.072918 -0.0054612 0.20646 0.036668 0.45116 0.011286 0.48019 0.05034 -0.079728 -0.0012752 0.079871 0.0089123 -0.00059506 -2.3225e-05 0.0024414 0.0005405 0.0054228 0.004153 0.047756 0.0072868 0.048454 -0.0049411 0.053036 0.006977 -0.010983 -0.000119 0.010996 0.00019865
-0.0075043 0.00052455 0.0076544 0.0020641 -0.0020059 -0.0051554 0.026139 0.028435 0.056764 -0.013239 0.065504 0.017411 0.0018764 -0.00032789 0.0066175 0.0022675 -0.0093686 0.0067282 0.016374 0.0089037 -0.14424 0.064949 0.2885 0.19573 0.29313 -0.061454 0.35233 0.083899 0.050745 -0.010949 0.078737 0.013465 -0.0032798 -0.0032509 0.02283 0.0065184 -0.25892 0.077168 0.27908 0.091526 0.23157 0.10998 0.47098 0.34658 0.12823 -0.010237 0.1477 0.019568 0.0011003 0.0005612 0.0020148 0.0011765 -0.021566 0.0082352 0.028939 0.0093875 0.0048335 -0.0030383 0.063936 0.027863 0.017288 -0.0062078 0.018168 0.0065469
0.00047533 0.0034733 0.0021993 0.0039104 0.061098 0.005365 0.065982 0.0073221 0.012929 -0.0057929 0.038592 0.0099143 -0.0070956 0.00077277 0.0071036 0.0010278 0.036698 -0.011347 0.048914 0.0209 0.35618 0.092323 0.56406 0.15132 0.027563 0.0043407 0.20148 0.055846 -0.036955 0.0038664 0.03696 0.0048415 0.0033388 -0.0014463 0.018279 0.0035841 0.36357 -0.066285 0.51544 0.10187 0.057481 -0.0094069 0.17423 0.057332 -0.028001 0.0032156 0.028001 0.0043394 -0.00059942 0.0014093 0.0030223 0.0014228 0.056737 0.0011168 0.076873 0.025765 0.0085943 0.0016937 0.016147 0.0099035 -0.0028895 0.0006962 0.002987 0.00087141
-0.00067379 5.776e-05 0.00078111 0.00028013 -0.019995 -0.0017386 0.034926 0.0032072 0.061615 0.0023526 0.064354 0.0028366 0.0011757 -1.3738e-05 0.0032558 0.00053103 -0.0068258 0.00061979 0.0079123 0.0027167 -0.13301 -0.0059256 0.20483 0.024338 0.43434 -0.0027572 0.45403 0.013187 0.0018683 -0.0096675 0.02972 0.011494 -0.0016802 -0.00024535 0.0096672 0.0024327 -0.13061 -0.0051326 0.16751 0.025872 0.28581 -0.078077 0.57932 0.22001 0.056813 0.00043403 0.079872 0.01555 -0.00069956 -0.00010243 0.0011539 0.00053065 -0.011508 -0.0066725 0.031611 0.0094709 0.0208 -0.013274 0.060985 0.02484 0.0068809 0.0010155 0.0096317 0.0011034
-0.0023668 -0.00021774 0.0031911 0.001033 0.060049 0.0088154 0.06122 0.01047 0.0026598 0.0022636 0.024419 0.0050583 -0.0051902 0.00051909 0.0052112 0.00070357 -0.01161 0.0011861 0.030693 0.0069825 0.38976 0.067904 0.53257 0.1916 -0.0042968 -0.00056227 0.16435 0.031324 -0.06115 0.0050314 0.061318 0.0053092 -0.021969 0.0024502 0.025427 0.0057973 0.39759 -0.045742 0.52697 0.080942 0.038404 0.0017895 0.11391 0.030941 -0.069148 0.0038383 0.069202 0.0046768 -0.0032065 0.0017547 0.0040469 0.0019681 0.050877 0.0025052 0.059627 0.029642 0.0077744 -0.0052297 0.015131 0.0070137 -0.0088904 0.00078153 0.0089025 0.00083832
-0.0010695 -0.00047092 0.0018824 0.00054539 0.017245 -0.00070669 0.030112 0.015165 0.020562 0.0024927 0.095861 0.023036 0.0025914 0.0012411 0.0045761 0.0021404 -0.014496 0.0033154 0.018295 0.0064905 -0.01043 -0.062334 0.18504 0.12873 0.40806 0.021071 0.51377 0.1493 -0.0010405 0.0013939 0.034258 0.014541 0.0055011 -0.0061395 0.017759 0.016276 -0.1186 0.027751 0.17774 0.13046 0.40249 -0.14391 0.41566 0.20828 -0.01217 -0.033985 0.055567 0.057299 0.0065236 0.0023361 0.007634 0.0028525 -0.028589 0.03071 0.039586 0.042523 0.012314 0.006418 0.042341 0.014691 0.010345 0.0033002 0.012729 0.0041643
0.0018471 0.00033225 0.0019891 0.00078652 -0.026224 0.0057655 0.028047 0.0090693 0.070089 -0.0034603 0.075934 0.0062189 -0.0061499 -0.00028167 0.0062457 0.00062358 0.01147 -0.0015801 0.014527 0.0036292 -0.15296 -0.016906 0.16539 0.061225 0.43339 -0.028225 0.5094 0.055452 -0.032753 -0.0025654 0.042508 0.007839 0.0084858 0.00042277 0.0087593 0.0034829 -0.12038 0.043422 0.18536 0.086153 0.35267 0.019298 0.52533 0.059869 -0.006845 -0.0034566 0.048609 0.006685 0.0012645 0.00019738 0.0018962 0.0005721 -0.0024344 -0.0052574 0.030678 0.017485 0.033986 -0.0066866 0.10069 0.022823 -0.00058481 -0.00034624 0.0085433 0.0015673
0.011237 -0.00045819 0.012423 0.0013526 0.020675 -0.029566 0.078905 0.030364 -0.03757 0.0026587 0.037845 0.0028672 5.6385e-05 8.3932e-05 0.00019268 0.00029138 0.047992 -0.01381 0.057292 0.024857 0.30823 0.01133 0.50505 0.12944 -0.23927 0.01519 0.24576 0.02457 -0.00048001 -0.00053007 0.00082974 0.001096 0.0080647 -0.011761 0.018942 0.018169 0.42143 -0.043016 0.44414 0.099278 -0.2203 0.028115 0.22414 0.035018 0.00012767 0.0003235 0.0004887 0.0012879 -0.00020911 9.5956e-05 0.0018254 0.00078339 0.056855 0.0041582 0.057305 0.005513 -0.024902 0.0031355 0.033142 0.0040218 9.7869e-06 3.4202e-05 8.5169e-05 0.00011003
0.00013164 8.6273e-05 0.00073363 0.00021736 -0.018275 -0.00089449 0.028641 0.0015437 0.062292 -0.00014698 0.062292 0.0023686 -2.4439e-05 0.00025863 0.0020483 0.0010636 -0.005928 -0.00025485 0.0095921 0.0034096 -0.11311 -0.015124 0.15957 0.041906 0.45184 0.048814 0.45184 0.05817 -0.0173 -0.018352 0.059961 0.022244 -0.010693 0.00016281 0.017996 0.0033679 -0.097499 0.0082635 0.15009 0.02854 0.27928 -0.10864 0.59463 0.19696 0.034239 -0.007168 0.092895 0.024543 -0.0019409 -0.00053905 0.0022272 0.00085534 -0.0030717 -0.0029965 0.035731 0.012764 0.002716 -0.013417 0.055411 0.028022 0.013611 0.0012074 0.013684 0.001273
-1.2138e-06 3.665e-05 5.7168e-05 5.3609e-05 0.01721 0.0078012 0.017454 0.0094414 0.019468 0.019197 0.040484 0.022997 -0.0091967 0.00083395 0.010622 0.0017582 0.0001695 -0.00010621 0.00069582 0.0008664 0.25222 0.03464 0.2539 0.044661 -0.021207 0.0049708 0.50233 0.28387 -0.058244 0.0023581 0.06859 0.0070259 0.00013329 0.00073509 0.00026817 0.00081297 0.36992 -0.01883 0.37221 0.035223 -0.11191 0.020092 0.45749 0.094185 -0.0433 -0.0052298 0.058938 0.011327 4.3939e-05 3.1794e-05 0.00010255 0.0001283 0.055247 -0.00025115 0.055415 0.0019915 -0.023058 0.0044732 0.054096 0.0063897 -0.0030476 7.0864e-05 0.0089347 0.0012423
0.0039856 -0.0025956 0.0081168 0.0046684 0.043907 -0.021958 0.047151 0.041851 0.00027498 -0.00036574 0.00041164 0.00059837 0 0 0 0 0.010821 0.023394 0.013918 0.030528 0.45681 0.040384 0.52439 0.21495 0.0031789 -0.00073777 0.0065722 0.0020401 0 0 0 0 0.00031748 -0.015335 0.0086525 0.032148 0.43526 -0.088042 0.47122 0.16921 0.0057613 0.00080326 0.0093411 0.002835 0 0 0 0 -0.00090711 0.0025725 0.0037275 0.0043361 0.067256 0.0072115 0.076296 0.019023 0.00080648 0.00013141 0.00087617 0.00024402 0 0 0 0
-0.00079002 -0.00046305 0.0028524 0.00078482 -0.031329 0.00036902 0.034716 0.0097764 0.0038379 -0.0034297 0.013197 0.0078394 0.017681 0.0030458 0.018331 0.0032169 -0.0053311 0.0010015 0.020026 0.0050235 -0.20879 -0.023363 0.23961 0.037281 0.19269 0.045917 0.55539 0.33612 0.11692 0.025218 0.13766 0.027141 -0.0012229 0.0015206 0.012725 0.003479 -0.20811 0.0015039 0.24119 0.04116 0.33385 -0.013455 0.3959 0.11098 0.044516 0.0046263 0.060552 0.00777 -9.7957e-05 -0.0002203 0.0027153 0.0008733 -0.03 0.011559 0.041016 0.012916 0.046684 0.013938 0.054425 0.025611 0.0045815 -0.00030208 0.0056973 0.0017798
-0.002031 0.0030772 0.0027311 0.0036695 -0.050576 -0.013455 0.096043 0.025212 0.024313 0.0086895 0.038528 0.01302 -0.0022548 -0.00047357 0.0038432 0.0015171 -0.11195 -0.055875 0.11218 0.05759 -0.17769 -0.11858 0.3853 0.49787 0.18737 -0.071311 0.3304 0.12485 0.0085428 0.0010363 0.013018 0.0078468 -0.037945 -0.0070408 0.11307 0.039184 -0.18258 -0.037893 0.19532 0.074596 0.30082 0.031142 0.37849 0.10145 0.019942 0.010342 0.029434 0.013309 -0.0034973 -0.0052383 0.020452 0.0070967 0.0059918 0.0030435 0.050695 0.01514 0.024119 0.012908 0.031929 0.016634 -0.00093301 -0.00026875 0.0021857 0.00063494
0.00224 -0.0017991 0.0033742 0.0028637 -0.0025466 -0.0049519 0.05559 0.02925 -0.0074188 0.002657 0.011532 0.0095602 0.00061953 -0.00046868 0.0006595 0.00049402 0.0033193 -0.010338 0.0115 0.023433 0.26808 -0.042653 0.4339 0.22968 -0.18179 0.13418 0.44326 0.16904 0.0020848 -0.0011038 0.0032419 0.0028607 0.0017849 0.0040305 0.014448 0.019371 0.12804 0.038158 0.21402 0.2377 0.034047 -0.016759 0.44142 0.28033 -0.0026479 0.00074036 0.0036972 0.0046464 0.0007283 0.0020241 0.0014253 0.0031706 0.023978 -0.030534 0.041817 0.040719 0.0087156 0.009181 0.036478 0.043582 -0.0049332 0.0018087 0.0052302 0.0019427
0.002576 0.001091 0.0031586 0.0025546 0.035935 -0.025744 0.062955 0.046628 -0.039395 0.010618 0.041452 0.012779 0.00043106 -4.0323e-05 0.00058053 0.00041348 0.010838 -0.0095389 0.017655 0.01835 0.25346 0.067493 0.39987 0.20724 -0.15605 0.083538 0.49128 0.12704 0.00083855 -0.0013179 0.00218 0.002591 -0.0051353 0.0084687 0.018931 0.033278 0.17417 0.0083078 0.27582 0.35806 -0.068461 0.027641 0.3444 0.2384 -0.00046269 -0.0010471 0.0018965 0.004597 -0.0018698 0.0010774 0.0039365 0.0040815 0.040316 -0.003672 0.059095 0.033448 -0.014492 -0.022937 0.039862 0.034635 -0.0024449 0.00081473 0.0025323 0.0013621
-0.0023039 -0.0037468 0.0028721 0.0051119 -0.0043731 0.0050917 0.014161 0.029414 0.031055 0.045581 0.033679 0.071179 0.00071662 0.0023857 0.0013338 0.0024425 0.012879 0.014235 0.026189 0.11341 0.018011 0.077335 0.57511 0.36265 0.0096071 0.059926 0.13669 0.12617 -0.0016909 0.0020959 0.0027935 0.0045646 0.0065254 0.017685 0.022644 0.021651 -0.056112 0.13987 0.46897 0.34578 0.0015019 -0.019916 0.18532 0.23052 -0.0042513 -0.011385 0.018796 0.024113 -0.00066209 -0.0025253 0.0069229 0.0065432 -0.014285 0.031554 0.031147 0.086976 -0.02892 -0.007728 0.043655 0.05959 0.00065378 0.0033539 0.0057902 0.0052854
0.0025933 -0.0036707 0.0054137 0.0052884 -0.025034 0.060522 0.062059 0.07113 0.0073998 -0.020391 0.016448 0.031746 0.00044755 -0.00046676 0.0030732 0.0013457 -0.0065532 0.015952 0.0074418 0.015952 0.066802 -0.12891 0.3272 0.28775 0.05576 0.26582 0.49847 0.37791 -0.033664 0.030792 0.069675 0.050406 -0.00018427 7.9121e-05 0.00018427 0.00018427 0.15463 0.02512 0.15774 0.090866 0.14201 0.027189 0.34372 0.29266 -0.032563 0.017332 0.068908 0.065046 -2.671e-05 6.4998e-05 7.5887e-05 7.9604e-05 0.007944 -0.0035526 0.0084024 0.0051127 0.036821 -0.013049 0.060976 0.024676 0.00043129 0.0047335 0.0072188 0.007433
0.0001861 -0.00022588 0.00044492 0.00058545 0.030809 -0.065971 0.048586 0.099086 -0.039644 0.011325 0.04335 0.021237 3.2128e-05 0.00015376 0.00045885 0.00091989 0.00064426 -0.0012046 0.0023745 0.0026917 -0.079086 -0.032348 0.18484 0.10486 0.15892 -0.011308 0.56067 0.3288 0.0025702 -0.0010263 0.0028469 0.0056985 0.0011593 0.00010957 0.0018895 0.0014781 -0.05798 0.012594 0.14148 0.20799 0.25862 0.047814 0.5091 0.26856 -0.025507 0.008027 0.026652 0.011751 -4.4079e-05 -0.0012893 0.00072613 0.0018818 -0.014126 -0.0083632 0.02347 0.020721 0.050983 -0.021581 0.056232 0.040964 -0.006507 0.0024986 0.0068395 0.003322
0.0055441 -0.0001492 0.0056829 0.0005686 -0.011641 -0.0022875 0.064767 0.014417 0.0068392 0.022531 0.11801 0.042396 -0.008236 0.00042831 0.0082456 0.00056282 0.0082557 -0.0023031 0.0087863 0.0051093 -0.067843 -0.015721 0.5185 0.064199 0.17649 -0.038787 0.37651 0.16337 -0.043135 -0.0058527 0.065792 0.011943 0.0013606 -0.00039483 0.0025247 0.0034255 -0.02937 0.025512 0.49583 0.036892 0.073015 0.032671 0.44435 0.16726 -0.023133 0.0009382 0.074162 0.016616 0.00031517 8.9404e-06 0.00055653 7.8013e-05 0.014441 0.0082078 0.059257 0.0092561 -0.01202 -0.0077661 0.043781 0.022408 -0.0015525 9.5984e-06 0.012125 0.00070151
2.0573e-05 -3.6363e-05 3.1586e-05 5.351e-05 0.004465 0.0016376 0.10498 0.0053293 0.01502 -0.002784 0.072137 0.013561 -0.011885 0.00018036 0.019195 0.0011459 -6.4246e-07 0.00055918 0.00020288 0.00084197 0.25851 0.011703 0.55035 0.06311 -0.060606 0.058836 0.28121 0.10461 -0.12147 0.0043712 0.14791 0.0097362 3.3644e-05 0.00025602 0.0010449 0.0014752 0.40783 -0.00088722 0.416 0.016921 -0.18634 -0.00077593 0.21223 0.083731 -0.12592 -0.0022871 0.15169 0.0056222 0.0001353 4.6965e-05 0.00020825 0.00013663 0.059695 -0.00067254 0.059854 0.0054869 -0.025662 0.010388 0.028507 0.013086 -0.017944 0.00061768 0.021285 0.0014078
-1.836e-06 7.8779e-05 5.6937e-05 0.00010994 0.023736 -0.00351 0.069496 0.0051494 -0.028039 -0.0046776 0.069247 0.028223 0.0065818 -0.00023664 0.011368 0.00299 -1.8282e-05 0.00027307 0.00078889 0.00049161 0.25513 0.0072704 0.39218 0.029565 -0.27845 0.051201 0.35248 0.071764 0.039951 -0.002983 0.043949 0.013869 0.00016503 1.6568e-05 0.0010095 0.0012279 0.36774 -0.018281 0.36889 0.022886 -0.36232 0.026993 0.36331 0.070161 0.034725 -0.0033231 0.036591 0.010594 -1.9943e-05 0.0001692 0.00017946 0.00019255 0.05335 0.00058927 0.053376 0.009145 -0.047068 0.0021768 0.055034 0.0072776 0.0037612 0.00030063 0.0044698 0.00067342
-0.00163 0.0025119 0.0021953 0.0041321 -0.0052256 0.0097028 0.032728 0.027412 0.012319 -0.0069298 0.030397 0.037931 0.0057984 0.0017378 0.010796 0.0035685 0.0069228 -0.002746 0.012471 0.011255 -0.085594 -0.021434 0.26416 0.2314 0.18424 0.091239 0.50944 0.32373 0.033029 0.0044479 0.068345 0.045451 0.010394 -0.022851 0.033441 0.05845 0.10795 -0.0043235 0.35689 0.31503 0.18321 0.064259 0.34193 0.20687 -0.016169 -0.0079835 0.037195 0.039748 0.0062133 0.0096512 0.010341 0.015519 -0.0019611 0.021734 0.026902 0.035683 0.02896 0.00176 0.030436 0.021312 -0.0056062 0.0022988 0.0056921 0.0043792
-0.00037621 -0.00047417 0.0013612 0.00086712 0.056446 -0.0010609 0.07419 0.0038449 0.014319 0.0044534 0.026481 0.012393 -0.0025134 7.2375e-05 0.0025808 0.00082426 -0.0094117 -0.0041364 0.016578 0.015716 0.39437 -0.0053586 0.51173 0.022596 0.079008 -0.0047029 0.24392 0.090483 -0.018796 -0.00062068 0.019776 0.0025056 -0.0021006 0.0013401 0.01065 0.021619 0.36543 0.030301 0.51805 0.054513 0.097773 -0.013106 0.24382 0.098654 -0.017731 -0.0026975 0.022068 0.0047833 -0.00096779 0.00098253 0.0023246 0.0012679 0.046848 0.0013312 0.077245 0.0024241 0.0097883 -0.0010428 0.047867 0.011123 0.0028101 -0.00097717 0.0097563 0.001112
-0.002251 -0.00046152 0.0025537 0.0014739 0.05237 -0.00058309 0.064784 0.0084324 -0.042969 -0.002363 0.045053 0.0031809 -1.5914e-05 -7.3411e-05 0.00011596 0.00015651 -0.010887 0.0034154 0.018621 0.015146 0.20183 0.037009 0.44926 0.086097 -0.16301 -0.016188 0.45235 0.021392 0.00012378 -8.8537e-05 0.00076284 0.00057433 0.014596 -0.0039242 0.027368 0.017127 0.18637 -0.034139 0.53037 0.17311 -0.18382 -0.021719 0.33625 0.051802 0.00026002 -0.00056559 0.00060987 0.00082691 0.00078749 -0.00011251 0.0032282 0.00069247 0.01728 -0.018635 0.063088 0.02729 -0.017312 -0.015789 0.018916 0.019717 6.4014e-05 -2.2033e-05 6.5116e-05 2.9519e-05
0.00016816 0.0010598 0.0060911 0.0016732 0.00095373 0.0075353 0.023937 0.01644 0.021319 0.0028374 0.022978 0.01949 0.00061307 -0.00067187 0.00068017 0.00083862 -0.038318 0.016141 0.055271 0.027613 0.0031278 -0.0021745 0.17499 0.15428 0.127 0.055572 0.50745 0.19308 -0.0012807 -0.013148 0.033979 0.023105 -0.022882 -0.013195 0.037818 0.025372 0.12914 0.056822 0.355 0.1348 0.058207 0.022049 0.41023 0.52429 -0.027839 0.00030951 0.059547 0.030668 0.0014988 0.0002177 0.0028848 0.0011193 0.0019622 0.010326 0.023876 0.016293 -0.002238 0.0033946 0.033472 0.019593 -0.0023169 0.0020663 0.013168 0.0032248
1.0129e-05 0.00013433 0.00011926 0.00013872 0.047321 0.0014731 0.04808 0.001998 -0.048625 0.005871 0.048997 0.0087731 0.005129 -0.00083159 0.0054558 0.0024563 9.7e-05 5.2971e-05 0.0010868 0.0011388 0.35155 0.014446 0.35351 0.022388 -0.35566 0.0075658 0.35566 0.046515 0.034543 0.00073917 0.037471 0.0075035 -0.00018816 0.00037892 0.0013027 0.00089625 0.35485 -0.012743 0.35812 0.018067 -0.32286 0.028234 0.32286 0.090999 0.018766 -0.00013937 0.038201 0.012211 -9.3993e-05 6.5103e-05 0.00015245 0.00015987 0.051595 -0.00016849 0.051669 0.0010264 -0.04166 0.00036786 0.045114 0.0050538 -0.0034893 0.00060515 0.0075835 0.0013176
-0.00099004 -0.00022295 0.0010671 0.00033801 0.047036 0.0049301 0.066424 0.0109 0.0075866 0.0012664 0.016197 0.0019225 -0.0089903 -0.0007349 0.0089972 0.000875 -0.0041523 -0.00012458 0.011471 0.0018731 0.17017 -0.020243 0.50104 0.11375 0.13267 -0.11525 0.33144 0.18504 -0.057303 -0.0042978 0.057707 0.0048931 -0.00050847 -0.0087711 0.013922 0.010682 -0.028139 -0.1164 0.34559 0.16663 0.33202 0.064126 0.47448 0.090846 -0.031029 -0.0040476 0.031321 0.0041949 -0.00051859 0.00092626 0.0027559 0.001512 0.027529 0.0064654 0.033933 0.011494 0.022574 0.0077679 0.056675 0.0096266 -0.00085559 -7.1925e-05 0.00088526 0.00016829
-0.0037072 -0.0017116 0.011559 0.0050658 0.016762 0.0044859 0.033964 0.019663 0.00096155 0.00068419 0.0036991 0.0014027 2.1454e-05 1.316e-05 0.00016718 0.00015018 -0.057421 -0.017087 0.081796 0.033182 0.263 -0.012535 0.31798 0.12986 -0.015667 0.029782 0.044661 0.055695 -2.4294e-05 -0.0069745 0.013027 0.012018 -0.013562 0.0076694 0.049771 0.020322 0.15171 0.18001 0.61449 0.43831 -0.021694 0.069178 0.25111 0.29045 0.013299 0.027926 0.039409 0.051678 0.0078819 0.0099045 0.014204 0.0099099 0.012648 0.012178 0.034781 0.022563 -0.0042024 0.014992 0.043851 0.042017 0.00065742 -0.0058527 0.0068438 0.0085081
-0.014379 -0.0012114 0.016631 0.001728 0.035411 -0.015193 0.071002 0.024028 0.0067363 0.00023129 0.017536 0.0039735 -0.0011935 -0.00060749 0.0067564 0.0013339 -0.095636 -0.0044584 0.11025 0.014039 -0.062862 -0.061306 0.26035 0.16046 0.363 -0.081344 0.43172 0.094285 -0.0082043 0.0013861 0.026735 0.0099213 -0.099124 0.0044971 0.099166 0.024414 0.048974 0.15581 0.5231 0.22104 0.23433 0.068377 0.25892 0.12077 -0.012506 0.0032665 0.021696 0.010766 -0.0047534 0.0074808 0.018641 0.0080794 -0.012284 0.015282 0.14331 0.028762 0.012644 -0.0023386 0.028741 0.0058036 -0.0013593 0.0014167 0.0034243 0.0015561
-0.00033764 -0.00025631 0.00087589 0.0038915 0.069759 -0.0019969 0.071708 0.015035 0.00050134 0.00019143 0.00067457 0.00043402 0 0 0 0 0.0024897 -0.0013532 0.011033 0.010659 0.5178 0.025435 0.51899 0.11468 0.0031266 -0.00054679 0.0031266 0.0013277 0 0 0 0 -0.00068707 0.01902 0.0032973 0.019954 0.4597 -0.02624 0.46138 0.077525 0.0043344 -0.00015875 0.0055201 0.002951 0 0 0 0 7.5715e-05 -3.8392e-05 0.00018094 5.6218e-05 0.056194 -0.0037742 0.056806 0.0042832 0.0056671 -0.0018302 0.0056671 0.0018302 0 0 0 0
4.6358e-05 8.5592e-05 0.0013686 0.00052361 0.052988 0.0009696 0.06925 0.0026236 0.0069005 0.0022273 0.032438 0.022007 -0.00020872 6.8601e-05 0.0015317 0.00079143 0.0013104 -0.0029055 0.027551 0.012646 0.38039 -0.010283 0.50006 0.024985 0.023746 0.0047437 0.26617 0.16539 0.0043295 -0.00042242 0.017768 0.0054007 0.0044199 0.0011044 0.023266 0.024742 0.36704 0.011781 0.49694 0.027568 0.017252 -0.027145 0.30244 0.092526 0.0014561 -0.0035829 0.016284 0.0069643 9.0663e-05 0.0016165 0.0023136 0.0017382 0.054151 0.00064124 0.069978 0.0020667 0.0024846 0.0017979 0.044128 0.013444 -0.002819 -0.0014122 0.010488 0.0015556
-0.00016789 -0.00011931 0.00020163 0.00026491 0.037197 0.0074965 0.057159 0.028214 -0.048562 0.034584 0.069404 0.055462 -0.00016159 -0.00046451 0.0028618 0.0012852 -0.00057573 0.00040571 0.00057573 0.00040571 0.1762 0.018035 0.17947 0.080816 -0.090969 0.039326 0.54745 0.32308 0.0062418 0.0034031 0.035886 0.026553 -0.00061809 0.0005778 0.00096134 0.00098241 0.17048 -0.036006 0.17106 0.042784 0.065121 0.091886 0.5932 0.19633 -0.070728 0.0093224 0.13382 0.030566 -0.00017765 -3.0858e-06 0.00018995 0.00011484 0.00044089 0.00012598 0.0007005 0.00082895 0.041038 -0.005162 0.078045 0.020793 -0.0089103 0.0026657 0.012301 0.0032261
-0.00010264 0.00033143 0.0023131 0.00084798 -0.032421 -0.0034291 0.035558 0.0076297 0.060264 -0.0058847 0.11481 0.033337 0.0066767 -0.0011929 0.012622 0.0093472 -0.015031 -0.0070097 0.020601 0.0094745 -0.17606 -0.090016 0.29039 0.11466 0.15653 -0.21221 0.65307 0.30673 0.13436 0.012282 0.13523 0.019522 -0.058861 -0.0019211 0.060339 0.0064915 -0.04202 -0.0019852 0.18064 0.12881 0.19082 0.046709 0.27842 0.10311 0.098752 0.02573 0.10142 0.027712 -0.0060646 0.00044427 0.00616 0.0031971 -0.00903 -0.0053148 0.024262 0.024964 0.054217 0.018912 0.059508 0.019289 0.0028373 0.0023052 0.0039345 0.0027157
0.00027292 0.00029379 0.00056128 0.0004612 -0.0017258 -0.0039342 0.041181 0.0097001 0.038002 0.006015 0.067614 0.015843 -0.0039835 -0.00038615 0.0040388 0.00044096 0.0025612 -0.0018913 0.0031306 0.0032598 -0.10695 0.0071556 0.18883 0.046925 0.34464 -0.00031787 0.53507 0.072461 -0.018906 -0.00083022 0.019175 0.0024622 0.0042892 -0.00028114 0.0058024 0.0022828 -0.1431 -0.0059416 0.17555 0.042816 0.36288 -0.0069385 0.57985 0.02795 -0.0090726 -0.0018209 0.0092006 0.0025982 0.00046567 0.00027802 0.00052553 0.0004462 -0.015613 0.0056757 0.021646 0.010466 0.043446 -0.0018224 0.080568 0.0066016 -0.00025926 -9.3701e-05 0.00029702 0.00016516
-0.00018825 -8.0155e-06 0.00023306 9.544e-05 0.0017228 0.00026737 0.0021781 0.0024525 0.062811 -0.0090313 0.085084 0.013102 -0.0066978 0.00069976 0.0069987 0.0014512 -0.0011873 -0.00069109 0.0032515 0.0020379 0.0025334 -0.0058329 0.0066221 0.0080668 0.47486 -0.04712 0.52371 0.065235 -0.060062 -0.00021271 0.062734 0.010279 -0.0010036 0.00029255 0.0024681 0.0017469 0.023903 0.022929 0.029294 0.026517 0.43839 -0.0024512 0.48383 0.16517 -0.069083 -0.0040972 0.072954 0.0087922 5.1979e-05 0.00019056 0.00053164 0.00022415 0.034046 0.03207 0.037757 0.036858 -0.013589 -0.019938 0.039728 0.023098 -0.0043481 -0.0096372 0.010448 0.0098286
-0.001285 -0.000799 0.0016669 0.00098562 0.01398 -0.0053036 0.048726 0.10661 -0.027377 0.013808 0.032368 0.018616 -0.00044307 0.00084751 0.00047195 0.0013707 -0.0014299 -0.002381 0.0032385 0.0031199 -0.029562 -0.14256 0.17203 0.18554 0.13019 0.018048 0.55814 0.27675 0.0007675 -0.0060997 0.0030793 0.0065234 0.00019106 -0.00061276 0.0020325 0.0021701 0.02153 0.055787 0.086307 0.080008 0.20984 -0.02475 0.48518 0.39023 -0.039763 0.029743 0.040052 0.031099 -0.0013612 -0.0042866 0.0036544 0.0084547 -0.0055857 -0.067995 0.02406 0.093061 0.049931 -0.018664 0.084987 0.11796 0.0046144 0.00079985 0.0098046 0.0095043
0.015482 0.0061441 0.018529 0.006453 0.0085599 0.070156 0.062949 0.12034 0.031978 0.047315 0.064903 0.05569 -0.00015055 0.0049391 0.0067018 0.0088696 0.13327 -0.0141 0.16573 0.028168 -0.11166 0.01364 0.28843 0.20923 0.23684 0.028478 0.40817 0.1997 -0.042806 -0.026348 0.052384 0.034127 0.021622 0.060286 0.10594 0.068736 0.0031892 0.23578 0.35818 0.27659 0.017997 0.015964 0.41208 0.20783 -0.023508 -0.012544 0.024221 0.015061 0.015671 -0.0042775 0.016107 0.0042795 -0.0016568 0.036366 0.024408 0.042936 -0.05544 0.027624 0.070537 0.029038 -0.00010463 3.6464e-05 0.00041713 0.00042553
0.0010621 0.0012533 0.0051853 0.0068987 -0.005064 -0.014633 0.040175 0.024952 0.01018 -0.0023286 0.015004 0.0075979 -0.0014075 -0.00053965 0.001954 0.0015485 -0.029467 -0.005108 0.076296 0.043492 0.18526 0.00066926 0.37591 0.18128 -0.10919 0.031355 0.21003 0.10419 -0.015663 0.0042034 0.021035 0.012714 -0.03002 -0.011551 0.041469 0.03755 0.30569 -0.04134 0.42609 0.13539 -0.078838 0.22378 0.34031 0.35889 0.0064954 0.065487 0.024086 0.068265 0.0034424 0.0168 0.003998 0.016822 0.029251 0.20305 0.032745 0.20305 0.027381 0.086694 0.027553 0.086694 0.00012782 0.00020682 0.00014192 0.00020682
-0.00069706 0.00052889 0.0010499 0.00069624 -0.00071744 -0.00034552 0.0022643 0.00067551 0.029436 -0.0014664 0.13053 0.014861 0.00027297 0.0015913 0.0067543 0.0020379 -0.0037171 -0.0011403 0.0061846 0.002083 -0.014775 -0.0018466 0.018819 0.009856 0.33277 -0.04144 0.69169 0.077265 -0.096156 0.0012719 0.15169 0.0064014 0.002515 -0.00028308 0.0057949 0.0017865 0.035834 0.055577 0.080495 0.058495 0.14745 -0.11207 0.45503 0.26145 -0.069971 -0.0025609 0.10605 0.020705 0.00046762 7.0518e-05 0.00094262 0.0002127 0.001409 -0.0098687 0.037319 0.039954 -0.030492 -0.041379 0.037149 0.063417 0.0066364 0.0012997 0.010591 0.0053377
-7.5152e-06 3.0208e-05 0.00020847 7.6911e-05 0.044111 -0.0001726 0.04435 0.00063371 -0.044156 -0.0072184 0.047518 0.0076189 9.4461e-05 -0.00020054 0.0017952 0.00094291 -0.00062561 -2.3388e-05 0.0013272 0.00087722 0.30257 0.022034 0.30314 0.028161 -0.34182 -0.059502 0.4009 0.089828 -0.013292 0.015122 0.030473 0.022049 -0.00010348 3.1895e-05 0.00099542 0.0007109 0.2978 -0.0017933 0.29993 0.0059252 -0.22864 0.091122 0.48836 0.13917 -0.071046 -0.002712 0.090801 0.0073592 -6.9427e-05 4.4638e-05 0.00018193 9.3226e-05 0.043095 3.0346e-05 0.043095 0.00054523 -0.017396 0.0076944 0.033871 0.0094091 -0.0096987 0.00022626 0.012999 0.00026021
-0.00023405 0.00010946 0.0004129 0.00027549 0.0018708 -0.00099901 0.0025964 0.00137 0.061995 -0.010706 0.087072 0.01478 -0.017397 0.0018607 0.021763 0.0022566 -0.0031462 0.00049351 0.0031462 0.0007829 0.00061031 -0.0046764 0.010462 0.010545 0.44573 -0.050316 0.56957 0.081278 -0.10991 0.00066732 0.12136 0.0095952 -0.0038796 -0.00010356 0.0041348 0.0015286 0.041492 0.032164 0.050463 0.038884 0.35873 -0.042685 0.46642 0.19162 -0.10684 -0.0069504 0.11518 0.020591 -0.00049509 0.00029964 0.00082893 0.00048368 0.030618 0.021823 0.044217 0.033212 -0.035476 -0.023043 0.063339 0.028836 0.0014395 -0.0068217 0.0080854 0.0079326
-0.00096354 1.7289e-06 0.00098212 0.00035743 -0.0022935 -8.823e-05 0.0026942 0.0011978 0.011325 0.0066714 0.12593 0.017827 0.0077206 9.7361e-05 0.0080572 0.00074198 -0.0042742 -0.0010324 0.0057744 0.0031611 -0.026303 -0.0017824 0.029977 0.0096113 0.15505 -0.021906 0.76387 0.05375 0.012053 0.00097486 0.020571 0.0065129 -0.004301 -0.00060666 0.0045728 0.0033122 0.024845 0.039649 0.072496 0.056198 0.013282 -0.15103 0.49644 0.29409 0.0038081 0.0029216 0.010103 0.014225 -0.00034364 -0.00036964 0.00039037 0.00039721 -0.01119 -0.0079454 0.029506 0.029692 -0.0087668 0.003739 0.03268 0.014397 -0.001141 -0.0020781 0.0029144 0.0043234
-0.00030322 0.00016109 0.00034829 0.00023248 0.00079939 -0.00064604 0.0020078 0.0015405 0.062942 -0.011893 0.090004 0.014981 -0.018692 0.0028415 0.024275 0.0031951 -0.0030027 0.00048229 0.0033759 0.001021 -0.0014144 -0.0040829 0.0094632 0.010904 0.44511 -0.039025 0.57609 0.077315 -0.11584 -0.0010911 0.13846 0.011738 -0.0035695 0.00035997 0.0042728 0.001823 0.055173 0.052278 0.067284 0.058042 0.309 -0.07411 0.4605 0.23127 -0.10219 -0.012822 0.11855 0.020128 -0.00020092 0.00012962 0.0008325 0.00044483 0.023142 0.0098063 0.03625 0.03705 -0.036626 -0.023988 0.066024 0.034196 0.0027262 -0.0021533 0.0061288 0.0040793
-0.0017286 0.00031973 0.0041555 0.0011807 -0.023431 -0.0055959 0.039006 0.026097 0.053847 0.00022645 0.069034 0.0043096 0.0053355 -0.0011267 0.006959 0.0021833 -0.019799 0.00015852 0.03623 0.0044606 -0.12264 0.018641 0.20338 0.04349 0.37985 0.013556 0.48296 0.038013 0.036842 0.0041858 0.057901 0.016151 -0.0051955 -0.00018228 0.01287 0.0040486 -0.20127 0.044517 0.31664 0.12437 0.39467 -0.015983 0.46256 0.044062 0.020708 -0.0025564 0.044609 0.019393 -0.002302 -0.00039431 0.0026862 0.00077998 -0.024282 0.010578 0.048294 0.020816 0.06205 0.0060564 0.065313 0.0083693 0.0019888 0.0029591 0.0047454 0.0043936
0.010183 -0.001696 0.011254 0.0017376 0.010373 -0.011246 0.028118 0.011923 -0.038803 0.0061944 0.038879 0.0067717 -0.00011096 7.5454e-05 0.0001503 0.00018249 0.075512 0.0042978 0.084193 0.0092367 0.19318 -0.090179 0.53297 0.16507 -0.2574 -1.0751e-05 0.25853 0.0065666 0.00022054 -0.00036951 0.0007974 0.0012662 0.012882 -0.02375 0.053197 0.027049 0.36375 -0.026979 0.4647 0.077694 -0.24696 0.025689 0.24717 0.030472 -0.00022835 0.00014408 0.00047961 0.00083838 -0.00024701 0.00028481 0.0024649 0.0016249 0.05955 0.0084307 0.059876 0.0094695 -0.03466 0.0011278 0.034721 0.0019464 -1.6595e-05 -1.9322e-05 3.3435e-05 4.3486e-05
-0.00077959 -0.00022852 0.0010664 0.00055974 -0.022951 -0.00050085 0.036983 0.0032847 0.064157 0.00042307 0.065712 0.0046997 0.0010322 -0.00059361 0.0039248 0.00074421 -0.0070773 -0.0011109 0.0097415 0.0034396 -0.15028 -0.00897 0.23743 0.025385 0.43673 -0.0037241 0.46451 0.018192 0.011997 0.0012377 0.030597 0.0042456 -0.0042572 0.001241 0.0065642 0.0020539 -0.15153 -0.010817 0.20375 0.01198 0.44822 0.0059012 0.47265 0.013191 0.0091321 -0.0009787 0.028498 0.0019604 -0.0010094 2.157e-05 0.0013643 0.00040047 -0.020199 -0.0044018 0.027639 0.0081986 0.058153 0.0034405 0.080719 0.018055 0.0061274 -0.0019352 0.0093854 0.0022194
-0.002412 0.00028769 0.0032025 0.00068707 0.0010059 0.0014719 0.012968 0.01021 0.016269 0.0083826 0.043845 0.016294 -0.0019369 0.00077539 0.00463 0.0024835 -0.0049885 0.0017498 0.010976 0.0044953 -0.061075 -0.020996 0.14135 0.05453 0.36672 0.067431 0.4606 0.13459 -0.006578 0.033025 0.031446 0.035741 -0.00354 0.00039894 0.0063487 0.0029862 -0.13734 0.0050032 0.19903 0.034315 0.5091 -0.0037394 0.5119 0.047218 -0.0023101 0.00044674 0.020632 0.0053622 -0.0006727 0.00017828 0.000817 0.00050798 -0.023339 0.0023067 0.032884 0.0042784 0.074938 -0.0067269 0.077871 0.0099832 0.00066229 -0.00042726 0.0030994 0.0012745
-0.00054316 4.5169e-05 0.0014514 0.00052567 0.0013214 -0.0027353 0.019006 0.016162 0.013144 -0.00050203 0.050018 0.018154 -0.0017296 0.0018379 0.0053075 0.00297 -0.0042036 0.00061444 0.011715 0.006867 -0.050892 -0.0029481 0.11768 0.034114 0.3471 0.077885 0.43348 0.15226 -0.027969 0.028951 0.036801 0.033781 -0.0025513 0.000635 0.0076698 0.0035146 -0.049271 0.010334 0.11348 0.018903 0.40219 -0.018744 0.66562 0.04114 -0.027128 0.0020613 0.035161 0.0056884 0.00070196 -0.00012656 0.00092114 0.00061738 -0.0027363 0.0049373 0.011353 0.0062294 0.043357 -0.0043371 0.098941 0.010997 5.0233e-05 -0.00095411 0.0058502 0.0018217
-0.0032082 -0.0061236 0.0032553 0.0063984 -0.0034529 -0.0061312 0.061819 0.054103 -0.0044887 0.03625 0.050922 0.078526 -0.0024882 -0.0019946 0.0033043 0.0036513 -0.00057922 0.00029047 0.00095173 0.00029047 0.096728 0.042481 0.19138 0.10982 0.095559 0.07089 0.62351 0.38893 -0.064585 0.046633 0.08543 0.057391 -0.00038581 0.00038624 0.00062036 0.00053429 0.011264 0.0054522 0.016278 0.017513 0.30713 0.055858 0.40929 0.25875 -0.040139 0.010711 0.082269 0.068814 -0.00017987 5.6758e-05 0.0001841 0.00012665 0.00055596 0.0010212 0.0008552 0.0016936 0.040306 -0.020016 0.059497 0.021337 0.00070621 0.0023911 0.0074083 0.0055564
-0.00095824 0.00014545 0.0013432 0.00069181 0.048269 -3.2154e-06 0.073358 0.0045038 0.018969 -0.0043988 0.033836 0.011484 -0.0033985 2.9265e-05 0.0039692 0.00032849 -0.0033579 0.0006297 0.015644 0.017479 0.32851 -0.031293 0.50861 0.052462 0.073567 -0.016014 0.2905 0.065604 0.0058094 -0.0067778 0.046126 0.011499 -0.0027977 0.0095996 0.022319 0.024764 0.36624 0.00067792 0.53228 0.031019 -0.033852 -0.0015393 0.27504 0.097228 0.032607 -0.0048921 0.06676 0.0060603 0.0030154 0.00035599 0.0036572 0.0030041 0.049607 0.0050535 0.08267 0.0084803 -0.0034774 0.015939 0.030824 0.027528 0.0051284 0.00090432 0.010103 0.0012043
-0.0046869 0.00065223 0.0067533 0.0029721 -0.019543 0.0061056 0.040058 0.019637 0.033004 -0.016483 0.091471 0.032371 -0.00051177 -0.0021543 0.0041203 0.0030286 -0.00067191 -0.00085951 0.0034426 0.0033834 -0.1755 0.051947 0.42529 0.2111 0.28179 0.032967 0.46574 0.26147 -0.040116 -0.0094943 0.057391 0.050356 -0.0013273 -0.00063782 0.0053895 0.00093893 -0.15244 0.12157 0.22403 0.12494 0.068841 -0.037364 0.47782 0.10798 -0.001597 -0.0079842 0.026641 0.025907 -0.00022962 -0.00029937 0.00028476 0.00052034 -0.0016986 0.00012206 0.0027479 0.0042416 -0.032629 -0.0083993 0.038139 0.020366 -4.0051e-05 -0.0017712 0.0029642 0.0032379
0.00018347 7.4999e-05 0.00083285 0.00036131 -0.025483 0.00016703 0.03602 0.0061879 0.058976 0.0001902 0.058976 0.0024455 0.00022814 -0.00035427 0.0035693 0.00079553 0.0016491 0.00046939 0.0072974 0.0038151 -0.18338 0.004947 0.21803 0.046741 0.39898 0.018181 0.46483 0.060334 -0.049073 -0.049073 0.076252 0.054573 -0.0048647 -0.0018206 0.0079831 0.0034353 -0.18744 -0.0082661 0.25333 0.040289 0.19567 -0.096281 0.54898 0.24284 0.01862 -0.0060215 0.045038 0.02097 -0.0056396 -0.003005 0.0057132 0.0032669 -0.011514 -0.01694 0.036084 0.01949 0.0070966 -0.0054565 0.016867 0.01389 0.0074991 -0.00064521 0.0094105 0.0029533
0.0044765 -5.0305e-05 0.0044765 0.00031016 0.012842 -0.010809 0.063722 0.013095 -0.029773 -0.00056937 0.029851 0.0010428 -5.6697e-05 -0.00018902 0.00021643 0.00020349 -0.013363 -0.013819 0.067659 0.022073 0.30834 -0.071067 0.55588 0.19397 -0.17932 0.012679 0.17988 0.021663 -0.0013601 0.00051621 0.0019636 0.0012096 -0.049771 -0.024314 0.088071 0.033419 0.43082 -0.0060052 0.45522 0.075855 -0.15439 0.017956 0.17509 0.026958 -0.0024628 0.00028663 0.0026997 0.00091879 -0.0012859 -0.0035033 0.0039583 0.0040008 0.062863 -0.0054122 0.071554 0.015519 -0.019447 -0.00010667 0.021053 0.0016167 -0.00089666 0.0002118 0.00090058 0.00023056
-0.0014897 0.0032198 0.0032766 0.010479 0.00049958 0.079745 0.029922 0.09598 0.0021707 0.017993 0.011474 0.035451 0.00098352 -0.0031176 0.0015842 0.007325 -0.027805 -0.022319 0.063129 0.088149 0.11937 -0.0045384 0.31319 0.38241 -0.084923 0.043676 0.48088 0.43942 -0.037675 -0.0028673 0.046538 0.056008 0.0074621 -0.013298 0.027242 0.03837 0.016707 -0.050227 0.090068 0.21125 -0.012934 -0.063071 0.378 0.23184 0.0047016 -0.00054148 0.0096804 0.024644 0.0004711 0.0032425 0.0010348 0.0046078 -0.006044 0.014652 0.071156 0.043128 0.0026658 0.010024 0.043009 0.033657 -0.00048901 0.0018687 0.00093138 0.0037725
-0.024144 -0.0085199 0.024144 0.0085199 -0.0020297 0.0060032 0.017008 0.018567 -0.00050785 0.0011431 0.0025029 0.0037452 0.00022057 -0.00050654 0.00047866 0.00074018 -0.082853 -0.035003 0.08627 0.035266 0.12403 -0.088777 0.13375 0.2357 -0.049716 -0.043733 0.46115 0.29606 -0.00094839 -0.00034907 0.0040266 0.0081306 -0.024691 -0.024644 0.034713 0.02506 0.013838 -0.086322 0.076766 0.17046 0.14945 0.043539 0.65376 0.2192 -0.0052028 -0.0014174 0.0077095 0.010431 0.0043741 0.0014877 0.0072752 0.0096483 -0.0093282 -0.0015878 0.054297 0.079512 0.080804 0.0085396 0.083236 0.10284 -0.0092131 0.012561 0.010812 0.014334
0.00023548 -0.00020594 0.00034485 0.00045771 0.028574 0.015282 0.033118 0.021028 -0.0012774 0.027131 0.058537 0.041927 -0.0070321 0.0015946 0.0081768 0.0021048 0.00031413 0.00062202 0.00088962 0.0019712 0.25676 0.019824 0.26375 0.063633 -0.16695 -0.026717 0.50875 0.33776 -0.037731 0.0048999 0.038713 0.01032 -0.0006334 5.915e-05 0.0014115 0.0014097 0.256 -0.019628 0.27958 0.063884 -0.095434 0.016703 0.50702 0.14374 -0.029637 -0.0010529 0.029949 0.011953 9.4519e-06 1.1399e-06 1.7966e-05 2.279e-05 0.044341 -0.0056134 0.044812 0.0069443 -0.016149 0.0083987 0.069742 0.017531 -0.0053005 0.0011093 0.0092748 0.0028349
-0.0065854 0.0010395 0.007342 0.0017416 0.00041793 -0.041708 0.05926 0.048901 0.065559 -0.010779 0.073293 0.033598 -0.0023825 0.00010543 0.0024721 0.00080417 -0.011489 -0.0063375 0.033954 0.017648 0.0077146 0.0091468 0.11809 0.10283 0.47982 0.014661 0.48205 0.081803 -0.0039968 -0.00049063 0.015111 0.0070234 0.012311 0.0062381 0.026889 0.016619 -0.023025 0.0082687 0.091682 0.047423 0.42959 -0.0037302 0.51054 0.11919 0.026158 -0.00043794 0.037002 0.0099191 -0.0053594 0.00033393 0.0054332 0.0017416 0.010745 0.0040093 0.013704 0.0076513 0.062072 0.0064458 0.081522 0.013412 0.0034441 -0.001218 0.0048934 0.0024059
0.0070953 0.0012464 0.0082301 0.0076999 -0.041228 -0.02722 0.082789 0.052384 0.025121 0.007447 0.058077 0.020072 -0.00101 0.0055417 0.019032 0.011392 0.0040619 -0.014458 0.034424 0.026773 -0.061261 -0.045041 0.36827 0.3391 0.013398 0.032963 0.32975 0.13215 0.11212 -0.022919 0.15051 0.036942 0.001159 0.0044742 0.026618 0.010204 -0.036484 0.031801 0.24779 0.17066 0.27152 0.084946 0.51145 0.319 0.013256 0.055394 0.078141 0.07415 -0.0031471 0.0015649 0.004773 0.0019619 0.0033589 0.0011412 0.016362 0.015447 0.016802 -0.019763 0.0684 0.026766 0.010655 -0.0031332 0.010655 0.0031773
0.001705 -0.00099432 0.0019943 0.0023298 -0.001563 -0.0087897 0.012304 0.017295 0.068347 -0.0021719 0.071814 0.0040555 -2.2253e-05 -1.0426e-05 6.9828e-05 1.9716e-05 0.0027122 0.00062588 0.0060712 0.014152 -0.011916 -0.0065075 0.03376 0.13294 0.45041 0.0025387 0.45439 0.046233 -1.286e-05 4.1382e-05 4.1382e-05 4.1382e-05 -0.003871 -0.0041231 0.0057118 0.012408 -0.0041372 -0.031426 0.023472 0.058985 0.5144 0.056403 0.51779 0.076037 0 0 0 0 -0.00016557 0.00058572 0.00083996 0.00058572 -0.00068156 0.0027606 0.0040247 0.0027606 0.076905 0.00081643 0.077473 0.00081643 0 0 0 0
0.0064695 0.0033015 0.0078081 0.0048686 -0.021283 -0.027673 0.064273 0.066784 0.0010531 -0.0096826 0.026992 0.015217 0.0031771 0.001316 0.0049054 0.0014981 -0.001657 -0.016446 0.079802 0.047177 -0.058211 -0.061094 0.38562 0.40197 0.085102 -0.017118 0.2924 0.41972 -0.028786 0.0023105 0.036633 0.0213 -0.050447 0.05024 0.095669 0.07499 -0.085268 -0.020608 0.26446 0.15101 0.18678 0.054578 0.35548 0.31828 -0.0054917 -0.005032 0.019111 0.015387 0.00043001 -0.010542 0.010502 0.011294 -0.0105 -0.016252 0.044589 0.02498 0.011873 0.001425 0.02704 0.012933 0.00087819 -0.00045764 0.002877 0.00096882
0.0052537 0.0049537 0.01345 0.010297 -0.017386 0.00042861 0.041735 0.028598 0.031313 -0.0033256 0.038484 0.0088436 -0.0018205 -0.00074499 0.0042383 0.0028167 0.028379 -0.026487 0.1058 0.085246 0.0032314 0.018814 0.34041 0.55198 -0.0028391 0.033813 0.2417 0.20607 -0.019356 -0.00077535 0.021957 0.012444 -0.02887 0.031881 0.13235 0.08469 0.20557 -0.031524 0.40108 0.24046 -0.12386 -0.018774 0.34767 0.13829 0.0066744 -0.00074312 0.022871 0.018168 -0.001524 -0.0039667 0.0074864 0.00636 0.0078691 0.019079 0.043885 0.029605 0.013593 0.0069947 0.038907 0.0095236 -0.0025408 -0.0015639 0.0034363 0.0023711
0.00012305 -7.0163e-05 0.0016582 0.00065078 0.052155 -0.0019075 0.072554 0.011377 0.020694 -0.0054054 0.020802 0.0076603 -0.0033488 0.00037858 0.0034055 0.0010214 -0.0060626 0.0016839 0.01385 0.0046961 0.39337 0.033643 0.51522 0.046115 0.1228 0.027378 0.1228 0.042114 -0.020519 0.0018615 0.020519 0.0027562 -0.017145 0.0019896 0.041143 0.0097055 0.43838 -0.029486 0.54275 0.058928 0.054592 -0.048037 0.13116 0.078021 -0.015485 0.00074233 0.016717 0.0034994 -0.0013559 0.00026189 0.0059855 0.0010949 0.061885 -0.00063117 0.081364 0.0049957 0.0094827 0.0020541 0.026317 0.0075765 -0.0017136 -2.5927e-05 0.0018517 0.00035711
0.0018727 0.00026267 0.0020782 0.0010302 0.067942 0.0069182 0.074756 0.010887 0.0050451 0.0013228 0.025762 0.01038 -0.0087216 0.00059004 0.0087216 0.00076932 -0.040507 -0.0030478 0.077162 0.055694 0.4847 0.033895 0.48684 0.11102 -0.019 -0.019749 0.20733 0.09227 -0.04054 0.008595 0.04054 0.0086368 0.013921 0.0074407 0.068341 0.025624 0.38182 0.0046098 0.46007 0.10246 -0.018536 0.012671 0.21403 0.080919 -0.026401 0.0030709 0.026401 0.0034759 0.004688 -0.0012875 0.0047277 0.0019651 0.058234 -0.0095704 0.07087 0.013063 0.0037684 0.00086975 0.012298 0.0117 -0.0024545 0.00047399 0.0025063 0.00069869
-6.4142e-05 0.00027665 0.00028735 0.00061388 0.020621 -0.0094524 0.020943 0.010286 0.061921 -0.020749 0.077123 0.026602 -0.013418 0.002232 0.014566 0.0025117 -0.001765 9.2774e-05 0.0038408 0.0023148 0.0041526 0.0036438 0.0077445 0.011067 0.52188 -0.16458 0.54799 0.19037 -0.065055 0.00483 0.066294 0.026897 -0.0026701 0.00051685 0.0030185 0.0028713 0.12223 0.053664 0.12804 0.064267 0.13753 -0.014446 0.46801 0.21704 -0.03759 -0.042771 0.069125 0.051245 -0.00047354 0.00048002 0.00050858 0.00061351 0.029993 0.022366 0.041095 0.037575 -0.027321 -0.012623 0.036431 0.027153 0.00083541 -0.0041877 0.013957 0.0081676
2.9125e-05 9.255e-05 0.00050117 0.00032627 0.007898 -0.0036076 0.0084093 0.0051313 0.073571 -0.017756 0.084783 0.023823 -0.0095419 0.0019956 0.0097596 0.0023887 -0.0013989 0.00014494 0.0035457 0.0019315 0.00090585 -0.00011844 0.0068542 0.013024 0.52958 -0.085398 0.54458 0.096056 -0.057797 0.008476 0.057797 0.0098793 -0.0023227 0.00012319 0.0023227 0.0018859 0.066535 0.039305 0.070354 0.05016 0.25908 -0.039619 0.47605 0.24973 -0.019506 -0.044361 0.041444 0.049267 -0.00048781 0.00033356 0.00049374 0.00036953 0.034605 0.016987 0.04031 0.023279 -0.023514 -0.019185 0.046232 0.031266 -0.00019973 -0.0013365 0.013764 0.0034693
