-0.00037529 0.0014319 0.00097869 0.0062413 0.0045802 0.022851 0.0071052 0.035551 0.066166 0.0084352 0.066186 0.011245 0 0 0 0 -0.0019104 0.010605 0.012833 0.073194 -0.083421 -0.069708 0.11285 0.326 0.43199 -0.066572 0.4709 0.07238 0 0 0 0 -0.0040533 0.0022361 0.0081796 0.05663 -0.04128 0.13672 0.058264 0.3127 0.374 0.075827 0.3744 0.13759 0 0 0 0 9.6859e-05 0.0010146 0.00030248 0.0014989 -5.5872e-05 0.0017868 0.0027455 0.0070278 0.049573 -0.0043157 0.049605 0.0061221 0 0 0 0
-0.0047132 -0.00054156 0.0087812 0.0020124 0.06467 -0.012319 0.069959 0.021078 -0.031389 0.012889 0.088051 0.021539 -0.00070637 -0.00011627 0.0026239 0.0003922 -0.02147 -0.0043442 0.038635 0.012014 0.46532 0.098564 0.49045 0.10229 -0.25728 0.010257 0.31682 0.13063 0.0031095 -0.00072861 0.0057263 0.0031482 -0.024302 0.019235 0.029567 0.03075 0.20891 -0.084493 0.29118 0.28228 -0.067291 -0.15863 0.19827 0.16984 0.0010732 -0.00076499 0.0073068 0.0017935 -0.0012761 -5.0323e-05 0.0017019 0.0015073 -0.019872 -3.6779e-05 0.024929 0.010085 0.01453 -0.0012325 0.019967 0.0043248 -0.00060287 -7.0419e-05 0.0010995 0.00028466
0.0016016 0.0028856 0.0018007 0.0029683 0.00094841 0.025594 0.008702 0.027906 0.057661 0.0099243 0.059937 0.011576 0 0 0 0 -0.000464 -0.01716 0.005755 0.024904 -0.019663 -0.17848 0.097791 0.24458 0.42202 -0.071041 0.4295 0.10585 0 0 0 0 0.0099109 0.0052973 0.011294 0.0054248 -0.043624 0.125 0.10014 0.12985 0.47551 0.044684 0.47551 0.051032 0 0 0 0 0.0015925 0.00061525 0.0021494 0.0014528 -0.0058439 -0.0041227 0.012721 0.0089219 0.06358 -0.00052879 0.06358 0.0043266 0 0 0 0
5.5159e-05 -0.00080719 0.00079811 0.0027324 0.00051938 -0.01009 0.0058298 0.014278 0.072115 -0.0021257 0.072199 0.002697 0 0 0 0 0.0020379 -0.0086024 0.0036536 0.0222 0.023632 -0.045001 0.091278 0.10616 0.49642 -0.089969 0.499 0.12052 0 0 0 0 0.0087941 0.0071807 0.015089 0.011382 0.051882 0.11122 0.07286 0.14743 0.43146 0.058969 0.44535 0.082819 0.00092463 -0.00012531 0.00092463 0.00041668 0.00079815 1.6318e-05 0.0015417 0.0038368 0.0011913 -0.0087265 0.0057296 0.037239 0.064046 -0.017617 0.065503 0.027653 0.00014642 -1.7467e-05 0.00014642 1.7467e-05
-0.0046458 -0.0043993 0.004979 0.0046219 0.013141 -0.048144 0.06337 0.054083 0.0058453 -0.0076738 0.055651 0.023097 -0.0010672 -0.0011705 0.0032547 0.0012728 -0.023278 0.011131 0.023278 0.011131 0.2267 0.12453 0.37133 0.18365 -0.050235 0.069132 0.45325 0.16716 -0.01654 -0.002925 0.026637 0.006449 -0.041394 0.034434 0.041394 0.034469 0.078618 -0.020536 0.3494 0.17731 -0.074811 -0.10474 0.39399 0.39567 0.022596 -0.029711 0.027067 0.029711 -0.0010931 0.00033258 0.0012305 0.0005095 -0.051496 0.032665 0.051496 0.032725 -0.0095132 0.0050194 0.015523 0.0079216 0.0038257 -0.0010717 0.0038257 0.0012105
-0.0045193 0.0010973 0.0083163 0.0032016 0.0098222 -0.022587 0.035013 0.030327 0.026017 0.0028552 0.052653 0.014616 0.0046049 -3.2196e-05 0.0046219 0.0011128 -0.0066828 -0.0024355 0.058109 0.025085 -0.13713 -0.038272 0.31504 0.40304 0.28425 -0.042864 0.31343 0.081176 0.0088874 -0.00076351 0.0092633 0.0020485 -0.0020809 0.00027007 0.025657 0.011068 -0.013666 0.25478 0.33562 0.48697 0.11104 0.11695 0.21787 0.17001 0.0069984 -0.00024805 0.0069984 0.0027774 -0.0044329 0.0020226 0.0050159 0.0020226 0.011518 0.0077542 0.013251 0.0082545 0.016567 -0.0047083 0.027399 0.0097912 1.2582e-05 -7.5674e-05 0.0010054 0.00043239
-0.00025625 -0.00081411 0.00073857 0.000871 -0.0051186 -0.024925 0.010412 0.027602 0.0077862 -0.027395 0.026283 0.033232 -0.0010764 -0.0015981 0.0019018 0.0025751 -0.016232 -0.021248 0.022602 0.058289 0.27534 -0.011338 0.35696 0.22565 -0.12588 0.043962 0.42378 0.18872 -0.0020582 -0.013229 0.0051091 0.016035 0.058131 0.0053142 0.061159 0.056655 0.11371 -0.006858 0.48546 0.32344 -0.14955 -0.18334 0.18286 0.21604 0.013234 0.012297 0.013794 0.015604 0.0050122 0.0033889 0.0062803 0.0055805 -0.010648 -0.0073556 0.028202 0.029199 0.012461 0.013606 0.01522 0.022349 0.0028797 0.0024988 0.0039227 0.0045056
0.00089309 -0.0002258 0.0010394 0.001027 0.0010054 -0.0046945 0.0083593 0.0085238 0.076294 -0.013051 0.076357 0.013463 0 0 0 0 0.012095 0.0096078 0.013075 0.013081 -0.01483 -0.0039956 0.050675 0.090245 0.52153 -0.0078222 0.52504 0.032584 0 0 0 0 0.014594 0.0091039 0.014754 0.012832 -0.010682 0.14407 0.044326 0.16372 0.4181 -0.0034382 0.4352 0.073818 0 0 0 0 0.00058686 -0.0020871 0.00092805 0.0020901 -0.0042774 -0.0080332 0.013874 0.023146 0.056509 -0.002717 0.05774 0.013493 5.2943e-06 -2.0712e-06 5.2943e-06 5.2943e-06
0.00047108 -0.0013862 0.0020666 0.0027973 0.0011756 -0.0090633 0.0070174 0.035554 0.063663 -0.010266 0.066988 0.01652 0 0 0 0 -0.0014767 -0.0065844 0.0053335 0.012608 0.022545 -0.060074 0.071898 0.15989 0.45543 -0.0037664 0.45657 0.088918 0 0 0 0 -0.0028528 0.013451 0.0043255 0.015887 0.017955 0.035394 0.078214 0.073897 0.50065 0.041971 0.50065 0.049108 0 0 0 0 -0.00144 -0.0055795 0.0015407 0.0078526 -0.0014888 -0.0097715 0.0056916 0.029146 0.072477 0.00088736 0.07276 0.0084574 0 0 0 0
-8.3133e-05 -0.0011077 0.0016971 0.0013817 0.041401 -0.027868 0.052145 0.035786 -0.018957 0.011194 0.041698 0.014006 -6.2764e-05 0.00057136 0.0025826 0.0013819 0.0089075 -4.5061e-05 0.014593 0.0053552 0.012787 -0.056528 0.18064 0.11976 0.24278 -0.091833 0.54655 0.1416 -0.014368 0.00049168 0.024412 0.0077623 0.0080333 0.0016534 0.014518 0.0056235 -0.04013 0.010407 0.1382 0.085922 0.2987 0.089526 0.63653 0.12267 -0.01644 7.0787e-05 0.026578 0.003804 0.0012591 0.00048622 0.003198 0.00084715 0.01782 0.0047715 0.021374 0.0059761 0.020485 0.0052966 0.070929 0.010895 -0.0023336 -0.00040212 0.0035481 0.00053203
0.0026967 0.00051459 0.005209 0.0012535 0.005085 0.0055207 0.070688 0.023382 -0.016063 0.014909 0.067531 0.020017 0.0018489 -0.0036041 0.0060383 0.004804 0.0049054 -0.010258 0.040484 0.015099 -0.045209 -0.1032 0.42906 0.18671 0.060011 -0.034689 0.44357 0.085132 0.022533 0.017213 0.023469 0.018125 -0.032175 0.00097973 0.032246 0.0056428 -0.18452 0.094147 0.38207 0.307 0.31392 0.074562 0.37142 0.10463 0.014916 0.0014303 0.01545 0.0019115 -0.0048459 0.0017002 0.0049426 0.0018332 0.0011138 0.013237 0.059155 0.034968 0.017074 0.014021 0.018891 0.014587 0.0016542 0.00017763 0.0017225 0.00028867
0.0024428 0.0012119 0.0025108 0.0012426 -0.0084434 -0.0026221 0.012214 0.0089401 0.059633 0.0050802 0.059728 0.011733 0 0 0 0 0.0032132 -0.011914 0.007157 0.014212 -0.0053115 -0.1029 0.036752 0.14233 0.45427 -0.029105 0.45582 0.066755 0 0 0 0 0.0035011 -0.00046972 0.0048103 0.0045645 -0.0054977 0.0053012 0.020416 0.033493 0.51093 0.042656 0.51224 0.044758 0 0 0 0 0.00084076 -0.00025976 0.0011012 0.0011122 0.00058811 0.0010839 0.0024042 0.0046764 0.075415 0.0011455 0.075458 0.001464 0 0 0 0
-0.00036421 -0.0015514 0.001634 0.005851 0.0016826 0.0045436 0.011584 0.01614 0.061287 -0.0022708 0.061287 0.011763 0 0 0 0 -0.0023708 -0.0037809 0.0079193 0.020299 0.0076608 -0.059687 0.075512 0.12181 0.45824 0.0041935 0.46051 0.094017 0 0 0 0 -0.0021724 0.0070472 0.0051499 0.027206 -0.028347 0.036481 0.054043 0.13589 0.5005 0.017912 0.5005 0.035279 0 0 0 0 0.0016079 0.0030765 0.00241 0.0058347 -0.0004159 0.024019 0.008192 0.038015 0.059191 0.00011134 0.061141 0.0064588 0 0 0 0
0.00023815 -0.00035256 0.0010837 0.0013102 0.0010353 -0.010386 0.0093654 0.015217 0.074806 -0.005612 0.074806 0.0095551 0 0 0 0 -0.014388 0.0038823 0.01691 0.02047 0.058025 0.07472 0.069026 0.21201 0.44981 0.0033943 0.45004 0.071647 0 0 0 0 0.005683 -0.0068017 0.008934 0.017523 -0.00076669 -0.067851 0.062625 0.18689 0.47792 -0.0071819 0.47792 0.080059 0 0 0 0 0.00014018 0.00024708 0.00096819 0.0005454 0.0035701 0.0026203 0.015113 0.0038573 0.074842 0.00054894 0.074842 0.00096884 0 0 0 0
-0.0042168 0.0026397 0.0065062 0.0033829 -0.017378 0.019143 0.090879 0.02853 0.023796 0.007705 0.037334 0.022039 0.0032918 0.0037301 0.0048172 0.0071973 0.021704 -0.0078451 0.062212 0.016375 -0.18027 -0.076363 0.46983 0.2711 0.14182 -0.099464 0.33676 0.17209 0.038058 -0.0014149 0.038402 0.012357 -0.035114 0.013639 0.042281 0.015314 -0.091476 0.083876 0.34003 0.20678 0.125 0.10694 0.44132 0.25869 0.019383 0.00054793 0.019421 0.0052226 -0.0017989 0.0011661 0.0048053 0.0041474 0.003842 0.0056871 0.050519 0.018933 0.0019371 0.012123 0.038071 0.053702 0.001511 -0.00033085 0.0016853 0.00044012
0.0016416 0.00033013 0.0057854 0.0040503 0.0011293 0.0024729 0.077103 0.0083804 0.02272 0.0011682 0.026917 0.0045879 -0.00043714 0.00068883 0.0040107 0.0045829 -0.0057859 0.023773 0.043273 0.036444 0.23924 0.0023638 0.49083 0.10895 -0.073494 0.15312 0.29179 0.17523 0.00060503 -0.0006769 0.035754 0.0062084 -0.043087 -0.0059011 0.054919 0.0082478 0.37734 0.022162 0.48704 0.11037 -0.14595 -0.03155 0.31338 0.058246 -0.0025493 -0.00090893 0.043069 0.013195 -0.0070788 -0.00012009 0.0091759 0.0015481 0.041597 -0.011495 0.07977 0.013806 -0.012106 -0.0054181 0.026274 0.012306 0.00028854 0.00097359 0.0055805 0.0017162
0.0026444 0.0024797 0.0040506 0.0036717 -0.020775 0.020785 0.028323 0.03349 0.0011979 0.022841 0.01857 0.038533 0.0027121 0.0094429 0.0035972 0.010275 -0.018654 -0.068687 0.046536 0.11416 -0.13646 -0.28757 0.33158 0.40373 0.2451 -0.031157 0.28346 0.22313 -0.00060895 -0.0028078 0.017131 0.038156 -0.0012225 0.028079 0.016864 0.037243 0.036727 0.16774 0.17426 0.35503 0.25991 0.061234 0.29333 0.2263 0.013779 -0.0018312 0.016218 0.010998 -0.0013268 -0.01055 0.0025366 0.012578 -0.011097 -0.036747 0.022961 0.039687 0.051134 0.0044031 0.054184 0.014775 0.0012528 -0.000181 0.0012528 0.0007717
0.00028038 -0.00080602 0.00061943 0.0018135 0.0027029 -0.014121 0.0032993 0.01625 0.048492 -0.0017735 0.048594 0.012338 3.8295e-05 -2.1954e-05 0.0001001 0.00013066 0.0032473 -0.02298 0.0064906 0.034754 0.020809 -0.11646 0.04787 0.23341 0.40681 -0.005404 0.40722 0.10145 -1.2415e-05 0.00032364 0.00020173 0.00032364 0.0060569 0.0042336 0.0077279 0.0086851 0.0036641 -0.0017172 0.060541 0.057566 0.52601 0.045947 0.52601 0.076253 0 0 0 0 0.0021581 0.0015737 0.0022336 0.0016638 -0.0044414 0.0034402 0.0080507 0.016578 0.075765 0.0071979 0.075765 0.0072261 0 0 0 0
0.00091657 -5.8647e-06 0.0013955 0.00094303 0.05607 -0.020583 0.066537 0.024682 -0.017069 0.0093303 0.017069 0.0093359 0.0012847 0.0011934 0.0055375 0.0030116 0.0039961 -0.0042155 0.018842 0.016942 0.093015 -0.065072 0.26557 0.14422 0.28976 -0.063549 0.39972 0.19137 -0.057008 -0.016239 0.066725 0.021848 0.010624 0.0096833 0.021828 0.020025 -0.049969 -0.066281 0.13965 0.11074 0.4101 0.045 0.59445 0.12334 -0.031874 0.0012504 0.032986 0.01104 -6.5355e-05 0.00024084 0.0015062 0.0014884 0.050263 0.031755 0.064445 0.034915 -0.0066582 -0.0027904 0.049762 0.02556 -0.0017571 -0.00096612 0.0018098 0.0012077
-0.00019318 -0.00082466 0.0016084 0.0014287 -0.0050006 -0.026438 0.033497 0.030849 0.036205 0.012267 0.05607 0.021313 -0.0021889 -0.0007158 0.0058779 0.00098608 0.010372 0.0097195 0.030111 0.013633 -0.115 0.1252 0.36103 0.17591 0.2845 -0.026997 0.41859 0.075319 0.0010898 -0.0010961 0.019002 0.0056576 0.014531 0.00099281 0.042742 0.0077813 -0.017865 0.0074493 0.36725 0.3091 0.052327 -0.030599 0.52398 0.1455 0.0091143 -0.0049061 0.010781 0.0050074 -0.0051221 0.0018257 0.005124 0.0018257 0.0028286 -0.023691 0.049043 0.025657 0.014622 -0.011512 0.030363 0.012416 0.0013846 -0.0016093 0.0013846 0.0016093
-0.0004629 -0.0011937 0.00059855 0.0019557 -0.0063229 -0.001479 0.0087972 0.013869 -0.0084109 -0.017211 0.016539 0.022303 0.00093373 0.0049107 0.001974 0.0082687 -0.0049174 -0.0221 0.03354 0.092833 -0.20098 -0.28083 0.34752 0.48635 0.21894 0.0113 0.23357 0.24322 0.012839 0.0043092 0.015542 0.034123 -0.013329 -0.0084201 0.030132 0.053336 0.01295 0.10329 0.10986 0.38667 0.23856 0.059312 0.26116 0.19567 0.011997 0.0017462 0.012649 0.0043406 -8.064e-06 -0.0026607 0.0012409 0.0036535 0.00048878 -0.00077554 0.016591 0.01326 0.044222 0.0006515 0.045708 0.0072204 0.0014504 0.0001869 0.0044251 0.0018647
0.0024032 0.00056291 0.0038784 0.0010009 0.0029634 0.0027204 0.020094 0.0097333 0.059059 0.021118 0.076963 0.028798 -0.0042135 0.00011897 0.0058352 0.0035268 -0.0027267 -0.0025727 0.018731 0.010508 0.44832 0.063296 0.48635 0.11892 -0.022535 0.053404 0.23429 0.093778 -0.01863 -0.0022388 0.03013 0.013443 -0.0097239 0.0028682 0.016614 0.0087153 0.41339 -0.055138 0.44973 0.09321 0.057648 -0.066421 0.22712 0.10031 -0.034831 -0.0045276 0.035727 0.0058302 -0.0012176 -0.00065345 0.001502 0.00097256 0.0221 0.0020185 0.026426 0.013006 0.035481 -0.020192 0.056744 0.023231 -0.0032645 4.6009e-05 0.003574 0.0013465
-0.00096913 -0.00080556 0.0012664 0.0011008 0.016211 -0.013284 0.023175 0.025824 0.046283 0.0020687 0.064037 0.0097907 -0.0017905 0.00065814 0.0017917 0.00065874 0.0021818 0.0027194 0.0079055 0.0093351 0.024595 -0.049362 0.11382 0.10287 0.42732 -0.070318 0.54765 0.091218 -0.014004 0.003105 0.014042 0.0031341 0.0022453 -0.0017853 0.011337 0.016125 0.049639 0.10783 0.15243 0.14325 0.38048 0.035042 0.4834 0.14059 -0.017905 0.0047075 0.018543 0.0048445 0.000221 0.002587 0.0028696 0.0031368 0.012017 0.0070203 0.028974 0.027447 0.036719 -0.019755 0.080434 0.025105 -0.0014523 0.0015688 0.0031038 0.0023229
-0.0010853 0.00077619 0.0021878 0.0083528 -0.016962 0.0066613 0.022135 0.034555 0.097007 0.016059 0.099309 0.020361 0.00018938 -2.2378e-05 0.00018938 4.1841e-05 0.0017557 -0.01483 0.0049276 0.040295 -0.0065564 -0.053091 0.035785 0.30074 0.42034 -0.014891 0.42406 0.13133 0.0021861 3.5933e-06 0.0021861 0.00077678 -0.0018166 0.0055125 0.0028858 0.015975 0.010229 0.02217 0.025965 0.14344 0.48488 0.014461 0.48731 0.036303 0.00067306 0.00017006 0.00067306 0.00031681 -9.2459e-05 0.00037367 0.0002436 0.0019809 0.0010098 -4.622e-05 0.0021474 0.014717 0.072155 0.016196 0.072475 0.017644 3.211e-05 3.211e-05 3.211e-05 3.211e-05
0.0022655 0.0014137 0.0035918 0.0020247 -0.011674 0.016949 0.075088 0.020831 -0.012397 0.02236 0.049879 0.031165 0.0020575 0.0050951 0.0022607 0.0051663 0.0098704 0.005686 0.05715 0.0095489 0.008059 0.008053 0.47369 0.11695 -0.034861 0.014024 0.46458 0.034632 -0.005153 0.0018926 0.020196 0.018987 0.040562 -0.024934 0.052435 0.025381 -0.13447 -0.11799 0.29056 0.20165 0.13954 -0.093778 0.55382 0.12757 -0.0069967 0.007479 0.037624 0.013057 0.0061875 -0.00085915 0.0095834 0.0010498 -0.039061 0.026381 0.05451 0.038796 0.043716 0.009435 0.059968 0.014709 4.4251e-05 0.0012578 0.0069332 0.0012755
-0.0011586 -0.00072846 0.0017465 0.001499 0.096806 0.025017 0.097272 0.025533 -0.013722 -0.0085216 0.024864 0.013157 -0.0049582 -0.0034651 0.0054259 0.0052343 0.037892 0.017693 0.041052 0.032362 0.49042 0.052782 0.52312 0.11832 -0.2617 -0.14129 0.2617 0.14776 -0.023776 -0.014913 0.025667 0.020862 0.010567 0.017006 0.031015 0.038806 0.1764 -0.1343 0.22157 0.18776 -0.10516 -0.17 0.1537 0.24644 0.0096212 0.016261 0.012725 0.019329 -0.0042766 0.0046615 0.0051547 0.0048211 0.0012405 0.0080664 0.0065273 0.0097712 0.012175 0.010364 0.016631 0.014169 0.0027741 0.0035119 0.0033864 0.004233
-0.0019846 -0.0075196 0.0027643 0.017186 -0.022673 -0.022608 0.029209 0.05029 0.091143 -0.0059971 0.094973 0.0071099 0 0 0 0 0.00062371 -0.0050048 0.0042854 0.042992 -0.019606 -0.019084 0.038352 0.35549 0.43284 0.011126 0.43334 0.15299 0 0 0 0 -0.00072447 0.0067165 0.0032199 0.014503 -0.00054086 0.047708 0.023191 0.12323 0.45761 0.016613 0.45761 0.042239 0 0 0 0 0.00025864 -0.001659 0.00034953 0.0021948 0.00053962 -0.012403 0.00087479 0.015755 0.067206 -0.0039435 0.067446 0.0054512 0 0 0 0
-0.0045075 -0.0001527 0.0051431 0.00053584 0.023067 -0.0034855 0.058395 0.0079669 -0.0084671 -0.0034565 0.061729 0.0048517 0.0071598 0.00072227 0.0071598 0.00084388 -0.030469 -0.0041643 0.036887 0.0045269 0.19511 0.02882 0.46756 0.11136 -0.051782 -0.0028781 0.47293 0.021824 0.025616 0.0030825 0.025857 0.0043724 -0.031295 -0.0065952 0.033133 0.0092864 0.013721 -0.1321 0.37819 0.16865 0.15884 -0.19974 0.40115 0.2606 0.010557 0.0018248 0.010712 0.0025142 -0.0034717 0.0010268 0.003574 0.0011413 -0.027168 0.0046124 0.027399 0.0089267 0.045552 -0.005435 0.046399 0.0095512 0.0020321 -0.00047006 0.0020412 0.00070148
-0.0038751 0.00038188 0.0067161 0.0041217 -0.014141 -0.0048776 0.038076 0.012167 0.012618 0.0095289 0.065006 0.028249 0.00018723 0.00027572 0.008783 0.0037118 -0.0052392 -0.026627 0.020958 0.026911 0.16787 -0.092455 0.35061 0.23235 -0.1232 -0.0549 0.43679 0.19326 0.032867 0.029975 0.061096 0.038554 -0.029548 -0.0080419 0.029548 0.0081748 0.20312 -0.13605 0.4232 0.22988 0.038567 -0.13604 0.36094 0.25027 0.017569 -0.0097471 0.046102 0.017948 0.002135 0.0018044 0.0069432 0.0030529 -0.018698 0.028712 0.048413 0.047422 0.0442 0.039421 0.053118 0.046287 0.0022972 3.4058e-06 0.0035239 0.0018296
-0.0049547 0.00052926 0.007979 0.0018183 0.0067878 -0.010145 0.025739 0.02358 0.023736 0.0017086 0.070234 0.0074393 0.0029531 -0.0002771 0.0044493 0.0012922 0.022568 0.001055 0.087898 0.0068231 -0.17791 0.081365 0.27046 0.119 0.29178 0.018776 0.54204 0.1713 0.013183 0.0016158 0.039451 0.0058249 0.025056 -0.0037547 0.088415 0.0055811 -0.10535 -0.0069151 0.43029 0.101 0.22453 0.022261 0.40033 0.11326 0.0057944 0.0026019 0.041605 0.0093021 0.0051573 -0.0044195 0.0081004 0.0044899 -0.0044366 -0.01776 0.057506 0.021297 0.024014 -0.016966 0.047307 0.021993 0.0014389 0.00024832 0.0046144 0.0021984
0.00012626 0.00026637 0.00053853 0.0016798 0.00070533 0.0017353 0.0020176 0.011897 0.081488 -0.0019854 0.081488 0.0022975 0 0 0 0 -0.00018207 -0.019287 0.0029064 0.039557 0.01281 -0.074044 0.030945 0.20618 0.46644 -0.008835 0.46644 0.088716 0 0 0 0 0.0056772 0.023992 0.007589 0.0373 0.079941 0.11289 0.10863 0.25649 0.42371 -0.0016794 0.42371 0.07034 0 0 0 0 -3.6621e-05 -0.0092743 0.0018076 0.0093047 -0.0081393 -0.067105 0.011932 0.067105 0.092206 -0.034875 0.096449 0.034875 0 0 0 0
-0.0088306 -0.0014309 0.010721 0.0017795 0.0024998 -0.0079772 0.057918 0.0082 0.014183 -0.0015407 0.049801 0.010024 -0.00052958 0.00062501 0.0035476 0.0011662 -0.047331 -0.0062566 0.048877 0.0095018 -0.070445 -0.10631 0.31354 0.15618 0.28244 -0.023762 0.42509 0.11073 0.0020355 0.00038653 0.024131 0.0077434 -0.047851 -0.0040975 0.051594 0.008364 -0.19858 0.035784 0.20488 0.081978 0.47948 0.006326 0.47948 0.032021 -0.013743 -0.0009684 0.026176 0.0064716 -0.0029472 6.5841e-07 0.0041178 0.0010907 -0.032078 0.016354 0.093308 0.05215 0.056754 -0.0013924 0.058538 0.013099 -0.0037358 0.0010816 0.0043413 0.00149
-0.0055229 -0.011526 0.009821 0.019595 -0.020495 -0.039132 0.046039 0.057745 0.056152 -0.0022326 0.06173 0.027437 0.002827 0.0002262 0.0028477 0.0015437 0.0077064 -0.017553 0.035229 0.080871 -0.042434 -0.084919 0.15555 0.53063 0.32695 -0.043695 0.37916 0.18119 0.015847 0.0013154 0.028307 0.010481 -0.0056148 0.0092637 0.016397 0.023558 0.015076 0.028075 0.11453 0.20715 0.37303 0.016496 0.3845 0.12172 0.0033847 -0.0074606 0.063255 0.023116 -0.0032415 0.00048054 0.0050267 0.0043954 0.0017631 0.029328 0.016583 0.054775 0.032571 -0.0038867 0.042564 0.051814 -0.0060183 -0.0082662 0.0084259 0.010055
-0.00051492 -0.0010446 0.001876 0.0022019 0.015125 -0.00060891 0.045714 0.0099137 0.018799 0.00044131 0.063673 0.02179 -0.0034184 -0.0014216 0.0048494 0.002146 0.00087601 -0.001196 0.014439 0.015312 -0.038259 -0.0025279 0.38832 0.092611 0.26066 -0.001181 0.44884 0.12891 -0.023664 -0.0096692 0.031247 0.010573 -0.012281 0.033222 0.019438 0.03471 -0.11622 0.054069 0.33619 0.13509 0.27671 -0.026509 0.52431 0.19283 0.00106 0.00046323 0.0097344 0.0056895 -0.00050442 0.00030646 0.00086259 0.0010862 -0.014768 0.024896 0.023396 0.03078 -0.0045343 0.003859 0.031211 0.015193 0.00044288 -2.4839e-05 0.0010639 0.00020811
-8.6664e-05 -0.0031223 0.00249 0.0085378 -0.004935 -0.021411 0.0064401 0.064224 0.069332 -0.0064194 0.069332 0.025887 0 0 0 0 -0.00026636 -0.0071783 0.0025417 0.012152 0.0017129 -0.035253 0.014842 0.077409 0.49559 -0.011158 0.49559 0.025706 0 0 0 0 0.0010155 0.0066664 0.0033759 0.036537 0.0010572 0.04077 0.024609 0.20733 0.45717 0.0039527 0.45717 0.091154 0 0 0 0 -0.0018219 0.0039289 0.0023279 0.0068111 0.0082534 0.026146 0.015246 0.058068 0.061153 -0.00050968 0.061414 0.018325 0 0 0 0
-0.0020066 -0.00092713 0.0034066 0.0020556 0.0011837 0.0039798 0.028989 0.010879 0.011637 0.034258 0.047766 0.041877 0.00029998 0.00075977 0.0058977 0.002312 0.0061023 0.0040415 0.029823 0.009597 0.33528 0.14606 0.50452 0.18067 -0.076457 0.11054 0.14001 0.11303 -0.013953 0.033538 0.021799 0.034567 -0.0037794 -0.003804 0.023889 0.023985 0.31359 -0.128 0.43687 0.21538 0.04819 0.045875 0.33933 0.18285 -0.0029489 0.003642 0.0061736 0.0077746 -4.097e-05 0.00079269 0.0033521 0.001027 0.015244 0.0011427 0.024057 0.0081058 0.044284 -0.040592 0.068367 0.052423 -0.0028032 0.0021292 0.0028111 0.0021292
-0.00064928 -0.0026887 0.0019499 0.0033294 0.001651 -0.013851 0.032264 0.027627 0.035884 -0.0094076 0.071255 0.035696 -0.0030949 -0.0031698 0.0043501 0.0037707 -0.026264 0.029232 0.045498 0.033759 -0.050468 0.019875 0.36889 0.10867 0.28156 0.031968 0.58353 0.1519 0.0011627 -0.0039381 0.013949 0.0043262 -0.0076538 0.017081 0.018068 0.025623 -0.15834 0.23488 0.22191 0.27852 0.076301 -0.035158 0.27022 0.30856 0.0019995 0.00013364 0.0068208 0.001674 0.0076116 -0.0063465 0.0090022 0.0072429 -0.0081661 0.014109 0.018151 0.022523 -0.024064 0.010752 0.066818 0.016333 0.0015177 -0.00062039 0.0028195 0.00079342
0.0014879 -0.002422 0.0028626 0.0027234 0.00039516 -0.017004 0.062306 0.042764 -0.0048821 0.0063922 0.02887 0.010528 0.00013695 -0.00035854 0.0047635 0.00057996 0.0024721 0.00079941 0.013006 0.0052272 0.32116 -0.0074475 0.38462 0.080718 -0.24271 0.033558 0.34484 0.053934 0.018957 0.0022569 0.040817 0.0061726 0.0050873 0.0011359 0.0137 0.0062503 0.36924 0.0078605 0.37937 0.036427 -0.34678 -0.0086823 0.35868 0.044664 0.050423 -0.0072161 0.058259 0.0099577 8.6827e-05 -0.0005416 0.0012489 0.00096228 0.05637 -0.0046077 0.056735 0.0063023 -0.05095 0.009225 0.053313 0.010454 0.0048196 -0.00084344 0.0086148 0.0030609
-0.0044834 0.00070087 0.0052473 0.00099485 0.040859 -0.051366 0.069846 0.052565 -0.025349 -0.0031326 0.088017 0.0093819 0.0069032 -0.00038502 0.012897 0.0017213 -0.030629 0.0082827 0.048146 0.014162 -0.011077 0.033976 0.2374 0.1624 0.20417 -0.029833 0.44573 0.098059 0.036534 0.0060006 0.067153 0.0081755 -0.029117 -0.0011053 0.048002 0.023039 -0.18081 0.11812 0.46019 0.36314 0.28436 0.055331 0.36181 0.11409 0.012744 0.0096933 0.02162 0.010382 0.0029997 0.0048885 0.0077033 0.0058366 -0.020454 0.02188 0.027768 0.072175 0.045362 0.020766 0.047456 0.023465 0.0010455 0.00020911 0.0012101 0.00056591
-0.00014674 -0.001897 0.0016494 0.0025734 -0.0086971 0.0013906 0.021497 0.015799 0.066518 -0.0012684 0.0673 0.0069119 0.00097929 5.2984e-05 0.0015937 0.00077983 0.001277 0.011531 0.026255 0.020101 -0.0027613 -0.10935 0.14086 0.32822 0.34337 -0.11118 0.35906 0.20108 0.01899 0.0017153 0.024939 0.0062381 -0.0085595 -0.0024315 0.02255 0.029265 0.030228 0.17086 0.19075 0.45496 0.22296 -0.026268 0.31886 0.32984 -0.0015833 -0.049442 0.0399 0.067992 0.0013532 -6.2266e-05 0.0055314 0.0041966 -0.01016 -0.0075347 0.038663 0.039622 -9.0359e-05 -0.0018755 0.017468 0.026533 0.002131 0.00088227 0.0024935 0.0051
-0.00094829 0.0021889 0.0019112 0.009847 0.066205 -0.018471 0.090371 0.028733 0.0012629 0.00019611 0.001637 0.00045817 0 0 0 0 -0.013236 0.027531 0.016678 0.05898 0.48457 0.18326 0.51407 0.28758 0.0078366 -0.0035698 0.010432 0.008651 0 0 0 0 -0.0020643 -0.021281 0.0031929 0.027761 0.38794 -0.11924 0.41337 0.1419 0.0096009 0.0039708 0.013483 0.005941 0 0 0 0 -0.00050457 -0.00079589 0.00052516 0.0018158 0.063712 -0.011255 0.064034 0.016638 0.002119 -0.00058837 0.0027352 0.0009674 0 0 0 0
-0.0065749 0.0001433 0.0068711 0.0025038 -0.013415 -0.016249 0.046772 0.035597 0.0019347 0.00057292 0.026647 0.018999 0.0019583 0.0033678 0.011884 0.0064962 -0.060711 -0.032771 0.061281 0.039804 -0.053446 -0.23685 0.16946 0.23859 0.20243 -0.10214 0.3682 0.32813 -0.036686 -0.02011 0.061967 0.050317 -0.05112 -0.013593 0.05112 0.013593 -0.13164 -0.004959 0.16843 0.16017 0.24587 -0.15648 0.45186 0.37306 0.038019 -0.0014143 0.076713 0.052666 -0.007458 -0.0026542 0.007458 0.0026542 -0.0008054 0.032462 0.084793 0.081006 0.010924 0.025981 0.057159 0.052955 0.0029824 0.0048555 0.0041336 0.0073335
-0.0025091 0.00062718 0.0036549 0.0040815 -0.00065641 0.00076337 0.077858 0.0073903 0.011066 0.00785 0.08492 0.025281 0.003306 0.00057797 0.003948 0.00081988 -0.040233 -0.0070314 0.041714 0.012143 0.022802 -0.20714 0.36829 0.21095 0.19149 -0.032091 0.39361 0.16058 0.033097 0.0087347 0.046751 0.0097935 -0.05735 0.017871 0.05827 0.018434 -0.096132 0.092233 0.43831 0.23155 0.30127 -0.00052666 0.39377 0.089517 0.045697 -0.001948 0.057817 0.0030189 -0.0039251 0.00063522 0.0043557 0.00094522 -0.023102 -0.010581 0.04036 0.01853 0.040137 -0.011613 0.044488 0.012727 0.007955 6.4685e-06 0.009971 0.00052672
-0.00023339 0.003173 0.00048098 0.0032803 -0.0025086 0.014567 0.0043501 0.016431 0.047865 0.02022 0.049325 0.022388 4.8478e-05 -3.0593e-05 0.0002011 4.271e-05 0.0058913 -0.021281 0.0071933 0.025266 0.03639 -0.14167 0.045394 0.25719 0.38128 -0.032481 0.38276 0.098849 0.0006767 -0.00017867 0.00080862 0.00031386 0.0044525 -0.011991 0.0053227 0.01975 0.015595 -0.076273 0.028236 0.10834 0.52316 0.06785 0.52456 0.10245 0.0010538 0.00045455 0.0010538 0.00045455 0.00031689 0.00024737 0.00072381 0.0029053 0.0043167 0.0011175 0.0052768 0.0074474 0.09132 0.012076 0.091962 0.012282 0 0 0 0
0.00045976 6.4232e-05 0.0026557 0.0012375 -0.017867 -0.0057918 0.06522 0.013682 0.033532 0.01134 0.07122 0.025637 -0.0050495 -2.0806e-05 0.0087303 0.0022549 -0.0080143 -0.033904 0.013033 0.034102 -0.13515 -0.11403 0.42314 0.14472 0.32947 -0.074954 0.53269 0.15376 -0.00058902 -0.00060477 0.033517 0.0086242 -0.0039667 0.012202 0.021065 0.016084 0.091656 -0.041345 0.32803 0.20799 0.20489 0.06743 0.30284 0.14365 0.024588 0.0098005 0.029298 0.012554 0.0089755 -0.0013192 0.011664 0.0022091 0.022425 0.007152 0.08302 0.022711 -0.006111 -0.0023904 0.026662 0.0079871 0.0068165 5.9499e-05 0.0068165 0.0010161
-0.001007 -0.00021913 0.0029731 0.0019086 -0.0034845 0.0025995 0.040459 0.004424 -0.0049732 0.0040199 0.067658 0.011092 0.0068882 -0.0025762 0.0068913 0.0037474 -0.0076071 -0.00055658 0.013971 0.013196 0.17888 0.12265 0.3044 0.2274 -0.15382 0.10087 0.28521 0.17741 -0.011846 0.0013498 0.037282 0.015173 -0.0088422 0.010515 0.0099471 0.022736 0.38382 -0.087328 0.4345 0.13192 -0.33289 0.056359 0.37579 0.13859 -0.010975 0.0048266 0.022879 0.01762 -0.0010332 0.0042396 0.0015801 0.0057388 0.022952 0.038291 0.089276 0.051804 -0.011307 0.010376 0.048676 0.021898 -0.0032356 0.0021825 0.0061584 0.0052535
0.0083806 -0.00037627 0.013981 0.0015835 -0.040243 0.0012139 0.040587 0.0089647 0.050968 -0.00088796 0.090777 0.014547 -0.0031647 -0.0013779 0.0037814 0.0016604 0.081525 -0.022288 0.09662 0.033209 -0.25439 -0.077853 0.27396 0.12262 0.3017 -0.10445 0.48888 0.16774 -0.018516 -0.0090034 0.03406 0.012796 0.032247 -0.011285 0.037025 0.02063 -0.087049 -0.096996 0.13861 0.16091 0.30496 0.10054 0.47449 0.18292 0.011163 -0.0027878 0.019615 0.0075069 0.0096835 0.0091394 0.010271 0.009392 -0.022465 0.0084883 0.042176 0.020488 0.038552 0.0032143 0.062619 0.010433 0.0028779 0.00059216 0.0037463 0.0010353
-0.0043096 -0.0017604 0.0044662 0.0020533 0.02641 0.0063217 0.02641 0.0078786 0.047921 0.0041774 0.051535 0.00748 -0.024464 0.00020176 0.025318 0.005768 -0.0037939 -0.0034796 0.042443 0.0099147 0.10624 -0.065532 0.22251 0.10655 0.37241 -0.06688 0.41324 0.1055 -0.10558 0.043088 0.12271 0.050105 0.0037153 0.016058 0.043154 0.020012 0.019907 -0.031633 0.14499 0.072639 0.36837 0.031629 0.59999 0.14362 0.0091012 -0.0076748 0.032014 0.028106 -0.0036031 3.5008e-05 0.0038037 0.0005861 0.035136 0.0076203 0.053218 0.019214 0.014457 -0.0052774 0.059958 0.016949 0.0018978 -0.0015943 0.0019036 0.0015943
-0.00080277 -0.00080989 0.0010215 0.0012861 -0.00012648 -0.025388 0.023477 0.030593 0.0070204 0.014529 0.067139 0.026627 -0.00070166 -0.0016298 0.00093038 0.0017031 -0.024843 -0.036011 0.038908 0.043658 0.12639 0.087975 0.59781 0.26578 -0.0035359 -0.22171 0.32066 0.27422 0.0085607 0.0048489 0.01046 0.0085738 0.011935 0.0047619 0.031783 0.021617 0.12032 0.0025255 0.37632 0.23951 -0.05913 0.067951 0.23038 0.15416 0.013735 0.0060119 0.023577 0.015189 0.0001137 0.00056502 0.0031935 0.0036052 0.0060024 0.0086299 0.067814 0.03505 0.0040463 0.0026187 0.022527 0.014766 0.0042453 0.0026016 0.0049111 0.0036119
-0.0044489 0.00092655 0.0045606 0.0022796 0.00078571 -0.0028163 0.008513 0.017055 0.066776 -0.010567 0.066894 0.016947 0 0 0 0 -0.014958 -0.0080222 0.019874 0.045123 -0.038679 0.0057057 0.063486 0.21832 0.45593 0.010522 0.46291 0.10131 0 0 0 0 0.0025635 0.014862 0.029561 0.039982 0.02337 0.15586 0.10818 0.40764 0.30466 0.0069414 0.40965 0.17956 0 0 0 0 0.00032364 0.00059006 0.00040447 0.00085132 0.0010818 0.0047346 0.0024827 0.010256 0.039019 -0.0014595 0.041426 0.0073778 0 0 0 0
0.0019763 -0.0033388 0.0019763 0.0033388 0.0034989 -0.014434 0.0035115 0.014471 0.031357 -0.0073953 0.031357 0.011158 0 0 0 0 0.012392 0.0037382 0.026345 0.046477 0.032957 -0.12776 0.05739 0.22292 0.32986 -0.037292 0.33145 0.11205 0 0 0 0 -0.013411 -0.0085874 0.022228 0.087645 -0.10872 -0.13193 0.1979 0.3071 0.4972 0.033156 0.4972 0.059166 0 0 0 0 0.0011387 0.0013028 0.0017077 0.0021495 0.0032855 0.019757 0.012029 0.026117 0.09825 0.017962 0.09825 0.018127 0 0 0 0
-0.00050669 0.0013501 0.001759 0.002033 0.0011198 0.00025593 0.0080639 0.012845 0.053615 0.023681 0.068898 0.025239 -0.0036928 0.000486 0.0036928 0.00064289 -0.0013104 0.0017905 0.011615 0.0098412 -0.011967 -0.016413 0.18156 0.20095 0.41134 -0.059501 0.49143 0.1739 -0.02443 0.0031628 0.02443 0.0054494 0.0063259 -0.010942 0.018972 0.024746 -0.0044168 0.028885 0.14161 0.17377 0.40782 0.032005 0.47316 0.12531 -0.02385 0.0013106 0.02385 0.0024318 -0.00029415 -0.00028977 0.00092398 0.00089078 0.0091951 -0.0003507 0.024939 0.029488 0.053215 0.0077289 0.076802 0.022473 -0.0033065 0.0001814 0.0033065 0.00030868
0.00089867 0.001817 0.0010958 0.0037501 0.064526 0.0034261 0.065981 0.02511 0.0015539 -0.00031671 0.0015786 0.00081577 0 0 0 0 -0.0047385 0.0043032 0.0098731 0.01535 0.46626 0.049868 0.47793 0.10886 0.0075036 0.0013577 0.0075036 0.005547 0 0 0 0 -0.0030698 -0.015614 0.0084235 0.018349 0.49913 -0.090712 0.49913 0.10545 0.0052509 -5.414e-05 0.0078611 0.003022 0 0 0 0 -0.00035214 0.00088831 0.00099666 0.0016478 0.075948 0.0019518 0.077275 0.0056562 0.00054812 1.1435e-06 0.00074578 0.00022345 0 0 0 0
0.0017937 0.013832 0.002957 0.015465 -0.011373 -0.0035968 0.018124 0.080427 0.073589 -0.01292 0.090126 0.017907 0 0 0 0 -0.0026431 -0.018199 0.015326 0.041544 -0.03212 0.0073863 0.042287 0.36239 0.44152 0.039813 0.45006 0.18097 0 0 0 0 0.0010335 -0.0035107 0.0020353 0.010809 -0.0043583 -0.024998 0.01832 0.037591 0.44645 -0.0093888 0.44645 0.017256 0 0 0 0 -0.00019226 0.0016611 0.00059796 0.0044194 0.00064687 0.015745 0.0028747 0.030005 0.06034 0.0085719 0.06034 0.012886 0 0 0 0
0.0024429 0.00010737 0.0062748 0.00075793 -0.005375 0.0095231 0.055238 0.013046 0.017344 0.0056658 0.047865 0.010571 0.00099283 0.00037003 0.0018418 0.00043961 -0.0050069 0.0011342 0.052257 0.0095818 0.031052 -0.032512 0.63068 0.12052 0.079419 0.034905 0.32451 0.087903 0.0055366 0.00018698 0.011874 0.0021462 -0.02255 -0.0011066 0.03799 0.0053618 0.34061 0.021282 0.47211 0.068044 -0.18778 -0.005179 0.23626 0.10915 0.0023948 -0.0020394 0.0072077 0.0023696 -0.0028116 0.00089252 0.0038824 0.0031656 0.025241 -0.028706 0.028905 0.05153 -0.0045586 -0.025119 0.023489 0.027195 -1.4765e-05 -4.6858e-05 0.00069355 0.00024889
0.0032839 0.0012311 0.0034034 0.0012799 -0.0052191 -0.0061157 0.059247 0.015398 -0.010506 -0.0053559 0.096415 0.016249 -7.466e-05 0.00017771 0.0032648 0.0012345 0.0050379 -0.0020787 0.028146 0.01035 0.032502 -0.0070129 0.39811 0.12325 -0.088672 -0.029725 0.65218 0.08757 -0.019512 -0.0028924 0.021167 0.0050406 -0.062978 0.016265 0.076938 0.040202 0.14108 -0.08628 0.28284 0.2447 -0.059098 -0.083611 0.33879 0.10227 -0.021024 0.002269 0.02724 0.0061847 -0.00082059 0.0027138 0.00088261 0.002803 -0.027255 0.1326 0.027785 0.1327 -0.015884 0.084448 0.025577 0.084722 -0.008546 0.0053914 0.0091357 0.0070928
-0.00045081 0.00033328 0.001106 0.0023911 0.072719 0.003203 0.074917 0.012907 0.0006516 -0.000273 0.0006516 0.00053841 0 0 0 0 0.00056952 0.0021831 0.012799 0.018209 0.48919 0.064558 0.50048 0.12804 0.0071214 -0.00075675 0.0076885 0.0048106 0 0 0 0 0.0011442 0.0012774 0.011326 0.015152 0.47013 -0.055162 0.48711 0.080001 0.0088483 0.00079453 0.0088483 0.0034985 0 0 0 0 -0.00012613 0.00021533 0.0016069 0.0021446 0.068158 0.0027918 0.068226 0.018529 0.00080728 0.0001346 0.00084667 0.0006706 0 0 0 0
0.0013587 -0.00086721 0.0029447 0.00093274 -0.005078 0.0084839 0.050536 0.013343 0.013587 0.0085968 0.031822 0.018352 -0.0032589 0.00016441 0.0032589 0.0004938 0.020196 -0.0018578 0.026678 0.003588 0.19755 0.0016944 0.39138 0.048393 -0.10656 0.073509 0.45057 0.085435 -0.019972 -0.001366 0.020674 0.0024382 0.018014 0.00027559 0.032622 0.0048996 0.31421 -0.058332 0.40679 0.068542 -0.17783 0.062177 0.49648 0.083083 -0.019961 -0.0019883 0.020853 0.00299 -0.0015472 -0.00085922 0.0019581 0.0013197 0.053177 -0.015387 0.054803 0.01579 -0.010355 0.0060209 0.04286 0.012241 -0.0037834 -0.0013069 0.0043643 0.0014038
-0.00058141 -0.0003437 0.0032085 0.0022113 -0.028238 -0.0089124 0.07992 0.01927 0.046252 0.018616 0.088922 0.031427 -0.00089844 0.00055393 0.0078508 0.00083188 -0.01011 -0.035392 0.019649 0.036314 -0.026036 -0.13368 0.46279 0.1594 0.26643 -0.095331 0.44656 0.16359 0.022528 0.0052499 0.046035 0.010756 0.018316 0.023987 0.042712 0.026406 0.22033 0.027051 0.44882 0.26203 0.097558 0.058263 0.21027 0.13502 0.045262 0.015166 0.046093 0.016497 0.0074483 -0.0035144 0.0091452 0.005514 0.014864 0.0093972 0.071573 0.030427 0.014043 -0.0013599 0.029629 0.012547 0.0053976 0.0010072 0.0063342 0.0012313
0.00057435 -0.00055864 0.0020279 0.0012836 0.011255 0.0030936 0.044638 0.010969 -0.027749 0.023083 0.035698 0.032266 0.0077202 0.00032359 0.012081 0.0067757 0.0063529 -0.001097 0.013284 0.010299 0.18831 0.012688 0.43617 0.1143 -0.15659 0.0019095 0.23411 0.17054 0.019503 0.0024402 0.024663 0.012073 0.0061316 0.0044138 0.016737 0.018415 0.27568 -0.010573 0.5168 0.23315 -0.26957 -0.10454 0.34811 0.18284 0.0099108 0.0016443 0.015895 0.0066027 0.00361 0.0039743 0.0054826 0.0042824 -0.015168 -0.0024283 0.065137 0.043279 -0.0085114 -0.0032467 0.036086 0.019635 0.0013838 0.0012276 0.0030824 0.0018295
0.00046362 -0.0049622 0.0004938 0.0058562 0.0034504 -0.033516 0.0038625 0.044217 0.04248 -0.0066141 0.043439 0.016132 9.5963e-05 -1.6899e-05 9.5963e-05 1.6899e-05 0.00091879 -0.015604 0.0046681 0.018972 0.023733 -0.096149 0.02391 0.10625 0.445 -0.01927 0.44841 0.074719 0.00035418 0.0003296 0.00035418 0.0003296 -0.0093127 0.0018496 0.014955 0.018552 0.017653 -0.012935 0.023364 0.059443 0.51795 0.038935 0.51982 0.064248 0.00022506 -0.00022506 0.00022506 0.00022506 0.00029579 0.00013353 0.0016279 0.0055385 0.0026506 -0.0033753 0.0051015 0.046197 0.082744 0.0031947 0.082954 0.014084 0.00011901 7.823e-05 0.00011901 7.823e-05
-0.0018283 0.00068433 0.0042529 0.0011102 0.01558 -7.1635e-05 0.019266 0.0055783 0.046014 0.0034757 0.063708 0.0074158 -0.0064343 -0.00027244 0.0070904 0.0014978 -0.012405 0.0012319 0.025376 0.0084726 0.018164 -0.001557 0.083435 0.059612 0.35293 -0.030931 0.55625 0.084528 -0.017867 -4.7214e-06 0.065275 0.011822 -8.1668e-05 0.00018413 0.014387 0.0046508 -0.018231 0.0054707 0.076685 0.091095 0.39097 0.053374 0.58397 0.080939 -0.036579 -0.0068641 0.051364 0.013033 0.00071636 -0.00032844 0.0023541 0.00072076 -0.0044022 0.0043021 0.017022 0.0078563 0.062893 -0.0059094 0.085911 0.018496 -0.0069303 0.0018711 0.0089486 0.0023102
-0.00031265 0.0011595 0.00073595 0.0024005 0.077941 0.0059108 0.079779 0.0092802 0.00052066 8.4926e-05 0.0011997 0.000106 0 0 0 0 0.0024202 0.009858 0.0069637 0.031333 0.49716 0.068288 0.50846 0.17932 0.0060599 -0.0017975 0.0096995 0.006559 0 0 0 0 0.0012362 0.010517 0.0062109 0.035019 0.4281 -0.037157 0.48705 0.089023 0.0056879 0.0006032 0.0071354 0.0062867 0 0 0 0 -0.00094649 -0.0016748 0.0016195 0.0043778 0.070876 0.007944 0.083948 0.011646 0.0010602 -0.00017456 0.0012209 0.00079336 0 0 0 0
0.0002357 -0.00030323 0.0015999 0.0011023 0.016527 -0.0083791 0.016676 0.010581 0.044829 -0.0027864 0.048874 0.0079104 -0.007252 -0.00079085 0.010131 0.0018599 -0.0022874 0.0016234 0.006598 0.0068355 0.011474 -0.032797 0.063731 0.05784 0.449 -0.028573 0.4647 0.066396 -0.052035 0.0071059 0.065828 0.0085738 0.0053229 -0.0054108 0.01267 0.0060199 -0.031577 0.0077896 0.096255 0.038923 0.4985 0.042967 0.51863 0.10496 -0.035511 -0.00078455 0.041825 0.012166 0.0019608 0.0026521 0.0031128 0.0045684 -0.0039982 0.0039875 0.012205 0.026567 0.060547 -0.006711 0.074634 0.012061 -0.0012617 -0.00018205 0.0049899 0.0022834
-0.0015929 0.00012014 0.0044877 0.0030902 -0.017208 -0.003523 0.065044 0.014656 0.056051 -0.014277 0.088357 0.022193 -0.0027969 -0.0036856 0.012469 0.0067315 -0.0012303 -0.0020719 0.019786 0.014953 -0.041598 -0.033361 0.38633 0.28763 0.19189 -0.077519 0.40648 0.25521 -0.010613 0.0026928 0.058649 0.016665 -0.0046766 0.0077814 0.026302 0.014324 0.025203 0.03981 0.36672 0.36136 0.12619 0.09885 0.32281 0.23045 0.049181 0.035231 0.099297 0.037495 0.0021138 0.00014466 0.0064596 0.0033424 0.023778 0.0092771 0.052915 0.014665 -0.010446 -0.0021137 0.017795 0.0080313 0.012564 3.1336e-06 0.01693 0.0026733
-0.0008954 0.00033488 0.0017082 0.00074815 0.014262 -0.0039944 0.015988 0.0061982 0.047125 0.0001269 0.058683 0.0087881 -0.0048611 -0.0010309 0.0052707 0.0021639 0.0034875 0.0022546 0.011652 0.0079178 0.017488 -0.02506 0.075173 0.072657 0.32912 -0.0049811 0.54178 0.088125 0.011014 -0.00037389 0.052293 0.0058038 -0.00085666 0.0015691 0.0093675 0.0055951 -0.02893 0.0071817 0.082398 0.074939 0.4104 0.031432 0.60567 0.076926 -0.0022688 -0.0046598 0.043175 0.011256 0.00055626 -0.00055407 0.0015209 0.00080563 0.00011954 -0.00075525 0.018528 0.0093944 0.058966 0.0055276 0.085896 0.010343 -0.0038701 0.0015223 0.0050656 0.0023234
0.00021667 0.0017759 0.00099263 0.0020945 0.063528 0.0052794 0.066061 0.006973 0.0011072 -0.0002986 0.0011072 0.00038452 0 0 0 0 -0.0050225 -0.0039857 0.00666 0.014761 0.48051 0.016132 0.4814 0.074889 0.0045491 -0.0015209 0.0055995 0.0044995 0 0 0 0 -0.0085722 0.00034527 0.010288 0.015664 0.49674 -0.022707 0.50281 0.12216 0.0077544 -0.0004117 0.01691 0.0083108 0 0 0 0 0.0010573 -0.00089348 0.0013014 0.0016036 0.057511 -7.9468e-05 0.058066 0.0096925 0.0016651 0.00026476 0.0019014 0.00058197 0 0 0 0
-0.0067754 -0.00011308 0.0093081 0.0018124 0.02868 -0.00011135 0.051719 0.018274 0.012044 0.0039648 0.035666 0.007882 -0.00021923 0.00039445 0.0084043 0.0017952 0.01161 -0.00095555 0.042058 0.0045826 0.24716 0.06967 0.56042 0.13771 -0.060123 0.030033 0.45418 0.085177 -0.029248 -0.0027878 0.062216 0.0099243 0.030304 -0.034127 0.052444 0.035859 0.22035 -0.12214 0.40376 0.20551 0.065955 -0.00464 0.26702 0.069985 -0.038488 -0.0011179 0.072121 0.0069223 0.0066338 0.0049689 0.010372 0.0065173 0.012301 0.0050456 0.06654 0.016383 0.037381 -0.0014945 0.042911 0.0059493 -0.0090737 -0.00024187 0.0092652 0.00049591
-0.0011323 0.0044583 0.002407 0.010264 0.0024014 0.058219 0.016995 0.071479 0.079104 -0.0058109 0.079104 0.016172 0 0 0 0 0.0046245 -0.0024593 0.015872 0.03366 -0.024875 -0.050516 0.049287 0.16796 0.46596 0.021353 0.46596 0.080252 0 0 0 0 -0.0028994 0.0083896 0.0042782 0.036427 0.0088392 0.0063396 0.023345 0.25845 0.4533 -0.00021774 0.4533 0.095727 0 0 0 0 -0.0016601 -0.00014406 0.002688 0.0014292 -0.0058755 -0.0097364 0.013333 0.046435 0.069981 -0.01534 0.070645 0.017272 0 0 0 0
-0.0038938 -0.0008753 0.004095 0.0014813 -0.011505 0.00093697 0.05819 0.0098818 0.093506 -0.032007 0.093903 0.036333 0.0051307 -0.015036 0.009601 0.019027 -0.0084601 -0.0010802 0.026313 0.019305 0.019776 -0.044069 0.28381 0.20794 0.33254 -0.022401 0.40297 0.27859 -0.054867 -0.064821 0.17901 0.067678 0.010478 0.0014656 0.030974 0.016886 -0.055134 0.032528 0.2545 0.32368 0.21795 0.029323 0.42314 0.19419 -0.027915 -0.013181 0.06493 0.02683 0.0041885 0.00018281 0.0054375 0.0026245 -0.013167 0.010501 0.050952 0.022893 0.02617 0.0039618 0.055761 0.012084 -0.0018412 0.0023861 0.01067 0.0036952
-0.0054881 -0.00075722 0.0059327 0.0018451 0.04289 0.0072374 0.044281 0.014276 -0.035891 -0.0066615 0.056547 0.011879 0.00039985 -0.0015638 0.0011248 0.0026644 -0.030848 0.013746 0.046927 0.018226 0.35889 0.061485 0.3961 0.08102 -0.34346 -0.035106 0.36657 0.094156 -0.0015786 0.0010813 0.010099 0.014228 -0.0072369 0.0031419 0.059648 0.0081826 0.21492 -0.073117 0.41292 0.090306 -0.29244 -0.065891 0.30987 0.073359 -0.0011672 -0.0044098 0.0119 0.019427 -0.0010409 -7.9931e-06 0.0055669 0.0010397 0.0032445 0.00089427 0.043503 0.0062999 -0.013304 0.0023137 0.026063 0.013421 0.00042729 0.001954 0.0010043 0.0039322
0.00071333 -0.00045763 0.0028865 0.0015755 0.012456 0.001187 0.024798 0.010933 0.063722 -0.0039721 0.066069 0.0070041 -0.0041762 0.00013879 0.0041762 0.00047677 0.0019114 -0.0049225 0.034832 0.010445 0.063883 -0.035007 0.11928 0.099905 0.48573 -0.052861 0.49778 0.10107 -0.028492 0.0025155 0.028492 0.0046117 0.0055505 0.00013451 0.013652 0.010093 0.087463 0.060522 0.17678 0.080909 0.43688 0.037101 0.45204 0.049954 -0.028988 -0.01233 0.031436 0.014336 -0.00042034 -0.0016456 0.0015159 0.0021853 0.016853 -0.0051476 0.021406 0.008519 0.060001 -0.0083437 0.072711 0.022147 -0.010454 -8.8049e-06 0.01335 0.0062216
-0.0017092 -0.00023331 0.0021333 0.00032836 -0.0019394 0.005938 0.013033 0.0075104 0.075257 0.0070993 0.089673 0.0076851 -0.0049111 0.00018987 0.0059526 0.0014104 -0.0044132 0.00012202 0.01301 0.0075566 -0.025807 0.044776 0.1655 0.060102 0.47971 -0.011875 0.50574 0.059457 -0.026154 0.01065 0.026786 0.011737 -0.008366 -0.0039035 0.011013 0.0051613 0.0012665 0.026228 0.17262 0.053767 0.44624 -0.0047605 0.4651 0.059538 -0.017577 0.0028163 0.017577 0.0028971 -0.00067006 0.00018691 0.0010728 0.0005524 0.0071753 -0.0015925 0.015147 0.0051523 0.058721 0.0029757 0.060548 0.0039217 -0.0022132 -6.0719e-05 0.0022132 0.00011782
-0.010927 0.00078265 0.010927 0.00097584 0.013615 0.020771 0.097543 0.045515 0.0094315 0.0085093 0.091318 0.045328 0.00079338 -0.00048522 0.0055228 0.0029874 -0.1045 -0.0015439 0.1045 0.0091392 0.060569 -0.24486 0.44512 0.28317 0.23212 -0.067295 0.47973 0.18627 0.031095 0.0039985 0.050215 0.0097772 -0.12252 -0.0096109 0.12253 0.0096109 0.037208 0.02415 0.13058 0.08237 0.32549 0.044932 0.32549 0.077882 0.025607 0.0068222 0.045639 0.013109 -0.011745 -0.0021523 0.014326 0.0040681 0.0088765 0.030006 0.042511 0.033774 0.036865 0.0041973 0.037286 0.0081163 0.0091991 0.0016255 0.0092052 0.0017889
0.0025855 0.00013118 0.0031129 0.0011359 0.057356 0.0010847 0.063294 0.0054655 -0.047139 0.00202 0.047139 0.0041863 -0.0046867 0.0031395 0.0047841 0.0032906 0.018657 0.00014031 0.020873 0.0072352 0.38493 0.016942 0.43096 0.031443 -0.28033 0.005922 0.29218 0.016054 -0.032543 -0.010808 0.071221 0.022703 0.010074 -0.0067248 0.01262 0.010721 0.31425 -0.015779 0.51285 0.074666 -0.1741 -0.029763 0.23743 0.08394 -0.042126 0.014958 0.069876 0.027473 -0.001027 -0.00060548 0.0016132 0.00092693 0.034772 0.0066353 0.084882 0.010654 -0.0071563 -0.0020085 0.042403 0.010262 -0.0081652 -0.00081697 0.015124 0.0025835
-0.0097224 -0.0014602 0.010044 0.0030997 0.0011351 0.054115 0.07007 0.064419 0.010602 -0.0048539 0.099702 0.04615 0.00048119 -9.6412e-05 0.0014207 0.00064328 -0.051838 -0.010396 0.05314 0.021263 0.18886 -0.25159 0.35236 0.27379 0.063227 0.0017512 0.38082 0.15242 0.0096167 0.0029391 0.017473 0.0058552 -0.05664 0.013131 0.077458 0.02172 0.086482 0.084988 0.14534 0.18734 0.20326 0.061901 0.58597 0.12402 0.024762 0.0049095 0.027334 0.0070125 -0.0031677 0.0039127 0.0092579 0.004517 -0.016972 -0.0024753 0.033128 0.012703 0.036935 0.015432 0.093562 0.023426 0.0025154 0.001891 0.0060931 0.003115
-0.00077147 0.00021168 0.0019025 0.00093679 0.01449 -0.00020949 0.023271 0.0080956 0.037302 -0.0013682 0.082702 0.0063973 -0.005301 0.00064612 0.008181 0.0034721 -0.0017357 -0.0038578 0.0071303 0.0097193 0.011641 0.011995 0.14278 0.058065 0.32188 -0.029466 0.58406 0.069675 -0.025517 0.0018327 0.054892 0.023337 -0.005564 0.0026696 0.012304 0.01105 0.0067753 0.006734 0.11893 0.072618 0.3109 0.033712 0.6143 0.065049 -0.0094229 0.0027977 0.045935 0.024226 -0.00074439 -0.00042542 0.001375 0.00088797 0.0082868 0.004744 0.015439 0.0068303 0.035901 -0.033174 0.07247 0.042738 -0.0027664 0.001101 0.0077953 0.0025786
1.3375e-05 -0.0004478 0.00021833 0.00058521 0.0032156 8.0469e-06 0.0032156 0.0046998 0.044145 0.0012294 0.044984 0.0042569 0 0 0 0 0.0042565 -0.018536 0.0044342 0.018536 0.032663 -0.13379 0.035308 0.13379 0.40773 -0.016517 0.40936 0.06017 0 0 0 0 0.0031196 -0.011593 0.0067585 0.046995 0.032424 -0.053601 0.050605 0.2696 0.49809 0.041035 0.49905 0.12141 0 0 0 0 -0.00242 -0.00072483 0.0046984 0.0084139 0.0090677 -0.029704 0.0098891 0.031926 0.10492 0.004178 0.10492 0.0075991 0 0 0 0
-0.00057631 0.0014693 0.0026693 0.0021144 0.0075839 0.00983 0.013913 0.015694 0.039062 0.0010314 0.059343 0.020326 -0.0059409 0.0044682 0.0074135 0.0048941 0.0031779 -0.00066366 0.011173 0.010316 -0.0062066 -0.076837 0.090345 0.091245 0.3641 -0.049527 0.54328 0.11541 -0.018277 0.0061262 0.019915 0.012401 -0.010582 -0.0035481 0.020117 0.014052 0.059327 0.045512 0.10416 0.086474 0.36665 0.025755 0.55681 0.1751 -0.036192 -0.0084639 0.044034 0.042746 -0.00075791 0.00067751 0.0024074 0.0016515 0.0078826 0.016369 0.025422 0.026841 0.041705 0.035637 0.1018 0.077251 -0.0044916 -0.0012801 0.0061099 0.0044107
0.00035644 0.00053014 0.0022586 0.001383 -0.014908 -9.411e-05 0.040245 0.012102 0.057386 0.0082556 0.070311 0.02759 -0.0094187 -0.002446 0.010111 0.002446 0.008218 -0.0014134 0.020682 0.0034915 -0.1654 -0.037225 0.24122 0.077986 0.33411 -0.03729 0.63245 0.15967 -0.0064775 -0.010499 0.048013 0.041788 0.0065449 0.0010441 0.014614 0.0033611 -0.19759 0.059932 0.26747 0.095948 0.20119 -0.052883 0.3268 0.20567 0.041138 -0.037415 0.044072 0.042134 -0.0005844 0.00013377 0.0019095 0.00060802 0.02463 0.04685 0.04241 0.050764 -0.067154 0.025554 0.088037 0.097534 0.0040861 -0.0010154 0.0045154 0.0038819
0.0006704 -0.00028449 0.0020452 0.00099309 -0.0012963 -0.0040423 0.007321 0.0085735 0.065546 -0.0022188 0.068678 0.018408 -0.0014794 -6.1046e-05 0.0041957 0.0013336 0.010445 -0.0019149 0.031201 0.0061034 -0.0339 -0.0030223 0.051956 0.043757 0.49104 0.014575 0.50659 0.082852 -0.012735 -0.00066765 0.018265 0.0061446 -0.001003 0.0094667 0.016066 0.020646 -0.0018806 0.028022 0.046364 0.14478 0.45152 -0.022351 0.47289 0.12191 -0.021362 -0.0030518 0.028155 0.0085946 -0.0025829 -0.00014485 0.0078294 0.0005281 0.0046314 0.0058944 0.014645 0.013599 0.061232 -0.0024226 0.069482 0.014507 -0.0031024 0.00020048 0.004789 0.001149
-0.0019104 -0.00038642 0.0035931 0.0010701 0.049495 -0.013076 0.068688 0.017304 -0.034479 0.0025223 0.034975 0.011654 -0.0040399 0.00096619 0.0054289 0.0014681 -0.0029134 0.0040443 0.013893 0.0087846 0.39739 0.023487 0.4789 0.050442 -0.24882 0.070257 0.26584 0.077871 -0.021637 0.0030164 0.024103 0.0051965 0.0078117 -0.0038514 0.015065 0.005591 0.38485 -0.01292 0.43358 0.065327 -0.2249 0.038135 0.2249 0.039619 -0.014868 0.0015481 0.018784 0.0033971 -0.00016957 -0.00047424 0.00095386 0.00077833 0.058746 0.00039074 0.058746 0.0060997 -0.030127 7.3801e-05 0.030127 0.0020476 -0.0015838 3.7465e-05 0.0034444 0.00023505
-0.0022826 -0.0013062 0.0046699 0.0021179 -0.011625 0.014613 0.093776 0.072065 0.018618 0.036064 0.072717 0.048646 -0.0036072 -0.00075 0.0055741 0.0027587 -0.021234 -0.0061115 0.022036 0.0076605 0.032547 -0.31789 0.44068 0.38624 0.25595 -0.023942 0.51557 0.22025 0.0094123 -0.0028242 0.016896 0.010667 -0.0072151 -0.0017472 0.015488 0.012102 0.11424 0.050703 0.14088 0.086891 0.21911 0.0059906 0.21911 0.069214 0.024995 0.0028645 0.034848 0.0093724 0.00042007 8.3448e-06 0.0010277 0.00073077 0.02612 0.0082291 0.028804 0.013418 0.018951 0.0042259 0.019229 0.0071538 0.0024796 0.00020192 0.0060229 0.0019916
-0.0056788 0.00051979 0.0081283 0.00065906 -0.025308 0.00085019 0.026921 0.0043633 0.033239 -0.003207 0.069985 0.0062901 0.0066314 -0.0011046 0.0073053 0.0012358 -0.040211 -0.001148 0.050888 0.0028947 -0.21623 -0.014645 0.21623 0.025596 0.23936 -0.089164 0.52097 0.11494 0.03578 -0.0050334 0.03578 0.0066502 -0.041207 -0.00083001 0.048774 0.0076406 -0.23518 -0.015523 0.23518 0.037953 0.29408 0.070739 0.55679 0.091066 0.010115 -0.0017743 0.060942 0.0079518 -0.0064327 -0.00086846 0.0073038 0.0011481 -0.030337 -0.0049103 0.030337 0.0085872 0.022404 -0.046967 0.063686 0.047202 0.003275 -0.0033162 0.0093166 0.0036171
0.00038254 -0.00038776 0.00063693 0.00096067 0.00064465 -0.015745 0.012526 0.017407 -0.024248 -0.016545 0.10147 0.018588 0.0019648 -0.00056012 0.0020534 0.00075487 0.014536 -0.061821 0.019354 0.063942 0.048482 -0.19824 0.21153 0.42604 0.027096 0.08282 0.48415 0.31461 0.0099321 -0.0072931 0.017772 0.022552 0.038562 -0.015304 0.038894 0.021935 0.11973 0.039173 0.25231 0.2411 -0.054689 -0.11485 0.24361 0.36682 0.039297 -0.023256 0.041532 0.050924 0.0050784 0.0071608 0.006307 0.012373 0.012881 -0.0021481 0.030053 0.073882 0.0018089 -0.016518 0.017656 0.063032 -0.00021696 -0.0064581 0.00199 0.012445
-0.00011383 -0.0075593 0.0023336 0.0082533 -0.018222 -0.051923 0.018341 0.061908 0.036435 -0.027905 0.060746 0.033134 -0.0009908 -0.0035127 0.0023481 0.0035127 0.008502 -0.0035634 0.016825 0.0063749 -0.11452 0.10371 0.38162 0.19356 0.22252 -0.0031431 0.36795 0.059402 -0.01538 0.0024228 0.023495 0.0032003 -0.0057781 -0.0015815 0.019839 0.0030738 -0.094993 0.085522 0.6295 0.14222 0.19264 -0.00018558 0.31664 0.028148 -0.020361 7.9082e-05 0.028544 0.0026469 -0.0006403 -0.0008464 0.0033588 0.0012761 0.005766 -5.0413e-05 0.090337 0.029541 0.012558 0.0069948 0.082725 0.017239 -0.0023823 -0.00032311 0.0032216 0.0010076
0.0002626 -3.0602e-05 0.0016957 0.00083695 0.045035 0.0051541 0.049105 0.010519 -0.020814 -0.00085714 0.062686 0.0056476 -0.0082937 0.0048005 0.0083381 0.0050423 -0.0019843 -4.2554e-06 0.0077857 0.0070751 0.31096 0.014031 0.3493 0.046417 -0.18446 0.030225 0.50826 0.10849 -0.025993 0.011083 0.026169 0.023201 -0.0080704 0.0028309 0.017531 0.0058222 0.26859 -0.0043033 0.45817 0.036616 -0.15216 0.0070715 0.3477 0.15392 0.028324 0.001549 0.029973 0.020484 0.00035333 -0.00035215 0.0016029 0.00059764 0.031621 0.0015896 0.072405 0.011056 -0.004603 0.015656 0.043315 0.018546 0.00090225 0.00039496 0.00092788 0.00040011
0.00010416 -0.0011528 0.00044025 0.0034708 0.06001 0.010568 0.06031 0.020834 0.0010668 0.00027942 0.0019707 0.00045928 0 0 0 0 0.0022732 0.0076704 0.0029906 0.028334 0.41197 0.058592 0.43029 0.13396 0.0093688 -0.00063917 0.011072 0.0059668 0.0011746 1.2294e-05 0.0011746 0.00018473 0.002976 -0.029234 0.0047874 0.031641 0.51738 -0.11598 0.52494 0.20644 0.0048697 0.0038454 0.0092175 0.0076318 0.00010799 0.00010799 0.00010799 0.00010799 -0.00034904 -0.00018139 0.0014153 0.0015919 0.081628 -0.0023577 0.082117 0.0056312 0.00019112 -0.00033563 0.00064023 0.00054369 0 0 0 0
0.0017874 0.00020711 0.0047778 0.00069522 -0.0067036 -0.00099135 0.0092969 0.0051225 0.073142 0.0062555 0.075357 0.011145 -0.0011434 -0.00018697 0.0015992 0.00042535 -0.0035638 0.0017808 0.017806 0.027507 -0.008832 -0.012161 0.051346 0.16572 0.46381 0.014227 0.48553 0.073078 -0.017217 -0.0053139 0.024333 0.0074306 -0.023398 0.0016366 0.041557 0.0057244 0.034907 0.02367 0.076719 0.081968 0.46435 -0.007607 0.49931 0.081208 -0.021988 0.0041252 0.031303 0.0058689 -0.0035323 0.00031119 0.0067782 0.00080857 0.0068224 -0.00077263 0.0098862 0.0043436 0.067212 -0.0098849 0.070965 0.011508 -0.003595 0.0009664 0.0042532 0.0012352
-0.00014872 0.00022438 0.0014973 0.0014896 0.0056464 -0.0038017 0.030827 0.019319 0.0037505 0.037133 0.044025 0.040387 -0.0011847 -0.00015023 0.002689 0.0016186 -0.0086833 0.0078995 0.030227 0.015767 -0.010118 0.0065529 0.087511 0.10479 0.17684 -0.039598 0.48797 0.17283 -0.012538 0.019491 0.016851 0.023152 0.017126 0.014509 0.024873 0.023261 -0.20705 0.16762 0.22068 0.25114 0.34212 0.014406 0.46043 0.22805 -0.04362 0.020468 0.049179 0.038941 0.0061826 0.0064271 0.0064304 0.010705 0.0046408 0.10619 0.041624 0.1226 0.052264 0.17791 0.05655 0.17791 0.003094 0.030982 0.0030961 0.030982
3.456e-05 7.8562e-05 0.0010101 0.0010429 0.078494 0.0027389 0.079487 0.0051937 0.00016438 1.2233e-05 0.00091189 0.00024199 0 0 0 0 -0.0076882 0.012884 0.020092 0.018577 0.50818 0.04302 0.52006 0.18187 0.0068276 -0.0009599 0.0068276 0.0028941 0 0 0 0 0.0020357 0.0077662 0.0064003 0.024343 0.41449 -0.028307 0.46911 0.11971 0.0089404 0.00012886 0.0089404 0.0023259 0 0 0 0 0.0013546 -0.0055375 0.001674 0.0081188 0.074605 -0.0098538 0.093809 0.018566 0.00090755 0.00035535 0.00090755 0.00050547 0 0 0 0
0.0064626 0.0060651 0.01057 0.006605 0.018687 0.027668 0.032626 0.036173 0.034035 -0.026457 0.07471 0.033836 -0.0020726 -0.010983 0.0031016 0.011316 0.042541 0.011975 0.099091 0.037327 -0.024313 -0.0020556 0.22113 0.17686 0.031985 -0.03052 0.39275 0.36559 0.02472 0.031783 0.041639 0.048533 -0.0095083 0.0030594 0.11854 0.034401 -0.024387 0.033403 0.41562 0.20212 0.21014 0.078882 0.39825 0.37392 0.0023084 0.013664 0.017333 0.014909 -0.0073784 -0.003781 0.01601 0.0093727 0.013642 0.00052591 0.089898 0.026871 0.024443 -0.0064563 0.084895 0.022277 0.00232 -0.00079774 0.0024788 0.00089184
0.00014072 -0.00062901 0.0017956 0.003262 0.00937 0.016704 0.013534 0.022597 0.062301 0.0036335 0.072262 0.010022 0.00021431 1.7951e-05 0.00021431 6.0423e-05 -0.0021916 0.029702 0.0092459 0.032082 0.10254 0.13833 0.12099 0.19432 0.31808 0.035549 0.40845 0.21295 0.0020726 -5.8312e-05 0.0020726 5.8312e-05 -0.0015975 -0.028845 0.016209 0.031736 0.097002 -0.16918 0.12464 0.2991 0.29421 -0.071551 0.49313 0.32302 0.002027 -0.00019179 0.002027 0.0010297 -0.00076038 0.00057994 0.0014916 0.00094678 0.024094 0.0034801 0.02466 0.0075651 0.039608 4.553e-05 0.060287 0.015071 0.00037864 4.0029e-05 0.00037864 8.6842e-05
0.001205 -0.0050956 0.0064873 0.0052403 0.026935 -0.0095552 0.036383 0.024744 -0.042087 0.013162 0.045126 0.015879 -0.00076499 0.00073334 0.0027617 0.00083165 -0.017183 -0.0059821 0.022902 0.0092415 0.37437 -0.069398 0.44446 0.12648 -0.24995 0.011422 0.24995 0.029893 -0.017078 -0.0019757 0.017628 0.0048966 -0.013784 0.0019009 0.014216 0.0073434 0.37001 0.055983 0.47078 0.069571 -0.24913 -0.03816 0.25293 0.069829 -0.01141 -1.8889e-05 0.016086 0.010137 -0.0011987 0.0011058 0.0031799 0.0014044 0.033079 0.0038102 0.057844 0.0053119 -0.031931 0.0074986 0.036622 0.0095751 0.00024057 0.00034946 0.0045062 0.00067685
-5.4744e-07 -0.00024768 8.2259e-06 0.00024768 -6.2609e-05 -0.0019999 0.00080773 0.0019999 -2.9869e-05 -0.0020916 0.00049784 0.0020916 -1.1612e-05 -0.00022674 1.5451e-05 0.00022674 0.01059 -0.04376 0.021434 0.051882 0.050198 -0.19812 0.35552 0.35493 0.069176 -0.19114 0.35531 0.22394 -0.0009874 -0.029877 0.025327 0.030336 0.016214 0.0040747 0.024907 0.010589 0.26535 -0.054448 0.54415 0.11865 -0.13904 0.0082576 0.25073 0.091027 -0.00038805 0.00045267 0.026907 0.002002 -0.0018136 0.0079561 0.0019786 0.0081968 0.00099852 0.0246 0.042403 0.031989 0.0018256 -0.019279 0.016329 0.020879 0.001486 0.00013786 0.0031795 0.00038328
0.00083801 -0.0073476 0.0011246 0.0073476 0.0028303 -0.015739 0.0028303 0.015739 0.00055851 -0.002657 0.00086995 0.002657 5.3469e-06 -0.00026805 1.5206e-05 0.00026805 -0.0049454 -0.031056 0.021816 0.0431 0.26399 -0.18178 0.42528 0.38236 -0.075729 -0.22828 0.1823 0.24831 -0.011035 -0.038636 0.027705 0.040227 -0.015578 0.035592 0.023777 0.042137 0.12078 0.0071878 0.54901 0.21079 0.00088454 -0.036119 0.18331 0.05516 -0.010522 0.01288 0.034508 0.015489 0.0033441 -0.0025049 0.0065189 0.0071922 -0.035382 0.015334 0.048685 0.018065 0.016158 -0.0024329 0.029394 0.0074429 0.00090999 -0.0014663 0.0047776 0.0020102
0.001184 -0.00038535 0.0019055 0.0010077 0.011485 0.0064042 0.08893 0.008565 0.0048694 -0.0093106 0.074718 0.017022 -0.00651 -0.00080889 0.0065562 0.0025318 -0.0065216 0.0037945 0.0088723 0.0089021 0.19461 -0.028462 0.54656 0.051531 -0.0664 0.11175 0.40955 0.22876 -0.0029862 0.00026237 0.016602 0.034232 -7.3214e-05 3.8848e-06 0.0095151 0.0045298 0.17863 0.023394 0.49885 0.063217 0.023665 0.026236 0.28252 0.16855 0.0049455 0.020621 0.0050243 0.020621 0.00063847 0.0014204 0.0015012 0.0017535 0.037775 -0.022369 0.068016 0.04946 0.0082229 0.01156 0.041395 0.019051 0.00034505 0.0011054 0.00034505 0.0011092
0.0014365 -0.0052163 0.0067779 0.0064799 0.0075793 -0.00307 0.037341 0.015548 0.0086804 0.013676 0.024267 0.014971 -0.0090506 -0.0042381 0.0093928 0.0046262 -0.023585 -0.01418 0.029419 0.017398 0.37553 -0.052245 0.44781 0.1445 -0.101 0.0245 0.21618 0.11153 -0.037021 -0.0043295 0.03991 0.02261 -0.00020809 -0.0010745 0.016419 0.019166 0.44227 0.067272 0.46996 0.11853 -0.22345 -0.080969 0.22345 0.080969 -0.01548 0.0063575 0.01787 0.011418 0.0052805 0.0029172 0.0056607 0.0031052 0.0297 0.013512 0.048057 0.023599 -0.036111 -0.012718 0.03621 0.012806 -0.00088683 -0.00062918 0.0009075 0.0006422
-0.0018378 -0.0033863 0.0041476 0.0068852 0.011654 -0.022584 0.029104 0.047901 0.014022 -0.030087 0.063061 0.04186 -0.0029555 0.00043659 0.014909 0.0076354 -0.008219 -0.00036311 0.026307 0.015938 0.25716 0.025315 0.34683 0.073759 -0.024066 -0.01523 0.59016 0.14825 -0.03419 0.015919 0.091407 0.022338 0.0047546 0.027032 0.029443 0.033087 0.13721 0.083351 0.29368 0.22975 -0.17918 0.00070073 0.3874 0.11395 0.1072 -0.024901 0.16102 0.041909 -0.00027184 0.0013101 0.0011249 0.0020631 -0.011074 0.03346 0.014374 0.038408 -0.012098 0.057281 0.039062 0.060805 -0.0044025 0.0027713 0.0062753 0.0038088
0.0010894 -0.00040506 0.0023929 0.00093245 0.053539 0.0051576 0.053815 0.01137 -0.054052 -0.00021717 0.054052 0.0044492 0.0002088 -0.0011008 0.005499 0.0015257 0.017709 5.5214e-05 0.020116 0.005818 0.35423 0.0050977 0.39468 0.023606 -0.32135 0.022754 0.33976 0.029428 0.0033995 -0.0016622 0.038093 0.033366 0.010199 0.00033573 0.017622 0.0073315 0.25668 -0.002305 0.50592 0.068401 -0.22281 -0.011884 0.28701 0.095836 0.018848 0.020999 0.056223 0.029015 -0.000123 -0.00053187 0.0015494 0.0012826 0.023955 0.0059598 0.082543 0.010687 -0.013396 -0.0061762 0.042798 0.010683 0.0028344 -0.0012772 0.0079308 0.0027898
0.0018229 0.00037437 0.0046646 0.0011529 0.027076 0.0060253 0.049105 0.021008 0.033879 0.003003 0.078812 0.025872 0.00022692 -0.00058537 0.0007296 0.00067551 -0.0011683 -0.01273 0.02889 0.015194 0.27879 0.030708 0.35829 0.12288 0.010648 -0.11999 0.50717 0.18768 0.0071221 -0.0066467 0.0081944 0.010078 -0.027918 0.0057702 0.0326 0.010991 0.32906 -0.0087308 0.33011 0.12119 -0.021239 -0.042084 0.42927 0.16752 -0.0057044 -0.00081875 0.0094846 0.017076 0.00036206 0.0025916 0.0053033 0.0032966 0.013752 -0.0066653 0.02987 0.021235 0.0048076 -0.041021 0.060188 0.042177 3.5394e-06 -0.00040948 0.0018411 0.0015687
-0.0048196 -0.00028389 0.0071586 0.0040139 -0.0042513 -0.00033168 0.021654 0.0081433 0.10178 -0.0237 0.10368 0.028784 -0.0061772 0.00074545 0.0061961 0.0012205 -0.036499 0.0099636 0.045948 0.019389 0.043241 -0.01238 0.16968 0.089887 0.32965 -0.087127 0.39921 0.27106 0.045891 -0.076499 0.087547 0.079193 -0.023366 0.0046512 0.046773 0.044873 -0.044058 0.064256 0.11601 0.11122 0.29668 0.1012 0.56105 0.14585 0.0034225 0.0080288 0.014523 0.011655 -0.0059504 0.030888 0.0059504 0.030888 -0.035389 0.18845 0.050082 0.18845 0.0017451 0.073816 0.060073 0.075397 -0.0012131 0.004516 0.0019916 0.0045601
0.0049972 -0.00056217 0.0092363 0.002607 0.0023767 0.0037786 0.048714 0.0094454 -0.0083231 -0.012519 0.09383 0.025721 -0.0012832 -0.00073557 0.0031894 0.0010435 -0.010523 -0.00084983 0.045919 0.013703 0.17338 0.0039719 0.34815 0.067344 -0.25089 0.056445 0.65486 0.19514 -0.0048749 -0.00087984 0.01308 0.0065102 -0.020002 -0.0024347 0.02454 0.010587 0.17097 -0.0090409 0.32255 0.08045 -0.11359 -0.0046364 0.28699 0.21545 -0.016184 0.018272 0.029568 0.019964 -5.1756e-07 0.00031535 0.0030708 0.0012772 -0.025758 0.0073553 0.069876 0.022535 0.02506 -0.038204 0.041078 0.04079 -0.0060514 -0.00080305 0.0071231 0.0041676
0.0019243 0.0005879 0.003032 0.0014317 0.042709 0.004742 0.051267 0.014412 0.022151 -0.0063025 0.022151 0.011195 -0.0020107 -0.00064384 0.0076526 0.001945 0.0313 0.0018189 0.043616 0.006725 0.25276 -0.014772 0.41709 0.047205 0.078903 0.057013 0.27128 0.25251 0.0030061 -0.0066863 0.072512 0.0077826 0.02467 0.0032287 0.060996 0.0057532 0.1607 -0.017297 0.51835 0.12233 0.18755 -0.13038 0.35368 0.30051 -0.013696 -0.0034655 0.059609 0.0065884 0.0023632 0.00111 0.010397 0.0014768 0.0075056 0.0033296 0.052475 0.025359 0.044453 0.031311 0.05591 0.057701 -0.006559 -0.0014557 0.0093749 0.002275
-0.00078932 0.0014156 0.0045367 0.0025052 0.012507 0.014314 0.048334 0.02619 0.027384 0.045097 0.058693 0.048613 -0.0057106 0.003715 0.0062364 0.0045532 -0.0024679 0.0022346 0.013716 0.017016 0.38465 0.074675 0.41633 0.15124 -0.008427 0.04791 0.3406 0.064533 -0.010561 0.0070104 0.016073 0.0081374 0.0028034 -0.0026168 0.016193 0.015379 0.2117 -0.079229 0.29716 0.17332 0.1643 0.0019153 0.54806 0.059351 -0.0044247 0.002645 0.0082043 0.003868 -0.0019157 -0.00011302 0.0025193 0.0019847 0.018355 0.0067067 0.026293 0.028772 0.047185 0.0034648 0.097134 0.0096397 -0.00096225 0.00044905 0.0010407 0.00097603
-0.00053684 0.0036955 0.0015695 0.003918 0.013819 0.0023136 0.030763 0.015342 0.005142 -0.015117 0.035871 0.034944 0.00010222 -0.0068916 0.0034619 0.010939 -0.0086438 -0.010311 0.013306 0.04327 0.28248 0.0041729 0.32783 0.29194 -0.24924 0.17812 0.31027 0.34333 -0.0053026 0.014366 0.01134 0.05112 -0.015071 0.016497 0.016654 0.03731 0.1753 0.065365 0.3433 0.17651 -0.098856 -0.22458 0.18087 0.34688 0.0069768 -0.02057 0.0137 0.056431 0.0019696 -0.0052237 0.0024815 0.0081033 0.0091994 -0.026472 0.0112 0.035964 -0.010806 0.019528 0.015405 0.059198 -3.995e-05 0.0057749 0.0021853 0.008925
0.0050943 0.00023935 0.006622 0.0013552 0.058675 -0.0018591 0.073723 0.016285 -0.0084666 -0.012293 0.041123 0.021392 -0.0075591 0.0075434 0.01128 0.0091066 -0.00079361 -0.0019887 0.022042 0.010472 0.47811 0.037545 0.52248 0.10215 -0.18467 -0.088793 0.2458 0.088793 0.0091786 -0.012246 0.02529 0.025246 -0.010386 -0.002474 0.023293 0.010802 0.23572 -0.039187 0.492 0.083967 -0.023004 -0.076191 0.153 0.145 0.0056982 -0.0086877 0.006224 0.0086877 -0.0041603 0.0010993 0.0047051 0.001243 0.014334 -0.015341 0.038742 0.025163 0.016604 -0.019925 0.021747 0.022717 0.00046914 -0.0018927 0.0023307 0.002891
-0.0016967 -0.0036516 0.0025923 0.0052452 0.017207 -0.019158 0.020864 0.045593 0.050684 -0.024074 0.080585 0.059597 0.00038542 8.1299e-05 0.00038542 0.00013654 0.0050897 0.0072147 0.016978 0.0099431 0.1791 0.084389 0.18435 0.084812 0.30722 0.076719 0.52325 0.096233 0.0026552 -0.00017666 0.0026552 0.00091795 0.0055971 -0.0059513 0.0088907 0.030501 0.071383 -0.14331 0.09998 0.17574 0.38273 -0.15764 0.47312 0.2163 0.0018336 0.00039345 0.0018336 0.00080061 -0.00051069 -0.0012738 0.00079097 0.0026227 0.0045432 -0.0027315 0.0052693 0.0087678 0.067872 0.0028205 0.070303 0.01146 0.00025737 -1.9954e-05 0.00030038 0.00015161
-0.001093 -0.00029768 0.0017689 0.00096577 0.02798 0.0019975 0.031839 0.0070262 -0.0007714 0.0019026 0.093502 0.0087139 -0.00048668 0.0026782 0.0088444 0.0028529 -0.0030042 0.0030055 0.0045235 0.0082112 0.27922 0.0067571 0.30087 0.044408 -0.15258 0.027307 0.56426 0.080376 0.045151 -0.0035421 0.072862 0.018824 0.00074412 -0.0027029 0.0086495 0.0090988 0.35726 0.013184 0.39391 0.054507 -0.20412 0.012113 0.31993 0.118 0.050536 0.010166 0.050973 0.022966 0.00035231 0.00011863 0.00095777 0.00081315 0.060204 -0.0037718 0.065092 0.0093746 -0.02465 0.0088584 0.054429 0.020023 0.0031881 0.00095598 0.0032232 0.00096162
-0.0016993 -0.0052204 0.0023929 0.0056479 -0.018433 -0.035029 0.079456 0.045772 0.0078466 -0.002993 0.010138 0.0035171 0.00062836 -0.0007535 0.0037858 0.00083321 0.041326 0.0074837 0.061464 0.035113 0.14323 0.091259 0.59403 0.28878 -0.14616 0.037199 0.27509 0.046025 0.0018603 -0.0017451 0.036449 0.0045158 0.0074553 -0.024086 0.039599 0.030982 0.17949 -0.19031 0.26127 0.22754 -0.032202 0.052845 0.45271 0.074992 0.0047044 0.0026469 0.022246 0.010514 -0.0026927 0.0018011 0.0064547 0.0030106 0.031924 -0.0015561 0.044719 0.016055 0.0030272 0.0056633 0.076481 0.0076865 -0.00028476 5.5628e-06 0.0042111 0.00073174
0.0056836 -0.0020906 0.0063436 0.0023799 -0.0024212 -0.016793 0.05129 0.023147 -0.024415 0.0037293 0.055836 0.030867 0.00026522 0.0012161 0.00035207 0.0034285 0.020387 -0.0031972 0.03015 0.005811 -0.21711 0.0053999 0.33808 0.065204 0.11846 -0.01481 0.52139 0.20195 -0.003801 0.014406 0.0067295 0.030772 -0.01297 -0.00090454 0.0431 0.0044794 -0.072329 0.043016 0.50173 0.079189 0.15121 0.10561 0.3758 0.19651 -0.02191 0.034804 0.028297 0.034804 -0.0023463 -0.00012694 0.0051929 0.00054702 0.027235 0.00057936 0.099696 0.0055436 -0.003115 -0.00063742 0.032623 0.0068027 0.00058357 0.00031048 0.0019626 0.0044648
0.00092266 0.0022852 0.0016493 0.0032072 -0.0081591 -0.0047162 0.030934 0.018371 0.027815 0.02539 0.048033 0.037689 -0.00061859 0.00097727 0.0023334 0.0022664 -0.0095133 -0.011027 0.035495 0.026931 -0.059952 -0.098674 0.15102 0.12511 0.39652 0.0024341 0.56731 0.1809 -0.013359 0.0069276 0.014107 0.0074582 -0.0013021 0.0041537 0.016536 0.010313 0.025758 0.084811 0.075827 0.12092 0.35409 0.010832 0.49237 0.14493 -0.026958 0.0097877 0.026958 0.0098225 0.00092769 0.00074822 0.0021899 0.0024698 0.0021912 0.0052307 0.017101 0.01506 0.034518 -0.028186 0.064889 0.03403 -0.0041451 0.0015464 0.0055031 0.0024405
0.0027676 -0.0021351 0.011745 0.0023158 0.0021474 -0.022895 0.10593 0.030146 0.021045 -0.017671 0.043524 0.020677 0.004766 0.002153 0.007295 0.0039036 0.050787 -0.031254 0.062721 0.038388 0.21228 -0.016823 0.48459 0.19423 0.06647 -0.010893 0.2118 0.095536 0.044428 -0.0053766 0.044428 0.013325 0.069302 0.031594 0.083981 0.039231 0.26861 0.055401 0.63606 0.18004 -0.061146 -0.025844 0.21422 0.04841 0.024496 -0.0089991 0.042812 0.010028 0.0012059 -0.0065792 0.0061715 0.0082527 0.014645 -0.038264 0.087369 0.042053 0.014272 -0.017126 0.023081 0.017148 0.0011996 -0.00088879 0.0073837 0.0010133
9.9813e-05 -0.014235 0.00057303 0.014235 0.00049621 -0.089109 0.025353 0.093869 0.014876 -0.07382 0.040096 0.07382 0.0005554 -0.011759 0.0012429 0.011759 0.033818 0.01083 0.037801 0.013302 0.041509 0.064435 0.54145 0.1297 0.058783 0.013511 0.33407 0.045056 -0.0045934 -0.00070308 0.016703 0.0013267 0.028552 0.0071959 0.032947 0.015846 0.27348 -0.08407 0.58042 0.13699 -0.17148 -0.041097 0.21911 0.094747 -0.0045724 0.00013733 0.022573 0.001861 -0.00085284 0.0025321 0.0015761 0.0034505 -0.012683 0.038653 0.027247 0.040002 0.011055 -0.0054531 0.017884 0.0077582 0.00031917 -5.3502e-05 0.0026485 0.00044966
-0.0091231 -0.00096803 0.011212 0.0030705 0.017209 -0.03126 0.080975 0.035184 0.023458 -0.0095928 0.065089 0.01606 0.002968 -0.0014945 0.0065303 0.0025586 -0.013998 -0.029009 0.048711 0.040339 0.2443 0.068129 0.45117 0.18962 0.097914 -0.019276 0.37745 0.0818 0.010576 -0.0011818 0.025126 0.01293 -0.019772 0.029996 0.058575 0.033434 0.38299 -0.032366 0.51938 0.13478 -0.057404 -0.023376 0.23291 0.054237 -0.00067625 -0.0019031 0.024444 0.011084 -0.0087773 -0.00049377 0.016668 0.0053897 0.046489 0.0054113 0.090424 0.039851 -0.01211 -0.0065491 0.026616 0.010145 0.00093452 -0.0010929 0.0045374 0.0013124
-0.0054401 0.0012145 0.0068757 0.003657 -0.018369 -0.00020369 0.077014 0.0067651 0.023551 -0.00038199 0.057532 0.011266 0.0041735 -0.00032422 0.0057287 0.0017264 0.007977 -0.017958 0.020182 0.067922 -0.12497 -0.17927 0.34461 0.45029 0.11831 -0.055828 0.37263 0.21873 0.019137 0.0014388 0.034242 0.0094356 0.016067 0.013462 0.024615 0.022463 -0.03271 0.084013 0.29662 0.11515 0.072929 0.035646 0.53001 0.073252 0.02655 -0.0087498 0.032985 0.012062 0.00087218 -0.00057262 0.0031521 0.0021287 0.0096548 0.002006 0.033324 0.012803 -0.0060033 0.0043688 0.043397 0.016929 0.0016826 -0.00087153 0.0029463 0.0014146
0.00023578 0.0046949 0.0017192 0.0051399 0.007711 0.0022985 0.013909 0.032907 0.058212 -0.00081662 0.066522 0.028036 0.00011902 -1.6474e-05 0.00011902 4.0324e-05 -0.0084047 -0.017115 0.012592 0.025531 0.1442 -0.018372 0.15967 0.2213 0.35315 -0.0062094 0.56519 0.28502 0.0020464 -0.00028461 0.0020464 0.00028461 -0.0024145 0.0036852 0.01073 0.014041 0.13978 -0.023691 0.15399 0.092672 0.2875 -0.1292 0.42645 0.17228 0.0044579 -0.0021472 0.0044579 0.0026961 -0.00074444 -0.0014236 0.0014976 0.0023776 0.002827 -0.0099748 0.0065596 0.014787 0.038711 0.0010853 0.045209 0.0086458 0.0081385 -0.0009965 0.0081557 0.0010253
0.00058992 -0.013796 0.0018803 0.013986 -0.0038548 -0.040563 0.030948 0.06687 -0.016347 -0.014962 0.039586 0.052767 0.0061774 -0.0016768 0.0061882 0.0022232 0.0048211 -0.036561 0.0058165 0.036697 0.23344 -0.097774 0.23344 0.2398 0.030018 -0.04456 0.28171 0.2584 0.020196 -0.029101 0.032834 0.036431 0.0076385 0.025587 0.043922 0.053311 0.25537 0.14258 0.31694 0.43567 -0.013973 0.036569 0.14762 0.47689 0.0097879 -0.0072634 0.018571 0.06764 0.0038844 9.4895e-05 0.0068369 0.0081888 0.021067 -0.055086 0.034729 0.086872 0.0011023 -0.033678 0.023104 0.067866 -0.0067718 0.00066634 0.0079456 0.016601
0.0011042 -0.00079847 0.001442 0.0012416 0.054915 0.0031365 0.054915 0.011122 -0.028824 -0.0058763 0.034448 0.011012 -0.0030591 0.0022427 0.0045539 0.0026403 0.00037659 -0.0010013 0.0090364 0.006646 0.41256 -0.0039921 0.42621 0.060954 -0.19355 -0.005205 0.34551 0.047048 -0.020094 -0.012531 0.05076 0.024769 0.0011899 0.0018899 0.010945 0.015089 0.36534 0.015868 0.45452 0.056401 -0.19315 0.021125 0.27235 0.072098 -0.0085554 -0.0036008 0.047502 0.010903 -0.0015896 0.0003771 0.0036547 0.00076417 0.051111 -0.0041128 0.074524 0.0096863 -0.020698 0.00029205 0.026101 0.014095 -0.0022807 0.00089853 0.004762 0.001831
0.0011159 -0.0014476 0.0015366 0.0021312 0.0054342 -0.0083175 0.016288 0.013789 0.020131 0.024868 0.056516 0.031189 -0.0024855 0.0015533 0.0067063 0.0026373 0.0031695 0.0068439 0.0092886 0.0099378 0.015568 -0.032644 0.10489 0.11653 0.34514 -0.075642 0.51607 0.1489 -0.035488 0.02534 0.052829 0.035839 -0.0030599 -0.0059107 0.01378 0.016576 0.014206 0.026054 0.12319 0.084861 0.37882 0.071319 0.54796 0.20995 -0.053911 -0.021565 0.067962 0.038166 0.0011493 -0.00045757 0.0019698 0.0017172 0.031588 0.029409 0.039374 0.030148 0.0086009 0.027479 0.10272 0.082626 0.0016744 0.0014453 0.006241 0.0030053
-3.6744e-05 -0.001208 0.00011802 0.0018028 0.074869 -0.0071057 0.074972 0.0089974 0.0010883 0.00012772 0.0015617 0.00045934 0 0 0 0 -0.0016071 0.019672 0.0029912 0.030389 0.49743 0.091447 0.49894 0.099283 0.0084423 -0.00036627 0.01215 0.0040457 0 0 0 0 -0.00094656 -0.019198 0.0079226 0.022147 0.464 -0.079393 0.4733 0.13063 0.010215 -0.0031068 0.011468 0.0078481 0 0 0 0 0.0017281 0.0052716 0.0026942 0.0072632 0.062685 0.013177 0.063233 0.019238 0.0015204 0.0005172 0.0018293 0.00069672 0 0 0 0
-0.003354 0.0022639 0.0048262 0.0027189 -0.012755 0.017825 0.021415 0.027087 0.0018127 0.015607 0.042434 0.022295 0.0052229 0.00020722 0.0084559 0.0050578 -0.01767 -0.013566 0.019875 0.020998 0.31445 0.037836 0.4692 0.18268 -0.28517 0.11014 0.44302 0.19181 -0.0049632 -0.0019642 0.058761 0.017468 -0.015874 -0.0036244 0.020283 0.015851 0.20449 -0.048347 0.34187 0.1873 -0.07718 -0.063503 0.21584 0.21588 -0.022627 0.012423 0.06924 0.022498 -0.001043 0.0015022 0.0039034 0.0020653 0.012661 -0.0031992 0.030203 0.023788 0.0072591 0.0043836 0.036902 0.027994 -0.0037121 0.00022535 0.0074889 0.0016829
-0.0003753 -0.00038272 0.0034115 0.0061827 0.0058102 0.0035663 0.018123 0.05961 0.049131 -0.021383 0.093141 0.074984 0.00072877 -5.5002e-05 0.00072877 0.00013661 -0.0019338 -0.014046 0.017288 0.032836 0.15027 0.0045669 0.20072 0.39462 0.13294 0.054816 0.49212 0.41783 0.13954 -0.018654 0.13954 0.025219 0.0082912 0.0038356 0.016643 0.0068123 0.21437 0.012473 0.22181 0.052176 -0.073126 0.043108 0.16489 0.13326 0.24646 -0.019592 0.24646 0.026851 0.00067761 0.0015994 0.002276 0.0052277 0.011353 -0.019546 0.02444 0.023112 -0.0058422 -0.045314 0.012642 0.048355 0.029872 -0.005174 0.029872 0.0054091
-0.011892 -0.011582 0.012188 0.011836 0.0088144 -0.0038098 0.025843 0.02517 0.10162 0.0087919 0.10673 0.060042 0.0001371 -3.0672e-05 0.0001371 3.0672e-05 0.0021674 -0.0028014 0.018628 0.03474 0.033359 -0.097837 0.25452 0.44365 0.25287 -0.1782 0.42417 0.42799 0.14402 -0.041369 0.14402 0.041369 0.0027492 0.0063405 0.012748 0.029379 -0.012906 0.0226 0.075851 0.10957 0.13046 -0.081735 0.23218 0.16964 0.16433 -0.076428 0.17122 0.077102 -0.00074834 -0.0013223 0.00159 0.0029641 -0.00069997 -0.0081549 0.011413 0.020247 -0.0016953 -0.002981 0.0091935 0.012078 0.0099192 -0.0031571 0.010114 0.0039149
-0.0010699 -4.3639e-05 0.002765 0.00044912 0.0046059 0.0019609 0.014065 0.0068162 0.069753 0.001695 0.086952 0.0081617 -0.0094921 -0.0006454 0.0097638 0.0006454 -0.0009002 -0.0076215 0.010295 0.0087415 0.16197 0.0036173 0.17146 0.10434 0.36514 0.026373 0.48762 0.097166 -0.058248 -0.0014109 0.062676 0.0059631 0.0025663 0.00044462 0.022157 0.0090797 0.11566 0.013915 0.12065 0.058344 0.41841 0.017503 0.55257 0.036107 -0.050622 0.0018494 0.059989 0.0041771 0.0038511 -0.00021003 0.0043636 0.00095862 0.012583 -0.0019042 0.015894 0.01105 0.061279 0.0014085 0.083165 0.0056899 -0.0061359 0.00039552 0.0064684 0.0010938
0.0015805 0.0015204 0.0016265 0.0030125 0.070441 0.0075574 0.085567 0.017346 0.00090426 -7.4505e-05 0.00090426 0.00044013 0 0 0 0 0.0090841 0.0010345 0.009874 0.0054842 0.43164 0.072991 0.50264 0.10457 0.0058756 0.00073288 0.0058756 0.0016019 0 0 0 0 0.00043314 -0.016312 0.0035952 0.01991 0.49851 -0.080326 0.50549 0.092897 0.0038389 0.00073195 0.0038389 0.0017427 0 0 0 0 9.7716e-05 -0.00052362 0.00040937 0.0013468 0.077265 0.00055546 0.077508 0.0053961 0.0006274 -3.0625e-05 0.00086361 0.00014267 0 0 0 0
0.00093163 0.00019014 0.0033699 0.0026035 0.013781 -0.012587 0.018385 0.015969 0.062751 -0.010523 0.065973 0.011846 -0.0040762 0.00062963 0.0040762 0.00078768 0.0065616 -0.0010714 0.010613 0.0073013 0.08915 -0.036531 0.19798 0.098407 0.45317 0.026232 0.47089 0.03442 -0.026738 1.75e-05 0.026738 0.0038872 0.0076198 0.0050161 0.017516 0.01786 0.081559 0.033511 0.16312 0.096699 0.46398 0.007211 0.47722 0.024223 -0.028384 -0.0010073 0.028384 0.0019292 -0.00028123 -0.0013866 0.0069091 0.0021226 0.010317 0.0034511 0.017746 0.0143 0.073677 0.0054284 0.075555 0.0072425 -0.0046452 8.2661e-05 0.0046452 0.00063148
0.0057857 -0.00096425 0.0061007 0.0020953 -0.0079669 -0.032952 0.038671 0.035921 0.026762 -0.044318 0.03959 0.049237 -0.0009871 -0.014502 0.013072 0.014978 0.03256 0.0084154 0.03748 0.0093037 -0.22228 -0.058609 0.24813 0.092656 0.2462 -0.10053 0.48063 0.18351 -0.085074 -0.011325 0.088771 0.021075 0.018292 0.0035713 0.031742 0.0065012 -0.20152 -0.068924 0.2614 0.090473 0.2942 0.086791 0.46772 0.22279 -0.090996 -0.0037051 0.0921 0.026449 -0.0013905 -0.0005216 0.0048891 0.0015056 0.013125 0.015312 0.052088 0.024322 -0.0072762 0.0042383 0.049619 0.049001 -0.0042635 -0.0018431 0.0046489 0.0069223
0.0071805 0.0020452 0.010087 0.0028192 0.033687 0.00011672 0.074486 0.0032317 0.01159 0.003486 0.01185 0.0040975 -0.0016791 0.0010339 0.0023664 0.00157 -0.0028368 -0.027389 0.045781 0.030796 0.40332 -0.041209 0.50698 0.12815 0.065086 0.0057814 0.071457 0.015185 -0.0086483 -0.0022638 0.017623 0.0052403 -0.017673 0.00027682 0.017882 0.0072227 0.50188 -0.036753 0.50527 0.095376 0.074842 0.0057212 0.081845 0.016501 -0.013114 0.00097381 0.019461 0.0067051 -0.0022773 0.0021557 0.004857 0.0030065 0.062269 -0.0098404 0.065938 0.013706 0.023003 -0.002787 0.023154 0.0057808 -0.002454 -0.00052384 0.003028 0.00073269
-0.0032631 -0.0035955 0.0033613 0.0039184 0.012071 0.013912 0.035484 0.041758 0.043036 0.075289 0.049644 0.081411 0.0015605 -0.0018802 0.0055402 0.015199 -0.05714 -0.0045152 0.11137 0.082173 0.2397 -0.0075195 0.26109 0.34067 0.059933 -0.029879 0.20064 0.31106 0.0072688 -0.0024322 0.010127 0.0071142 -0.0208 -0.036126 0.050821 0.051004 0.45235 -0.0064811 0.51171 0.22747 0.025161 -0.040221 0.11541 0.11201 0.01178 -0.0014492 0.01178 0.0023822 0.0039407 0.0083498 0.0068373 0.014176 0.03201 -0.049141 0.076835 0.10023 0.0095525 0.001075 0.016976 0.01236 0.0022506 -0.00012913 0.0022909 0.0008807
-0.0053196 -0.0035444 0.0091753 0.0067592 0.065848 -0.0075106 0.071512 0.024069 0.0084052 -0.0018955 0.023981 0.020755 0.00086947 3.7777e-05 0.0010595 0.00088113 -0.0026339 0.025311 0.032427 0.12066 0.26324 -0.023944 0.36488 0.47292 0.043181 0.047805 0.11163 0.13319 0.0165 0.0020862 0.0165 0.0039483 -0.024551 -0.038486 0.027247 0.04388 0.47541 0.0035311 0.50062 0.10759 0.0047458 -0.020098 0.069772 0.045517 0.023779 0.0062373 0.041887 0.017403 -4.5549e-05 0.004285 0.0033648 0.0062251 0.054174 0.020111 0.05457 0.030138 0.0092175 0.00073739 0.014825 0.004465 -0.001407 -0.0013063 0.013158 0.0046882
-0.0023178 -0.000581 0.0023207 0.000581 -0.023419 -0.0069426 0.028779 0.0081001 -0.015926 0.021075 0.035625 0.046807 0.0029936 -0.0035702 0.0043554 0.0040621 -0.015429 -0.0056483 0.015446 0.0056483 -0.058961 -0.088485 0.3004 0.16966 0.0052752 0.058015 0.57887 0.19642 0.0048022 0.0014359 0.02165 0.008174 -0.033958 -0.017033 0.034029 0.019778 0.07842 0.00075441 0.39454 0.16579 0.022941 -0.029228 0.51949 0.093782 0.0004273 -0.0040795 0.021295 0.010285 0.0016918 -0.0019792 0.0038827 0.0026864 0.012189 0.0066645 0.062632 0.021664 -0.02066 -0.0050478 0.086325 0.018695 0.00041096 0.00077291 0.0012274 0.00095506
-0.0039519 -0.015361 0.0065738 0.017054 0.021218 -0.041038 0.048283 0.059022 0.017954 0.017977 0.023958 0.038796 0.00097485 0.00089022 0.0039113 0.0050321 0.023479 0.016525 0.025202 0.021971 0.30242 0.34803 0.36944 0.3539 0.043973 -0.061865 0.13051 0.08245 0.0059072 0.00086882 0.012428 0.005904 -0.0057385 -0.00074269 0.020153 0.10094 0.26518 -0.27304 0.37737 0.39468 0.0059066 0.080468 0.049255 0.10974 0.008784 0.0014377 0.008784 0.0044792 -0.0020283 -0.00021779 0.0036596 0.0015891 0.060106 0.0097854 0.062077 0.011848 0.0020951 -0.0012269 0.006378 0.002195 0.002413 0.00094604 0.0027791 0.0011681
-0.0019897 0.00027984 0.0042764 0.0012466 0.0059275 0.0041508 0.022393 0.017153 -0.010603 0.019114 0.030425 0.028308 0.0033699 0.00039126 0.0052436 0.0013251 0.0072461 -0.011204 0.01884 0.020473 0.18086 0.036346 0.35915 0.18312 -0.16099 -0.044285 0.31657 0.20526 0.0055582 -0.0022783 0.032725 0.026306 0.024044 0.00012248 0.026127 0.018683 0.31712 -0.025458 0.46796 0.16609 -0.30086 0.070045 0.39789 0.1038 0.0094187 -0.0010648 0.034815 0.0060198 0.0027082 -0.00037638 0.0046409 0.0014872 0.051884 -0.0029538 0.068196 0.013505 -0.038959 0.0022453 0.053274 0.01129 0.0011171 0.0014968 0.005699 0.0017372
0.006396 0.0017051 0.0075269 0.0020767 0.027653 0.002088 0.071784 0.0076955 0.014105 0.003877 0.014591 0.0050955 0.0017186 0.00067599 0.0022274 0.00068948 -0.015119 -0.032781 0.046058 0.033608 0.44151 0.010013 0.50246 0.1377 0.041536 0.0047401 0.048386 0.010632 0.010924 0.0016187 0.014434 0.0039137 -0.0080658 0.00030457 0.011164 0.0079778 0.49305 -0.052677 0.49877 0.083259 0.053392 0.00022036 0.061193 0.0093672 0.0057538 0.00010005 0.010574 0.0036235 -0.0014215 0.00025032 0.0022348 0.0012566 0.063989 -0.0082585 0.064163 0.014271 0.018181 -0.00036152 0.019141 0.0055526 -0.00028551 4.6666e-05 0.0010146 0.00042509
0.0002083 -6.0896e-05 0.0037846 0.0018182 -0.0068088 -0.0032279 0.038665 0.016521 0.06596 0.01783 0.079764 0.04538 -0.018845 0.0062566 0.019711 0.007993 0.0010799 0.00035454 0.0084793 0.0045461 0.20096 0.043311 0.41294 0.18442 0.11563 -0.058239 0.25502 0.2116 -0.026708 0.0022882 0.090832 0.03031 0.041789 0.022382 0.048258 0.025037 -0.084505 -0.12843 0.47359 0.39825 0.21026 -0.14134 0.24746 0.20403 0.005778 -0.0092782 0.043835 0.018516 0.0020801 -0.0046037 0.012214 0.007072 0.0062225 0.012803 0.092543 0.043248 -0.0031734 -0.042139 0.06951 0.046999 0.001485 -0.0024299 0.0037468 0.002502
0.00087818 0.00068017 0.0014753 0.0017864 0.084965 -0.045809 0.093347 0.062886 -0.050048 -0.016774 0.050048 0.0433 -0.00032784 0.00021705 0.0011722 0.00047463 -0.004919 -0.0068965 0.013646 0.031606 0.14578 -0.050587 0.49643 0.32706 0.023497 -0.092239 0.21437 0.41778 0.0074565 -0.012538 0.02566 0.020601 -0.0068267 0.04668 0.014468 0.050183 0.18959 0.1528 0.33607 0.31113 -0.092768 0.10271 0.20784 0.12928 -0.024389 -0.0066508 0.032989 0.015219 0.00045939 -0.0010263 0.00077581 0.0013872 -0.015175 0.0071718 0.020975 0.014989 0.0091152 0.022933 0.059674 0.035325 -0.0057118 0.0050172 0.00632 0.0051796
-0.0027436 0.0028398 0.013492 0.0080627 0.049327 -0.009247 0.079582 0.016277 0.028472 -0.0027256 0.028564 0.0086623 -0.0058976 0.0022901 0.0058976 0.0024679 -0.029208 -0.042749 0.064127 0.053806 0.19843 -0.019267 0.24511 0.055398 0.42745 -0.070259 0.43585 0.097122 -0.0077157 0.004381 0.0084037 0.0056942 -0.041124 0.037154 0.057449 0.04248 0.19171 0.084726 0.1984 0.096188 0.41715 0.022617 0.44279 0.093913 0.00087201 0.0018367 0.0019391 0.0039276 0.0015566 0.003489 0.010702 0.0046006 -0.00068241 0.029799 0.023508 0.038474 0.032751 -0.0025916 0.065836 0.019613 2.6501e-05 -0.00097157 0.00038165 0.0019587
0.00065136 0.0015043 0.00090765 0.0034786 0.055082 0.007683 0.061075 0.011688 0.00097008 -3.3526e-05 0.00097008 0.0001904 0 0 0 0 -0.00048667 0.00051931 0.0080464 0.041 0.49128 -0.012565 0.54959 0.10802 0.0041951 7.9274e-05 0.0041951 0.0024888 0 0 0 0 -0.0042973 0.0015803 0.0096689 0.0024182 0.43878 0.020087 0.48096 0.054464 0.006472 -0.0005985 0.006472 0.0021738 0 0 0 0 -0.00042761 -0.00097593 0.00094227 0.0014219 0.062712 -0.0030305 0.066469 0.014377 0.0007766 -0.00012969 0.0007766 0.00042597 0 0 0 0
