1.1423e-05 -0.00070903 0.00026055 0.0029214 0.0013799 -0.0067255 0.0037877 0.020919 0.037305 -0.0015757 0.037305 0.0066009 0 0 0 0 0.0085391 -0.020249 0.030181 0.05002 -0.011097 -0.22743 0.14732 0.31579 0.36868 -0.11952 0.36868 0.1367 0 0 0 0 0.018804 0.00087502 0.024081 0.041996 0.14606 0.30896 0.17254 0.33782 0.23605 0.15669 0.37968 0.15921 0 0 0 0 -0.0007006 -0.0024305 0.0014144 0.0026143 0.023177 -0.0016539 0.023228 0.0042788 0.014218 0.00070504 0.014218 0.00095806 0 0 0 0
-0.00098222 -0.00035228 0.00114 0.00061317 0.026179 -0.007117 0.040265 0.031186 0.025369 0.021415 0.037544 0.028735 0.00042077 0.0012912 0.0014874 0.0018678 -0.00072737 -0.00020867 0.0018576 0.0012741 0.41498 0.052216 0.41969 0.10018 -0.11118 -0.13556 0.42016 0.17241 0.0031896 -0.0014023 0.013744 0.0028886 -0.0023701 0.00037876 0.0037811 0.0010761 0.1916 -0.16603 0.26862 0.18732 -0.09609 -0.23533 0.31133 0.23533 0.047595 -0.0089696 0.057561 0.010835 -0.00083957 0.00023035 0.0010431 0.00036252 -0.0036292 -0.0007455 0.017252 0.0029072 0.0020291 -0.0009183 0.0043895 0.0036669 0.013299 -0.0027548 0.014264 0.002987
1.8653e-05 -8.0665e-05 0.00015357 0.00010874 0.011191 -0.027602 0.05571 0.027763 -0.009001 -0.027635 0.016899 0.02789 0.0074588 -0.00090525 0.0089345 0.0012887 0.00079125 0.0012948 0.0010013 0.0015391 0.23895 0.098058 0.33922 0.11859 -0.068927 0.32477 0.20695 0.35393 0.001501 0.0050951 0.088493 0.012584 0.0091626 -8.1343e-05 0.0094645 0.0052327 0.24328 -0.070032 0.31389 0.17295 -0.1353 -0.23682 0.29275 0.38129 0.013519 -0.012542 0.065697 0.016791 0.0002504 0.0011777 0.0011882 0.0015064 0.032788 0.0073895 0.053006 0.020586 -0.012894 0.012914 0.029777 0.046882 0.0031068 0.0030857 0.0058089 0.003347
-0.0042101 0.0030006 0.0056175 0.0030943 -0.00085709 0.0060654 0.039281 0.012009 0.04958 0.0013469 0.049647 0.0036081 0.00030948 4.5781e-05 0.00030948 6.5443e-05 0.00741 -0.00025394 0.022088 0.0033695 -0.23374 0.059814 0.36671 0.11539 0.41006 -0.05363 0.41006 0.059776 0.0019163 6.9535e-05 0.0019163 0.00067641 -0.0072125 0.0016113 0.017362 0.0032002 -0.17803 0.18561 0.28689 0.21103 0.30132 0.15246 0.33161 0.15709 0.0013222 4.3311e-06 0.0013621 0.00032679 0.00051372 9.7346e-05 0.001447 0.00043315 -0.0064108 0.0030108 0.024213 0.014469 0.019465 -0.011903 0.020083 0.012228 0.00025443 -9.2072e-05 0.00025443 0.00011972
0.0015228 0.0037595 0.0018728 0.0061819 -0.019615 0.0045079 0.027281 0.015939 0.01224 0.025785 0.054338 0.035791 -0.00034999 0.0045789 0.0008296 0.0075632 0.01013 -0.022268 0.011807 0.051721 -0.22667 -0.27742 0.27788 0.29167 0.27433 -0.12438 0.37181 0.1654 0.0051097 -0.0058713 0.0067209 0.01594 -0.0032603 0.025143 0.011426 0.031942 -0.11869 0.28905 0.13198 0.35118 0.13809 0.16737 0.1949 0.33988 0.0030416 0.00012952 0.0070602 0.032535 0.00019429 0.00077306 0.00046361 0.0015095 -0.005189 -0.0017929 0.0083037 0.014468 0.0049659 0.0094434 0.0091394 0.016694 -0.00028549 -0.0013682 0.00051842 0.0030147
-0.0066455 0.0046607 0.0068104 0.0048567 0.010783 -0.022726 0.014799 0.024131 0.055195 -0.018191 0.055311 0.019301 0.00019242 8.3155e-05 0.00019242 0.00013238 -0.031521 0.015798 0.047787 0.018772 -0.10241 0.12184 0.1512 0.14537 0.45852 -0.023345 0.45852 0.037971 0.0012695 -0.00041697 0.0012695 0.00050495 -0.0094792 0.0057182 0.045109 0.012205 -0.13998 0.23571 0.30091 0.30274 0.29118 0.15902 0.29407 0.19642 0.0012663 0.0001753 0.0012663 0.00035591 -0.0028042 0.0001739 0.0045027 0.0011265 0.0055891 -0.0034208 0.018344 0.011128 0.01467 -0.0047426 0.018106 0.0067906 0.00018788 -8.3296e-05 0.00018788 0.0001008
0.00064761 0.0058192 0.0017985 0.008409 -0.0065214 0.012708 0.023404 0.025412 -0.0053604 0.036826 0.069165 0.04754 -0.001385 0.0065324 0.0019479 0.0099274 0.0092374 -0.0059225 0.014786 0.068136 -0.19107 -0.2927 0.25435 0.31131 0.24773 -0.11449 0.42368 0.16111 0.0041203 0.0016257 0.0065706 0.012056 -0.00051384 0.010851 0.0086463 0.016069 -0.13464 0.28552 0.14641 0.34008 0.14289 0.16073 0.20121 0.30898 0.0040527 -0.0055794 0.0087867 0.027209 0.00055422 0.0010321 0.00081954 0.0025522 -0.0053355 0.0062972 0.0098686 0.011601 0.0045012 0.0094823 0.0087275 0.015603 -0.00012359 -0.00092479 0.000602 0.0023884
-8.8985e-05 0.0002171 0.00015646 0.00029759 0.015739 -0.011437 0.015739 0.017421 0.044294 0.011706 0.050845 0.028184 0.0019693 0.0014036 0.0020219 0.0021163 0.007218 0.020794 0.0083745 0.021793 -0.0038126 0.0070865 0.20937 0.25844 0.35541 -0.081847 0.39387 0.12571 0.0029421 -0.00017523 0.0031199 0.0020648 0.010641 -0.00048316 0.010684 0.006538 -0.051469 0.12437 0.16666 0.34438 0.34959 0.08015 0.48785 0.17411 -0.0052985 0.0014581 0.010086 0.0031819 -2.9623e-06 0.0015411 0.0012511 0.001828 0.029446 0.0022091 0.051259 0.054705 -0.0072881 0.021051 0.076896 0.055308 0.001806 -0.003071 0.0036366 0.0055138
-4.7598e-05 -9.6223e-05 4.7598e-05 9.6223e-05 -0.0044481 -0.014385 0.004521 0.014385 -0.0031892 -0.010553 0.0037026 0.010567 -0.0011601 -0.00027677 0.0011692 0.00072611 -0.0021936 -0.01097 0.0039064 0.01097 -0.1749 -0.38317 0.18407 0.38493 0.23124 -0.2023 0.23184 0.20457 -0.0016549 0.0011986 0.002546 0.0017713 -0.031158 -0.054262 0.037323 0.062002 -0.031879 -0.071279 0.12952 0.13805 0.42792 0.097633 0.43041 0.10554 0.00045566 -0.00073503 0.0016068 0.0017028 -0.00062293 -0.0010628 0.0072405 0.0027138 0.024932 0.0061797 0.062168 0.026179 0.044681 0.0087341 0.044681 0.0096153 -1.7706e-05 -6.6322e-05 0.0001109 8.1455e-05
-0.00071064 -0.00016788 0.0017494 0.00082248 0.043424 -0.00051767 0.065167 0.0035557 -0.0019979 -0.00052534 0.076591 0.0044298 0.00092429 -3.4891e-05 0.0018705 0.00077571 -0.004539 -0.00084261 0.0060564 0.0018154 0.15709 -0.24056 0.3621 0.26513 0.15394 -0.11819 0.27607 0.1605 0.011216 0.0017828 0.021157 0.006431 0.0037248 0.0018816 0.012062 0.0062114 0.084694 0.14681 0.325 0.40165 0.22167 0.089837 0.42109 0.15653 0.0043458 -0.0018846 0.013979 0.0043127 -0.002226 0.0031743 0.0060471 0.0032683 -0.00022859 0.030163 0.045379 0.042433 0.039214 0.01258 0.041366 0.01708 0.0010938 -6.8859e-05 0.0030328 0.00052856
-0.0022917 0.0034456 0.0037367 0.005214 0.011646 0.029597 0.015955 0.043777 0.059263 0.027299 0.06089 0.030296 4.9898e-05 -1.9293e-05 4.9898e-05 4.9898e-05 -0.032526 0.050118 0.033022 0.052872 -0.069253 0.089916 0.1754 0.25379 0.45196 -0.067459 0.45196 0.075621 0.00097826 -0.00021051 0.00097826 0.00021051 0.00044191 0.0024502 0.0010512 0.0026492 -0.18441 0.32109 0.18803 0.32272 0.23478 0.17385 0.23582 0.18933 0.0026347 -0.00016336 0.0026347 0.00016336 5.8455e-05 -0.0002483 0.00017681 0.00058412 7.221e-05 -0.0025209 0.0012095 0.004815 0.003039 -0.0045754 0.0046431 0.0045754 0.00095212 -0.00010896 0.00095212 0.00010896
0.0011212 0.00094191 0.0037982 0.0012995 -0.0030907 -0.0062471 0.058127 0.038266 0.025261 0.014662 0.03156 0.020204 0.00020746 5.6822e-05 0.00021122 0.00011976 -0.015826 -0.0045672 0.042109 0.012452 -0.059488 -0.1575 0.26962 0.24443 0.29337 -0.16695 0.29501 0.19672 0.0018035 0.00048999 0.00183 0.0014259 -0.037518 -0.014163 0.053449 0.019575 -0.084738 -0.10141 0.17928 0.14525 0.48115 0.12207 0.48115 0.15813 0.00077108 0.0013317 0.0014797 0.0016879 -0.012345 -0.0027916 0.014861 0.0029123 0.061626 0.026566 0.064207 0.028041 0.023876 0.018836 0.023991 0.019864 4.8477e-05 8.9102e-05 0.00015137 0.00011086
-2.6814e-05 -0.00071614 0.0035747 0.0010872 0.064055 -0.0086421 0.079407 0.015517 -0.015083 -0.0031609 0.037393 0.0076323 0.0010402 -0.00030736 0.0023268 0.00065391 -0.0083642 0.0026266 0.016969 0.004895 0.45464 0.031943 0.46478 0.043846 -0.093738 -0.020995 0.37136 0.06285 0.0045023 0.0010107 0.012326 0.0050839 -0.01144 -0.0021862 0.018788 0.0036875 0.15939 -0.042012 0.36417 0.2606 0.17287 -0.095762 0.26648 0.25356 0.010037 0.00025213 0.017535 0.0056421 -0.00092743 0.00044096 0.0024518 0.0012316 0.017579 -0.016786 0.047883 0.043575 0.026699 -0.010324 0.032304 0.023791 0.00044539 -0.0002202 0.001974 0.00043614
-0.0019018 0.0060134 0.0035325 0.011364 0.01525 -0.030135 0.025459 0.044092 0.047291 0.022378 0.053939 0.068628 0 0 0 0 -0.030733 0.040427 0.031632 0.051013 -0.051705 0.12549 0.17299 0.24072 0.43332 -0.0072728 0.43332 0.090915 0 0 0 0 -0.00024283 0.0027151 0.00098317 0.0027933 -0.19389 0.34067 0.19727 0.34126 0.25945 0.13103 0.26049 0.16676 0 0 0 0 0.00016042 -0.00071505 0.00018854 0.00073014 0.00019559 -0.0048939 0.0010577 0.0052831 0.0053997 -0.0065511 0.0077034 0.0065511 0 0 0 0
-0.0012451 0.00051826 0.0016862 0.0022955 -0.001205 0.0026571 0.0012973 0.0031818 0.00056841 0.00084563 0.00088822 0.0017497 3.3329e-05 5.879e-05 0.00027599 0.00026714 -0.0048013 0.0010081 0.065069 0.053653 -0.11106 -0.054562 0.2098 0.26341 0.29031 0.097456 0.33668 0.39652 -0.0026462 0.040401 0.012883 0.054156 0.0014898 0.013301 0.036046 0.078135 -0.066679 0.19015 0.18383 0.25431 0.25399 0.025579 0.27809 0.44769 0.0076246 -0.026611 0.0097624 0.045976 0.00065609 -0.0013762 0.001152 0.0032305 -0.002378 -0.0055999 0.0031926 0.010618 -0.0015599 0.027188 0.0075999 0.035328 -0.0014811 0.010912 0.001731 0.011117
-0.0069044 -0.0015275 0.0077853 0.0049785 0.02345 0.0014459 0.034459 0.02051 0.019192 0.028692 0.032791 0.053167 0.00066955 -0.00039486 0.0073851 0.006703 -0.079532 0.0024783 0.079843 0.012979 0.18662 -0.082271 0.26458 0.21049 0.14162 -0.11285 0.51105 0.17045 0.021436 0.0031977 0.044097 0.0098514 -0.063265 -0.01289 0.066191 0.014703 -0.021963 0.0075604 0.092416 0.026412 0.34759 0.045145 0.58016 0.10261 0.01889 0.0068371 0.02197 0.010322 -0.0010346 -0.00035606 0.006821 0.0014762 0.010909 0.0046371 0.02747 0.0099189 0.025702 -0.034539 0.045535 0.060993 0.0012521 4.2584e-05 0.0026264 0.00087031
-0.0012678 -0.0018782 0.0018045 0.0019334 0.035469 -0.0053753 0.036057 0.0085347 0.026239 -0.0060268 0.045997 0.0096533 0.00041083 0.00011284 0.0023077 0.00060408 0.0025524 -0.00012048 0.0036264 0.00089921 0.019327 0.029608 0.099459 0.070645 0.39736 -0.096233 0.47934 0.11673 -0.0099251 0.0024441 0.013177 0.0055928 0.007046 0.010812 0.015466 0.010892 -0.022472 0.09729 0.41087 0.2166 0.34167 0.11371 0.40878 0.19773 -0.008866 0.0012386 0.012949 0.0043723 0.0042468 0.0041253 0.0076205 0.0047751 0.0099326 0.0099091 0.044395 0.017535 0.023155 0.0061225 0.041698 0.01004 0.0015762 -0.00034914 0.0031964 0.00064832
-0.0004553 -0.00016776 0.0009406 0.0012359 0.066592 0.013635 0.067387 0.017986 -0.0085808 0.00094748 0.011911 0.0047349 -0.0033721 -0.00044144 0.010619 0.0017339 0.00032355 -0.00030787 0.002069 0.00068622 0.44423 0.032128 0.44534 0.04237 -0.059012 -0.019312 0.15659 0.041406 -0.048519 -0.0046685 0.095808 0.013522 0.00046045 -0.0004312 0.00079531 0.0013207 0.21247 -0.084439 0.42995 0.17473 -0.0004926 -0.33044 0.1721 0.35665 -0.024062 -0.011609 0.0953 0.018502 -0.00018558 0.00029607 0.00034276 0.00037888 0.0065477 0.026253 0.053307 0.030659 -0.0084952 0.015242 0.017593 0.025074 0.010254 0.0033385 0.011231 0.0034529
0.0026661 -2.7994e-05 0.0027575 0.0011128 0.0022693 -0.019755 0.048019 0.034699 -0.0017233 0.0055002 0.033064 0.041166 0.0095425 -0.0021521 0.0099461 0.0022471 0.0011611 0.011067 0.011389 0.016102 0.25181 0.074894 0.38505 0.14744 -0.054396 0.22729 0.22997 0.3521 0.014904 0.014735 0.044331 0.017255 0.023504 0.022966 0.077243 0.03342 0.33908 -0.0025426 0.57588 0.13666 -0.07501 0.0084683 0.14953 0.035412 -0.027502 0.004581 0.059149 0.0061169 0.010036 0.00065038 0.01024 0.0054974 0.027143 0.0105 0.099734 0.020504 -0.011531 0.0021584 0.024955 0.0055468 -0.0021529 0.0006699 0.0045485 0.00099679
-0.0023315 0.00034129 0.0026189 0.00075056 0.035726 -0.042007 0.03584 0.042007 0.03415 -0.00087855 0.036551 0.025141 0.00042873 6.9827e-05 0.00044896 0.00017009 -0.0084697 -0.00048482 0.019579 0.011556 0.061952 0.10221 0.24609 0.20887 0.42743 -0.045574 0.43794 0.15693 0.0043051 -0.00020895 0.0043949 0.0011318 0.012627 0.0022513 0.034191 0.0054995 0.078246 0.0040924 0.16047 0.17813 0.26172 0.051711 0.37657 0.42836 0.018321 -0.00050289 0.018485 0.016774 -0.00049441 0.00078135 0.0053573 0.00098015 0.051891 0.024615 0.057559 0.029416 0.01357 0.0094514 0.01357 0.0099029 0.0002404 0.00014119 0.00026264 0.00016249
-0.0023249 -0.00016673 0.0042028 0.0015463 -0.0039089 -0.0017206 0.0050494 0.0031764 0.037306 -0.015372 0.049002 0.016363 -0.001316 3.4657e-05 0.0036164 0.0010022 -0.043472 0.0039725 0.044597 0.009024 0.21606 0.22379 0.22274 0.27709 -0.0062586 0.31476 0.24563 0.34274 0.0070101 0.0077415 0.018791 0.021701 -0.04746 0.010382 0.05943 0.011389 0.4103 -0.062397 0.42181 0.1686 -0.11306 0.07171 0.2531 0.11541 0.029404 0.018668 0.034231 0.018727 -0.010826 0.00049534 0.011023 0.0025677 0.032892 -0.011463 0.034739 0.012247 0.025645 -0.011251 0.060666 0.024819 0.0054571 -0.0013615 0.0059382 0.0025981
-0.00034247 -3.8006e-05 0.00059215 0.00028121 -0.002633 -0.062413 0.071472 0.063969 0.051146 -0.011148 0.052187 0.014194 -0.0020387 -0.00024629 0.0021294 0.00061792 0.00040032 0.0022565 0.013349 0.0046694 0.12533 0.023961 0.31151 0.44208 0.20931 -0.04889 0.4051 0.15637 0.0030101 -0.0021002 0.020053 0.0057128 0.034363 0.011238 0.051994 0.017098 0.14395 0.17079 0.46218 0.28744 0.10667 0.099772 0.20089 0.12559 0.010146 -0.0022028 0.015679 0.0033321 0.011215 -0.00029733 0.01422 0.0015648 0.0060893 0.012999 0.083123 0.021427 0.0048887 0.00051291 0.028646 0.0066318 0.00048142 -0.00021607 0.0025752 0.0010407
-0.013098 -0.00025194 0.013496 0.0043296 -0.0053054 -0.015054 0.027438 0.017505 0.040031 -0.019244 0.070961 0.022234 0.0028322 0.0055102 0.0094111 0.0077998 -0.11393 0.01502 0.11818 0.016187 0.15177 0.21151 0.24658 0.22248 0.071047 0.20168 0.24584 0.26618 0.10931 0.037414 0.10931 0.039839 -0.076373 0.012687 0.086953 0.014196 0.29504 -0.10132 0.50299 0.18575 0.038958 0.031509 0.381 0.141 0.049321 0.0035808 0.049321 0.010138 -0.0081579 -0.00029147 0.012037 0.0031438 0.0044203 -0.0025837 0.055394 0.015354 0.035081 0.00037103 0.067374 0.023098 0.011066 -0.0012058 0.011066 0.0043348
-0.0062392 -0.0024575 0.0062392 0.0030064 0.04434 0.00015122 0.064392 0.010377 0.01781 -0.0016972 0.04051 0.031962 0.0027252 0.0001147 0.0035787 0.00052374 -0.026241 -0.0097032 0.026241 0.010331 0.37139 0.05994 0.44249 0.14868 0.10378 0.018843 0.24109 0.12278 0.00426 0.0022403 0.01808 0.0036998 -0.028219 -0.0058422 0.028317 0.0067737 0.42824 -0.092839 0.50142 0.18427 0.077223 -0.020599 0.2055 0.06731 -0.0051095 -0.0049298 0.014727 0.0076779 -0.0038159 -0.00060437 0.0038159 0.00061326 0.076018 0.0014403 0.07613 0.0056922 -0.0010021 -0.00023276 0.027724 0.0061996 0.00049533 -0.00036364 0.0017575 0.0006427
-0.0032213 -0.0027682 0.0038271 0.0031959 0.0088168 0.0022839 0.011889 0.004535 0.053813 0.019601 0.059571 0.022325 0.0040765 0.0015598 0.0058502 0.0027602 -0.0035755 0.00073605 0.0069234 0.0045822 0.083479 -0.018504 0.090159 0.050578 0.33274 -0.15552 0.37904 0.21534 0.034189 -0.021513 0.035224 0.050235 0.0044049 0.020881 0.0064543 0.021953 0.029199 0.16677 0.10633 0.33825 0.37493 0.19101 0.41225 0.34875 0.018723 0.036954 0.019255 0.037008 0.0024453 0.00071192 0.0026011 0.0014189 -0.01215 0.024396 0.039332 0.048429 0.069149 0.025874 0.074407 0.02839 0.00037479 -8.4098e-05 0.00041549 0.00046907
-0.0087207 0.0042259 0.010809 0.0045009 0.026289 -0.012217 0.042446 0.037937 0.039213 -0.025164 0.039229 0.025761 -0.00026307 0.00021668 0.00030445 0.00024016 -0.00025275 0.0050117 0.042608 0.041168 -0.1213 0.099084 0.35357 0.17194 0.32251 0.0067174 0.32251 0.18771 0.0010396 0.00088952 0.002981 0.00098193 -0.00064675 0.0061306 0.01254 0.0076985 -0.27666 0.15549 0.33661 0.16441 0.36854 -0.009901 0.42579 0.04969 0.0027498 -9.0643e-05 0.0034172 0.00061364 -0.00065577 0.00030521 0.0010712 0.00065358 -0.0047686 0.0033987 0.016888 0.005728 0.017182 0.030357 0.037045 0.037533 0.00035975 -6.905e-05 0.00040668 8.2941e-05
0.0036361 0.0049178 0.0036518 0.005482 0.04145 -0.0064678 0.048272 0.020238 0.0024361 -0.00032794 0.0029589 0.0018646 0.00019028 6.0688e-05 0.00019642 9.7227e-05 -0.020738 -0.011448 0.026305 0.051975 0.3696 0.012496 0.38351 0.22338 -0.00041796 0.0024883 0.051835 0.020816 0.00041046 0.00036054 0.00044519 0.00055511 0.015518 0.018684 0.043534 0.074263 0.15834 0.075168 0.63161 0.38686 0.066368 -0.04603 0.12093 0.21383 0.00094105 0.00050889 0.0010469 0.0011046 0.0081621 0.0083884 0.0091344 0.0089877 0.0044319 0.0041156 0.0045102 0.0042545 0.0016032 0.0015743 0.0018494 0.0017829 0.00010236 0.00011932 0.00017145 0.00014477
-0.0032857 0.002078 0.0067224 0.0089951 0.044054 0.035665 0.10004 0.054367 0.011647 0.025664 0.038155 0.02717 6.2337e-05 -9.4557e-05 0.00016776 0.00016396 -0.0084713 0.033165 0.046559 0.04243 0.24183 0.037853 0.69975 0.17675 0.0046808 -0.0027844 0.087342 0.032518 0.00096771 0.0016676 0.0016617 0.0021258 -0.0053457 0.003727 0.0072508 0.004498 0.046713 0.096929 0.41742 0.36846 0.092025 -0.028683 0.15991 0.17158 0.00029756 0.0011529 0.00054484 0.002287 0.00010706 0.00025488 0.00018691 0.00028233 0.00014527 0.0011781 0.0010318 0.0015092 0.00079981 -0.00051068 0.0012423 0.002152 -6.5521e-08 1.4728e-05 3.8019e-05 0.00016807
-0.00059008 0.00065196 0.00083426 0.0013773 0.0013176 -0.00043418 0.0025743 0.011306 -0.0039412 -0.025948 0.0094839 0.044758 9.71e-07 -0.0049125 0.00055257 0.0065682 -0.040685 -0.0021897 0.045754 0.066867 -0.017392 -0.15043 0.12472 0.22376 0.11106 -0.059584 0.42473 0.45622 0.025092 -0.002347 0.03543 0.031457 -0.028037 -0.0062826 0.029528 0.052032 -0.089737 0.045649 0.23548 0.22751 0.18931 -0.031295 0.37306 0.43568 -0.013316 -0.0031919 0.04893 0.052039 -0.00042274 -0.00079161 0.00049232 0.0008966 0.00032638 -0.0015631 0.0010667 0.002178 0.0036109 -0.00084365 0.0044449 0.0053746 0.00035867 -0.00078514 0.0034587 0.002687
-0.00080265 -0.0068341 0.0030047 0.0068352 -0.033202 -0.027272 0.075151 0.028395 0.04653 -0.0012834 0.061049 0.0073885 0.00087215 -0.00023548 0.0017591 0.00077654 -0.09394 -0.00059004 0.09394 0.037644 0.20919 0.068134 0.42662 0.22638 0.11421 0.013484 0.34637 0.24097 0.0010415 -0.0021296 0.012119 0.0077545 -0.079995 -0.006936 0.079995 0.015387 0.17023 -0.12128 0.43364 0.21704 0.15896 -0.049559 0.3941 0.098147 -0.018728 -0.0096796 0.022395 0.011247 -0.012914 -0.0029827 0.012922 0.0030455 0.035469 0.0014429 0.056514 0.023431 0.020838 -0.010803 0.03319 0.027658 -0.0024445 -0.00019577 0.0025713 0.0010338
0 0 0 0 -4.306e-05 -7.4352e-05 0.00065253 0.00060059 -0.00015094 -0.0010667 0.00015656 0.0011791 -0.00038868 -0.0012355 0.00042251 0.0012892 -0.036072 -0.064997 0.036153 0.071703 0.31933 -0.16914 0.39047 0.52967 0.015431 -0.079631 0.055644 0.10535 0.00049974 -0.0064511 0.0028946 0.0069516 -0.046779 0.026237 0.053911 0.026828 0.31957 -0.14901 0.32671 0.23646 0.067865 -0.13494 0.23456 0.16133 0.00054322 -0.00111 0.0026214 0.0028988 -0.0096977 -0.0034241 0.010934 0.0035434 0.022508 -0.014752 0.023126 0.022772 0.0093999 -0.028328 0.044086 0.033747 0.00022162 -0.0091381 0.0049151 0.00929
0.00012907 -0.00020957 0.00020767 0.0002886 0.0013856 -0.0021381 0.0019779 0.0022074 0.00049556 -0.0010295 0.0013895 0.0012811 0.00010527 -7.3148e-05 0.00012078 0.0001733 0.011572 -0.01351 0.016926 0.024076 -0.19541 -0.24413 0.20021 0.29627 0.21351 -0.090269 0.21448 0.091799 0.00063781 -0.00091258 0.00078414 0.0012339 0.025334 -0.043896 0.044169 0.072652 0.08761 0.040965 0.23122 0.68868 0.19446 0.07984 0.19537 0.14137 0.0017801 -0.0016894 0.0017801 0.0017958 -0.0036435 -0.00054374 0.0057618 0.0017581 -0.01208 -0.032074 0.057196 0.040446 0.058998 -0.033722 0.06053 0.036327 0.00018846 -0.00014636 0.00021314 0.00014825
0.00015344 -0.00014013 0.00073836 0.0004833 0.020459 0.017359 0.044001 0.056985 0.020377 -0.015203 0.041024 0.02078 0.00036229 -0.00061637 0.0015309 0.00096693 -0.0046938 0.0027485 0.011948 0.0053448 0.1738 0.028143 0.28579 0.29258 0.11377 0.09762 0.22131 0.15998 0.0056878 -0.0012805 0.009767 0.0047645 -0.012364 0.0056469 0.023416 0.0079084 0.32189 0.061254 0.69222 0.22835 -0.073048 0.020237 0.20372 0.050582 0.0018807 -0.0023206 0.011254 0.0072644 -0.0015865 -0.00042814 0.0037462 0.0010859 0.037571 -0.0065068 0.056606 0.030346 -0.0020663 0.00040294 0.023792 0.0045551 -0.00052216 -0.00021799 0.0010689 0.0009478
-0.0037191 -0.00045878 0.0037247 0.00061861 0.073034 0.003033 0.073268 0.011443 -0.0037507 -0.0015461 0.019223 0.0068124 3.7829e-05 -2.9857e-05 0.0022019 0.0009 -0.018444 -0.0028036 0.018444 0.00365 0.47288 0.044469 0.4745 0.074845 0.0029239 -0.0036377 0.14589 0.023607 -0.0068536 -0.0020933 0.013756 0.0054307 -0.004611 -0.0037004 0.008001 0.0060518 0.24974 0.01631 0.367 0.29479 0.064557 -0.096831 0.18596 0.40589 -0.020165 -0.032876 0.029062 0.057014 0.0010976 0.0013168 0.0025209 0.0029333 0.040256 0.020156 0.055133 0.037829 0.0006694 -0.0016978 0.0079245 0.0056153 -0.0038365 0.0036551 0.005749 0.004422
-0.0033023 -0.00072522 0.0033628 0.0010331 0.0035409 0.00093964 0.0080888 0.0022518 0.054763 0.012755 0.060551 0.017524 -0.00021938 -8.1707e-05 0.0044954 0.00072113 -0.018857 -0.010588 0.020196 0.012411 0.024008 -0.0017069 0.048877 0.0097638 0.38116 -0.031741 0.51004 0.10584 0.027605 0.00025022 0.032982 0.0050735 -0.002386 0.00066391 0.0057787 0.0026842 0.14515 0.18847 0.33336 0.29275 0.10354 0.072877 0.29556 0.44091 0.015402 -0.012442 0.027619 0.07181 0.0028972 0.00071381 0.0032155 0.0015527 0.028257 -0.0045692 0.058669 0.042268 0.027225 0.031828 0.049469 0.036005 0.00013994 -0.00033163 0.0015173 0.00075936
0.00062222 7.0556e-05 0.00084686 0.00075391 0.051788 0.01141 0.053802 0.042634 0.016054 0.0081414 0.016061 0.016531 0.0002598 5.6759e-05 0.00031993 0.00014735 0.012546 0.011342 0.013192 0.032583 0.38937 0.077186 0.49189 0.19087 0.0070996 0.0052999 0.033732 0.016053 0.00057006 0.00029392 0.0013806 0.001193 0.032247 0.015125 0.04089 0.048884 0.19712 0.089874 0.53595 0.42789 0.053638 -0.0097563 0.090967 0.13653 -0.0007596 0.00049325 0.0020351 0.0012755 0.0060894 0.0063072 0.0061398 0.006309 0.0026941 0.0013995 0.0026941 0.0015126 0.0010743 0.001128 0.0014837 0.0012664 -0.00035687 -4.2877e-05 0.00035783 0.0002142
-0.0037641 0.00096832 0.0037641 0.0010502 -0.0082403 3.7407e-05 0.030864 0.0057396 0.04219 0.019657 0.12634 0.036606 0.0025205 0.00057291 0.0087549 0.001661 -0.036744 -0.0006015 0.036826 0.0068145 -0.058686 -0.023536 0.16546 0.049857 0.43953 -0.043819 0.55299 0.11966 0.0061167 -0.0010326 0.036464 0.0049404 -0.052055 0.010808 0.056169 0.016614 -0.015157 0.023219 0.12266 0.053292 0.39736 0.074461 0.45657 0.14389 0.010208 -0.0014652 0.02703 0.0035869 -0.0079088 0.00093238 0.0093719 0.0013685 -0.007272 0.0034183 0.019591 0.013155 0.055257 -0.0036408 0.062195 0.0065886 0.0013595 -0.00038319 0.0039151 0.00074364
0.00076898 0.0005374 0.0024083 0.0016735 0.02385 0.024689 0.043811 0.034668 0.0076286 -0.0032853 0.016025 0.0096507 0.00010277 0.0002369 0.00097438 0.00056604 0.065028 -0.0061469 0.072394 0.027988 -0.27861 -0.27068 0.38269 0.30094 0.31063 -0.10094 0.36332 0.10841 -0.0015683 -0.001897 0.011009 0.0033508 0.0026359 -0.0066825 0.0077716 0.0068206 -0.021393 -0.10283 0.064241 0.10625 0.38146 0.063735 0.39599 0.073671 -0.0089658 -0.0046343 0.01458 0.0053933 0.0001378 0.00018971 0.00031795 0.00039904 0.0017831 0.0018424 0.0032386 0.0021835 0.05647 0.0086328 0.065616 0.011804 -0.0017943 -0.00034561 0.0026157 0.00099079
-0.00078961 -0.0019284 0.00094526 0.0032711 0.0042487 0.0036574 0.0076941 0.017385 0.041757 -0.0087227 0.041757 0.0089758 0 0 0 0 -0.00052028 -0.021406 0.01385 0.033552 0.27422 0.0098408 0.32176 0.38592 0.29419 0.082874 0.31894 0.2352 0 0 0 0 -8.9151e-05 0.031716 0.020708 0.050965 0.37825 -0.053127 0.42271 0.22771 0.11018 -0.015126 0.11018 0.025571 0 0 0 0 -0.006346 0.011916 0.006381 0.011916 0.0079716 0.042106 0.034968 0.05288 0.044574 -0.00091336 0.044601 0.011215 0 0 0 0
-0.00064297 -0.00102 0.0018538 0.0020438 0.0039754 0.0028283 0.014779 0.007922 0.045641 0.007089 0.050379 0.0095344 0.00044716 -4.8975e-05 0.00060919 0.00037548 0.016217 0.013623 0.063133 0.026825 -0.11734 -0.067862 0.23663 0.10363 0.43229 -0.075504 0.4374 0.10743 0.0027375 -0.00083658 0.0034044 0.0024011 -0.0016175 -0.017244 0.016727 0.020496 -0.068055 0.066557 0.21901 0.097437 0.43111 0.094512 0.4781 0.1038 0.0030185 -0.00081247 0.0034141 0.0023995 0.0003519 -2.7685e-05 0.001572 0.00091804 0.013771 -0.0017444 0.015237 0.0099651 0.04076 0.00081343 0.072449 0.0077138 0.00016605 4.1074e-05 0.00024037 0.0002042
0.001032 -5.1673e-05 0.0013048 0.0010678 0.035515 0.034235 0.044221 0.046617 0.0059373 0.01131 0.020502 0.017862 -0.00087276 0.0017856 0.0018677 0.0027816 0.066653 0.0048368 0.073977 0.032898 -0.23862 -0.20175 0.37614 0.29574 0.29922 -0.072331 0.32424 0.10415 -0.003312 -0.0024894 0.010406 0.004399 0.011291 -0.014272 0.015553 0.014654 -0.023572 -0.16208 0.13253 0.19528 0.39732 0.05864 0.43069 0.083536 -0.012517 -0.0066988 0.015345 0.0076793 -1.9383e-05 0.00017958 0.00038372 0.00035787 0.050512 0.014442 0.051532 0.014592 0.008761 0.0036884 0.024376 0.0094659 -0.0019946 -0.00070581 0.0053949 0.0020221
-0.0029248 0.010734 0.01096 0.01142 -0.0093675 0.0019381 0.024801 0.010476 0.057959 0.012194 0.063428 0.014843 0.0065718 0.0019005 0.0067851 0.001913 -0.063554 -0.025904 0.079512 0.050558 -0.0087458 -0.019545 0.071278 0.037153 0.41117 -0.13407 0.4364 0.18831 0.024402 -0.0020633 0.024476 0.029551 -0.016714 -0.019007 0.030293 0.026982 0.078067 0.1775 0.10387 0.20743 0.3489 0.16249 0.44534 0.32062 0.0078721 0.0082003 0.0080708 0.0092439 0.0035814 0.0015127 0.0053538 0.0017701 0.014867 -0.00012344 0.027298 0.057173 0.039129 0.021534 0.058344 0.050184 0.0011584 -0.00011203 0.0011586 0.00088038
-0.0050458 -0.0010438 0.0053176 0.0015531 0.066223 -0.0074531 0.072483 0.015668 -0.0026234 -0.0020717 0.021516 0.0050693 -0.0020428 -0.0010682 0.004498 0.0014202 -0.034504 -0.0061969 0.034906 0.0081652 0.4144 0.033281 0.49238 0.048743 0.012249 -0.0030934 0.10327 0.036329 0.0046368 -0.0025203 0.020975 0.0083148 -0.0085956 -0.0092009 0.012652 0.01258 0.3322 0.066314 0.3322 0.32965 -0.12825 -0.12084 0.1508 0.39007 0.046462 -0.0079073 0.064699 0.02438 0.0031614 0.00070964 0.0034938 0.0020291 0.033725 -0.012701 0.074266 0.041131 -0.015215 -0.0056581 0.022317 0.0064553 0.0061842 0.00051661 0.0076794 0.00085732
-7.6842e-05 0.00039254 0.00057787 0.0019228 0.042943 -0.0036867 0.043772 0.015386 0.0037881 -0.0023317 0.0037881 0.0023317 0 0 0 0 -0.014662 -0.020465 0.024799 0.052878 0.32977 0.03749 0.33286 0.44556 0.23298 -0.0026418 0.23298 0.076196 0 0 0 0 -0.018426 0.054429 0.026232 0.061316 0.32702 -0.010812 0.43787 0.32826 0.13956 -0.023786 0.13956 0.04188 0 0 0 0 6.9673e-05 0.00034401 0.00015251 0.00042642 6.1151e-05 0.030821 0.014242 0.032621 0.010572 -0.00029753 0.011437 0.0061357 0 0 0 0
-0.007648 0.00066253 0.0077307 0.00079036 -0.032601 0.0098275 0.050356 0.01209 0.029099 0.027917 0.033341 0.036097 0.0038956 0.0019312 0.0051208 0.0028629 -0.077592 -0.0049332 0.077592 0.0055765 -0.1952 0.00011234 0.28799 0.059138 0.2949 0.0082204 0.52791 0.11425 0.0040318 0.0017182 0.011606 0.0052447 -0.079173 -0.0074577 0.079173 0.020294 -0.2095 0.035366 0.34563 0.12849 0.3172 0.0093575 0.40888 0.076533 -0.0003834 0.00016286 0.014603 0.0027895 -0.0066356 -0.0029371 0.007055 0.0033468 -0.016571 -0.025272 0.028377 0.033143 0.04828 -0.0023119 0.054019 0.0088711 -0.00029026 -7.1244e-06 0.0028387 0.00036217
0.0077588 -0.0080505 0.0094162 0.0083689 0.015434 -0.01343 0.018338 0.019645 0.0025538 -0.0042677 0.0048661 0.0048227 -0.00027431 0.00020953 0.00027862 0.00021603 -0.0030937 0.0042806 0.029395 0.018794 0.22687 -0.049418 0.31458 0.62729 0.13744 0.038333 0.17552 0.13104 0.0013304 0.00041225 0.0022897 0.0013792 0.021946 -0.011217 0.022231 0.015736 0.39025 -0.043772 0.45439 0.10107 0.018809 -0.0059636 0.018809 0.0081492 0.0020359 -0.00094628 0.0020488 0.0010495 0.00054779 0.00075751 0.0042839 0.0031809 0.065374 -0.020464 0.06538 0.02052 0.0052542 -0.00084833 0.0052542 0.002425 0.00032496 -3.6183e-05 0.00032683 0.00011498
-0.0031735 -0.0019601 0.0031735 0.0019634 -0.022915 -0.013717 0.067445 0.016157 0.049826 -0.020408 0.056986 0.024194 -0.0027693 -0.00025808 0.0035406 0.00074198 -0.057654 -0.024257 0.066718 0.054792 -0.15021 -0.002796 0.2117 0.053967 0.43476 -0.088987 0.46155 0.091307 -0.01621 -0.033897 0.031537 0.035556 -0.044883 0.00090635 0.079246 0.041116 -0.038821 -0.073471 0.17708 0.13476 0.33022 0.065854 0.37957 0.3705 -0.02213 0.023741 0.059474 0.028015 -0.0034787 0.0047071 0.0054175 0.004841 -0.022162 0.0070315 0.040645 0.0091346 0.03953 -0.050785 0.091437 0.051112 -0.0031701 -0.00047518 0.0078806 0.00062985
-0.00015889 0.00011621 0.00040754 0.00026369 -0.0036297 0.015469 0.026359 0.020514 0.055261 0.0036401 0.060725 0.03038 0.00013297 0.00011126 0.0023826 0.0011373 -0.017543 0.011123 0.021163 0.01287 0.040307 0.031576 0.41163 0.3294 0.27274 -0.020511 0.46596 0.17316 0.0028099 -0.0014203 0.016062 0.0084399 -0.026149 0.045504 0.039942 0.049938 -0.079634 0.1675 0.26182 0.23319 0.25849 0.019083 0.35043 0.13862 -0.0002454 0.0058873 0.023302 0.013966 -0.00018853 0.0027109 0.0022778 0.0027169 -0.03163 0.04088 0.043328 0.043638 -0.0094442 0.014547 0.056252 0.053434 0.0065409 0.0054406 0.0065456 0.006821
-0.017156 -0.0066648 0.017156 0.0066673 0.037766 -0.040002 0.064417 0.045868 0.018408 0.00089471 0.035353 0.0044173 -0.0014354 -0.00049359 0.003475 0.00087487 -0.064583 -0.0062069 0.064583 0.022493 0.33714 0.01275 0.40691 0.14385 0.11656 0.0021891 0.32219 0.090745 -0.0091383 0.00030722 0.023179 0.0031417 -0.040111 -0.0097536 0.040111 0.0097536 0.41599 -0.0025053 0.50024 0.19416 0.060341 0.010043 0.25452 0.086154 -0.0099149 0.0002233 0.016332 0.0051618 -0.0043176 0.00016698 0.0043346 0.00067534 0.054701 -0.043709 0.062876 0.043801 0.016112 -0.011972 0.032219 0.01329 0.00029924 -0.00034705 0.0021033 0.00076316
-0.00077533 -0.012228 0.004776 0.013133 0.0002723 -0.040041 0.016974 0.04658 0.017214 0.01647 0.037069 0.035449 0.0055174 0.004943 0.0098301 0.0091411 0.030748 -0.018001 0.034781 0.054852 0.015734 -0.15496 0.23041 0.37138 0.37292 -0.012559 0.37292 0.26444 0.010024 0.00093243 0.010024 0.010081 0.0035417 0.0014235 0.0045338 0.0054018 0.19215 0.22725 0.22365 0.27194 0.23352 -0.082022 0.30694 0.22504 0.020169 -0.014729 0.020516 0.015518 0.0060123 0.0064678 0.0065972 0.0083809 -0.0062479 -0.021913 0.014969 0.034306 -0.0040995 -0.0021829 0.013235 0.018515 0.0076009 -0.0069125 0.0077662 0.0072215
0.00042671 0.0012868 0.0013288 0.0034199 -0.021631 -0.057965 0.024986 0.065266 0.0055479 0.036645 0.030697 0.10968 0.0013585 0.0026654 0.0029556 0.0076637 -0.059867 -0.0036725 0.072335 0.074963 0.3823 0.11485 0.44239 0.33593 0.04282 0.085901 0.060794 0.12351 0.00087924 0.010594 0.0058111 0.021854 -0.023839 0.035997 0.031212 0.03912 0.094395 0.011298 0.42753 0.44269 0.12572 -0.071093 0.15235 0.11915 -0.015298 -0.010587 0.018487 0.021968 -0.00020907 -0.0004078 0.00070898 0.0022035 -0.04121 0.010234 0.04285 0.02434 0.015148 -0.045284 0.06054 0.061991 0.0019511 -0.0022724 0.0028386 0.0082315
-0.00032253 0.0060066 0.0065961 0.0081576 -0.026155 0.0031336 0.07671 0.041259 0.040358 -0.00064488 0.057232 0.013652 0.0010091 1.6347e-05 0.0014453 0.0010756 -0.0006077 -0.028972 0.072893 0.044412 -0.13873 0.0024093 0.24277 0.26775 0.40816 -0.033228 0.48237 0.111 -0.0009948 -0.0017613 0.013144 0.0073921 0.013589 0.035861 0.079388 0.04899 0.01027 0.21219 0.30561 0.39983 0.13494 0.040774 0.26278 0.11479 0.0019 -0.00028273 0.02097 0.009097 0.010933 -0.00033483 0.012117 0.0032784 0.0035999 -0.00091368 0.028356 0.0070741 -0.012688 0.0033558 0.054212 0.0095645 -0.00010206 -0.0001511 0.0015535 0.00064532
0.0025981 0.0011863 0.0044559 0.0016294 -0.0014392 -0.0083367 0.03756 0.035955 0.014057 0.027872 0.034294 0.030071 0.0020879 0.0021184 0.0020879 0.0021184 -0.056278 -0.0068156 0.069432 0.027591 0.22236 0.051971 0.49864 0.27518 0.11868 0.051349 0.12039 0.059146 0.0017776 0.001157 0.0019763 0.0011998 -0.044276 -0.021581 0.073216 0.03126 0.37072 -0.27881 0.46742 0.30971 0.077982 -0.013268 0.088144 0.038656 0.001968 0.00029941 0.0020536 0.0016004 -0.0051881 -0.0060257 0.0074034 0.006113 0.084707 0.04399 0.088744 0.054512 0.0050014 0.0058468 0.0051798 0.0058468 0.00020028 0.00013281 0.00023019 0.0001436
0.010248 -0.0021102 0.010609 0.0027947 -0.015926 0.01219 0.023502 0.013097 0.057013 0.021154 0.060247 0.022524 0.00052602 -6.0436e-05 0.00056263 0.00021856 0.058734 -0.013924 0.061472 0.016581 -0.069345 -0.045621 0.24596 0.13015 0.44163 -0.061978 0.44163 0.11603 0.0024932 0.00037584 0.0026492 0.0013559 0.030515 0.0027683 0.03758 0.0061271 -0.019447 0.060794 0.28721 0.096037 0.42893 0.070942 0.42958 0.10839 0.002127 -0.00017851 0.0023108 0.00177 0.0024494 -0.0011452 0.0041243 0.0013451 0.014356 -0.00085961 0.044946 0.0080813 0.052653 -0.0013952 0.052653 0.0051664 0.00044986 3.0241e-05 0.00048619 0.00015162
0.010841 -0.00099534 0.011286 0.0012333 -0.021694 0.0054427 0.028777 0.0064824 0.040665 0.02699 0.044231 0.027262 0.0011427 0.00049344 0.0012281 0.00082415 0.060045 -0.0077286 0.062702 0.011704 -0.11353 -0.079026 0.25709 0.12595 0.4065 0.016053 0.40775 0.089935 0.0027733 0.0010801 0.0027733 0.002421 0.032527 0.00084354 0.036042 0.0086644 -0.072917 0.085489 0.28789 0.11085 0.41537 0.031801 0.41573 0.28094 0.0034083 -0.00034585 0.0036186 0.0017579 0.0035764 -0.00060218 0.0040995 0.00080503 -0.00080953 -0.0006655 0.044016 0.0091903 0.058486 0.0063232 0.058981 0.007465 0.00052671 0.0001203 0.00054044 0.00028454
-0.0016834 0.00042481 0.0019715 0.00054 0.017912 -0.0047776 0.01817 0.008814 0.023729 0.0050801 0.069972 0.072043 0.0024402 -0.0042837 0.010715 0.0048292 -0.021789 0.0056603 0.032921 0.008348 0.039786 -0.021917 0.04935 0.067728 0.1609 0.056769 0.36807 0.34277 0.023261 0.029376 0.063346 0.038109 -0.0082922 0.0017389 0.027231 0.0097456 0.065914 0.15997 0.41746 0.21723 0.24947 0.00011357 0.57441 0.15695 0.00030086 -7.2174e-05 0.034371 0.0071195 0.00082168 -8.9321e-05 0.0035418 0.0010783 0.05335 -0.0098948 0.073648 0.014744 -0.0092214 0.019511 0.091074 0.030971 -0.0022686 0.00067598 0.004497 0.0011405
-0.0028565 0.00071882 0.0042636 0.0010831 0.050125 -0.0061119 0.05256 0.01571 -0.025029 0.017122 0.077741 0.023199 -0.00098112 0.00016714 0.0025919 0.00098233 -0.017243 -0.001924 0.033387 0.0026812 0.35493 0.053728 0.38104 0.15567 -0.1501 0.075347 0.53425 0.0766 -0.0066104 0.0015732 0.02485 0.0073035 -0.0032467 -0.0024259 0.02624 0.0084456 0.34308 -0.065036 0.3881 0.073091 -0.034102 0.10686 0.22215 0.1422 0.0022146 -0.0024698 0.024604 0.004647 -0.0015674 0.0003188 0.0041941 0.00063962 0.049695 -0.0033673 0.050338 0.014289 0.0051908 -0.00056031 0.014628 0.0051587 1.8059e-05 -7.4054e-05 0.0023686 0.00034884
0.0012559 -9.0824e-05 0.0027498 0.0036361 0.00024519 0.0032484 0.0042692 0.013478 -0.0034927 -0.012734 0.0086554 0.021845 -0.00069547 -0.0041144 0.00095508 0.0048371 0.0087875 0.0028375 0.030664 0.078597 -0.057148 -0.092499 0.2756 0.38409 0.11973 -0.073096 0.30515 0.3177 0.0036813 0.00834 0.0083772 0.031225 0.079024 -0.025202 0.082726 0.044894 -0.15956 0.090917 0.37898 0.34277 0.12871 -0.05382 0.32014 0.30312 -0.0091783 -0.035826 0.018161 0.059536 0.0029854 -0.0059589 0.0043346 0.0089528 -0.0051584 -0.068438 0.028247 0.074634 -0.01466 -0.008472 0.018509 0.008979 0.003477 0.002781 0.0039049 0.0045255
0.00029453 -0.00019102 0.00059397 0.0023961 0.00080815 -0.0062549 0.017232 0.021937 0.0017474 -0.018786 0.022889 0.032831 0.011613 -0.0060705 0.011613 0.0060805 -0.013312 -0.034105 0.013553 0.038159 0.079355 -0.23878 0.19239 0.36661 0.24977 -0.040864 0.29142 0.3589 0.046859 0.01491 0.052234 0.035006 -0.023843 0.022316 0.033133 0.02749 0.11329 0.19846 0.13515 0.31708 0.29704 0.026394 0.34441 0.29965 0.0096071 -0.0020913 0.0096071 0.004522 -0.0016738 0.0045861 0.002278 0.0055928 0.00073172 0.013039 0.019082 0.035428 0.0034877 0.00086583 0.022582 0.02887 0.011083 -0.0049505 0.011093 0.0051118
0.0097821 -0.0010007 0.0098778 0.0035381 -0.013622 0.013575 0.028228 0.014967 0.055214 0.029886 0.059596 0.031673 0.00050376 8.4349e-05 0.00052397 0.00017586 0.043951 -0.0089865 0.049464 0.010234 -0.029384 -0.052624 0.28215 0.13238 0.43391 -0.026572 0.43391 0.090462 0.0026062 7.2818e-05 0.0027587 0.0017508 0.030494 0.0053013 0.045091 0.0072094 0.021918 0.047877 0.34033 0.091399 0.41786 0.051648 0.41786 0.095268 0.0022655 3.6572e-05 0.0026383 0.0017703 0.0011468 -0.00057689 0.0051646 0.00094161 0.023609 -0.0019843 0.04975 0.0078384 0.049874 0.0018183 0.049874 0.0058949 0.00031976 -1.498e-05 0.00040063 0.00011233
-0.0028712 0.0055369 0.0073088 0.0087026 -0.022662 0.054187 0.055596 0.063553 -0.00086759 0.10716 0.011759 0.10909 -4.5218e-05 0.012101 0.0011548 0.012596 -0.01191 0.012704 0.015019 0.025815 0.15994 0.15723 0.5186 0.29774 -0.0010075 0.092723 0.04695 0.27262 0.001132 0.01807 0.0072759 0.043175 0.0023938 -0.0016019 0.0040068 0.013008 0.13056 -0.14452 0.57193 0.24958 0.039757 -0.0040145 0.069721 0.14552 0.00095146 0.00080984 0.0048704 0.014821 -0.0055186 -0.0041836 0.0060327 0.0061853 0.033521 -0.047766 0.073111 0.055824 0.015769 -0.017642 0.020056 0.024542 0.0011506 -0.0020565 0.0012951 0.0026533
-0.0019688 -0.0015421 0.0019693 0.0015427 0.013018 -0.014104 0.09835 0.03017 -0.0033532 -0.0034309 0.018897 0.0062564 0.0016897 0.00028624 0.0028708 0.00084841 -0.068125 -0.042338 0.069354 0.046522 0.34763 -0.057355 0.54641 0.084598 -0.037852 -0.01278 0.14208 0.044252 -0.0032299 -0.0026493 0.0045078 0.0073444 -0.04746 -0.01677 0.049044 0.032358 0.33563 0.015989 0.44577 0.25374 0.016275 -0.07633 0.26175 0.21637 -0.022694 -0.015033 0.023958 0.015204 -0.01068 0.0005562 0.010915 0.0010435 0.057185 -0.037096 0.089244 0.039358 0.00075269 -0.0044196 0.045094 0.0064194 -0.0057142 -0.0007726 0.0058083 0.0016306
0.010984 0.0011431 0.010984 0.0016772 0.023627 0.0016811 0.066021 0.011257 0.018681 0.0059399 0.020703 0.0067585 0.00017535 0.00019939 0.0002296 0.00025694 0.075139 0.0068136 0.075139 0.010135 0.27586 -0.0073899 0.48159 0.084866 0.01289 0.0047558 0.015665 0.012813 0.00015783 0.00010768 0.0021773 0.0017117 0.053012 -0.037385 0.053029 0.037875 0.21564 -0.12573 0.46747 0.25335 0.16903 -0.094045 0.30972 0.40572 0.0018463 0.0018385 0.0032997 0.0026428 0.0044463 0.0043492 0.0052939 0.0061447 0.071678 0.040948 0.076073 0.04745 0.0037854 0.0040769 0.006728 0.005622 0.00036878 0.00033201 0.00038074 0.00036164
-0.00011572 -0.0010982 0.0030946 0.0025043 0.020747 -0.051879 0.077881 0.063194 0.025039 -0.050672 0.046705 0.05093 -0.0017653 0.00091432 0.001778 0.0012861 -0.010847 0.014156 0.036079 0.024232 0.078734 -0.050712 0.23775 0.14628 0.23602 0.030095 0.3656 0.38598 0.0053586 -0.0069886 0.0090454 0.0092048 -0.061678 0.041229 0.064424 0.042462 -0.065452 0.091857 0.20262 0.13429 0.35457 -0.004394 0.51008 0.26331 -0.00023523 0.0022374 0.0096298 0.0057644 -0.0073407 0.0034644 0.0073407 0.0035385 -0.039774 0.021181 0.044991 0.028335 0.040807 -0.028209 0.056516 0.033545 -0.00091556 0.00015723 0.002168 0.00072002
0.00058561 0.0019626 0.0012041 0.0032333 0.0046807 0.008516 0.0084308 0.012048 0.0014011 -0.0028739 0.022549 0.014032 0.00051077 -0.0005954 0.001078 0.002367 -0.022093 -0.047757 0.025563 0.070175 -0.043555 -0.26051 0.10282 0.26134 0.25938 -0.060635 0.26563 0.19322 0.016802 0.032219 0.017272 0.032452 -0.001076 -0.0027612 0.0012596 0.0028685 0.024964 0.001058 0.029513 0.0082418 0.48261 0.0070203 0.54861 0.34519 -0.01562 -0.041349 0.017603 0.045 -0.00025991 0.0010548 0.00082421 0.001395 0.0014912 0.0011618 0.0028316 0.0029121 0.010629 -0.023851 0.012175 0.023958 0.00079362 -0.0023812 0.0038788 0.0068281
0.00048012 -0.00018453 0.0016856 0.00061469 0.0030383 0.00038616 0.062003 0.019469 0.04261 0.014752 0.04261 0.015239 -0.00073067 -0.00020999 0.00073067 0.00026027 -0.037964 0.0037437 0.042965 0.034737 0.38744 0.011264 0.53408 0.070782 0.086782 0.023446 0.097313 0.023923 -0.00377 0.00069755 0.00377 0.0013614 -0.026184 0.0082432 0.053085 0.027042 0.33105 -0.020354 0.59157 0.17032 0.099019 -0.0038088 0.11824 0.023678 -0.0017183 0.0019238 0.0017183 0.0021073 0.00077304 0.0010855 0.0021568 0.001225 0.032355 0.029809 0.086564 0.029949 0.013558 0.0061316 0.016452 0.0080493 -0.00010733 0.00027559 0.00013491 0.00028888
0.0077519 -0.0004478 0.0081761 0.00076598 0.038788 -0.0046725 0.053556 0.0074498 0.0020336 0.00096868 0.0022243 0.001095 0.0004401 0.00017022 0.00049883 0.00017707 0.021572 -0.0088287 0.02215 0.011435 0.34484 -0.036483 0.39619 0.28569 0.11791 0.02383 0.11791 0.084365 0.001752 0.0010292 0.0017933 0.0011502 0.022842 0.028637 0.023064 0.030483 0.44119 -0.045851 0.56164 0.24872 0.030802 0.003006 0.044892 0.026639 0.0012951 0.00034417 0.0015057 0.00093496 0.00084547 -0.0015992 0.0027264 0.0039019 0.033707 -0.0057841 0.090525 0.085485 0.021952 -0.016951 0.027187 0.034256 6.534e-05 0.0001424 0.00017059 0.00017575
-0.0015576 0.013506 0.0019323 0.013506 0.0023718 0.068809 0.015866 0.076305 0.049849 0.0063023 0.053125 0.040663 0.001166 0.007042 0.0044306 0.007042 0.0088833 -0.0036868 0.012298 0.023854 -0.0090611 -0.069208 0.13426 0.20007 0.39776 0.080056 0.40858 0.17361 0.0068383 0.0059818 0.0068383 0.0065308 0.049823 -0.013129 0.054389 0.032335 -0.089441 -0.0044574 0.19383 0.073285 0.49146 0.020878 0.49357 0.036563 0.0059597 0.0027367 0.0063657 0.0027367 -0.0051265 0.0086243 0.005393 0.0086243 -0.0022637 0.0048515 0.018019 0.0077338 0.073142 7.3715e-05 0.073556 0.008531 0.0013169 0.00018305 0.0013299 0.0003251
-0.0032555 -9.6238e-05 0.0040058 0.0016959 0.051676 0.008969 0.066521 0.013555 0.033655 0.010112 0.035648 0.010309 0.00063733 0.00040031 0.00065719 0.00040031 -0.017861 0.021696 0.033291 0.026809 0.41647 0.034489 0.47715 0.062927 0.18237 0.0443 0.18842 0.0443 0.00347 0.0013346 0.0039662 0.0018526 -0.062081 -0.010058 0.082444 0.03544 0.3811 -0.05334 0.392 0.19564 0.25057 -0.0076784 0.25057 0.13941 0.00092751 0.0010238 0.0036706 0.0014067 -0.00026725 0.0011958 0.0073771 0.0017332 0.035742 0.014929 0.063554 0.043351 0.04217 -0.0013515 0.043578 0.01083 -0.00028104 -8.6733e-05 0.00033988 0.00015814
-0.0087354 -0.0029055 0.0087512 0.0029147 -0.028311 0.0063758 0.031736 0.017492 0.06089 0.0049801 0.071257 0.013714 -0.0019755 2.1796e-06 0.0040128 0.00049023 -0.054569 -0.024385 0.054569 0.02442 -0.12601 -0.035242 0.1498 0.042184 0.45868 -0.038147 0.48102 0.19244 -0.012771 -0.0022556 0.026064 0.0045188 -0.026749 -0.010418 0.026937 0.012224 -0.061577 -0.012148 0.14327 0.039116 0.43927 0.02396 0.44814 0.17157 -0.011568 -3.6311e-05 0.035009 0.004757 -0.0021068 -0.00041734 0.0024615 0.0012236 -0.002523 -0.004691 0.020896 0.0058103 0.049107 -0.0017504 0.056475 0.0069316 0.0015402 -3.2473e-05 0.002129 0.00072013
-0.0055503 0.00012081 0.010004 0.0048766 -0.015248 0.009541 0.01802 0.019344 0.012427 0.0082422 0.018991 0.021965 0.00020007 0.00089591 0.0087532 0.0073402 -0.11725 -0.001667 0.11725 0.026272 0.2263 -0.063457 0.30335 0.10034 -0.03471 0.096569 0.4999 0.24974 0.019593 -0.012877 0.027336 0.020149 -0.12573 0.028629 0.12586 0.028858 0.18777 0.071382 0.3714 0.15417 -0.076613 -0.13127 0.42834 0.20422 -0.0012313 -0.0027219 0.024615 0.02433 -0.01959 0.0019138 0.01962 0.0020174 -0.0094686 -0.0044121 0.021305 0.011734 0.0058306 0.0029792 0.025722 0.013028 0.011268 0.0083849 0.011269 0.0089588
-0.0032834 0.00073607 0.0045756 0.0077235 0.0071536 0.0010593 0.033262 0.014233 0.029001 0.0018001 0.033989 0.03807 0.0032605 0.0015135 0.0036694 0.0031759 -0.0012164 0.007467 0.012611 0.0091148 -0.1162 0.11779 0.33135 0.16132 0.31771 0.037053 0.34366 0.06665 0.0033858 0.00020243 0.00339 0.00054383 0.0074371 6.9695e-05 0.010004 0.004964 -0.3175 0.10128 0.37742 0.11506 0.39578 -0.024858 0.41512 0.050671 0.0025116 8.5269e-05 0.0025345 0.00046329 0.0018271 -4.095e-05 0.0024824 0.00047278 -0.01368 0.015178 0.024571 0.017331 0.022449 0.033921 0.057348 0.036334 0.00034793 -1.7389e-05 0.00034793 5.2452e-05
-0.0011056 0.00019763 0.0041089 0.0015316 0.026801 0.018215 0.058884 0.028269 0.017403 0.026259 0.042654 0.038803 0.00061498 -7.8092e-05 0.00091897 0.0004704 -0.019256 0.0027064 0.031804 0.0084447 0.089168 0.073374 0.58511 0.149 0.19703 0.042212 0.40837 0.061983 -0.00099352 -0.00066639 0.012677 0.0053274 -0.047629 0.0083964 0.052912 0.01057 0.38275 -0.035006 0.45395 0.10634 -0.035765 -0.0035011 0.14576 0.020078 -0.0048115 -0.00036477 0.010466 0.0051603 -0.0074603 0.00099492 0.0098823 0.0033631 0.046934 -0.0057135 0.056211 0.011158 -0.00094077 -0.0031735 0.020729 0.0036343 -0.0014563 0.00038718 0.0019689 0.00051022
-0.0081345 -0.0038328 0.0081345 0.0038328 0.0043494 -0.038954 0.064552 0.040726 0.018203 8.3458e-05 0.045049 0.0035218 -0.0003658 -0.0006743 0.0025258 0.0008154 -0.087212 -0.022591 0.087212 0.03251 0.33878 0.0074833 0.45518 0.082987 0.068329 0.0039975 0.24006 0.04093 -0.011113 -0.001911 0.019764 0.0037898 -0.047937 -0.013976 0.047937 0.015066 0.45068 -0.030927 0.55529 0.14805 -0.023211 0.0017977 0.15412 0.048442 -0.01528 -0.00076664 0.020441 0.0050762 -0.0044873 -0.00054348 0.0046485 0.0013014 0.070411 -0.023771 0.080874 0.028113 -0.0018151 -0.0013695 0.016664 0.0034591 -0.0025574 -0.00012717 0.0044926 0.00088517
-1.8492e-05 0.00039509 0.0052597 0.0020879 0.025388 0.0052047 0.03332 0.0088568 0.044746 0.013276 0.064801 0.019296 0.0079147 0.0027686 0.0082114 0.0028514 -0.0086177 -0.0054971 0.011386 0.0071933 0.35766 0.088984 0.35885 0.089934 0.23977 0.035558 0.34499 0.10576 0.0041386 0.002786 0.0042368 0.0031151 -0.0024492 0.0012997 0.0037703 0.0035154 0.30307 -0.086869 0.30387 0.18644 0.25731 -0.034099 0.34357 0.31564 0.02314 -0.00068031 0.023364 0.017633 0.0014699 0.0054365 0.0014699 0.0056059 0.011322 0.02702 0.032632 0.067592 0.068479 0.0042177 0.068479 0.017436 0.00019929 0.0002021 0.00019929 0.00024355
-0.0098115 0.0021578 0.0098115 0.0021718 -0.00197 -0.01857 0.023226 0.020787 0.059456 -0.011108 0.1036 0.011724 -0.00033658 0.00043865 0.0021714 0.00086582 -0.086171 0.0008792 0.086171 0.0075326 -0.033128 0.013043 0.10013 0.026099 0.35081 -0.23139 0.56509 0.23476 0.0058614 -0.0015232 0.013481 0.0052665 -0.080272 0.0075746 0.085108 0.011665 -0.036664 0.031196 0.18558 0.051137 0.26998 0.15312 0.3758 0.32542 0.0066723 -0.0023728 0.010338 0.0059453 -0.0083317 -0.00038182 0.010084 0.00080365 0.011734 0.014254 0.063444 0.016896 0.030207 0.01852 0.048964 0.019667 0.00072603 -7.9855e-05 0.0010133 0.00057838
-0.0080031 -0.0083964 0.008117 0.0084177 -0.001185 -0.020556 0.026644 0.024936 0.057725 -0.0065872 0.058165 0.0070864 5.527e-05 -6.9504e-06 0.0001773 0.00022481 -0.01638 -0.010576 0.025374 0.022437 0.011443 -0.053777 0.25924 0.11593 0.4698 -0.019236 0.4698 0.030897 0.00054189 -0.00055612 0.0012212 0.0008326 -0.0042306 -0.0070973 0.039645 0.029294 0.033675 0.052488 0.17106 0.14414 0.44604 0.01183 0.44604 0.027989 0.0011836 -0.00091828 0.0015946 0.0014657 0.004156 -0.0021324 0.0042068 0.0042325 0.011795 0.0019634 0.017532 0.013943 0.060179 -0.0012443 0.060179 0.0027885 0.00018197 -0.00022491 0.00029774 0.00022837
0.0080849 -0.0096734 0.0091265 0.0096734 0.025793 -0.019527 0.027092 0.021513 0.0005906 0.00048968 0.0023698 0.0015958 -0.00015068 0.00025705 0.00025142 0.00025705 0.032468 0.0003021 0.036022 0.018189 0.33274 -0.082614 0.38594 0.42567 0.10988 0.011088 0.11119 0.072097 -0.0026258 0.0024748 0.0028484 0.002495 0.010846 0.00071219 0.043915 0.025649 0.47691 -0.0097861 0.50811 0.098484 0.02998 -0.0039163 0.02998 0.005546 0.00056549 1.1686e-05 0.0024887 0.0013627 -0.011936 0.010617 0.012714 0.010764 0.079748 -0.021972 0.094084 0.032125 0.0036422 -0.0012203 0.0036422 0.0013274 0.00023304 -1.2816e-05 0.00029243 0.00017385
-0.0016189 -6.5559e-05 0.0033868 0.00030022 -0.046612 -0.00381 0.057796 0.0079586 0.014886 0.0084766 0.028397 0.019134 0.0066677 0.0044991 0.0076533 0.0053028 -0.0083077 -0.00028673 0.020417 0.0028187 -0.29237 -0.029439 0.40207 0.061445 0.28336 0.028725 0.43006 0.13513 0.035956 0.017298 0.035956 0.017429 -0.0053159 -0.0078849 0.0079873 0.0091838 -0.23384 -0.07852 0.35728 0.12334 0.33638 0.027836 0.34995 0.06921 0.0086308 0.00065691 0.0086767 0.0048204 -0.0047086 -0.00044826 0.0066686 0.0046587 -0.00021135 0.00074555 0.035767 0.014741 0.042262 -0.0062285 0.064908 0.007981 0.00054661 0.00014937 0.00054661 0.0001896
-0.0067924 0.0051968 0.010104 0.0065317 0.027403 -0.058979 0.06597 0.063861 0.025829 -0.013957 0.047938 0.021384 -7.8575e-05 0.00038749 0.00054937 0.0020765 -0.09309 0.031473 0.09309 0.031495 0.21865 0.14995 0.43957 0.24376 0.1474 0.032931 0.18288 0.15428 -0.0084741 0.0074528 0.015637 0.0081712 -0.080842 0.008559 0.080842 0.012936 0.21078 -0.0082053 0.66488 0.17268 0.021629 0.0097498 0.10964 0.073785 -0.011097 -0.00070372 0.023126 0.0056684 -0.015463 -0.0034931 0.015672 0.0037932 -0.0042976 -0.03193 0.061253 0.044472 0.043392 -0.0072008 0.054166 0.0139 0.00022124 -0.00057672 0.001916 0.001314
-0.0014752 -0.0017215 0.0014752 0.0017215 -0.026022 -0.040253 0.026958 0.040253 0.016305 -0.040454 0.048978 0.040961 -0.00064299 0.00043515 0.00067085 0.00045122 -0.043504 -0.017655 0.046244 0.02817 -0.02407 -0.26908 0.2631 0.30059 0.33863 0.018845 0.39495 0.046317 -0.00016859 -5.5934e-05 0.0025422 0.0014087 -0.0019529 0.0027135 0.010817 0.0080831 -0.014266 0.14399 0.39744 0.26808 0.29102 -0.04286 0.34099 0.11433 0.0027364 -0.001273 0.0033238 0.0018023 0.00014328 -3.4461e-05 0.0014833 0.00083408 -0.044423 0.01628 0.050216 0.023732 0.047715 -0.027634 0.049601 0.028285 0.0020921 -0.0012237 0.0020921 0.0012371
-0.00059666 -0.00021923 0.000599 0.00024349 -0.024048 0.0013244 0.032881 0.01623 0.0047562 0.00085852 0.018257 0.0054243 0.0011317 7.6923e-05 0.0017662 0.0006515 -0.021225 -0.014273 0.021225 0.014273 0.11807 -0.14006 0.62528 0.23153 -0.024502 -0.013903 0.12405 0.03617 0.009967 -0.0026911 0.01445 0.008587 -0.060503 -0.045587 0.063216 0.051823 0.34373 -0.052123 0.56774 0.086487 -0.028212 -0.049959 0.14036 0.062473 -0.001145 -0.0019652 0.0071284 0.0099933 -0.0084947 -0.0025183 0.0084947 0.0053259 0.045665 0.011334 0.05463 0.039272 0.0039613 -0.0031793 0.042637 0.037437 -0.0037717 -0.0017088 0.0039221 0.0017792
-0.00045411 0.0011158 0.0011802 0.0022813 -0.01035 0.054937 0.058609 0.072789 0.021287 0.022736 0.033263 0.04909 -0.0015769 0.0042367 0.0024258 0.012315 0.0011536 -0.013226 0.003911 0.020984 0.11064 -0.0076584 0.56431 0.20099 -0.020663 0.02967 0.03553 0.071986 -0.002279 0.0032913 0.0037643 0.014314 0.0073436 -0.055958 0.012028 0.081511 0.15735 -0.13534 0.48364 0.2358 -0.018939 -0.13507 0.21686 0.39384 -0.033682 -0.038823 0.03784 0.11508 -0.00046218 9.1332e-05 0.00068094 0.0018679 0.015644 -0.065606 0.027752 0.067097 0.026045 -0.072654 0.041165 0.073061 -0.0066322 -0.0084395 0.0081654 0.0093289
0.006651 -0.0029068 0.0083784 0.0031296 0.0015837 -0.00087813 0.0019073 0.0016478 0.0013152 0.00094072 0.0019386 0.0015562 0.00030697 -4.0866e-05 0.00030697 0.00012363 -0.015212 -0.0089066 0.042164 0.013182 -0.042645 -0.26944 0.46974 0.31952 0.25389 -0.0083254 0.26742 0.071647 0.0025509 6.6681e-05 0.0025713 0.00064766 -0.0051089 -0.040241 0.022702 0.040241 0.3056 0.015725 0.53436 0.19801 0.092992 0.0048407 0.10518 0.061157 0.0011761 -0.00057945 0.0015255 0.0026325 0.00080093 0.00041495 0.00087124 0.00060852 0.050649 -0.024448 0.076562 0.039985 0.027772 -0.023262 0.028028 0.029251 7.1039e-05 0.00017296 0.00070896 0.00086423
7.356e-06 -0.00028797 0.0023384 0.0011885 0.024 -0.07862 0.040265 0.078721 0.066232 -0.033539 0.068184 0.037564 0.00055596 -0.00025451 0.00056699 0.00027873 -0.044776 0.018341 0.053416 0.021978 0.2158 0.078669 0.21935 0.10533 0.21202 -0.12332 0.5003 0.39558 0.020468 -0.041584 0.034786 0.078371 -0.085871 0.024466 0.092758 0.072534 0.17214 -0.042652 0.19727 0.10127 0.19962 0.0023356 0.30981 0.34488 0.052921 0.035858 0.078044 0.055831 -0.004462 0.003808 0.0067608 0.0038933 -0.025165 0.020319 0.047383 0.031264 0.044253 -0.015186 0.047564 0.016998 0.0079306 -0.00059133 0.0079306 0.00070758
0.00061159 -0.0010364 0.006216 0.0011671 0.069637 -0.017911 0.08672 0.020293 -0.0052409 0.0098731 0.039495 0.017563 -0.0011817 6.3154e-05 0.0069669 0.000812 -0.013218 0.0052957 0.029816 0.0072762 0.47175 0.058296 0.53922 0.18295 0.017856 -0.0071377 0.17457 0.029921 -0.011201 0.0018682 0.028846 0.0045952 -0.020882 0.012279 0.037439 0.015631 0.36762 -0.02647 0.44812 0.06473 0.087684 -0.023672 0.18665 0.036108 -0.024617 -0.00034568 0.043324 0.0054671 -0.0066004 -0.0036649 0.0072538 0.0039463 0.068674 -0.00031604 0.071329 0.008443 0.002115 -0.0024774 0.026771 0.0050507 -0.002176 -0.00023553 0.0047958 0.00075689
0.00059946 -0.00051476 0.0026963 0.00079709 0.0029413 0.017828 0.015483 0.018996 0.018968 0.010557 0.044549 0.022237 -0.0015032 0.0056531 0.0043896 0.0069274 0.012351 0.0014802 0.023062 0.0044358 0.28024 0.00050185 0.40371 0.074305 -0.078771 0.093784 0.55161 0.11613 -0.022426 -0.00025702 0.034072 0.003703 -0.0067265 -0.004264 0.01767 0.0074239 0.26643 -0.018845 0.38534 0.083963 0.032385 0.092473 0.39237 0.13167 -0.021784 0.0022898 0.027427 0.005106 -0.0023794 0.00010383 0.0026649 0.00081562 0.021911 -0.00040079 0.034759 0.0086224 0.030805 -0.0021489 0.039309 0.0090302 -0.0017338 6.1687e-05 0.0027714 0.0002885
0.0027148 0.0085287 0.0053388 0.0093846 0.037363 0.010023 0.043154 0.024526 0.055623 0.023815 0.055768 0.024518 0.0002129 -1.6646e-06 0.000303 0.00018992 0.022775 0.00050369 0.062743 0.029675 0.4081 0.15471 0.50819 0.15471 0.036183 0.0052365 0.036183 0.012114 0.0019647 -7.7692e-05 0.0025445 0.0015116 0.06694 -0.019655 0.070909 0.020519 0.34758 -0.054842 0.56007 0.1957 0.065646 -0.0078915 0.065825 0.034952 0.0038034 -0.0011335 0.0041875 0.0019954 0.0051312 -0.0011983 0.0058978 0.0019369 0.061676 -0.004789 0.086387 0.013219 0.0046369 0.00029622 0.0051075 0.00144 0.00057748 7.7038e-05 0.00063317 0.00021357
-0.0010657 0.0018845 0.0011172 0.002315 0.015855 -0.0070906 0.016359 0.020668 0.042943 0.011846 0.051515 0.054102 0.0038861 0.010672 0.0097993 0.012079 0.0054353 0.013335 0.0075847 0.039968 -0.013581 0.066209 0.11068 0.29335 0.40243 0.045207 0.41871 0.16786 0.01489 0.0039752 0.01489 0.0069767 -0.039681 0.024436 0.057678 0.062075 0.0051748 -0.017605 0.24992 0.13626 0.43271 -0.0023535 0.47158 0.057358 0.011853 0.0023322 0.011853 0.0025875 -0.0041452 0.0046344 0.0041762 0.004652 -0.034978 0.042229 0.0401 0.044561 0.058207 0.0084433 0.062266 0.019291 0.0020046 0.00047039 0.0020142 0.00048192
-0.020766 0.0020485 0.020769 0.003295 0.038219 0.012754 0.048601 0.023893 0.026063 0.0025521 0.050172 0.0098497 -0.00018704 -0.00051125 0.0040791 0.00099451 -0.048021 0.015485 0.048611 0.02205 0.052886 0.23962 0.42992 0.30041 0.06536 -0.00034871 0.37659 0.14528 -0.0032763 0.0036707 0.026071 0.0082826 -0.0026513 0.00013023 0.0026513 0.00096381 -0.16468 0.063075 0.41324 0.16413 0.079365 -0.020413 0.46562 0.14538 0.0017758 0.0007699 0.016051 0.0032318 -0.0011003 -0.00047151 0.0011003 0.00052252 -0.023204 -0.031489 0.052802 0.035443 0.012768 0.00064527 0.053558 0.013669 0.002646 -0.00090428 0.0057104 0.0012815
-0.0014209 -0.0011609 0.0025109 0.0015702 0.029544 0.011819 0.029963 0.012183 0.051599 0.014822 0.058574 0.019707 0.0041374 0.0032541 0.0082246 0.0036961 -0.0011125 -0.00097073 0.0033554 0.001638 0.36776 0.069704 0.36776 0.072673 0.20745 -0.029393 0.3315 0.15088 0.024292 0.0094665 0.025046 0.009961 -0.0011448 0.0017998 0.0027201 0.0037908 0.27646 -0.10292 0.27728 0.22206 0.26955 0.0032205 0.34542 0.31638 0.028104 -0.010221 0.040221 0.075612 0.0021608 0.0071647 0.0022849 0.0078051 0.0083173 0.029312 0.031553 0.0794 0.071243 0.0050321 0.071243 0.020746 0.00014319 0.00024031 0.00029225 0.00034663
-8.9724e-05 0.00078914 0.0039823 0.0015809 0.056764 0.0010542 0.058924 0.0039426 0.0034884 0.0013874 0.0038077 0.0015096 -0.00033713 -0.00016641 0.00046047 0.00025154 0.0029545 0.016446 0.022593 0.026311 0.47244 -0.050575 0.51332 0.22925 0.023761 0.010222 0.024044 0.012533 -0.0053316 -5.3741e-05 0.0053316 0.0013513 0.023065 0.0055327 0.029495 0.011042 0.32906 0.15147 0.40711 0.37343 0.058665 0.0033022 0.065788 0.042749 -0.0037511 0.00065443 0.0037511 0.00091222 0.011038 0.0069712 0.011732 0.0070339 0.012757 0.0095701 0.012757 0.0095701 -2.5885e-05 0.00081428 0.0029921 0.0011253 -0.00010785 0.00025813 0.00012122 0.00027495
-0.00030667 -0.00036432 0.00078053 0.0017103 -0.0035602 -0.0040145 0.008574 0.016386 0.0032556 0.0011566 0.0094381 0.0073988 -0.00034681 0.00033252 0.00097541 0.0011225 0.0054549 -0.014432 0.023609 0.087516 0.18362 -0.034877 0.21936 0.40072 0.028196 0.09279 0.045486 0.43203 0.0025235 0.0097174 0.0033869 0.051866 0.013541 -0.01054 0.036622 0.035784 0.27898 0.060165 0.48431 0.33195 -0.022227 0.0040562 0.051175 0.24663 0.002178 0.0011195 0.0062219 0.042192 -0.00025461 -0.0020384 0.0057834 0.0054169 0.018791 -0.10889 0.020623 0.1091 -0.0019338 -0.1088 0.019845 0.1195 0.0022485 -0.012544 0.002271 0.016749
-0.0015125 0.0012614 0.0016415 0.001566 -0.0071489 0.00092778 0.01625 0.0038892 0.046135 -0.040843 0.063097 0.040936 -0.00065124 -0.0083599 0.0046272 0.0091783 -0.018189 -0.01994 0.018674 0.021404 0.041033 0.014415 0.10462 0.073142 0.32513 0.078355 0.47116 0.31117 0.0047828 0.016529 0.012504 0.020776 -0.0095098 0.0063543 0.0097557 0.011513 0.027339 -0.023763 0.058495 0.042613 0.29442 -0.020393 0.6309 0.17709 0.055441 -0.045555 0.057267 0.045781 -0.0073988 0.0029059 0.0076346 0.0029095 0.0073681 0.002356 0.01009 0.0032757 -0.0027041 -0.042308 0.028998 0.04267 0.0056659 -0.0016136 0.0057468 0.0016444
-0.00051888 0.0013511 0.00071407 0.0023021 0.053778 0.0057443 0.054822 0.0090965 0.0005059 -7.8247e-06 0.0005059 7.8247e-06 0 0 0 0 -0.00095807 -0.0039363 0.0035448 0.025511 0.35923 0.0034801 0.36305 0.16536 0.0035567 0 0.0035567 0 0 0 0 0 0.030805 -0.045768 0.035589 0.068292 0.46677 -0.030716 0.53471 0.43272 0.00142 0.00044483 0.00142 0.00044483 0 0 0 0 0.0052396 0.0073667 0.0058937 0.0096183 0.042811 0.010156 0.042811 0.011297 0.00019685 -7.0891e-05 0.00019685 7.0891e-05 0 0 0 0
-0.0011635 0.0020777 0.0030585 0.002614 0.025126 -0.01682 0.029248 0.018483 0.007261 0.02188 0.051247 0.065391 0.0044495 -0.001616 0.0049006 0.0025306 3.1108e-05 0.0022473 0.034694 0.015428 -0.046981 0.033386 0.12255 0.060275 0.19336 -0.059465 0.36138 0.30568 0.042262 0.015056 0.053256 0.035163 -0.045874 0.029686 0.050738 0.031514 -0.082873 0.046823 0.18234 0.090722 0.33161 0.075404 0.64292 0.31622 -0.01313 0.0031419 0.029929 0.01003 -0.0032396 0.00062672 0.0064023 0.0023843 -0.023743 0.010495 0.027687 0.014759 0.038077 -0.016108 0.064053 0.033185 0.00091781 0.00072271 0.0041474 0.0012353
0.00083172 -0.0029069 0.0024045 0.0032552 0.039618 -0.018523 0.039618 0.035764 0.023032 -0.015625 0.046852 0.021338 -8.0201e-05 -0.004799 0.00067432 0.0048946 0.014993 0.014728 0.071981 0.029352 -0.10715 -0.26822 0.35612 0.33112 0.19235 -0.18394 0.3364 0.25743 -0.0037443 -0.023755 0.012591 0.026241 -0.049166 -0.022689 0.070236 0.03737 -0.025515 -0.057212 0.037873 0.068536 0.36232 0.039318 0.49628 0.073212 -0.0027818 0.0007722 0.021367 0.015564 -0.0018253 -0.00026816 0.0028225 0.00080295 0.00048792 -0.0013469 0.0012861 0.0014511 0.051039 -0.0026023 0.0807 0.0034509 -0.00079666 -0.00091102 0.0026282 0.0024716
0.0044626 6.9883e-05 0.0046559 0.00034734 0.039911 0.00043293 0.058606 0.0051421 0.02985 0.0033785 0.060244 0.0094647 0.00032562 0.00012406 0.00038804 0.00013142 0.028019 -0.002035 0.02962 0.0057102 0.3006 0.024184 0.41613 0.059312 0.20671 0.021022 0.41847 0.045499 0.0023594 0.00047103 0.0023594 0.0009749 0.025051 0.0014285 0.029106 0.0042945 0.32155 -0.050185 0.40589 0.06045 0.21676 -0.0018492 0.40656 0.038026 0.0020043 0.00078855 0.0024477 0.00078855 -0.005366 0.0037548 0.0094479 0.0058921 0.036842 -0.011573 0.041147 0.011863 0.038355 -0.028654 0.062242 0.037059 0.0010784 1.6181e-05 0.0010789 0.00054813
0.00022328 0.00037463 0.0035548 0.00094365 0.056074 0.0028129 0.060692 0.004797 0.0035082 0.0010305 0.0035082 0.0011261 -0.00029134 1.248e-05 0.00045834 0.00016108 -0.0042434 0.0033587 0.019288 0.014378 0.46991 -0.020933 0.46991 0.27865 0.024145 0.010382 0.024344 0.011246 -0.004294 0.00031841 0.0043441 0.001784 0.024253 0.017355 0.028331 0.022585 0.36669 0.054822 0.46317 0.32676 0.049492 0.00093285 0.052587 0.047844 -0.004017 3.4462e-05 0.0042117 0.001408 0.0062307 0.0034988 0.0074267 0.0036638 0.025967 0.025863 0.025967 0.025863 0.00063235 0.0016041 0.002847 0.0018516 -0.00018638 0.00015662 0.00021836 0.00015757
-3.988e-05 -0.00014549 3.988e-05 0.00014549 -0.00075268 -0.0017754 0.0028846 0.0029235 -0.022821 -0.009945 0.03417 0.021164 -0.002973 0.0027679 0.004801 0.0053644 -0.050232 -0.093314 0.051288 0.094846 0.15793 -0.29282 0.30638 0.31562 -0.043151 -0.024226 0.090148 0.09207 -0.015052 -0.018294 0.040765 0.049889 -0.008825 -0.015551 0.014389 0.018366 0.30828 0.013061 0.58519 0.21074 0.0050219 -0.081921 0.22726 0.29422 0.014421 0.025117 0.045244 0.029573 0.0041436 0.0031151 0.0049591 0.0031603 0.047344 0.0051803 0.080066 0.036577 0.0072752 0.00093861 0.058811 0.040336 -0.0022043 -0.0018215 0.0031946 0.0025807
-0.0020267 0.0011867 0.0024199 0.0020918 0.0091475 -0.0029641 0.015743 0.0094419 0.063373 0.0011041 0.077702 0.011854 0.00011685 -0.0003983 0.0011915 0.00049926 0.021872 -0.015851 0.022262 0.01726 -0.017915 -0.048487 0.045603 0.10188 0.48702 -0.018615 0.51237 0.088642 0.0014128 -0.0007241 0.0024764 0.0044283 0.01629 0.026204 0.022558 0.026946 -0.0057231 0.11943 0.053868 0.12144 0.43874 0.017638 0.4641 0.1342 0.0017587 -0.00067574 0.002565 0.0028025 -0.0042947 0.0045782 0.0049359 0.0050098 -0.0053968 0.0061708 0.008395 0.010592 0.04366 -0.0031859 0.043802 0.015291 0.00066526 -0.00042469 0.0010921 0.00057395
-0.0081694 0.0013369 0.0082376 0.0013369 0.067045 -0.015276 0.090346 0.016909 -0.0059441 -0.0015513 0.029791 0.0062561 0.0015658 -0.00033018 0.0031733 0.000636 -0.066852 0.0039988 0.068039 0.037667 0.30048 0.053042 0.49112 0.16287 0.062917 -0.020471 0.31459 0.061588 0.011043 -0.0018428 0.01634 0.006412 -0.042326 0.057348 0.046146 0.057984 -0.020817 0.097444 0.46372 0.28959 0.19009 -0.0050017 0.3539 0.13719 0.0011872 0.0022347 0.01443 0.0051453 -0.00016299 2.986e-05 0.00020664 0.00012173 -0.018637 0.024404 0.041271 0.032351 0.012827 0.0020728 0.054608 0.0077918 0.00084554 2.1606e-05 0.002818 0.00076415
0.0074042 -0.00029454 0.0074042 0.0015044 0.04747 0.011157 0.080532 0.016094 0.0039823 0.0011005 0.0060417 0.0028491 0.00035508 -6.1247e-06 0.00037604 6.2716e-05 0.066922 -0.0046345 0.06736 0.0097322 0.33003 0.048199 0.58971 0.062944 0.017892 0.01096 0.023422 0.014366 0.0023053 0.00059453 0.0023829 0.00059453 0.068372 -0.0044643 0.068372 0.0061952 0.32361 -0.040283 0.60789 0.14593 0.018496 0.0046505 0.027781 0.025386 0.0016251 0.00075011 0.002268 0.001656 0.008451 0.0013315 0.008451 0.0013625 0.046664 0.0017753 0.079617 0.017947 0.0028384 -0.0011889 0.0050203 0.0033473 0.00031467 -3.0461e-05 0.00040357 0.00020092
-0.0062601 -0.0014822 0.0063465 0.0020804 -0.021835 0.021857 0.085805 0.05509 0.036834 0.0087304 0.061644 0.016312 0.0010396 0.00010098 0.0028605 0.00095071 -0.045989 -0.0041223 0.046328 0.0094581 -0.21189 0.0086478 0.29617 0.15096 0.25205 -0.033769 0.46067 0.12358 0.011637 0.0017151 0.022035 0.0042224 0.016569 -0.076825 0.079224 0.080965 -0.15148 -0.060208 0.38976 0.19569 0.22631 0.019681 0.4682 0.055224 0.010655 -0.0012733 0.023795 0.0041268 -0.0020237 -0.0021199 0.004831 0.0024408 0.030543 -0.032381 0.097747 0.036793 0.032208 -0.0032994 0.077148 0.010814 0.0010641 -0.00027625 0.0032492 0.00076988
-0.0036325 0.0019657 0.0060778 0.0049265 0.093223 -0.033816 0.09423 0.03395 0.0024239 -0.00054157 0.0024239 0.00089853 0.00032385 -0.00013924 0.00033514 0.00017239 -0.013727 0.034007 0.059679 0.049823 0.40703 0.31418 0.62251 0.43175 0.015519 -0.0011074 0.015519 0.0082468 0.0012171 -0.00022786 0.0016436 0.0010099 -0.029164 0.015706 0.041003 0.028998 0.12914 -0.076894 0.21485 0.145 0.1049 -0.050193 0.10522 0.055568 0.001315 -0.0014248 0.001315 0.0017941 0.0021044 -0.0012126 0.003906 0.002061 -0.023685 -0.011733 0.039272 0.05759 0.032282 -0.041068 0.049226 0.043987 0.0033397 -0.0033991 0.0034016 0.0034748
-0.0016271 -0.001228 0.0043622 0.0015197 0.043719 0.021513 0.057236 0.022003 0.03537 0.0075311 0.035549 0.0078114 0.0007539 0.00031126 0.00077323 0.00031126 0.00097683 0.00075661 0.021241 0.0060013 0.44105 0.066227 0.529 0.078979 0.038286 0.019502 0.039004 0.019999 0.0031665 0.0016017 0.0036231 0.0019321 0.010736 -0.0016879 0.016289 0.0057983 0.42098 -0.062295 0.46747 0.27428 0.083555 0.0069085 0.084272 0.043846 0.0015972 0.00091758 0.0033777 0.0013897 0.0034959 0.0066207 0.0038661 0.0075962 0.064179 -0.0029674 0.074241 0.027955 0.0031324 0.0015578 0.0031324 0.0020494 -8.92e-05 0.00018524 0.00031259 0.00029973
0.00030733 -0.0032986 0.0028221 0.0032986 -0.00045667 -0.019952 0.011867 0.019952 0.07086 -0.0034838 0.084257 0.0034838 0 0 0 0 -0.0056667 0.002196 0.0069842 0.022695 -0.0026262 0.009023 0.043673 0.091475 0.48676 0.0093321 0.48676 0.043528 0 0 0 0 -0.0021145 0.0020334 0.0039835 0.018422 0.0033544 0.012525 0.024317 0.18642 0.47149 0.00049536 0.47149 0.093658 0 0 0 0 0.0011375 -0.0027948 0.0016221 0.0074483 0.0030248 0.011041 0.0087425 0.039062 0.065854 0.0055205 0.066443 0.015644 0 0 0 0
-0.00036562 -0.00019014 0.00036942 0.00019154 -0.064238 -0.023811 0.064238 0.023872 0.045565 0.0015195 0.056411 0.01588 -0.00077733 -0.00018208 0.0015219 0.0004917 -0.021478 -0.025809 0.031458 0.025809 -0.32214 -0.13827 0.3413 0.15487 0.38975 -0.026233 0.41271 0.085056 -0.0094507 -0.0022333 0.013622 0.0055251 -0.050061 -0.011021 0.062068 0.040756 -0.15153 -0.071185 0.19056 0.11005 0.36205 0.0059645 0.37772 0.1471 -0.0096867 -0.017289 0.028328 0.025631 -0.0092399 0.00021728 0.0092399 0.0043106 0.0097903 0.0050379 0.030406 0.011267 0.034803 0.0031364 0.056482 0.027312 -0.0018169 0.0031542 0.0069594 0.0045804
-0.00015931 6.413e-05 0.0011196 0.00061953 0.00056706 -0.0009152 0.0026923 0.0015837 0.074389 -0.0027689 0.086244 0.0051863 -0.0026183 1.2922e-05 0.0095818 0.00075877 -0.0053135 -0.00093673 0.0069642 0.0012995 0.006802 -0.0047223 0.01813 0.010041 0.18966 -0.22425 0.57934 0.27032 0.0099376 -0.039947 0.032452 0.046199 -0.0054737 0.00070712 0.0065135 0.001398 0.012474 0.017752 0.0288 0.018918 0.21264 0.23445 0.5437 0.26051 0.0083525 0.041713 0.033913 0.053948 -0.0010209 -5.6277e-05 0.0010423 0.00021081 0.0053236 0.0084811 0.024093 0.019165 0.03015 -0.041318 0.088214 0.058529 0.00073757 -0.0097052 0.0053087 0.014141
-0.00088903 0.00026705 0.0039287 0.0010664 0.046415 -0.0037984 0.046415 0.0071829 -0.0029003 0.0023871 0.040704 0.01202 0.0094714 0.0018474 0.0095845 0.002561 -0.005485 -0.0010972 0.027586 0.007333 0.34175 0.015841 0.34175 0.050555 0.089888 0.043465 0.33035 0.062556 0.013639 0.0056222 0.014368 0.0057246 -0.020611 0.002505 0.044206 0.005476 0.39785 -0.076455 0.39978 0.14198 0.14263 0.022884 0.49893 0.070729 0.0032612 0.00059603 0.0034181 0.0020522 -0.0038997 -0.00024431 0.0069584 0.00059404 0.060831 -0.0018965 0.060925 0.0035297 0.023633 -0.0024677 0.0574 0.013151 0.00032919 3.8522e-05 0.00041622 0.00027127
0.0023975 -0.00073075 0.0036022 0.0011681 -0.014591 0.0011226 0.014837 0.0030345 0.0021659 0.010178 0.0062932 0.011869 0.0050268 0.00049403 0.0057174 0.0015336 0.021037 0.00062038 0.031019 0.0079997 -0.10443 0.013692 0.12048 0.021492 0.20947 0.062759 0.63681 0.17971 0.021261 0.004862 0.041705 0.01429 -0.006937 0.00060485 0.011976 0.0062012 -0.097215 0.017649 0.19314 0.035305 0.3866 0.050832 0.4871 0.14401 -0.058 0.026037 0.10692 0.028412 -0.0032747 -0.00044079 0.0032747 0.00089769 -0.0098467 -0.0030354 0.026493 0.006104 0.061321 -0.0095061 0.061366 0.010886 -0.0045971 0.0038307 0.0082001 0.0039644
-0.0057751 0.0028492 0.0062005 0.0031119 0.033111 0.005427 0.11218 0.048905 -0.0069876 -0.0018711 0.043236 0.0079047 0.0017265 0.00025764 0.002399 0.0010364 -0.031056 0.011452 0.055648 0.028412 0.2475 0.11174 0.44458 0.42959 -0.10338 0.0095879 0.30848 0.033071 -0.0012728 0.0039246 0.01975 0.0061317 -0.0058144 0.0028406 0.025991 0.015209 0.13874 -0.10834 0.48123 0.18306 -0.06837 -0.014512 0.3094 0.046002 -0.0032434 -0.00077723 0.027364 0.0043809 -0.0018129 -0.004109 0.010229 0.0049282 0.029899 0.012377 0.081737 0.050662 -0.012598 -0.0011057 0.046623 0.0065117 -0.00012465 0.00033368 0.0057931 0.00095826
-0.00010238 -6.0921e-05 0.00033747 0.00020457 0.0089473 -0.012918 0.013026 0.018023 0.0093279 0.0024826 0.039881 0.032496 -0.00050099 -0.00073867 0.0026473 0.0037789 0.0055171 0.0035533 0.0094495 0.0036533 -0.052539 0.12135 0.15294 0.12451 0.29371 0.065267 0.47054 0.13997 0.0037929 0.023927 0.018238 0.035472 0.011222 0.00098963 0.01786 0.005713 -0.17127 0.10472 0.47916 0.14306 0.34666 -0.016362 0.42287 0.065149 -0.0090552 -0.0023295 0.021927 0.0062464 0.0018682 -0.0011498 0.0034456 0.0017475 -0.016119 0.0069795 0.065055 0.030066 0.033814 0.0024274 0.066638 0.015852 -0.0019889 0.0006352 0.0031282 0.00094438
-0.0070744 -0.0016057 0.0075466 0.0028692 0.040113 -0.010232 0.074518 0.026687 -0.0010892 0.0086684 0.0064414 0.020864 -0.00038918 0.0012725 0.0013487 0.0026305 -0.047356 -0.057938 0.050196 0.085458 0.34063 -0.037277 0.47678 0.20895 0.0089625 -0.023846 0.061378 0.13245 0.0026083 -0.0036406 0.0061694 0.019916 -0.007662 -0.0096162 0.031507 0.029024 0.43201 -0.014956 0.53805 0.20121 0.025224 -0.073681 0.07529 0.15153 0.010631 -0.0049181 0.011496 0.016815 -0.0065832 0.0167 0.0069785 0.017386 0.034062 0.0072244 0.045168 0.066327 0.0009417 0.0087868 0.016294 0.048377 0.00089264 -0.00060706 0.001504 0.0048866
-0.0029974 -2.691e-05 0.0029974 0.00063356 0.009572 -0.0034563 0.022025 0.004772 0.054056 -0.0065371 0.073045 0.0090208 0.0018882 -9.9209e-05 0.0025927 0.00073856 -0.020166 -0.0030518 0.020192 0.0044708 0.04125 -0.020642 0.061214 0.026791 0.39749 -0.015386 0.50422 0.086222 0.025411 0.00097352 0.032324 0.0031835 -0.015983 -0.00080325 0.016112 0.0021832 0.020537 0.0009067 0.044104 0.0098964 0.43767 0.02927 0.58943 0.09186 0.0045178 0.0016178 0.008125 0.0050738 -0.0011069 -0.00071979 0.0016069 0.00082259 0.0020439 0.0076635 0.01145 0.0097999 0.053512 -0.027232 0.071232 0.039152 0.00016097 -0.0032185 0.0035654 0.0049153
0.0030179 0.00036824 0.0049709 0.00088728 0.055482 0.0086579 0.066996 0.010448 0.01704 0.0056473 0.017045 0.0056473 0.00012024 0.00038804 0.00027076 0.00039737 -0.0063448 -0.00071605 0.027555 0.0050478 0.46519 0.056348 0.50862 0.080318 0.026094 0.011274 0.026094 0.012612 -0.00053394 0.00027532 0.0015988 0.00076891 -0.027288 0.0022288 0.034804 0.021121 0.47079 -0.059485 0.47079 0.18892 0.058166 0.0091471 0.058422 0.029959 -0.0037191 0.00010283 0.0040769 0.0012202 0.0025115 0.0031375 0.0054954 0.004037 0.064301 0.0021358 0.07526 0.041498 0.0038189 5.9782e-05 0.0048389 0.0040769 -0.00064455 -0.00012865 0.00065687 0.00022276
-0.00030035 -0.00031005 0.0034212 0.00053458 0.051439 -0.005682 0.051852 0.0078105 0.019004 0.0019855 0.058054 0.013603 0.00014823 -8.2502e-05 0.00025046 0.0002283 -0.0033448 -0.0013569 0.024255 0.0021444 0.39632 0.019682 0.39632 0.037088 0.10155 0.026264 0.35933 0.062631 0.00045502 0.00052302 0.0020026 0.00074741 -0.005392 -0.0019313 0.019065 0.0065252 0.43764 -0.031591 0.44458 0.1029 0.063173 -0.0065028 0.33478 0.044717 0.00087234 2.9305e-05 0.0020116 0.0010365 -0.0010908 2.262e-05 0.0025578 0.00017671 0.060325 -0.014412 0.060325 0.014502 0.022238 -0.0020153 0.049907 0.007762 6.2483e-05 -8.2086e-07 0.00020541 8.1782e-05
0.0032676 -0.0017176 0.0058394 0.0040837 0.0413 -0.028955 0.041354 0.029044 -0.0020116 0.0023 0.0025197 0.0023 0.00015716 0.0003548 0.00015762 0.00035847 -0.070608 0.037887 0.083094 0.051342 0.45803 -0.016981 0.48945 0.18851 0.023791 0.010355 0.041792 0.023168 -0.00024389 0.0011039 0.00061332 0.0012925 -0.0022606 0.0076679 0.021013 0.01194 0.26766 0.10187 0.60581 0.19216 0.020238 -0.00057811 0.029449 0.0061714 -0.0012415 0.0008576 0.0012415 0.0008576 0.0011731 0.00015917 0.002606 0.00054825 0.010037 -0.018081 0.036804 0.023818 0.013436 -0.005718 0.01371 0.0059863 -8.2058e-05 0.00012113 8.2058e-05 0.00012113
-0.00052022 0.0078059 0.007282 0.0087365 0.041871 0.0040166 0.09991 0.014401 -0.0050926 0.0060115 0.045706 0.011024 -0.0020604 -0.00022047 0.0027561 0.001327 -0.072591 0.017794 0.073557 0.025394 0.23382 -0.0010218 0.65007 0.26802 -0.049695 0.01439 0.19202 0.051823 -0.0040759 0.0010768 0.021429 0.0082784 -0.045866 0.0038068 0.046004 0.011954 0.12807 0.035 0.35021 0.30115 -0.056633 -0.0062362 0.35112 0.044942 0.0058718 -0.0010171 0.031899 0.0079034 0.0074818 -0.022307 0.020868 0.022307 0.035775 -0.023807 0.092377 0.040792 -0.014761 -0.00098904 0.056966 0.0040062 0.00124 -0.00059572 0.0044865 0.0010834
-0.00047793 -5.1301e-05 0.00067364 0.0002171 0.00038337 -0.00072123 0.0028295 0.0011531 0.022186 -0.0383 0.099601 0.042972 0.00076897 -0.0023555 0.0030152 0.0045999 -0.0055242 0.0012091 0.0063395 0.0018395 0.010104 0.010901 0.021976 0.014444 0.29317 0.18376 0.54818 0.21991 -0.0027376 0.056663 0.029941 0.071364 -0.0094864 0.0007942 0.01021 0.0023883 0.056351 0.030129 0.12649 0.11048 0.21688 -0.16005 0.53414 0.31043 -0.0072898 -0.040074 0.032389 0.094605 -0.0017983 0.00034962 0.0018065 0.00056281 0.0015387 0.00043071 0.0089704 0.014645 0.030038 0.015813 0.076968 0.038237 0.0019956 -0.0010057 0.0054506 0.010266
0.00068991 -0.0027109 0.0023863 0.0030184 -0.023577 0.017648 0.029199 0.025792 0.071773 0.025087 0.080091 0.025193 0.00064214 -0.00010261 0.00070964 0.00072358 -0.0085673 0.0077723 0.015166 0.0099815 0.075477 -0.047008 0.088344 0.07519 0.37237 0.022227 0.54183 0.15516 0.0035591 -0.0011242 0.0045365 0.0035087 0.0026309 -0.0060292 0.014326 0.013637 0.0054371 0.027535 0.068802 0.067984 0.45914 0.033368 0.51683 0.065998 0.0028952 -0.00038651 0.003364 0.0032382 0.0020948 0.0017564 0.0024223 0.0023643 -0.0023354 -0.0047942 0.0074199 0.024394 0.074973 0.0041294 0.075122 0.0097178 5.9004e-05 -0.00016457 0.00038401 0.00033982
-0.0041623 0.0035522 0.00668 0.0036804 0.072432 0.044546 0.075844 0.058075 0.0051215 0.0027772 0.027692 0.013452 -0.0020506 0.00071209 0.0020708 0.001036 -0.017726 -0.017188 0.082909 0.084788 0.38805 0.025699 0.54198 0.17772 -0.086583 0.018027 0.28438 0.15987 0.0039656 -0.0017391 0.0156 0.0072495 -0.012253 0.0047222 0.025013 0.025727 0.34464 0.014059 0.38999 0.14823 0.0023888 0.033798 0.25146 0.079332 0.020134 -0.0037057 0.02735 0.0069218 -0.0034501 0.0025752 0.0036769 0.0034352 0.054678 -0.0057857 0.073212 0.02087 -0.0061518 -0.0011868 0.035941 0.011822 -0.0021226 0.00038281 0.0048657 0.0012753
-0.00043723 -0.00064672 0.0022109 0.000763 0.0056155 -0.0012837 0.10507 0.0038188 0.014415 -0.0044944 0.018411 0.0065134 -0.000739 0.000131 0.0063001 0.00096449 -0.0007489 0.00052667 0.0115 0.0036016 0.13199 0.0054993 0.69039 0.028019 -0.0077801 0.031518 0.10212 0.049675 0.0051175 0.0032276 0.028467 0.010548 0.00060024 -0.001071 0.023358 0.0081032 0.15308 -0.010608 0.65742 0.04024 -0.021134 -0.032402 0.080832 0.049843 0.010851 0.0010737 0.0203 0.0050691 -0.0021503 -0.00075805 0.0032099 0.001115 0.014887 0.00078226 0.093876 0.0066485 0.0029275 -0.0023568 0.0089084 0.0076625 0.0016732 0.00044762 0.0039008 0.00080985
-0.0094658 0.0013621 0.012363 0.001854 0.055801 0.0076576 0.073667 0.011367 0.0028945 -0.0020112 0.031706 0.0048976 0.0016792 -1.2605e-05 0.0043167 0.00047006 -0.030279 -0.045074 0.05671 0.05075 0.38922 -0.023799 0.50007 0.10965 -0.0031154 -0.011539 0.17823 0.026472 0.02154 0.00108 0.039553 0.0026305 -0.0087611 0.0020011 0.015302 0.0039112 0.46927 0.010868 0.52313 0.069686 -0.026467 0.0091003 0.12417 0.019343 0.021223 -0.00028549 0.03553 0.0025367 0.0006768 0.0046868 0.0059216 0.0051021 0.041368 0.046596 0.08365 0.060467 -0.0043286 -0.0030691 0.015092 0.0060247 0.0036002 -0.00016728 0.0049489 0.00035229
0.0053889 0.00069018 0.0057446 0.0018864 0.018441 0.0017451 0.020371 0.013949 0.012416 0.052372 0.070209 0.13061 -0.0031977 0.0066444 0.012986 0.020756 0.018942 -0.0054317 0.023874 0.0072945 0.17737 -0.0047761 0.17808 0.08691 0.16868 -0.078226 0.46648 0.34869 0.040751 0.019614 0.049263 0.032099 -0.014802 0.0089305 0.020546 0.010306 0.23106 -0.083376 0.23106 0.086462 0.32292 0.10309 0.48066 0.20422 0.004175 0.00011448 0.004175 0.0022873 -0.010579 0.0061435 0.011919 0.0069002 0.027899 -0.0075534 0.029679 0.010025 0.07191 0.0025164 0.072747 0.0081641 0.0005722 0.00026329 0.00057891 0.00049984
-0.0027338 -0.0023748 0.0028832 0.0028956 0.0061081 -0.00034945 0.010573 0.0034898 0.042312 0.013021 0.080687 0.072219 0.0060398 0.003843 0.0066439 0.0055673 0.00095285 -0.0034429 0.0034003 0.0037259 0.029992 -0.0092868 0.11113 0.087421 0.40257 -0.041278 0.44795 0.19194 -0.02762 -0.013695 0.05294 0.022973 -0.0022931 0.0024195 0.0035466 0.0032631 0.064479 0.0083964 0.074685 0.014578 0.42876 -0.006473 0.55311 0.19136 -0.082675 -0.021408 0.10128 0.03391 -0.0026136 0.00099682 0.0026136 0.0010151 0.017992 0.0010961 0.018282 0.0025051 -0.0031356 -0.030005 0.036579 0.034976 -0.0039379 -0.005521 0.0041613 0.0056228
-0.0011233 0.00058786 0.0022921 0.00088702 0.003806 -0.0051535 0.0071696 0.01444 0.059996 -0.0015531 0.1325 0.051799 0.022029 -0.021024 0.022101 0.021663 -0.061791 0.033552 0.077949 0.04771 0.29952 0.13751 0.30395 0.16301 0.11454 0.066288 0.4145 0.28252 0.091275 0.078283 0.128 0.20284 -0.081664 -0.00022146 0.099946 0.057792 0.29406 -0.12094 0.32491 0.14569 0.14088 -0.091756 0.17282 0.19304 0.068716 -0.068636 0.138 0.095113 -0.024657 0.014532 0.027319 0.01517 -0.012059 0.011367 0.029726 0.020108 0.054309 -0.030042 0.054309 0.030042 0.0041028 -0.00034102 0.0075338 0.0041599
0.006667 -0.00032985 0.0067616 0.0025993 -0.024614 0.015931 0.027591 0.020676 0.062118 -0.018422 0.064612 0.041867 0.0013294 -0.00052633 0.0013346 0.00081945 0.057753 -0.0092499 0.057753 0.01414 -0.16794 0.033101 0.2319 0.075458 0.45735 0.057807 0.46747 0.12381 0.0011371 0.00083777 0.0050165 0.0041391 0.044793 -0.0077342 0.044793 0.0091229 -0.061135 0.039059 0.22792 0.10971 0.38333 0.012107 0.45799 0.082211 0.0029092 0.00079736 0.0032211 0.0023155 0.0067531 -0.0011632 0.0067981 0.0018097 -0.0020166 0.0052407 0.043712 0.010864 0.050552 -0.0034877 0.06126 0.0090368 0.00014708 -6.2068e-05 0.00053081 0.00040295
-0.012304 0.0020742 0.013499 0.0024864 0.036732 0.027017 0.057498 0.029632 0.023038 0.015138 0.031119 0.025143 0.00043337 -0.00055214 0.0030415 0.00084591 -0.062201 0.0077324 0.085861 0.016336 0.35368 0.051841 0.56893 0.13375 -0.0036545 0.025039 0.11596 0.039971 0.011864 -0.0009778 0.026801 0.0080301 -0.010591 -0.035054 0.051957 0.041158 0.32739 -0.039992 0.5668 0.091809 -0.016107 -0.010592 0.18851 0.03138 0.0095044 -0.00056307 0.024739 0.0026096 -0.0064971 0.0026438 0.0090443 0.0028965 0.069645 0.010101 0.072635 0.022396 -0.0063083 -0.0019396 0.027724 0.0029268 0.00030376 -0.000779 0.0019617 0.0010332
-0.0010612 7.917e-05 0.0045726 0.00090139 0.0025185 -0.0020701 0.01086 0.0048789 0.015164 -0.010656 0.030549 0.030567 0.00054659 -0.0010642 0.0049483 0.0040716 0.0087548 0.0003021 0.022199 0.0061313 0.16306 0.057804 0.27418 0.1085 0.046115 0.095406 0.53963 0.16529 -0.0016572 0.011862 0.030489 0.017317 -0.014111 0.0042165 0.018332 0.0065987 0.26028 -0.021233 0.40544 0.071916 0.012551 0.10945 0.51313 0.16604 -0.016744 0.0045148 0.031389 0.0057636 -0.0051915 0.00047221 0.0052042 0.00060578 0.0063115 -0.0045303 0.028628 0.0093241 0.04645 -0.010088 0.05331 0.012837 -0.001912 -4.8336e-05 0.0029959 0.00048738
-0.00018821 0.001713 0.0003811 0.0019757 0.042407 0.018879 0.044251 0.019403 0.017949 0.0024854 0.018212 0.0024854 0 0 0 0 -0.00082676 0.0082414 0.0089707 0.029855 0.36671 0.09463 0.37452 0.17561 0.015602 0.0052582 0.018426 0.0077836 0 0 0 0 -0.00054705 -0.038675 0.013842 0.070244 0.47146 -0.21409 0.55861 0.25489 0.0043091 0.0024088 0.011428 0.0032759 0 0 0 0 -0.00015256 0.0051634 0.0035328 0.0052886 0.10175 0.018285 0.12455 0.020377 0.00018528 -9.7093e-05 0.00025693 0.00013898 0 0 0 0
-0.017704 0.0031557 0.017704 0.0031693 0.025953 0.001452 0.048609 0.029108 0.035749 0.0049355 0.048011 0.028171 -0.00075138 0.00056624 0.00092806 0.0012701 -0.054479 0.0042374 0.075741 0.015049 0.28761 0.10866 0.57599 0.17719 -0.024268 0.01583 0.11496 0.050487 -0.0043648 -0.00088268 0.01311 0.0091302 -0.05169 -0.027775 0.065388 0.031158 0.29434 -0.094248 0.59127 0.15282 -0.0036867 -0.0059889 0.12471 0.030163 -0.013732 0.0016406 0.031415 0.0067052 0.001728 0.0036898 0.0072729 0.0059547 0.036706 0.047481 0.077337 0.049192 -0.001965 0.010821 0.014033 0.013717 0.00034544 0.0033843 0.0024263 0.0040911
0.00079637 -0.00057542 0.0013712 0.0017123 0.036582 -0.0029615 0.063579 0.013713 0.0053483 0.0030714 0.044429 0.012349 0.0053252 0.0018425 0.0053274 0.0019088 0.0050087 0.0024288 0.030619 0.0091219 0.34458 -0.02864 0.36191 0.10992 0.0049458 0.080527 0.42172 0.17163 0.024994 0.0055094 0.027194 0.040329 0.012299 0.0077846 0.048495 0.010396 0.38743 -0.038992 0.38743 0.055578 0.061257 0.042932 0.42541 0.075694 0.001867 0.00018798 0.0031338 0.002468 -0.00097418 -0.00024359 0.0049186 0.00099305 0.060113 -0.011488 0.060144 0.014108 0.018681 0.002439 0.061798 0.011297 0.00063465 4.4773e-05 0.00063465 0.00024134
0.0028539 -0.00019397 0.0031753 0.00071319 0.040863 0.0054478 0.043123 0.0068271 0.029144 0.0031892 0.029349 0.0045088 0.00019468 6.9446e-05 0.00020354 0.0002574 0.012311 0.00033361 0.025006 0.0053686 0.38417 0.026377 0.39356 0.096208 0.11402 0.016182 0.11737 0.038319 0.0008963 -0.00037241 0.0008963 0.00037241 -0.014596 0.00093638 0.032968 0.010891 0.54937 -0.091931 0.54937 0.15017 0.023768 0.0024786 0.025026 0.01152 0.001423 0.00075184 0.001423 0.00091178 -0.0079225 0.0070493 0.010241 0.0072461 0.082586 0.018235 0.087655 0.019829 0.0025126 0.00075293 0.0025126 0.001254 7.0583e-05 1.1472e-05 7.0583e-05 4.5698e-05
0.0021824 -8.4242e-05 0.0028696 0.0016534 -0.024654 0.000989 0.048585 0.040688 0.097869 0.061818 0.11118 0.13384 -0.0020775 0.0097286 0.0067125 0.014347 0.023455 -0.015031 0.024994 0.016783 0.10307 0.035718 0.11211 0.11403 0.063566 -0.19892 0.57052 0.36993 0.11274 0.0023609 0.11308 0.024702 0.033528 -0.016939 0.034306 0.017717 0.15757 -0.10366 0.175 0.11221 0.21293 0.052407 0.45304 0.18838 0.035887 0.0052735 0.035887 0.01334 -0.00038012 0.00053655 0.0021703 0.0015096 0.031419 -0.012227 0.031419 0.012227 0.045511 -0.0069628 0.046184 0.014528 0.0065283 0.00052904 0.0068488 0.0022698
7.5173e-05 -0.00032721 0.0022746 0.0014557 0.038287 -0.011685 0.065936 0.021841 0.010415 -0.0014799 0.0496 0.012863 0.0019191 0.00080588 0.0019198 0.00095058 -0.0038659 0.0028678 0.035269 0.0090313 0.35958 -0.027756 0.36487 0.065407 0.024381 0.090404 0.42644 0.17742 0.020307 0.0043431 0.020351 0.03891 0.0013117 0.0073922 0.037782 0.010258 0.38325 -0.032566 0.38325 0.08865 0.084211 0.032277 0.40883 0.072293 0.0018731 0.0003412 0.0029042 0.0021528 -0.0013864 -0.00031422 0.0055464 0.00094283 0.060233 -0.010643 0.061296 0.013095 0.020444 0.0042883 0.067179 0.010128 0.00041394 5.8892e-05 0.00041394 0.00011399
0.0015771 -0.00020409 0.0021455 0.00046757 0.05678 0.010203 0.085802 0.017665 0.0032662 0.0016484 0.054331 0.0071584 0.0042826 0.00077947 0.004333 0.00095708 0.015475 0.00064508 0.016246 0.0035142 0.40309 -0.0063105 0.46753 0.12992 0.038757 0.020731 0.34661 0.06153 0.0070291 0.0019116 0.0076469 0.0045723 0.016489 9.4198e-05 0.016891 0.0027714 0.42034 -0.015847 0.42034 0.070575 0.076368 -0.013091 0.28365 0.076569 0.0013507 0.00093931 0.0019458 0.0012227 0.0027221 0.00017031 0.002764 0.00053399 0.059113 -0.0019521 0.059113 0.0094347 0.0095209 -0.009531 0.050361 0.011258 7.4896e-05 -0.00042101 0.00049325 0.00065557
