0.00022127 0.00017025 0.001065 0.000324 0.033022 -0.0043351 0.033705 0.0082444 -0.0033835 -0.0018506 0.04138 0.0057005 0.0043927 -0.00023616 0.0051218 0.00042831 -0.00098418 0.002511 0.0087152 0.01842 0.29769 0.093584 0.30271 0.25548 -0.15307 0.029032 0.23862 0.070431 0.035215 -0.0027992 0.03709 0.0036655 -0.019988 0.0045541 0.03568 0.035609 0.45021 -0.093509 0.47355 0.15579 -0.28762 -0.035325 0.31286 0.043954 0.035386 -0.0025772 0.035485 0.0069015 -0.00080601 0.002786 0.002183 0.0028362 0.030484 -0.0079232 0.035523 0.011738 -0.0019154 -0.011714 0.015128 0.017038 0.0030764 0.00077792 0.0030898 0.0016845
-0.003844 0.0014722 0.0040138 0.0015001 0.01262 0.00064058 0.028821 0.0095665 0.032737 -0.00036036 0.063557 0.022875 -0.011596 -0.00082793 0.011957 0.0011892 -0.031642 0.0052519 0.033992 0.0063706 0.38107 0.077707 0.40658 0.096865 -0.21034 -0.038462 0.49357 0.21009 -0.030678 0.00047201 0.031736 0.0069887 -0.0048671 0.0033033 0.0098638 0.0043997 0.20523 -0.068274 0.40033 0.17538 -0.16389 -0.089077 0.21326 0.094608 -0.027835 0.0014405 0.028391 0.005003 0.00029409 -0.00015404 0.0005074 0.00019126 -0.0072819 -0.00091274 0.0075365 0.0020064 0.010712 -0.0014335 0.016457 0.0018746 -0.0040005 0.00030019 0.0040144 0.00052097
-0.00017002 0.0015897 0.00020184 0.0018331 -0.00094567 0.0097854 0.0027667 0.012834 0.067859 0.0024822 0.070838 0.0043175 0 0 0 0 -0.00090687 -0.014946 0.0017415 0.023663 -0.00071021 -0.10181 0.014396 0.16791 0.45236 0.013401 0.45941 0.10717 0 0 0 0 0.00032726 0.010004 0.0017467 0.012569 -0.012789 0.065338 0.014015 0.079662 0.50023 0.018866 0.50139 0.020936 0 0 0 0 -3.4575e-05 -0.0003452 0.00023463 0.0013577 -0.00068685 -0.0017707 0.0019228 0.0073631 0.068741 -0.0010196 0.068741 0.0011185 0 0 0 0
-0.00032899 -0.0015281 0.0010101 0.0024949 0.004732 -0.01755 0.0060996 0.044078 0.065746 -0.011487 0.065746 0.014239 0 0 0 0 -0.021973 -0.0017035 0.02642 0.020199 -0.0039728 -0.012168 0.0087807 0.017413 0.52072 -0.035793 0.52072 0.038374 0 0 0 0 -0.00228 0.011794 0.004733 0.020135 -0.0045308 0.1104 0.00972 0.11816 0.4448 0.025023 0.452 0.066634 0 0 0 0 -8.589e-05 -0.00098854 0.00049956 0.0026887 -0.00071642 -0.0043686 0.0037267 0.014731 0.058964 -0.00045514 0.060615 0.0065273 0 0 0 0
0.00040723 -0.0025146 0.00049318 0.0028612 0.00022412 -0.028236 0.0012004 0.031219 0.059107 -0.0072801 0.059252 0.011069 0 0 0 0 0.0050379 -0.00471 0.0070531 0.015231 0.0068336 -0.048055 0.036668 0.1833 0.44872 -0.011088 0.46467 0.070849 0 0 0 0 -0.00029697 -0.00026581 0.00085268 0.00074241 -0.0011688 0.0032569 0.0073767 0.010665 0.50616 0.039731 0.50987 0.041477 0 0 0 0 -0.00016678 0.00027183 0.00029923 0.00073179 3.5306e-05 0.0012077 0.00095022 0.0031191 0.07527 0.00016048 0.07527 0.0010248 0 0 0 0
0.0040055 -0.00069294 0.0041557 0.00078549 -0.0011649 -0.0018699 0.032598 0.01876 0.044626 -0.0019886 0.053802 0.014823 -0.016099 -0.0010411 0.016624 0.0021565 0.037702 -0.0048718 0.041638 0.0086092 -0.062618 0.0079488 0.15666 0.10598 0.38079 0.027212 0.45409 0.15654 -0.11596 -0.0040394 0.11757 0.010543 0.017267 -0.001124 0.032206 0.0056204 0.082542 0.12301 0.26127 0.14578 0.1392 -0.059233 0.60283 0.16945 -0.054142 -0.0024899 0.05492 0.01069 -0.002022 0.00055595 0.0028615 0.0013156 0.050525 0.00977 0.060264 0.015977 -0.041515 -0.0021003 0.055169 0.028352 -0.0030988 0.00023618 0.0031683 0.00069691
-0.00035627 -0.00029201 0.00037776 0.00090785 -0.00078246 -0.004963 0.0023126 0.0070262 0.068036 -0.0032457 0.0681 0.0051191 0 0 0 0 -0.00072874 -0.0073857 0.0025663 0.03405 -0.0028239 -0.073445 0.020326 0.19147 0.45616 -0.014097 0.46542 0.10095 0 0 0 0 -0.0018819 0.0055622 0.0025279 0.014248 -0.013396 0.067421 0.016743 0.083663 0.49169 0.04156 0.49169 0.045807 0 0 0 0 -0.00025363 -0.0019645 0.00037756 0.0041038 0.00021094 -0.015015 0.0024487 0.025082 0.075131 -0.0043036 0.075131 0.0072104 0 0 0 0
0.00053499 0.00029219 0.00056212 0.00043037 0.034244 0.017047 0.034244 0.020597 -0.0074696 -0.0049247 0.063648 0.02196 -0.0043853 0.00049151 0.0052258 0.0010445 -0.0029473 0.0015352 0.0063816 0.0053679 0.364 0.052105 0.39306 0.07798 -0.26971 -0.023556 0.41329 0.13773 -0.021723 0.0030164 0.022594 0.0048234 0.001245 0.0038718 0.0050608 0.0070526 0.28575 -0.0081561 0.38967 0.062983 -0.24596 -0.046888 0.30969 0.16468 -0.013074 -0.00069983 0.015197 0.0042775 -0.00014044 -0.0014367 0.0018389 0.0015752 0.039036 -0.010452 0.05746 0.010978 -0.034469 0.00074114 0.04606 0.013097 -0.00078374 0.00074683 0.0015148 0.00087553
-0.0030145 -0.0016154 0.0056512 0.0017332 -0.011197 0.0012933 0.046344 0.011666 -0.01595 0.011057 0.027645 0.019306 0.00048014 0.0011872 0.0011151 0.0016538 -0.054357 -0.019759 0.060024 0.020211 0.37359 -0.041562 0.44055 0.15801 -0.35383 0.078369 0.39882 0.22817 0.048045 0.0022121 0.056845 0.04356 -0.02525 -0.0051662 0.028256 0.017326 0.11852 -0.0026366 0.22245 0.22627 -0.081611 -0.16688 0.12784 0.30684 0.066825 0.015073 0.075451 0.037298 -0.00036588 0.0038556 0.0035988 0.004344 -0.009965 0.020739 0.043632 0.025663 -0.022012 0.0061064 0.032109 0.011479 0.010366 -0.0022896 0.012616 0.0060057
-3.4724e-05 0.00025597 0.0011431 0.00053417 0.0068035 0.0016527 0.039541 0.0066148 0.017627 0.013965 0.040021 0.020666 0.009421 -0.0035642 0.014658 0.0082895 -0.0028586 -0.00097035 0.0086737 0.0024108 -0.11924 0.041344 0.18927 0.064877 0.3826 0.0089255 0.62936 0.11175 -0.012538 -0.011461 0.039954 0.03373 0.0031769 0.00069667 0.008304 0.0022656 -0.11065 0.081602 0.12306 0.088077 0.18408 -0.12222 0.4759 0.2523 0.0073153 -0.0034541 0.012781 0.0053964 0.00035395 -0.0001658 0.0016006 0.00034388 3.849e-05 -0.00070134 0.0037251 0.0025986 -0.0071057 0.00032958 0.0086485 0.0029879 0.0038707 -0.00062787 0.0043949 0.00071196
0.00024152 0.0002349 0.00059526 0.0002537 0.02025 -0.0020563 0.02047 0.0033732 0.0018772 0.016979 0.037953 0.01887 0.0003052 -0.0010915 0.0035668 0.0023328 -0.0030841 0.0027728 0.010714 0.004735 0.25125 0.0086701 0.2659 0.056876 -0.047947 0.0094039 0.49941 0.15522 -0.025555 0.0034129 0.040773 0.0084733 -0.012006 0.0030374 0.02009 0.0076655 0.427 0.012064 0.44444 0.034315 -0.25965 -0.014768 0.33395 0.11196 -0.021681 0.0018337 0.024616 0.0061866 -0.0037818 0.0015408 0.0065288 0.0021452 0.040782 -0.011297 0.043226 0.011383 -0.01778 0.000418 0.050251 0.01228 -0.0019548 0.00076345 0.0022638 0.0012042
2.9274e-05 -0.00070733 0.00029063 0.0009032 -0.00071467 -0.0026941 0.0016582 0.0061587 0.062017 -0.00069246 0.062017 0.0019724 0 0 0 0 -0.00031255 -0.0026825 0.0041905 0.02581 0.0017323 -0.055252 0.012887 0.16236 0.48294 -0.021921 0.48294 0.051822 0 0 0 0 -0.0016384 -0.0014351 0.0036265 0.01451 -0.0079474 0.027357 0.012451 0.12419 0.47994 0.010778 0.47994 0.045274 0 0 0 0 0.00059743 0.00020369 0.00089373 0.0027881 0.001645 0.0017928 0.006653 0.038571 0.075101 0.0023676 0.075101 0.0071579 0 0 0 0
-2.7965e-05 -2.8955e-05 0.00032852 0.0013895 -0.0016033 0.0036902 0.0020551 0.0076612 0.057017 0.0047186 0.057748 0.0065827 0 0 0 0 -0.0104 0.0054631 0.012326 0.023842 0.026856 -0.072848 0.031953 0.1493 0.45212 -0.027631 0.46364 0.070741 0 0 0 0 -0.019267 -0.0043629 0.023413 0.01833 -0.0038408 0.025083 0.0064501 0.038859 0.51134 0.036433 0.51134 0.040734 0 0 0 0 -0.00014877 0.00071191 0.00035188 0.0013966 -0.0028019 0.010741 0.002992 0.013599 0.06308 0.010862 0.06308 0.012011 0 0 0 0
-0.0045676 -0.00024645 0.005523 0.0012703 0.016839 0.00047584 0.04789 0.008005 0.017354 0.011894 0.043791 0.016139 -0.0023373 -0.0015322 0.00469 0.0019356 -0.080683 -0.014354 0.082712 0.018096 0.37829 0.10853 0.42312 0.13215 -0.13434 -0.025054 0.24719 0.056396 0.009839 0.0012506 0.049003 0.011846 -0.093129 0.0088814 0.10957 0.041164 0.22264 -0.037318 0.29216 0.31286 -0.12368 -0.27041 0.29009 0.3069 0.047428 0.014506 0.047693 0.014867 -0.010699 -0.0023237 0.012338 0.0068792 -0.011625 -0.020328 0.10284 0.039328 0.017043 0.012365 0.040817 0.017331 0.0025321 0.0015012 0.003638 0.0016448
-0.00097193 0.00027454 0.0012732 0.00041976 -0.006344 0.00077095 0.032213 0.0023907 0.010335 0.0025736 0.11073 0.0054448 -0.0045239 -0.00028527 0.004544 0.0013624 -0.0099166 -0.0013712 0.0099868 0.0039966 -0.086787 -0.072605 0.23246 0.081986 0.15463 -0.019331 0.65673 0.058701 -0.053075 0.0034577 0.054927 0.0058424 -0.0090111 0.001951 0.0091675 0.003978 -0.14972 0.037514 0.27716 0.082306 0.24641 -0.0012506 0.50474 0.096335 -0.066981 0.0077131 0.068313 0.010647 -0.00092286 6.608e-05 0.00092891 0.00024213 -0.0046742 0.010242 0.033976 0.012815 0.010827 -0.0045105 0.065015 0.0095672 -0.0092246 -0.00033093 0.010013 0.0021087
0.00099394 -3.0016e-05 0.0055431 0.00073745 0.010402 -0.0016149 0.019154 0.0029886 -0.0036496 -0.0033293 0.086096 0.012383 0.00036608 -0.0002623 0.00095979 0.0010509 -0.01644 -0.0042908 0.021847 0.007382 0.10278 -0.047499 0.16588 0.082149 0.025923 0.021142 0.6003 0.077547 -0.0022935 0.0085104 0.012822 0.0094935 -0.016437 0.0072227 0.017823 0.01271 0.036852 0.028723 0.21343 0.092734 0.12798 0.03637 0.68843 0.11717 0.0012475 -0.010103 0.0076696 0.010653 -0.0053252 0.00078533 0.0056365 0.0008477 0.032044 0.016738 0.039727 0.020198 -0.015613 -0.0087899 0.092431 0.033907 -0.00013677 0.00061635 0.0013835 0.0008422
-0.00020135 -0.00074605 0.0018089 0.001113 0.011049 0.001522 0.013521 0.0041263 0.047114 -0.0065578 0.074124 0.024311 -0.0012243 0.00010944 0.0077275 0.00080078 -0.013082 0.0032839 0.025195 0.0079572 0.085209 -0.0092345 0.095143 0.045909 0.29409 -0.018111 0.48246 0.074165 -0.010514 -0.003737 0.041304 0.0086121 -0.015269 0.017387 0.033379 0.021529 0.14142 0.026799 0.16989 0.27396 0.22836 0.15074 0.59076 0.26834 -0.0031711 -0.00072644 0.029643 0.0076651 0.0073744 -0.0050375 0.0079244 0.005213 -0.016466 0.019937 0.023944 0.051266 0.050574 -0.02876 0.11184 0.036882 0.00043325 -0.00040714 0.0037538 0.00090788
0.002167 -0.00056805 0.0030684 0.0010057 -0.005372 -0.0014006 0.036627 0.0063549 0.026245 -0.0048187 0.03427 0.0077819 -0.0029619 0.00089357 0.0029958 0.00096798 0.052339 -0.042224 0.058442 0.044037 -0.084885 -0.3004 0.28119 0.33149 0.26609 -0.15285 0.33238 0.15736 -0.021789 0.0047963 0.022607 0.0068007 0.04766 0.015868 0.064594 0.025945 0.0057874 0.27572 0.24379 0.29471 0.19521 0.13292 0.37616 0.19375 -0.0029591 -0.00043861 0.025366 0.0094767 0.0091201 -0.0015889 0.01461 0.0028598 -0.0047679 -0.0014052 0.026157 0.0086385 0.012122 -0.0067162 0.055884 0.011869 0.0044643 -0.00047345 0.0063461 0.0012738
0.00014279 0.00011412 0.00043652 0.00027722 0.044865 -0.016847 0.067081 0.028569 -0.029853 0.047606 0.035673 0.072032 -0.0014083 0.00033367 0.0025721 0.0042586 0.00064818 -0.0047521 0.001867 0.0058976 0.3407 0.063487 0.34776 0.11373 -0.18438 -0.041495 0.38446 0.21669 0.011972 0.026412 0.022242 0.031296 -0.011806 0.031005 0.013138 0.031952 0.099685 -0.049002 0.19856 0.24722 -0.018353 -0.12196 0.51888 0.29358 0.0046685 -0.026773 0.032057 0.052619 -0.00028241 -3.5593e-06 0.00029575 8.1949e-05 -0.011631 0.020515 0.01217 0.020648 0.0039763 0.031922 0.047404 0.033589 -0.00048037 0.00038321 0.0034632 0.0030947
0.0065803 -0.00020281 0.0072432 0.0013544 -0.015554 -0.0047036 0.020812 0.0099198 0.048138 0.0024152 0.093624 0.004699 -0.0034991 0.00023881 0.0035015 0.00064024 0.02373 -0.0033315 0.026126 0.0075828 -0.079451 -0.011794 0.13166 0.12193 0.32533 0.0022415 0.62135 0.057721 -0.030734 0.0033211 0.032146 0.0065057 -0.0022948 0.0040875 0.0071867 0.0094056 0.048585 0.0738 0.13351 0.12501 0.23352 0.021396 0.57457 0.11476 -0.025205 0.0038783 0.026926 0.0076685 -0.0027141 -0.00031272 0.002766 0.00075857 0.0071365 -0.018699 0.012126 0.02402 0.041323 -0.0084636 0.079898 0.015615 -0.0040965 7.0463e-05 0.0045171 0.001015
-0.0022192 0.00045347 0.003114 0.00098437 0.022814 0.0087152 0.055999 0.010008 -0.016837 -0.0031506 0.055755 0.0070664 0.00017576 -0.0001215 0.0012202 0.00022166 -0.017819 -0.0093951 0.021113 0.010708 0.16115 -0.010486 0.44274 0.062872 -0.09177 0.072141 0.46354 0.12063 -0.0063776 -8.1076e-05 0.011311 0.0018543 -0.02702 -0.0020457 0.035845 0.0022986 0.21513 -0.0095951 0.53055 0.02269 -0.090274 -0.032035 0.40143 0.10856 -0.013927 6.707e-05 0.021015 0.0023125 -0.0037314 0.00011322 0.0048274 0.00051827 0.027201 0.0017999 0.077804 0.003841 -0.0057051 -0.0033483 0.048901 0.0041785 -0.0019909 -0.00042271 0.0035387 0.00043145
-0.0088984 0.0015146 0.0088984 0.0016303 0.01855 0.0077494 0.038657 0.012742 0.01726 -0.0010085 0.043669 0.0051947 -0.00014024 5.5336e-07 0.0013727 0.00037568 -0.079015 0.015673 0.080404 0.017256 0.025985 -0.19879 0.37279 0.21633 0.22244 -0.03848 0.35246 0.066462 -0.0048817 -0.0011472 0.010319 0.0025623 -0.047762 0.02494 0.14842 0.046308 -0.10375 0.10837 0.41179 0.3673 0.25541 0.035281 0.37784 0.083641 -0.0061831 6.6205e-05 0.012384 0.0029058 -0.012691 0.00038026 0.021342 0.0016224 0.016124 -0.00079636 0.041987 0.0085932 0.020919 -0.0072807 0.052286 0.01184 -0.0012059 -9.2054e-05 0.0018871 0.0003416
-0.011719 -0.015322 0.016766 0.018742 -0.020555 -0.039718 0.022657 0.047258 0.038537 -0.015876 0.043609 0.019535 -0.0022443 0.00082388 0.0050958 0.0011658 -0.0084472 -0.0013384 0.05784 0.020325 0.062666 0.19862 0.193 0.23281 0.076097 0.11563 0.42555 0.28838 -0.0021199 0.0030026 0.022862 0.0112 -0.055811 0.016916 0.067616 0.020325 0.15553 -0.054051 0.49268 0.19685 -0.037835 -0.035538 0.38119 0.29539 0.018754 0.00074912 0.03117 0.020984 -0.0045651 -0.0023819 0.0093016 0.0056944 0.0082846 -0.00039792 0.050932 0.028161 -0.007854 0.022502 0.066772 0.067558 0.010965 -0.003232 0.011135 0.0033771
-0.00016393 0.0013598 0.00034393 0.0029197 -0.0017868 0.0063469 0.0031565 0.020672 0.065153 0.0014365 0.06612 0.007946 0 0 0 0 -0.00030148 -0.011262 0.0027141 0.01646 -0.0028445 -0.048945 0.016449 0.092039 0.46303 0.0078559 0.46592 0.04017 0 0 0 0 -0.0016984 -0.0026738 0.0041685 0.01994 -0.0084572 -0.025943 0.025554 0.125 0.50642 0.0062855 0.50642 0.053109 0 0 0 0 -0.0014606 0.00032365 0.0021232 0.0026468 0.0059673 -0.0057853 0.006261 0.024888 0.077702 -0.0025032 0.077702 0.0091586 0 0 0 0
-0.0016512 -0.00015448 0.0016652 0.00039679 -0.026399 -0.010155 0.038075 0.014942 0.035615 -0.011361 0.099638 0.023676 -0.0047902 0.0012108 0.0048791 0.0016237 -0.0089695 0.0007905 0.0089695 0.0024404 -0.20929 -0.027036 0.31208 0.096444 0.20802 -0.032405 0.45612 0.070022 -0.012719 -0.00043018 0.024829 0.018235 -0.0065213 -0.0012809 0.0092446 0.0022598 -0.23098 0.053248 0.31797 0.071665 0.16669 0.0083093 0.60399 0.063152 0.019106 0.0011709 0.025313 0.010462 0.0011671 -0.00019393 0.0019766 0.00049215 -0.032365 -0.01183 0.035121 0.033548 0.021877 0.0041475 0.10555 0.014362 0.0052778 0.00084854 0.0076571 0.0016399
-0.0014483 -4.9911e-05 0.0031194 0.00015208 0.059525 0.002619 0.078582 0.0049708 -0.023422 -0.0016981 0.057834 0.0062082 -0.0065111 -0.00021856 0.010398 0.00052043 -0.0058031 -0.018856 0.027076 0.020466 0.39181 0.006242 0.49723 0.065035 -0.14545 0.023944 0.37282 0.049781 -0.038817 0.0035246 0.074026 0.0068372 -0.0007138 -0.0073139 0.0088414 0.013041 0.38526 -0.015703 0.39063 0.078632 -0.078914 -0.0040276 0.28663 0.02402 -0.035697 -0.00076733 0.076607 0.0022875 -0.00048824 0.00015067 0.0025168 0.00084365 0.043594 0.0045811 0.046076 0.010384 -0.0025412 -0.0045691 0.033345 0.0051149 -0.0054902 0.00023988 0.010685 0.0004828
-0.0025487 2.2768e-05 0.002697 0.00081172 0.026998 0.012824 0.027653 0.014584 -0.00017559 -0.0020931 0.097148 0.013973 0.0056362 0.0013322 0.0086081 0.001548 -0.0075351 -0.0017399 0.011066 0.0028821 0.3913 0.079664 0.39544 0.10201 -0.24894 -0.048275 0.5758 0.094774 0.0099359 0.0028476 0.031818 0.0064286 0.00099864 0.010988 0.014285 0.033657 0.17496 -0.066312 0.2211 0.14654 -0.082347 -0.028757 0.36292 0.087038 -0.0025322 -0.00066151 0.027687 0.0052656 -0.0034254 -0.00013886 0.0050804 0.0021148 0.0093406 0.0044316 0.019766 0.014846 0.0044106 -0.0046177 0.022187 0.010715 0.0021541 0.00018474 0.0039756 0.00085234
0.008442 -0.0011889 0.012238 0.0042668 -0.03569 -0.0044946 0.087904 0.052948 0.033132 0.018243 0.050839 0.020395 -0.00064836 -0.00027789 0.0017387 0.00050891 -0.092517 0.0056016 0.16058 0.02217 0.046052 -0.089636 0.26291 0.11863 0.20589 -0.044318 0.46253 0.075119 0.0012763 -0.00049698 0.0081159 0.0027217 -0.11524 -0.017096 0.20308 0.01921 -0.064047 0.20569 0.37505 0.22152 0.29198 0.061022 0.44629 0.073401 0.0026195 0.0017893 0.0073524 0.0030362 -0.013861 -0.00096612 0.020957 0.0015549 0.0013819 -0.0010771 0.052752 0.0028323 0.026061 -0.00027161 0.047077 0.0028026 0.0013559 -0.00020279 0.0013602 0.00038729
0.0086713 -0.0042966 0.0095554 0.0050908 -0.020216 -0.033286 0.034423 0.034491 0.025731 -0.016349 0.056038 0.016743 6.1182e-05 -4.9067e-05 0.0030427 0.00075127 0.014438 0.010842 0.038795 0.040872 -0.14984 0.086612 0.23422 0.2362 0.339 0.025695 0.3518 0.035138 -0.003434 -0.0003787 0.019029 0.0039996 -0.0183 -0.0022173 0.02475 0.047426 0.033604 0.0021009 0.49631 0.31411 0.17013 0.075226 0.45049 0.088297 -0.0016632 -0.00093963 0.021793 0.0039762 -0.00084716 -5.0267e-05 0.0012023 0.00084559 0.042142 4.5356e-05 0.046716 0.0044311 0.0050874 -0.0010552 0.085206 0.0046029 -0.0022309 0.0005954 0.0023472 0.00087007
-0.00063303 0.00025933 0.00097539 0.00060931 -0.010196 -0.017298 0.042415 0.034664 0.047638 -0.0028522 0.06844 0.018066 -0.011946 -0.00032596 0.011949 0.00038225 0.0023341 0.0029317 0.0074757 0.015581 0.065507 0.051612 0.25988 0.11424 0.29683 0.15461 0.42811 0.20901 -0.0815 -0.011349 0.0815 0.013558 -0.018896 -0.0042633 0.01945 0.0052114 0.099209 -0.1056 0.17567 0.12597 0.34366 -0.06226 0.5564 0.15025 -0.079897 0.001685 0.080892 0.0056916 -0.0025846 -0.00085121 0.002733 0.0020507 0.0054402 0.014538 0.0070846 0.016927 0.059978 0.0046843 0.091207 0.013428 -0.011431 -4.4968e-05 0.012198 0.00082244
-0.0036176 0.0013062 0.0047011 0.002196 0.010457 -0.0145 0.040672 0.020432 -0.0091236 -0.014529 0.038071 0.024942 0.0035429 -0.0013193 0.0074719 0.0045788 -0.0021067 0.0038047 0.014024 0.026297 0.11506 0.049511 0.37467 0.17169 0.083687 0.13206 0.29633 0.33366 -0.05604 -0.022701 0.063505 0.037337 0.00052112 0.0032114 0.017528 0.029942 0.18815 0.01269 0.42457 0.22406 -0.26315 -0.25938 0.27918 0.29978 -0.0040723 -0.0010475 0.004848 0.0042975 -2.033e-05 0.00056469 0.0043773 0.004102 -0.024961 -0.015324 0.050752 0.029325 -7.7365e-05 0.0020893 0.0018301 0.0046027 -0.00030593 6.2205e-05 0.00047572 0.00036284
-0.0074659 0.0015668 0.0082992 0.0018787 0.010262 -0.006185 0.023561 0.0087367 0.023231 -0.031491 0.054406 0.037574 0.0010711 -0.00092061 0.0054678 0.0018 -0.10199 0.033669 0.12043 0.039416 0.18839 0.18764 0.24919 0.20478 -0.12915 0.24018 0.28774 0.28749 0.085148 -0.015861 0.099994 0.017721 -0.13754 0.023122 0.20508 0.038438 0.32875 -0.047755 0.47107 0.10755 -0.13808 0.13446 0.21606 0.14945 0.03771 -0.013094 0.095595 0.020757 -0.011179 0.0010957 0.033615 0.0059994 0.012862 -0.0049379 0.073644 0.022541 0.011982 -0.0042195 0.035264 0.012202 -0.0024323 0.00079003 0.0095536 0.0023786
0.00035618 0.00086635 0.00036527 0.00095078 -0.0074335 -0.0044037 0.011728 0.0077244 0.0073686 -0.03672 0.029748 0.039942 -0.0034261 -0.005019 0.0039056 0.0055806 -0.0075363 -0.034449 0.0091518 0.037855 0.11299 0.014019 0.21437 0.37832 -0.01991 0.21473 0.2946 0.35704 0.020707 0.022562 0.033595 0.067361 0.0005745 0.0016323 0.002915 0.0027738 0.35421 -0.12374 0.35539 0.13022 -0.10911 -0.18312 0.17639 0.3949 -0.010181 -0.027899 0.0252 0.050298 0.00052179 0.0022171 0.0012692 0.0040742 -0.0034383 0.0034066 0.0083733 0.016523 0.01744 0.016638 0.019285 0.039162 -0.00042625 0.0041301 0.0022855 0.0088243
-0.00066331 0.0011845 0.00078904 0.0020163 -0.009955 -0.0028811 0.017124 0.016553 0.042208 0.0051552 0.087335 0.0084109 -0.0042022 -2.2899e-05 0.0047615 0.00085324 -0.0038713 -0.00075542 0.0041454 0.0028392 0.056401 -0.050576 0.18097 0.11979 0.1965 0.0022392 0.59379 0.070981 -0.033673 0.0033455 0.038239 0.0056023 -0.0082528 -0.0091801 0.0089374 0.010576 0.080889 0.048945 0.11378 0.10974 0.19023 0.028884 0.66969 0.070357 -0.020042 0.010054 0.03115 0.014404 9.3964e-05 -0.00055978 0.00037248 0.001169 0.014399 -0.0049751 0.015065 0.0090631 0.031175 0.0042249 0.099354 0.0069554 0.0010877 0.0013505 0.011688 0.0035478
0.00069203 0.00046346 0.0080902 0.00085705 -0.010166 -0.001309 0.01847 0.0067814 0.010903 -0.0022401 0.017259 0.0075921 0.01061 0.00085155 0.016349 0.0019904 0.003602 -0.022359 0.03245 0.030576 -0.070557 0.039018 0.16274 0.18011 0.25808 0.11084 0.27795 0.39885 -0.01163 0.0052956 0.086526 0.018134 -0.0087322 -0.0045305 0.013674 0.0063372 -0.085881 -0.0086705 0.3699 0.31237 0.38213 -0.047526 0.40437 0.1832 -0.078195 -0.011901 0.083155 0.013064 0.00070258 0.0023099 0.0029731 0.0027354 -0.015753 0.026461 0.030527 0.028395 0.033933 -0.01957 0.042532 0.022589 -0.0004926 -0.00052865 0.0016993 0.0019014
-0.0012918 3.3186e-05 0.0030302 0.0004894 -0.01701 0.00021622 0.036741 0.0092888 0.039403 0.013184 0.064798 0.018038 -0.0051627 -0.0029863 0.0077041 0.0035525 -0.007055 -0.0040373 0.022623 0.0055079 -0.081263 -0.016937 0.28189 0.062594 0.22105 -0.017604 0.58046 0.081229 -0.018226 0.0018119 0.026822 0.012806 -0.015698 -0.0091395 0.020212 0.012584 -0.07538 0.0096131 0.26478 0.072638 0.23785 0.024824 0.59722 0.040672 -0.016342 -0.004923 0.02191 0.0064339 -0.0008837 1.2138e-05 0.0014269 0.00085023 -0.009937 0.0025281 0.023269 0.012048 0.036124 0.0018428 0.081161 0.0048711 -0.0025216 -4.1921e-05 0.0026531 0.00072408
-0.0036708 -0.0017611 0.0045978 0.0019481 -0.019478 0.0037084 0.037877 0.017981 0.014373 0.026436 0.016964 0.028042 0.0074236 0.0023484 0.01385 0.0035039 -0.054478 -0.016834 0.055462 0.016995 0.0029788 -0.10691 0.28613 0.23553 0.31593 0.00995 0.51134 0.25538 -0.043259 -0.013126 0.055279 0.018833 -0.0048364 0.012248 0.030982 0.017498 -0.18802 0.13292 0.33025 0.20727 0.27289 -0.043536 0.32395 0.11863 0.0089994 0.0027942 0.024213 0.011513 0.00037202 0.00042848 0.0030534 0.00077652 -0.029055 -0.010008 0.037526 0.012789 0.03656 0.0010946 0.03847 0.0058516 0.0036106 -0.00051687 0.0055549 0.0027434
-0.0032837 0.00045159 0.0045523 0.0006053 0.0040155 0.013195 0.043158 0.019736 0.00043023 -0.0019277 0.073297 0.011425 0.0022885 0.00032579 0.0040283 0.001069 -0.013873 0.0012067 0.03189 0.00305 -0.091363 -0.045781 0.24879 0.068719 0.10332 0.015146 0.58038 0.10724 0.01142 -0.0032024 0.040395 0.011888 0.0067008 -0.001562 0.013394 0.0028473 -0.16981 0.10116 0.2151 0.10525 0.13525 -0.022928 0.64363 0.14628 0.0074495 -0.006111 0.019702 0.0070482 0.0019415 -0.00031205 0.0022492 0.00034862 -0.0062916 -0.0012497 0.0081879 0.0018989 -0.0079251 -0.0034703 0.025494 0.0059374 -0.0019843 0.00029931 0.003262 0.00079779
0.0009963 0.00051228 0.0070486 0.00070911 -0.037261 0.0089117 0.048413 0.012995 0.055506 -0.0085934 0.056835 0.0089177 -0.011421 0.0013991 0.016228 0.0025546 -0.020586 -0.0049246 0.035753 0.0085822 -0.21077 -0.14546 0.28208 0.16404 0.28095 -0.038082 0.30549 0.086692 0.0087328 0.0084016 0.18608 0.014901 -0.027886 0.0078551 0.035306 0.0090316 -0.12753 0.18545 0.2447 0.18906 0.2813 0.076823 0.55596 0.15267 -0.048613 -0.013053 0.13972 0.034541 -0.0030189 -5.3657e-05 0.004441 0.00055977 -0.00028294 0.0010056 0.010608 0.0029135 0.015382 0.0015431 0.092878 0.028148 -0.0065137 -0.0011504 0.0065137 0.0017277
-0.0074052 -0.0012034 0.0088271 0.0014083 0.027668 0.0070636 0.029457 0.010301 0.0065355 -0.0041273 0.11404 0.016084 0.0003705 0.0034549 0.0075361 0.0038115 -0.028027 -0.0059671 0.035357 0.0070021 0.42867 0.08277 0.43033 0.091871 -0.2502 -0.043826 0.53591 0.089413 0.0056866 0.0011737 0.038767 0.0043176 -0.0011249 0.0088781 0.024258 0.02804 0.18258 -0.038752 0.23543 0.18348 -0.089554 -0.034879 0.29806 0.10073 0.017588 0.0013038 0.036218 0.0050237 0.0008563 -0.0026431 0.0025661 0.0030087 0.0032736 -0.0044536 0.026275 0.009418 0.014242 0.0019784 0.026702 0.0059124 -0.0018755 -0.00049764 0.00269 0.00055749
-0.00031569 3.9097e-05 0.0014487 0.00021795 -0.034912 0.0083061 0.0451 0.015466 0.028653 -0.0053248 0.11752 0.0089841 0.0026201 -0.00061063 0.004196 0.0014809 -0.0058566 -0.0019401 0.0059506 0.0032874 -0.20351 -0.027793 0.29879 0.087211 0.12708 -0.0018014 0.54295 0.096006 0.026904 -0.00058096 0.034661 0.013174 -0.0028267 -0.0028322 0.0030654 0.0037063 -0.086858 0.075443 0.14091 0.087521 -0.0039195 0.0056119 0.66813 0.1726 0.021541 -0.0092353 0.027688 0.0093393 -0.00031253 -0.00070361 0.00038468 0.00077398 -0.0065655 -0.0036725 0.015727 0.0037543 -0.01422 -0.0033182 0.035605 0.0044261 0.0015548 -0.00037517 0.0030131 0.00079287
-0.0020234 0.00022573 0.0021089 0.00071662 -0.0086329 -0.0061049 0.019317 0.015363 0.039573 0.0046715 0.076953 0.012026 -0.0052282 -0.0002592 0.0053701 0.00036344 -0.007476 -0.000167 0.0075961 0.003523 0.026253 -0.047336 0.20156 0.083721 0.2236 0.022161 0.6455 0.1297 -0.03279 0.00023471 0.034726 0.006469 -0.0074078 -0.011357 0.0088633 0.014512 0.021127 0.03698 0.074594 0.11122 0.24991 0.036431 0.59452 0.075305 -0.015266 0.0086771 0.033153 0.011553 -0.00040471 -0.00079959 0.00097962 0.0010533 0.010787 -0.0087697 0.011528 0.0094834 0.039507 0.0044677 0.087163 0.0092824 0.0013142 0.0015232 0.013542 0.0038763
-0.0017129 0.010804 0.004524 0.011313 0.0047438 0.045745 0.0087466 0.053966 0.047562 0.02264 0.058801 0.069182 -0.0059647 -0.004131 0.0143 0.0091024 -0.0049631 -0.018978 0.037024 0.032374 -0.016543 -0.096737 0.16288 0.1943 0.33772 -0.049043 0.43574 0.18361 -0.055311 -0.029785 0.11506 0.071125 0.0028869 -0.0070095 0.042724 0.028784 0.013135 0.12516 0.17402 0.18288 0.1452 -0.044414 0.50093 0.42753 0.0084129 0.012232 0.034935 0.033094 0.0055627 0.0037701 0.0061034 0.0038826 -0.0047433 -0.0048144 0.017358 0.012996 0.016048 0.020954 0.028856 0.023063 -0.00047728 -0.00081524 0.0020932 0.0014356
0.00023781 0.00024678 0.00029664 0.00047331 0.021036 0.013185 0.023171 0.016766 -0.0052851 0.080413 0.019591 0.098066 0.0053809 0.0022073 0.0066817 0.0040989 0.00021933 0.0011867 0.0016105 0.002638 0.41372 0.10926 0.41773 0.11173 -0.084074 0.034444 0.2025 0.30998 -0.038491 0.023742 0.05104 0.049805 -0.018344 0.013831 0.02079 0.02532 0.19741 -0.14446 0.21768 0.22147 0.067735 -0.29998 0.12759 0.41832 -0.016237 -0.033327 0.06054 0.054923 -0.0011663 -0.00053624 0.0025922 0.010875 0.007089 -0.0010316 0.021912 0.04668 0.0080798 0.02101 0.03046 0.05688 -0.0013513 0.0064222 0.0029976 0.0078114
-0.0027913 -0.0012744 0.0044279 0.0016614 0.052006 -0.0025924 0.078336 0.011224 -0.04094 0.0037293 0.060784 0.0075162 0.0014046 0.00033021 0.0026021 0.0006278 -0.009944 0.0048142 0.01158 0.0065414 0.33385 0.054915 0.46159 0.10667 -0.32034 0.0079653 0.33278 0.038987 0.036736 -0.001499 0.044604 0.017389 -0.008807 -0.0044183 0.0089667 0.0054256 0.2925 -0.040258 0.38291 0.10501 -0.24334 0.040438 0.32138 0.057696 0.038162 -0.0030507 0.061553 0.014792 -0.0015594 -0.0018481 0.0020809 0.0020084 0.046591 -0.0082624 0.047451 0.011691 -0.023877 0.0069547 0.065527 0.012499 0.0035133 0.00071764 0.0068911 0.0027741
-0.001039 -0.00043451 0.0013571 0.00088333 0.011792 -0.037266 0.030122 0.040234 0.047214 -0.021655 0.087837 0.02199 -0.0045747 0.00029371 0.0045844 0.00073994 -0.0021691 0.011333 0.017276 0.017719 -0.071706 0.17391 0.16388 0.19447 0.44319 -0.019798 0.45769 0.080972 -0.023556 0.004347 0.026534 0.0055469 0.0619 0.0089046 0.072293 0.017561 -0.17103 0.16419 0.23917 0.16605 0.25015 0.066008 0.47981 0.11292 -0.016725 -0.00058819 0.019836 0.0026891 0.010392 -0.00021922 0.011409 0.00087869 -0.01005 -0.00061252 0.026275 0.002814 0.013116 -0.00031818 0.088208 0.0053585 -0.0016824 -0.00033323 0.0028348 0.00052608
-0.00053367 0.00068748 0.0029828 0.0010507 -0.0099476 -0.00097955 0.027845 0.010496 0.029445 0.0027594 0.087291 0.0068252 -0.0042687 -0.00050415 0.0055254 0.00079248 -0.0068272 -3.3763e-05 0.0089623 0.0011546 -0.078228 -0.030563 0.15732 0.055082 0.24619 -0.0058109 0.63634 0.11392 -0.037591 0.0050989 0.049459 0.0066006 -0.018395 -0.0064363 0.020534 0.011124 -0.027198 -0.028733 0.057907 0.10964 0.25231 0.035091 0.6051 0.085191 -0.018624 0.017156 0.065165 0.021954 -0.0062159 -0.00012487 0.006924 0.0001598 -4.9209e-05 -0.001622 0.0041677 0.0043018 0.049175 -0.0014652 0.093207 0.004114 -0.0029723 -0.0031109 0.012107 0.0034808
0.00024564 -0.00022007 0.0024974 0.00045054 -0.02782 -0.0040484 0.033734 0.0049151 0.040455 -8.9369e-05 0.087547 0.0064258 0.0051176 0.00064483 0.0091901 0.001347 0.0033336 0.00072034 0.017036 0.0032541 -0.16591 -0.01475 0.25405 0.038878 0.2618 -0.001753 0.52771 0.076464 0.040834 -0.0015407 0.070199 0.0059082 0.0047053 -0.0005253 0.02319 0.0036174 -0.15321 0.019748 0.26917 0.037353 0.26215 0.023407 0.58709 0.079966 0.037605 7.4101e-05 0.064473 0.0054406 0.0003928 -0.00034311 0.0043993 0.00065681 -0.023439 0.0011185 0.036436 0.0033184 0.039147 0.0014409 0.084683 0.0064325 0.0048868 -0.00035222 0.0085435 0.00098958
-0.00015069 0.0011109 0.0012672 0.0011502 0.0022076 0.0036834 0.0073074 0.0047247 0.030716 0.012301 0.046369 0.016712 0.0045129 -0.0023079 0.015552 0.0044101 0.0067488 0.0044406 0.019233 0.0081205 -0.044304 -0.0014098 0.086735 0.050364 0.33671 0.036053 0.60927 0.11139 -0.013121 -0.00064853 0.053508 0.024835 0.0086022 0.0051322 0.041998 0.0090767 -0.020248 0.032417 0.11214 0.081679 0.25687 -0.013889 0.60954 0.10018 -0.011514 -0.010718 0.034949 0.031981 0.0058458 -0.00052243 0.0079237 0.00095532 -0.012712 -0.0018358 0.019371 0.003675 0.036196 -0.0098956 0.080381 0.014093 0.0009837 -0.00014017 0.0026757 0.0010321
-0.0029279 0.0010498 0.0031984 0.001098 0.017654 -0.0035501 0.031662 0.0077396 0.0025121 0.0025928 0.0096583 0.0033413 0.00064191 0.00012513 0.001815 0.00029483 -0.032797 0.0089672 0.038971 0.0092419 0.21154 -0.0024949 0.22993 0.039564 -0.05247 0.060195 0.27207 0.11775 0.009462 -0.00087281 0.015801 0.0022615 -0.026304 0.0038337 0.039142 0.0058337 0.42826 0.042333 0.50225 0.077693 -0.34646 -0.027276 0.46669 0.093447 0.0052247 -0.0043069 0.011754 0.020544 -0.0017418 -0.00019434 0.0043477 0.00073987 0.029031 -0.0095447 0.056799 0.014818 -0.022386 0.00010833 0.056496 0.010526 0.0030071 -0.0011871 0.0036895 0.001259
0.00074998 -0.00010954 0.0049676 0.0011343 0.0036239 -0.0011566 0.031256 0.0091163 0.014559 -0.00049587 0.037545 0.0043111 0.0018539 0.00018118 0.0027625 0.00037415 0.0018965 0.0038636 0.045741 0.010433 -0.1518 0.064756 0.24424 0.078863 0.23932 0.025466 0.3943 0.11277 0.0093522 -0.00021595 0.014051 0.003568 -0.024264 0.0068543 0.061149 0.013912 -0.14796 0.065806 0.32401 0.084862 0.18735 0.0081488 0.68574 0.10202 0.036404 -0.010681 0.038676 0.025427 -0.0040799 0.0011999 0.0096108 0.0016125 -0.0045817 -0.0045133 0.050087 0.00982 0.0091789 -0.00047641 0.099269 0.019643 0.0010786 -0.0016348 0.0064029 0.0023152
-0.00099393 5.8888e-05 0.0023165 0.00019663 0.031317 0.00063055 0.054624 0.0068434 -0.0021391 0.0010101 0.079018 0.0058129 0.00077336 -5.152e-05 0.0086831 0.00032366 -0.005707 0.0014688 0.017425 0.0037441 0.28198 0.034613 0.44005 0.074242 -0.085394 0.015631 0.426 0.048898 0.014729 -0.00014633 0.065307 0.0040783 -0.0039365 -7.847e-06 0.015101 0.0020718 0.35437 -0.012536 0.51764 0.043031 -0.16459 -0.0097626 0.27153 0.047685 0.016503 0.0001292 0.066077 0.0047971 0.00011369 -0.0013304 0.0026618 0.0013384 0.049497 0.0027006 0.071561 0.0076922 -0.023015 0.0055287 0.039181 0.0057756 0.0026433 0.00022932 0.0090636 0.00029143
-0.0022018 -0.00039088 0.004165 0.00061885 0.057988 -0.0039165 0.058419 0.0050868 -0.03998 -0.0044677 0.041982 0.0093894 -0.003343 -0.00011462 0.0053797 0.00063721 -0.0081316 0.00018686 0.026699 0.010421 0.37951 -0.018892 0.40996 0.055329 -0.27997 0.041683 0.28143 0.046159 -0.014478 0.00064434 0.030632 0.0035562 -0.010768 0.0019046 0.021519 0.0094284 0.39601 0.019971 0.43215 0.034796 -0.27698 -0.0071594 0.27741 0.01417 -0.02021 -0.0019065 0.02621 0.0038988 -0.00037252 -0.0016235 0.0017151 0.0027827 0.054362 0.00023799 0.057831 0.011763 -0.039914 0.0045477 0.039914 0.0071626 -0.0026962 7.5095e-05 0.0036564 0.00058422
-0.0079387 -0.0035464 0.00882 0.0039199 -0.0028424 -0.0015581 0.0082129 0.0047896 0.0622 0.029368 0.082092 0.039781 -0.0072858 -0.003751 0.017047 0.0065625 0.0063697 -0.0021158 0.053471 0.038163 -0.015948 0.015312 0.16027 0.31095 0.30484 -0.085401 0.57602 0.24902 -0.045224 -0.013416 0.10542 0.052109 0.0095615 -0.0059938 0.043685 0.041259 0.0065472 0.045943 0.22613 0.15095 0.14801 -0.005586 0.39822 0.29169 0.0071944 0.0090242 0.023043 0.017724 0.0011937 0.0033842 0.0045858 0.003449 0.011683 0.0067693 0.030699 0.020654 0.016249 0.0043425 0.0221 0.012747 -0.00063652 -0.00086896 0.006167 0.0026678
0.0018698 -0.00043739 0.0047172 0.0028309 -0.014484 -0.010435 0.027784 0.019053 0.016681 -0.014769 0.035893 0.020582 -0.0026577 0.0029542 0.0063249 0.0045529 0.016512 -0.0059123 0.020278 0.047321 -0.14398 -0.029629 0.20697 0.1861 0.31665 0.06505 0.52578 0.20088 -0.01692 -0.038608 0.037355 0.088467 0.010882 0.021008 0.027565 0.041318 -0.036214 0.15603 0.16738 0.21815 -0.0051944 -0.10454 0.47925 0.32967 -0.0020052 -0.00077013 0.0041456 0.0033691 -0.0033734 0.004955 0.0062919 0.0058694 -0.022547 -0.0027981 0.061481 0.05488 -0.011425 -0.013661 0.015782 0.016386 -0.00012998 -0.00036092 0.00028399 0.00049659
0.00060947 -0.00030131 0.0029819 0.00069489 -0.02379 0.00045918 0.034431 0.006036 0.038656 -0.0038148 0.081427 0.013699 0.0066432 -0.00062871 0.010067 0.0014274 0.0056108 0.00034778 0.01986 0.0017661 -0.14459 0.013952 0.2803 0.029616 0.26494 -0.0026523 0.57079 0.082595 0.031463 0.0032727 0.04939 0.007372 0.005356 -0.011198 0.024092 0.01313 -0.14749 -0.009316 0.26806 0.045553 0.26523 0.034277 0.5454 0.059121 0.035928 -0.0029536 0.048922 0.0075521 -0.0010915 -0.00039522 0.0043038 0.001785 -0.0029757 -0.018563 0.017295 0.020264 0.044666 -0.0068326 0.078274 0.015374 0.0035328 -0.00013664 0.0053977 0.00073244
0.0030134 -0.0012187 0.003444 0.0014389 -0.011467 -0.022212 0.019695 0.025367 0.048508 0.00044498 0.086514 0.010422 -0.0024336 0.00043925 0.0024781 0.00052836 0.00039875 0.0035077 0.0029349 0.0056849 0.0058296 0.012253 0.21726 0.0572 0.34165 0.00057188 0.61786 0.031052 -0.024472 0.0024984 0.032621 0.013423 0.0012151 0.0071016 0.0033267 0.013318 -0.0081027 0.041742 0.18094 0.098971 0.31408 -0.021374 0.52691 0.082943 -0.020232 0.00094935 0.023905 0.0095009 0.00026793 -0.0028181 0.00037335 0.0031724 0.0025306 -0.0056733 0.0163 0.010879 0.042911 0.0046827 0.068645 0.0055131 -0.0037201 -0.00023969 0.0052069 0.00070509
-0.01493 0.00095128 0.016712 0.003655 0.038435 -0.023257 0.04252 0.024904 -0.0019824 -0.0024435 0.049681 0.0065903 0.0053429 -0.0011662 0.0065134 0.0017652 -0.03799 0.0040121 0.059943 0.02349 0.19797 0.052689 0.41726 0.23466 -0.033188 0.11976 0.30317 0.39816 0.037414 -0.0055345 0.041796 0.0077135 -0.02215 0.0033278 0.027393 0.0221 0.18785 -0.030664 0.5715 0.11032 0.013508 0.012173 0.23129 0.053633 -0.0012699 -0.0028075 0.049457 0.009364 -0.0073948 0.0021795 0.0080768 0.0027917 0.016953 -0.0011948 0.085335 0.020104 0.013544 -0.0096301 0.038011 0.026383 -0.0019759 9.4752e-06 0.0074317 0.0010682
0.00079871 0.00020747 0.0046469 0.0018676 -0.030088 -0.0044079 0.033124 0.0078469 0.041671 -0.028301 0.063508 0.028989 -0.0043795 6.8293e-05 0.0046023 0.00025901 0.068105 -0.0036693 0.09537 0.012049 -0.11229 0.11233 0.46658 0.1338 0.068118 0.13161 0.39418 0.15246 -0.029382 0.0029134 0.030177 0.0031205 0.077703 -0.00191 0.11522 0.0098317 -0.016236 -0.022215 0.59049 0.059979 -0.023875 -0.0063301 0.35904 0.02443 -0.021268 -0.0002227 0.022674 0.0028778 0.010412 -0.0001861 0.018082 0.0012647 -0.0012806 -0.0043456 0.089825 0.011645 -0.0057176 -0.0011672 0.032911 0.0033066 -0.00055354 -0.00054931 0.0041136 0.00070829
-0.0024818 0.00028284 0.0046764 0.0014891 0.0097804 0.002847 0.01567 0.0068796 0.035757 0.011085 0.10336 0.029643 -0.0044113 -0.002379 0.0054709 0.0023928 -0.025283 0.0021064 0.048785 0.014097 0.23763 0.030572 0.28071 0.091673 -0.041096 -0.054419 0.57668 0.12776 -0.0014947 -0.0042087 0.027756 0.0091715 -0.022945 -0.0027191 0.040096 0.00652 0.38874 -0.02014 0.39266 0.029889 -0.17998 0.0014597 0.3615 0.035499 -0.014693 0.0011572 0.019279 0.0082984 -0.00081155 0.00026131 0.0040793 0.0017163 0.058401 0.0060088 0.066589 0.0081789 -0.032717 0.0032321 0.038145 0.0045021 -0.0025257 -0.00012821 0.0041154 0.00050202
-2.6842e-06 0.00047745 0.0002255 0.00068345 0.063149 0.0051748 0.064063 0.006258 0.00041255 -0.00013863 0.00041255 0.00023636 0 0 0 0 0.0037846 0.012633 0.007322 0.031814 0.45268 0.037225 0.48983 0.11564 0.0027398 0.00013658 0.0027398 0.001415 0 0 0 0 -0.00060501 -0.022621 0.0037291 0.023877 0.49729 -0.074027 0.50822 0.083853 0.0041946 -0.00020082 0.0041946 0.00046769 0 0 0 0 2.9714e-05 -2.8747e-05 0.00019056 0.00013895 0.076028 0.00014529 0.077288 0.00059955 0.00032328 2.3439e-05 0.00032328 2.3439e-05 0 0 0 0
-0.0085108 0.0014443 0.0088289 0.0019493 0.031276 4.6662e-05 0.042083 0.0078629 0.017801 -0.00099976 0.043473 0.0053624 0.00538 -0.00080089 0.0076445 0.00096197 -0.071094 0.015343 0.075626 0.016251 0.31831 0.12852 0.40202 0.15195 -0.03758 0.017282 0.24028 0.070707 0.038466 -0.0053919 0.046661 0.0083912 -0.024978 0.013814 0.031616 0.016143 0.29688 -0.057773 0.58756 0.16657 -0.17978 0.0081452 0.29069 0.058377 0.063334 -0.013821 0.067249 0.014561 0.00022134 0.0019503 0.0033788 0.0028915 -0.014925 0.0040152 0.075254 0.03128 -0.011523 -0.042503 0.063615 0.060873 0.012747 -0.0013172 0.012941 0.0015396
-0.0053245 -0.0014481 0.0066011 0.001726 -0.032524 -0.00018735 0.033958 0.0047614 0.067652 -0.0035261 0.069509 0.008211 -0.009795 -0.00090432 0.01012 0.001144 -0.019229 -0.0028468 0.024338 0.0093594 -0.15824 -0.040109 0.16865 0.17851 0.39795 -0.014372 0.41971 0.14838 -0.060378 0.0076401 0.062709 0.014144 -0.013588 -0.0027114 0.02041 0.0034931 -0.21142 -0.0093984 0.21651 0.054807 0.45008 -0.0064448 0.47474 0.039972 -0.034425 0.0014002 0.034873 0.0046261 -0.001911 -0.00062352 0.0023208 0.00073439 -0.01726 0.010854 0.01757 0.025084 0.053509 0.0089818 0.058787 0.016476 -0.0051314 -0.00080524 0.0061545 0.0010082
0.0013075 -0.0032464 0.0047481 0.0041701 -0.0078464 -0.00034756 0.028645 0.03079 0.031575 0.016687 0.043608 0.063509 0.00075653 0.002259 0.0087504 0.0043705 0.031359 -0.0040978 0.034724 0.011322 -0.10622 -0.10577 0.19167 0.26764 0.42057 0.0039488 0.5152 0.15466 -0.062661 -0.015632 0.066834 0.016111 0.012332 0.028328 0.033381 0.02897 -0.10058 0.048958 0.1164 0.067382 0.31349 -0.059308 0.4492 0.20218 -0.0067357 -0.0029847 0.016919 0.0076779 0.00033632 -0.00018945 0.0028325 0.00061391 -0.017472 -0.0063113 0.022966 0.008435 0.036921 0.008674 0.0391 0.01438 0.00010724 -0.00083961 0.0013723 0.0018081
-0.0017021 -0.00052331 0.0036495 0.00078502 -0.012924 -0.0048505 0.036933 0.010119 0.035011 -0.0045776 0.089334 0.012641 -0.0031366 0.00063131 0.0058132 0.0014505 -0.021733 -0.0072984 0.028349 0.0084188 -0.079893 -0.018807 0.2318 0.073979 0.27313 0.012368 0.59405 0.048019 -0.024183 -0.0028086 0.038101 0.0048401 -0.010564 0.0017013 0.012241 0.0060649 -0.064238 0.035466 0.15964 0.12741 0.26599 0.030065 0.59531 0.076216 -0.033672 0.00081463 0.035958 0.0061015 -0.0012173 -0.0001402 0.0012246 0.00030037 0.0077024 -0.0083796 0.031068 0.012025 0.024762 -0.0043982 0.075494 0.012866 -0.0048536 0.00080845 0.0062649 0.0010258
0.00034426 0.0029033 0.0013612 0.0034221 0.056866 0.01862 0.060442 0.019881 -0.03451 -0.0024165 0.034872 0.0040381 -0.0035773 -8.4115e-05 0.0045813 0.0004396 0.01238 -0.014769 0.013731 0.017414 0.33739 -0.019764 0.47799 0.072457 -0.23629 0.0038283 0.23645 0.021055 -0.015942 0.0027286 0.017058 0.0036285 0.0033598 0.0031267 0.0038038 0.005643 0.3872 -0.017086 0.48462 0.055234 -0.23955 0.00034196 0.26331 0.042896 -0.011449 0.0023363 0.012882 0.0035225 0.00035197 -0.00057217 0.0004153 0.0017655 0.054564 0.0059362 0.076811 0.0083735 -0.032882 0.00041982 0.033733 0.0068064 -0.00051017 0.00051859 0.0011868 0.00095439
-0.00035817 -0.0049169 0.0031889 0.0073497 -0.030298 -0.00094606 0.037199 0.062871 0.019336 0.021495 0.087077 0.036018 0.0011152 0.0030074 0.0074282 0.0046176 -0.016113 -0.012184 0.034503 0.028409 0.027738 0.016129 0.29451 0.29469 0.14731 0.16479 0.30611 0.28662 -0.035466 0.0037873 0.079257 0.021871 -0.082102 0.012532 0.084987 0.021824 0.41656 -0.046236 0.43595 0.08845 -0.07201 -0.06101 0.30127 0.26288 -0.0609 -0.0096731 0.064045 0.011782 -0.011889 -0.0013255 0.011922 0.0013357 0.012639 -0.02461 0.012679 0.026417 -0.0013102 -0.0587 0.0087744 0.060331 -0.0014664 -0.0049788 0.0020098 0.0051782
-0.011685 0.0010658 0.011685 0.0015523 0.005512 -0.021017 0.095852 0.07665 0.011718 -0.037368 0.036209 0.045309 -0.0060202 -0.0029731 0.008626 0.0038666 -0.024893 -0.0052351 0.037841 0.041373 -0.25496 0.038894 0.28824 0.27989 0.27158 0.0016285 0.52264 0.17981 -0.028211 0.0060867 0.048256 0.020256 -0.020147 -0.013012 0.023884 0.030672 0.030018 -0.045587 0.28329 0.23122 0.13462 0.15968 0.29972 0.27626 -0.050544 0.01419 0.056975 0.016758 -0.0029622 0.0032387 0.0030221 0.0034379 0.042917 -0.007888 0.07335 0.015149 -0.0090458 -0.0062289 0.023342 0.038189 -0.0060571 -0.0024788 0.0062992 0.0037103
0.0012579 -0.00094231 0.0055523 0.0056188 0.0066851 -0.0053019 0.022101 0.02155 0.03411 -0.016264 0.078507 0.025996 -0.0069669 -0.003149 0.018383 0.0051257 0.0050661 -0.0029684 0.02262 0.023135 0.034384 -0.082393 0.12811 0.17009 0.24353 -0.076149 0.58628 0.1862 -0.045569 -0.017196 0.083534 0.035069 -0.009541 0.0033615 0.030845 0.02106 0.053907 0.13712 0.1428 0.15359 0.053733 -0.072347 0.56833 0.27742 0.040816 0.015531 0.046107 0.017079 0.0059512 -0.0006138 0.0089569 0.002672 -0.0017156 -0.0039773 0.02236 0.007443 0.0013302 0.0038407 0.033127 0.018501 0.00025869 0.00028628 0.0018931 0.00062613
-0.0050254 -0.0014598 0.0056647 0.0016621 0.004201 0.004076 0.084097 0.0081858 -0.0052082 0.02027 0.036922 0.02386 -0.00060206 0.00031603 0.0017903 0.0019119 -0.027447 -0.0059148 0.028816 0.006267 0.062169 -0.003939 0.56636 0.067547 0.054557 0.027986 0.39965 0.10128 -0.024839 -0.0088575 0.034838 0.023904 -0.011891 -0.001625 0.029923 0.0056614 0.036218 0.006311 0.48838 0.042335 0.06222 0.0192 0.47111 0.048927 -0.027669 -0.0019888 0.027873 0.003041 -0.00036099 -0.00034621 0.0047696 0.00077535 0.00080758 -0.00039052 0.071546 0.0091064 0.014667 -0.00093899 0.070198 0.0053074 -0.0042908 0.00049867 0.0044479 0.00067481
-0.00048163 -0.00012566 0.00083821 0.0010836 -0.024237 -0.0041057 0.032361 0.0095886 0.033408 -0.009862 0.075548 0.014723 -0.0024111 0.00030327 0.002428 0.0010699 -0.003281 -4.5288e-05 0.0034922 0.0049665 -0.22372 -0.071127 0.22531 0.12506 0.27773 -0.0022917 0.55 0.051199 -0.015053 0.0004383 0.019943 0.0022832 -0.0033752 -0.0019643 0.0048637 0.0078966 -0.20681 0.023844 0.20681 0.201 0.29483 0.021839 0.5131 0.030277 -0.016092 -0.00079066 0.022734 0.0033715 -0.00046438 0.00043154 0.00081047 0.00057785 -0.020336 0.0026557 0.020336 0.011894 0.036334 0.0037613 0.07276 0.0064306 -0.0024518 -3.9118e-05 0.0031179 0.00014099
0.0032236 -0.0017389 0.0048864 0.0049746 -0.00090357 0.004833 0.045276 0.04034 -0.0083391 0.017325 0.030385 0.037126 0.0037109 -0.0032044 0.0046233 0.0045328 0.0068682 0.015757 0.054063 0.051065 0.10024 0.046695 0.38262 0.15075 -0.026176 0.050591 0.51919 0.13488 0.013732 0.021694 0.029402 0.026805 0.0084515 0.0098666 0.031299 0.023494 0.016106 -0.067717 0.39571 0.12274 -0.0035574 -0.14034 0.51989 0.19697 0.00050553 -0.0018999 0.01802 0.0056226 -0.0011442 -0.0048642 0.0024304 0.0056321 -0.0096337 -0.015901 0.034954 0.017078 0.015596 -0.0044517 0.058434 0.011209 0.0011315 -0.00047924 0.0027913 0.00059164
0.0035548 -0.0031418 0.0065559 0.0054783 0.0053273 0.0024894 0.04984 0.032185 0.011738 0.01293 0.024562 0.036195 0.00023273 0.00074486 0.00089413 0.0010285 0.0022563 0.036805 0.028335 0.04555 -0.1034 0.060391 0.39761 0.46984 0.19039 -0.090894 0.23517 0.24922 -0.0013553 -0.00011696 0.0034776 0.002966 -0.015648 -0.050279 0.026617 0.074714 -0.19835 -0.19738 0.25401 0.20203 0.33692 0.068601 0.33692 0.07607 0.00017418 0.00096185 0.0032622 0.0034718 -4.0226e-05 -9.0498e-05 0.0002923 0.00036292 0.0020707 0.00027484 0.0092225 0.0032428 0.046829 0.002712 0.046829 0.002712 -0.00045041 0.00014914 0.0004592 0.00026136
-0.0033966 -0.00010387 0.0042312 0.00034971 -0.018359 -0.0036898 0.029277 0.0046585 0.035144 0.0011176 0.057402 0.0090555 -0.0023969 0.0008757 0.010232 0.0019784 -0.022525 0.0014795 0.02835 0.0031962 -0.15632 -0.011495 0.2466 0.021877 0.28044 5.771e-05 0.52412 0.050668 -0.0090293 0.0017077 0.092216 0.0064612 -0.039653 0.0022477 0.048503 0.0030879 -0.13719 0.0096812 0.27722 0.017489 0.27254 0.011338 0.58931 0.052355 0.001597 0.00061637 0.082865 0.0048998 -0.0067794 0.00013839 0.0084175 0.00046553 -0.016085 -0.0077358 0.039151 0.0084 0.03867 0.0057772 0.084608 0.01046 0.00076008 9.5074e-05 0.010627 0.00080363
0.0030507 0.00016999 0.0034719 0.0027087 0.0013422 0.0016945 0.0022019 0.0020723 0.033688 0.0090016 0.03687 0.011302 -0.006734 -0.0006924 0.0068155 0.00092346 0.020374 0.004111 0.021237 0.0070939 -0.070456 -0.10052 0.10736 0.10892 0.34643 -0.07548 0.40037 0.093274 -0.064454 -0.00049359 0.076422 0.012442 0.0088366 0.0048974 0.011166 0.006377 -0.18491 -0.023087 0.27568 0.075021 0.47473 0.046395 0.53268 0.064067 -0.054735 -0.0072015 0.061774 0.010196 -0.0015137 0.003029 0.0049694 0.0033701 -0.022458 0.017601 0.023842 0.045704 0.063996 0.0080695 0.075709 0.017959 -0.0091324 0.00054627 0.01154 0.0015579
0.0098257 -0.0027541 0.010804 0.0034216 -0.026058 -0.030467 0.039776 0.078876 0.065742 -0.012897 0.11842 0.04901 -0.0023012 -0.0012724 0.0050927 0.0017965 0.025548 0.033448 0.038797 0.038631 -0.13536 0.046921 0.16391 0.10654 0.38453 -0.10402 0.57821 0.25574 0.0059139 0.0048603 0.025921 0.013899 0.020195 0.00072969 0.028357 0.0063832 -0.18397 -0.041963 0.22598 0.068249 0.33123 0.022694 0.36281 0.084736 0.0053838 -0.0051669 0.018961 0.015982 -0.0025711 -0.00098477 0.0065877 0.0021949 -0.0090015 0.002085 0.026217 0.0090036 0.038324 0.0024183 0.042138 0.0071134 0.0016199 0.00036164 0.0073611 0.0028198
-4.0169e-05 -0.00035376 0.00066057 0.0007301 0.046167 0.023553 0.046954 0.025581 0.00090325 -0.0082729 0.073548 0.027125 0.00070134 0.00050033 0.0090054 0.0028207 0.0008756 0.0025069 0.023283 0.06475 0.41711 0.040633 0.44047 0.19533 -0.30512 -0.051977 0.31379 0.10568 0.044668 0.013284 0.10402 0.033046 0.013288 0.0029077 0.02069 0.018851 0.27278 -0.10111 0.32086 0.15455 -0.064926 -0.067951 0.29351 0.14222 -0.050714 -0.016207 0.12779 0.033734 -0.0016284 0.00014239 0.0021319 0.0032848 0.024699 -0.0052315 0.041921 0.019088 0.017625 -0.002339 0.066 0.021451 -0.0090556 -0.0016912 0.011284 0.0033476
-9.2251e-05 -0.0008586 0.00076811 0.0015783 0.006289 -0.008248 0.010995 0.011913 0.058315 -0.011816 0.10468 0.019281 -0.0022116 0.00052216 0.01223 0.0012995 0.001189 0.0010344 0.0034163 0.0046308 0.010802 -0.0028544 0.03586 0.040859 0.42478 -0.032668 0.63441 0.077391 -0.024979 0.0037254 0.073839 0.010356 0.00059473 -0.00058302 0.0016594 0.002774 0.083465 0.090772 0.11576 0.13177 0.29992 -0.089058 0.41215 0.2465 -0.040767 0.0016553 0.075773 0.012489 0.0016975 0.0021495 0.0019513 0.0027299 0.0012051 -0.0046966 0.033117 0.032603 0.0054819 -0.0098446 0.018682 0.020945 0.0029792 -0.0035509 0.0099502 0.0038722
-0.004779 0.0022262 0.0054551 0.0022693 0.026994 -0.0074395 0.032676 0.010017 0.0021887 0.001726 0.027506 0.0073298 0.00050985 0.00034133 0.0013251 0.00042976 -0.010027 0.007502 0.031983 0.0095232 -0.031786 0.026947 0.15061 0.05401 0.19252 0.05961 0.40055 0.1293 0.01989 -0.0088925 0.024164 0.011209 0.010036 0.00065104 0.034706 0.0054257 -0.13257 0.073429 0.23443 0.074011 0.25988 0.004721 0.74835 0.14949 -0.0044138 -0.0062964 0.055641 0.016394 0.0026507 -0.00038832 0.0052524 0.00098218 -0.024551 0.0020829 0.034582 0.0082327 0.035746 -0.012852 0.085072 0.028782 -0.0038825 0.00056889 0.0083489 0.0012684
-0.0070628 -0.00053945 0.0073005 0.001595 0.026024 0.00023893 0.089965 0.017078 0.0077246 0.0035336 0.032105 0.0079512 -0.0027791 -0.0010271 0.0089607 0.0018546 -0.018268 -0.0059269 0.030633 0.013109 -0.09096 -0.090094 0.2552 0.16109 0.29583 -0.16444 0.55805 0.23031 0.036889 0.0035407 0.051716 0.0093895 -0.060408 -0.010987 0.070989 0.022622 -0.0065569 0.024777 0.18697 0.073585 0.30403 0.10459 0.45226 0.14612 0.044187 0.011743 0.052089 0.01331 -0.011718 -0.0020518 0.011758 0.0022302 0.045733 0.052375 0.057673 0.05481 -0.00040819 -0.0018943 0.034819 0.0117 0.0040628 0.0010442 0.00724 0.0017912
0.0018645 -0.0026529 0.0062545 0.0039258 -0.031007 -0.0059896 0.12287 0.015991 0.02496 0.0011613 0.033749 0.0086246 -0.0007419 -1.9623e-05 0.0025662 0.00029101 0.002968 0.011417 0.023787 0.018257 -0.20097 -0.15371 0.71659 0.19917 0.23382 0.010602 0.24504 0.038005 -0.0035967 -0.00019955 0.010118 0.0025132 -0.010744 -0.001728 0.016606 0.0056472 -0.073138 0.0097157 0.42256 0.097249 0.15558 0.017096 0.15558 0.020964 -0.0095828 -0.00030594 0.015912 0.0027683 -0.0012493 9.5857e-05 0.0023753 0.0005661 -0.0068308 0.0028355 0.052641 0.0083437 0.020286 -0.00034126 0.020424 0.0020614 -0.0014886 -3.1477e-05 0.0024071 0.00027447
-0.0007144 0.00062976 0.0084187 0.0011029 -0.038335 -0.0030807 0.041034 0.0061407 0.062042 -0.00063036 0.068512 0.0036471 -0.0085718 0.00038142 0.011348 0.0022954 -0.037672 -0.0063477 0.08164 0.010725 -0.17312 -0.030638 0.18604 0.13772 0.39128 -0.014467 0.44167 0.078454 -0.042082 0.0011894 0.045476 0.0064058 -0.039471 -0.011385 0.050523 0.015351 -0.19965 0.0086617 0.20984 0.038738 0.43497 0.010537 0.48633 0.048969 -0.06595 -0.017247 0.068927 0.01835 -0.0032083 -0.00059502 0.0040581 0.0014173 -0.014997 0.0084173 0.016356 0.041814 0.04893 0.00357 0.056816 0.025937 -0.011021 0.00089729 0.011641 0.0015531
-0.0013458 0.00039849 0.0056 0.00063817 0.00061543 0.0071852 0.070341 0.011943 0.0173 0.001836 0.068591 0.0050266 -0.0041286 -0.00050211 0.0042755 0.00083683 -0.012897 0.0037335 0.033509 0.0052417 0.037063 -0.0038591 0.50884 0.056638 0.076583 -0.0082678 0.456 0.063814 -0.028335 0.0010569 0.030203 0.011473 -0.0061491 -0.0083509 0.033181 0.0088399 -0.0038659 0.033181 0.53776 0.044202 0.1034 0.014452 0.43666 0.022477 -0.02271 0.0002699 0.024396 0.0059628 0.0019646 0.00052433 0.0021131 0.00065145 0.0013618 -0.0048879 0.063476 0.0099628 0.016029 0.0012791 0.062294 0.0048421 -0.0044113 0.00042314 0.0044124 0.00045431
-0.0001259 -0.00012331 0.00016211 0.00012331 0.078987 -0.00047828 0.079028 0.00084557 0.0002819 0.00011426 0.0002819 0.00011426 0 0 0 0 -0.00088676 0.016001 0.0016967 0.016419 0.5192 0.019126 0.52338 0.1059 0.0025885 0.00049487 0.0025885 0.0020975 0 0 0 0 -0.00036738 0.00070464 0.0011532 0.0011935 0.4559 -0.0045282 0.46238 0.0094999 0.0034322 -0.0020919 0.0037152 0.0025005 0 0 0 0 -6.4951e-05 -0.00081345 0.00031882 0.00082567 0.068428 -0.0034543 0.073305 0.0059136 0.00047689 0.00027666 0.00093958 0.00037581 0 0 0 0
0.0011115 0.00033442 0.003473 0.0016091 -0.0050925 0.00033695 0.09429 0.0090172 0.035399 0.0015527 0.035847 0.0085894 -0.014539 -0.00034093 0.014539 0.00052493 0.004132 0.00068975 0.020516 0.0075199 0.013241 -0.0035753 0.61381 0.078424 0.20836 -0.0028725 0.23317 0.06998 -0.087947 0.0020126 0.088338 0.010117 0.005893 -0.00067544 0.019709 0.0064583 0.0039553 0.041481 0.5663 0.066145 0.18409 -0.0075774 0.31512 0.050526 -0.083326 0.0064202 0.083685 0.0085425 0.0026984 -2.496e-05 0.0032556 0.00058426 0.0072825 -0.0012704 0.073342 0.0076461 0.017005 0.0002277 0.05376 0.0048276 -0.0092833 -0.00038683 0.0092833 0.00050998
0.00046423 -0.00051188 0.0057153 0.00098003 -0.0021789 0.00056121 0.066155 0.010194 0.00017768 0.016814 0.039839 0.020112 -9.9367e-05 0.0025646 0.002124 0.0034353 0.014447 -0.0028298 0.037791 0.0064724 -0.0038482 -0.00093032 0.56299 0.070392 0.10697 0.013157 0.33147 0.068702 -0.018313 -0.0013764 0.030778 0.029618 0.018252 0.00030263 0.030711 0.0033571 -0.0246 -0.0064592 0.61506 0.048229 0.13725 0.032464 0.35361 0.042757 -0.037447 -0.0058955 0.038399 0.0070191 0.0015297 0.0005888 0.0029618 0.0021195 -0.0039419 0.00055073 0.072055 0.0090597 0.021299 -0.0024071 0.055236 0.0060309 -0.0053318 0.00084843 0.0053578 0.001009
0.0027193 0.00012586 0.0039023 0.00075207 -0.0074784 0.0086699 0.013598 0.020554 0.047605 -0.0062975 0.077813 0.020226 -0.0037475 -0.00046644 0.0037475 0.00091654 0.022953 -0.0068953 0.026579 0.012265 -0.062551 -0.09817 0.11472 0.126 0.34304 0.02925 0.57462 0.056766 -0.023412 0.0017148 0.023891 0.0040698 -0.00030811 0.0039964 0.0021324 0.0048734 0.049319 0.032164 0.16221 0.061862 0.31612 -0.046067 0.58255 0.076371 -0.029359 0.00029552 0.034065 0.014213 7.1721e-05 -0.00020933 0.00066088 0.001669 0.002489 0.0079734 0.02405 0.02156 0.044137 0.0007181 0.084181 0.0051567 -0.0039726 -5.2962e-05 0.0041417 0.0017553
-6.8098e-05 0.0010737 0.00022121 0.0037282 0.067167 0.0022916 0.067612 0.014079 0.00052048 4.6709e-05 0.00052048 5.8299e-05 0 0 0 0 -0.00093452 0.0012964 0.0027905 0.016075 0.47871 0.013015 0.48835 0.068733 0.0015482 -0.0001213 0.0015482 0.00053761 0 0 0 0 0.0012325 -0.0039909 0.0041907 0.02897 0.48883 -0.018721 0.49986 0.12483 0.0032378 -5.5275e-05 0.0032378 0.00060364 0 0 0 0 0.00059292 -0.0045741 0.00065226 0.0046221 0.07415 -0.016988 0.078127 0.017313 0.00062719 -0.00019335 0.00062719 0.0004428 0 0 0 0
0.0018412 -8.1075e-05 0.0023981 0.00026685 -0.020011 -0.0037623 0.028702 0.0057515 0.02436 0.0065992 0.09546 0.01143 -0.00021395 0.0026607 0.0057057 0.0029039 0.0088625 -0.0001244 0.010761 0.0042328 -0.14125 -0.053501 0.25094 0.077377 0.24482 -0.019324 0.50484 0.075931 0.023313 0.009306 0.057771 0.018584 0.013396 -0.00014014 0.017151 0.0022615 -0.13842 -0.030997 0.26703 0.046 0.2479 0.030756 0.62464 0.054086 0.038128 0.0018508 0.061195 0.012431 0.0018878 0.0004524 0.0019014 0.00051933 -0.0084153 -0.001317 0.041806 0.007336 0.030076 0.003923 0.11688 0.0084353 0.0059867 0.0002028 0.01036 0.0002776
-0.0028693 -0.00069275 0.0048862 0.0011583 -0.022299 -0.0046276 0.070601 0.0080978 0.044866 -0.0079408 0.084072 0.011653 -0.0021372 0.00031417 0.0049073 0.0024006 -0.02543 -0.0075706 0.032073 0.008346 -0.056442 -0.025588 0.30336 0.095428 0.27383 0.014807 0.5882 0.083311 -0.032853 0.0016934 0.038475 0.0068534 -0.016356 -0.00085956 0.01824 0.0075826 -0.064662 0.021294 0.13779 0.10483 0.30925 0.027997 0.54281 0.093118 -0.046755 0.0026813 0.047626 0.0079677 -0.0014129 0.00049481 0.0014359 0.00073133 0.0063876 -0.0029222 0.035649 0.0096867 0.030765 0.0017786 0.072209 0.020095 -0.0055436 0.00047842 0.0056358 0.0015162
0.0017333 0.00036649 0.0019637 0.00087842 -0.0064522 -0.024245 0.014072 0.025631 0.042766 -0.015023 0.048602 0.016675 -0.007802 0.00082382 0.00924 0.001605 0.0060436 0.0027628 0.0070944 0.0046813 -0.1598 -0.0093749 0.26941 0.059735 0.41805 -0.0042477 0.46256 0.039515 -0.045545 -0.0012714 0.049292 0.0026723 -0.00803 0.016749 0.024601 0.019158 -0.15774 0.024906 0.18315 0.15892 0.40983 0.0082531 0.45635 0.11393 -0.054432 -0.0032202 0.066625 0.013695 -0.0006532 0.0010509 0.0084477 0.0015327 -0.042128 0.0010881 0.043685 0.0064429 0.068642 0.0014423 0.075749 0.0039514 -0.0088677 -0.00087655 0.011248 0.0020196
0.0013056 0.0015464 0.0028279 0.0028049 0.0027755 0.0091252 0.038101 0.015058 0.025905 -0.002224 0.045205 0.013886 0.00011783 0.00080187 0.01337 0.002505 0.0026249 -5.8608e-07 0.013782 0.0033218 -0.15288 0.044636 0.2138 0.059181 0.34284 0.08105 0.50733 0.14841 -0.012113 -0.030725 0.085952 0.034199 -0.0036273 0.00038589 0.015738 0.003176 -0.12708 0.059978 0.16299 0.068372 0.25301 -0.09719 0.55305 0.27517 -0.01689 -0.002636 0.01689 0.0050456 -0.0013963 -5.2367e-06 0.0020131 0.00025238 0.0015039 -0.0016416 0.0044763 0.0018605 -0.0017078 -0.0020645 0.014049 0.0029253 -0.00065357 -6.668e-05 0.001712 0.00049328
-0.0030616 0.00017019 0.0037239 0.0014047 -0.01866 -0.017444 0.020242 0.031193 0.05414 -0.012702 0.056671 0.022611 -0.0096004 0.0011058 0.010207 0.0015691 -0.014006 -0.0040143 0.020705 0.0044701 -0.21575 -0.014032 0.22223 0.065667 0.45566 -0.00026837 0.48061 0.047071 -0.036029 0.0033663 0.036719 0.0063841 -0.013166 -0.0019929 0.017637 0.0047585 -0.14626 0.019165 0.15168 0.16264 0.40127 0.026606 0.43473 0.098541 -0.035972 -0.0049229 0.041207 0.0059079 -0.0014082 -0.00046831 0.0031569 0.00054224 -0.027932 -0.0019247 0.028681 0.0072144 0.066081 -0.0018853 0.070225 0.0049835 -0.0063265 -0.00030429 0.0072934 0.0014872
-0.00040763 -1.81e-05 0.00066715 0.0002224 0.010311 -0.00066472 0.015514 0.0057381 0.040749 0.00036411 0.042803 0.0044965 -0.0028582 0.00046588 0.0047013 0.00066446 0.011099 0.030406 0.037125 0.051693 -0.25554 0.17883 0.37663 0.23399 0.36369 -0.081331 0.37014 0.10581 -0.020082 0.003918 0.030235 0.0057669 0.0052537 -0.006355 0.064316 0.040198 -0.062692 -0.045892 0.37194 0.33039 0.14479 0.12433 0.24459 0.20286 -0.014532 0.0042562 0.018733 0.0097782 0.00034478 -0.0010426 0.0059639 0.0045604 0.0042129 0.01334 0.070815 0.042386 0.020161 -0.022544 0.043887 0.036095 -0.0012713 0.00051352 0.0016725 0.00080491
-0.0012215 -6.3494e-05 0.0021014 0.00017327 -0.019163 -0.0050551 0.019163 0.0082341 0.040106 0.00060775 0.063481 0.015985 -0.0045839 0.00074677 0.0068578 0.0010844 -0.042333 -0.0027453 0.050047 0.0071538 -0.0030588 -0.068782 0.032294 0.086793 0.27663 -0.0060063 0.56097 0.067632 -0.0077638 0.0095475 0.086969 0.02629 -0.054105 -0.0023442 0.064174 0.0032084 -0.0074272 -0.00083716 0.048023 0.030969 0.35366 0.013832 0.6442 0.040955 -0.036387 -0.0050183 0.075973 0.01247 -0.0079497 -0.0002092 0.0090408 0.00032372 0.0035104 0.00036535 0.0053028 0.0054409 0.049025 -0.00064081 0.093915 0.0093456 -0.0068081 -0.0013238 0.011404 0.0019611
0.0014992 0.00048719 0.0017044 0.00063888 0.019906 0.032039 0.032889 0.038686 -0.0089196 0.0035336 0.061317 0.016046 0.00042595 -0.0010313 0.0010559 0.0011411 0.014029 0.00018712 0.014029 0.0035675 0.2644 -0.010465 0.36613 0.10782 -0.26002 -0.012445 0.33367 0.076819 -0.00027599 -0.0025155 0.0051623 0.0037794 0.031755 0.008724 0.031755 0.0090032 0.16923 0.069538 0.47398 0.20641 -0.3359 -0.16294 0.34273 0.16718 0.00097032 0.0029594 0.0035901 0.0038497 0.0086167 0.00056052 0.0087597 0.0020576 -0.027014 -0.0099612 0.032353 0.023212 -0.014319 0.0023125 0.014319 0.0032291 -0.00013507 -0.00028751 0.00060553 0.0004906
0.0028393 0.00021967 0.0055423 0.00036335 0.019585 0.0063166 0.033853 0.011911 0.012418 -5.026e-05 0.082025 0.0047752 -0.003808 -0.00050689 0.0042202 0.00082952 0.019331 0.00089178 0.038046 0.0030338 0.090051 -0.007402 0.1753 0.081312 0.086509 -0.03717 0.64499 0.05271 -0.010299 -0.0017607 0.014023 0.0062614 0.029473 0.0016311 0.03524 0.0048085 -0.01703 0.019679 0.1029 0.084047 0.13722 0.0035617 0.67792 0.034706 -0.0077835 0.0026208 0.0094435 0.0064147 0.0038616 0.00039617 0.0042226 0.00064028 0.0018538 -0.0039391 0.047219 0.020995 0.023748 0.0066651 0.11023 0.013882 0.00025873 0.0010598 0.0024681 0.0013978
-0.0012466 0.00066074 0.0016838 0.00075855 0.0022767 0.0065645 0.0037232 0.0073181 0.053545 0.0028507 0.083793 0.0062899 -0.0026357 -0.00027776 0.014866 0.0018395 -0.0054651 -0.0004166 0.011479 0.0025716 0.010881 -0.010987 0.033372 0.042474 0.34921 0.01607 0.69818 0.073377 0.0055274 -0.0019297 0.090956 0.010786 -0.0047883 0.0023872 0.012701 0.0042136 0.07556 0.10133 0.11989 0.15672 0.22469 -0.059215 0.42972 0.22482 0.012342 0.0043452 0.1112 0.014296 0.0025603 0.0042055 0.0052259 0.010154 -0.0087521 -0.010804 0.042402 0.032569 0.0076754 -0.018254 0.027252 0.030142 0.0038175 -0.0017187 0.024233 0.0020898
-0.0031261 -0.00033964 0.0040429 0.00071471 -0.01649 -0.012662 0.019573 0.038438 0.050482 -0.006443 0.056971 0.029236 -0.0055827 -0.00084679 0.00654 0.00096006 -0.019505 -0.003654 0.025231 0.0037949 -0.20436 -0.011663 0.22469 0.043944 0.44558 -0.017948 0.4808 0.04433 -0.052633 -0.01103 0.06513 0.016771 -0.014188 0.00012657 0.020372 0.0044684 -0.15877 0.020101 0.17846 0.13492 0.38814 0.011572 0.44576 0.095068 -0.060818 -0.0068526 0.082476 0.014996 -0.0018221 -0.00040438 0.0022821 0.00063024 -0.030722 -0.0039327 0.032651 0.0085673 0.060243 -0.00067408 0.067298 0.0052153 -0.0095678 0.00075752 0.012423 0.0013758
-0.0086397 -0.001769 0.012124 0.0020786 -0.022813 -0.0043228 0.027582 0.020433 0.059075 -0.0079329 0.06063 0.017976 -0.0055829 -0.00023086 0.0056805 0.00054956 -0.034827 -0.0098872 0.046411 0.013809 -0.22006 0.0015362 0.23806 0.049446 0.45878 -0.010556 0.47021 0.068022 -0.052919 -0.0062414 0.053915 0.010597 -0.016074 -0.005424 0.024543 0.010983 -0.14967 0.0025258 0.16339 0.16241 0.3922 0.023696 0.41174 0.13229 -0.061008 -0.00054724 0.062631 0.0097162 -0.0016373 -0.00044689 0.0022432 0.00048892 -0.031364 -0.00074141 0.034007 0.010729 0.065829 0.0012206 0.068736 0.0060203 -0.0048712 0.00026144 0.0049326 0.00061031
-0.0037245 0.00021883 0.0046011 0.00057741 0.031842 -0.0031468 0.037078 0.0092645 -0.029568 -0.0027621 0.073324 0.0049131 -5.3382e-05 -0.000881 0.0008498 0.0014616 -0.014644 -0.0054592 0.016751 0.0080412 0.27714 0.0020066 0.28214 0.041742 -0.25061 -0.02765 0.50714 0.099101 -0.0033038 0.003404 0.020671 0.0065438 -0.010256 0.0046959 0.013026 0.0068888 0.30817 -0.00086729 0.31485 0.02326 -0.32779 -0.029238 0.4281 0.053685 0.0064966 0.0017827 0.015366 0.011597 -0.0028304 0.00011605 0.0045538 0.0005933 0.047483 0.0018927 0.048638 0.0035273 -0.054635 -0.0054883 0.060941 0.0099546 0.0015626 0.0010715 0.0042789 0.001551
0.00047127 0.00059516 0.0020001 0.0009829 0.047891 0.021826 0.1068 0.02498 0.034913 0.044099 0.15446 0.062282 -0.014407 -0.013978 0.017469 0.015172 0.0029041 -0.0018733 0.0089015 0.0031288 0.18487 -0.0070074 0.48684 0.37857 -0.049668 -0.33523 0.37499 0.35799 -0.043563 -0.0098245 0.04412 0.01045 0.0012996 -0.0014755 0.0077064 0.0024308 -0.10628 -0.043351 0.13279 0.061852 0.18202 0.0098952 0.26712 0.049197 -0.057972 -0.0098733 0.058271 0.01171 -0.00071566 -6.1279e-05 0.001442 0.00031389 -0.0034656 0.00016756 0.028162 0.0044295 0.014049 -0.00059748 0.033528 0.0039986 -0.009015 -0.001919 0.009123 0.0019731
-0.0015684 0.0013576 0.0020512 0.0017944 -0.02309 0.00087915 0.023938 0.027542 0.060634 -0.015439 0.066377 0.02266 -0.010039 0.00023998 0.012736 0.003247 -0.010108 -0.0041085 0.013394 0.0048904 -0.24081 -0.02007 0.25168 0.042011 0.45449 -0.019418 0.47639 0.03768 -0.054487 0.0079072 0.064472 0.012495 -0.0020999 -0.0025595 0.018664 0.0070568 -0.15487 -0.008397 0.18522 0.16039 0.38445 0.022918 0.40442 0.1075 -0.040324 -0.0029228 0.046611 0.0040771 -0.0015734 6.5414e-05 0.0029161 0.00017838 -0.030776 0.00094956 0.033237 0.0017441 0.064211 -0.00067338 0.067199 0.00067338 -0.0055286 3.5935e-06 0.006661 3.5935e-06
-0.0014513 0.0015907 0.0043737 0.0037049 0.024823 0.023747 0.028079 0.024878 0.00020847 0.081941 0.0052591 0.082146 -0.0025466 0.0097323 0.00304 0.0097823 0.033567 0.01793 0.052345 0.02826 0.30237 0.047998 0.4806 0.070242 -0.051655 -0.01942 0.25743 0.14817 -0.041533 -0.0073183 0.042246 0.015554 0.0017587 -0.0011492 0.041228 0.022573 0.15725 0.001852 0.5145 0.14441 -0.12231 -0.1254 0.30882 0.32321 0.026333 -0.025395 0.03342 0.048203 -0.0011064 -0.0015743 0.0025753 0.0050954 0.0069281 -0.019569 0.05108 0.031829 -0.003733 -0.011049 0.035702 0.023489 0.0048223 0.0031854 0.0062759 0.0064662
-0.0038037 5.3778e-05 0.0038071 0.00048055 -0.028446 -0.0045865 0.051884 0.0060429 0.053635 0.0040536 0.062753 0.00775 -0.011053 0.00013456 0.014594 0.0036243 -0.009215 -0.0063986 0.01518 0.010914 -0.17601 -0.0084142 0.27045 0.045665 0.36271 0.015333 0.59855 0.070358 -0.073885 -0.0029596 0.15453 0.0087519 -0.0036108 -0.0019662 0.033397 0.0044472 -0.09936 0.055613 0.21198 0.13899 0.18556 -0.038524 0.44608 0.19238 0.010755 0.0047438 0.049596 0.0099311 0.00056865 -0.0007104 0.0056584 0.00077214 -0.017668 -0.0060309 0.047737 0.024884 0.022327 -0.00080006 0.03207 0.013625 -0.00013895 -0.00022895 0.0027387 0.0006694
0.00050918 0.00032909 0.00065913 0.00065942 -0.025335 -0.0030798 0.035559 0.0077482 0.058679 -0.0014761 0.060505 0.0056657 -0.005612 -0.0002562 0.0056451 0.00035962 -0.015816 0.022614 0.029438 0.023695 -0.15695 0.0031688 0.16745 0.15118 0.38148 -0.019333 0.39216 0.11543 -0.045553 -0.0018504 0.048898 0.0081127 -0.033445 0.0035181 0.077269 0.010606 -0.24238 -0.039918 0.24567 0.088445 0.45481 0.052585 0.47494 0.08522 -0.053536 -0.0059131 0.062165 0.014803 -0.0086153 -0.0013289 0.012304 0.0018572 -0.019063 0.0058554 0.023764 0.027218 0.060779 0.0038245 0.067077 0.012105 -0.0064693 6.3897e-05 0.006777 0.00072983
-0.0080125 0.00035169 0.009233 0.00047938 0.0024083 -0.0016923 0.0056543 0.0028066 0.058627 -0.0027595 0.094773 0.0051728 -0.013822 0.00030506 0.019164 0.0010995 -0.050136 0.00049264 0.056681 0.0064787 0.0065776 0.012131 0.026838 0.053549 0.36815 -0.017927 0.70318 0.053057 -0.092787 -0.00068947 0.12627 0.0052739 -0.03625 0.00053081 0.043517 0.0024578 0.023004 0.082635 0.1037 0.098426 0.2647 -0.074744 0.40389 0.17063 -0.07326 0.0032066 0.10675 0.0064869 -0.0025786 0.0002816 0.0038962 0.0015645 -0.012232 -0.015379 0.029462 0.030422 0.017657 -0.00096102 0.029665 0.018013 -0.0018835 -0.0015471 0.0081951 0.0020262
-0.0048454 0.00063577 0.00508 0.00094256 0.026647 -0.0056101 0.027125 0.010798 0.015649 -0.013769 0.043883 0.016468 0.00074698 0.00073252 0.016183 0.0022138 -0.014874 -0.0010721 0.015039 0.014264 0.2281 -0.019397 0.23274 0.072243 0.070559 0.17265 0.44596 0.30901 0.017684 0.007574 0.11396 0.02547 -0.046053 0.020893 0.046656 0.021248 0.26684 -0.024878 0.28392 0.040231 0.19909 -0.025306 0.50141 0.23473 -0.040644 0.00072336 0.080663 0.022703 -0.0048341 0.0015198 0.0060842 0.0016696 0.034503 -0.000311 0.051361 0.01014 0.041945 0.015766 0.13054 0.039909 -0.014153 -0.0075315 0.014153 0.0078275
-0.00097953 -9.4169e-05 0.0058932 0.00081851 -0.013004 -0.0036039 0.033845 0.0088184 0.020913 -0.0052473 0.08112 0.013921 0.001563 0.00083383 0.0042688 0.0017415 -0.0064311 -0.0060256 0.023018 0.0076114 -0.086152 0.019244 0.16019 0.07885 0.18789 0.0035042 0.67497 0.047616 -0.0077182 -0.0087539 0.048694 0.010459 -0.01091 0.0038381 0.012328 0.0041185 -0.020561 -0.015786 0.11905 0.082048 0.15566 0.022094 0.62937 0.058095 -0.027879 0.0053396 0.051799 0.0066499 -0.0013062 -0.00024609 0.0014087 0.00060167 -0.0061007 0.0017609 0.012244 0.010089 0.032245 0.0018558 0.062883 0.010884 -0.0052785 0.0019858 0.010029 0.0031326
-0.00097382 0.00068261 0.0041677 0.0022041 -0.059516 0.012872 0.10805 0.03282 0.0060756 0.038111 0.035122 0.066353 0.0059994 0.00086264 0.0066811 0.0037859 0.0018201 0.0052304 0.084166 0.024729 -0.27858 -0.21845 0.32067 0.32782 0.091859 -0.044754 0.46789 0.22516 0.06037 0.02077 0.063709 0.022405 -0.087268 -0.027467 0.11984 0.038272 -0.068285 -0.029852 0.084565 0.060191 0.2606 0.013984 0.4458 0.16944 0.0073769 0.0091249 0.020589 0.01371 -0.0092819 -0.0036759 0.012046 0.004566 -0.0094841 0.025848 0.024151 0.026759 0.044539 0.017231 0.048716 0.02069 -0.0026914 -0.001077 0.0034012 0.0013364
0.0032294 0.00029227 0.0042851 0.00056343 0.016992 0.00010783 0.0351 0.0064458 0.012442 -0.00055647 0.070293 0.003072 -0.0043465 -0.00039043 0.004722 0.00087804 0.017317 -0.00058429 0.032903 0.0050601 0.10712 0.009235 0.19051 0.074631 0.060069 -0.040932 0.53944 0.050815 -0.011229 -0.0036733 0.016228 0.005731 0.017355 0.0060031 0.021928 0.0095213 -0.050029 0.02024 0.18486 0.087531 0.13425 0.0074508 0.74084 0.10952 -0.0030343 0.0010962 0.004188 0.0045181 0.0031995 -0.00010392 0.0032575 0.0007544 -0.0062116 -0.01075 0.028155 0.01442 0.020864 0.0050927 0.11308 0.008879 -0.00076943 0.00094342 0.0012521 0.0010124
-0.001759 0.0027637 0.0023246 0.0032194 -0.016188 -0.01165 0.019413 0.037635 0.05337 -0.0094914 0.058153 0.017685 -0.0070324 0.00026501 0.0078078 0.001138 -0.018143 0.011144 0.066737 0.012491 -0.25618 -6.0617e-05 0.2651 0.073005 0.42716 -0.018542 0.43903 0.052944 -0.05072 0.0014724 0.058998 0.011452 -0.038203 -0.005659 0.092778 0.0086072 -0.19086 -0.0053813 0.21035 0.14191 0.39541 0.017412 0.4119 0.090913 -0.040958 0.0012491 0.043059 0.0054713 -0.0067826 -0.0011742 0.0088254 0.0018476 -0.03121 -0.00033112 0.033189 0.006291 0.064201 0.0029132 0.067234 0.0060889 -0.0068288 -0.001581 0.0070196 0.0018463
-0.0021773 -0.0003478 0.0035798 0.00092995 -0.03245 -0.008326 0.033369 0.0092127 0.06044 0.002081 0.071922 0.0083588 -0.0039936 -5.8554e-05 0.0040618 0.00078755 -0.013811 -0.0025535 0.020098 0.0046287 -0.15217 -0.028128 0.18759 0.12245 0.37731 -0.0092858 0.43282 0.114 -0.030607 -0.0037131 0.034715 0.0045178 -0.0078712 -0.0039148 0.014995 0.0054687 -0.20312 -0.035645 0.21793 0.072805 0.46764 0.045237 0.47973 0.090467 -0.0423 -0.01116 0.046191 0.012237 -0.0016146 -0.00017895 0.0018991 0.0010401 -0.019731 0.010571 0.021823 0.027486 0.059366 0.0036552 0.066304 0.016737 -0.0074992 -0.00020345 0.0097252 0.0024678
-3.7686e-05 -3.5893e-07 0.0009735 0.00022872 -0.011666 0.0083862 0.034239 0.017527 0.043865 0.0023725 0.054064 0.0039473 -0.0016607 -0.0001794 0.0034673 0.00063159 0.005494 -1.9941e-05 0.0079852 0.0029068 -0.15797 -6.541e-06 0.40839 0.1039 0.29661 -0.012556 0.3355 0.025636 -0.017624 -0.0035032 0.019056 0.0066771 0.0095923 -0.00061473 0.011759 0.0045797 -0.20229 0.090413 0.5001 0.1896 0.28452 -0.021629 0.34219 0.047139 -0.018464 -0.00012348 0.024582 0.006057 0.0010403 0.017478 0.0014978 0.017904 -0.0092576 0.098541 0.031885 0.12064 0.019976 0.1063 0.034831 0.11062 -0.0013601 0.014592 0.0033891 0.014788
0.00078983 -0.0011407 0.0012886 0.0028897 0.054372 6.7511e-05 0.065162 0.006182 -0.035985 -0.0021531 0.042403 0.0045757 -0.00048111 0.0017894 0.0033186 0.002262 0.016586 -0.0077398 0.017553 0.010096 0.36111 -0.038994 0.39542 0.086809 -0.24612 0.023974 0.29838 0.042555 0.01794 0.00025735 0.05098 0.0088309 0.0033407 -0.00087869 0.0050379 0.0014162 0.43148 0.0061486 0.43148 0.022257 -0.24165 0.0026955 0.30839 0.014114 0.0071766 0.0018161 0.030527 0.0099538 0.00034018 5.6118e-05 0.00041965 0.00019086 0.060935 0.0024126 0.060935 0.0035466 -0.031389 0.00017373 0.043118 0.0049064 0.00014273 0.0001523 0.0050952 0.00084305
0.00025351 0.00016605 0.00046307 0.0008008 0.060275 0.0067259 0.07397 0.0085261 -0.033797 0.00076891 0.036012 0.0032296 -0.002472 0.00069364 0.0029316 0.00073845 0.0016604 -0.0040619 0.0021464 0.014474 0.41143 0.02377 0.43154 0.073228 -0.24659 -0.0068721 0.2663 0.015778 0.009092 0.013035 0.061497 0.01474 -0.00093037 -0.0040331 0.0026197 0.0048646 0.42734 -0.048817 0.42734 0.067913 -0.20515 0.019962 0.24839 0.026536 0.0097676 -0.0050677 0.056633 0.016386 -9.0847e-05 3.3996e-05 0.00042505 0.00021682 0.062488 0.00068371 0.062488 0.0018896 -0.024971 -0.00068058 0.033579 0.0022553 -0.0014579 0.00041603 0.0055331 0.0011105
0.0019643 -0.0032135 0.0040486 0.0045313 -0.0061969 -0.0039096 0.048888 0.014234 0.013257 0.00038087 0.01692 0.006781 -0.00044576 0.00036979 0.0010412 0.00049208 0.015328 0.018103 0.020839 0.023608 -0.079912 -0.0057001 0.58866 0.12575 0.14388 -0.045822 0.17386 0.12685 -0.004999 0.009179 0.0070386 0.011379 0.011525 -0.021453 0.021723 0.024857 -0.056358 0.010906 0.63678 0.11076 0.18778 0.12109 0.22082 0.14196 0.0057857 0.014233 0.037868 0.01961 -0.0018148 0.00097305 0.0020203 0.0014603 0.00099795 0.0029561 0.10277 0.01521 0.02771 -0.0015721 0.041326 0.010718 0.0028511 -0.00041324 0.006306 0.0015052
-0.0006068 0.002949 0.00060961 0.0036041 0.06689 0.01315 0.069346 0.01835 0.00011217 4.0766e-05 0.00011217 9.9784e-05 0 0 0 0 -0.0013259 -0.00054026 0.0027014 0.019109 0.46914 0.01454 0.48319 0.12048 0 0 0 0 0 0 0 0 -0.0014938 -0.0084237 0.002409 0.015844 0.49479 -0.034909 0.50522 0.076665 0 0 0 0 0 0 0 0 0.00039566 -0.0038173 0.0014396 0.0047324 0.079166 -0.013274 0.079966 0.033916 0.00015348 -4.1244e-05 0.00015348 0.00015348 0 0 0 0
-0.022237 -0.00020979 0.028705 0.0020557 -0.0089589 0.0061832 0.010493 0.0071915 0.027577 0.0063501 0.1001 0.01476 0.0066832 0.0015751 0.0071815 0.0016322 -0.12175 -0.022787 0.15511 0.029893 -0.13043 -0.023389 0.21885 0.16628 0.18927 -0.050107 0.6678 0.17367 0.050971 0.0034658 0.056566 0.005015 -0.082249 -0.032131 0.091766 0.033779 0.04238 -0.031158 0.12688 0.12386 0.091216 0.0026344 0.48681 0.15847 0.047592 0.0088242 0.04765 0.0089325 -0.00364 0.00017559 0.0046468 0.0018911 0.0126 0.0085037 0.028937 0.014593 0.0067763 -0.0090311 0.072532 0.012189 0.0044367 0.00034805 0.0044367 0.00048041
-0.0052278 -0.00055918 0.0068339 0.0022099 0.01339 0.017259 0.051789 0.028623 0.0075574 0.0043723 0.080669 0.018271 0.0013519 0.0018386 0.0042389 0.0034793 -0.037279 -0.0020288 0.038836 0.0069862 -0.023683 -0.17094 0.33904 0.20677 0.22183 0.0013478 0.53815 0.07416 -0.0023382 -0.0027761 0.020237 0.0062693 -0.023813 -0.006068 0.024261 0.0067588 -0.11731 -0.036905 0.27052 0.10771 0.37534 0.038566 0.44248 0.056985 -0.0033597 4.8982e-05 0.045312 0.0054758 -0.00042417 -0.00058598 0.0010219 0.00080303 -0.0094366 0.0091095 0.029539 0.013356 0.055108 -0.0018105 0.06951 0.0046795 -0.00094814 -1.133e-05 0.0047253 0.00038686
0.0075595 0.00093647 0.011284 0.0013926 0.014135 0.01404 0.031998 0.031055 -0.03298 0.0043309 0.083595 0.011934 0.0012949 -0.00088258 0.0015986 0.00153 0.054038 0.0040046 0.086451 0.012796 -0.17891 -0.13697 0.33991 0.27732 0.13327 0.047853 0.30521 0.27652 0.018323 0.0091259 0.02499 0.012178 0.0481 0.0074591 0.068712 0.024456 -0.0030337 0.19342 0.3109 0.37594 0.052214 -0.026737 0.36531 0.3138 -0.0065176 -0.0016115 0.0073639 0.0050487 0.0075929 0.0006577 0.012778 0.0085316 -0.021237 -0.10031 0.025028 0.10141 0.019321 -0.0066262 0.059616 0.016063 -0.0001033 -1.7724e-05 0.00053242 0.00053895
0.0002837 0.00091749 0.00044243 0.0014416 0.058398 0.0065457 0.080114 0.0089465 -0.037394 0.0023963 0.041417 0.0081079 -0.0041005 0.00033292 0.0048323 0.0011099 0.0020602 -0.006202 0.0027498 0.011641 0.38403 0.024262 0.41325 0.052913 -0.24399 -0.0037977 0.31254 0.017807 0.011518 0.021989 0.10666 0.024111 0.00034754 -0.0033274 0.0018845 0.0045271 0.40864 -0.03615 0.40864 0.058464 -0.19958 0.020653 0.31139 0.028094 -0.021548 -0.019852 0.067863 0.030903 3.0022e-05 5.956e-05 0.00064483 0.00019973 0.064358 0.0017496 0.064358 0.0029772 -0.028422 -0.0015811 0.049893 0.0021749 -0.005515 -0.00038765 0.0091862 0.0015773
-0.0042474 -9.194e-05 0.0053535 0.00044755 0.0082518 0.001137 0.01419 0.0016991 -0.0078386 0.0043501 0.065402 0.012567 -0.0020854 1.0917e-06 0.0030805 0.0018171 -0.024024 -0.0011849 0.030634 0.0028052 -0.064637 -0.030485 0.14766 0.041815 0.18264 0.01074 0.42337 0.075652 -0.044032 0.021027 0.045972 0.024412 -0.014837 -0.0018588 0.027611 0.0024534 -0.16761 -0.029331 0.24947 0.039579 0.32699 0.026944 0.71959 0.049876 -0.042607 0.0039698 0.056174 0.01356 -0.00074229 0.00018856 0.0063643 0.00024348 -0.018873 -0.0030163 0.041783 0.0048384 0.046115 0.0029065 0.10045 0.0058671 -0.0085305 -5.1565e-05 0.0085754 0.00039676
0.0038917 0.00027164 0.0048842 0.0034903 0.010918 -0.0011698 0.022727 0.0092659 0.018054 -0.010428 0.058483 0.019604 -0.0059667 0.001146 0.0088101 0.0018089 0.048691 -0.0067492 0.078076 0.029017 0.13938 0.055028 0.31661 0.11823 -0.015201 0.050242 0.4259 0.17192 -0.034611 0.0053996 0.063055 0.015021 -0.0037815 0.0034973 0.067962 0.021198 0.2214 -0.0020525 0.43226 0.077138 -0.16736 0.02468 0.56636 0.072751 0.051545 -0.015869 0.11143 0.024453 -0.0069131 -0.0015123 0.00951 0.002325 0.043861 -0.012874 0.070605 0.013349 -0.02888 -0.0010211 0.05904 0.012216 0.0098045 -0.0015604 0.01426 0.0042632
0.00024739 6.226e-05 0.00080385 0.00027712 0.0097938 -0.0027011 0.010333 0.0052215 0.027503 -0.00044293 0.027503 0.012609 0.0033268 -0.0016424 0.0097962 0.0042187 -0.0092737 0.0026096 0.015711 0.0086382 6.7499e-05 -0.012062 0.057078 0.039723 0.45523 0.055106 0.4652 0.12029 -0.080814 0.0069683 0.1043 0.031114 -0.015763 0.0047944 0.023627 0.009707 -0.0057075 0.011515 0.034937 0.041445 0.4814 -0.031371 0.51929 0.094853 -0.062372 -0.0026644 0.067976 0.023215 -0.0025825 0.00093247 0.0041415 0.0011793 0.005188 0.011382 0.011888 0.015339 0.054961 0.004379 0.066497 0.015453 -0.010846 0.00078573 0.011088 0.0027056
-1.1996e-06 6.191e-05 0.0016394 0.00030403 0.037335 0.0039049 0.069945 0.0064842 -0.047367 0.0038738 0.054744 0.013044 0.0002771 -0.00097827 0.0012166 0.0031194 0.0017797 -9.0859e-07 0.0086675 0.001825 0.26337 -0.015885 0.42809 0.060747 -0.24183 0.077871 0.39172 0.093126 -0.0025942 0.016212 0.01262 0.021786 -0.0034009 -0.0012161 0.0084258 0.00232 0.30055 0.004394 0.45027 0.063899 -0.12384 -0.003218 0.42076 0.053743 -0.039308 0.0016132 0.042995 0.017739 -0.002758 -0.00021588 0.0034334 0.00066265 0.039083 -0.0024394 0.053428 0.0071393 -0.0021903 0.0010704 0.054524 0.0037726 -0.012088 0.00022958 0.012143 0.0006408
0.00028485 5.454e-05 0.00088362 0.00033691 0.020963 -0.0045185 0.021623 0.0056964 0.049275 -0.0050744 0.077369 0.0095991 -0.003753 0.00061028 0.0050219 0.00090895 0.021117 -0.00015799 0.021896 0.01467 0.037369 -0.019455 0.094817 0.079104 0.39846 -0.00042413 0.58437 0.019826 -0.03267 -0.0029571 0.038693 0.010003 -0.0025083 -0.0015081 0.0055792 0.0057448 0.15736 0.017986 0.16519 0.072799 0.33703 -0.02435 0.53012 0.07387 -0.032428 0.0022163 0.033932 0.0080033 6.899e-05 5.3984e-06 0.00057331 0.00053579 0.025093 -0.00078757 0.027305 0.0053568 0.045009 0.0012356 0.069124 0.004241 -0.0057408 0.0001599 0.0059283 0.0007268
-0.014239 0.0023329 0.026113 0.0049546 0.0095039 -0.022828 0.058443 0.054483 -0.033887 0.019069 0.077017 0.035845 0.010082 0.0019892 0.010748 0.0020021 -0.05135 -0.060246 0.083814 0.064046 -0.12303 -0.072448 0.19304 0.32627 0.14182 -0.049801 0.54252 0.229 0.078132 0.014966 0.089365 0.017876 -0.051577 -0.009093 0.057584 0.011292 -0.029527 0.0034022 0.071463 0.050596 0.25375 0.045467 0.5508 0.14757 0.041529 0.012047 0.051653 0.013572 -0.0042908 -0.0011084 0.0050139 0.0022723 0.0040939 0.0010095 0.013931 0.0099012 0.03024 -0.033206 0.043046 0.04805 0.0022087 0.0002142 0.0039096 0.0010266
-0.0043984 -0.0025189 0.024385 0.006488 -0.032925 -0.001683 0.071541 0.031558 0.021692 0.02196 0.050889 0.058664 0.0042785 0.0010774 0.0059721 0.0016508 -0.046879 -0.0062568 0.10251 0.02278 0.14086 0.033752 0.56722 0.14108 -0.0088775 0.03439 0.2338 0.076469 0.019592 0.0042544 0.047564 0.011468 -0.049107 -0.013716 0.068426 0.017283 0.21823 -0.16064 0.51822 0.18824 0.074714 0.0042647 0.36103 0.11182 -0.025677 -0.004757 0.029314 0.008527 -0.011393 -0.00062662 0.011398 0.0019479 0.036405 0.02612 0.057373 0.036662 0.017268 0.0035605 0.046525 0.01358 -0.0016404 -0.00046438 0.0029948 0.00096314
0.00037023 -0.00072877 0.0010082 0.0011815 0.056404 0.00028627 0.074344 0.0031785 -0.034988 0.0008386 0.039576 0.0059205 -0.0021469 -0.00033701 0.0026776 0.0013365 -0.00089618 -0.00029158 0.014672 0.012978 0.37766 -0.032848 0.49028 0.063615 -0.24327 0.02564 0.27909 0.066966 -0.014004 0.002098 0.015944 0.0068511 0.0016888 0.011157 0.0065664 0.013825 0.39828 0.04486 0.41579 0.056245 -0.23322 -0.0030846 0.23322 0.027855 -0.018203 0.00025028 0.022904 0.0069412 0.00069035 -0.000536 0.0014934 0.0016486 0.046158 -0.011347 0.068756 0.017499 -0.033572 0.00074465 0.034613 0.0078383 -0.0019068 0.00040267 0.0021317 0.00056312
-0.0015727 -0.00042743 0.0015748 0.0011915 0.046886 0.0072181 0.049182 0.010768 -0.039199 0.002705 0.0579 0.0071005 -0.00019858 -0.0027509 0.0036583 0.0032658 -0.0025273 -0.0037739 0.0065 0.0071535 0.29707 -0.0037225 0.32873 0.036344 -0.23041 -0.0074869 0.43331 0.095553 0.02311 0.0025323 0.032704 0.0091987 0.00047393 -0.0022688 0.0093318 0.0032022 0.26627 0.0013175 0.40215 0.026931 -0.19547 -0.0027846 0.50327 0.05561 0.010273 0.0044487 0.039746 0.020827 -5.4458e-05 0.00038114 0.0011117 0.00055634 0.031369 0.00095452 0.067393 0.0022092 -0.016372 -0.0029657 0.06859 0.0061282 -0.00077741 -0.00013726 0.0033854 0.00026966
-0.0043738 -0.00073094 0.0046239 0.00076581 0.0050065 0.00011094 0.10013 0.0050295 0.016654 0.0029318 0.072059 0.0064254 -0.00458 -0.00049319 0.0046097 0.00067165 -0.014413 -0.0017651 0.03083 0.0053177 0.020312 -0.0011724 0.47377 0.06122 0.10573 -0.0026755 0.50686 0.042518 -0.029284 0.0043058 0.030348 0.0059196 -0.011145 0.0021706 0.035679 0.004854 0.013403 0.025219 0.49509 0.064828 0.10943 0.0098089 0.45494 0.02638 -0.027363 -0.0014624 0.02816 0.0048603 -0.0018287 0.00016991 0.0042733 0.00054361 0.0063719 0.00052739 0.074266 0.0072886 0.0092898 0.00019914 0.06428 0.0057383 -0.0039033 -0.0007655 0.0041486 0.0016697
-0.0011933 -0.00043365 0.0031101 0.00052126 -0.033286 -0.0061473 0.036417 0.0081301 0.066353 6.1923e-06 0.069394 0.0070632 -0.0070652 -0.00051463 0.008249 0.0018995 -0.0088417 0.0015093 0.015334 0.0068857 -0.17137 -0.012796 0.19828 0.15228 0.38951 -0.01994 0.40566 0.13032 -0.052692 -0.0077389 0.062333 0.0094769 -0.0060054 -0.0026572 0.011294 0.0046142 -0.22928 -0.037779 0.23514 0.074193 0.44861 0.03641 0.46562 0.059111 -0.054 -0.00078966 0.06215 0.0094528 -0.00053236 -0.00090367 0.0014171 0.0013396 -0.022361 0.008824 0.027026 0.031579 0.060242 0.0057311 0.065604 0.010404 -0.0059989 -0.00065722 0.0069686 0.00088617
0.0023185 0.00063575 0.002331 0.00075871 -0.020531 -0.0027934 0.022294 0.0065707 0.043094 -0.0022719 0.067023 0.0048211 -0.00048851 -0.00042597 0.0027837 0.00082273 0.027612 0.0092136 0.032682 0.014203 -0.22487 0.031383 0.22508 0.1068 0.29065 -0.0048587 0.49665 0.062803 0.0091971 -0.0069421 0.0165 0.013446 0.041297 0.0065491 0.045052 0.0098405 -0.28271 -0.026723 0.28422 0.084757 0.29947 0.0045546 0.51463 0.044456 0.01018 0.0075412 0.016044 0.011493 0.0021417 0.00077431 0.0042156 0.0014053 -0.039588 -0.00077903 0.03971 0.0064956 0.046415 0.0002026 0.078649 0.0057972 -0.0012175 -0.0049436 0.0031902 0.0050705
-0.00039798 -0.001293 0.00063125 0.0017359 0.020772 0.00031926 0.080074 0.0069852 -0.016296 0.012082 0.062451 0.017349 0.00070424 0.0010884 0.0073101 0.0027111 -0.0019064 -0.0012271 0.0062952 0.0032531 0.1601 -0.0053123 0.55455 0.014797 -0.14813 -0.0083283 0.30405 0.068924 0.029323 -0.0040533 0.039577 0.012585 -0.00018051 0.00095301 0.0047819 0.0042215 0.12558 0.006769 0.44301 0.050958 -0.075707 -0.011729 0.54369 0.077088 0.0093035 0.0095976 0.035481 0.01075 -0.00015438 -0.00033368 0.00049531 0.00050498 0.0115 -0.00082972 0.056691 0.0029068 -0.0055258 -0.00042528 0.07779 0.0048112 0.00059966 -0.0002142 0.0048308 0.00033068
0.0037317 0.0007929 0.0037547 0.0012161 -0.045661 -0.005877 0.046388 0.0071517 0.045705 -0.0025413 0.087552 0.010449 -0.0012782 -0.0050953 0.003618 0.0051433 -0.026932 -0.0033271 0.065314 0.005451 -0.20462 -0.01834 0.20723 0.1047 0.29528 0.0017507 0.5587 0.087952 0.0053947 0.024277 0.013509 0.024818 -0.039894 -0.0040651 0.069202 0.0047752 -0.18033 -0.019473 0.18295 0.10536 0.33419 -0.0029988 0.51599 0.059527 0.0043573 -0.00026662 0.010451 0.0045123 -0.0052903 -0.00072131 0.0088912 0.0007558 -0.026852 -0.00027273 0.029482 0.0047302 0.046627 -0.0027682 0.081219 0.0063601 0.0025863 -0.0010431 0.0027225 0.0015581
-0.0013465 -0.00067066 0.0013487 0.0013069 0.049119 0.006143 0.051765 0.0092254 -0.040754 0.0023363 0.059031 0.0093502 -0.00041267 -0.0031707 0.0039836 0.0035127 -0.0043734 -0.0038999 0.0077865 0.0066375 0.32505 -0.00078993 0.33221 0.03281 -0.25206 -0.017943 0.4357 0.094403 0.024468 -0.00018503 0.038883 0.010729 -0.0019226 -0.0019425 0.011357 0.002592 0.28308 0.00073398 0.32315 0.01366 -0.19749 0.0053703 0.51837 0.053171 0.0077348 0.0082884 0.043859 0.016716 -0.00030034 0.0006543 0.0013365 0.00083455 0.033519 0.002642 0.05534 0.004943 -0.018773 -0.004336 0.070764 0.0060271 -0.00051294 -0.00015644 0.0043129 0.00022889
0.015462 -0.00098347 0.017365 0.0012951 -0.025536 0.00047849 0.052257 0.018108 0.017152 -0.0049978 0.033437 0.0059284 0.0025522 -9.1549e-05 0.0026048 0.00053 0.088252 -0.0042409 0.10003 0.016906 -0.1036 0.037947 0.50755 0.090295 0.058604 0.03345 0.4232 0.065121 0.01973 -0.0012425 0.020597 0.0046358 0.073333 0.0094508 0.097217 0.03965 0.033354 -0.077543 0.50106 0.11329 -0.08621 -0.031615 0.44557 0.07072 0.01483 -0.0082368 0.015187 0.041466 0.00068107 -0.00091404 0.0016757 0.00091561 0.023847 -0.0045119 0.059286 0.0051879 -0.01061 -0.0074278 0.058153 0.0086503 0.0029983 -0.00093541 0.0030255 0.0011624
0.0018332 0.00030378 0.0029586 0.00048924 -0.022173 -0.0097492 0.029126 0.0104 0.035068 0.0003317 0.068903 0.0076386 0.0028881 0.0013746 0.0086336 0.0015547 0.013242 -0.00088438 0.018245 0.0026681 -0.15756 -0.026368 0.21447 0.042313 0.25399 0.0083314 0.59479 0.05563 0.033233 0.0033757 0.057698 0.010854 0.013097 -7.7826e-05 0.016039 0.0029018 -0.12517 -0.0053234 0.23995 0.038163 0.23135 0.0082059 0.57875 0.095878 0.042918 -0.0031433 0.068469 0.0075721 0.0015626 -5.7801e-05 0.0022684 0.00038148 -0.020459 0.0011694 0.032876 0.0054594 0.036605 -0.0025417 0.098728 0.014825 0.0064976 -0.00054963 0.009361 0.0013322
-0.0015697 -0.00052671 0.0018802 0.0007453 0.043302 0.0043517 0.050832 0.0096969 -0.038311 0.00082539 0.057429 0.0089745 0.0021153 -0.0010586 0.0040214 0.0011508 -0.017338 -0.0039814 0.023942 0.0045059 0.3284 -0.014021 0.3376 0.02542 -0.25851 -0.0081297 0.40688 0.063391 0.02881 -0.00059032 0.037 0.0064715 -0.020948 0.00090278 0.024858 0.0017315 0.3329 -0.0026015 0.33524 0.031182 -0.22831 0.0099738 0.48987 0.051246 0.023186 0.004131 0.031536 0.0054021 -0.0023276 -0.00021804 0.003255 0.00031711 0.041281 -0.00074403 0.041441 0.0054755 -0.027125 -0.00048459 0.048804 0.0041795 0.0018228 7.281e-06 0.0028829 0.0002171
-0.0044867 -0.0014981 0.0076794 0.0033109 -0.023122 -0.0088926 0.066938 0.019895 0.026439 0.023318 0.04636 0.026467 0.00049319 0.0055136 0.0054568 0.0079206 -0.048272 -0.010104 0.050665 0.011402 0.18691 0.045555 0.59731 0.14427 0.017682 0.016717 0.20762 0.059593 -0.0093619 -0.0015944 0.048851 0.010485 -0.020588 -0.0041021 0.030651 0.012931 0.17971 -0.15458 0.49268 0.18764 0.023222 -0.072695 0.3545 0.20299 0.042876 0.008414 0.048985 0.013188 -0.0088217 -0.0023053 0.01122 0.0029983 0.0020627 0.0050424 0.024794 0.010188 0.04336 0.0072547 0.06783 0.013292 0.0056851 0.00080998 0.0077678 0.0012797
-0.00046632 -0.00011918 0.00057484 0.00023732 0.0043886 -0.002489 0.0077371 0.006316 0.047975 -0.00073265 0.087345 0.009036 0.00074725 0.00024301 0.012749 0.0017444 -0.0014079 0.0024923 0.007602 0.0050114 0.0095369 -0.0037179 0.019039 0.069169 0.30133 -0.0078428 0.64032 0.029682 0.01987 0.00023339 0.13723 0.0095163 -0.0028304 -0.00015572 0.0062968 0.00079209 0.026537 0.022023 0.036767 0.041097 0.27641 -0.0039776 0.58678 0.080017 0.016461 -0.0019431 0.16207 0.007557 1.1989e-05 0.0009588 0.0013266 0.0013706 0.012537 0.014977 0.022292 0.027912 0.017878 -0.025033 0.040919 0.026691 0.00024446 -0.00057755 0.016684 0.0017447
-0.00023185 -0.0001323 0.00074614 0.0005458 0.037396 -0.00020636 0.052102 0.0013104 -0.030766 -0.0034506 0.059279 0.0077059 0.00353 -0.001709 0.0039611 0.0021309 0.0012186 -0.0011269 0.0063133 0.0023201 0.22763 -0.00023197 0.42963 0.022634 -0.13251 -0.0071312 0.50922 0.047353 -0.0069269 0.011345 0.031631 0.011972 7.7918e-05 0.0026916 0.0044568 0.006253 0.18441 0.0067118 0.47163 0.028882 -0.098138 -0.020843 0.44454 0.03768 -0.0080414 -0.00085032 0.025812 0.0012514 -2.324e-05 0.00025436 0.00066182 0.00054646 0.019958 -0.0017286 0.056971 0.011712 -0.010243 0.0011573 0.052006 0.0070984 -0.00049365 7.3926e-05 0.0030819 0.00023276
0.00056003 -0.0014467 0.0065141 0.014497 0.010437 0.0014495 0.030907 0.082599 0.051736 -0.0055162 0.066807 0.069775 -0.010463 -0.0046058 0.011797 0.00577 0.0021309 0.013913 0.03428 0.034127 0.050339 -0.12481 0.21341 0.27814 0.27631 -0.066529 0.51817 0.17515 -0.0014864 -0.014043 0.068792 0.049087 0.0035931 -0.011857 0.021527 0.034406 -0.040611 -0.031955 0.15545 0.2292 0.29448 -0.075151 0.40882 0.23264 0.036278 0.014094 0.1638 0.075549 0.0029239 0.001319 0.0093231 0.0041758 -0.0034946 0.044426 0.019583 0.049206 0.053909 0.027548 0.084405 0.051624 -0.019961 -0.011797 0.026058 0.015836
-0.0010835 -0.00011008 0.0064068 0.00069535 0.0025422 0.00055141 0.074696 0.010295 0.014661 -1.6328e-05 0.069087 0.0053306 -0.0045707 -5.0428e-05 0.004764 0.00079707 -0.019221 0.0016327 0.036636 0.0065107 0.036764 0.02417 0.48367 0.068041 0.099313 0.0027179 0.43775 0.043242 -0.025838 -0.0011232 0.028507 0.011505 -0.0015481 -0.0087709 0.030277 0.010228 0.0025318 0.0044248 0.56482 0.062608 0.10555 0.0060068 0.44444 0.036527 -0.02673 0.0036615 0.026983 0.0086669 0.0021753 0.00046089 0.0025102 0.00062619 0.0079619 0.0032013 0.053885 0.0074655 0.014508 0.0022989 0.054843 0.0041414 -0.0047157 -0.00012353 0.0047206 0.00026884
0.00014585 -0.00015359 0.0002325 0.00021632 0.017703 0.0054248 0.04825 0.0080561 -0.0051711 0.0012344 0.034628 0.0044982 -0.00011 -8.1881e-05 0.001315 0.00067064 -0.0015407 0.00035242 0.0029294 0.0020292 0.19203 -0.0049293 0.36477 0.076506 -0.12477 0.049593 0.3594 0.079415 0.0034077 0.00013247 0.015039 0.0024469 -0.003131 0.049463 0.0040765 0.053747 0.17684 0.30635 0.23645 0.37982 -0.098167 0.2957 0.29669 0.3746 0.004312 0.039581 0.013966 0.042701 -8.7621e-05 0.0065792 8.7621e-05 0.0065792 0.0011665 0.040347 0.0016774 0.040529 -0.00053626 0.040658 0.0021496 0.040963 0.00012696 0.0051003 0.00015752 0.0051003
0.00016668 -0.00033367 0.0056194 0.001118 -0.039915 -0.0097731 0.041181 0.010582 0.053093 0.0036728 0.073874 0.0089147 -0.0023351 0.00092885 0.0038239 0.00158 -0.023697 -0.0047497 0.062118 0.0048152 -0.20116 -0.015442 0.20828 0.06616 0.33176 -0.013422 0.5186 0.066502 0.0057627 -0.0031129 0.010202 0.0041571 -0.029652 -0.0036397 0.063794 0.004416 -0.18881 -0.0041139 0.20493 0.090172 0.28121 -0.016326 0.56628 0.087822 0.027204 -0.014661 0.0273 0.020973 -0.0033656 -0.0016053 0.0080287 0.0017153 -0.029517 -0.005571 0.030645 0.0077728 0.038339 0.0025824 0.084431 0.009034 0.0048723 0.0018084 0.004969 0.0019627
-0.0040365 0.0014006 0.0056061 0.0029302 0.015004 0.0014111 0.040614 0.0063018 0.056936 -0.0023036 0.059181 0.0072877 -0.025195 -0.00014018 0.025966 0.0015021 -0.006228 -0.0015957 0.013397 0.0044944 0.096147 0.022955 0.35869 0.0592 0.31398 0.018025 0.40633 0.073778 -0.15374 0.0071553 0.15459 0.012138 -0.019755 -0.014605 0.030696 0.037458 0.20975 -0.031704 0.34731 0.067594 0.25469 -0.023063 0.44484 0.19249 -0.13463 0.0046354 0.13814 0.02634 -0.0034203 0.0019946 0.0052951 0.0021422 0.03163 0.0030999 0.061025 0.013213 0.049748 0.010037 0.096776 0.027877 -0.026851 -0.0021215 0.027026 0.0031886
2.6423e-05 -0.0016149 0.00047776 0.0034744 0.0068924 -0.0079141 0.0085417 0.031654 0.043242 0.0015089 0.083378 0.014212 -0.0072427 -0.0009648 0.0080377 0.0018255 0.00037351 -0.0042501 0.0021535 0.0082576 0.081623 -0.055664 0.091367 0.061791 0.34375 0.021291 0.51828 0.071433 -0.033186 -0.00029201 0.055212 0.0049146 -0.0022482 0.0019268 0.0049839 0.002144 0.034314 -0.0033155 0.055972 0.013667 0.41714 -6.5385e-05 0.61493 0.018011 -0.02581 0.0027224 0.044608 0.0040796 -6.3068e-05 -0.00022986 0.0011999 0.00063783 0.010415 0.0028159 0.013302 0.0032859 0.053702 0.006427 0.088884 0.014476 -0.0021518 -0.00095502 0.0090552 0.001807
0.0027932 0.0011484 0.0084573 0.0016801 0.0055101 0.00033824 0.071907 0.01086 -0.0060561 0.0092776 0.084077 0.024233 -0.0023805 -0.0016225 0.018715 0.0044505 0.0094956 -0.014297 0.047449 0.017275 -0.014137 -0.044859 0.322 0.088328 0.1346 0.020829 0.53186 0.10542 -0.10813 -0.00047578 0.11014 0.0094996 -6.2812e-05 -0.0021666 0.013196 0.0056178 -0.094329 0.0056629 0.45095 0.085128 0.30177 -0.0089503 0.41952 0.11491 -0.11067 0.0030684 0.11067 0.008071 -0.0021626 1.5767e-05 0.0021882 0.00062028 -0.0081429 -0.0087933 0.01877 0.015867 0.045931 -0.00054392 0.064316 0.036067 -0.015358 -0.001182 0.015358 0.0018784
0.00044326 -0.00061623 0.0014669 0.0013898 0.045978 0.00065967 0.070035 0.0046687 -0.039578 -0.0032741 0.042993 0.0047047 0.0066806 0.00024385 0.01963 0.001146 0.010333 -0.00020995 0.014304 0.0035142 0.3068 0.00084077 0.4897 0.017953 -0.25225 0.0071564 0.30693 0.044652 0.031967 -0.0013755 0.15033 0.012979 0.01354 0.0016103 0.020608 0.0056898 0.21935 -0.00068363 0.50881 0.059706 -0.15015 -0.020057 0.31083 0.079296 -0.0046603 0.00039483 0.15168 0.011711 0.0039978 0.0026196 0.0045667 0.0040121 0.043387 -0.020683 0.058219 0.031788 -0.031331 0.0037906 0.047271 0.007451 0.00025348 -0.00068874 0.023095 0.0015463
0.0084887 8.5195e-06 0.0086693 0.0006426 -0.024619 -0.0062651 0.056229 0.0087721 0.010913 0.02259 0.045281 0.027929 0.0018526 -0.0010367 0.0019866 0.0015425 0.020058 0.0035726 0.025129 0.024522 0.15377 -0.01255 0.3683 0.21542 -0.12288 0.091576 0.28361 0.17529 -0.051812 0.023142 0.051812 0.055881 -0.00065127 0.0028275 0.0062602 0.0052109 0.41925 -0.02935 0.44141 0.065222 -0.30081 0.017963 0.39701 0.056288 0.016044 0.0023571 0.016601 0.0099066 0.00017987 -0.00024614 0.00071995 0.00036415 0.061348 0.0035618 0.063757 0.0054819 -0.047558 -0.0024187 0.055337 0.0062283 0.0040063 -0.00079612 0.0041269 0.0010541
-0.0017696 -0.0038852 0.001799 0.0044341 -0.015532 0.0035895 0.080967 0.0080822 0.014848 0.019192 0.068026 0.024067 0.0029554 -0.00036934 0.0036526 0.001045 -0.0088801 0.011057 0.0092458 0.012671 -0.097013 -0.027688 0.33976 0.072486 0.043642 -0.004667 0.60192 0.084475 0.045789 -0.0058731 0.049028 0.019821 -0.0047532 -0.0062409 0.0069627 0.010945 -0.14901 -0.0062423 0.19929 0.059766 0.070611 0.04425 0.60573 0.13733 0.063225 -0.00149 0.065658 0.014437 8.0032e-05 0.0034849 0.00065596 0.00367 -0.031615 -0.0057492 0.052439 0.0069487 0.033251 -0.0093288 0.086166 0.011103 0.0052253 0.00039968 0.0056076 0.0024849
-0.0034946 -0.00034165 0.0046207 0.00078297 0.0042431 0.003035 0.091571 0.0082618 0.016084 0.0024519 0.074027 0.0038356 -0.004707 -0.00027372 0.0047481 0.00038948 -0.017715 -0.00039151 0.029052 0.0044351 0.018348 0.0016009 0.52124 0.051501 0.1213 -0.0021288 0.49047 0.035782 -0.027571 0.003853 0.02847 0.0062041 -0.0081094 0.0010398 0.039033 0.0040011 0.020899 0.021391 0.47634 0.059749 0.091766 0.013221 0.44486 0.033303 -0.029236 -0.0030461 0.030417 0.0051937 -0.0019421 0.0004581 0.0046899 0.00099533 0.0027265 0.00025465 0.068689 0.0097609 0.013499 -0.0036853 0.06357 0.011241 -0.0036866 0.00012745 0.0039863 0.0014323
-0.00022836 0.00017054 0.00026747 0.00079069 -0.020978 0.0029059 0.026123 0.010177 0.032327 0.0014802 0.080912 0.0084589 -0.0095207 0.0021178 0.012623 0.0045473 0.0004573 2.0653e-06 0.0012532 0.004181 -0.17875 -0.033811 0.20586 0.084609 0.26867 -0.020315 0.58767 0.06004 -0.048201 0.020054 0.061233 0.02601 0.00025946 -0.0024881 0.00025946 0.015687 -0.14947 0.024029 0.18657 0.070703 0.24416 0.02229 0.58602 0.085576 -0.0079237 0.00041984 0.0097088 0.0040147 0 0.00053478 0 0.00053478 -0.01221 0.002754 0.023451 0.0046483 0.02733 0.0012322 0.062618 0.0050007 -0.0046419 0.00012544 0.0049711 0.0005717
-0.005154 -0.0019045 0.012902 0.0027372 -0.019554 0.0066953 0.045659 0.0070881 0.024623 0.015321 0.083234 0.024201 0.0054967 -0.00079288 0.005869 0.0010903 -0.026583 0.0069147 0.063119 0.0099117 -0.057302 -0.045396 0.2868 0.070227 0.048471 -0.0012683 0.63497 0.1161 0.053967 0.002931 0.059267 0.017044 -0.01033 0.001862 0.034915 0.0044647 -0.13184 0.011643 0.17072 0.051577 0.12925 0.023069 0.61431 0.082769 0.033982 -0.0097787 0.04781 0.024387 0.00069606 -0.00090299 0.0032288 0.001768 -0.024332 -0.0084474 0.024879 0.012891 0.035029 0.010237 0.07955 0.01534 -0.00074961 -0.00055224 0.0080121 0.0034555
0.00021179 4.2931e-05 0.00053473 0.00023503 0.053266 0.001645 0.066463 0.0025016 -0.023111 0.0011821 0.040743 0.0038797 -0.0060864 -0.00029534 0.0076718 0.0011315 0.0019634 0.0006637 0.0050167 0.0017121 0.35011 -0.0007811 0.4842 0.020636 -0.12123 -0.0067729 0.29884 0.024766 -0.064073 0.0030667 0.064514 0.012373 0.0021406 0.0012517 0.012519 0.017736 0.33082 0.005098 0.50083 0.038092 -0.087437 -0.014629 0.34557 0.032293 -0.095131 -0.0086947 0.10016 0.01026 -0.00041344 0.00018243 0.00051482 0.00051011 0.044007 9.1502e-05 0.07137 0.0024389 -0.0077671 -0.0035536 0.047268 0.005652 -0.017594 -0.00018617 0.018779 0.00070136
0.009119 0.0065938 0.009119 0.0066012 -0.018631 0.00014033 0.065832 0.05807 0.0014625 0.0021627 0.021589 0.0054435 0.0045807 0.0013341 0.0073777 0.0015 0.016763 -0.015369 0.17452 0.082912 -0.012701 -0.089912 0.62325 0.13453 0.047959 0.003085 0.22673 0.049336 -0.0033149 0.0013153 0.033529 0.0069742 -0.025769 -0.018393 0.057527 0.034345 0.06724 -0.021357 0.48838 0.2341 0.17466 -0.024239 0.28212 0.24196 -0.026874 -0.0046176 0.028919 0.0072312 -0.0099966 -0.0019445 0.010055 0.0020379 0.025232 0.0061817 0.052298 0.012797 0.014248 0.0013419 0.049318 0.007992 -0.0015827 -0.00036668 0.0024185 0.00077986
-0.0053829 -0.0010313 0.0055978 0.0011109 0.0064013 0.0015007 0.098849 0.007091 0.016261 0.001021 0.063043 0.0076945 -0.0044724 -0.00082902 0.004716 0.0014513 -0.017843 -0.0028262 0.033418 0.0047165 0.023436 0.0043916 0.51366 0.045235 0.10279 0.010711 0.49673 0.022583 -0.031634 -0.0015841 0.031921 0.0028058 -0.011573 0.00018591 0.028486 0.0054028 0.019752 0.015031 0.4412 0.048724 0.095376 0.0038424 0.48887 0.036872 -0.025953 0.002635 0.02736 0.0076911 -0.0011386 -0.00024008 0.0053552 0.00050243 0.0060379 -0.0028869 0.066843 0.0063061 0.0091076 0.00038599 0.059387 0.0049601 -0.0041901 7.411e-05 0.0044016 0.0006672
-0.00077431 -0.0012771 0.0022271 0.0046571 0.052733 -0.014449 0.073727 0.022379 -0.043695 -0.0085917 0.089419 0.018768 -0.00023082 0.00016118 0.0021194 0.00053589 -0.0032588 0.012571 0.016821 0.02447 0.36212 -0.029983 0.41477 0.20858 -0.25296 -0.069534 0.66626 0.12063 0.0004633 -0.00083836 0.013782 0.0025391 0.017327 8.1879e-05 0.032669 0.0067772 -0.07529 -0.02497 0.19863 0.077651 0.12076 0.042165 0.17677 0.050528 0.0026578 -0.0012027 0.0135 0.003258 0.0031356 -0.00014021 0.0037566 0.00040466 -0.0043022 -0.0033776 0.019865 0.0040582 0.012282 -0.0017915 0.02075 0.0024147 0.00015008 -0.00039167 0.002547 0.00053594
0.0023393 0.00011315 0.0028916 0.00056663 -0.018948 0.0073497 0.036323 0.016732 0.040599 0.0077043 0.091177 0.012232 -0.0090148 -0.0016519 0.0093301 0.0017907 -0.017732 -0.001826 0.037387 0.005444 0.14775 0.012049 0.52086 0.18917 -0.0067457 -0.044043 0.43773 0.12438 -0.024478 0.0030565 0.024722 0.013349 -0.026327 -0.0039872 0.037418 0.0053566 0.074181 -0.046248 0.38012 0.081344 0.033403 -0.014847 0.5119 0.087578 -0.011341 -0.00097654 0.026926 0.01636 -0.0010175 -1.6889e-05 0.0041025 0.00039648 0.0097743 0.011726 0.04599 0.01293 -0.0048476 -0.0047736 0.10225 0.016293 0.0015954 0.00053641 0.0031828 0.0018577
