0.0038538 -0.0022874 0.006731 0.003485 4.4147e-05 0.006166 0.023607 0.021519 -0.013201 0.010788 0.028358 0.01301 -0.0030871 0.002287 0.0037685 0.0026045 -0.018744 0.0061737 0.04883 0.019183 -0.085936 -0.27719 0.25245 0.28238 0.16537 -0.22966 0.332 0.35261 -0.018006 0.011309 0.021549 0.012326 0.015614 -0.0057374 0.021906 0.0076835 -0.17073 0.15442 0.29177 0.18879 0.2577 0.219 0.29772 0.26529 0.0034997 0.0028031 0.022481 0.01073 0.0009901 -0.00074733 0.0012325 0.00083815 -0.0025954 2.9345e-05 0.03845 0.015374 0.013663 -0.0096139 0.017013 0.010145 0.0018232 -0.0013089 0.002464 0.0016679
0.00056569 0.00088776 0.0049905 0.0025137 -0.0050886 0.0065576 0.039501 0.015741 -0.0097602 0.0048952 0.024132 0.010637 -0.0016498 0.0016461 0.0024373 0.0017914 -0.0077058 -0.012418 0.045578 0.027703 -0.24034 -0.17443 0.33428 0.26078 0.21536 -0.11535 0.38289 0.17908 -0.005203 0.00138 0.0065371 0.0038924 0.022498 -0.013446 0.040469 0.022247 -0.12941 0.14842 0.33074 0.31188 0.16508 0.09711 0.3227 0.29067 -0.019439 0.0051097 0.025058 0.013999 -0.0026778 0.0081805 0.0042331 0.0081876 -0.0197 -0.0031138 0.048621 0.034679 -0.011833 -0.01451 0.069018 0.058934 0.0092254 -0.002671 0.014179 0.0042992
-0.0034973 0.001332 0.006064 0.0055661 0.012677 -0.022001 0.02531 0.033432 0.029821 0.0018419 0.053383 0.011979 0 0 0 0 0.007954 0.0063799 0.047092 0.040651 0.021082 -0.10916 0.17898 0.25197 0.36229 -0.068046 0.36426 0.17274 0 0 0 0 0.016994 -0.0011311 0.039797 0.039821 -0.075683 0.081017 0.17222 0.45044 0.36137 0.070464 0.37038 0.2183 0 0 0 0 -0.0026073 0.00056358 0.0036765 0.010086 -0.010756 0.0016881 0.025362 0.030834 0.079842 0.0035733 0.079842 0.0070561 0 0 0 0
-0.00040504 -0.004226 0.00095322 0.0045552 0.0036486 -0.0047918 0.0054979 0.046997 0.058806 -0.0020131 0.059079 0.0086052 7.0685e-05 -6.8367e-06 0.00010143 8.2577e-06 0.0084522 0.014761 0.010183 0.01824 -0.074148 -0.022377 0.098677 0.14958 0.41615 -0.10861 0.41658 0.11493 3.1035e-05 5.6905e-05 0.00024042 5.6905e-05 0.0041143 0.016211 0.008559 0.028175 -0.1959 0.13832 0.30546 0.24622 0.4046 0.10154 0.4046 0.15812 -5.2298e-05 2.3592e-05 5.2298e-05 2.3592e-05 0.0002363 -0.0019159 0.001121 0.005723 0.0024037 -0.00088814 0.012383 0.045915 0.032046 -0.0095708 0.033639 0.015303 0 0 0 0
-0.0048515 0.00030329 0.011393 0.0014453 -0.015093 0.054259 0.041505 0.071986 0.028021 0.020079 0.049319 0.023223 -0.00056335 -0.00012095 0.00077217 0.00032347 -0.040997 -0.0038217 0.080125 0.0069076 -0.029291 -0.26462 0.28205 0.28111 0.10301 -0.12432 0.31773 0.14096 -0.0044542 -0.0074061 0.010679 0.012015 -0.041612 0.0016202 0.081003 0.0078865 -0.14462 0.098161 0.41514 0.30234 0.21382 0.033858 0.48273 0.09116 -0.0033843 -0.0052297 0.041804 0.013627 -0.0063562 0.0012572 0.01027 0.0016825 -0.012098 0.0088842 0.034971 0.023201 0.029928 -0.0020341 0.069333 0.0089856 0.00098464 0.00035721 0.0036407 0.0010461
0.0013552 0.00038716 0.0021064 0.00052605 -0.0049698 -0.00033263 0.052265 0.011182 0.013532 0.021678 0.027764 0.037156 -0.0010874 0.00078281 0.009585 0.0076328 0.00965 -0.0035266 0.010461 0.0052207 -0.12014 -0.1329 0.31405 0.15589 0.30353 -0.1103 0.34595 0.15225 -0.013795 -0.00161 0.039587 0.020533 -0.0015536 -0.014575 0.036335 0.014996 -0.066645 0.14819 0.30965 0.17252 0.2884 0.11985 0.46949 0.32698 -0.042713 -0.017571 0.055255 0.018783 -0.00068037 -0.001092 0.0045021 0.0023791 0.012163 -0.010681 0.029843 0.020461 0.0063894 -0.025362 0.043429 0.033735 0.00018823 0.00074477 0.0033618 0.0015736
0.0040948 0.0048298 0.0060745 0.0067561 -0.012759 0.0045196 0.022659 0.027615 0.045883 -0.013061 0.049478 0.018894 -8.8062e-06 2.2896e-05 4.8888e-05 2.2896e-05 0.0091671 -0.024647 0.021824 0.038221 0.0034522 -0.18397 0.13253 0.33642 0.25888 -0.0097943 0.3371 0.28492 0.00059382 -3.4381e-05 0.00059382 3.4381e-05 -0.0214 0.015183 0.025555 0.051937 -0.072034 0.058993 0.17585 0.2805 0.46257 0.049263 0.46336 0.049263 0.00025081 7.8567e-05 0.00025081 7.8567e-05 0.00010306 0.00083613 0.00071032 0.0023553 -0.020525 0.017226 0.021658 0.020467 0.05704 0.010532 0.05704 0.010547 0 0 0 0
-0.0073723 -0.0013985 0.0073817 0.0014278 -0.02593 -0.011289 0.073497 0.018059 0.019926 -0.016337 0.08419 0.038536 -0.0049735 -0.0020087 0.0065338 0.002376 -0.039308 -0.019958 0.039351 0.019958 -0.15417 -0.1091 0.32778 0.16476 0.23478 0.0070742 0.4487 0.21112 -0.022266 -0.004335 0.049319 0.01414 -0.017538 -0.013403 0.020945 0.014361 -0.033409 0.13174 0.40165 0.28264 0.15777 0.12546 0.40544 0.1794 0.0063526 0.010198 0.022386 0.012412 -0.00034663 -0.0013824 0.002035 0.0016169 0.0012331 -0.017071 0.034395 0.033701 0.032824 -0.0037561 0.055445 0.0086708 -0.0020362 -0.00096516 0.0020736 0.0013132
0.0030139 -0.0016207 0.0055459 0.0027072 -0.018431 -0.010342 0.043186 0.015261 0.041695 -0.044394 0.053043 0.044779 0.00058543 0.00021546 0.010726 0.00093006 0.026601 -0.007968 0.053476 0.043616 -0.055232 0.1156 0.42974 0.22736 -0.01446 0.17603 0.25324 0.3738 0.027824 -0.036055 0.06386 0.040937 0.0070743 -0.011795 0.063303 0.028606 0.20691 -0.013332 0.40921 0.18347 -0.18414 -0.07902 0.34997 0.18719 0.035129 0.026071 0.048132 0.051936 -0.0011718 0.019372 0.0013255 0.019372 0.0098149 0.075348 0.053011 0.081426 -0.00098908 0.090317 0.037429 0.090317 -0.0041181 0.0058341 0.0054034 0.0090932
-0.0072266 0.0033933 0.0097077 0.0042119 0.030193 -0.0079682 0.034219 0.011468 0.0055737 -0.0025586 0.045181 0.016544 -5.2819e-05 -4.6421e-06 0.00042769 0.00043527 0.043439 -0.046196 0.053635 0.061061 -0.15834 -0.097406 0.29913 0.21266 0.21514 -0.15643 0.37202 0.20931 0.037041 -0.01456 0.047703 0.016553 0.016091 -0.0069603 0.020695 0.042229 -0.062377 -0.068154 0.30623 0.303 0.34116 0.061168 0.4517 0.14979 -0.012047 0.00095145 0.054381 0.016702 -0.0043766 0.0033356 0.007125 0.0044056 0.045461 0.028696 0.059403 0.036716 -0.009583 0.0027127 0.056579 0.017943 0.0042833 -0.0021755 0.0075945 0.0034666
-0.0019057 0.0038596 0.0051305 0.0052915 0.049115 -0.017324 0.060958 0.030967 -0.020959 -0.0051457 0.044595 0.011583 0.0018934 0.0011952 0.001906 0.0012172 0.020861 -0.0013773 0.047173 0.026038 0.35859 0.067436 0.48429 0.17013 -0.23732 -0.062132 0.31013 0.084667 0.02159 0.010437 0.021756 0.010627 0.0053796 -0.006194 0.048951 0.021219 0.13549 -0.21958 0.18971 0.27014 -0.097851 -0.23315 0.2138 0.3422 0.054825 0.0020496 0.059088 0.023752 -0.0019572 0.0029859 0.0042111 0.0041372 0.010664 0.042245 0.031869 0.051345 0.023576 0.052799 0.031205 0.055375 0.003676 0.00060525 0.0061524 0.00159
-0.008034 0.0039782 0.0096479 0.0068733 -0.018207 0.011404 0.05653 0.036278 0.043406 -0.0019251 0.04562 0.0095509 -0.00025774 -0.00027144 0.00093472 0.00042636 -0.045401 -0.0046509 0.051159 0.013879 0.018826 0.061996 0.54604 0.23776 0.10294 0.11024 0.30884 0.2046 -0.0076073 0.0008976 0.014075 0.0053041 0.027396 -0.031106 0.060119 0.042365 0.19784 0.017542 0.32554 0.16378 -0.21247 -0.14692 0.42469 0.18907 0.010115 -0.0081716 0.020152 0.0098836 0.0076516 0.00072703 0.0093555 0.0018631 0.0019053 0.004371 0.02539 0.0054564 -0.030275 0.01236 0.035747 0.019859 0.0091829 -0.0022395 0.010805 0.0023542
0.00053152 -0.0029606 0.0030624 0.0077179 -0.059884 0.010329 0.06396 0.035589 0.055483 -0.017532 0.062601 0.02715 0.00058342 -0.0018493 0.0043414 0.0061803 0.015622 -0.03979 0.022972 0.088192 -0.11503 -0.26197 0.19024 0.31104 0.33482 -0.014709 0.4191 0.20942 -0.0063094 0.0067183 0.028148 0.043829 -0.00061629 0.057122 0.041887 0.073907 -0.020709 0.21597 0.17749 0.30965 0.23713 0.090015 0.30094 0.25911 0.0003755 0.00063511 0.037468 0.054215 0.0027003 -0.0036283 0.0051838 0.0061822 -0.03134 -0.00061166 0.042271 0.034737 0.038506 -0.034183 0.045939 0.054852 0.0043802 0.003641 0.0043831 0.0036438
0.0016443 0.00075244 0.0025581 0.006693 0.012555 -0.018237 0.04682 0.052476 0.0066015 -0.0073521 0.017409 0.02542 0.00048697 -0.0059692 0.0034247 0.006086 -0.006696 0.0083299 0.064724 0.069442 0.1121 0.0028678 0.34952 0.36954 0.060643 0.042249 0.23112 0.34041 -0.019204 0.010571 0.029596 0.044983 0.002045 0.0084571 0.032579 0.041546 0.06431 0.16302 0.22922 0.27689 -0.12723 -0.22055 0.41433 0.35128 -0.011815 0.0040784 0.040049 0.038065 0.00016121 -0.00041555 0.0011791 0.0011349 0.013088 -0.015401 0.016223 0.018617 -0.020521 0.048504 0.042571 0.056771 0.0051786 -0.0026661 0.0058938 0.0047077
-0.00097648 -0.0016662 0.0011899 0.002087 0.0035954 0.0085514 0.0066128 0.013021 0.0083229 0.0097905 0.0083388 0.0097905 0.0034415 0.0045719 0.0041576 0.0049629 0.0056843 0.0085243 0.0069815 0.011292 -0.11906 -0.15393 0.14942 0.19719 0.27898 -0.11891 0.3271 0.25292 -0.0011112 -0.0015345 0.011645 0.017994 -0.020041 -0.028217 0.021199 0.029352 -0.13085 -0.046102 0.20558 0.12364 0.44182 0.053752 0.57707 0.12953 -0.00068525 -0.0045039 0.0083018 0.0086568 -0.00075875 0.00066064 0.001106 0.0016948 -0.0043541 -0.0056011 0.020805 0.0093746 0.05979 0.006867 0.068865 0.01487 0.00045771 0.00090084 0.0014766 0.001902
0.0067981 -0.0040236 0.0072888 0.0041238 0.0030668 -0.0038355 0.014352 0.019317 0.019206 0.01911 0.039106 0.030735 6.0662e-05 6.7246e-05 7.3228e-05 6.8348e-05 0.018205 0.0094836 0.020046 0.03664 0.061449 -0.21347 0.20032 0.34216 0.23228 -0.10308 0.24647 0.2617 0.00041567 0.00024434 0.00062219 0.00026333 -0.014085 0.00056909 0.017953 0.02253 -0.032073 -0.081499 0.080102 0.11435 0.50267 0.087885 0.50267 0.18327 -1.2887e-06 0.00010645 0.00040356 0.00017513 -0.0014064 0.0037461 0.0033235 0.0048898 -0.016002 0.056517 0.020127 0.063291 0.070222 0.020278 0.070575 0.021019 -2.5087e-05 -2.64e-05 7.9017e-05 2.7502e-05
-0.0022511 -0.006093 0.0036988 0.0065786 -0.031186 -0.028402 0.03432 0.028402 0.0059486 -0.010327 0.065585 0.035025 -0.0043959 -0.0019627 0.007983 0.0036226 0.011312 -0.017538 0.066238 0.030368 -0.14565 -0.11624 0.14796 0.14218 0.26847 0.0069293 0.57232 0.29624 -0.01629 0.0046851 0.019888 0.013411 -0.026263 0.023443 0.047849 0.039257 -0.086267 0.11685 0.22904 0.29974 0.22279 0.012779 0.40476 0.1783 -0.017165 -0.0085079 0.019273 0.012153 -0.002914 -0.0042847 0.00758 0.0065086 -0.0092897 0.0027503 0.036576 0.022153 0.022692 0.019369 0.032896 0.025933 -0.0020834 0.0010323 0.003826 0.0028953
0.00022152 -0.0058479 0.00091804 0.0060089 -0.0014702 -0.048125 0.0067863 0.048284 0.012754 -0.014491 0.016582 0.015026 0 0 0 0 -0.0018041 -0.0064813 0.0050757 0.054359 -0.034253 -0.14081 0.067239 0.34607 0.28254 -0.09234 0.33085 0.17787 0 0 0 0 0.0076633 -0.0074768 0.012542 0.050612 -0.15075 0.021392 0.17269 0.37708 0.44395 0.05407 0.44395 0.10042 -0.00036067 -0.00021325 0.0013422 0.00021325 0.007183 -0.0071905 0.0079634 0.0086604 -0.017753 0.013752 0.022512 0.024726 0.066326 0.018827 0.066326 0.018947 -5.7282e-05 1.2512e-06 0.00021907 1.2512e-06
-0.0042738 0.003908 0.010551 0.011002 0.048675 0.008466 0.067957 0.024344 -0.0084426 -0.0069409 0.03826 0.021605 0.0020859 0.00022699 0.0059111 0.0025648 0.010393 0.0098311 0.082898 0.033126 0.29432 -0.00076449 0.39812 0.18774 -0.21179 -0.06835 0.3802 0.11942 0.01723 0.0080363 0.046766 0.019298 -0.020711 -0.0095164 0.046315 0.019175 0.17522 -0.14227 0.396 0.24793 -0.06252 -0.044637 0.3478 0.28468 -0.0016834 -0.02401 0.041876 0.041294 -0.0015402 -0.00070346 0.0027199 0.001472 0.011632 0.0066855 0.050278 0.016029 0.021891 0.0086467 0.045055 0.018798 -0.0013842 3.5811e-05 0.0062116 0.0038339
0.00092302 -0.00072665 0.0047084 0.001437 0.0083801 -0.0045763 0.044057 0.01523 -0.0017488 0.017101 0.013967 0.033177 -0.0016106 0.00040291 0.00188 0.0037324 -0.015729 -0.015712 0.055412 0.017352 0.28262 0.07389 0.46501 0.13922 -0.033587 0.16795 0.24927 0.33547 -0.014057 0.020343 0.020866 0.047698 -0.0041677 -0.0049446 0.014392 0.0081077 0.33589 0.003949 0.36725 0.18854 -0.072642 -0.089263 0.1349 0.37769 0.0085584 -0.012711 0.025259 0.032541 0.0005843 0.0011333 0.0011858 0.0022397 0.019752 -0.020799 0.027831 0.036469 -0.006966 -0.021285 0.012634 0.027118 -0.0013369 -0.002599 0.0024598 0.0033058
1.175e-05 -0.00015592 1.175e-05 0.00015592 -5.4284e-05 -8.9691e-07 0.00036543 0.00066541 -3.2813e-06 -0.0008872 0.00014337 0.00089191 -4.0335e-07 -4.5938e-05 1.3773e-05 5.6222e-05 -0.0075205 -0.034426 0.015494 0.039119 0.28976 -0.14555 0.32556 0.18876 -0.30213 -0.081374 0.39453 0.33144 0.0057635 -0.04619 0.0098536 0.047993 -0.012131 0.010958 0.013749 0.016819 0.21695 0.042289 0.24535 0.13728 -0.30506 -0.076157 0.33818 0.18187 0.027142 0.014887 0.037243 0.025504 0.00071167 -0.0001005 0.0029023 0.0042842 0.0033292 -0.002183 0.035448 0.022124 -0.022182 -0.00049859 0.04231 0.01171 0.0032955 0.00087634 0.0076989 0.0046746
-0.003586 -0.0024034 0.0097211 0.0026156 0.028645 0.019822 0.081067 0.026999 0.0068332 0.058842 0.046915 0.071014 -0.0028709 0.0053379 0.0035143 0.0066101 -0.0061825 -0.0063957 0.020738 0.0096899 0.37098 0.061433 0.40964 0.21157 -0.078844 0.038172 0.16772 0.32003 0.0098188 -0.018751 0.028416 0.042944 0.0021808 0.0043822 0.0085988 0.012786 0.21918 -0.10125 0.31513 0.2592 -0.10005 -0.31009 0.14606 0.35633 -0.0080575 -0.019731 0.018327 0.026235 0.0016616 0.0057161 0.0020148 0.0061865 -0.0048605 0.00027764 0.0096854 0.0098513 -0.014189 0.0038581 0.040102 0.037309 -0.00077206 0.0034974 0.0050384 0.0091864
0.00095305 0.00029119 0.0012536 0.00049531 -0.02567 -0.0015371 0.037158 0.030286 0.027361 0.0011401 0.028503 0.01036 0.0036282 0.0016752 0.0057964 0.0018677 -0.013392 -0.0071275 0.022827 0.0074889 -0.11255 -0.0015749 0.3696 0.1889 0.22313 -0.023151 0.40734 0.10736 0.020614 -0.001816 0.032608 0.0077113 -0.019782 0.0022684 0.029933 0.0028292 -0.00080614 0.030206 0.57687 0.14559 0.059825 0.042872 0.41492 0.17401 0.045632 -0.010626 0.052296 0.011456 0.0017109 0.00094037 0.0021538 0.0012215 -0.012927 0.031273 0.044474 0.040788 0.012595 0.025049 0.057704 0.046466 0.0035611 -0.0014496 0.0053198 0.0025848
-0.0040865 -0.0011594 0.0049502 0.0012231 -0.0112 0.00024925 0.018281 0.0076756 0.057375 -0.0047507 0.062657 0.033233 -0.0044991 -0.0012185 0.0048331 0.0013533 -0.020199 0.003508 0.021936 0.0066249 -0.095683 0.0022508 0.12943 0.030837 0.41921 -0.059369 0.53609 0.22939 -0.01478 -0.0076386 0.026398 0.0086357 -0.02303 0.0012318 0.023883 0.0038615 -0.020633 0.15118 0.16269 0.15573 0.18876 0.025014 0.49374 0.28651 0.0015681 -0.0033455 0.012036 0.0062881 -0.0041651 -0.00040302 0.0041685 0.00069536 0.023958 0.005201 0.041966 0.014128 -0.020502 0.0020213 0.045905 0.017926 0.0028988 0.0013487 0.0042167 0.0015157
0.0095785 -0.0059373 0.012149 0.0069894 -0.00084275 0.0052416 0.061485 0.014321 0.026027 -0.007621 0.044643 0.013264 0.0019655 0.00031998 0.0067211 0.0026261 0.021695 -0.015841 0.037414 0.022109 0.041366 -0.0058822 0.37789 0.28148 0.2261 -0.081079 0.28312 0.19764 -0.02334 -0.010859 0.04052 0.016841 0.005433 0.0060094 0.028698 0.040427 -0.037543 -0.10358 0.37263 0.2229 0.36627 0.039299 0.40409 0.22892 -0.068268 -0.00022844 0.070634 0.015641 -0.00056484 0.0078258 0.0020953 0.0087941 0.010941 0.069038 0.02157 0.070027 0.041421 0.027943 0.041962 0.085871 -0.0090837 0.0081928 0.0096317 0.0082315
0.00050309 0.0005628 0.00057882 0.00057628 -0.027125 -0.0068442 0.036864 0.015416 -0.0045498 0.01647 0.039475 0.022922 0.0037857 0.0052003 0.0068693 0.0061187 0.0087691 0.0026235 0.013707 0.0076729 -0.19154 -0.1956 0.32509 0.23239 0.24755 -0.032662 0.38105 0.20808 -0.037487 -0.027403 0.05873 0.040463 -0.024883 -0.028426 0.031435 0.030154 -0.073719 -0.047807 0.22341 0.15962 0.1112 -0.10058 0.53816 0.30016 0.020755 0.0059425 0.031312 0.029388 0.00042114 -0.0014055 0.0031969 0.0034282 0.016998 0.024655 0.032829 0.044106 0.00015424 0.021952 0.064892 0.049295 0.0024297 0.0039003 0.0026481 0.004094
-0.0062615 -0.00052787 0.0063884 0.00096139 0.025891 0.0034956 0.029714 0.0048601 -0.039319 -0.0062749 0.071078 0.0077833 -0.0073791 1.3193e-06 0.0098556 0.00052785 -0.035848 0.0038294 0.038687 0.031802 0.09225 -0.25718 0.15225 0.31964 0.028229 0.12624 0.33767 0.2517 -0.066851 0.034497 0.089791 0.04641 -0.040347 -0.0049415 0.041715 0.0078472 -0.10419 0.25622 0.36482 0.28705 0.30862 -0.018778 0.38827 0.15097 -0.047795 -0.0015357 0.054398 0.007509 -0.0045892 -0.00020045 0.004849 0.00053969 -0.016376 -3.6837e-05 0.055988 0.0051763 0.038707 0.0076296 0.050386 0.011264 -0.0064979 0.00071901 0.0073184 0.0010861
0.00040784 0.0050645 0.00071068 0.0063724 0.0028836 0.021604 0.010256 0.056382 0.053023 0.0078842 0.053023 0.028593 -1.5933e-07 1.5933e-07 1.5933e-07 1.5933e-07 -0.00042317 -0.033349 0.0067578 0.051952 0.021698 -0.21397 0.068157 0.3492 0.30477 -0.040031 0.3062 0.14611 -0.00057863 -0.00012404 0.00057863 0.00012404 0.0026889 0.040959 0.0070455 0.049229 -0.13476 0.20897 0.14482 0.33524 0.43316 0.032911 0.43316 0.098183 -0.00026198 0.00022788 0.00026198 0.00022788 0.00033623 -0.0012798 0.00061088 0.0039894 -0.038509 -0.011401 0.042461 0.018884 0.082629 0.016398 0.082629 0.018658 0 0 0 0
0.0017093 -0.0058701 0.0070061 0.0060476 0.035577 -0.0018435 0.053028 0.0057678 0.00058937 0.0040503 0.035231 0.0051656 -0.0010436 0.00028711 0.0031479 0.00044702 0.01062 0.018839 0.019901 0.019965 0.014274 -0.27463 0.38175 0.30393 0.22189 -0.23278 0.32352 0.2546 -0.011034 0.00059104 0.016254 0.0043082 0.013468 -0.0086365 0.015665 0.010195 -0.044713 -0.015479 0.31033 0.14849 0.32494 0.065472 0.39524 0.089964 -0.012083 -0.00053139 0.020881 0.0053821 0.0064997 -0.00025869 0.0080653 0.0015836 0.0057172 0.0027143 0.027182 0.0078958 0.025715 -0.045165 0.062389 0.050631 -0.0021039 -0.0016877 0.0057649 0.0028895
0.00033789 -0.00055038 0.00047984 0.0010526 -0.0056395 -0.0039043 0.012448 0.014831 0.041298 -0.0028671 0.091 0.0047632 5.5945e-05 -1.4286e-05 5.5945e-05 1.4286e-05 -0.00045988 -0.010658 0.0031323 0.016683 -0.018951 -0.07836 0.063596 0.14779 0.30603 -0.0086655 0.62694 0.027216 0.00055859 0.00010877 0.00055859 0.00010877 0.0011613 0.0076233 0.0034488 0.0088799 -0.0068292 0.053909 0.038699 0.059127 0.31669 0.015829 0.59217 0.016644 0.00052262 -4.8092e-06 0.00059518 0.00010958 0.0011417 -0.0017254 0.0032908 0.0028512 -0.0023787 -0.0069212 0.0038294 0.018764 0.045241 -0.0018215 0.084632 0.0031778 -4.0562e-05 0 0.00015095 0
-0.0013986 0.0014736 0.0048221 0.002141 0.016664 -0.0036244 0.034927 0.0050977 -0.022723 -0.0027174 0.032979 0.0050737 0.0010422 -0.001835 0.0031592 0.0028836 -0.0025185 0.011565 0.0367 0.016141 -0.070626 0.026452 0.48533 0.20779 -0.020677 0.054356 0.30245 0.23786 -0.019293 0.051298 0.024537 0.054995 -0.037549 -0.012516 0.050136 0.028477 -0.023253 -0.13391 0.5208 0.23012 0.26201 0.024142 0.33549 0.086755 -0.012109 0.0036901 0.038392 0.026743 -0.0047823 -0.0018259 0.0058785 0.0020578 -0.0092413 -0.0024342 0.06775 0.035707 0.050495 -0.016326 0.055795 0.035402 -0.0059534 -0.003378 0.0071811 0.0042814
-0.0019628 -0.002925 0.0021561 0.0031598 0.028171 -0.0077915 0.054618 0.015517 -0.04544 0.0046416 0.045575 0.011568 0.0049754 0.0014602 0.018535 0.0029199 -0.008921 0.0053199 0.017537 0.0085324 0.043153 0.084696 0.3332 0.30009 0.076597 0.070337 0.40532 0.40542 -0.033955 0.021789 0.041741 0.025553 0.00034134 0.00012969 0.0041034 0.0031732 0.18316 0.0048745 0.42176 0.039033 -0.11895 -0.021296 0.43916 0.080849 -0.02073 0.0017951 0.029362 0.0051839 0.00016737 0.00039987 0.00083564 0.00052332 0.025285 0.0025201 0.061441 0.0080541 -0.016599 -0.00067638 0.061564 0.013593 0.0014692 -0.0011719 0.0068289 0.0017087
0.0028447 -0.0043254 0.0032899 0.0044726 0.032326 -0.081195 0.03587 0.081195 0.0020743 -0.0025234 0.0021761 0.0026971 1.9371e-05 1.7025e-05 1.9371e-05 1.7025e-05 -0.0358 -0.015484 0.041853 0.018124 0.093965 0.070827 0.24795 0.21988 0.1858 -0.10885 0.38722 0.50912 0.032447 -0.040361 0.032447 0.045433 -0.026807 -0.0030166 0.051387 0.020957 0.29623 -0.0032784 0.355 0.25527 -0.11039 -0.076485 0.2482 0.16081 0.010418 -0.0028188 0.031802 0.011816 0.0017886 -0.00064002 0.0029137 0.0029147 -0.0038029 -0.0025517 0.063701 0.034403 0.0040762 -0.0068741 0.025021 0.014762 0.0055419 0.0018218 0.0067898 0.0023109
-0.0044952 -0.001204 0.0044978 0.0012055 0.011102 0.0033466 0.063725 0.014501 0.03098 0.01534 0.068374 0.017913 0.0017935 0.00068874 0.0019344 0.00072479 -0.026622 -0.0015178 0.026622 0.0039779 0.37288 -0.022937 0.43096 0.3045 -0.057062 -0.0047907 0.24304 0.061359 0.017415 5.2172e-05 0.017501 0.0058095 -0.020304 0.006317 0.021482 0.0064008 0.4145 0.0348 0.46167 0.17809 -0.12983 -0.10116 0.20005 0.10532 0.022162 0.0033542 0.025297 0.0039574 0.0013198 0.0013787 0.0034541 0.0016173 -0.014475 -0.00060171 0.039367 0.021379 0.030814 -0.0077601 0.03834 0.015636 0.0014323 0.0006338 0.0020619 0.00083864
-0.0066553 0.0024473 0.0083916 0.0026632 0.051107 -0.052088 0.061942 0.053514 -0.055724 -0.0026624 0.092717 0.023845 0.0072984 0.0012096 0.007319 0.0029986 -0.033416 0.00078725 0.04082 0.0091732 -0.093989 0.027891 0.25855 0.16805 0.086864 -0.061929 0.45491 0.30961 0.051805 -0.02024 0.055045 0.028507 -0.036477 -0.00048458 0.042927 0.0079468 -0.11439 -0.0082162 0.3524 0.16435 0.090156 -0.017113 0.45381 0.3951 0.038752 -0.0020598 0.042308 0.030468 -0.0025071 -0.0010271 0.0030347 0.005371 -0.011792 0.0075269 0.024395 0.039024 -0.0014897 0.025245 0.015659 0.033426 0.003128 0.0028989 0.0078913 0.0061595
-0.0015642 0.001325 0.0022499 0.0014689 -0.0010208 -0.0033151 0.0069507 0.0033151 0.091857 -0.017088 0.091857 0.017651 0 0 0 0 -0.016098 0.011051 0.023991 0.019769 -0.0083567 0.028273 0.11934 0.10373 0.52332 0.021041 0.52332 0.095516 0 0 0 0 -0.007477 0.0069718 0.010043 0.021292 0.02532 0.1793 0.079254 0.19301 0.39078 0.026683 0.39142 0.10351 4.8524e-05 -8.3285e-05 0.00037448 0.00049032 0.00081546 0.00057556 0.00083852 0.00098423 0.002624 0.0071454 0.0041539 0.0088342 0.041005 -0.0013322 0.041483 0.0062166 2.2194e-05 -9.3284e-06 2.2194e-05 9.3284e-06
0.001142 -0.00037304 0.0011489 0.00080203 -0.03997 -0.010293 0.047745 0.010984 0.038826 0.017661 0.048363 0.024376 0.0032994 1.4908e-05 0.0039659 0.00042183 -0.0025623 0.0058306 0.0064048 0.0088358 -0.27542 -0.0086928 0.32995 0.078346 0.36984 -0.071532 0.5571 0.14859 0.029961 0.0018371 0.034729 0.0035363 -0.024954 0.0083411 0.025069 0.012787 -0.16233 0.069456 0.24767 0.089232 0.17252 0.046403 0.37666 0.20037 0.036467 0.003067 0.043831 0.003067 -0.00099698 -0.0048745 0.0029047 0.005881 0.00031299 0.00074701 0.042845 0.004584 -0.0011585 -0.00058528 0.047763 0.01022 0.0061001 0.00010744 0.0067915 0.00082512
-0.013528 -0.0017679 0.014982 0.0051129 0.053818 0.0028775 0.066162 0.02204 0.011069 -0.0098852 0.037169 0.027622 0.00175 -0.0026267 0.0048337 0.0059292 -0.017341 -0.03513 0.027084 0.049705 0.2903 0.079408 0.49444 0.16481 -0.0044078 0.04138 0.25055 0.29493 -0.0092738 -0.0031103 0.040059 0.029763 -0.010299 0.024087 0.022439 0.0374 0.38792 -0.012927 0.43273 0.15499 -0.044341 -0.057805 0.14109 0.25198 -0.0026491 -0.0098101 0.060411 0.05937 0.0048678 -0.0014813 0.0060753 0.0042083 0.016347 0.02232 0.029656 0.059151 -0.023075 0.019775 0.027301 0.02368 0.010915 0.0044098 0.010924 0.01095
6.1542e-05 -0.00069303 0.00039577 0.0008411 -0.030082 -0.0046868 0.030669 0.0053462 0.065765 0.00089185 0.065765 0.0012631 7.2469e-06 -8.2632e-05 7.2469e-06 8.2632e-05 0.0031622 -0.0029915 0.0040627 0.014447 -0.19706 -0.031153 0.21233 0.14054 0.45427 -0.0034605 0.45427 0.015947 0.00020957 0 0.00020957 0 0.0038312 -0.0047264 0.0050857 0.022188 -0.16484 -0.00069562 0.19433 0.12737 0.43471 -0.0012166 0.43757 0.017941 0.00011385 6.9881e-05 0.0003745 0.00016599 8.609e-05 0.00039516 0.00032628 0.00097194 -0.01434 0.0039339 0.017187 0.0052062 0.065374 0.00048988 0.065434 0.00087942 -3.1333e-05 -1.3782e-05 9.1873e-05 1.3782e-05
0.0010284 -0.002487 0.0094835 0.0069831 -0.048334 0.012806 0.073609 0.04085 0.062068 0.0097719 0.067641 0.016465 -0.0019026 -0.0012868 0.003039 0.0025328 0.054261 -0.0065888 0.07508 0.047366 -0.08951 -0.075375 0.37235 0.28077 0.19053 -0.08311 0.40199 0.14292 -0.012605 -0.0093693 0.023257 0.011171 0.0023123 0.026563 0.0741 0.034984 -0.22926 0.033067 0.34605 0.094336 0.28683 -0.0025418 0.46331 0.11169 -0.02769 -0.0035284 0.05087 0.012561 -0.004545 0.0012318 0.0071363 0.0053414 -0.020345 0.013603 0.031866 0.021483 0.016232 -0.0089751 0.088409 0.010209 -0.0069381 -0.0021503 0.010574 0.00313
0.0014983 0.0013748 0.0039412 0.0020916 -0.029697 -0.011109 0.037288 0.011125 0.053933 0.015628 0.081966 0.023678 -0.0017161 -0.00014291 0.0043224 0.001046 0.008929 0.0014412 0.021743 0.010238 -0.2387 0.01194 0.2387 0.038433 0.41333 -0.10838 0.57444 0.18714 -0.0010642 -0.00085974 0.019257 0.004377 0.0071771 0.00036985 0.02024 0.011449 -0.13887 0.10116 0.18651 0.10309 0.17896 0.051191 0.38587 0.23749 0.011529 -0.00078532 0.022677 0.0046076 0.00060672 -0.00039676 0.0021687 0.0012944 -0.006565 0.0075746 0.042652 0.0084669 0.0055324 0.001221 0.067078 0.010758 0.0025066 0.0003793 0.0031445 0.00067678
0.0018594 0.0023572 0.0023828 0.0027186 0.0025564 -0.0046279 0.040807 0.024046 0.020071 -0.0060831 0.023093 0.024925 -0.00022271 0.00035217 0.0019266 0.0016291 -0.023915 -0.024633 0.036372 0.03184 -0.047864 -0.082128 0.26931 0.2244 0.2532 -0.048445 0.33019 0.12669 -0.0072352 -0.0062327 0.026527 0.014675 -0.01024 0.041038 0.052345 0.063276 -0.2031 0.12162 0.4443 0.30781 0.31666 0.0082509 0.40122 0.17338 0.0073907 0.0052135 0.04263 0.034997 -0.0021548 0.0020398 0.0021548 0.0020398 -0.027641 0.062933 0.055644 0.066726 0.021068 0.037495 0.030759 0.042337 0.0018924 0.0020933 0.0030342 0.0021375
0.0038778 -0.00066546 0.0046959 0.00092727 0.014312 0.0089916 0.060228 0.014694 -0.024828 4.423e-05 0.059858 0.0049515 0.00025046 0.00021794 0.00093849 0.00037115 0.046929 -0.044922 0.05595 0.048646 -0.041887 -0.010372 0.33955 0.40954 -0.061872 0.074767 0.24467 0.37139 0.018284 0.0023528 0.0203 0.016434 0.031377 -0.00029692 0.045319 0.0086667 0.27076 -0.0022666 0.45784 0.064783 -0.15557 0.0011045 0.40346 0.044775 0.0037036 -0.00045392 0.0044565 0.003612 0.0039561 -2.1945e-05 0.0069259 0.0010487 0.032198 -0.0054749 0.066115 0.0073066 -0.015001 0.0038981 0.06045 0.0059214 0.001153 7.1383e-05 0.0011745 0.00027948
-0.00095615 -0.0023093 0.0016598 0.0026703 0.054845 -0.0091423 0.061284 0.017524 0.012779 0.0035705 0.012858 0.0039952 -8.6402e-06 1.4403e-05 0.00010015 1.4403e-05 -0.010406 0.037474 0.020506 0.042547 0.34512 0.33358 0.40704 0.36041 0.003952 0.00062416 0.0075689 0.0023376 0.00072261 0 0.00072261 0 0.018402 -0.045177 0.032775 0.051607 0.29597 -0.24116 0.44082 0.32462 0.0034033 0.00084861 0.0057012 0.0016337 0.00058641 5.7101e-05 0.00058641 5.7101e-05 -0.0034733 0.0027942 0.004758 0.00502 0.073084 0.009392 0.073593 0.012363 0.0002707 0.00013689 0.00066537 0.00013689 0 0 0 0
-0.0043441 -0.001251 0.0076368 0.0019209 0.025228 0.0218 0.041812 0.048453 0.0014179 0.0046072 0.063166 0.059744 0.0037682 -0.0041527 0.0053119 0.0047444 -0.016594 -0.0051129 0.062224 0.011065 0.33449 -0.062646 0.3973 0.21609 -0.14602 -0.032361 0.32808 0.13041 0.011029 -0.0042215 0.032605 0.0075773 -0.0058483 0.0098727 0.049792 0.018795 0.23662 0.074322 0.4057 0.34164 -0.16512 -0.10163 0.3263 0.11707 0.015022 -0.0007975 0.020821 0.0035366 -0.0022666 -0.0026298 0.006521 0.0039215 0.01383 -0.054679 0.042456 0.057699 0.0069608 0.010205 0.031961 0.017647 0.0023774 0.00056373 0.0041436 0.0006093
-0.00043486 0.00047859 0.0029986 0.0012367 -0.012071 0.0079195 0.039352 0.011033 -0.0081706 0.006365 0.010689 0.0068917 -0.0046988 0.0019057 0.0063889 0.0025121 0.013113 -0.014667 0.04344 0.039961 0.1644 0.084492 0.52169 0.34256 -0.13847 0.052381 0.14271 0.060018 -0.019959 0.0059696 0.021648 0.0098868 -0.0080512 0.0042397 0.049869 0.028722 -0.10076 -0.11882 0.30796 0.38656 0.041361 -0.083605 0.41634 0.22816 0.0024826 -0.0033627 0.022747 0.0086362 -0.0054391 0.0039568 0.0055103 0.0039987 -0.0036948 -0.015124 0.05818 0.035478 0.00088661 -0.027089 0.094668 0.044419 -0.0026039 0.0013619 0.0063982 0.0016517
-0.0022275 -0.0095823 0.0036011 0.0095967 0.00034933 -0.024185 0.04724 0.05272 0.0032127 -0.015293 0.039775 0.022454 0.0043739 -0.0010079 0.0066802 0.0019749 -0.0020829 -0.002978 0.012283 0.0054017 0.030037 -0.13063 0.29613 0.23001 0.13839 -0.038593 0.40225 0.19373 -0.011099 0.0043475 0.05444 0.01404 -0.032152 -0.010122 0.044106 0.011974 -0.099177 0.077196 0.36379 0.25765 0.35135 -0.0027243 0.47731 0.16568 -0.00052943 -0.0016514 0.063915 0.016917 -0.0025658 -0.0020006 0.0057223 0.0045116 0.024758 -0.0020205 0.041953 0.016067 0.012156 0.0082961 0.059445 0.048558 -0.0029213 -0.0009529 0.0079741 0.0063636
-0.0025539 0.00025837 0.0026005 0.00081613 0.068906 -0.014014 0.079664 0.027204 -0.025131 -0.010233 0.043771 0.010807 0.001511 -3.1878e-05 0.0019177 0.00036075 -0.020615 0.020438 0.03184 0.020438 0.083538 -0.044031 0.56066 0.33828 0.19283 -0.13124 0.27572 0.13942 0.011344 0.0014916 0.016898 0.0034485 0.014225 0.0099777 0.042697 0.016075 -0.15851 0.029228 0.4285 0.091986 0.25673 0.049618 0.29078 0.10034 0.017336 -0.0017206 0.020572 0.004796 0.0026482 0.0014585 0.0047078 0.0022267 -0.03208 0.0033131 0.078938 0.014793 0.037042 -0.0055013 0.041157 0.0093282 0.0032689 -0.00014471 0.0035547 0.00043685
0.00041912 0.0015577 0.00074313 0.0022401 0.008615 0.027487 0.0092395 0.029314 0.0010547 0.0075929 0.0077838 0.047533 -0.0027878 -0.0042852 0.0040761 0.007266 -0.010389 -0.0017673 0.017094 0.045611 0.12897 -0.12233 0.21145 0.42129 0.056011 0.12275 0.10458 0.29912 -0.021248 0.0090612 0.035526 0.050667 -0.027348 0.026379 0.036025 0.032958 0.19879 0.19274 0.47022 0.39942 -0.11637 -0.13973 0.17094 0.29401 -0.012976 -0.019481 0.015526 0.033426 -0.0013899 -0.0027862 0.0014999 0.0040875 -0.015033 -0.034072 0.016316 0.037219 -0.0069836 -0.020937 0.013117 0.030479 0.0011399 0.0016572 0.0024822 0.0069904
-5.4479e-05 -0.0039462 0.0015209 0.005692 0.0017381 -0.0036666 0.0086335 0.017619 0.043917 -0.035263 0.05029 0.041113 -7.5582e-05 -3.2462e-06 7.5582e-05 3.2462e-06 0.024401 0.0030644 0.028297 0.035158 0.1043 0.19714 0.2616 0.46758 0.20169 0.1008 0.45915 0.31492 -8.8955e-05 2.0822e-05 0.00034173 0.0002736 0.036597 0.011985 0.050148 0.044214 0.02403 -0.097639 0.10039 0.32081 0.16914 -0.016182 0.23699 0.26647 0.0036814 -0.0010877 0.0037534 0.0010877 -0.00097486 0.0018022 0.002402 0.0050867 0.0087969 0.033109 0.013983 0.052515 0.0067562 -0.0010377 0.01729 0.046338 0.006278 -0.001748 0.0063054 0.0017569
0.0010109 -0.0011482 0.0057439 0.0019203 -0.0013592 -0.0051413 0.019977 0.0059761 -0.0028144 -0.0077999 0.068099 0.0095815 0.00063148 0.00063839 0.0026277 0.0013744 0.0087374 -0.0087766 0.047358 0.011859 -0.20208 -0.26901 0.32787 0.27183 0.23765 -0.023524 0.3442 0.048221 0.009007 -0.0093137 0.027623 0.014693 0.02813 0.010319 0.055364 0.015602 -0.29295 0.18655 0.35005 0.19536 0.31177 0.03035 0.34522 0.044656 -0.002871 -0.0005568 0.06347 0.0092171 0.0067356 0.00012007 0.0096372 0.00071634 -0.048996 -0.0034633 0.0496 0.0048482 0.046983 0.001715 0.048223 0.0041982 0.001013 0.002989 0.0048486 0.0032638
0.0045984 0.0050004 0.0082116 0.0069105 0.0055587 -0.01372 0.05688 0.052278 -0.018775 0.023408 0.036053 0.038045 5.9381e-05 -6.6053e-05 0.0036849 0.0038343 -0.046004 0.001912 0.064811 0.032644 0.24425 0.03592 0.57306 0.41127 -0.016489 0.14725 0.20791 0.37253 -0.013764 0.015219 0.022455 0.020209 0.01741 -0.014402 0.01782 0.015096 0.046143 0.067121 0.27435 0.26803 0.071126 -0.084803 0.17242 0.11473 -0.013699 0.010783 0.041956 0.045497 0.0013586 -0.0013289 0.0020504 0.0019102 0.010053 -0.0063509 0.025931 0.022 -0.00014367 -0.0046071 0.042039 0.039976 0.00076493 -0.0031558 0.0032499 0.0031826
-0.0056765 -0.0017608 0.0064795 0.002002 0.015915 0.0059019 0.056741 0.01214 0.025378 0.022648 0.069653 0.02784 0.0013135 0.00048123 0.0019277 0.00071699 -0.032959 -0.0047123 0.034634 0.0079076 0.40167 -0.0053758 0.47434 0.2544 -0.059438 -0.019951 0.28647 0.080271 0.010737 0.0040976 0.018414 0.0056715 -0.026755 0.005502 0.030534 0.0068233 0.33665 0.039513 0.4414 0.24976 -0.04212 -0.079057 0.211 0.1018 0.015573 0.0033114 0.027489 0.0046598 0.0026267 0.0011366 0.0067003 0.0014187 -0.012882 0.004815 0.050271 0.012829 0.031588 0.0027435 0.033609 0.013183 0.0036511 0.0014693 0.0066405 0.0014899
-0.0051686 -0.0021902 0.0099093 0.0026627 0.022409 0.006159 0.032058 0.02054 -0.029355 0.013486 0.081 0.104 0.00060116 0.00016115 0.005832 0.0015382 -0.018937 -0.0030735 0.072552 0.011894 0.25099 0.059293 0.31294 0.14978 -0.19955 -0.0031678 0.35455 0.14499 -0.026372 -0.012426 0.027532 0.012979 -0.057428 0.023406 0.083804 0.043761 -0.03131 -0.10724 0.40654 0.3771 0.041042 -0.074722 0.42626 0.23091 -0.033177 -0.011629 0.039575 0.014137 -0.0095555 -0.00085506 0.012991 0.0024059 0.028013 -0.046306 0.1012 0.063997 -0.031029 -0.016762 0.033526 0.017658 -0.0063117 -0.0023609 0.011231 0.0043021
-0.00055342 -0.0007294 0.00056184 0.00073733 -0.016838 -0.10803 0.016838 0.10803 -0.016269 -0.11177 0.016269 0.11978 -0.0014091 -0.0044683 0.002416 0.017642 -0.044269 -0.01621 0.099999 0.060417 -0.089672 -0.013877 0.31222 0.35982 0.27743 -0.0083037 0.31362 0.10994 -0.010088 -0.0027891 0.016048 0.0050278 0.00899 -0.019719 0.036184 0.043229 -0.046042 0.08713 0.50715 0.24441 0.10098 -0.0098792 0.34301 0.21221 -0.016471 0.0015014 0.020349 0.0053542 -7.8089e-05 0.00036343 0.0031043 0.0040493 0.014624 -0.0089297 0.039554 0.015563 -0.0080729 -0.012587 0.0474 0.029037 -0.00011969 -0.00069039 0.0037225 0.0010728
0.0017017 6.1933e-05 0.0050077 0.0063886 0.041452 -0.0034321 0.047163 0.03456 0.0005522 0.00013206 0.0005522 0.00013206 0 0 0 0 0.0027844 0.019309 0.023858 0.025454 0.31975 0.17131 0.41689 0.33141 0.0036776 0.00027908 0.0036776 0.00027908 0 0 0 0 -0.0018549 -0.031815 0.016593 0.050007 0.38548 -0.24253 0.50704 0.31604 0.0026813 0 0.0026813 0 0 0 0 0 -0.00016435 0.0050993 0.0018235 0.0059948 0.058741 0.016781 0.075232 0.017053 0.00038728 0 0.00038728 0 0 0 0 0
-0.0042279 -0.00029471 0.01155 0.0016101 0.016747 -0.022093 0.019609 0.022355 0.0094243 -0.015199 0.023182 0.023268 0.00012379 -0.00076685 0.0029648 0.0011907 0.027252 -0.0091647 0.049122 0.013129 -0.070424 -0.017805 0.30093 0.14168 0.20899 0.076766 0.27878 0.179 0.010334 0.0023772 0.016431 0.0056853 -0.0012566 -0.0050605 0.025929 0.0073361 0.070512 0.1253 0.19304 0.21321 0.22856 0.049292 0.72703 0.12754 -0.020814 0.0062043 0.02831 0.010173 -0.0030202 0.00053123 0.0030202 0.00063777 0.043815 -0.0085865 0.044015 0.0094723 0.011667 0.010424 0.089757 0.017248 -0.0044545 0.00109 0.0047891 0.0013547
0.0068963 0.00054797 0.0086708 0.0054244 -0.0027744 -0.0023405 0.02909 0.017843 0.015488 -0.0044725 0.049093 0.015122 0.0035392 -0.00064974 0.0055656 0.0017013 -0.022672 0.0057626 0.043396 0.040023 0.34335 0.066449 0.38292 0.18403 -0.038677 0.068554 0.35787 0.1282 0.0015077 -0.00049966 0.052009 0.013445 -0.018191 0.006375 0.055611 0.037665 0.32703 -0.078057 0.47018 0.15181 -0.023894 0.0093628 0.37394 0.1312 -0.017794 0.0052232 0.054096 0.012901 0.0060789 -0.0013107 0.007675 0.0022861 0.0069081 0.014094 0.058255 0.049074 0.019942 -0.01504 0.062275 0.036089 0.0013752 -0.0045331 0.0045275 0.010949
0.0029662 -0.0011325 0.0052052 0.0030109 0.011802 -0.0064661 0.023711 0.018749 0.013144 -0.00057725 0.022684 0.0065288 0.0010703 -0.00050517 0.0012952 0.00057754 0.0012067 0.012456 0.040413 0.025972 0.21952 0.093338 0.40797 0.19208 -0.015983 0.078262 0.13537 0.10994 0.011842 0.00014644 0.015203 0.008881 0.042589 -0.0058083 0.043643 0.018954 0.30771 0.036231 0.6897 0.12505 -0.19591 0.048 0.22632 0.065489 0.0070426 -0.0022187 0.0085344 0.0062098 0.0062491 -0.0015556 0.0066617 0.0015985 0.045295 0.004597 0.072854 0.028603 -0.027243 0.005874 0.035623 0.0068779 -2.587e-05 -0.0010104 0.0022651 0.0012561
-0.0023658 0.0085363 0.0097047 0.012703 0.014772 0.020155 0.059743 0.040483 -0.0018789 -0.022948 0.061523 0.054971 -0.0024503 -0.0022469 0.010213 0.0048388 0.031775 -0.012956 0.033614 0.014233 0.083425 0.12424 0.61931 0.43322 -0.085565 0.13202 0.235 0.21358 0.003458 -0.0030552 0.039751 0.017315 0.01572 -0.008796 0.017513 0.0090547 0.13206 -0.077382 0.35963 0.11641 -0.063286 0.027738 0.2469 0.12382 -0.01025 0.013348 0.028175 0.017303 0.0034564 -0.0011463 0.0048142 0.0014702 -0.0034003 -0.0011612 0.038308 0.011899 0.0084891 -0.051619 0.066277 0.066088 0.0029268 0.0003403 0.0073719 0.0066949
0.00022452 0.00012739 0.010854 0.0045641 -0.0008699 -0.00025572 0.039298 0.018164 0.0087744 -0.0021485 0.051028 0.016318 -0.0015019 0.0008133 0.0022587 0.0012088 -0.060058 0.024595 0.067454 0.028853 0.13277 -0.0056751 0.40331 0.38032 0.028616 0.13081 0.26085 0.3305 0.010506 -0.0045049 0.023178 0.010633 0.00030836 0.010021 0.025164 0.014945 0.17887 0.021835 0.56972 0.14286 -0.09346 0.08201 0.2267 0.099173 0.016748 -0.0067118 0.033214 0.01126 -0.0011064 0.00032639 0.002725 0.0018796 0.0064264 0.010743 0.082124 0.021555 0.0049779 -0.00072602 0.015302 0.0069823 -0.0049302 0.0041533 0.008645 0.0047419
0.0033107 -0.0083171 0.0097752 0.0095643 -0.005648 -0.010756 0.046835 0.022911 0.021773 -0.01589 0.023472 0.016671 -0.0026937 0.0022624 0.004708 0.0030157 0.015042 -0.0072435 0.042535 0.034265 -0.015383 -0.20173 0.3494 0.3849 0.15821 0.013412 0.34362 0.19097 0.023867 -0.014134 0.038942 0.026498 -0.039238 -0.011055 0.07165 0.027062 0.04963 0.037997 0.20339 0.12251 0.4216 0.021567 0.45034 0.17286 -0.040975 0.023665 0.059604 0.033686 -0.0041274 0.0071408 0.0072388 0.0083227 -0.005291 0.0149 0.051764 0.056652 0.048935 -0.01989 0.050827 0.026768 0.0016096 0.00046105 0.0054805 0.0034612
-6.4647e-05 -0.0014411 0.00040652 0.0016352 0.0043598 -0.0011703 0.0057794 0.011932 0.015275 0.01273 0.092664 0.017143 4.5924e-05 -5.5091e-06 4.5924e-05 2.6029e-05 0.0018726 -0.0032873 0.0051049 0.034315 0.020064 -0.034238 0.045228 0.21953 0.11439 0.015827 0.6143 0.12844 6.2283e-05 0 6.2283e-05 0 -0.001447 -0.011037 0.0047478 0.018266 0.047655 -0.075733 0.077633 0.20211 0.18897 -0.057505 0.62353 0.18969 0.0011388 1.8333e-05 0.0016184 0.000381 0.00053783 0.0021443 0.00086274 0.0024461 0.0021459 0.0096038 0.0046954 0.013107 0.031787 0.0019507 0.098912 0.0061736 2.1426e-05 1.8941e-06 2.26e-05 2.5203e-06
-0.0050685 -0.00343 0.0054918 0.004155 0.027964 -0.029131 0.059184 0.034886 -0.0049991 0.00098111 0.039089 0.012041 0.002401 -0.002929 0.0031408 0.0034577 -0.0081565 -0.00059239 0.033055 0.016482 0.2843 0.052123 0.42 0.21369 -0.014248 0.01251 0.38357 0.048792 -0.021611 0.0063365 0.024781 0.012073 0.01676 -0.014307 0.052291 0.020712 0.27544 -0.039747 0.49603 0.19372 -0.058651 -0.056815 0.34213 0.19501 0.01496 0.0031723 0.02606 0.013718 0.0025273 -0.00042828 0.012284 0.0012719 0.015746 0.011785 0.054052 0.023332 0.0043439 -0.0018488 0.042875 0.014979 0.0028949 -0.00037512 0.005403 0.00082103
0.0097963 -0.0020787 0.013276 0.0025397 0.0064485 0.0076152 0.068786 0.014446 -0.017783 -0.00040315 0.063014 0.0040799 -0.0010744 0.00024285 0.0027257 0.00066672 0.029801 -0.016363 0.064522 0.040138 0.063896 -0.056174 0.40906 0.32043 -0.035275 0.047487 0.34618 0.25265 0.0072822 0.0046487 0.012515 0.0059949 -0.024118 0.0026204 0.037833 0.0081418 0.29683 -0.0093338 0.47049 0.034055 -0.10663 -0.0070304 0.42987 0.036219 0.012904 0.0017465 0.012954 0.0028674 -0.0045545 0.00093138 0.0051168 0.0017374 0.041767 -0.00047208 0.052064 0.0035314 -0.013037 0.00084485 0.058118 0.0032321 0.0019701 0.00027222 0.0019708 0.00032948
-0.0010307 -0.0068986 0.0010307 0.0068986 -0.0078207 -0.11266 0.013095 0.11319 -0.0028057 -0.076668 0.017777 0.076967 -0.0017079 -0.0034885 0.0030241 0.012335 -0.0047265 -0.021822 0.028286 0.022612 0.0080789 -0.097447 0.27579 0.15194 0.11395 -0.12218 0.29956 0.17452 0.030062 -0.00078573 0.04566 0.009492 0.011108 -0.012371 0.027256 0.014105 -0.14257 0.015922 0.39833 0.18957 0.39509 0.11059 0.52384 0.17967 -0.011137 -0.0029172 0.046678 0.0071457 0.0021035 0.00091858 0.008333 0.0014201 0.010333 0.0063849 0.050854 0.011438 0.021749 -0.0037795 0.043906 0.031135 0.0025911 -0.00010003 0.005901 0.0045816
-4.0285e-06 0.00082236 0.0028901 0.0077143 0.0061264 -0.0090245 0.014586 0.051866 0.075335 -0.0067912 0.075802 0.0084892 0 0 0 0 0.005141 -0.00080161 0.038193 0.045 -0.02708 0.060003 0.22711 0.41399 0.44259 0.037149 0.44376 0.16157 0 0.00043427 0 0.00043427 0.0007545 0.028235 0.010694 0.043537 0.03783 0.052226 0.074199 0.32505 0.29483 -0.0386 0.29613 0.17117 -0.00039547 -0.00030738 0.00039547 0.0008126 -0.00026839 -0.00018162 0.00098967 0.0096789 0.0077566 0.047135 0.0096753 0.055698 0.031219 0.0079431 0.05963 0.023865 0 0 0 0
-5.1358e-05 -0.00019581 5.1358e-05 0.00019581 -0.00028873 -0.0012357 0.00028873 0.0012357 -0.01443 -0.044001 0.01443 0.044008 -0.0038636 -0.023538 0.0042264 0.023542 -0.015928 -0.086506 0.017424 0.086506 0.11045 -0.28708 0.27713 0.5621 0.0054149 0.010776 0.13649 0.48757 0.00090306 0.025037 0.013344 0.028382 0.0046696 0.013889 0.029476 0.033261 0.29936 -0.009108 0.35066 0.10663 0.012664 -0.0081129 0.037819 0.027401 -0.0069611 -0.00051169 0.0071397 0.0027559 -0.0055622 -0.0016107 0.006222 0.004535 0.041452 -0.0095411 0.044786 0.021668 0.0082754 -0.00026634 0.01672 0.009317 -0.00010428 0.00011493 0.001068 0.00040236
-0.003095 0.0023767 0.0040944 0.0059677 0.0043424 -0.048634 0.032721 0.05078 0.017624 0.034263 0.06203 0.047626 -0.0044819 0.0038433 0.012194 0.0054644 -0.028963 -0.00029007 0.032297 0.0043605 -0.10167 0.11175 0.34507 0.1771 0.28787 -0.055786 0.48157 0.091564 -0.074688 0.0080193 0.091164 0.015681 -0.036021 0.00073574 0.036975 0.0036626 -0.095299 0.019416 0.39133 0.041995 0.2746 0.016666 0.44764 0.11019 -0.054908 0.007232 0.065146 0.014778 -0.0055041 0.0001063 0.0056905 0.00039501 -0.014369 -0.00043074 0.058717 0.0044404 0.033423 -0.00023363 0.049191 0.016193 -0.0076169 -0.0016508 0.0076188 0.0020912
-0.0032148 -0.00045038 0.0032818 0.0011429 0.026349 0.0039584 0.097454 0.013464 -0.021423 -0.0032384 0.030966 0.006256 0.0062132 0.00080083 0.0066322 0.001001 -0.011076 -0.0058804 0.040267 0.007645 0.18139 0.024844 0.55863 0.09932 -0.12709 -0.024885 0.29327 0.05552 0.027772 0.0066944 0.035269 0.0075833 -0.034807 -0.0046931 0.050809 0.0096785 0.10467 0.010728 0.46466 0.30153 0.017749 -0.078698 0.29381 0.31704 0.0019224 0.0027615 0.016285 0.0047227 -0.011591 -0.0014096 0.011881 0.0025341 0.032041 0.016428 0.036204 0.016629 -0.019008 0.0022418 0.060907 0.0075725 -0.0016222 -0.00053406 0.0019128 0.00081346
0.00028552 -9.5045e-05 0.004239 0.0015493 -0.0066272 -0.0054148 0.039949 0.012777 0.031586 0.0016724 0.043486 0.0065818 0.00093421 0.0018763 0.0099747 0.011567 0.00073285 -0.0059949 0.010904 0.0087475 0.16641 0.043654 0.44483 0.12523 0.047857 0.06155 0.20353 0.084768 0.034298 0.0021921 0.041761 0.0088361 -0.0076551 -1.0065e-05 0.017292 0.010149 0.38076 -0.086654 0.65161 0.15915 -0.080689 -0.027373 0.2658 0.061051 0.013025 0.0027305 0.046318 0.0054331 -0.00022602 -0.00011484 0.0030963 0.0020424 0.0016607 0.028305 0.047752 0.028659 0.030651 -0.017286 0.036232 0.022944 0.00018613 0.0013533 0.0061007 0.0015281
0.003771 -6.1243e-05 0.0061613 0.0035116 0.023196 -0.0066556 0.03677 0.040704 0.011915 -0.0024503 0.022856 0.021348 -0.00059519 -0.00022716 0.0026319 0.0015915 0.015278 0.0024977 0.028563 0.018173 0.14236 0.11426 0.19428 0.22416 0.14017 0.040434 0.21098 0.14058 0.0071324 0.00391 0.02097 0.013561 -0.0058579 -0.0062233 0.031529 0.030287 0.38349 -0.21842 0.69535 0.25817 0.00062687 -0.0019804 0.10984 0.071682 -0.020228 -0.0131 0.033444 0.017065 -0.0080581 0.00477 0.011036 0.0060392 0.077894 -0.010022 0.10698 0.01952 -0.005348 -0.0051247 0.036219 0.021048 -0.0025079 -0.0017623 0.0076893 0.0055208
0.0067071 -0.0027428 0.0084982 0.0056984 0.003965 0.024188 0.0079428 0.071316 0.006408 0.034313 0.033311 0.080116 0.0059353 0.0019479 0.0059459 0.0027326 -0.02856 -0.018069 0.031992 0.032566 0.26117 -0.19895 0.30496 0.24727 0.091466 0.10776 0.25747 0.29176 0.00095826 0.00019456 0.0012301 0.00021718 0.0066054 0.025427 0.032597 0.045746 0.11805 0.002433 0.18901 0.31538 0.21518 -0.29037 0.3619 0.34744 0.0012346 -2.6803e-05 0.0015222 0.00024436 0.00051613 0.0074765 0.0057675 0.012973 -0.031612 0.018014 0.037727 0.04354 0.053032 0.018553 0.065178 0.03337 0.00020717 -2.5444e-06 0.00026023 9.4039e-06
0.00019142 0.0023997 0.00077298 0.0049216 0.062122 -0.0021793 0.062488 0.015905 -0.00020004 0 0.00020004 0 0 0 0 0 7.2449e-05 0.017084 0.010507 0.026319 0.35782 0.085506 0.63314 0.38134 0.0068898 -0.00015405 0.0074119 0.0037679 -0.00036074 0.00041683 0.00036074 0.00041683 0.0010519 -0.015343 0.012181 0.035272 0.32554 -0.032901 0.38755 0.21375 0.016088 -0.005727 0.016088 0.005727 0 0 0 0 0.0010862 0.00021385 0.0013652 0.0031535 0.032833 -0.01076 0.034091 0.035762 0.012209 -0.00043212 0.012209 0.002029 -3.095e-05 -2.8731e-05 3.095e-05 2.8731e-05
-0.00016552 0.00041808 0.00022423 0.0013004 0.046797 0.010154 0.048107 0.010835 0.00098063 0.00021835 0.00098063 0.00021835 -8.9198e-05 -3.0464e-05 8.9198e-05 3.0464e-05 -0.0010691 0.0037117 0.0051889 0.040721 0.42726 0.0041316 0.44137 0.16253 0.0030602 0 0.0030602 0 -0.00077188 0 0.00077188 0 -0.0059757 0.022036 0.011753 0.02295 0.3813 0.016021 0.60534 0.26677 0.0040463 -0.00031616 0.0040463 0.00065113 -0.00077188 0 0.00077188 0 -0.0023226 -0.0032485 0.0035496 0.0067356 0.040898 -0.00024781 0.051976 0.029046 0.00055457 9.909e-05 0.00055457 0.00011255 -6.8768e-05 4.8877e-05 6.8768e-05 4.8877e-05
-0.0042584 -0.0016558 0.0042584 0.0016807 0.023555 0.0016345 0.031536 0.0071751 0.0042635 0.013466 0.071672 0.017074 0.0039086 0.0039259 0.011275 0.0040215 -0.021745 -0.0054701 0.021745 0.0054701 0.26747 -0.0090215 0.29291 0.09872 0.09808 0.12441 0.55247 0.16808 -0.028202 -0.0039518 0.032822 0.0077756 -0.022205 -0.0032726 0.022205 0.0042804 0.21575 -0.0020409 0.24882 0.16799 0.2613 -0.028106 0.41354 0.26849 -0.028846 -0.0065884 0.03379 0.0080514 -0.0027827 -0.00015533 0.0027827 0.00093505 0.03763 -0.021773 0.040177 0.028633 0.031736 0.0071502 0.079096 0.01521 -0.0030955 -0.00074076 0.0034462 0.00093884
-0.0056248 -0.0012274 0.0069771 0.0094347 0.018064 -0.0078225 0.023741 0.044636 0.01211 -0.012636 0.017368 0.03222 -0.0055548 0.0032647 0.0062638 0.00689 -0.00038532 0.019003 0.0071531 0.020995 -0.078197 -0.067346 0.090985 0.2541 0.27766 -0.0071924 0.30617 0.32238 -0.013996 0.0028707 0.041231 0.1003 -0.034477 0.039652 0.035827 0.041537 -0.028123 0.33931 0.18864 0.55391 0.026427 0.090515 0.20618 0.31854 0.0086717 -0.0046435 0.012816 0.030471 -0.0011687 -0.0058518 0.0013947 0.0070478 -0.020731 -0.032101 0.022761 0.042972 -0.00064577 0.024442 0.0048436 0.035682 0.00050686 0.0024531 0.00070046 0.003927
-0.0076993 -0.00047025 0.010816 0.0022143 -0.00015659 0.02831 0.072418 0.037632 0.055298 0.015383 0.089098 0.025503 0.00082727 0.00032465 0.0097355 0.0021831 0.026004 -0.0011206 0.11157 0.014779 0.17236 0.084807 0.36904 0.26209 -0.030508 -0.02774 0.37204 0.26021 0.021726 0.0080671 0.077057 0.026311 0.037292 0.013168 0.041409 0.020533 0.22323 -0.036429 0.43333 0.29702 -0.10514 0.033518 0.38311 0.085536 0.0033147 0.00081259 0.068822 0.0073993 0.0019136 0.0030817 0.0054758 0.0034786 0.036614 0.0023197 0.046366 0.0063127 -0.019942 0.006536 0.064316 0.010289 -0.0026082 -0.0012811 0.0076638 0.0019737
-0.01058 0.0020887 0.014976 0.002411 0.04037 -0.0065177 0.10049 0.038192 -0.026721 0.0014446 0.054557 0.0055347 -0.0063265 0.00092705 0.00836 0.0014944 -0.051155 -0.0036208 0.056218 0.0171 0.23484 0.10716 0.5336 0.29527 -0.10948 0.061955 0.24026 0.10685 -0.033449 0.0060064 0.052857 0.0061657 -0.037589 -0.027803 0.055998 0.027803 -0.052918 -0.13509 0.36187 0.22725 0.18449 -0.12782 0.38342 0.1811 -0.022352 0.007154 0.043833 0.0096353 0.00065142 0.0031538 0.010047 0.0046353 0.011706 0.023591 0.036315 0.029516 -0.00046408 0.008802 0.05563 0.017709 -0.0015255 0.00098078 0.0032006 0.0014055
0.00059996 0.00093618 0.0007083 0.0017985 0.00067796 0.027791 0.013446 0.028772 0.077874 0.018466 0.077874 0.019412 0 0 0 0 0.0041281 0.0026348 0.0047066 0.033922 0.040242 -0.056239 0.042356 0.16381 0.45802 -0.021269 0.46163 0.058747 0 0 0 0 0.0051128 -0.004506 0.010388 0.026269 0.015192 0.050718 0.023419 0.075274 0.49443 0.041447 0.49512 0.044948 0 -0.00038407 0 0.00038407 0.0016939 0.0007495 0.0043028 0.0059111 0.0040533 -0.036771 0.015594 0.065861 0.082331 -0.015028 0.084689 0.024162 0 0 0 0
0.0010007 -0.0072892 0.0067087 0.0090815 -0.0082835 -0.012232 0.049741 0.027683 0.02478 -0.018253 0.029684 0.020335 -0.0037063 0.0022036 0.0075132 0.0038953 -0.010715 0.0041819 0.045605 0.022975 -0.07624 -0.17899 0.31216 0.36857 0.23273 -0.040017 0.334 0.20439 0.022041 -0.0090687 0.046241 0.022483 -0.0094663 0.013404 0.036985 0.030736 0.019548 0.050995 0.32972 0.19238 0.33911 0.055545 0.43262 0.16897 -0.037237 0.016543 0.06184 0.028326 0.0023944 -0.0015535 0.0036217 0.001635 -0.036172 -0.019143 0.05949 0.04918 0.056984 -0.018227 0.065402 0.029944 0.0010752 -0.00052209 0.0067689 0.0039536
0.00042003 0.0016017 0.0039682 0.0069709 0.012725 -0.037113 0.032634 0.040823 0.019037 0.034419 0.051708 0.038309 -0.0060461 0.0047098 0.0096904 0.0061276 0.03877 0.0038959 0.069318 0.010977 -0.17004 0.099002 0.31253 0.20601 0.30697 -0.07889 0.48523 0.10828 -0.06438 0.005315 0.075099 0.014716 0.040781 -0.0010671 0.069966 0.0068663 -0.17028 0.019942 0.31812 0.038877 0.29439 0.051589 0.44118 0.096747 -0.047791 0.0084928 0.057182 0.011486 0.0058052 4.0026e-06 0.010415 0.00071254 -0.010615 0.00058191 0.061387 0.0060573 0.020672 -0.014952 0.05914 0.027534 -0.0061128 -0.00044529 0.006843 0.0021314
0.00037734 -0.00039535 0.013767 0.0028268 0.032013 0.020015 0.081613 0.0435 -0.030186 6.6617e-05 0.044512 0.0095979 2.3035e-05 0.00030689 0.001842 0.00085123 -0.058757 0.010793 0.080546 0.013239 0.32819 -0.051444 0.55019 0.1837 -0.21076 -0.0019235 0.27857 0.026456 0.00063176 -0.00032817 0.011911 0.0021679 -0.035803 -0.011632 0.038875 0.017124 0.28403 -0.012676 0.44569 0.22305 -0.1484 0.026269 0.20108 0.047449 0.00012876 0.0018799 0.013828 0.0041599 -0.0017362 -9.9113e-05 0.0019369 0.00056082 0.021833 6.6045e-05 0.086453 0.023163 -0.0060889 -0.0018694 0.017405 0.0045701 -0.0021511 -5.9901e-05 0.0021692 0.00036627
0.0036014 0.00018339 0.0036865 0.0010907 0.0061972 0.0090452 0.10979 0.074437 -0.0015298 -0.012702 0.058104 0.034375 0.0053162 -0.00096135 0.0098485 0.0038246 0.035053 -0.0086692 0.042009 0.0091788 0.20045 0.010055 0.44129 0.12566 -0.21525 0.11649 0.28687 0.17314 0.019091 -0.0081748 0.051002 0.011181 0.029983 0.0013499 0.040062 0.006912 -0.03173 -0.071736 0.38383 0.16415 0.10754 -0.058656 0.3749 0.45093 0.005338 0.00055658 0.02806 0.0089699 0.0026525 -0.00073696 0.0036672 0.0020503 0.014835 -0.0037001 0.05675 0.0049745 0.021329 -0.0080036 0.031141 0.013485 -0.0067619 0.0021166 0.0094914 0.0024385
0.0099086 0.00087682 0.012012 0.0020804 -0.00027867 -0.0021694 0.072771 0.0062738 0.019076 0.0024791 0.019467 0.0045567 0.0026417 0.00015554 0.0026705 0.00045278 0.050384 -0.0072363 0.062036 0.013555 -0.14974 -0.03575 0.44833 0.08042 0.31816 -0.12328 0.32269 0.14879 0.015463 -0.0008267 0.015463 0.0034373 0.053837 -0.0069927 0.073522 0.014581 -0.17262 0.073584 0.41344 0.077954 0.34185 0.13942 0.35618 0.14145 0.011929 0.00031718 0.012028 0.0046075 0.0091917 -0.00039779 0.014235 0.0018843 0.0086806 0.0053803 0.082156 0.0091917 0.020678 0.0038327 0.026203 0.0050367 0.0012194 0.00013166 0.0012194 0.0004457
0.00082722 -0.001043 0.0058108 0.0010535 -0.0040153 -0.0018024 0.016434 0.0037301 0.0068684 0.0033317 0.051744 0.034757 -0.0052216 -0.0020449 0.010011 0.0023116 0.014464 -0.0055516 0.042886 0.0078172 0.032671 -0.038376 0.28173 0.13261 -0.1246 0.094815 0.35206 0.30436 0.059256 0.033854 0.081073 0.049494 0.014578 -0.0090152 0.039434 0.03337 0.088625 -0.074779 0.34307 0.11311 0.026208 -0.040718 0.64319 0.22411 0.048343 0.0053369 0.091036 0.014683 0.0011824 6.6305e-05 0.0049716 0.00053115 0.019454 0.0085223 0.055915 0.011707 -0.00072276 0.0023713 0.079633 0.068158 0.010496 -0.0025092 0.01642 0.0041595
0.0041117 -4.4108e-05 0.013579 0.0021583 -0.030676 0.002972 0.055063 0.0073928 0.033678 0.00054921 0.036477 0.0050811 -0.0017517 0.0010918 0.0042686 0.0013728 -0.030119 0.00079391 0.067099 0.013716 -0.030501 -0.32786 0.3875 0.3496 0.16648 -0.029556 0.25285 0.060422 -0.010751 0.0011282 0.028662 0.0092687 -0.064368 0.011106 0.066595 0.012132 0.15317 0.34988 0.28135 0.35267 0.023296 0.034383 0.36637 0.091632 -0.011507 0.00098947 0.020979 0.0073049 -0.010344 0.0011281 0.010344 0.0012028 0.033425 0.0058744 0.03548 0.0080184 -0.021669 0.011293 0.05258 0.018816 -0.0015956 0.00015035 0.0024222 0.00037309
-0.00070162 -0.0011698 0.0067245 0.0017606 -0.039 0.0075811 0.13516 0.043594 -0.0086851 0.0056911 0.069696 0.02186 0.00089209 0.0012917 0.0048935 0.0028291 -0.017637 0.0039662 0.044571 0.0066954 -0.11143 -0.065344 0.26043 0.12823 0.15101 0.10003 0.47752 0.31409 -0.017743 0.026697 0.039672 0.042495 -0.053332 0.012628 0.055328 0.013235 -0.1064 0.078056 0.24394 0.086548 0.17362 0.084466 0.56415 0.18177 -0.035115 -0.0060213 0.099851 0.087736 -0.006187 0.0014226 0.0075341 0.001676 -0.0122 0.0082662 0.028227 0.0086674 0.028663 -0.0040331 0.070917 0.01409 -0.0055219 0.0026154 0.0057761 0.0032733
-0.011753 0.0032859 0.011753 0.0035927 0.0025555 -0.0033283 0.070412 0.021254 0.016721 -0.00087025 0.046267 0.011997 0.0022614 -0.0014114 0.0039899 0.0030341 -0.0017579 0.00062597 0.046631 0.017125 0.047782 0.060987 0.53418 0.33016 0.047956 0.062742 0.33884 0.21402 -0.013213 0.004938 0.030313 0.017774 0.0093911 0.012948 0.041184 0.034242 0.089156 0.064453 0.53985 0.09018 -0.074266 0.075909 0.27377 0.11939 -0.0077536 0.0019421 0.018592 0.0065852 0.0025789 -0.0074077 0.011403 0.010203 0.0095592 0.013615 0.044638 0.024982 -0.0057844 0.0061911 0.037547 0.011525 0.0025537 0.00079843 0.0041244 0.0014502
-6.9564e-05 -0.00024106 6.9564e-05 0.00027017 -0.00024867 -0.0034153 0.00031684 0.0034614 -0.0019915 -0.011284 0.003528 0.011284 -5.7359e-06 -0.0025076 0.00021604 0.0025076 -0.054975 -0.0347 0.055387 0.037586 0.10173 -0.14479 0.31827 0.41528 -0.09153 0.05281 0.2372 0.57337 -0.0036076 0.0061777 0.036441 0.083071 -0.047598 0.010954 0.049633 0.011482 0.30194 -0.051305 0.40485 0.067082 -0.054947 0.0083007 0.05716 0.031595 -0.015141 0.0047609 0.020246 0.0072665 -0.0054509 0.00088356 0.0061333 0.001145 0.038842 -0.0066341 0.065507 0.01131 -0.004401 -0.0016603 0.010267 0.0050879 -0.0010781 0.00011435 0.0026563 0.00053051
0.0069817 -0.0048515 0.010373 0.011116 0.0091379 -0.032281 0.059892 0.051527 -0.010321 0.0021079 0.013176 0.0051489 -0.0033789 0.0023242 0.0094414 0.0024905 -0.043441 -0.0015584 0.045299 0.011483 0.17022 0.0053743 0.40914 0.2813 0.10738 -0.061044 0.37893 0.29679 -0.015502 0.014177 0.034371 0.014189 -0.0063164 0.032976 0.035909 0.040832 -0.12218 0.080912 0.45588 0.1111 0.23034 0.02115 0.36023 0.15323 -0.0048565 -0.0025238 0.020143 0.0069111 0.00065395 -0.0029801 0.010079 0.0067553 -0.025699 -0.018368 0.053053 0.04037 0.024677 -0.00050196 0.063128 0.019899 -0.00087161 0.00019554 0.0017168 0.0006395
-0.0038488 -0.00049369 0.0049688 0.0086484 -0.011982 -0.026227 0.027099 0.039565 0.01061 -0.021353 0.020889 0.061313 -0.00098267 0.00016442 0.0023389 0.010725 -0.026215 -0.011881 0.04402 0.069955 0.14839 -0.10079 0.17341 0.47759 0.13128 0.08595 0.16874 0.27102 -0.050888 0.041603 0.066183 0.070759 0.0019031 0.019534 0.0086326 0.026596 -0.083613 0.073491 0.10404 0.27825 0.35578 -0.043514 0.44087 0.31206 -0.010386 -0.0095434 0.062917 0.098641 -0.003838 0.0057016 0.0039412 0.0057016 -0.0032872 0.050317 0.032247 0.078629 0.01877 0.038103 0.050322 0.058911 0.00076925 0.0014179 0.0022262 0.0044238
0.0019134 0.00038601 0.0050977 0.0029079 0.0075124 -0.0055104 0.068804 0.019023 0.027148 -0.017473 0.047656 0.025399 -0.0015084 0.00056933 0.0074669 0.0015888 0.0069741 -0.0041421 0.022914 0.015374 0.17874 0.042331 0.49969 0.15745 0.16147 0.03751 0.28299 0.078291 -0.02302 0.014232 0.067104 0.016786 -0.0039923 0.0044454 0.022687 0.014124 0.19196 -0.043306 0.56036 0.19418 0.19882 -0.024652 0.33302 0.062042 -0.0078365 0.0037244 0.050333 0.011828 -0.0016371 -0.00030514 0.0024316 0.0045716 -0.021102 0.005754 0.054731 0.011391 0.068202 -0.0043528 0.07264 0.0074616 -0.0024804 7.4687e-05 0.0064939 0.00077367
0.0017545 -0.00070823 0.002094 0.00085532 0.058165 -0.016109 0.072594 0.016772 -0.0048951 -0.0038454 0.014507 0.0085082 0.0010485 0.00044224 0.004568 0.0023949 0.016609 0.0030216 0.031499 0.012672 0.29876 0.012155 0.57511 0.19429 0.11599 0.01398 0.19972 0.11101 -0.046773 -0.019569 0.052656 0.023053 -0.03182 0.0126 0.043179 0.021502 0.033006 0.095203 0.28967 0.16339 0.2567 -0.007828 0.49005 0.12739 -0.003276 -0.00065797 0.022247 0.011474 -0.0054702 -0.00061729 0.0078789 0.0025511 0.016923 -0.021444 0.028162 0.023394 0.0041566 -0.064185 0.030459 0.069636 0.00392 -0.00074307 0.0039232 0.0038421
-3.0443e-05 -3.6177e-05 3.8713e-05 3.8713e-05 -0.00030122 -0.0014592 0.00030122 0.0014592 -0.0083004 -0.018501 0.0083004 0.018501 -0.0032869 -0.020928 0.0032869 0.020928 -0.024415 -0.082291 0.029303 0.089604 0.12317 -0.30419 0.29125 0.55623 -0.010374 -0.064312 0.089784 0.45765 0.0021928 0.010175 0.022441 0.026507 -0.024059 0.019809 0.050553 0.059662 0.318 -0.037423 0.35249 0.11244 -0.022632 0.0033288 0.055613 0.022389 -0.0075077 -0.0017983 0.011519 0.0037096 0.0016055 -0.0016696 0.0087452 0.0049492 0.031254 0.0045086 0.059105 0.031024 0.007481 -0.005786 0.020679 0.011261 -0.0015382 0.00023176 0.0020642 0.00040899
-0.0021511 -0.00043731 0.0058373 0.0015754 0.014486 0.0058729 0.099405 0.013803 -0.013204 0.00033026 0.046845 0.0091333 -0.00058417 -0.00029799 0.0029037 0.00065289 -0.012841 -0.01196 0.04171 0.024111 0.11041 0.008638 0.60984 0.059263 -0.084344 -0.0080642 0.36718 0.051791 -0.0099222 -5.8175e-06 0.023482 0.0093942 0.0078367 0.0011459 0.045923 0.013082 0.028229 0.0028182 0.50104 0.22387 0.030346 -0.029021 0.31723 0.19294 -0.0082287 0.0013061 0.028599 0.010661 -0.0016353 0.000966 0.0042065 0.0029671 0.016985 0.010923 0.055229 0.012681 -0.015993 0.006588 0.049626 0.0093755 -0.0011815 -0.00086194 0.0050758 0.0019704
-0.0009346 0.0055067 0.0057272 0.0098546 0.039639 0.0091273 0.061495 0.03556 -0.042553 0.012374 0.067933 0.021986 -0.0063246 -0.0043888 0.012358 0.006332 0.0060165 -0.00086625 0.050973 0.004806 0.25852 0.01081 0.45666 0.085047 -0.28264 0.055257 0.38857 0.074136 -0.07966 -0.010492 0.11236 0.032404 0.0097069 0.0012818 0.048049 0.0029115 0.21532 -0.028698 0.42131 0.10994 -0.24745 -0.025085 0.3241 0.087056 -0.079274 -0.0028679 0.090353 0.027895 0.0012076 -0.00013698 0.0065401 0.00098117 0.021971 0.0019438 0.067394 0.013531 -0.0492 -0.02969 0.050084 0.02969 -0.0020747 0.001666 0.004429 0.0026588
-0.0043429 0.00070697 0.0046101 0.0012854 -0.023447 0.014954 0.034152 0.023968 0.02836 0.0070865 0.065553 0.0091038 -0.0010982 -0.00054024 0.0024296 0.0013387 -0.014617 -0.0004942 0.018422 0.0057458 -0.03701 0.039315 0.37264 0.17759 0.06554 0.080418 0.48512 0.09627 -0.0047698 0.00044852 0.029801 0.010527 -0.014787 0.0030483 0.026696 0.0045295 0.17791 -0.0040835 0.58596 0.043148 -0.11766 0.026936 0.39626 0.048375 -0.0066569 -0.0017042 0.019336 0.0064579 -0.0027114 0.00016431 0.0036333 0.00078961 0.020001 -0.00055621 0.077552 0.0060637 -0.013805 -0.0018279 0.054287 0.0067785 -0.0014265 -0.00023385 0.0027105 0.00093477
-0.0015954 0.00077324 0.00688 0.0019818 0.034696 -0.019635 0.048599 0.023747 -0.0088634 -0.0010092 0.022293 0.0037999 0.00075822 0.00021688 0.0033481 0.00066554 -0.081315 0.029681 0.085307 0.044265 0.10533 0.013817 0.25417 0.15553 0.1334 -0.031643 0.34696 0.11981 0.015824 -0.006171 0.024712 0.0086702 -0.0098903 0.013127 0.021327 0.01561 -0.061098 0.18797 0.3401 0.24259 0.16396 0.20392 0.5973 0.25603 -0.0033534 -0.012944 0.041628 0.032002 0.00010775 0.00021067 0.0023966 0.0023903 -0.026038 0.017394 0.056993 0.025759 0.027548 -0.056927 0.04609 0.058647 -0.016956 0.0018312 0.021121 0.0056949
-0.0013871 -0.0041968 0.0015856 0.0054748 0.046183 -0.018997 0.05764 0.022842 0.0010113 0 0.0010113 0 0 0 0 0 0.0035722 0.017354 0.0068791 0.085149 0.34893 0.092313 0.52106 0.33185 0.0076629 0.000731 0.0085892 0.0035009 0.00029262 4.5579e-05 0.00029262 0.00014667 -0.0074459 -0.015277 0.012016 0.029254 0.35369 -0.10426 0.5057 0.27497 0.0021104 0 0.0021104 0 0 0 0 0 0.0011304 0.0016514 0.0018478 0.0050438 0.039264 0.01584 0.044186 0.039506 0.00049981 2.8509e-05 0.00049981 0.00031082 -3.688e-06 -7.3189e-06 1.3724e-05 7.3189e-06
0.0012708 -0.00082634 0.0018892 0.0017585 -0.00020338 -0.019988 0.065072 0.039905 -0.016971 0.022922 0.026158 0.026811 -0.00063735 0.0013646 0.0022211 0.0026515 -0.07379 -0.010317 0.090711 0.049191 0.32878 0.022798 0.58126 0.51125 0.099126 0.044445 0.16436 0.27389 -0.028983 0.029602 0.031359 0.033289 -0.012014 0.0084752 0.037123 0.028752 0.15404 0.055751 0.1888 0.20959 0.035816 -0.067042 0.1223 0.12853 0.0062132 -0.0059464 0.018221 0.015509 0.0035075 -0.0031675 0.0035912 0.0032241 0.00014529 -0.0029448 0.036795 0.028721 0.012039 -0.013175 0.016073 0.016607 0.0010114 -0.00053593 0.0020679 0.0019902
0.0035372 -0.0063314 0.0078783 0.0082384 0.0029319 -0.017236 0.038066 0.053413 -0.0017881 -0.0031114 0.03752 0.033302 0.0024826 -0.0013635 0.0049662 0.0025058 0.014648 -0.012662 0.034169 0.018397 0.039272 -0.0021206 0.33521 0.27741 0.3417 -0.016974 0.57286 0.2459 -0.041117 0.028782 0.049155 0.032624 0.031575 -0.0074242 0.042288 0.01381 0.038171 0.03537 0.09571 0.0904 0.33574 0.098712 0.33574 0.14763 -0.0067219 0.0030389 0.037501 0.014594 -0.0046453 0.010433 0.011525 0.014292 0.011269 -0.011462 0.021118 0.018746 0.047377 -0.011514 0.047605 0.017504 0.0011779 0.00013378 0.0033933 0.0013074
0.0019187 -0.00025112 0.0053849 0.00051485 -0.033665 0.0017234 0.062708 0.0080542 0.047932 -0.0068008 0.05677 0.008422 0.0010854 -0.00049569 0.0025432 0.00098576 0.03178 -0.0083896 0.045528 0.012544 -0.36522 0.045011 0.39597 0.068468 0.38267 -0.043537 0.44012 0.061723 0.020894 -0.0031992 0.02674 0.0060496 0.0013437 -0.017196 0.074785 0.017811 -0.099371 -0.016766 0.2547 0.21621 0.20945 0.05548 0.39216 0.076836 0.036324 -0.001361 0.038765 0.003807 0.0002516 -0.00029115 0.0076893 0.0014768 0.023129 -0.011933 0.037987 0.016592 0.0057449 -0.0072335 0.041273 0.014372 0.0041011 -0.000625 0.0041785 0.00066746
0.0051181 0.00015384 0.0091431 0.0031098 -0.018033 0.025304 0.030823 0.033419 0.01298 -0.0087548 0.044078 0.022325 -0.0020763 0.00043188 0.0071039 0.0036158 0.022607 -0.0089767 0.043062 0.011804 0.15993 0.029298 0.47442 0.51886 -0.15339 0.14258 0.34963 0.22259 0.038847 -0.018249 0.058069 0.022376 0.02595 -0.008494 0.028357 0.013641 0.1392 -0.099165 0.28882 0.13809 0.0075291 0.050877 0.2841 0.1576 0.0025302 0.0014181 0.049302 0.0222 -0.00050453 0.0021009 0.0085081 0.0034995 0.007048 0.00056333 0.030631 0.0093443 0.034239 -0.014926 0.042837 0.017642 -0.0041793 0.00403 0.0096277 0.0052057
-0.0050107 -0.0006828 0.0052274 0.0011988 0.048329 0.047912 0.11091 0.054318 -0.027747 0.010856 0.038448 0.019345 -0.0004381 -0.00031336 0.0040207 0.0013956 -0.031018 -0.01553 0.031784 0.017715 0.2847 -0.11877 0.67353 0.18535 -0.061332 -0.013737 0.070915 0.037674 -0.029372 -0.0084048 0.037701 0.01325 0.020713 0.02779 0.036802 0.038557 0.071125 -0.0078884 0.47352 0.23452 0.034647 -0.04959 0.16433 0.22436 -0.020364 0.0042649 0.056404 0.027022 -0.0059453 -0.0024323 0.0085359 0.0026498 0.031526 0.019324 0.049397 0.020541 -0.01102 -0.0015688 0.017215 0.013456 0.0013673 0.0017084 0.0021128 0.0017472
-0.005254 -0.0041592 0.0055321 0.0041592 0.046328 0.016258 0.094631 0.048947 -0.023083 -0.0057926 0.057456 0.018433 -0.0019898 -0.0007944 0.0043415 0.0017572 -0.012524 -0.018926 0.021913 0.02179 0.25801 -0.033861 0.57966 0.28795 -0.09486 0.017909 0.11122 0.076325 -0.040333 -0.011428 0.064357 0.028648 0.0078016 0.025158 0.038124 0.041647 0.083898 0.02719 0.47681 0.34374 -0.036334 -0.053779 0.24377 0.17178 0.026352 0.024157 0.050288 0.033381 -0.0035955 -0.0030759 0.0096908 0.0046346 0.025795 0.012274 0.045615 0.022193 -0.0099903 0.0053092 0.019114 0.017865 0.00016539 8.4129e-05 0.00082257 0.00037945
0.0063579 0.0014493 0.0095047 0.002122 0.050216 0.011623 0.085717 0.020333 -0.021442 -0.0033527 0.069319 0.012136 0.0056723 0.00024683 0.0068209 0.00054408 0.023298 0.0064578 0.041966 0.014232 0.16547 0.032727 0.47351 0.30221 -0.066903 -0.094919 0.39281 0.26147 0.038525 0.0068525 0.043866 0.017037 0.0095245 -0.0049711 0.032341 0.01184 -0.059401 -0.024007 0.27502 0.11054 0.15498 0.025869 0.51747 0.048351 0.021366 0.0049341 0.021389 0.0055386 0.00040458 0.0041242 0.0056239 0.0045866 -0.015485 0.014726 0.039222 0.022093 0.033319 0.0013961 0.06845 0.010656 0.0028921 0.00083352 0.0028921 0.00086146
0.0020445 -0.0013739 0.006056 0.0015286 0.015799 -0.014304 0.045818 0.01778 -0.0016174 0.012954 0.075339 0.041827 0.0017605 0.0022564 0.0096176 0.0028243 0.014229 0.0034788 0.038911 0.023492 0.097058 0.025706 0.31125 0.070441 0.049872 0.16781 0.51032 0.2761 0.055203 -0.015758 0.10079 0.026222 0.01841 0.0004061 0.042732 0.0038532 0.1379 -0.012489 0.3405 0.023998 0.026515 -0.038889 0.48655 0.32601 0.0093134 -0.019035 0.040568 0.031362 0.0010009 -0.0028866 0.0062164 0.0029158 0.024099 0.0018122 0.047898 0.0080974 0.01444 -0.0059232 0.061238 0.022795 -0.0027499 0.0013941 0.0053052 0.0017443
1.4075e-05 -6.3392e-05 0.00016474 0.00051842 -0.016177 -0.0063994 0.059552 0.012406 0.015056 0.017577 0.04948 0.025506 -0.0046198 -0.00097927 0.0071375 0.0016904 0.0002329 -0.027012 0.007764 0.029047 0.11222 -0.079489 0.44166 0.16814 0.013088 0.018995 0.055775 0.033268 -0.05552 -0.0095164 0.086235 0.015586 0.0038521 0.056622 0.023795 0.062204 -0.025847 0.23636 0.42091 0.53584 0.013254 -0.074616 0.27261 0.33537 0.00082145 -0.00045607 0.05371 0.015356 0 0 0 0 -0.00029246 0.0013116 0.00029246 0.0013116 -0.018442 0.061086 0.021871 0.061086 -0.00076322 0.013703 0.0029409 0.013754
0.0077407 -0.0018289 0.0091429 0.0019638 -0.014641 0.02057 0.0663 0.032928 0.025422 -0.0046667 0.052599 0.013877 -0.0042243 0.00086292 0.01257 0.0021224 0.041107 -0.0068382 0.044746 0.012225 0.18269 0.017079 0.456 0.34259 -0.084442 0.085141 0.41092 0.15126 -0.0033898 -0.0065786 0.063641 0.016715 0.024731 0.012312 0.056821 0.020015 0.23941 -0.058132 0.33507 0.082208 -0.10161 0.08743 0.42823 0.13179 0.017656 -0.011367 0.070366 0.021545 -0.0009575 -0.0017197 0.012981 0.0031457 0.032325 -0.0027945 0.054248 0.0069112 0.011327 0.0071605 0.054102 0.016407 -0.0062387 0.00050691 0.014859 0.0033412
0.0018798 0.00010456 0.0047038 0.00066005 -0.038442 0.00085569 0.055688 0.0057913 0.043101 -0.0080297 0.061665 0.0090097 0.0012525 0.00021128 0.001565 0.00028255 0.0020999 0.0016537 0.033942 0.00473 -0.26459 -0.007958 0.41396 0.033734 0.28353 -0.01998 0.47365 0.03836 0.019853 0.00044937 0.021592 0.0031239 -0.0037427 0.0019129 0.017245 0.0033264 -0.2342 0.071863 0.368 0.088161 0.21971 0.013365 0.41728 0.039548 0.045107 -0.0039682 0.045107 0.0050033 0.00073032 -0.0015948 0.0052009 0.0023927 -0.018129 0.002896 0.035924 0.0079019 0.010263 -0.00035843 0.06691 0.0076413 0.0091032 -0.00032663 0.0094729 0.00038583
3.3637e-05 -0.00012077 6.7912e-05 0.00015059 -8.1968e-05 -0.0018791 8.1968e-05 0.0018791 -0.0016987 -0.0066323 0.0016987 0.0066323 -0.0017838 -0.0074964 0.0017838 0.0074964 -0.01587 -0.033534 0.032967 0.098805 0.21347 -0.2485 0.31308 0.43732 -0.018768 -0.12232 0.056807 0.42489 -0.01172 -0.014504 0.02615 0.050499 -0.0095496 -0.0074975 0.051192 0.035163 0.27131 0.032312 0.49417 0.20835 -0.069213 0.0024801 0.089037 0.03282 0.00030684 -0.0017372 0.01873 0.0057657 -0.0038867 0.0016348 0.0060546 0.004206 -0.0067443 -0.017267 0.065831 0.026181 0.019121 -0.014412 0.039561 0.016258 -0.00098869 -0.00082139 0.0027567 0.0012268
-0.00091781 0.00014927 0.0036934 0.00077451 0.02122 0.0019963 0.029435 0.0047829 0.0034162 0.0025174 0.039118 0.00824 -0.0032749 -0.00010314 0.0056546 0.0012198 0.0041789 0.001798 0.050163 0.0090274 0.1408 -0.018479 0.21331 0.074361 -0.12043 -0.049136 0.43837 0.28854 0.0012978 -0.037354 0.051399 0.039854 -0.01522 0.027632 0.043774 0.029767 0.16529 0.038393 0.33342 0.12441 -0.27309 -0.0017907 0.535 0.29275 0.040865 0.032743 0.048973 0.042913 -0.0020983 -0.00010535 0.0025684 0.00080434 0.0078241 -0.011067 0.040977 0.015997 -0.022344 -0.030248 0.086154 0.03742 0.0040663 -0.0042354 0.0061597 0.0047774
-4.0924e-07 2.1312e-05 6.2116e-06 2.7114e-05 -0.00010675 -0.00077721 0.00016777 0.00088021 -0.00016493 -0.0021109 0.00016493 0.0021109 2.6285e-05 -0.00030796 2.6285e-05 0.00030796 -0.010822 -0.025069 0.035832 0.027701 0.0675 -0.19101 0.30624 0.41199 -0.11731 -0.016633 0.15419 0.60378 -0.0038369 -0.026838 0.062582 0.064471 -0.00023607 -0.00080397 0.044492 0.0055176 0.17982 -0.029474 0.46444 0.049401 -0.056498 -0.0040548 0.061454 0.029345 -0.028806 0.0081292 0.10909 0.01342 0.0027493 -0.0003215 0.006204 0.00069334 0.021653 0.0063455 0.072801 0.009139 -0.010941 -0.011413 0.023621 0.016187 -0.0040838 0.00023469 0.01584 0.0010207
-0.006735 0.00037355 0.0094021 0.00087625 0.0075341 -0.0031864 0.045321 0.0058056 0.03538 -0.011363 0.040439 0.014245 -0.0039321 5.1622e-05 0.0057564 0.00056157 -0.070244 -0.0074473 0.090471 0.011082 0.032366 -0.1028 0.2601 0.10937 0.32985 -0.0022295 0.46765 0.06174 -0.026881 -0.0047962 0.030161 0.00584 -0.082972 -0.0087512 0.097872 0.012628 -0.021464 0.054363 0.18712 0.075041 0.4442 0.019108 0.52981 0.063093 -0.031761 0.00086525 0.041125 0.0061757 -0.0081977 -0.00037252 0.0099318 0.0013006 -0.0039024 -0.00066978 0.016072 0.0048669 0.065871 0.014906 0.074959 0.018344 -0.0053101 0.00049105 0.0058563 0.00090456
-0.0056562 0.0010471 0.0064201 0.0011805 -0.033998 -0.0048332 0.07395 0.027587 0.057079 -0.0062171 0.058085 0.01414 0.0014593 -0.0026213 0.011356 0.0032876 -0.016832 0.004417 0.031039 0.0079302 0.0084463 -0.076726 0.40315 0.13075 0.18203 -0.051672 0.24476 0.119 0.013424 -0.0025664 0.040122 0.012221 -0.0020281 -0.0033852 0.015566 0.0092616 -0.0060634 -0.0027644 0.448 0.1269 0.21816 0.1531 0.58085 0.20613 0.015116 -0.0037482 0.023413 0.0082295 0.0025389 -0.0004791 0.0042195 0.0019513 -0.017087 -0.01102 0.05818 0.020232 0.05378 -0.025837 0.089282 0.044981 0.0017682 -0.00038307 0.0037873 0.00063228
-0.0013834 0.00024748 0.0063273 0.0025954 0.045858 -0.007487 0.045858 0.019873 -0.019382 -0.0011927 0.062742 0.017629 -0.0013797 -0.0015612 0.004657 0.010022 -0.0012867 -0.0044279 0.039952 0.040088 0.1896 -0.0082258 0.2729 0.16187 -0.095543 -0.036039 0.4768 0.13918 0.017657 7.3246e-06 0.034229 0.033642 -0.035177 -0.0062443 0.04735 0.028536 0.37758 0.018141 0.41494 0.17895 -0.29716 -0.050132 0.33146 0.12969 0.015237 -0.016304 0.021398 0.018863 -0.0014608 0.0041323 0.0024495 0.0047184 0.063167 -0.004505 0.076632 0.047848 -0.058259 0.015645 0.063661 0.025902 0.0012322 0.0035042 0.0023385 0.0043941
-0.0002945 0.0017496 0.0094295 0.0036181 -0.031972 -0.0031511 0.074423 0.010606 0.034162 -0.0015899 0.03638 0.0030157 -0.0058605 0.00022758 0.0072225 0.0016529 0.026873 -0.00052298 0.052526 0.010715 -0.214 -0.16926 0.54599 0.2215 0.23947 -0.0058361 0.24038 0.030499 -0.03132 0.0080622 0.045941 0.015688 -0.0055204 -0.045598 0.071073 0.052061 -0.10851 0.16896 0.42686 0.25947 0.2346 0.0038074 0.23647 0.16163 0.015476 0.018823 0.018331 0.018823 -0.0032042 3.3243e-05 0.007223 0.0009735 -0.010925 -0.0004645 0.069513 0.0051984 0.036973 0.0023456 0.036973 0.0030907 0.0029274 0.00075984 0.0030226 0.00077144
-0.00064683 0.00012238 0.0095931 0.0032268 -0.013412 -0.0016225 0.034566 0.010624 0.029871 -0.0043051 0.07864 0.0088858 0.0077986 -0.00052491 0.0077986 0.00074517 0.056067 -0.02722 0.11885 0.092065 -0.15067 0.027058 0.28467 0.093324 0.2191 -0.051719 0.57155 0.064114 0.030956 -0.00062143 0.039455 0.0031149 0.033274 0.028783 0.047281 0.038226 -0.22926 0.083889 0.3621 0.1027 0.22241 0.032318 0.43218 0.10901 0.0092176 -0.0056672 0.047 0.015367 0.0053148 -2.0415e-05 0.0072251 0.00086576 -0.039527 0.011017 0.061521 0.01317 0.02888 -0.0062619 0.046074 0.0077787 -0.00034151 0.0028339 0.0056858 0.0028586
-0.0069215 -0.0017722 0.010779 0.0043567 -0.028152 -0.0064518 0.080053 0.016112 0.033227 0.0052727 0.044937 0.0081272 0.00025546 0.00022518 0.0013095 0.00081304 -0.015517 0.012311 0.060546 0.051958 -0.1344 0.077317 0.30156 0.47525 0.31125 -0.10215 0.33142 0.17673 -0.00033646 0.0020977 0.018742 0.0054284 0.05894 0.012247 0.062197 0.015574 -0.14486 -0.031489 0.4686 0.10356 0.13602 0.19557 0.16307 0.20707 0.0051636 0.0056255 0.010316 0.0077017 0.005143 0.00023141 0.0060249 0.001067 0.0058926 -0.0025747 0.076155 0.015059 0.0063465 -0.00027416 0.0070802 0.0045623 0.0025967 0.0010107 0.0026182 0.0010763
-0.00035264 0.0006183 0.0086019 0.0011696 0.019603 -0.015704 0.035825 0.01914 -0.0056961 0.026843 0.050067 0.038223 -0.0068751 -0.01041 0.0090581 0.010528 -0.025157 0.030542 0.035697 0.033091 0.1255 0.10979 0.34594 0.18593 -0.14096 0.02464 0.53305 0.20603 -0.028983 0.059079 0.058995 0.078654 -0.019806 -0.00064325 0.020036 0.0063587 0.054859 -0.041103 0.30934 0.12138 -0.11059 -0.17691 0.47706 0.18156 -0.018732 -0.041362 0.053356 0.044096 -0.0021944 0.0003182 0.0022195 0.00068202 0.011749 0.0091242 0.050465 0.010899 -0.042647 0.023969 0.10872 0.036013 -0.0048543 0.0065803 0.0099723 0.0078862
0.0019345 0.0010392 0.0042298 0.0018303 -0.0025007 0.0034179 0.077598 0.010489 0.021792 0.007215 0.022222 0.0091199 0.0059131 -0.0020985 0.009263 0.0042744 0.015033 0.0050584 0.023068 0.0074505 -0.13581 -0.032104 0.52111 0.11407 0.22047 -0.086174 0.23782 0.096727 -0.012658 -0.014895 0.038253 0.021545 0.016828 0.0064941 0.019536 0.007801 -0.24245 -0.078684 0.48229 0.10905 0.28719 0.033283 0.38119 0.10536 0.009416 0.0031383 0.022889 0.0099237 3.2301e-05 0.00023256 0.0026622 0.00072909 -0.028568 0.023542 0.066699 0.023649 0.039376 -0.0029038 0.065646 0.014514 2.7847e-05 0.00031819 0.0044131 0.0017134
0.0014764 -0.00091216 0.0082977 0.0022595 -0.01931 0.00078885 0.081993 0.025094 0.072058 0.0027371 0.11112 0.027378 -0.0029335 -7.2598e-05 0.0088929 0.0006617 0.022211 0.0002515 0.070046 0.0058944 0.081933 0.026426 0.44909 0.11163 0.18585 0.0089816 0.45121 0.23423 -0.01045 0.0044347 0.05382 0.015704 -0.016239 -0.012764 0.049543 0.015658 0.23149 -0.0082661 0.27836 0.097534 0.072726 0.017243 0.46434 0.27091 0.016385 -0.0044828 0.041623 0.0069484 -0.0061008 -0.0014908 0.0072671 0.0021322 0.037223 0.0045017 0.071444 0.013302 0.0099858 0.007173 0.053958 0.0090551 0.0063699 -0.00010019 0.0078657 0.0016962
-0.00020695 0.0010447 0.00045422 0.0018215 -0.026679 0.011875 0.027872 0.012024 0.064768 0.00085454 0.064768 0.00096054 0 0 0 0 0.00059839 -0.0016469 0.0017589 0.005389 -0.21409 -0.011047 0.22074 0.025396 0.44856 -0.00145 0.44856 0.0061355 0 0 0 0 0.0017918 -0.0013628 0.0030382 0.0082499 -0.19087 -0.0079371 0.20574 0.090944 0.44434 0.0027045 0.44434 0.013653 0.00017854 -0.00032345 0.00017854 0.00032345 0.00013516 -0.0013165 0.00036641 0.0022484 -0.02493 0.005317 0.026918 0.0099766 0.064276 0.0011129 0.064385 0.0023205 2.4798e-05 5.1297e-06 3.767e-05 7.7715e-06
0.0016868 0.0018191 0.0018865 0.0028224 0.0043752 0.0069211 0.05927 0.0094581 0.0028292 0.010519 0.085812 0.022488 0.0080049 -0.0048322 0.010935 0.0050163 0.0086844 0.00028694 0.010695 0.011428 0.089278 0.0272 0.45519 0.054679 -0.059362 0.046262 0.50897 0.15816 -0.002702 -0.015298 0.045541 0.017265 0.013901 -0.0011525 0.018755 0.019641 0.092525 0.01808 0.42271 0.074956 -0.090282 0.10587 0.47615 0.16907 -0.0031927 0.0038718 0.037106 0.029814 0.0020473 0.0011957 0.0023644 0.001773 0.007429 0.007047 0.043396 0.0081656 -0.011063 -0.0045581 0.050345 0.013891 0.0062411 -0.0084282 0.017827 0.0096649
0.0039931 -0.00023499 0.006336 0.0010369 -0.019121 -0.0096265 0.02304 0.015514 0.03042 -0.00052443 0.078757 0.010834 -0.00051608 6.137e-05 0.0020385 0.00039587 0.02333 0.0043888 0.033803 0.015483 -0.2406 -0.094008 0.25049 0.10336 0.34194 -0.075675 0.50599 0.094904 -0.00076611 -0.00096967 0.008178 0.00393 0.018028 -0.0020523 0.022672 0.0083959 -0.20851 0.025998 0.34821 0.10443 0.30401 0.057647 0.39774 0.12818 -0.013031 -0.0073334 0.026201 0.011909 0.0024229 0.0003975 0.0028463 0.0011228 -0.03964 -0.017068 0.042091 0.021008 0.057373 -0.001579 0.073185 0.0086807 -0.0061823 -0.002088 0.009505 0.0022511
0.0034033 0.0016191 0.0098673 0.0020133 -0.052002 -0.0053115 0.054066 0.021033 0.013497 0.0040543 0.087028 0.026588 -0.010886 0.0036937 0.011654 0.0049741 0.090731 -0.064545 0.097159 0.066572 -0.2098 -0.065811 0.33816 0.31676 0.20859 0.14825 0.54018 0.28151 -0.077156 0.026294 0.078578 0.03453 0.013858 -0.005803 0.02067 0.013626 0.2325 0.019777 0.30074 0.068217 0.0013187 -0.052928 0.26739 0.076935 -0.056559 -0.040391 0.070658 0.041839 -0.0021038 0.0010364 0.0033181 0.002368 0.026511 0.0049526 0.035037 0.0078134 -0.0099368 0.0040337 0.026527 0.0065319 -0.0058209 0.001126 0.0067664 0.0016715
0.0010354 7.0467e-05 0.0092071 0.00097907 -0.024408 0.0007938 0.052635 0.010943 0.042254 0.0026427 0.072575 0.021247 -0.0092766 0.00086751 0.014698 0.0024682 0.0087902 0.00059819 0.068096 0.0076022 -0.066294 0.03214 0.42799 0.06962 0.19856 -0.054628 0.47613 0.12583 -0.072507 -0.0010118 0.08651 0.016934 0.0073878 -0.0018568 0.069949 0.0061717 -0.12281 -0.025683 0.37273 0.047937 0.19642 -0.012418 0.50211 0.12466 -0.065208 -0.018789 0.065397 0.024806 0.0011828 0.00019107 0.010672 0.0010398 -0.021957 -0.00083523 0.049703 0.0041719 -0.014493 -0.032272 0.094187 0.035798 0.0031251 -0.0043287 0.0049599 0.0046502
0.0033873 -0.00022765 0.014702 0.0025647 0.060026 0.0074339 0.060468 0.01012 -0.0045781 0.0039308 0.061532 0.0062523 0.0042053 -0.00073116 0.0081209 0.0010882 0.051541 0.0025317 0.11694 0.01119 0.36937 -0.063782 0.40711 0.10905 0.029181 0.036403 0.33298 0.045389 0.0088161 0.0021873 0.041873 0.0067227 0.024617 0.0084615 0.085089 0.014314 0.18891 -0.0044289 0.43868 0.20041 0.18785 -0.19126 0.30547 0.28869 0.0073513 -0.0017724 0.020013 0.0055479 -0.0033995 0.00045676 0.012697 0.0026105 0.0079768 -0.013599 0.039395 0.01519 0.046393 -0.015789 0.072364 0.038893 0.0017448 -0.00080517 0.0031613 0.0009471
-0.0027249 -0.0015907 0.0034702 0.001927 -0.025664 -0.013293 0.025664 0.013293 0.035195 0.012524 0.037462 0.013553 -0.0045504 1.1804e-05 0.011957 0.0057004 -0.026097 -0.015336 0.026541 0.015498 -0.10064 -0.054484 0.12211 0.060522 0.35006 -0.011632 0.40964 0.13204 0.027329 0.035609 0.091999 0.048034 -0.023401 -0.0030413 0.023401 0.004006 -0.010211 -0.0089523 0.11516 0.071018 0.38287 0.12133 0.5073 0.42811 -0.0011013 0.00017019 0.032564 0.017444 -0.0035536 -0.00025333 0.0036453 0.00073466 -0.004327 0.0041 0.013352 0.0066454 0.08177 0.020044 0.095992 0.03641 -0.0044958 -0.0031133 0.0051656 0.0032826
-0.0040317 0.0018579 0.0040317 0.0018579 0.059887 -0.032336 0.065647 0.041338 0.0026342 -0.021005 0.089282 0.021976 0.0009968 -0.00051739 0.0041895 0.00061065 -0.030132 0.016615 0.030132 0.016615 0.26425 0.17123 0.35849 0.21289 -0.10558 -0.052402 0.41486 0.24474 0.018061 -0.0054424 0.025825 0.011331 -0.025967 0.0087975 0.027113 0.0091446 0.091541 0.024022 0.38928 0.098391 -0.045078 0.035261 0.51097 0.11599 0.017008 -0.0038416 0.021481 0.013469 -0.0018266 0.00067218 0.0024667 0.00088816 0.011343 -0.00061353 0.041171 0.014156 -0.022793 -0.0080109 0.064218 0.02283 0.0097108 -0.0025096 0.0099611 0.0025253
0.0043762 0.00045964 0.009402 0.0026688 0.050608 0.016818 0.086678 0.029923 -0.0062777 0.0089503 0.058971 0.01472 -0.0027359 -0.00060672 0.0035255 0.0016276 0.039225 0.0058476 0.071744 0.0098333 0.15715 0.051008 0.48298 0.30416 0.031307 -0.049121 0.34412 0.18381 -0.001498 0.017716 0.01717 0.019174 0.042471 0.0093436 0.044161 0.014432 -0.085996 -0.0024782 0.32038 0.15652 0.25503 0.027573 0.50336 0.049096 0.021189 0.0065132 0.021512 0.0065816 0.00093697 0.000983 0.0039392 0.0013748 -0.0056378 0.0067537 0.059002 0.0080946 0.028601 -0.0012688 0.049755 0.014138 0.00099529 -0.0003558 0.0010055 0.00048483
-0.0025831 0.0087607 0.010389 0.011443 0.02394 0.0035385 0.074863 0.017794 0.042295 -0.001701 0.042295 0.0076457 -0.0038335 -0.00014025 0.0045047 0.0018692 0.010355 -0.0065571 0.062253 0.071978 0.047308 -0.01821 0.5284 0.12635 0.31609 -0.013708 0.31609 0.073919 -0.03524 0.00098834 0.042403 0.0080105 0.0039828 0.018533 0.046455 0.052129 -0.072255 0.066008 0.45945 0.14045 0.30589 -0.061491 0.30589 0.14481 -0.02289 0.0041794 0.028064 0.0096323 0.009857 -0.00039268 0.013117 0.011192 -0.022908 0.00073118 0.071248 0.025097 0.029098 -0.023514 0.065747 0.049429 -0.0032684 -0.0092561 0.0044399 0.0099727
-0.0043429 -0.00024008 0.006158 0.00074073 0.037639 0.0010321 0.057204 0.0062818 -0.0087667 0.0027409 0.039897 0.0081168 -0.0087009 0.0022649 0.02091 0.0034776 -0.029244 -0.00066933 0.038527 0.0046965 0.33829 0.014604 0.50359 0.058142 -0.053299 0.060106 0.16806 0.079228 -0.058325 0.022247 0.092375 0.027642 -0.0294 0.0038273 0.038468 0.0075464 0.35619 0.0032495 0.58755 0.11084 -0.077659 -0.020245 0.24237 0.045124 -0.028134 0.0087005 0.060328 0.014816 -0.0024292 4.7516e-05 0.0037195 0.00045248 0.029953 0.0026883 0.066926 0.010052 0.002964 -0.0021862 0.021205 0.0071315 -0.00099985 0.00096673 0.0031661 0.0016339
-0.0049858 -0.0012847 0.011535 0.015904 0.057819 0.01245 0.082313 0.025968 0.00050262 0.0089462 0.0083699 0.014681 -7.0515e-05 5.6166e-05 0.0024129 0.0039167 -0.050816 0.028679 0.10669 0.057943 0.46963 0.0062766 0.53678 0.14665 -0.070217 0.010116 0.087453 0.04286 -0.012732 -0.0047149 0.020472 0.0057571 0.014789 0.022018 0.14623 0.049494 0.16 0.071837 0.50874 0.24676 -0.040065 -0.010715 0.16512 0.075174 -0.015242 -0.0020119 0.031349 0.0057718 0.00034415 -0.0054155 0.0083971 0.0061178 0.027574 -0.035511 0.09517 0.036018 0.0067582 -0.012237 0.030538 0.013588 -0.0018704 -0.00040334 0.0024819 0.00076399
-0.0010075 -7.5135e-05 0.0015833 0.00048088 0.032642 -0.00049846 0.073719 0.01006 -0.046891 -0.0099799 0.047151 0.012372 0.0094797 0.0024412 0.0099925 0.0025457 -0.022601 -0.005749 0.025877 0.006597 0.040227 -0.13871 0.46535 0.17967 -0.13126 -0.10846 0.34154 0.29019 0.090036 0.01731 0.093891 0.018136 -0.058186 -0.01304 0.058524 0.013857 -0.0077017 -0.048145 0.58248 0.096638 0.13259 0.011827 0.254 0.09657 0.057647 0.01125 0.065014 0.01874 -0.0097089 -0.0026272 0.0097089 0.0026343 0.0067897 0.013183 0.085941 0.025776 0.019258 -0.0049615 0.049647 0.031303 0.0055767 0.00043866 0.0073349 0.0010603
0.00087762 0.00067029 0.00087852 0.0014527 0.02573 0.034301 0.027466 0.034775 0.0059282 0.0066311 0.015245 0.017565 -0.0015743 -0.002034 0.0017806 0.0024699 -0.035727 -0.03026 0.035973 0.043486 0.43395 -0.027534 0.49726 0.16418 -0.082182 -0.037804 0.10166 0.09574 0.0061435 0.0035785 0.010324 0.0072148 -0.01872 0.0055649 0.025108 0.014598 0.36754 -0.070972 0.56441 0.142 0.0090028 -0.010795 0.071275 0.070423 0.00055487 0.0015037 0.0075042 0.0083052 -0.0019107 -0.00063635 0.0029008 0.0015899 0.056043 0.0077601 0.068413 0.018191 0.0013017 0.0032594 0.012055 0.013165 0.00049161 -0.00037426 0.0013931 0.0012586
-0.0011683 -0.00041145 0.0018323 0.00052152 0.031715 0.0033669 0.040232 0.0073883 -0.0067505 -0.00061771 0.016778 0.0041713 -0.001573 0.00014247 0.0029176 0.00089724 0.00096873 0.0025871 0.020842 0.012807 0.20051 0.015197 0.27326 0.053253 -0.1011 -0.0067679 0.29795 0.30676 -0.030833 -0.061336 0.051389 0.062803 0.00092985 -0.0013179 0.015182 0.0043425 0.14479 -0.053233 0.32223 0.067049 -0.21234 -0.039325 0.59932 0.35101 0.021984 0.047298 0.039281 0.054272 -0.00027898 0.00037757 0.0059685 0.00077526 0.015782 -0.0042443 0.062338 0.0054403 0.012555 -0.0011771 0.026624 0.015204 -0.0029694 -0.00043457 0.003524 0.00070728
-0.0012777 0.0033667 0.013875 0.0054245 -0.039592 0.0016639 0.057829 0.026229 -0.010431 0.0065995 0.094598 0.039288 0.0052242 -0.00036642 0.0065469 0.0012342 0.0072656 -0.045535 0.027642 0.052396 0.01955 -0.15524 0.35877 0.29775 0.10031 0.087471 0.60786 0.21007 -0.0038674 0.0043994 0.031115 0.033165 -0.0047667 0.0104 0.025097 0.021026 0.23247 0.059116 0.29661 0.079592 -0.12603 -0.061436 0.33562 0.10371 0.0070711 -0.025847 0.041232 0.027141 -0.0095847 0.0076399 0.011969 0.010562 0.020294 -0.0012266 0.037568 0.014066 -0.0043236 0.0025849 0.025628 0.0054162 -0.0048569 0.0032856 0.0083718 0.0037749
0.0051992 -5.6143e-05 0.005539 0.00059533 0.0087136 -0.047027 0.05719 0.049447 -0.00039063 -0.030065 0.082442 0.046707 -0.0076945 0.0014128 0.0082452 0.0016074 0.039404 -0.0055362 0.040952 0.0082164 -0.15627 0.17578 0.41451 0.33767 0.30802 0.16752 0.45306 0.33252 -0.044751 0.0076407 0.047305 0.012157 0.018528 -0.0040381 0.020442 0.007273 0.099071 -0.037674 0.33658 0.0576 0.1124 -0.043162 0.19821 0.058491 -0.045273 0.015486 0.047022 0.01557 0.001643 -0.000245 0.0017885 0.00079952 0.0010823 -0.0014111 0.035312 0.0087891 0.030553 -0.0026199 0.035422 0.0064147 -0.0017193 0.0010869 0.0052832 0.0011652
0.00026083 -0.0014456 0.00028524 0.0014456 0.00043492 -0.0016655 0.00043492 0.0016655 -0.00011783 -0.00081687 0.00030119 0.00081687 0 -0.00015349 0 0.00015349 -0.019022 -0.027154 0.083751 0.065077 0.2308 -0.21974 0.33592 0.40159 -0.045494 -0.21772 0.096522 0.32397 0.0045114 -0.045248 0.01941 0.069235 -0.028857 -0.0054445 0.052431 0.03192 0.19929 0.021351 0.53794 0.20048 -0.14558 -0.030815 0.18227 0.0409 0.016961 -0.0030929 0.02449 0.0054562 -0.00053275 0.0012883 0.0065811 0.001568 0.030659 -0.0055609 0.071579 0.019109 -0.022491 -0.0024313 0.039659 0.0064885 0.0023249 0.00017176 0.0037412 0.0012436
0.0022753 0.00090938 0.0037853 0.002229 -0.046385 0.0061734 0.046564 0.0082195 0.04887 -0.011914 0.076567 0.015445 -2.5715e-05 -0.00095927 0.0068031 0.0017645 -0.0022231 0.002327 0.027573 0.0060162 -0.32617 -0.02128 0.32752 0.045486 0.30028 0.026398 0.45645 0.059457 0.0084779 -0.0017769 0.048773 0.0042948 -0.0064143 0.00031702 0.025508 0.0046761 -0.25981 0.08514 0.26385 0.096963 0.26202 0.0050464 0.46991 0.10528 -0.0058777 -0.010069 0.038615 0.017693 -0.0011245 0.00022423 0.0044015 0.00071138 -0.033485 0.00082686 0.034013 0.010665 0.023343 0.0022141 0.067769 0.0077892 -0.00044415 -0.00051052 0.0069526 0.001282
0.0015536 0.00093182 0.0019767 0.001246 -0.031413 -0.0006567 0.052947 0.0090354 0.040035 -0.009616 0.041971 0.01229 -0.0015621 -0.00047928 0.002175 0.00077575 0.0060454 0.0024217 0.012524 0.0046669 -0.22976 -0.10597 0.40596 0.14566 0.31708 -0.034988 0.34597 0.10776 -0.015229 -0.0045841 0.027661 0.0075741 -0.0036656 -0.00036763 0.014957 0.0036201 -0.21454 0.13393 0.44745 0.15583 0.23213 0.0063617 0.37087 0.081218 0.016962 0.00074033 0.026221 0.0077699 -0.00036861 0.00082272 0.0031215 0.0015179 -0.013649 0.022634 0.065391 0.025078 0.01096 0.049293 0.096568 0.052579 0.0039282 -5.6239e-05 0.0041982 0.0011199
-0.0041577 0.0002843 0.0045526 0.0017589 0.045925 -0.0072804 0.061392 0.012822 0.0091641 0.010532 0.013413 0.014094 -0.00084238 -0.00089414 0.0014628 0.0012966 -0.022261 -0.0084015 0.025024 0.018742 0.43879 -0.0037361 0.47687 0.073886 -0.057215 -0.047898 0.090519 0.068235 0.016279 0.0071967 0.017888 0.011655 -0.018504 0.0044816 0.025336 0.022863 0.43574 -0.053854 0.54493 0.087496 -0.0010947 -0.0018089 0.1414 0.11623 0.014932 0.0094016 0.032012 0.021247 -0.0090395 0.0036487 0.012156 0.0042257 0.062272 -0.014767 0.07413 0.02426 0.025926 0.019826 0.028238 0.021745 -0.0075819 -0.004456 0.0078533 0.0046787
0.015377 -0.0041308 0.016327 0.0043969 -0.0075386 -0.0041037 0.022947 0.0081846 0.022345 0.0099028 0.026683 0.012676 -0.008585 -0.0037374 0.0094216 0.0040282 0.0032865 0.0079174 0.040871 0.03034 0.28646 -0.058079 0.38312 0.17056 -0.031487 -0.0097749 0.25936 0.090768 -0.010154 -0.0025008 0.027478 0.010997 -0.028022 0.027915 0.047398 0.035607 0.43772 -0.0013888 0.51896 0.18909 -0.22584 -0.072967 0.27587 0.10435 0.013145 0.0066399 0.013504 0.0069226 0.0031381 -0.0013636 0.0034595 0.0019454 0.040593 -0.000557 0.044224 0.036044 -0.038202 -0.027453 0.045411 0.028857 0.0026394 0.00058605 0.002711 0.0017592
0.0019487 -0.00043781 0.0047135 0.00058218 0.054358 0.017994 0.10557 0.024646 -0.026597 0.0039123 0.034886 0.01032 0.0011449 9.0981e-05 0.0025389 0.00052809 0.0021086 -0.0063995 0.020104 0.009714 0.35811 -0.025196 0.54794 0.15744 -0.15635 -0.023024 0.21747 0.047714 0.006643 0.0017874 0.011836 0.004036 -0.0032338 0.00078287 0.016259 0.010909 0.34173 0.025828 0.45916 0.20594 -0.13674 -0.032221 0.22749 0.041713 0.0067815 0.0012134 0.016603 0.0027348 -0.0024992 0.0018992 0.0028949 0.00191 0.02503 -0.011596 0.078308 0.038455 0.010896 -0.0024379 0.022242 0.0048062 0.0017245 0.00031211 0.0032158 0.00092634
-0.0043051 0.000894 0.0053578 0.00094326 -0.0045418 0.011166 0.072574 0.017463 0.031949 -0.00076019 0.038065 0.015428 0.0045196 0.0010171 0.0063306 0.0010214 -0.031875 0.00313 0.036159 0.0052622 -0.18329 0.011141 0.4996 0.054255 0.30263 -0.034591 0.30263 0.051001 0.041475 -0.00047333 0.051247 0.0039865 -0.031417 -0.0026698 0.036048 0.0036889 -0.16418 0.036872 0.56014 0.051624 0.22391 0.0039688 0.30514 0.067662 0.060281 -0.003746 0.063096 0.014347 -0.0050672 -0.00040504 0.0058027 0.00044979 0.0077285 0.0052062 0.047173 0.0081156 0.0014281 0.0017848 0.07818 0.013159 0.0016925 -0.0032578 0.0057221 0.0037361
-0.0095244 -0.0050922 0.0096787 0.0068458 0.023036 -0.01361 0.06565 0.060576 0.037793 -0.057885 0.065819 0.10073 3.7688e-05 -3.7688e-05 3.7688e-05 3.7688e-05 -0.022702 -0.027681 0.024015 0.038876 0.055317 0.14816 0.28314 0.47484 0.27542 0.16049 0.38321 0.34785 0.00020907 -8.9769e-05 0.00020907 0.00020907 0.012319 0.013563 0.014778 0.05395 0.036153 -0.11974 0.06555 0.25601 0.21753 -0.11248 0.28746 0.18349 0.0067845 -0.0032003 0.0067845 0.0032003 4.7077e-05 -0.0013055 0.0015244 0.0016014 -0.00082744 -0.013416 0.020002 0.015758 0.025793 -0.0055381 0.032588 0.011914 0.010754 -0.0014026 0.010754 0.0014026
0.006524 -0.00069716 0.0078754 0.00074298 -0.044075 0.0038211 0.044075 0.0043589 0.048547 0.00097967 0.055517 0.007758 -0.0013562 0.0017278 0.0017221 0.0026986 0.049831 -0.0029901 0.054467 0.007135 -0.31485 -0.0055584 0.31485 0.036546 0.35389 -0.047017 0.3778 0.092668 -0.0091268 -0.0013702 0.014024 0.0019409 0.053207 -0.0052364 0.056813 0.005771 -0.331 0.039466 0.3352 0.049054 0.33427 0.018072 0.37567 0.057287 -0.024984 -0.018493 0.072924 0.024482 0.0076106 0.00058002 0.0079414 0.00085491 -0.049113 -0.0039395 0.051341 0.0078707 0.04808 0.0053139 0.055705 0.0088111 -0.0025831 0.0025469 0.010737 0.0028131
0.010057 0.0033668 0.010733 0.0034616 -0.040444 -0.0063007 0.074647 0.016758 0.040946 0.007398 0.047919 0.011299 0.00054675 -0.00019181 0.0014104 0.000626 0.044463 -0.05492 0.060551 0.089386 0.17123 -0.039679 0.55555 0.23695 0.051598 0.033226 0.12375 0.048313 -0.0060721 -0.00029099 0.019975 0.007471 -0.057682 0.060995 0.06314 0.071571 0.27115 0.012064 0.48257 0.42805 0.09999 -0.027377 0.13986 0.10928 -0.012876 0.0029978 0.024168 0.012629 -0.01459 -0.0026079 0.014895 0.0026483 0.037824 0.011571 0.04587 0.01388 0.0046927 0.0096636 0.0092887 0.014289 0.0031824 0.0025764 0.0031924 0.0026042
0.0012714 0.0027275 0.0016404 0.0035095 -0.0050112 0.04182 0.0094566 0.042685 -0.013442 0.050704 0.038263 0.076875 0.0019845 0.0021917 0.0022583 0.0025175 0.016796 -0.013223 0.02632 0.041196 0.28358 -0.10409 0.38585 0.37858 -0.0027665 0.1725 0.033974 0.2586 -0.0048952 0.025548 0.011755 0.053425 -0.017999 0.042463 0.021604 0.049952 0.2878 0.23247 0.398 0.39854 -0.0036032 0.00054973 0.028179 0.18732 -0.0052176 -0.0040892 0.0083878 0.032809 -0.00022256 -0.0027363 0.0016887 0.0046935 0.0003275 -0.019788 0.009874 0.030734 0.00087667 -0.016778 0.0027278 0.017859 0.00021011 -0.00077792 0.00053185 0.00474
0.00026296 -0.00068869 0.00061898 0.0043506 0.058878 -0.002284 0.060624 0.020386 0.0020585 -0.00013732 0.0020585 0.00013732 0 0 0 0 -0.00073358 0.0073553 0.0030417 0.011584 0.41802 0.042583 0.43498 0.069904 0.0049497 0.0013117 0.0049497 0.0013117 -0.00070374 -0.00028464 0.00072644 0.00028464 0.0011245 -0.023713 0.0085689 0.05501 0.50965 -0.072739 0.52152 0.25798 0.0038627 0 0.0038627 0 -0.0009743 0 0.0009743 0 -0.0010876 0.0036623 0.0016911 0.0037192 0.06978 -0.011505 0.091646 0.028469 0.00054294 -6.8534e-06 0.00054294 8.782e-05 -0.00014073 0 0.00014073 0
-2.7579e-05 -0.00099434 0.0070196 0.00099855 0.03512 0.0037274 0.085554 0.010278 -0.0099526 -0.00040138 0.039833 0.0040625 -0.0059683 -0.00087647 0.0073582 0.0009323 -0.015328 0.00022185 0.079168 0.0030993 0.21899 0.046253 0.5415 0.063812 -0.040173 -0.0071632 0.29727 0.037392 -0.056041 -0.012809 0.076983 0.012809 -0.0025057 -0.0044009 0.060327 0.0061053 0.094744 -0.049602 0.56501 0.10863 0.0037491 -0.022657 0.4149 0.05238 -0.039639 -0.005863 0.061102 0.0093445 0.0033099 -0.0014898 0.0055034 0.0016546 0.0036965 0.00090441 0.062657 0.0075761 -0.00062795 -0.0061038 0.059923 0.0068189 0.00020058 -0.00097914 0.004281 0.0011212
-0.0010684 2.1278e-05 0.0039756 0.0024331 0.032744 0.0036123 0.083235 0.033303 0.02215 -0.0049635 0.050866 0.012128 -0.0016195 0.00094255 0.0077481 0.0013358 0.0070293 -0.0049139 0.023059 0.01928 -0.030451 0.01399 0.36163 0.087019 0.37245 0.041002 0.44984 0.050028 -0.020832 -0.00024133 0.057298 0.0047784 0.0049536 0.0046526 0.0086397 0.013216 -0.018341 0.07736 0.45511 0.090838 0.30358 -0.10387 0.36227 0.17532 -0.013907 -0.00098273 0.031961 0.005811 -0.0017983 0.0003662 0.0031002 0.0019579 -0.023188 0.011034 0.07404 0.012783 0.01774 -0.011714 0.04283 0.029045 0.0096855 -0.010226 0.011498 0.011701
0.00078971 0.0029727 0.0047714 0.0039016 0.0073909 3.1553e-06 0.02292 0.011615 0.022097 -0.011483 0.030981 0.017594 -0.0028473 0.00167 0.0030458 0.0019299 0.0076402 -0.016608 0.042189 0.047677 0.32617 0.0056844 0.51857 0.27137 -0.13669 0.11028 0.27526 0.1778 0.025835 -0.015797 0.032304 0.019891 -0.00705 0.012093 0.026343 0.02147 0.33189 0.060462 0.34168 0.14592 -0.081691 0.091139 0.33283 0.1319 0.022473 -0.0074034 0.034071 0.01478 0.0010175 -0.00083018 0.0020163 0.0016427 0.040969 -0.013823 0.040969 0.016881 0.0023421 -0.00278 0.031514 0.0097288 -0.00084635 0.0022948 0.011168 0.0037779
-3.3831e-05 -0.0013924 0.00058458 0.0015953 0.0046454 -0.0098048 0.0068931 0.014785 0.033116 -0.0041926 0.09379 0.0086914 8.7096e-05 9.9215e-05 8.9629e-05 0.00011832 0.0034948 0.012901 0.0064755 0.013513 0.016117 0.087406 0.031482 0.093049 0.2011 0.040155 0.63772 0.089884 0.00011606 3.1514e-05 0.00011606 3.1514e-05 0.010647 -0.014636 0.022319 0.038759 -0.0038258 -0.058479 0.025276 0.27129 0.21551 -0.036429 0.59601 0.14537 0.00017527 0 0.00017527 0 0.0039317 0.0019066 0.0070195 0.0020149 0.0038053 0.020848 0.0040563 0.020848 0.022908 0.014551 0.093781 0.014683 2.5316e-05 0 2.5316e-05 0
-0.011706 -0.0028234 0.012157 0.0040362 -0.011812 -0.014043 0.069109 0.014509 0.033909 0.0099395 0.083516 0.019453 0.0047392 0.00257 0.0090712 0.0073991 -0.031185 -0.0050865 0.035394 0.021477 -0.018177 -0.077809 0.27958 0.11053 0.42803 -0.064598 0.49777 0.16802 -0.0037504 0.017221 0.033051 0.071328 0.00061766 0.011795 0.020768 0.020192 -0.014849 -0.0080399 0.081305 0.05583 0.38122 0.0058629 0.42376 0.25917 -0.017504 -0.04179 0.023572 0.057897 -0.0014193 0.00046191 0.0038244 0.0024234 0.011865 0.03249 0.013953 0.03306 0.016422 0.03995 0.031523 0.041604 -0.0039862 -0.00056482 0.0067074 0.0052717
-0.0072246 -0.0018319 0.0075799 0.0018904 0.027146 -0.001211 0.039886 0.0084616 -0.026791 0.020732 0.054046 0.031747 0.0031392 0.0044746 0.0059512 0.007386 -0.058471 -0.021411 0.060899 0.021623 0.19927 -0.033487 0.28193 0.067875 -0.062858 -0.097354 0.55239 0.14908 -0.013926 -0.0241 0.064374 0.054888 -0.0073614 -0.005618 0.046697 0.023959 0.044805 0.0050455 0.25967 0.038037 0.030484 0.028341 0.62841 0.1262 0.027336 0.022745 0.079672 0.059998 0.0016978 0.00010128 0.010451 0.0019316 -0.0046668 0.0034447 0.048275 0.013121 0.013412 0.0061993 0.094601 0.026119 0.0084045 0.00048276 0.020872 0.0081193
0.0017454 -0.0010633 0.012406 0.0022789 -0.0050623 -0.0072107 0.035182 0.013182 -0.00010166 0.0049754 0.095582 0.038628 0.0039552 -0.0023915 0.013389 0.0050585 -0.0042552 0.0035466 0.057271 0.020725 -0.0080007 0.0041735 0.28296 0.050684 0.081622 -0.02665 0.6524 0.16586 0.048396 -0.0021885 0.12298 0.067711 -0.050532 0.0049353 0.053231 0.0091722 0.21954 -0.0042309 0.31034 0.064905 0.01259 0.12931 0.42384 0.21259 0.021618 0.024616 0.079096 0.096979 -0.010631 0.00073093 0.01065 0.00094809 0.039934 -0.0022177 0.040315 0.0044771 0.0072151 -0.0039213 0.038864 0.010762 -0.0078231 -0.00070699 0.019384 0.012547
-0.0095905 0.0018448 0.01147 0.0019104 0.036592 -0.020581 0.039526 0.025212 -0.0092682 -0.012709 0.022549 0.014961 0.0052831 0.0015739 0.0062446 0.003465 -0.081194 0.0044608 0.093243 0.0087415 0.32915 -0.0016218 0.43806 0.12958 -0.065387 -0.013579 0.1551 0.04608 0.015979 -0.012568 0.04184 0.024167 -0.13762 0.0082127 0.14405 0.02175 0.40677 -0.05502 0.53875 0.15718 -0.023575 -0.037826 0.25645 0.084995 -0.055923 -0.014069 0.061714 0.022781 -0.017037 0.0011515 0.017795 0.0011723 0.036948 0.058352 0.095153 0.060095 -0.0094825 0.0076268 0.060673 0.018213 -0.013715 -0.0017784 0.014772 0.0039547
0.0031867 0.00012806 0.0060372 0.0027602 0.0048806 -0.0022719 0.018984 0.011576 0.028816 -0.018695 0.030349 0.020336 -0.005325 0.0030181 0.0062155 0.0035912 0.025499 -0.026396 0.05187 0.056422 0.24787 0.044721 0.46614 0.26739 -0.068864 0.070353 0.27695 0.19589 0.0099483 -0.005394 0.027914 0.018287 -0.0079028 0.01756 0.022656 0.023413 0.38388 0.031605 0.39146 0.16204 -0.15519 0.11569 0.33517 0.15135 0.035404 -0.011134 0.041433 0.020522 0.0012403 -0.00071013 0.0022495 0.0013496 0.044662 -0.014323 0.044662 0.017236 -0.0068995 -0.0003371 0.032287 0.010207 0.0042641 0.0011618 0.010609 0.0039385
-0.0072141 -0.00040852 0.01551 0.0029687 0.0053343 -0.0053918 0.024649 0.0058639 0.018391 -0.0016689 0.072893 0.0090968 0.0061787 -0.00023989 0.0068652 0.0017971 -0.036846 -0.042546 0.12019 0.067262 0.088597 0.02942 0.24121 0.10021 0.19631 -0.024466 0.3585 0.057942 -0.010218 0.0017698 0.085887 0.008866 -0.025674 -0.0085724 0.062502 0.035519 0.24099 0.080631 0.63045 0.26967 0.17781 -0.012481 0.33552 0.063895 -0.049023 0.0049971 0.095191 0.011052 0.0043049 0.0012219 0.0049539 0.0020722 0.032867 0.034603 0.073026 0.035994 -0.0088016 0.0024232 0.072666 0.015119 -0.0090132 0.0018705 0.013208 0.0024703
