-0.00018099 0.0017176 0.00092001 0.0052716 -0.0086604 0.0043236 0.033745 0.052185 0.039067 -0.0042377 0.051 0.015037 -0.0073399 0.00010149 0.013058 0.00028893 0.00037884 -0.013826 0.0029735 0.015782 -0.091703 -0.1272 0.2867 0.22163 0.25773 -0.0011435 0.38863 0.066734 -0.049732 0.00020576 0.095424 0.0072828 0.00028216 0.014806 0.0023405 0.016121 -0.20696 0.13823 0.39978 0.28857 0.34686 -0.021028 0.38784 0.05187 -0.049218 0.0033415 0.096709 0.014188 -5.468e-05 0.0023359 0.0004154 0.0044102 -0.032781 0.0020689 0.040291 0.031499 0.054354 -0.0029585 0.056223 0.0078207 -0.0069879 0.00018106 0.013548 0.00039849
6.6911e-06 0.00035413 0.0013307 0.0011048 0.02249 0.0068995 0.029044 0.012123 -0.0081893 0.0070777 0.089532 0.015223 0.00071808 -9.3991e-05 0.011209 0.00029523 0.0033204 0.003311 0.0048695 0.014424 0.083499 0.050705 0.29892 0.1545 -0.018247 0.066 0.53208 0.30645 0.0058976 -0.0014328 0.055778 0.0085352 0.003391 0.011873 0.0034975 0.030191 0.094268 0.025932 0.19471 0.22268 -0.072368 -0.11095 0.53546 0.26078 0.0055519 0.00083 0.047244 0.006449 -0.0001112 -0.0010632 0.00064445 0.0022107 -0.0057208 0.0034263 0.012979 0.017633 -0.027394 0.0032455 0.084592 0.028708 0.00023338 0.00018247 0.0051541 0.00082718
-0.0016202 -0.0035252 0.0017918 0.0041592 -0.0012661 -0.024319 0.0080748 0.027519 0.0581 -0.0078442 0.0581 0.009062 0 0 0 0 -0.0013813 -0.012213 0.0089835 0.019348 -0.0053994 -0.052775 0.11277 0.12623 0.47546 -0.051621 0.47643 0.057594 0 0 0 0 -0.0040603 0.019223 0.010133 0.024552 -0.015679 0.08835 0.15163 0.16384 0.46328 0.050949 0.46328 0.052131 0 0 0 0 5.9385e-06 0.00018385 0.00041075 0.00022784 -0.0051647 0.0015094 0.01504 0.0025799 0.057974 -0.0010298 0.057974 0.0036565 0 0 0 0
0.00033759 -0.00031162 0.0012922 0.00043784 -0.001584 -0.00080005 0.0023606 0.0018493 0.050369 -0.0013172 0.050369 0.0015673 0 0 0 0 0.0011718 -0.013842 0.010463 0.014532 -0.024606 -0.12657 0.044864 0.13817 0.40131 -0.035963 0.40131 0.062346 0 0 0 0 -0.0029257 0.020429 0.0060884 0.071432 -0.0022881 0.18043 0.020329 0.47578 0.39091 0.087343 0.39091 0.21065 0 0 0 0 -0.001098 -0.0045085 0.0014837 0.0045842 -0.00021592 -0.033444 0.010105 0.034563 0.045256 -0.01123 0.045256 0.012814 0 0 0 0
0.00016515 0.0014306 0.00032642 0.0037878 -0.020318 0.014263 0.03895 0.038301 0.046206 -0.0017243 0.051981 0.007043 -0.0077073 -0.0001497 0.013201 0.00083225 -0.00018945 -0.010481 0.0021339 0.011432 -0.1803 -0.14068 0.34355 0.20571 0.31926 -0.0079991 0.35064 0.033505 -0.048735 0.0012009 0.074791 0.0098211 0.0043345 0.031912 0.0070128 0.0487 -0.31652 0.15797 0.31954 0.24132 0.33905 -0.016953 0.34229 0.054205 -0.049148 0.00030722 0.076819 0.0019094 0.0081941 -0.0073944 0.0093276 0.0093557 -0.03914 -0.02033 0.059943 0.022522 0.049953 -0.0018274 0.050906 0.0057966 -0.0066141 8.5588e-06 0.011499 0.001057
-0.0061886 -0.0010853 0.0080787 0.0017293 -0.011184 -0.016101 0.061599 0.018067 0.034305 -0.0043945 0.061491 0.009004 -0.0034457 -0.001195 0.0037298 0.0040327 -0.052962 -0.0043336 0.066189 0.013283 -0.085847 -0.11462 0.44225 0.16128 0.22323 -0.10867 0.44473 0.15637 -0.03268 -0.021245 0.037443 0.021448 -0.057341 -0.0030235 0.068933 0.010886 -0.085724 0.0030296 0.31438 0.12027 0.19295 0.031489 0.51394 0.11415 -0.0058609 -0.0022312 0.0092699 0.0031434 -0.0073222 -0.0012319 0.0093603 0.0014752 0.0051722 0.017675 0.060903 0.021912 5.614e-05 0.0089791 0.06201 0.02444 0.00027219 0.00072171 0.00042862 0.0008125
-0.00032974 -4.701e-05 0.00033945 0.00028848 -0.018934 0.00093099 0.01933 0.010703 0.021209 0.0026137 0.049187 0.0087274 -0.0065542 -0.0010228 0.0072937 0.0011967 -0.031074 -0.039936 0.040339 0.040628 0.010455 -0.15568 0.40195 0.15849 0.20047 -0.040329 0.47048 0.051165 -0.052133 0.0044009 0.056192 0.012277 -0.023508 0.016483 0.034994 0.025225 0.076117 0.12221 0.49377 0.12823 0.16627 0.03997 0.42597 0.079029 -0.027899 0.004245 0.032014 0.014084 -0.002313 0.00011143 0.0023707 0.0018931 0.0063418 -0.00013191 0.045491 0.0085632 0.012811 -0.00031391 0.045387 0.01773 -0.003928 -0.00038119 0.0049895 0.00099438
-0.00066136 -0.001586 0.0020662 0.0024948 0.042244 0.0029123 0.073884 0.013422 -0.0364 0.00448 0.040188 0.0081605 -0.00024859 0.00041783 0.00042987 0.0011187 -0.0030427 -0.010082 0.038381 0.038391 0.26834 -0.019064 0.51077 0.11034 -0.30214 0.068902 0.3532 0.22145 0.028446 -0.002544 0.028578 0.0068892 0.056786 0.011847 0.13858 0.014957 0.13094 -0.049229 0.37896 0.14981 -0.1203 -0.087778 0.29162 0.23029 0.013459 0.0031793 0.014352 0.0048901 0.0010141 0.00074145 0.0056074 0.0047613 0.0021733 0.0025908 0.017345 0.0082741 0.00077507 -0.00085142 0.0019171 0.0025182 -0.00010357 -0.00022083 0.00013958 0.00025116
-1.2035e-05 0.0070081 0.00053086 0.0082754 -0.01049 0.011751 0.025423 0.036947 0.023541 -0.0052421 0.050536 0.012969 -0.0052147 -0.00020247 0.012928 0.00076509 -0.0045798 -0.038465 0.016355 0.041944 -0.16871 -0.13533 0.38909 0.21595 0.19667 -0.01481 0.38056 0.073414 -0.01714 0.00065265 0.063362 0.0074318 -0.0028339 0.0059579 0.02279 0.019553 -0.1462 -0.0061239 0.53425 0.089296 0.24862 0.023138 0.39957 0.045051 0.01227 -0.00086457 0.047083 0.01157 0.0010366 0.0022391 0.0024127 0.0075881 -0.028839 0.0044182 0.059322 0.01508 0.031684 0.0026327 0.064497 0.0076797 0.0060296 -0.00066818 0.0094967 0.0016034
-0.00011262 -0.0027514 0.00020413 0.0028595 0.0022253 -0.020929 0.0034238 0.022521 0.023204 -0.0058139 0.049011 0.012903 -0.005558 -0.00036505 0.0079796 0.0012016 -0.000877 0.004393 0.002326 0.0050209 -0.10311 -0.044094 0.10911 0.11153 0.25797 -0.026171 0.48602 0.09242 -0.038308 -0.0046949 0.045026 0.0069708 0.00016251 -0.00034527 0.0012449 0.001187 -0.16301 0.054697 0.16498 0.074946 0.33396 0.044661 0.66245 0.081568 -0.053408 0.0021855 0.05515 0.010419 0.00011374 -0.00051248 0.00024131 0.0010116 -0.026332 -0.013231 0.026732 0.014156 0.052533 -0.020158 0.10048 0.024329 -0.0097487 -0.00058928 0.0097921 0.0011007
-3.2905e-05 -0.00087342 0.0026325 0.0030178 -0.00054092 -0.016176 0.0051016 0.062421 0.039867 0.0016557 0.040253 0.034253 0 0 0 0 -0.0060124 -0.0079426 0.0087929 0.044873 0.010778 -0.13599 0.06904 0.21256 0.39454 -0.0038538 0.40005 0.14012 0 0 0 0 0.024854 -0.027538 0.028409 0.03077 -0.0059389 -0.031526 0.10088 0.12908 0.51204 0.050735 0.51204 0.10325 0 0 0 0 -0.00031384 0.0023994 0.0022958 0.0062589 -0.0044788 0.017884 0.023772 0.023059 0.086702 0.0097755 0.086702 0.0098982 0 0 0 0
0.0020991 -0.0011466 0.0072797 0.0031275 0.014775 -0.014188 0.078127 0.024688 0.01874 -0.011629 0.031916 0.01676 -0.0026776 0.00088761 0.0039323 0.0017026 -0.0087083 0.0070125 0.019496 0.012167 -0.029256 -0.036738 0.42604 0.19749 0.24022 -0.15107 0.30104 0.21602 -0.0011029 0.00077177 0.016477 0.0066309 -0.012309 0.0073371 0.035213 0.019228 -0.14192 0.098427 0.30709 0.12581 0.30029 0.12994 0.48631 0.2429 0.0098318 0.0055656 0.033797 0.022933 -0.0045791 0.0044297 0.011983 0.0066405 -0.0080173 -0.0013112 0.017112 0.0076557 0.027547 -0.012277 0.039319 0.013904 0.00050406 -0.00029716 0.0068737 0.0029713
-0.0034811 -0.00030547 0.0048883 0.0011835 0.024008 -0.023727 0.081624 0.027978 -0.024497 -0.017583 0.048065 0.023538 0.00048086 -0.0006179 0.00097196 0.00072944 -0.057067 0.004997 0.071024 0.0099371 -0.093654 -0.070468 0.34641 0.16199 0.1874 -0.018474 0.55725 0.091691 -0.0010425 0.00048895 0.0037492 0.0013671 -0.077345 0.020564 0.10403 0.022533 -0.080582 0.1096 0.35747 0.14182 0.21102 0.05588 0.44738 0.13515 -0.015665 0.027016 0.025138 0.027853 -0.0096975 0.0017009 0.014821 0.0020378 -0.014614 0.0075772 0.075174 0.011829 0.044294 0.00070797 0.061212 0.010462 0.00086388 0.00076959 0.00092384 0.0015552
-0.0047655 0.0011501 0.0063144 0.0016039 0.016559 -0.0059509 0.051398 0.014212 -0.018707 -0.0059412 0.12751 0.031427 0.0037366 -0.00072804 0.0037687 0.0015412 -0.004029 0.0047208 0.030015 0.0087665 0.13063 0.13379 0.50323 0.18471 0.033835 0.15716 0.34786 0.24877 0.013171 0.039726 0.017575 0.041648 -0.0051451 -0.00030541 0.040797 0.0085605 0.05813 -0.059254 0.48509 0.24541 0.028047 -0.18168 0.10506 0.28004 -0.0086647 -0.034978 0.009787 0.048225 -0.0017811 -6.631e-05 0.0093431 0.0011177 0.014054 0.0035059 0.097664 0.020732 -0.020807 -0.0029405 0.034153 0.013977 -0.00047618 -0.00028846 0.00060233 0.00093607
0.0018716 -0.0013339 0.0056818 0.0015745 -0.0078917 0.0052764 0.047424 0.01529 0.024786 -0.0049299 0.054466 0.012024 0.0030975 -0.00067192 0.0082348 0.0012407 0.033252 0.025904 0.034157 0.034256 -0.33858 0.12142 0.38648 0.16533 0.33975 -0.037548 0.39843 0.05143 -0.038052 -0.00076125 0.10092 0.011196 0.023359 -0.022203 0.036793 0.031424 -0.25503 -0.082023 0.26933 0.19428 0.27818 0.034145 0.31452 0.13365 -0.050782 0.0071989 0.086326 0.011558 -0.0012579 -0.00023757 0.0015319 0.0014122 -0.0083786 -0.0023151 0.010174 0.0093582 0.026376 -0.0061453 0.028268 0.021098 -0.0049101 0.0014931 0.010229 0.002098
0.0015581 -0.0017622 0.0020391 0.0031972 0.063528 -0.024739 0.074173 0.027615 -0.027191 0.019955 0.045224 0.038784 0.002502 0.0032522 0.0036474 0.0037225 -0.006807 0.0065767 0.032911 0.015279 0.055887 -0.0066301 0.18682 0.16534 0.33504 -0.076011 0.5614 0.19739 0.013548 0.0041132 0.029921 0.014422 0.0038111 0.010834 0.017004 0.015851 0.05225 0.050693 0.22443 0.11329 0.31677 0.085463 0.47896 0.15902 -0.0060724 -0.005647 0.041428 0.015354 5.5564e-07 0.00028815 0.00029571 0.00062897 0.041874 0.025769 0.054294 0.028707 -0.013755 -0.014376 0.052951 0.030949 -0.006023 -0.0062749 0.0072763 0.0067228
0.003244 -0.00032787 0.012921 0.00083872 0.049001 0.0018811 0.079117 0.01767 -0.045908 0.0077897 0.081623 0.01669 0.0014211 -0.0025958 0.0039119 0.0029708 -0.0091821 -0.0029339 0.075039 0.0084075 0.40024 0.029483 0.60135 0.096742 -0.15635 -0.068802 0.28273 0.17996 -0.042412 0.035833 0.077393 0.061394 -0.046386 -0.0079494 0.08043 0.012984 0.22427 -0.11054 0.24773 0.19688 -0.11727 -0.16147 0.15452 0.21506 0.027869 -0.020796 0.073186 0.030188 -0.0047063 -2.9722e-05 0.010901 0.001267 0.01237 0.0047432 0.013516 0.0076349 -0.00065708 0.00099862 0.0028874 0.0019811 0.0012001 9.58e-05 0.0029401 0.0020978
0.0032168 0.00072783 0.0051596 0.0052455 -0.016307 0.013459 0.071347 0.019756 0.029005 0.0062865 0.067068 0.009101 0.0010066 -5.0067e-05 0.0012568 0.00089324 0.025853 -0.011085 0.029554 0.044525 -0.0022538 -0.06525 0.36445 0.097711 0.048263 -0.045501 0.38462 0.1793 0.0089921 0.0011555 0.0097775 0.019496 0.03132 0.010701 0.055284 0.036325 -0.14133 0.029653 0.4979 0.047346 0.22176 0.05888 0.55588 0.075906 0.0018474 0.0031973 0.0096235 0.0052741 0.0065224 0.0011007 0.010026 0.0024869 -0.020284 0.003095 0.050151 0.0048807 0.039203 -0.0052004 0.064786 0.015193 -0.0070844 -0.00092884 0.0076317 0.0015948
-0.00056512 -0.010447 0.00058363 0.011261 -0.031333 -0.022713 0.046182 0.024547 0.026077 -0.0092589 0.077589 0.01067 -0.0013222 4.9293e-05 0.0051984 0.0010407 -0.0092896 -0.0057931 0.010615 0.0064897 -0.11551 -0.043442 0.49708 0.071477 0.21987 -0.017079 0.461 0.1099 -0.0082682 -0.004147 0.066406 0.011145 -0.0071784 0.0040005 0.010234 0.0056429 -0.078141 0.084931 0.50034 0.11264 0.14032 0.042809 0.34559 0.12519 0.019851 -0.0059153 0.066681 0.0076133 5.5801e-05 0.0037473 0.0014071 0.0043123 -0.0035062 0.010585 0.052636 0.019877 3.13e-05 0.016155 0.029955 0.017544 0.0059763 -0.00014213 0.010471 0.0008867
-0.0041784 -7.297e-05 0.012799 0.00096006 -0.017158 -0.017061 0.046826 0.019752 0.046038 0.0030865 0.057048 0.016883 5.6278e-05 0.00083511 0.0088265 0.0020065 -0.048485 -0.0010475 0.10238 0.0051818 -0.16503 -0.029301 0.3379 0.086139 0.4292 -0.055799 0.47622 0.068843 -0.0092774 -0.0067809 0.046375 0.016515 -0.043281 -0.0021292 0.081247 0.0063767 -0.10105 0.02706 0.30075 0.098887 0.34055 0.015451 0.39167 0.11137 -0.015523 -0.0087839 0.027315 0.022784 -0.001327 0.00027645 0.0075221 0.0011265 -0.011451 -0.010517 0.037497 0.012426 0.019819 -0.014244 0.024256 0.024238 0.00031702 -0.001631 0.0020837 0.0023361
0.0048089 0.00026274 0.015171 0.0021319 -0.01443 -0.00033476 0.036732 0.005361 0.055529 0.0056859 0.071821 0.012944 -0.0067177 0.0011119 0.017708 0.0025324 0.031443 0.0046264 0.092462 0.014582 -0.15675 0.013979 0.2338 0.07474 0.31932 -0.13983 0.53236 0.17746 0.03324 0.010279 0.099746 0.014729 0.02423 0.0002663 0.074999 0.010161 -0.047709 -0.033475 0.33967 0.10963 0.23395 0.15462 0.42645 0.17525 0.037907 0.011892 0.079673 0.015818 0.00043025 -3.4451e-05 0.008222 0.0015154 0.018001 0.0045244 0.069467 0.020097 0.038778 0.00097898 0.054645 0.010302 0.00096512 -0.0014537 0.0050898 0.0027046
-0.0032825 -0.00058541 0.0069727 0.0013286 0.04513 0.0080773 0.048148 0.0099565 -0.014822 -0.001281 0.045463 0.0073781 0.0022837 0.0016781 0.0026524 0.0017988 -0.023275 -0.00022208 0.038737 0.010175 0.34576 0.0049848 0.36206 0.046827 -0.072294 -0.012494 0.38092 0.074128 -0.053681 0.011931 0.055306 0.014689 -0.034792 0.0047528 0.047211 0.010529 0.36118 -0.04887 0.44593 0.14231 -0.031678 -0.043918 0.41201 0.15436 -0.078843 -0.005595 0.080085 0.020619 -0.0047743 -0.0024537 0.0062441 0.0025442 0.035203 0.025194 0.048334 0.027969 0.0096346 0.012835 0.069328 0.017298 -0.010469 0.0006516 0.010651 0.0016574
-0.0022254 -0.00072226 0.0023737 0.0013092 0.036454 -0.0037389 0.040643 0.013564 -0.02653 -0.0047575 0.08097 0.012967 0.00095867 -0.00063776 0.0016576 0.00068135 -0.021673 0.0069748 0.022912 0.011879 0.30342 0.022497 0.33346 0.056571 -0.1983 0.038657 0.54972 0.054845 0.00074551 0.0041931 0.0095214 0.005799 -0.0013207 -0.0005164 0.0022957 0.0038168 0.24597 -0.034157 0.32361 0.068501 -0.17199 -0.018988 0.46857 0.06609 0.0072327 0.00076184 0.023703 0.0065442 -0.0027788 -0.0010197 0.0028936 0.0012788 0.039806 -0.011257 0.047386 0.011319 -0.019229 -0.0021442 0.067114 0.020624 0.00096547 8.1996e-05 0.0022387 0.00078888
0.00020647 2.2156e-05 0.00055805 0.00052599 -0.0013645 -0.0042854 0.0022627 0.0064 -0.0026031 -0.0083391 0.0039415 0.010729 -0.0037649 0.0011156 0.0038664 0.0016232 0.011864 -0.0020895 0.011938 0.012545 0.14362 0.055918 0.20671 0.22382 0.059864 0.19597 0.15669 0.22936 -0.03856 0.020508 0.039609 0.023549 -0.024273 0.015057 0.03901 0.058864 0.23785 0.018196 0.36199 0.72217 0.047943 -0.0049253 0.13952 0.10542 -0.039856 0.01283 0.040478 0.016209 -0.00086341 0.0049345 0.0042643 0.0098937 0.0046289 0.024806 0.049656 0.048557 0.0067469 -0.0047547 0.037556 0.023523 -0.0018318 0.00095343 0.0038095 0.0025767
-0.0027377 0.0010375 0.0027986 0.0013829 0.0027899 -0.01158 0.040475 0.023706 0.022277 -0.0072751 0.12969 0.020798 0.0060861 0.002983 0.0084057 0.0036533 3.5282e-05 -0.013652 0.0034518 0.016398 -0.074629 -0.017954 0.28795 0.11785 0.25922 -0.10492 0.58827 0.25336 0.014517 0.0094749 0.040938 0.013868 -0.0017881 -0.0068068 0.026705 0.016307 -0.092791 -0.029777 0.18496 0.12668 0.36768 0.088472 0.3988 0.11256 0.012562 -0.0037886 0.043927 0.0086827 0.0019151 0.00096368 0.0065948 0.0044926 0.019284 0.028624 0.039413 0.038226 0.017198 -0.0088097 0.056486 0.017757 0.00091974 -0.0019605 0.0081506 0.0028937
-0.001817 0.00060221 0.01236 0.0011618 0.03713 0.013047 0.051868 0.014095 -0.011728 0.0013081 0.058528 0.01184 0.00026161 0.00054034 0.00034268 0.00082749 -0.020678 0.00058722 0.075111 0.0069524 0.3083 0.021936 0.37409 0.050508 -0.12393 0.0071365 0.45119 0.075836 -0.0087044 0.0028716 0.0091672 0.0084867 -0.017769 -0.0018616 0.056027 0.0090916 0.31344 -0.03286 0.43856 0.12453 -0.081297 -0.019372 0.4172 0.12925 -0.045594 -0.0080807 0.05132 0.016599 -0.0010055 -0.0017233 0.0071278 0.0026615 0.040702 0.0060333 0.054474 0.020259 0.00092509 0.014126 0.055295 0.017847 -0.01284 0.00018166 0.013898 0.0018415
-0.0025085 -0.0034112 0.0025113 0.0038851 -0.01954 -0.010194 0.077388 0.018487 0.027467 -0.0069625 0.055234 0.027948 0.0030388 -0.0024477 0.0083152 0.0037143 -0.010305 0.0023474 0.019705 0.0049822 0.073935 0.010838 0.5131 0.18336 -0.01922 0.16948 0.40069 0.21301 0.053524 -0.017829 0.060092 0.018615 -0.01732 0.02422 0.028518 0.027314 0.24187 0.030088 0.28066 0.2175 -0.065046 0.060407 0.47024 0.12231 -0.0044358 0.01525 0.06486 0.03027 -0.0029498 -0.00089165 0.0038854 0.0035691 0.024696 0.017554 0.025302 0.036503 -0.0069069 0.0013213 0.05171 0.014355 -0.00084706 -0.0040846 0.008619 0.0053137
-0.002462 8.6844e-05 0.0078864 0.00069821 0.0076648 -0.00099934 0.081326 0.0047879 -0.0076452 0.011448 0.022159 0.013281 0.00012981 5.1143e-05 0.00031088 0.00034578 -0.0064343 0.00064267 0.062551 0.0038836 0.11374 0.030903 0.39579 0.13997 -0.15133 0.036586 0.51779 0.11137 -0.0073498 -0.011074 0.0155 0.013217 -0.022923 -0.0021474 0.090299 0.011313 0.26266 -0.059162 0.43761 0.097247 -0.16053 0.066144 0.32053 0.26047 -0.022996 0.018833 0.033678 0.041544 -0.0033406 -0.0008076 0.012931 0.0011152 0.035904 -0.0046799 0.044528 0.019887 -0.021015 -0.020763 0.02863 0.023344 0.0014932 -0.0033179 0.0074182 0.0049303
0.0030057 1.3246e-05 0.0057333 0.0016898 0.039766 0.0041071 0.065346 0.0091334 -0.040046 0.0043436 0.040118 0.0088316 0.00019668 6.415e-05 0.00037534 0.00057531 -0.0080823 0.0018925 0.077107 0.015296 0.20799 -0.013171 0.37815 0.13785 -0.23003 0.018353 0.42831 0.11257 0.007488 -0.014742 0.01671 0.015459 -0.006943 -0.002738 0.086552 0.008499 0.29277 -0.012966 0.47485 0.078874 -0.20679 0.026986 0.30183 0.2507 -0.0062028 0.01711 0.028526 0.026616 0.0029116 0.00015356 0.0082247 0.00092299 0.0097214 -0.021708 0.036008 0.031311 0.00010697 -0.015815 0.025843 0.02174 -0.0037936 -0.00090784 0.0038423 0.00094669
-0.013156 -0.035757 0.013186 0.035757 -0.028466 -0.16633 0.055728 0.16633 -0.011279 -0.060318 0.020285 0.096959 -0.00053749 -0.0010184 0.0017856 0.0059112 -0.04499 0.0092252 0.050261 0.043456 0.043945 -0.11909 0.36232 0.33914 0.18907 -0.11499 0.22359 0.33586 0.00039901 0.0060514 0.0093221 0.03079 -0.036967 -0.018339 0.048196 0.064071 0.0558 0.0065438 0.33845 0.33801 0.22567 0.035075 0.34384 0.15519 0.0015038 0.0010536 0.0027762 0.0049281 -0.0036531 0.0014928 0.0079032 0.0033159 0.041691 -0.0019294 0.051773 0.030437 -0.00041077 0.010904 0.037412 0.029021 8.2631e-05 -0.0030743 0.0019521 0.0079608
-0.0044118 0.0012806 0.00777 0.0086577 0.037005 -0.0068628 0.050202 0.051574 -0.052726 0.039118 0.071713 0.044132 -0.00065494 0.00039406 0.001091 0.0010153 -0.0028322 -0.01008 0.054701 0.036455 0.10345 -0.15363 0.29209 0.35695 0.020273 -0.094792 0.47592 0.18188 -0.011158 0.010942 0.01574 0.013069 -0.0065327 2.2422e-05 0.0075735 0.007696 -0.029058 -0.033348 0.097635 0.068 0.215 0.021669 0.60853 0.1412 -0.0026943 0.00075123 0.005563 0.005059 0.00013301 -0.00020803 0.00031225 0.00047489 0.019658 0.016144 0.046062 0.016861 -0.0087425 -0.011892 0.060299 0.02363 4.6134e-05 4.2204e-05 0.00035124 0.00020281
3.5714e-05 0.0002116 0.0003659 0.00041203 4.095e-05 0.0016549 0.0014601 0.002304 -0.018048 0.01141 0.021674 0.014913 0.0044858 -0.00039796 0.0056083 0.0054484 -0.0023121 0.00091344 0.0062748 0.0048387 -0.023009 -0.045216 0.071351 0.1405 0.19511 -0.039639 0.21745 0.2165 -0.040693 0.048951 0.05428 0.060822 0.00045007 -9.8192e-05 0.0013556 0.0022164 -0.017547 0.070483 0.32619 0.42626 0.15348 0.045594 0.22833 0.66649 0.0068945 -0.036833 0.023908 0.080118 3.43e-05 -4.7365e-05 0.00018884 0.00020547 -0.015158 3.6432e-05 0.025995 0.021926 -0.010126 -0.0021769 0.028669 0.025883 0.0021705 0.0017464 0.0042305 0.0051068
1.8444e-05 -1.4147e-05 9.9245e-05 0.00012296 -0.0074144 0.0072776 0.034078 0.01744 0.035032 0.0090141 0.080641 0.020463 -0.0093507 -0.0025077 0.010382 0.0025921 0.0015415 -0.0058638 0.0023438 0.0065895 0.15147 -0.019318 0.35658 0.097551 -0.038347 -0.026207 0.60987 0.12785 -0.012033 -9.5265e-05 0.017943 0.0060823 -0.014605 0.0020796 0.01493 0.015239 0.23943 -0.07167 0.35612 0.10318 -0.071087 -0.070725 0.45361 0.12613 -0.009281 0.0020032 0.022676 0.0084819 -0.00032246 4.9701e-05 0.00034106 0.00053069 -0.0018613 7.9296e-05 0.02578 0.016133 0.015489 -0.0019441 0.067357 0.015212 0.0026044 0.0014294 0.0042517 0.0021679
-0.00033684 0.00066547 0.00066417 0.0018121 0.001113 -0.0064528 0.0036589 0.012983 0.0037267 -0.0014651 0.071785 0.020019 0.006366 0.0011159 0.0066617 0.0015641 0.00087197 -0.0033666 0.0016892 0.0041339 0.23268 0.046119 0.4071 0.12081 -0.26889 -0.065706 0.38058 0.13046 0.054994 0.0026932 0.066328 0.01619 -0.00062939 0.0010773 0.0019575 0.0095941 0.22213 -0.11314 0.50114 0.17053 -0.15859 0.0079069 0.33001 0.1553 0.0031298 -0.0020316 0.056611 0.020416 -0.00037215 -0.00095266 0.0010074 0.0018691 0.018322 -0.013582 0.060761 0.019468 0.010936 0.0092507 0.038488 0.020867 -0.0098166 -0.0054075 0.0098619 0.0054403
0.0021345 -0.0012384 0.011275 0.0025436 0.035322 0.0052501 0.081392 0.016307 -0.046632 0.006769 0.060537 0.0083883 -5.9848e-05 -5.3787e-05 0.00042069 0.0010333 -0.029708 0.0021732 0.048748 0.010742 0.34293 -0.033166 0.38971 0.15412 -0.27208 0.036244 0.31648 0.10296 0.00052496 0.0016815 0.0014997 0.013468 -0.041268 0.0052942 0.079235 0.0072156 0.36128 0.0065192 0.37366 0.031497 -0.25796 0.03806 0.37173 0.047439 -0.0012254 0.00080964 0.0019188 0.0040837 -0.0021954 0.00031955 0.010444 0.00061501 0.047231 -0.010309 0.058449 0.013583 -0.027737 0.0009476 0.084053 0.012269 -0.00092507 -0.0022931 0.0016796 0.0030222
-0.003128 0.0014812 0.0040814 0.00395 0.02918 -0.022062 0.03526 0.058772 0.041582 -0.026653 0.072596 0.051363 0.0005688 0.00016833 0.0095123 0.00091269 -0.018334 -0.0018217 0.029762 0.0074537 -0.030166 0.015712 0.21295 0.048126 0.38719 -0.057175 0.57719 0.10708 0.010214 -0.018359 0.072033 0.021705 -0.0037595 0.024562 0.007137 0.025136 -0.013476 0.1323 0.050386 0.14916 0.22057 -0.00074521 0.55834 0.13346 -0.0045873 0.019809 0.061091 0.023523 -0.0003841 8.1558e-06 0.00075919 0.00020078 0.00066468 0.0040422 0.0021731 0.0059371 0.024983 -0.0034058 0.042111 0.016317 -0.0054716 -0.00050224 0.0059894 0.00084108
-0.0032922 6.6602e-05 0.011251 0.0018915 -0.0028826 0.0060997 0.059335 0.012359 0.013111 -0.004475 0.069256 0.012723 -0.0040209 -0.00016349 0.0082864 0.0035356 -0.080639 -0.0056289 0.11937 0.0096257 -0.0056739 -0.1375 0.28767 0.16781 0.19899 0.0010515 0.42195 0.12372 0.010277 0.0086339 0.071857 0.013233 -0.073732 -0.0043604 0.10168 0.0099046 -0.13169 0.059521 0.40933 0.16126 0.34603 -0.052319 0.47456 0.10339 0.0018576 -0.0013693 0.048952 0.0064696 -0.0013302 -0.0010783 0.012722 0.001797 -0.035914 0.0015564 0.050224 0.01115 0.050745 0.008191 0.059708 0.014076 0.0018118 -0.00058038 0.0060934 0.0016373
0.0015695 0.00032457 0.012526 0.00098486 0.031792 0.0099147 0.049842 0.016566 -0.037197 0.0018112 0.048286 0.0055432 0.00011322 0.00026007 0.00054972 0.00099299 0.013122 0.0036449 0.077774 0.014301 0.26363 -0.047114 0.43339 0.13841 -0.23472 0.051711 0.30816 0.10476 -0.00065755 0.0021658 0.0023572 0.013577 -0.0090021 -0.0021393 0.032756 0.0070087 0.28009 -0.014411 0.44645 0.043234 -0.19587 0.032503 0.45549 0.0698 -0.0012619 -0.0078644 0.0031815 0.0094386 -0.0031367 0.00061763 0.0073275 0.0012527 0.027748 -0.0041869 0.061895 0.02045 -0.01133 0.0073556 0.067317 0.018429 -0.0013845 0.0003106 0.0053746 0.00098258
-0.0020935 -0.0033335 0.0033214 0.0033941 -0.0030125 0.0080746 0.0088292 0.013892 0.023088 -0.024324 0.036858 0.047305 0.0015786 0.0003788 0.0043974 0.0028619 4.6473e-05 -0.00097076 0.0065006 0.010359 0.10766 0.012249 0.33482 0.35203 0.12062 0.10408 0.2813 0.26502 -0.039627 -0.029505 0.081397 0.049591 -0.0028849 0.011842 0.033189 0.027844 0.088095 0.075163 0.41557 0.35691 -0.010277 -0.026407 0.39178 0.26785 0.0073312 0.010014 0.074543 0.034707 -0.0039971 -0.0056736 0.010521 0.0095691 0.026383 0.017478 0.042344 0.0289 -0.017598 -0.013935 0.074167 0.046902 -0.0064716 -0.0023207 0.0076416 0.0032576
-0.0047041 0.0025072 0.0090582 0.0049682 0.043068 0.0022406 0.069742 0.023648 -0.030714 0.0060049 0.082754 0.013258 0.0032105 -0.00027095 0.0033552 0.0014016 0.0058786 -0.020465 0.048921 0.067434 0.076807 0.062045 0.49818 0.2268 -0.086305 0.017755 0.50906 0.088454 -0.0095778 0.0056391 0.026798 0.01283 -0.04233 0.00099774 0.044251 0.010548 0.18013 -0.072141 0.21498 0.18728 -0.013454 -0.0041365 0.49961 0.080668 -0.050359 0.0029608 0.065458 0.0073193 -0.0061855 0.00024989 0.0064996 0.0023624 0.021485 -0.011533 0.024794 0.037051 0.0056315 0.0059505 0.052672 0.021297 -0.0038317 0.0033081 0.0063239 0.0041816
0.0016155 0.00055072 0.0067252 0.0018662 0.0026813 -0.034004 0.033579 0.037056 -0.047301 0.029191 0.10043 0.044084 -0.00079987 0.002652 0.0028403 0.0038775 0.014663 -0.026192 0.021186 0.033271 -0.044725 -0.14322 0.20991 0.28592 0.077924 -0.085316 0.58298 0.24146 -0.012708 0.015297 0.034746 0.019511 0.00014837 5.7988e-05 0.0017325 0.002174 -0.090424 0.058182 0.12291 0.066847 0.16837 -0.015673 0.56677 0.18849 -3.9061e-05 0.0013186 0.0042845 0.0029513 -8.4137e-05 -0.0001186 0.00030496 0.00019941 0.0035086 0.00082371 0.013708 0.0046456 -0.002493 -0.0054748 0.0044136 0.006451 7.1505e-05 -5.2113e-05 0.00030323 0.00024629
0.00040539 -0.00012286 0.00049258 0.00031622 -0.027312 -0.0009198 0.064614 0.0075258 0.030884 -0.0043306 0.050086 0.0056797 -0.0047577 -0.0046189 0.0047754 0.0047704 -0.01294 0.0010845 0.014062 0.0090183 -0.12259 3.8704e-05 0.48015 0.075701 0.092172 -0.061747 0.41273 0.081189 -0.010531 -0.0047695 0.010531 0.0054056 -0.013439 -0.0031352 0.014251 0.013406 -0.027022 -0.080641 0.50735 0.1602 0.010804 0.051254 0.46512 0.17739 -0.00098152 -0.003631 0.0022569 0.0041789 -0.0007089 -0.00078559 0.00075734 0.0013317 0.028158 -0.015782 0.062156 0.025341 -0.029236 -0.0093002 0.044897 0.013697 2.153e-05 0.00047423 9.1127e-05 0.00084946
-0.0042997 0.00048344 0.010816 0.00084429 0.051258 -0.0042342 0.056908 0.0058254 -0.032538 0.0039801 0.093184 0.0076275 -0.00030085 -0.0030742 0.00039184 0.0033756 -0.018789 0.00055856 0.061541 0.0049159 0.24181 0.031826 0.37715 0.15208 -0.048551 0.091299 0.52264 0.11982 -0.034596 0.0034084 0.052068 0.009227 -0.035766 -0.0034629 0.077391 0.010911 0.32717 -0.076659 0.44649 0.12097 0.02099 -0.026898 0.30241 0.067792 -0.059429 0.036836 0.069658 0.052657 -0.004107 0.00026151 0.0098133 0.00067049 0.048724 -0.0098007 0.071811 0.018125 -0.00050898 -0.0046614 0.023086 0.010877 -0.0018809 -0.0048778 0.0057096 0.0068025
-0.00062962 -0.0017077 0.01442 0.0031927 -0.014039 -0.00019855 0.052735 0.012558 0.048813 -0.014244 0.081465 0.019173 -0.0022494 -0.00044998 0.0062926 0.0069563 0.036904 0.0035626 0.13079 0.014263 -0.16197 -0.04416 0.5104 0.083611 0.26674 -0.093662 0.31272 0.20204 -0.027509 -0.018632 0.04045 0.023982 0.056712 0.010833 0.14616 0.020415 -0.18778 0.0066329 0.56442 0.067002 0.16825 0.051045 0.17105 0.060676 -0.0012866 0.0025498 0.0064945 0.0038037 0.0048018 0.00072685 0.0081653 0.0065082 -0.010526 0.0026536 0.052725 0.009549 0.0086695 0.0003916 0.0094145 0.0077454 5.6599e-05 -0.00025714 0.0002248 0.0004172
-0.00059961 0.00047269 0.00074011 0.00093522 0.0058806 -0.015595 0.048729 0.032441 0.013757 -0.013506 0.10264 0.020148 0.0052257 0.0047052 0.0081222 0.0050165 -0.001328 -0.011159 0.003153 0.012483 -0.12962 -0.0024796 0.26516 0.13146 0.27737 -0.07974 0.62742 0.22392 0.019998 0.0040099 0.044727 0.0097355 -0.02735 -0.0068379 0.027467 0.019074 -0.094049 -0.033402 0.17585 0.11732 0.35822 0.064253 0.37855 0.094668 1.4827e-05 -0.0077464 0.053675 0.012397 -0.0045055 0.0056694 0.004573 0.0076584 0.007337 0.021726 0.032024 0.035183 0.028184 -0.0082591 0.044553 0.018601 -0.0028784 -0.00054424 0.0072945 0.0014127
-0.0010747 -0.0009729 0.0065945 0.0021787 0.012534 -0.02404 0.050344 0.038213 -0.054849 0.05375 0.089332 0.060135 -0.0016327 0.00059906 0.0055315 0.0021163 0.012467 -0.035478 0.024898 0.04183 -0.075752 -0.14974 0.212 0.30252 0.11151 -0.12875 0.58113 0.21862 -0.0067458 0.01552 0.022374 0.01825 0.00023831 0.002506 0.0021589 0.0045338 -0.11803 0.075392 0.12052 0.079295 0.18372 -0.019823 0.55045 0.12634 -1.1031e-05 0.00062797 0.0024198 0.0014733 7.1695e-05 2.5942e-05 0.00016837 0.00042095 -0.00053433 -5.1694e-05 0.0038777 0.0026928 0.0011924 0.0012627 0.0057796 0.0041645 2.1645e-05 -7.6426e-05 0.0001832 0.00022839
-0.0032001 -0.0017997 0.0032536 0.002595 -0.031983 -0.048382 0.065297 0.052864 0.037685 -0.01705 0.084446 0.037202 0.00033411 0.004182 0.0015843 0.0044537 0.023094 0.025309 0.043299 0.10133 0.10552 0.19363 0.50563 0.25006 0.18773 0.060421 0.42093 0.19505 -0.045715 0.0066993 0.052321 0.012968 7.8759e-05 -0.0049805 0.003278 0.024087 0.11206 -0.059007 0.31062 0.1685 -0.0061604 -0.05868 0.37666 0.19282 -0.034852 0.014659 0.068414 0.023084 -0.00070402 -0.002763 0.00070402 0.003036 -0.0095771 -0.015754 0.031679 0.031558 0.01562 -0.0057549 0.076266 0.022387 0.0080505 -0.0027665 0.014813 0.0055645
0.0068241 -0.0057341 0.012214 0.0057984 0.042536 -0.016267 0.082639 0.017348 -0.042313 0.013475 0.067208 0.016538 0.0014281 0.0032189 0.0032788 0.003912 0.045256 0.025036 0.069935 0.029177 0.23402 0.10025 0.48811 0.13101 -0.19258 -0.008166 0.38916 0.047994 0.0010868 0.0016735 0.0022305 0.0035552 0.022644 -0.0078481 0.034571 0.046911 0.14846 -0.062099 0.41888 0.1322 -0.13418 0.014964 0.45375 0.085358 0.0012558 -0.00067949 0.0016103 0.0093733 0.0030778 0.0019666 0.0051813 0.0069415 0.022556 -0.00075388 0.072115 0.0065009 -0.015299 0.0022863 0.058451 0.018959 -7.0757e-05 -0.0017592 0.00071179 0.0021301
-0.0035087 0.0076645 0.0055464 0.010285 0.0078042 0.029487 0.087053 0.036459 0.028687 0.0015836 0.075695 0.0098568 -0.00047777 0.00098205 0.00090844 0.0021592 -0.033032 -0.0093227 0.033285 0.019378 0.017975 -0.030464 0.36686 0.14811 0.099204 -0.044985 0.46104 0.21075 0.00061313 0.0016669 0.0019754 0.015386 -0.0061031 -0.0045087 0.015247 0.017909 -0.011768 0.043 0.34614 0.15913 0.14823 0.042023 0.60468 0.083755 -0.0021286 -0.0044964 0.0036825 0.0094888 0.0011548 0.002108 0.0033404 0.0080895 -0.00092786 -0.003608 0.05479 0.013775 0.022732 0.0055755 0.070151 0.02466 -0.0072697 0.00072234 0.010235 0.0030256
-0.0018164 -0.00098446 0.0018585 0.0012742 -0.031266 -0.029821 0.046186 0.037229 0.031199 -0.015314 0.085564 0.025229 -0.00051634 0.0038437 0.002345 0.0042111 0.012426 -0.030947 0.050826 0.058934 0.073773 0.03679 0.54736 0.19818 0.23871 0.044772 0.42842 0.22945 -0.058047 0.010024 0.062931 0.014585 0.0067794 0.041239 0.0087212 0.063846 0.13309 0.063795 0.32028 0.2239 -0.038402 -0.025534 0.34109 0.14288 -0.0021178 0.0063262 0.072873 0.020281 -0.00024374 -0.00075604 0.00058956 0.0022989 -0.0056841 -0.0085534 0.023566 0.016878 0.0040536 0.0020913 0.055039 0.018471 0.0095916 -0.0022999 0.01533 0.0040818
0.00045999 0.00021061 0.011724 0.00058724 0.020651 -0.00080399 0.043417 0.0025826 -0.0082805 -0.0028064 0.035729 0.0055427 0.001704 -0.00035685 0.0017562 0.00045156 -0.022111 0.001049 0.049927 0.0064001 0.071771 0.0082969 0.33256 0.096395 0.063142 0.013552 0.57656 0.053808 0.0011101 -0.0059084 0.01023 0.0076538 -0.038738 -0.0059577 0.046584 0.0075426 0.16429 -0.020536 0.47218 0.048138 0.010729 0.0029311 0.51076 0.056674 -0.017769 -0.00032311 0.022298 0.007284 -0.0034648 -0.0014237 0.0064294 0.0017486 0.032623 -0.0053317 0.053488 0.0090911 0.00086426 0.0017782 0.050041 0.014411 -0.00142 0.00060426 0.0020674 0.00060426
-0.0071707 -0.00078559 0.02343 0.0057729 -0.01503 0.0066391 0.05433 0.014713 0.0053826 0.012703 0.049385 0.021632 0.0018686 0.00062655 0.0047943 0.0011692 0.0070807 -0.035931 0.052202 0.038002 -0.041306 -0.052744 0.52614 0.094697 0.12279 0.050556 0.34698 0.088228 0.030988 -0.0032274 0.061595 0.0093424 -0.016165 0.010583 0.025858 0.016742 0.046475 -0.067364 0.60729 0.19939 0.17121 0.057666 0.28756 0.078623 0.006839 -0.007152 0.056514 0.017807 -0.0061983 0.00083164 0.0064077 0.004575 0.036801 0.0015016 0.042575 0.013665 0.018308 -0.0023992 0.027536 0.0037018 -0.0059767 0.0001307 0.0066762 0.0010549
-0.00047961 -0.0013343 0.00095537 0.001696 0.059432 -0.0082904 0.060532 0.01078 0.00049274 0 0.00049274 0 0 0 0 0 -0.00029485 0.031753 0.0075124 0.044605 0.47548 0.10245 0.48524 0.23645 0.0075827 -0.0011055 0.0075827 0.003236 0 0 0 0 -0.00013896 -0.010985 0.0060704 0.071771 0.38352 -0.048974 0.39215 0.38143 0.011495 0.00043893 0.011495 0.0034227 0 0 0 0 -0.0016726 -0.0027602 0.0025266 0.0035516 0.054509 -0.019275 0.056696 0.023503 0.0019219 -0.0002946 0.0019219 0.00047192 0 0 0 0
0.00064903 -0.00011363 0.0013359 0.00025866 0.026594 0.0019833 0.055218 0.0042875 -0.025223 -0.00057797 0.045981 0.0038233 6.6808e-06 0.00010235 9.215e-05 0.00021695 0.006502 -0.0019479 0.025234 0.0078817 0.18172 0.021117 0.39666 0.070126 -0.21065 -0.051524 0.42601 0.057048 -0.0037839 -0.018976 0.011391 0.019224 -0.0017745 -0.02876 0.077448 0.032235 0.27378 -0.059909 0.41923 0.078975 -0.23182 0.042685 0.47398 0.072117 -0.0070456 0.014408 0.016302 0.016481 0.00092598 0.0028301 0.010766 0.0034309 0.039627 0.010163 0.059746 0.017892 -0.023816 -0.0054095 0.058158 0.0064113 7.7688e-05 -5.2402e-05 0.00013878 0.00023307
-0.0007597 -0.0012063 0.0011906 0.0014694 -0.029029 -0.0026072 0.086598 0.0054743 0.045854 -0.0025852 0.075671 0.0072989 -0.0050274 -3.8182e-05 0.011764 0.0012838 0.030042 -0.0045634 0.032974 0.010639 -0.14782 -0.12635 0.36521 0.1465 0.33609 -0.021117 0.49572 0.056884 -0.027704 -0.0030015 0.083382 0.022052 0.0078166 0.0040091 0.045853 0.012097 -0.085192 0.070273 0.37226 0.16094 0.3194 0.0025679 0.3444 0.049562 -0.019925 0.0044643 0.076412 0.013522 0.0050608 0.00066599 0.0056059 0.0014185 -0.0233 0.0040907 0.07501 0.016845 0.033723 0.0049209 0.042836 0.0086679 -0.00038653 -0.00050269 0.007601 0.00093371
0.00019882 -0.00022993 0.0004798 0.00032727 -0.00060623 0.0001847 0.0023114 0.0020781 -0.0087875 0.0032013 0.038391 0.017453 0.0098254 0.0058898 0.018345 0.0077757 -0.0012049 0.001942 0.0072873 0.019792 -0.11087 -0.12765 0.1409 0.22348 0.27469 -0.029382 0.51915 0.20321 -0.049482 -0.032901 0.13959 0.047064 0.00080786 0.00087517 0.0024815 0.0018747 -0.2749 0.00035665 0.27543 0.066357 0.33149 -0.091696 0.40424 0.15582 0.0043313 0.0090719 0.11727 0.033959 -0.00020965 -0.00032063 0.00042944 0.00055366 -0.034256 0.0023162 0.034349 0.016979 0.041843 0.0072625 0.064846 0.023871 -0.01187 -0.0036544 0.012936 0.0042836
-0.0037928 0.0019485 0.012028 0.0025575 0.032881 0.0044396 0.047539 0.0090408 -0.013999 -0.0048067 0.048352 0.0077673 3.0853e-05 0.00027496 0.00022082 0.00098729 0.0023165 -0.0027889 0.048065 0.0078441 0.061129 0.065762 0.52184 0.08834 -0.045475 -0.018512 0.52957 0.036074 -0.00025046 -0.0036492 0.0013416 0.0046277 -0.024493 -0.004773 0.03869 0.0096035 0.15071 -0.083538 0.37475 0.15593 -0.1105 -0.0039837 0.44038 0.090456 0.0010429 0.0013252 0.0019514 0.017905 -0.0048325 0.00051433 0.0098031 0.00095725 0.045697 0.0097964 0.045747 0.0099211 -0.033854 -0.0022088 0.044791 0.006086 4.2098e-05 -0.00020597 0.000186 0.00044615
0.00068931 -0.0013173 0.0057736 0.0029995 -0.0024857 0.003837 0.058406 0.051573 0.0085919 0.0070157 0.064402 0.014459 -0.0039205 -0.00064126 0.005892 0.0014563 -0.042089 -0.011195 0.04387 0.012932 0.18887 0.082283 0.24185 0.17953 -0.0086381 -0.0040431 0.54402 0.075628 -0.052401 -0.0046094 0.065755 0.0096112 -0.027648 0.041836 0.028838 0.057074 0.14677 0.16905 0.22861 0.36849 -0.083497 0.049383 0.50839 0.12693 -0.018958 -0.0045835 0.044211 0.011626 -1.9257e-05 8.6075e-05 1.9257e-05 8.6075e-05 -0.002897 0.011194 0.0036917 0.011194 -0.01369 0.072706 0.017627 0.072706 -0.0025429 0.018049 0.0028264 0.018049
-0.0026563 0.00058996 0.0030432 0.0029524 0.027554 -0.0057976 0.046901 0.0090243 0.017018 -0.020313 0.096131 0.036362 -0.0055178 -0.0016263 0.006445 0.0024518 -0.017781 0.0034642 0.01799 0.0063135 0.061035 -0.017108 0.21323 0.078481 0.14504 -0.086484 0.52213 0.15365 -0.0047586 -0.0029328 0.015947 0.0066042 -0.0012438 -0.00037461 0.0022091 0.0023237 -0.12237 0.027598 0.14861 0.09028 0.23354 0.0053953 0.67995 0.19064 0.0026065 0.0075142 0.022301 0.012837 0.00032969 -0.0020155 0.00093109 0.0029498 -0.018088 -0.0018466 0.020937 0.011323 0.030364 -0.013609 0.040646 0.02206 0.0032007 0.0016049 0.0044905 0.0021428
-7.6684e-05 -0.0029782 0.0032673 0.0062296 -0.024508 -0.012123 0.052607 0.020796 0.037465 -0.0023324 0.074118 0.003182 -0.00089744 -0.00056322 0.006175 0.0013494 -0.0019049 0.018798 0.013178 0.030374 -0.15211 0.04522 0.40179 0.064983 0.26084 -0.019263 0.47205 0.032961 -0.00010655 -0.00054277 0.045315 0.0064314 0.0092554 -0.013178 0.014023 0.027277 -0.18193 -0.029807 0.42616 0.056808 0.26485 0.016915 0.4451 0.049999 -0.0037756 -0.0016674 0.044868 0.0056408 0.0052066 -0.00091802 0.0052066 0.0010136 -0.031567 0.003693 0.04975 0.0066698 0.038672 0.00013087 0.063526 0.003599 -0.00030701 9.9714e-05 0.008011 0.00046918
0.013003 -0.003409 0.013833 0.0046861 -0.018104 0.00043685 0.028613 0.012596 -0.001321 0.0026336 0.053575 0.0052225 -0.004401 0.0014308 0.005995 0.0019531 0.02932 -0.0056465 0.035984 0.0067135 -0.088818 -0.059321 0.35839 0.066432 -0.030966 -0.081279 0.59045 0.13893 0.012672 -0.013738 0.030255 0.014657 0.0061551 0.011407 0.011253 0.023907 -0.06563 -0.045255 0.48526 0.087702 0.1311 0.10785 0.40394 0.12468 -0.033406 0.021692 0.043354 0.023413 0.00018867 -0.00024685 0.00028031 0.00049832 -5.9547e-05 -0.011471 0.078949 0.014656 0.026162 0.0017342 0.049683 0.0056942 -0.0083379 -0.0001235 0.0089232 0.0012422
-0.0093616 0.0011037 0.010337 0.0021215 0.010859 -0.012798 0.095858 0.027238 -0.020223 0.0012817 0.05099 0.0099521 -0.0047525 0.0060004 0.0061577 0.0078923 -0.080594 0.019947 0.098023 0.023586 0.2114 0.086403 0.53966 0.12688 -0.056856 0.3133 0.29316 0.32781 0.0096987 0.017584 0.012469 0.024904 -0.015532 0.0012578 0.05363 0.017298 0.13589 -0.0094352 0.49508 0.094199 0.012019 -0.0054629 0.17471 0.064864 0.0019716 0.00037264 0.002055 0.0027493 -0.004151 0.0010424 0.010151 0.0017439 0.011338 3.5548e-05 0.044489 0.0094944 0.011184 -0.0014972 0.021203 0.0062807 0.00053677 -0.00015008 0.00061009 0.00038173
-0.00085937 0.0025233 0.0012997 0.0040559 0.072113 0.032438 0.07314 0.048945 0.00051138 0 0.00051138 0 0 0 0 0 0.00030707 0.031765 0.0048504 0.089381 0.3986 0.059152 0.42123 0.49951 0.012327 0.00017686 0.012327 0.0044215 0 0 0 0 -0.0088434 -0.029304 0.015082 0.032904 0.38335 -0.11973 0.42238 0.17698 0.0094841 -1.4662e-05 0.0094841 0.0040873 0 0 0 0 -0.0013357 -0.0023672 0.0025243 0.0031394 0.080395 -0.015433 0.082735 0.016385 0.00066617 -4.4979e-05 0.00066617 9.6156e-05 0 0 0 0
-2.8243e-05 -0.00012969 0.00021088 0.00014745 -0.014363 0.00016575 0.017937 0.0083886 0.042625 0.0021629 0.072723 0.015878 0.0027726 -0.0006353 0.019354 0.0020487 -7.7734e-05 0.00033152 0.0022329 0.0010344 -0.015669 -0.025492 0.14903 0.19706 0.19752 -0.013193 0.52823 0.20325 0.021785 3.2312e-05 0.13284 0.020955 0.0002257 -0.0041977 0.0024724 0.01953 -0.10166 -0.028606 0.13058 0.14696 0.30979 -0.007075 0.58675 0.16574 0.010526 0.0016068 0.15012 0.018279 -0.00018015 0.00065706 0.00035765 0.0010834 -0.0071102 -0.0075325 0.020658 0.013124 0.035821 0.0026919 0.085783 0.028864 0.0019537 -0.0017475 0.021255 0.0042462
-0.0062394 -0.0011623 0.0069847 0.0014638 0.040065 -0.0026392 0.057062 0.0044013 -0.052683 0.0026693 0.054195 0.0081254 0.0021504 -0.0018882 0.0029558 0.002046 -0.021869 -0.010269 0.026866 0.015983 0.23254 0.005689 0.34026 0.056532 -0.22452 0.093216 0.38816 0.11855 -0.0209 0.0093538 0.024424 0.011452 0.016577 -0.0038904 0.055576 0.0095717 0.28604 0.0078893 0.39575 0.058187 -0.15082 0.043259 0.52482 0.16884 -0.037613 0.010296 0.046708 0.012536 0.0026156 -0.00023353 0.011052 0.00089829 0.035717 -0.0035024 0.063877 0.0072622 -0.0075181 0.0017255 0.077158 0.0094992 -0.0056421 0.0005843 0.0069005 0.0012053
-0.00011251 0.0053175 0.0071555 0.024024 -0.020893 -0.13115 0.051335 0.23821 -0.0025677 -0.073558 0.025842 0.15247 -0.00070903 -0.0045655 0.0018825 0.0096207 -0.0026464 -0.018195 0.013915 0.029516 -0.34831 0.066338 0.36504 0.22979 0.38316 -0.024227 0.39158 0.20962 0.00069264 0.00034631 0.0026592 0.0031642 0.0019513 -0.00054027 0.0079377 0.0022358 -0.13327 0.15052 0.15104 0.22459 0.127 0.13592 0.20564 0.209 -0.00076215 -0.00016252 0.0025814 0.0019728 0.001359 -0.0012319 0.00458 0.0013012 -1.074e-05 -0.00023078 0.0048235 0.002318 -0.0013557 -0.00011038 0.024665 0.0022182 -6.2421e-05 -2.7632e-05 0.0010466 0.00015983
0.0001369 -0.00031766 0.00027803 0.00069357 0.042833 0.0028678 0.052401 0.0077177 -0.032081 -0.0030354 0.064185 0.0055581 -0.0031293 -0.00094024 0.0050456 0.0010151 0.0012172 -0.00049777 0.002752 0.0027011 0.28544 -0.0038133 0.35137 0.062738 -0.19253 0.034602 0.48111 0.085789 -0.051449 0.002022 0.058177 0.0059774 0.0089142 -0.011709 0.022489 0.012087 0.30875 0.0012306 0.35084 0.055082 -0.16136 -0.03963 0.46275 0.10568 -0.076497 0.0028561 0.082579 0.013588 0.0013531 -0.00098237 0.0027018 0.0014218 0.045444 0.00061901 0.046953 0.0062743 -0.017833 -0.0036049 0.06823 0.019188 -0.011269 -0.00076672 0.01261 0.0012379
-0.0040916 -0.00060067 0.0050296 0.001124 0.0051756 -0.0014867 0.0096011 0.002373 0.012271 -0.00036127 0.08935 0.0053603 0.0016701 0.00022204 0.0017352 0.00061717 -0.018615 -0.00099805 0.043862 0.0056519 0.082203 0.035372 0.41596 0.08622 0.042135 -0.006636 0.54639 0.053908 -0.0028013 -0.0080562 0.0099726 0.0082484 -0.0018836 -0.010242 0.048487 0.012904 0.12189 -0.03937 0.45652 0.045226 0.0073458 0.016869 0.50412 0.045151 -0.0088675 0.0031551 0.013441 0.0062996 -0.00025562 -0.00096646 0.0081939 0.0021906 0.023281 -0.0068419 0.048001 0.012111 0.0057224 -0.003566 0.087518 0.015921 0.00036094 0.00090589 0.001848 0.0010002
0.0015222 0.00020986 0.007091 0.0013381 -0.036724 0.0021515 0.037983 0.0028642 0.032731 -0.0016226 0.083729 0.0043627 -0.0011666 -0.0001366 0.0022241 0.00067362 -0.0016421 0.0016265 0.065023 0.0064171 -0.22239 -0.006174 0.25089 0.035911 0.23582 -0.019193 0.6099 0.14447 -0.008142 -0.013322 0.010446 0.043207 -0.0016023 -0.00056284 0.050497 0.0033435 -0.20873 -0.0071556 0.23755 0.028314 0.16205 0.013039 0.52462 0.071883 0.0042977 0.001659 0.019515 0.02779 -0.00042105 0.00030104 0.0081615 0.00045061 -0.021955 0.0065122 0.040418 0.0071787 0.017802 0.011745 0.071249 0.026843 0.0003826 0.0017251 0.0025658 0.0049785
0.00022667 0.004912 0.00066247 0.009732 0.036549 0.045483 0.048787 0.078468 0.022427 0.0039373 0.022427 0.0054692 0 0 0 0 -0.01112 -0.025706 0.024355 0.03315 0.40377 -0.063989 0.41274 0.13868 0.026349 0.0082483 0.026349 0.010466 0 0 0 0 -0.0074933 -0.0085867 0.010297 0.013488 0.53461 0.012022 0.55949 0.129 0.0040371 0.00048674 0.0040371 0.00048674 0 0 0 0 -0.0028637 0.0039925 0.003222 0.0041075 0.068878 0.012275 0.070136 0.014013 0.0003163 7.0764e-05 0.0003163 7.0764e-05 0 0 0 0
-0.00011177 0.00017229 0.00018535 0.00030832 0.01734 -0.01294 0.044024 0.016645 -0.0078865 0.033571 0.055512 0.037771 -0.003441 0.005298 0.0038297 0.0066796 -0.0022092 -0.00038732 0.0028065 0.0024715 -0.068163 0.01652 0.21089 0.16972 0.38083 -0.048266 0.59283 0.24481 -0.086078 -0.016469 0.11214 0.02609 0.0016106 -0.0010091 0.0018616 0.0029416 -0.04152 0.10085 0.0483 0.11942 0.15468 0.024981 0.48798 0.17276 -0.0080523 -0.0031795 0.057069 0.02376 -0.00036539 0.0006047 0.00043271 0.0010664 0.00043753 -0.0038774 0.0042403 0.012798 0.0046551 -0.0031656 0.085755 0.031302 0.0049083 0.0011736 0.010256 0.0031568
0.0031077 0.0057657 0.0031429 0.0057657 -0.0054486 -0.012151 0.022589 0.03208 0.011653 -0.012228 0.024996 0.027352 -0.010225 -0.0095074 0.010428 0.010225 0.0028853 -0.0080091 0.019488 0.015978 -0.080959 -0.17166 0.17811 0.29534 0.079947 -0.015908 0.40446 0.14368 -0.060407 -0.015552 0.075989 0.033882 1.2153e-05 -0.040106 0.023405 0.059869 0.10681 -0.021009 0.36559 0.32917 -0.025953 -0.04589 0.56071 0.21474 -0.023215 -0.002486 0.028335 0.017334 -0.00021862 -0.0025293 0.0017262 0.0027746 0.039594 -0.0084044 0.040922 0.045531 -0.035265 -0.012429 0.078209 0.035556 0.00069117 0.0042566 0.002736 0.0044781
0.0056819 -0.00092171 0.0064645 0.0042836 0.020613 0.0073109 0.05894 0.015384 -0.024571 8.7336e-05 0.052363 0.0048303 0.00036885 6.8351e-05 0.00047845 0.00043033 0.04574 -0.003825 0.047948 0.017289 0.20834 -0.0065599 0.49091 0.1021 -0.20737 0.038798 0.3032 0.093981 0.00074256 0.00026766 0.001881 0.011647 0.048108 0.0027522 0.070529 0.022616 0.19879 -0.0081471 0.56872 0.092067 -0.19351 0.022755 0.32146 0.12756 -0.00082175 -0.011571 0.0096968 0.014429 0.0061914 -0.00035743 0.013022 0.0021129 0.026789 -0.01458 0.072942 0.021484 -0.015063 0.0058381 0.047542 0.022837 -0.0026361 0.00065486 0.0044762 0.0070597
0.00048824 -0.0015858 0.0027463 0.0038107 0.0041832 -0.011951 0.032769 0.031417 0.013832 -0.015678 0.070068 0.022174 3.0772e-05 -0.00021203 0.000239 0.00056281 -0.021541 -0.022169 0.036524 0.033479 -0.050603 -0.18232 0.30868 0.23478 0.3083 0.005946 0.41574 0.12671 0.00046981 -0.00065701 0.0023805 0.003664 -0.080632 0.096102 0.09808 0.11315 -0.081976 0.24855 0.2821 0.25611 0.26796 0.0016957 0.41876 0.042838 0.00025825 -0.00020691 0.0024895 0.0030427 0.00896 -0.013669 0.01205 0.017832 -0.059511 0.034929 0.074332 0.04639 0.016519 0.017695 0.057015 0.021097 -4.5249e-05 0.00030864 0.00023308 0.00045013
-0.0034568 0.0011764 0.011824 0.0023272 0.035373 -0.0072796 0.055306 0.009429 -0.002909 0.00072559 0.065008 0.009659 -0.0065722 0.0009003 0.0067587 0.0014688 -0.01754 -0.0011112 0.086096 0.019682 0.19991 0.014255 0.40088 0.055752 0.0048804 0.0089179 0.52537 0.053668 -0.042349 -0.0064158 0.044168 0.010421 -0.01179 0.0038289 0.063557 0.0065287 0.23137 -0.0027078 0.44024 0.015438 -0.029873 0.007843 0.47254 0.058638 -0.054492 0.00017326 0.057279 0.0022517 -0.0020257 -0.00045309 0.0065361 0.0012757 0.030684 -0.00098107 0.06654 0.013232 -0.0033959 -0.003057 0.066842 0.0060761 -0.0067037 0.00061923 0.0076244 0.00086965
-6.421e-05 -0.0003433 0.0002599 0.00073457 -0.0035209 -0.0043948 0.012513 0.0062272 0.039566 -0.00040258 0.067093 0.005545 -0.0098024 -0.0004689 0.010035 0.00085878 0.00046804 -0.014685 0.0026897 0.01741 -0.074702 -0.044563 0.095126 0.072993 0.27379 -0.076148 0.48364 0.15242 -0.053241 -0.0046111 0.054071 0.015715 0.00079757 0.013762 0.0034958 0.019558 -0.066549 0.034554 0.084181 0.16579 0.319 0.064872 0.66051 0.10983 -0.071571 0.016451 0.11096 0.032288 3.3057e-05 0.00011269 0.00027217 0.00022544 -0.01316 -0.00068243 0.01442 0.0035724 0.050979 0.00070228 0.098604 0.010573 -0.013239 0.00042789 0.015513 0.0019715
-0.0083354 -0.00035051 0.0083354 0.0018551 0.02112 0.0020596 0.029071 0.012011 0.011189 0.00047773 0.083302 0.0078055 -0.0070641 0.00069843 0.0070641 0.00084378 -0.071284 0.013532 0.071574 0.015693 0.17092 0.018014 0.26836 0.080093 0.080307 0.01736 0.59368 0.060505 -0.043696 0.00087928 0.043696 0.00326 -0.053015 0.0037167 0.05767 0.011123 0.0745 0.018477 0.31185 0.20624 0.11364 -0.010341 0.56951 0.066618 -0.042845 -0.00083899 0.044019 0.0077531 -0.0062337 -0.00079218 0.0073993 0.0026807 0.014887 0.0058048 0.048971 0.010172 0.0014611 -0.0011881 0.07302 0.0030294 -0.0066284 0.00031205 0.0069911 0.00098613
-0.003008 -0.0051875 0.0039981 0.0060014 0.031825 -0.025008 0.045185 0.0291 -0.058891 0.01531 0.059027 0.015382 -0.00073412 -0.0004792 0.0026972 0.0019565 0.00859 -0.027222 0.056241 0.056979 0.24633 0.00055235 0.42537 0.349 -0.29082 0.048222 0.39597 0.11351 0.0094444 0.011963 0.015224 0.013297 -0.0066154 0.010946 0.013122 0.024131 0.18232 -0.10718 0.21572 0.23823 -0.0943 -0.031395 0.41501 0.14146 -0.0050814 -0.0014586 0.0094372 0.0045483 -0.0011647 -0.00027251 0.0014913 0.00096436 0.042502 0.02227 0.052321 0.030784 -0.031815 -0.019035 0.031934 0.021743 -0.001996 0.0018921 0.0030637 0.002357
0.00011271 -4.219e-05 0.00014137 0.00022755 -0.00083777 4.4962e-05 0.0036941 0.001067 0.00083746 -9.3524e-05 0.0030677 0.0019236 0.003882 0.0044265 0.011798 0.0066395 0.0012357 0.00067453 0.0028115 0.0032767 -0.12769 -0.14219 0.13758 0.15324 0.32461 -0.024676 0.33042 0.16614 -0.096535 -0.022105 0.13879 0.045602 -0.0012998 -0.0012501 0.0036043 0.0056926 -0.065335 -0.068578 0.42924 0.16312 0.35859 -0.083228 0.48879 0.14559 -0.074372 0.047576 0.081646 0.079596 -0.0056529 -0.0023916 0.0057387 0.0025242 -0.0019035 -0.013817 0.033928 0.0489 0.021533 -0.030556 0.056915 0.038259 0.011139 -0.0024083 0.020858 0.010748
-0.00012176 -0.00026048 0.00043576 0.00043957 -0.012817 -0.020452 0.028191 0.032366 0.033596 0.014564 0.037452 0.023118 -0.0077877 -0.0052011 0.01016 0.0092331 -0.0064283 -0.0055879 0.029717 0.035551 0.0040466 -0.018767 0.17812 0.18929 0.29561 -0.030526 0.52044 0.12937 -0.045977 0.013438 0.0618 0.036326 -0.012523 0.0074164 0.021688 0.022958 -0.061345 0.065727 0.13547 0.19473 0.36222 0.013743 0.55416 0.13111 -0.024234 0.017098 0.044358 0.028741 -0.00081248 0.00082607 0.0010775 0.0011835 -0.0087802 0.0035404 0.026351 0.026601 0.057511 0.048605 0.071643 0.057197 -0.00027862 0.001272 0.0043254 0.0041568
-0.0079325 -0.00092036 0.0088725 0.0022056 0.033251 -0.00056298 0.062121 0.011484 -0.024513 0.017647 0.062281 0.018394 -3.126e-05 0.00014401 0.00019055 0.00066214 -0.047662 0.015552 0.050006 0.017186 0.16971 -0.0065996 0.3638 0.082645 -0.1002 0.028603 0.6421 0.14326 0.00013314 -0.0092009 0.0015468 0.010872 -0.051513 0.0032766 0.056744 0.0045013 0.23597 -0.01381 0.28072 0.021713 -0.14985 0.053554 0.43646 0.075073 0.0002723 0.0098735 0.0010343 0.01143 -0.0046593 0.0005541 0.0053899 0.00083221 0.039736 -0.0019008 0.063815 0.0080354 -0.028743 0.0012224 0.055229 0.0047528 -5.2038e-06 0.00014765 0.00013502 0.00027659
-0.0005675 -0.00014507 0.00064017 0.00025836 -0.044978 0.020141 0.0471 0.024019 0.058681 -0.040943 0.083659 0.04824 0.0016131 0.00070452 0.0048172 0.001133 -0.017852 0.00076981 0.018159 0.020532 -0.20715 -0.11399 0.31682 0.17497 0.33489 -0.025921 0.41732 0.11871 0.0091728 -0.0067077 0.031721 0.011748 -0.035117 -0.0096569 0.035471 0.038707 -0.042506 0.049706 0.31755 0.29337 0.16482 0.096424 0.31861 0.27196 0.03867 -0.0062604 0.069305 0.013024 -0.00028042 0.019097 0.00067409 0.019097 -0.0050573 0.14777 0.032488 0.14877 0.0060991 0.11717 0.036037 0.12302 0.0038368 0.011049 0.00677 0.0113
-0.0056893 -1.8166e-05 0.0082106 0.0014413 0.026993 -0.0046454 0.074272 0.010037 0.0034982 -0.0042467 0.011633 0.0059937 0.00036509 -7.6335e-05 0.00044768 0.00032349 -0.035869 0.0079864 0.043551 0.014608 0.20361 0.0095122 0.61584 0.060585 -0.0016872 0.055164 0.17103 0.10833 0.0024658 -0.00047481 0.0026591 0.0018007 -0.01711 0.0022608 0.024169 0.0037628 0.22897 -0.036176 0.66315 0.067205 -0.035249 0.011828 0.11647 0.021177 0.0048495 0.0010352 0.0055969 0.0020312 -0.0016132 -0.00040203 0.0029905 0.0008393 0.036691 -0.0024697 0.072438 0.0059116 -0.0068396 -0.0010131 0.016292 0.0019342 0.0006623 -0.00019903 0.00071424 0.00025087
-0.011148 -0.00045386 0.015745 0.0012865 0.045897 0.0047621 0.046605 0.0067169 -0.0060046 0.00079088 0.061752 0.0048669 -0.008212 -0.0017343 0.0089312 0.0020836 -0.080454 0.0022461 0.095075 0.0034136 0.33 0.0062795 0.33864 0.022729 -0.051492 0.010234 0.45194 0.057353 -0.068465 0.0015022 0.071489 0.0033816 -0.050966 0.010569 0.061002 0.029929 0.26575 -0.0089779 0.37485 0.064979 -0.031461 -0.0074571 0.53515 0.02053 -0.061846 0.0031222 0.071998 0.0054835 -0.0059435 0.0037371 0.0073423 0.0070384 0.024033 0.0022492 0.061432 0.0078881 -0.0028073 -0.0033593 0.083893 0.0054277 -0.0084404 0.00042893 0.0094618 0.00061306
-0.00025143 0.002158 0.00079403 0.0097348 0.056343 -0.00078531 0.058692 0.047194 0.0041527 0.00082015 0.0041527 0.0024082 0 0 0 0 0.00044951 -0.023614 0.0047826 0.059015 0.38141 -0.01911 0.41312 0.27232 0.014678 0.0020094 0.014678 0.006422 0 0 0 0 0.0018902 -0.0058581 0.012862 0.042576 0.51526 -0.029995 0.54266 0.12818 0.0085792 0.00010363 0.0085792 0.0035402 0 0 0 0 0.00063452 -9.3764e-05 0.0020185 0.0032428 0.078104 0.0092692 0.099118 0.017299 0.00027493 0.00027493 0.00027493 0.00027493 0 0 0 0
-0.0029246 0.00052614 0.0052159 0.0018024 0.051258 -0.004899 0.063825 0.018765 -0.025121 0.026023 0.092517 0.033879 0.0044895 0.00033002 0.010162 0.0028953 -0.0229 0.015138 0.025647 0.031759 0.20061 0.0882 0.22728 0.29728 -0.069212 0.012586 0.56913 0.090065 0.019517 0.0028618 0.076997 0.040762 -0.021169 0.0006151 0.028631 0.018343 0.1728 -0.090319 0.26231 0.34248 -0.034607 0.0027819 0.43517 0.098696 -0.031028 -0.015192 0.071042 0.032975 -0.0037661 -0.0010519 0.0043465 0.0024612 -0.00023777 -0.019919 0.018888 0.070119 0.019645 -0.014019 0.071687 0.036858 0.0020643 0.0011055 0.011867 0.0028271
-0.0027403 -0.0006023 0.0028153 0.00088477 0.027043 0.013484 0.043808 0.044893 -0.032071 0.0081544 0.070902 0.015454 -0.0067186 -0.00086446 0.017682 0.0015105 -0.022188 0.0045659 0.022467 0.0059057 0.28402 -0.0083192 0.33308 0.2069 -0.23365 0.021481 0.52015 0.13944 -0.0045317 0.0024515 0.02342 0.029494 0.0024534 -0.0009208 0.0028939 0.0094876 0.054707 -0.013646 0.066211 0.056648 -0.047903 -0.010074 0.60368 0.11982 -0.01276 0.0060851 0.039482 0.014288 -0.0011962 -0.00049417 0.0013191 0.00082281 0.015423 -0.010858 0.017093 0.013395 -0.022787 -0.011734 0.10087 0.021337 -0.0012233 -0.0060912 0.009457 0.01048
0.00025673 -0.00021051 0.0013891 0.0013321 0.074337 -0.055561 0.075902 0.06264 -0.011758 0.024236 0.063846 0.059283 0.0013716 -0.0010381 0.014413 0.015089 -0.0026876 0.059614 0.030756 0.067214 0.27329 0.011798 0.3077 0.27987 0.11111 -0.089162 0.33376 0.52459 -0.012621 0.0093808 0.061837 0.052995 -0.04558 0.018193 0.049967 0.03517 -0.029434 0.061339 0.12684 0.12286 0.11106 -0.21082 0.32708 0.28477 0.057266 -0.0083361 0.069462 0.052373 -0.00017399 -0.00050287 0.0021174 0.002618 -0.034346 0.0081475 0.037825 0.027769 0.0083864 0.0059668 0.017875 0.020081 0.0026952 -0.0089666 0.0098292 0.010759
-0.00010154 -0.00087429 0.00082775 0.0012447 -0.01156 -0.0063492 0.012262 0.0087713 -0.015704 -0.0032726 0.041338 0.0051602 0.0079148 -0.00056079 0.014131 0.00089376 -0.0052116 -0.027907 0.0064873 0.03046 0.33606 -0.065753 0.35466 0.1943 -0.20631 -0.094843 0.27353 0.14105 0.029361 0.0024559 0.090474 0.021408 -0.0024138 -0.00030478 0.0030483 0.0013388 0.35548 -0.013407 0.3656 0.028294 -0.32264 -0.043968 0.40013 0.092953 0.029012 -0.010844 0.09141 0.037389 -0.00020551 0.0001005 0.00050189 0.00029369 0.052233 0.0032101 0.054659 0.0099127 -0.045914 0.0052234 0.062913 0.019585 0.0037815 -0.00087253 0.010301 0.0065579
-0.0004393 0.0014133 0.00078276 0.0016107 0.046826 -0.00057141 0.060287 0.0071758 -0.036565 -0.0018518 0.054336 0.013872 -0.0019527 0.00062523 0.0083254 0.00072661 -0.00010498 -0.00018803 0.002087 0.0020517 0.2967 0.010501 0.38092 0.030532 -0.26386 -0.019538 0.53201 0.072796 -0.0067711 -0.00061238 0.032681 0.0041982 0.00068366 0.00027017 0.0017778 0.0026719 0.26052 -0.0081696 0.3561 0.044377 -0.23329 0.022636 0.33856 0.14496 -0.0046754 -0.0027123 0.037416 0.0071237 0.00011313 -8.9386e-06 0.00024069 0.00013183 0.036194 0.0043738 0.052874 0.013365 -0.033234 0.00013743 0.039221 0.01232 -0.00068561 0.00029998 0.0057351 0.00050811
-0.0022 -0.0026384 0.005494 0.0036314 0.034418 -0.0029275 0.038033 0.0097352 -0.005591 0.00071903 0.081011 0.0050059 -0.0061762 0.00033139 0.0062022 0.00063568 -0.039541 0.0090547 0.039876 0.010174 0.28637 0.031838 0.35741 0.05348 -0.051428 0.022212 0.54739 0.08699 -0.046208 0.00044568 0.046208 0.003707 -0.05943 0.013209 0.05943 0.015089 0.29151 -0.042808 0.3222 0.17229 -0.041367 -0.0081261 0.46414 0.039212 -0.045888 0.0029854 0.046081 0.0075087 -0.0078237 0.00070988 0.0081992 0.0018247 0.027049 0.0048247 0.039469 0.0084966 -0.0055366 -0.00018666 0.073993 0.0033612 -0.0063711 0.00033504 0.0068742 0.00063676
-0.012352 0.00089108 0.012352 0.0011298 0.045378 -0.012784 0.049925 0.01907 -0.0099531 0.006867 0.044998 0.012605 -0.0049751 0.00049868 0.0052425 0.00072758 -0.085831 -0.0007041 0.085921 0.0031157 0.33675 0.00092029 0.36993 0.011992 -0.074909 -0.02945 0.39344 0.044535 -0.02988 0.0064888 0.033065 0.010918 -0.085075 0.0013804 0.085414 0.0040126 0.30377 0.003121 0.34535 0.013809 -0.11349 -0.043177 0.54825 0.067779 -0.002315 -0.0035805 0.017785 0.012377 -0.010639 -0.0017346 0.010678 0.0031545 0.049188 0.0031322 0.055075 0.0096542 -0.018302 0.011737 0.086962 0.032692 -0.0019204 0.0036734 0.0023868 0.0074177
0.00040905 0.00016282 0.0011268 0.00055437 0.078035 -0.014279 0.079464 0.015877 0.0003339 -7.4702e-05 0.0003339 7.4702e-05 0 0 0 0 0.0011391 0.032194 0.0039179 0.040382 0.50871 0.1762 0.52034 0.25188 0.0087183 -0.0014522 0.0087183 0.0028901 0 0 0 0 -0.0015038 0.0029226 0.0050146 0.06566 0.34087 -0.11264 0.36552 0.29302 0.013402 -0.00053909 0.013402 0.0037891 0 0 0 0 -0.00020537 -0.00063262 0.0010628 0.0032361 0.052021 -0.011404 0.058251 0.029231 0.0066802 -0.0025388 0.0066802 0.0027226 0 0 0 0
-0.0042813 0.0014689 0.0062821 0.001974 0.031182 -0.028556 0.069949 0.04336 0.0224 -0.0093347 0.042026 0.013845 -0.0081016 0.00056574 0.0081125 0.0015099 -0.011117 0.0090838 0.031878 0.012927 0.29972 0.17879 0.53853 0.23379 0.0010379 0.018299 0.39968 0.13052 -0.056171 0.0061066 0.056727 0.0080957 -0.029746 0.0016531 0.069493 0.02299 0.18193 -0.055599 0.28087 0.07727 0.084949 -0.036438 0.4134 0.12809 -0.059663 0.0079319 0.061946 0.0099078 -0.0044549 -0.00016239 0.021196 0.0070927 0.024498 0.016678 0.053292 0.021677 0.0039409 -0.0032329 0.039358 0.010207 -0.0033575 -0.0024708 0.011032 0.0032304
-0.010711 -0.00015036 0.022365 0.00096485 -0.030616 0.0032668 0.062141 0.0092187 0.066975 0.0016649 0.08129 0.0065488 -0.0011512 -0.00075256 0.0028543 0.0014635 -0.083994 -0.0031185 0.18566 0.018291 0.032081 -0.054487 0.32771 0.078957 0.2434 -0.045694 0.46952 0.088162 -0.028219 -0.0093875 0.029692 0.011298 -0.057386 -0.0089454 0.095499 0.021416 0.049624 -0.0027171 0.50857 0.11277 0.21478 0.048931 0.40097 0.11291 -0.057813 -0.013225 0.057914 0.017453 -0.005397 -0.001695 0.013246 0.003248 0.030039 0.034699 0.085058 0.040061 0.0027461 0.026139 0.058548 0.030726 -0.0084214 -0.0030723 0.0084633 0.0031366
-0.0084882 0.00032669 0.0085342 0.0027033 0.0053722 -0.023528 0.084419 0.027006 0.018999 0.028987 0.066849 0.037566 -0.0075 -0.0024108 0.0076089 0.0025491 -0.012934 -0.0068167 0.014996 0.018766 0.22663 -0.0083698 0.48067 0.13277 -0.16664 -0.09372 0.41224 0.15289 -0.0045326 -0.0052214 0.0053189 0.01019 -0.027584 0.035725 0.035856 0.065009 0.23275 0.12235 0.29975 0.22216 -0.23978 -0.050312 0.3405 0.079911 -0.0010994 0.0095795 0.0013352 0.0098047 -0.0010125 0.0010949 0.0010125 0.0010949 -0.0077752 0.088836 0.010755 0.088836 -0.029024 0.13512 0.029024 0.13512 -0.0031744 0.017744 0.0031744 0.017744
-0.0022481 -0.003455 0.0045996 0.0037863 -0.011268 -0.022082 0.043758 0.026645 0.031556 -0.010682 0.05068 0.017341 0.00022535 0.00030304 0.00079595 0.00045219 -0.025197 -0.036806 0.043404 0.055573 -0.062128 -0.15266 0.28013 0.25108 0.33809 0.038026 0.40662 0.24722 -0.0015062 0.0041443 0.0062222 0.039401 -0.019878 0.038631 0.034852 0.038823 -0.042799 0.20051 0.31999 0.21727 0.31185 -0.0084909 0.40442 0.09691 -0.00028454 0.00068616 0.0033727 0.0032225 -0.002695 0.0020977 0.0053711 0.0030939 0.0040407 0.021255 0.038539 0.022999 0.018013 0.020888 0.053959 0.023013 -0.00040556 0.00010598 0.00054664 0.00011149
-0.00015255 -0.0040609 0.00099348 0.0074067 0.05182 -0.018619 0.054003 0.032928 0.0013973 0.00025276 0.0013973 0.00055135 0 0 0 0 0.0062085 0.00089658 0.018328 0.022667 0.43346 0.0048418 0.50305 0.069531 0.0063625 0.00059043 0.0063625 0.001886 0 0 0 0 -0.0010744 -0.0015889 0.014 0.023711 0.48785 -0.053731 0.53673 0.081963 0.0053043 -0.00079517 0.0053043 0.00079517 0 0 0 0 0.0030391 -0.00043205 0.0034727 0.0021013 0.060526 0.014463 0.074152 0.014794 0.0010769 0.0002325 0.0010769 0.0002325 0 0 0 0
0.0017025 0.00065157 0.0021628 0.00089114 -0.031044 -0.0006144 0.077554 0.0082147 0.033525 0.0059145 0.053013 0.0088468 0.0064014 0.001344 0.010796 0.0025643 0.0019159 -0.015064 0.016953 0.018348 -0.15715 -0.075607 0.47978 0.11073 0.25491 -0.0098174 0.38687 0.074454 0.029954 0.0031429 0.080501 0.010708 -0.039797 -0.014768 0.047091 0.020391 -0.039159 -0.043029 0.31666 0.089321 0.29817 0.016604 0.51449 0.074593 0.0020032 -0.004059 0.053522 0.021786 -0.0053337 -0.00065319 0.0060031 0.0014732 -0.00039889 0.01108 0.033013 0.016131 0.047683 0.0053241 0.065278 0.011331 -0.0045107 0.0012528 0.0093642 0.0019429
0.0017703 0.0005805 0.0045852 0.0010283 0.01324 -0.0047768 0.037786 0.008055 -0.016627 -0.0063755 0.093627 0.0099298 0.0040967 -0.00087301 0.0041566 0.0011176 0.0020698 0.0017307 0.026343 0.0045289 0.092209 0.018086 0.38867 0.054888 -0.071118 0.024046 0.53347 0.070248 0.0082197 0.0030726 0.010668 0.022411 -0.010387 0.0016993 0.040395 0.0058117 0.13767 -0.0027104 0.47955 0.037386 -0.062131 0.037953 0.50465 0.075315 -0.001324 0.0022521 0.0024852 0.0038027 -0.0035572 -6.0907e-05 0.0096376 0.00029824 0.020246 -0.00095064 0.082832 0.005309 -0.0040964 -0.0067684 0.06431 0.013904 -0.00024851 -0.00019832 0.000381 0.00068225
-0.0011681 -0.0022417 0.0060696 0.0047635 0.015617 -0.014525 0.070672 0.021303 -0.0064952 -0.00025545 0.057234 0.0033306 -0.0042441 0.00099574 0.0066031 0.004478 -0.014052 -0.00032736 0.13629 0.020438 0.23587 -0.0036137 0.4092 0.050341 -0.067747 -0.00010144 0.50347 0.045384 -0.024633 -0.00044294 0.038138 0.014123 -0.010427 0.0033867 0.11069 0.023762 0.19994 -0.0069469 0.41187 0.046191 -0.046738 -0.0092846 0.49254 0.046037 -0.016408 -0.0018367 0.023984 0.014514 -0.0018004 2.5497e-05 0.012193 0.0019001 0.035461 0.0013528 0.064859 0.0045741 -0.016534 0.0012363 0.067974 0.0074686 -0.002866 -0.0014654 0.0042742 0.001671
-0.00015869 0.00010979 0.0048109 0.00037114 0.02172 0.00081628 0.043101 0.0067019 -0.013028 -0.0035744 0.065383 0.0131 -2.3295e-05 -4.7467e-05 0.000298 8.5111e-05 -0.013361 0.0018825 0.027702 0.0054291 0.17189 -0.012104 0.40435 0.08124 -0.10369 0.00054796 0.43916 0.08154 0.00047282 -0.0011213 0.0013566 0.0031005 -0.016805 0.0013568 0.048854 0.0043801 0.11707 0.0012629 0.52585 0.039161 -0.048531 0.0085236 0.5212 0.031478 0.00036663 0.0010341 0.0019239 0.0024261 -0.0049199 -0.0005244 0.011926 0.0009581 0.020298 0.0023081 0.084558 0.011421 -0.0074965 -0.0014742 0.066308 0.0085855 -0.00065871 -0.0016033 0.0012194 0.002156
-0.00056928 -0.001034 0.0012791 0.0011522 0.038393 -0.0019594 0.040159 0.0062361 -0.027764 0.0012051 0.056416 0.0078569 0.002347 0.00095339 0.0078054 0.0010419 -0.0043496 0.012774 0.011031 0.013296 0.27403 0.012985 0.28163 0.043863 -0.20422 -0.038832 0.58069 0.096798 0.00097037 0.0057775 0.052433 0.0084523 -0.00024749 0.003129 0.0017971 0.0042647 0.23737 -0.011762 0.30809 0.034894 -0.21703 0.02804 0.48457 0.056944 -0.005071 0.0016907 0.027929 0.0037699 -7.6707e-05 4.7505e-05 0.00021254 0.000315 0.027802 0.00065512 0.039857 0.0053694 -0.021559 -0.0013313 0.027194 0.010891 -0.00088785 -0.00051864 0.0045345 0.00097994
0.0002443 3.8097e-05 0.0005314 0.00067338 -0.013456 -0.0022262 0.015626 0.0066281 0.03909 0.00927 0.085044 0.016594 0.002429 -3.4792e-05 0.019112 0.0030681 0.0022798 -0.0027942 0.0050179 0.0045123 -0.10143 -0.018344 0.10892 0.042171 0.30892 0.0028555 0.62409 0.03754 -0.0014489 0.0032651 0.13942 0.007599 -0.00093162 0.0029247 0.0020874 0.0035816 -0.059731 0.046177 0.14535 0.089226 0.25201 -0.018172 0.56471 0.10249 0.015624 0.0013579 0.14057 0.020679 0.00070519 -0.0022095 0.0011667 0.0022926 -0.0074326 -0.020158 0.024348 0.020587 0.039455 -0.00026514 0.087868 0.014343 0.0051334 0.00031188 0.018891 0.0036292
3.6179e-05 -0.00025498 0.00070288 0.00048137 -0.00028619 -0.0019128 0.0040882 0.0050309 0.0004149 -0.0022691 0.0038548 0.0032663 -0.00017302 0.00011528 0.00042746 0.00024284 0.028594 -0.039455 0.085624 0.039868 -0.02184 -0.28973 0.29781 0.29962 0.20691 -0.085702 0.39418 0.27089 -0.0034444 0.0028268 0.01197 0.047762 0.028083 0.023878 0.079867 0.025091 -0.013788 0.20961 0.27185 0.2106 0.25814 0.052588 0.43678 0.083194 0.0016853 -0.001059 0.0032001 0.0043284 0.0012936 0.0082637 0.0042089 0.0084317 0.0019589 0.04506 0.0099555 0.045789 0.0041441 0.028832 0.018294 0.030502 0.00017765 0.00018191 0.00055321 0.00027918
7.5506e-05 -2.0223e-05 0.00032706 0.00015634 0.00059425 0.00035004 0.002226 0.0021103 0.0015734 0.0084947 0.09514 0.013119 0.0017611 -0.001325 0.0026838 0.0017567 4.3119e-05 0.0030265 0.0019117 0.0041248 0.16723 0.033049 0.1769 0.044504 -0.17461 0.020172 0.58735 0.10781 0.01158 0.010577 0.014646 0.014315 0.0012024 -0.029115 0.042297 0.035257 0.24667 -0.10073 0.25997 0.11407 -0.014077 0.072837 0.54627 0.24181 -0.025008 0.019623 0.049693 0.058933 0.0021537 8.192e-06 0.0066788 0.0008775 -0.00096019 -0.0031924 0.012354 0.0060858 0.057334 -0.041574 0.084903 0.051171 -0.006228 0.0066862 0.0071104 0.0099771
-0.0085347 0.003687 0.0091373 0.0039049 0.051714 0.0067 0.056703 0.010908 -0.04238 0.0097647 0.066319 0.01734 -0.00017188 -0.00091378 0.00053235 0.0011158 -0.073286 0.0035152 0.079581 0.0056589 0.33741 -0.0095812 0.35752 0.034786 -0.25664 0.027129 0.33787 0.11518 -0.00023972 0.0028143 0.001876 0.0052783 -0.057371 0.0020358 0.062591 0.0049452 0.27856 -0.010925 0.37722 0.063439 -0.21117 0.0093277 0.49475 0.04753 -0.00032231 0.00065521 0.0013636 0.0025445 -0.0051976 -0.00092588 0.0054223 0.0019367 0.033925 -0.0016679 0.05994 0.0083004 -0.029137 -0.0024218 0.097924 0.007427 -0.00044628 -0.0018041 0.00082969 0.0018041
-0.0046603 0.00091353 0.0069417 0.0020321 -0.0050472 0.010701 0.054376 0.013529 0.01634 0.0039065 0.087842 0.0070821 -0.0075967 0.0003636 0.0087217 0.00061822 -0.014152 -0.00058866 0.045557 0.010627 -0.14187 0.078331 0.36322 0.14734 0.13555 0.0059875 0.588 0.050966 -0.042444 0.00097648 0.062223 0.0079616 0.011953 -0.0061767 0.049625 0.020375 -0.092845 -0.039746 0.29499 0.12435 0.094074 -0.0027877 0.54057 0.037272 -0.037776 0.003677 0.054592 0.011824 0.0025477 0.00022636 0.0081141 0.0010538 -0.027459 -0.0017898 0.041004 0.0061424 0.018677 -0.0012555 0.088639 0.0083107 -0.0047171 2.9933e-05 0.008037 0.0027344
1.3968e-05 0.0001818 3.2419e-05 0.00039985 0.044482 -0.014215 0.073511 0.036869 -0.047522 0.0092508 0.087752 0.022352 -0.0027729 0.0073458 0.0028175 0.0082618 0.003533 0.0022227 0.0046247 0.019557 0.16375 0.038184 0.18547 0.082676 -0.19425 -0.0047891 0.43502 0.1325 0.011094 0.011088 0.013534 0.037259 -0.00019883 -0.00060539 0.0010725 0.0048426 0.24384 -0.043094 0.32636 0.20494 -0.2763 0.012925 0.50428 0.30715 7.0917e-05 0.0032057 0.012511 0.12989 5.3995e-05 -0.00026429 0.00011475 0.00052893 0.037146 -0.00063664 0.040298 0.0046214 -0.023069 -0.0064407 0.09071 0.011363 0.00066957 -0.005305 0.0007046 0.0070603
0.0001469 9.0515e-05 0.00027474 0.00016066 -0.0023675 -0.00050275 0.0036952 0.0036953 0.014879 0.0081718 0.060021 0.016491 -4.7281e-05 0.00082732 0.012343 0.0032605 0.0013422 -0.013615 0.0036285 0.015326 -0.178 -0.14296 0.19236 0.14851 0.40253 0.023761 0.46776 0.098737 -0.057158 -0.028098 0.12122 0.03981 -0.0056539 0.011947 0.0061473 0.015988 -0.13109 -0.049496 0.14949 0.09455 0.3496 -0.087574 0.50751 0.13548 0.0058271 0.014071 0.10166 0.033138 -0.00028384 6.1419e-05 0.00029963 0.00038831 -0.020885 0.0091364 0.023442 0.01192 0.026117 -0.011593 0.032485 0.016656 0.0042702 -0.0010915 0.017321 0.0030531
-0.00046211 -0.0027027 0.0016372 0.0031379 0.0014369 -0.00099737 0.005623 0.0054649 0.00021536 -0.002169 0.0030419 0.0042836 0.00020009 -0.00014377 0.00035903 0.00021292 0.013469 -0.0062871 0.054129 0.023814 0.093338 -0.10817 0.38293 0.19974 -0.0021824 -0.10897 0.43048 0.21825 0.00048889 -0.0012793 0.0062163 0.0081118 -0.037334 0.023203 0.067115 0.077628 0.082026 -0.11369 0.28185 0.31629 0.10463 -0.095426 0.4608 0.27726 -0.00018393 0.0010273 0.0039257 0.0044243 -0.0098643 0.0093038 0.019957 0.020303 -0.021041 0.049628 0.08645 0.050908 0.0064617 0.016758 0.093413 0.019397 -0.00017559 -0.00036195 0.00045602 0.00081422
-0.00011881 2.3443e-06 0.00028166 7.0362e-05 0.030401 0.0026788 0.035041 0.010483 -0.028999 -0.0034846 0.03761 0.0063773 4.8965e-05 0.000114 0.0059014 0.00062723 -0.000488 0.00099899 0.0036751 0.010619 0.24371 0.0042394 0.2942 0.078485 -0.22571 -0.024161 0.43696 0.048751 -0.00091703 0.0017363 0.030915 0.0049236 0.00050448 -0.00049101 0.0011324 0.001159 0.26216 -0.0092842 0.38132 0.096101 -0.25268 -0.025272 0.54411 0.078276 0.0020317 -0.0041225 0.02978 0.0059766 -2.9333e-06 -6.0136e-05 0.00010374 0.00038156 0.025556 -0.0069873 0.058266 0.0093285 -0.029256 -0.002175 0.033154 0.0091903 0.0011424 0.00052018 0.0029074 0.0012553
-0.00027227 -0.001025 0.00098753 0.0027578 0.033763 -0.0075817 0.085272 0.011536 -0.0069285 -0.0032389 0.063646 0.0086318 -0.005095 -0.002489 0.0065087 0.0032398 0.0039154 -0.0042759 0.0066919 0.0087562 0.23626 0.011075 0.6407 0.046461 0.028882 0.043228 0.37804 0.092244 -0.043596 0.013479 0.066711 0.022443 0.0091663 -0.0015167 0.010756 0.0053385 0.27935 0.0085754 0.39612 0.13266 0.037514 0.024702 0.28521 0.045095 -0.052669 0.0084964 0.057406 0.014439 0.0012132 -0.00034936 0.0013226 0.0015886 0.045302 0.011165 0.08349 0.016258 -0.0094673 -0.0045379 0.052619 0.0092349 -0.0037422 -0.0028469 0.013992 0.0037674
-0.00010542 -0.0037481 0.0020872 0.0043091 0.074019 -0.011212 0.084135 0.012452 6.6614e-05 3.2969e-05 6.6614e-05 6.6614e-05 0 0 0 0 0.0090641 0.0056543 0.026458 0.01988 0.48845 0.043612 0.5456 0.1561 0.0054743 4.3738e-05 0.0054743 0.0016302 0 0 0 0 0.013918 0.010722 0.018085 0.013473 0.42367 -0.0059617 0.48248 0.027846 0.0047435 -0.00033463 0.0047435 0.0010312 0 0 0 0 0.00077796 -4.6163e-05 0.0022331 0.00045618 0.061457 -0.0064428 0.073927 0.0080886 0.0012981 -0.00013378 0.0012981 0.00023176 0 0 0 0
-0.00045832 0.00066606 0.00059781 0.0020177 -0.0042488 0.0065857 0.0071424 0.019223 0.037644 0.0020156 0.073117 0.0079158 -0.0094895 -0.00022483 0.014987 0.003081 -0.00026223 -0.00049896 0.0012319 0.00077364 -0.030476 -0.024617 0.045195 0.040039 0.26618 -0.0041941 0.61024 0.02652 -0.095887 -0.0023464 0.10752 0.0097608 -3.3579e-05 -0.0043905 0.0023344 0.0063896 0.018428 -0.0015707 0.051253 0.079567 0.22489 -0.0029576 0.65276 0.063408 -0.092283 0.0058291 0.11131 0.0077684 0.0002993 -0.0015364 0.0040825 0.0015945 0.0046144 -0.0080625 0.03185 0.0080625 0.039444 -0.0027276 0.089823 0.010903 -0.0090634 0.0011124 0.016226 0.0016312
0.00015733 -6.4057e-05 0.00040551 0.00080857 0.03609 0.00090435 0.046711 0.0063923 -0.027615 0.0060859 0.069291 0.012071 -0.0021433 -0.0016189 0.0078601 0.0025029 -0.00010153 -0.0038134 0.0019679 0.0069021 0.27181 -0.009687 0.345 0.020679 -0.20946 -0.0033488 0.49479 0.12797 -0.023534 -0.0025051 0.037791 0.0063938 0.0014592 0.0039862 0.0022885 0.0054184 0.2651 0.0028565 0.33614 0.040573 -0.18114 0.031353 0.49642 0.11009 -0.037821 0.0033393 0.041728 0.0067616 0.00045734 -0.0017027 0.0015326 0.0017354 0.040171 -0.004429 0.049408 0.0052503 -0.02182 -0.0072235 0.067591 0.014438 -0.0059628 0.001335 0.0068428 0.0015377
0.00053612 0.00036252 0.0042118 0.00069718 -0.0036286 0.0017494 0.093319 0.0058144 0.0033522 -0.0016104 0.097075 0.0090303 0.0053819 0.0015208 0.0054832 0.0025297 0.0024063 0.0011204 0.036389 0.003967 0.10876 0.0019905 0.42197 0.061007 -0.067906 0.016466 0.49526 0.085925 0.001402 0.004273 0.0047939 0.02369 -0.002841 0.00060883 0.022137 0.005957 0.11981 0.0010761 0.51621 0.054343 -0.036494 0.021454 0.47019 0.098077 -0.0034619 1.671e-05 0.0044036 0.0023371 -0.0027754 -0.00016357 0.0053843 0.00083769 0.021611 0.002141 0.083981 0.009664 -0.0066569 0.0022494 0.062305 0.0099071 -8.7785e-05 0.00010421 0.00027691 0.00029603
