-0.00030683 -0.0019078 0.00041421 0.0021864 3.749e-05 -0.007447 0.0031151 0.011461 0.084839 -0.00096471 0.084839 0.0037652 0 0 0 0 0.011686 0.020906 0.012978 0.023055 -0.088777 0.0025311 0.13884 0.21776 0.48258 -0.083057 0.48325 0.11804 0 0 0 0 0.0021649 0.0084086 0.0049252 0.0099581 -0.077364 0.13611 0.083731 0.17716 0.40801 0.065506 0.40801 0.13504 0 0 0 0 0.00014645 -0.00036294 0.00062721 0.00092423 -0.00017421 0.0023701 0.0028933 0.0072934 0.042421 -0.00061552 0.04245 0.0047584 0 0 0 0
-0.00034871 0.002817 0.00053243 0.0031901 -0.0021729 0.018033 0.0035637 0.029364 0.055717 0.014191 0.055717 0.022543 0 0 0 0 0.0010825 -0.025309 0.0030272 0.028278 0.0044394 -0.18021 0.02981 0.21877 0.40917 -0.046399 0.40917 0.12096 0 0 0 0 0.012228 0.018866 0.013746 0.022292 -0.029518 0.16448 0.087164 0.22838 0.46863 0.067108 0.46863 0.12865 0 0 0 0 -0.00010782 0.00063447 0.00038458 0.0010918 -0.0077315 0.02552 0.0084087 0.028343 0.05314 0.023818 0.05314 0.024177 0 0 0 0
-0.001446 -0.00041804 0.0049381 0.00048539 0.019274 0.0021416 0.034304 0.0042293 -0.0060083 -0.0012649 0.063861 0.0059655 0.00037398 -0.00063677 0.001214 0.0010299 -0.0060479 -0.0080854 0.022648 0.009564 0.027402 -0.32284 0.30142 0.32986 0.099299 -0.084768 0.46682 0.096702 0.0019787 0.00018996 0.007045 0.0023411 -0.0030391 0.0087341 0.023368 0.010324 0.018845 0.3066 0.2672 0.32566 0.12558 0.081609 0.36063 0.11285 0.0011811 -0.00019372 0.0073578 0.0012148 -0.00047705 0.00031712 0.0056178 0.00047592 0.012917 0.00035721 0.044177 0.0033981 -0.0013546 0.0012338 0.067292 0.0019946 0.00010345 0.00032312 0.0006503 0.00039206
-8.862e-05 -0.00026226 0.00033219 0.00092064 -7.2442e-05 0.0018274 0.0027305 0.0038195 0.041481 0.00096599 0.041666 0.0026025 0 0 0 0 -0.0021282 -0.032172 0.0069872 0.045754 -0.0081858 -0.19799 0.027788 0.36209 0.41631 -0.069708 0.41711 0.12055 0 0 0 0 -0.0021147 0.029874 0.005428 0.037359 -0.0062628 0.18045 0.028969 0.22396 0.4182 0.063188 0.41975 0.08262 -1.3286e-05 -3.161e-05 1.3286e-05 3.161e-05 0.00015621 -0.0021047 0.00029505 0.0046309 -0.00057831 -0.014452 0.002389 0.035646 0.054344 -0.0065062 0.054511 0.014078 -3.5064e-05 0 3.5064e-05 0
-0.00015622 0.00055952 0.00029964 0.00084233 -0.00044353 0.0057962 0.0014972 0.0080671 0.037316 0.0078613 0.038053 0.0094274 0 0 0 0 0.0018021 -0.028347 0.0030528 0.030016 0.042498 -0.22197 0.046876 0.24238 0.37102 -0.061751 0.37315 0.10408 -9.1616e-05 -0.00030461 0.00010407 0.00030461 -0.0016347 0.017288 0.0030991 0.018575 -0.0079716 0.058095 0.020438 0.074348 0.528 0.083985 0.52995 0.085449 -0.00070744 -0.0004149 0.00071989 0.0004149 -0.00020576 0.00065059 0.00041658 0.0012302 -0.00038608 0.036518 0.008454 0.039499 0.045038 0.01671 0.045116 0.016959 -4.7102e-05 0.00016475 4.7102e-05 0.00016475
0.00034007 -0.00018765 0.00048225 0.0065386 -0.0010021 0.0024724 0.0089714 0.036832 0.078483 -0.00066872 0.078483 0.011794 0 0 0 0 0.00030384 -0.0058703 0.0062192 0.023287 -0.0035211 -0.036543 0.012908 0.15506 0.50097 -0.013977 0.50097 0.057908 0 0 0 0 0.0015754 0.026468 0.0024501 0.026468 0.0027076 0.16827 0.022834 0.20506 0.42224 0.038728 0.42258 0.099227 0 0 0 0 -5.6149e-06 -0.007462 0.00033909 0.0076986 0.00074084 -0.027942 0.0094344 0.055793 0.065351 -0.0084962 0.068841 0.026434 0 0 0 0
-0.00018429 -0.0012488 0.00047665 0.0024557 0.0095095 -0.011319 0.012397 0.015343 0.071334 -0.012325 0.071368 0.012648 -6.7714e-05 1.6873e-06 0.00011224 2.7497e-05 3.6246e-05 0.0016697 0.0016095 0.0031213 0.0071944 0.0049335 0.022744 0.02857 0.533 -0.068345 0.533 0.068804 -0.00044273 0.0002273 0.00072397 0.000343 0.0037561 0.028207 0.0057452 0.02843 0.041427 0.23328 0.070162 0.24831 0.35901 0.052031 0.36138 0.14565 0.00032989 -5.3916e-05 0.00032989 0.00021419 0.00019832 0.00073686 0.00034694 0.00098308 -0.00024581 -0.0016856 0.0020993 0.0061238 0.030696 -0.0067595 0.031755 0.0079207 5.9861e-05 -2.7313e-05 5.9861e-05 4.2659e-05
0.001275 -0.002202 0.0070455 0.003411 0.0047794 -0.027946 0.02989 0.031781 0.0012573 0.0026827 0.056082 0.011226 0.00051238 -0.00015819 0.00070416 0.0002898 -0.034137 0.0050279 0.039584 0.01013 0.36806 0.079823 0.43153 0.1515 -0.29145 0.0073441 0.44141 0.1094 0.056572 -0.010365 0.056598 0.011331 -0.029777 0.00074834 0.032913 0.0050128 0.19663 -0.11521 0.2487 0.13773 -0.24086 -0.14279 0.29604 0.14847 0.079671 -0.01063 0.079671 0.010805 -0.0042914 0.000676 0.0047974 0.00099667 0.011849 0.022075 0.032118 0.022938 -0.0090249 0.033049 0.035235 0.033049 0.0066437 -0.00026519 0.0087265 0.0013321
-7.3747e-05 -0.0014505 0.0001294 0.0034051 -0.0022348 -0.020986 0.0038655 0.027294 0.062976 -0.0093818 0.063118 0.01113 3.1684e-06 -3.5813e-05 2.4856e-05 3.971e-05 -0.00063831 -0.006064 0.0013876 0.0070815 -0.0061197 -0.027046 0.023589 0.046405 0.52312 -0.0056748 0.52344 0.014965 0 0 0 0 0.0074544 0.025133 0.0099297 0.030442 0.011202 0.15925 0.05219 0.28209 0.38599 -0.0038377 0.38762 0.12181 0.0007961 0.00027501 0.00091636 0.00039462 -0.00030393 -0.0096426 0.00081565 0.009685 -0.0091623 -0.03536 0.018603 0.036085 0.077899 -0.010187 0.078101 0.01141 2.6063e-05 2.6063e-05 2.6275e-05 2.6275e-05
-0.0059776 -0.0009812 0.0085708 0.0020367 -0.020129 -0.013304 0.036992 0.023121 0.055875 -0.0068328 0.061066 0.0077265 0.0012713 0.00024593 0.0019345 0.0011366 -0.061908 0.0029114 0.0919 0.0046532 -0.095389 -0.12182 0.39589 0.24346 0.42185 -0.065552 0.4521 0.071237 0.0077305 -0.0041216 0.009461 0.006215 -0.046826 -0.0048175 0.069533 0.0089975 0.018192 0.2105 0.20571 0.21228 0.26991 0.086619 0.32217 0.11762 0.00013818 -0.00087211 0.0082255 0.0021314 -0.0022843 0.000492 0.004307 0.0025498 0.011206 0.0069023 0.082475 0.0093189 0.022584 0.0043876 0.037462 0.005112 -0.00061408 -0.00012697 0.0018639 0.0002346
0.00050445 -0.00030933 0.004548 0.00062708 0.032186 -0.0038433 0.044028 0.0061769 -0.013467 -0.002507 0.059708 0.0072335 0.00035483 -0.00019725 0.00088617 0.00045025 -0.020844 0.0014619 0.027407 0.0055201 0.14438 0.019756 0.33638 0.36369 0.067673 0.11559 0.35954 0.3233 0.0039764 -0.001547 0.0065023 0.0031135 -0.033013 0.0039311 0.03337 0.0050418 0.37488 -0.05987 0.39315 0.062561 -0.12712 0.022303 0.37624 0.040735 0.0039635 0.00032839 0.007891 0.0028057 -0.0056044 0.0007094 0.0056577 0.00074608 0.048383 -0.0083466 0.059787 0.0085836 -0.0068218 -0.00064553 0.049471 0.0065915 -0.00080066 0.00028279 0.0012668 0.00048178
-0.0034546 -0.00037374 0.0065144 0.00081064 0.040292 -0.0065041 0.058207 0.011967 -0.006218 -0.002374 0.052532 0.0036785 -0.00031542 0.000234 0.00105 0.00041757 -0.044472 -0.0066683 0.054916 0.010008 0.3569 0.03137 0.43448 0.058944 -0.081595 -0.012941 0.30988 0.048437 -0.00053944 -0.00080235 0.0093433 0.0059727 -0.042844 -0.0032464 0.046117 0.0078248 0.26708 -0.052629 0.3367 0.27754 -0.0045126 -0.091066 0.40003 0.33487 0.0031344 -7.7554e-05 0.008521 0.0025985 -0.0059242 -0.00067927 0.0062817 0.00072342 0.056617 0.0053127 0.056764 0.007236 -0.020222 -0.0042689 0.06842 0.008048 0.0003833 0.00022612 0.00092763 0.00043928
-0.0053091 -0.0012565 0.0060258 0.0014626 0.04563 0.0066388 0.059832 0.011046 -0.0065255 -0.0031407 0.038173 0.0077754 0.0018155 0.00031413 0.0027334 0.00078062 -0.029216 -0.0058789 0.031768 0.0066547 0.344 0.048457 0.36568 0.066437 -0.078269 -0.031468 0.33513 0.068328 -0.0045821 -0.00023442 0.0095919 0.0057824 -0.021484 -0.0040919 0.024806 0.0060574 0.20126 -0.040159 0.3115 0.34905 0.010986 -0.1321 0.40927 0.38701 -0.0022189 -0.0020346 0.0057207 0.0040972 0.0014912 0.00012675 0.0052491 0.0011023 0.042325 0.0020606 0.045902 0.0079639 -0.021103 0.00034838 0.077222 0.009114 0.00061125 -0.00010227 0.0010166 0.00031541
-0.001385 -0.0039498 0.003046 0.0075188 -0.012654 -0.026093 0.017653 0.033098 0.03297 0.012464 0.058658 0.021632 0.0019077 -0.0014418 0.0027813 0.0023907 -0.00352 0.010416 0.03284 0.021986 -0.10941 0.11181 0.12361 0.11836 0.39157 0.050275 0.40516 0.063322 -0.023679 0.01883 0.029532 0.025589 0.0089399 0.013511 0.017169 0.019931 0.0020162 0.21968 0.22251 0.33864 0.12582 0.21833 0.46253 0.33384 -0.000897 0.00040609 0.00423 0.0039975 0.0028578 -0.0015622 0.0034024 0.0019719 0.0004131 -0.0026156 0.014524 0.0091436 0.036762 -0.025592 0.057757 0.050636 -0.0027608 0.0027124 0.0034253 0.0033363
0.010544 -0.0011731 0.012604 0.0013517 -0.01377 0.010903 0.099825 0.012943 -0.0073319 0.0076531 0.059414 0.011583 0.00067465 0.0032413 0.0038891 0.0060202 0.0040443 -0.0033293 0.018048 0.013115 0.17182 0.0052988 0.36066 0.22874 -0.1573 0.12521 0.24119 0.15732 0.032074 -0.0046348 0.042068 0.0078398 -0.013731 0.01992 0.032367 0.029378 0.26296 -0.023053 0.56738 0.15404 -0.26807 -0.066653 0.33325 0.17983 0.023694 -0.0064313 0.030164 0.0073453 -0.0014108 -0.0009681 0.012047 0.0030223 0.011102 -0.014155 0.052273 0.018333 -0.010019 0.013426 0.057312 0.023313 0.0015434 -0.00072933 0.0024968 0.00081131
-0.00063252 -0.0083941 0.0018509 0.009946 0.012401 -0.035267 0.014649 0.044364 0.027595 0.044263 0.031795 0.072923 0.0010139 0.0064798 0.0031283 0.013358 -0.00032077 -0.0010914 0.0046751 0.0048116 0.040615 0.063688 0.36552 0.28884 0.37211 -0.11914 0.42748 0.18096 -0.00072959 -0.00031404 0.0035536 0.014839 0.0074433 0.015054 0.039234 0.024246 0.012944 0.077136 0.27644 0.24393 0.22174 -0.047362 0.40606 0.15974 0.0016625 -0.01542 0.0034118 0.019687 -0.00923 0.0044169 0.0094612 0.0065147 0.039817 -0.022063 0.055751 0.028307 -0.0077059 0.012599 0.044804 0.019693 0.00059851 -0.0018362 0.0012267 0.0076175
-0.005953 -0.0028378 0.0067515 0.0039144 -0.020234 -0.012333 0.06099 0.039588 0.017347 -0.00057569 0.066742 0.030993 -0.002414 0.0031387 0.0035227 0.003569 -0.044239 -0.010877 0.053939 0.026429 -0.14111 -0.015749 0.16817 0.26343 0.35714 0.070085 0.45842 0.10459 -0.012246 0.0172 0.032933 0.043078 0.0091344 -0.014832 0.030681 0.023438 -0.014129 0.20247 0.17919 0.26245 0.22147 0.189 0.35071 0.38752 -0.0098676 0.010395 0.014111 0.015875 -0.004221 0.0048329 0.0049308 0.0056876 0.015844 -0.01413 0.020666 0.019826 0.02648 -0.025788 0.033813 0.03557 -0.0021004 0.0027246 0.0063496 0.0076779
-0.0036017 6.9429e-05 0.0037673 0.00035675 -0.015956 -0.0025703 0.025006 0.0057257 0.034813 -0.0060475 0.046588 0.0089095 -0.013724 0.00078213 0.019564 0.0011451 -0.024651 0.0025789 0.026881 0.0028602 0.14371 0.071427 0.26674 0.079637 -0.012636 0.1297 0.48008 0.17319 -0.084449 0.00072735 0.1458 0.0066545 -0.028133 -0.0010089 0.032515 0.0049522 0.25834 -0.034316 0.32896 0.10801 -0.15541 -0.048318 0.545 0.20481 -0.066613 -0.01013 0.1089 0.01775 -0.0044956 0.00032335 0.0047725 0.00080887 0.047854 0.013075 0.053629 0.016973 -0.046869 0.0093958 0.064954 0.020617 -0.00064329 -0.0014436 0.0069156 0.0037837
0.0015604 -0.0036513 0.0021499 0.0072659 0.0085572 -0.036416 0.010237 0.039373 0.00040881 -0.00028407 0.0065199 0.014099 0.008843 0.0032396 0.0089048 0.0034786 -0.012398 -0.0072133 0.023688 0.048478 0.090557 0.024247 0.2749 0.29102 0.083176 0.13311 0.25166 0.51015 0.074866 0.023159 0.075158 0.026421 -0.00028083 -0.010836 0.017054 0.035187 0.11806 -0.085827 0.25311 0.20368 0.32926 -0.043094 0.36668 0.27044 0.00023453 0.0004396 0.00042026 0.0011115 -0.0043804 -0.0018617 0.0088145 0.0032948 0.0053944 -0.0016554 0.018756 0.02242 0.085695 0.014497 0.08862 0.028371 -4.7178e-05 5.8845e-05 6.6436e-05 0.00012493
-8.9592e-05 -0.0008674 0.0011851 0.001852 0.037049 0.0047156 0.047515 0.0059934 -0.030351 0.002254 0.067201 0.01489 0.0089719 0.0029345 0.0089927 0.0040793 0.024725 0.0016966 0.026199 0.010723 0.21711 0.028279 0.28578 0.048778 -0.099258 0.00043739 0.54117 0.039882 0.011629 0.0025375 0.025844 0.0048646 0.013088 -0.0012911 0.037137 0.042269 -0.0032614 -0.13601 0.30689 0.31388 0.1473 -0.11965 0.49718 0.20469 0.0053912 0.0015115 0.011792 0.004859 0.0021613 0.003334 0.0025683 0.0047781 0.030107 0.03678 0.037326 0.041418 -0.012852 0.014611 0.076666 0.019888 -0.00084725 -0.00043171 0.0021076 0.00043171
-0.0063212 0.00026975 0.013937 0.00086711 -0.025339 0.0010988 0.042866 0.0031405 0.04513 0.0051522 0.084634 0.011667 0.00034332 -0.00011008 0.00093877 0.0005457 -0.053305 -0.0040823 0.10264 0.0066716 -0.17173 0.0081453 0.29337 0.023865 0.32036 -0.012827 0.60033 0.01945 -0.0012036 0.00063674 0.0067165 0.0026117 -0.062011 0.0046735 0.11091 0.0062569 0.072597 0.10382 0.34469 0.117 -0.0098771 -0.0089246 0.43548 0.17384 0.017013 -0.0029997 0.020894 0.0045891 -0.008372 0.0013042 0.017699 0.0015096 0.02174 -0.012416 0.053565 0.015878 -0.029817 -0.014842 0.059543 0.015734 0.0053927 -0.00081744 0.0058279 0.00091515
-0.0035675 -0.0016341 0.0061362 0.0024469 -0.011104 -0.0050533 0.082413 0.026229 0.010904 0.00074018 0.013849 0.013175 0.0035365 -0.00060027 0.0039696 0.00066913 -0.03206 -0.00039784 0.042307 0.0080512 0.16054 0.0081108 0.48844 0.16032 -0.097688 0.1184 0.17731 0.15077 0.021861 -0.0029303 0.023044 0.0036812 -0.040223 -0.00059791 0.051327 0.0045246 0.41762 -0.005971 0.41946 0.09519 -0.31246 0.0071603 0.3347 0.022161 0.018172 -0.00070014 0.020999 0.0015594 -0.002586 0.013439 0.0037611 0.014633 0.047998 0.096438 0.048895 0.096496 -0.026139 0.098326 0.029004 0.098368 0.004696 0.018702 0.0048197 0.018702
0.0010492 -0.00017909 0.0013839 0.00032631 -0.031652 -0.0047132 0.083001 0.0061341 0.048609 -0.0048646 0.061994 0.0052288 0.00016099 -0.00018456 0.00097826 0.00040558 0.0060946 -1.1386e-05 0.0089644 0.0033558 -0.23477 -0.026736 0.58398 0.028181 0.35398 -0.037383 0.37363 0.066183 0.0059796 -0.00062335 0.0087039 0.0021056 5.8594e-05 -0.00056637 0.0035817 0.0014058 -0.036421 0.095758 0.40447 0.11573 0.15834 0.061652 0.30051 0.088529 0.0053324 0.00092906 0.0097041 0.0020082 -0.00039616 -0.00026006 0.00088924 0.00029941 0.013784 -0.0041301 0.045995 0.0054018 0.008135 0.0010735 0.011323 0.0040561 0.00080728 0.00010237 0.0023417 0.00057683
-0.00267 -0.0026618 0.011792 0.0035247 -0.018303 -0.036979 0.028245 0.038563 0.027739 -1.6808e-05 0.052272 0.0086763 0.0097933 0.00025648 0.016626 0.0018945 -0.094006 0.017071 0.095836 0.017827 -0.056529 0.020752 0.36271 0.23427 0.24902 -0.04432 0.43251 0.062672 0.063049 -0.0022654 0.10953 0.010585 -0.054666 0.0082329 0.057319 0.0088006 0.0077553 0.13576 0.44457 0.17196 0.0744 0.10587 0.44189 0.16323 0.062279 -0.0011075 0.098504 0.0096336 -0.0015916 0.00053296 0.0020873 0.00065126 0.0021717 0.0074506 0.04317 0.009764 0.0028733 0.0052766 0.072671 0.01389 0.0050831 -0.0006721 0.011083 0.0014967
-0.00015232 -0.001712 0.000199 0.0020046 0.070172 -0.0093243 0.071253 0.01059 0.00044946 4.8307e-05 0.00055885 0.00047928 0 0 0 0 0.0023927 0.029624 0.0039701 0.031736 0.42164 0.19242 0.42652 0.20753 0.0048757 0.00058084 0.0048757 0.003338 0 0.00036929 0 0.00036929 0.0070705 -0.039643 0.0097552 0.040654 0.45583 -0.18956 0.50161 0.19227 0.002015 0.001465 0.0040793 0.0027527 0 0 0 0 -0.00021049 0.0039157 0.00027827 0.0050543 0.074271 0.014738 0.078816 0.018585 0.00055379 -0.00026939 0.0010653 0.00038355 0 -5.8852e-05 0 5.8852e-05
-0.0052044 -0.00079644 0.0052284 0.0010325 0.060135 0.0081731 0.067568 0.0091645 -0.017629 0.00053473 0.060851 0.0042644 -0.00015869 1.2479e-05 0.00094957 0.00042985 -0.027998 3.4993e-05 0.028158 0.0071584 0.42484 0.03493 0.44376 0.051376 -0.15901 -0.028896 0.40117 0.053217 0.0031221 0.00092047 0.0045465 0.002729 -0.017591 0.04356 0.099133 0.049475 0.1083 -0.031151 0.23053 0.20385 -0.012016 -0.11493 0.50803 0.12703 0.0039644 0.00074144 0.0047766 0.0018034 -0.005204 -0.00079074 0.018433 0.0025133 -0.016912 -0.0028067 0.020731 0.0046415 0.026091 -0.0032942 0.058061 0.0077602 0.00073921 -0.00011597 0.00099972 0.00034847
0.001616 0.00093329 0.0046955 0.0018756 0.03808 -0.0053027 0.062365 0.0086285 -0.0092998 -0.0018036 0.052557 0.0038872 -0.0018631 0.00039289 0.0026956 0.00083411 -0.00074932 0.0015221 0.038502 0.0073998 0.20279 -0.0084386 0.50096 0.18741 0.018913 0.03698 0.33154 0.19504 -0.0085596 0.00021576 0.011694 0.0029941 0.0017078 -0.00061132 0.047783 0.0040581 0.30143 -0.029784 0.57122 0.064279 -0.09643 0.0093941 0.26146 0.038743 -0.0030667 -0.00052186 0.010086 0.0026881 0.0014699 -0.00059674 0.0081024 0.0010943 0.022413 0.0068877 0.064966 0.015859 0.002603 -0.010545 0.060906 0.012817 -0.00035335 0.00025576 0.0016828 0.00035487
-0.00073575 -0.00063489 0.0068308 0.0025302 -0.01123 -0.014168 0.051908 0.025589 0.010954 -0.0039993 0.015954 0.0065274 0.0023438 -0.00031885 0.0041077 0.0005414 -0.038596 0.0003996 0.073621 0.0073134 0.18267 0.019926 0.44932 0.099997 -0.11303 0.072172 0.17765 0.10252 0.031936 -0.0022867 0.042201 0.0031944 -0.02738 0.0057942 0.072178 0.018438 0.35625 0.13762 0.41761 0.24337 -0.24766 0.25588 0.28208 0.26403 0.031282 0.038203 0.034263 0.045977 0.0019903 0.020466 0.0027979 0.020477 0.010577 0.074297 0.011972 0.074613 0.0021614 0.015754 0.0031965 0.015754 3.6141e-05 9.7594e-05 3.6141e-05 0.00010462
-0.0048125 -0.00097896 0.0051276 0.0011918 0.04729 0.0046832 0.049595 0.011263 -0.00020158 -0.0015105 0.014788 0.0050233 -0.0019888 -0.00028064 0.0024144 0.00047059 -0.0085624 0.0028186 0.031753 0.013153 0.13488 -0.14011 0.37042 0.23084 0.10892 -0.10697 0.32016 0.14423 0.0031472 -0.0060845 0.017595 0.0074549 -0.028437 0.023466 0.090145 0.036466 -0.09889 -0.05944 0.33398 0.10991 0.34408 0.036766 0.5708 0.091945 -0.0045771 0.0039424 0.0096379 0.0053654 -0.0027097 0.00012272 0.01104 0.001923 -0.010541 -0.0048839 0.049645 0.017077 0.04368 -0.012629 0.095557 0.04584 0.00012458 -0.00045427 0.0015647 0.00078046
-0.00028387 -0.00077 0.0004135 0.0013906 0.050912 -0.0059585 0.052098 0.010613 0.00060855 5.0727e-05 0.00060855 0.00022684 0 0 0 0 0.0034528 0.013002 0.0047526 0.034547 0.48323 0.10435 0.48917 0.21116 0.0045116 -0.00076987 0.0045116 0.00076987 0 0 0 0 0.0048598 0.0092879 0.0074712 0.012452 0.37546 -0.047237 0.53164 0.18674 0.0040632 0.00048375 0.0040632 0.0011266 0 0 0 0 -0.00017519 -0.00033807 0.00024585 0.00074513 0.042877 -0.00061942 0.043677 0.0030537 0.00037787 0.00027386 0.00037787 0.00033542 0 0 0 0
0.010988 0.00040463 0.012121 0.0019718 0.015265 -0.032383 0.052581 0.032916 -0.0028752 -0.0023144 0.024636 0.0066047 0.00022207 1.0462e-05 0.0014223 0.0005995 0.013168 0.0096377 0.051891 0.02427 0.27435 0.0023806 0.52531 0.073279 -0.067239 -0.016408 0.29206 0.043397 -0.0028856 0.00099176 0.013312 0.0042043 -0.0046618 -0.00051978 0.031104 0.0081401 0.20298 -0.010695 0.49922 0.28751 0.046937 -0.056014 0.32491 0.21458 -0.01249 0.00010732 0.017741 0.0031226 -0.0048853 -0.00077598 0.0076896 0.0013355 0.034954 0.0037271 0.085629 0.012774 0.0019417 0.0021072 0.032741 0.004836 -0.00074216 -0.00023305 0.0020199 0.00053974
0.00014057 0.00042669 0.0043587 0.0060018 -0.029169 -0.0020364 0.038241 0.011598 0.047081 0.040603 0.052069 0.042966 -0.0048715 -0.0054488 0.0055703 0.0085617 0.0030889 -0.0022497 0.01779 0.021205 -0.066647 -0.0059159 0.44957 0.18617 0.18083 -0.10749 0.2887 0.31226 -0.017143 0.022636 0.031249 0.049464 0.014272 -0.022779 0.017977 0.027004 -0.21116 -0.038465 0.26066 0.073807 0.37267 0.032758 0.48544 0.083757 -0.020382 -0.019086 0.048221 0.03181 0.0016833 -0.0011792 0.0019066 0.0031632 -0.022165 0.0027575 0.031589 0.0086641 0.037655 -0.016929 0.076495 0.018563 0.004849 0.0030885 0.0054426 0.0034089
-0.0022115 0.0012689 0.0037154 0.0016514 0.048131 -0.00091465 0.051421 0.012054 -0.037695 0.0028992 0.042418 0.0042477 0.0032563 -0.00027073 0.0049902 0.00048897 -0.033483 0.0062097 0.047943 0.015115 0.37681 0.03612 0.39156 0.10524 -0.28821 0.022606 0.31579 0.037969 0.019531 -0.0027192 0.025152 0.0030012 -0.029124 -0.00067478 0.051497 0.013663 0.35412 -0.032805 0.4157 0.057758 -0.27425 0.024201 0.31563 0.039376 0.021245 -0.00079399 0.024746 0.0040993 -0.0050358 -0.00021688 0.0065676 0.00068255 0.052653 -0.0086191 0.05787 0.0093429 -0.036105 0.0011115 0.048561 0.0071503 0.0026443 -0.0001129 0.0032955 0.00056026
-0.0062156 0.0013706 0.0091027 0.0023014 0.019112 0.002192 0.023821 0.012385 0.0050368 -0.001368 0.067308 0.011645 0.0011224 -0.00016618 0.0011969 0.00031051 -0.032423 -0.006406 0.046577 0.019486 -0.010474 0.071063 0.28083 0.11475 0.08135 -0.13452 0.46496 0.1503 0.004145 0.00056924 0.011082 0.0051565 0.027907 0.0093213 0.041359 0.01975 -0.12509 0.028131 0.57293 0.080725 0.08638 0.063874 0.45574 0.20928 0.0074381 -0.0014679 0.010594 0.0031577 0.0076949 -0.00062647 0.0080579 0.00088905 -0.021022 0.00039831 0.10299 0.0055045 -0.0035049 -0.0094783 0.025955 0.014999 0.00085296 -6.931e-05 0.0010036 0.00016939
-0.0048956 1.3959e-05 0.0062965 0.00054913 0.0036114 -0.018664 0.035533 0.02214 0.025746 -0.0062259 0.048045 0.0067686 -7.4291e-05 -5.8828e-05 0.0020326 0.00030651 0.039721 0.011484 0.10238 0.012925 -0.2044 -0.0050804 0.2923 0.061384 0.27963 -0.15881 0.44198 0.17594 -0.0021771 0.0015629 0.013427 0.0031609 0.065169 0.0045704 0.11115 0.0049939 -0.25584 0.0068784 0.36588 0.034472 0.27569 0.13804 0.41961 0.15653 -0.0013949 -0.00079759 0.0091967 0.0024071 0.0056754 2.417e-05 0.0092538 0.00080943 -0.028085 0.0058267 0.056721 0.011809 0.035132 -0.0033692 0.054292 0.0073612 -0.00033162 5.8022e-05 0.0016503 0.00029617
0.0002968 0.00013516 0.00075026 0.00029465 -0.013746 0.023982 0.076361 0.027784 0.010888 0.040499 0.076481 0.040952 2.7829e-05 0.00035974 0.0024658 0.00074205 0.0048163 -0.0014464 0.011641 0.007567 0.35183 -0.0061604 0.40561 0.097438 -0.24367 0.14691 0.42303 0.15706 0.0020655 -4.4013e-05 0.0058484 0.0020583 0.0067961 0.0023487 0.0076364 0.0081865 0.33501 -0.037957 0.37679 0.045462 -0.19693 0.033023 0.30405 0.043471 0.00047771 -0.00084838 0.0082314 0.0029133 0.0019042 -0.00014835 0.0043872 0.0010471 0.035797 -0.0091401 0.052255 0.019102 -0.0074803 -7.1944e-05 0.061965 0.01005 -0.00010083 5.9804e-05 0.00085535 0.0003689
0.0017227 0.00024261 0.0027887 0.00090037 -0.0082246 -0.0033098 0.032548 0.0076127 0.042179 -0.0072163 0.072616 0.012466 0.0035874 -0.00078362 0.0082099 0.0011289 0.00067195 -0.0029739 0.011881 0.0090498 -0.10016 -0.039179 0.19936 0.046574 0.18719 -0.30054 0.43563 0.31663 0.043215 -0.013259 0.07845 0.020073 0.002703 0.0032048 0.0097374 0.011078 -0.082493 0.027918 0.23058 0.041627 0.29264 0.26363 0.41525 0.32651 -0.0084486 0.015442 0.090073 0.020056 0.0011754 1.9894e-05 0.0017911 0.00084487 -0.0061472 0.0035544 0.045358 0.0041387 0.043056 -0.0028056 0.061331 0.0065114 -0.0070317 0.00050832 0.013375 0.00071954
-0.0013735 0.0003319 0.0019048 0.00088931 0.041352 0.037328 0.046661 0.043404 -0.0085848 -0.023318 0.057187 0.049184 0.0055308 0.0020756 0.0064303 0.0046031 0.025546 0.0093075 0.059289 0.040276 0.0043304 0.041092 0.30783 0.29524 0.067679 0.16542 0.38573 0.24898 0.0087054 -0.0072498 0.010051 0.01069 -0.041083 0.0043215 0.051961 0.023839 0.33426 -0.11203 0.40948 0.14973 -0.083199 -0.06001 0.42985 0.15528 0.013703 -0.021572 0.017472 0.041375 -0.007022 0.0017812 0.0072542 0.0023669 0.054241 -0.031422 0.05854 0.033151 -0.0072101 0.0041891 0.058155 0.018764 -0.00058173 0.0032182 0.0013904 0.0052868
-0.00085489 -0.00025297 0.0023698 0.00041703 -0.038489 -0.0060983 0.08707 0.0087343 0.012583 0.0016171 0.033964 0.011795 0.010285 -0.00013473 0.015436 0.00044125 -0.013937 0.0015126 0.025913 0.0034861 -0.18988 -0.24517 0.29688 0.24957 0.15957 -0.016127 0.33526 0.067365 0.064022 -0.0039049 0.099196 0.014069 -0.0054486 0.00029542 0.013902 0.0019461 -0.20337 0.1347 0.52646 0.22851 0.20493 0.012134 0.35401 0.085412 0.066504 0.0047251 0.097116 0.0099753 -0.00086906 7.6772e-05 0.0020143 0.00055074 -0.0072728 0.0096973 0.057626 0.015349 0.0026376 0.024049 0.039704 0.027207 0.0089931 -0.00052473 0.014325 0.00093857
-0.0030639 0.001534 0.0059026 0.0018292 -0.014681 -0.0037744 0.017285 0.008235 0.024609 0.0019825 0.080108 0.015324 -0.00019284 0.0010697 0.0013954 0.0012792 -0.032578 0.0023285 0.04685 0.0032142 -0.1094 -0.0032178 0.13914 0.071422 0.19107 -0.012076 0.56977 0.048742 -0.016319 0.0045983 0.03212 0.008441 -0.031748 0.00068669 0.050119 0.0023247 -0.0054687 0.10164 0.20728 0.12761 0.10104 0.021285 0.69723 0.065044 -0.045638 -0.00083955 0.049356 0.008397 -0.0033339 -2.2258e-05 0.0062241 0.00027913 0.015244 -0.0040855 0.030402 0.021037 -0.017934 -0.0065458 0.077569 0.022003 0.0015375 0.00040708 0.0054148 0.0033242
-0.00014158 0.0011361 0.00076856 0.00201 -0.012338 0.01808 0.016254 0.028843 0.084628 0.016402 0.084628 0.021582 0 0 0 0 0.0011108 -0.0037368 0.0049556 0.0089341 -0.0072682 -0.026417 0.032602 0.093016 0.49897 -0.016273 0.49897 0.03202 0 0 0 0 0.00070276 0.0082717 0.0025927 0.0094953 0.0084433 0.054993 0.030397 0.092476 0.47372 0.022809 0.47372 0.04167 0 0 0 0 -0.00032335 -0.00033786 0.00047325 0.0017737 -0.0045953 -0.0020889 0.0060297 0.0094752 0.069065 -0.0015176 0.069065 0.0047008 0 0 0 0
-0.0034762 0.0021325 0.0069396 0.0048289 0.019338 -0.0069318 0.049942 0.028594 -0.0085764 -0.012667 0.034375 0.036135 0.0032706 -0.0066293 0.0059204 0.011945 0.019023 0.007817 0.045758 0.019007 0.13765 0.056629 0.5205 0.11586 -0.12725 0.17237 0.13081 0.17542 0.0053576 0.0077361 0.022309 0.018638 0.0087232 -0.025576 0.044494 0.052066 0.22896 -0.082668 0.59493 0.27829 -0.03645 0.03178 0.1525 0.2211 -0.016361 0.023889 0.018258 0.026316 -0.0026684 -0.0015939 0.002833 0.005356 0.081643 -0.00050244 0.085229 0.0081436 -0.016049 0.02638 0.025637 0.031402 0.00068658 -0.001969 0.0047517 0.0075847
0.0010742 0.00097725 0.0028181 0.0020801 0.043333 0.0031907 0.052249 0.014258 -0.020931 0.0002442 0.051107 0.0041277 0.00012467 -0.00013346 0.00078133 0.00059672 -0.0039636 0.0024763 0.019743 0.014646 0.35481 0.0031771 0.43207 0.1503 -0.1905 -0.015267 0.26782 0.059953 0.0026715 0.0012035 0.0063623 0.0024894 -0.018138 0.001813 0.034392 0.015468 0.37747 -0.00070731 0.48823 0.20186 -0.20597 -0.02375 0.2563 0.051122 0.00058598 0.00065662 0.0045804 0.0019034 -0.0037638 -0.00078084 0.0054499 0.0026331 0.05623 -0.0053603 0.059044 0.01286 -0.034307 0.0021935 0.039931 0.0070501 -0.00039186 -0.00017919 0.00092871 0.0002946
-0.0047079 -0.00037243 0.011462 0.00058398 0.052602 -0.0041644 0.065378 0.0062409 -0.040336 -0.00027203 0.051362 0.0025219 0.0021055 -0.00018713 0.0043657 0.00055765 -0.043983 0.00060778 0.08797 0.010272 0.39266 0.032807 0.43205 0.080463 -0.28081 -0.010806 0.35124 0.033036 0.016536 0.00094959 0.031732 0.002709 -0.03424 -0.0058132 0.053958 0.021846 0.2726 0.0025894 0.42173 0.13977 -0.21693 -0.013662 0.29665 0.070086 0.01431 -0.00033404 0.030076 0.0016365 -0.001921 -1.7529e-05 0.01228 0.00068975 0.022825 -0.007942 0.069175 0.010195 -0.025209 -0.010488 0.038016 0.01069 0.0033342 -0.0002429 0.0055338 0.00041232
0.0012686 -0.010654 0.007237 0.010885 0.027829 -0.11616 0.040747 0.11729 0.031415 -0.11729 0.031415 0.11729 0.00015516 -0.00015516 0.00015516 0.00015516 -0.0135 -0.0013216 0.03572 0.0072089 -0.14132 -0.023737 0.42047 0.085491 0.35316 -0.091771 0.38041 0.14486 0.016021 -0.030522 0.020923 0.033984 0.023441 0.0067002 0.057375 0.011518 -0.17636 -0.023804 0.32819 0.08199 0.30041 -0.017947 0.39425 0.15105 0.0095052 -0.00067509 0.024622 0.0054556 0.007037 0.0017665 0.0099204 0.0020315 -0.022832 0.021111 0.079807 0.031947 0.02022 -0.0034293 0.062192 0.016083 -0.002752 -0.0011862 0.0046751 0.0015525
-0.0011197 -0.00039162 0.0039961 0.00071393 0.044629 -0.0043364 0.057055 0.019482 -0.024666 -0.002437 0.05131 0.0049328 0.00011451 -0.00017529 0.00074001 0.00034678 -0.0027692 -0.00051206 0.020737 0.0034955 0.31121 0.055111 0.42327 0.15451 -0.18476 -0.008272 0.44035 0.021593 0.0010003 -0.00062445 0.0051257 0.0017232 0.00059177 -0.0032244 0.023822 0.0069099 0.27086 -0.042983 0.34785 0.11576 -0.14876 0.0095504 0.46213 0.05511 -0.0016882 0.00055973 0.0048575 0.0018195 0.0013522 0.00037144 0.0046745 0.00087746 0.032331 -0.0046577 0.043844 0.0173 -0.015307 5.6182e-06 0.080225 0.0032156 -0.00029996 -7.7442e-05 0.0006581 0.00036619
-0.0091855 0.0011851 0.011649 0.0031098 0.052294 0.011679 0.068085 0.01355 -0.020339 -0.01414 0.08082 0.017173 -0.0073029 -0.0013346 0.0099356 0.0015513 -0.048956 0.0076521 0.05734 0.011333 0.043051 -0.069817 0.50128 0.1942 0.10944 -0.041708 0.42717 0.093394 -0.057688 -0.0055274 0.082963 0.0078184 -0.0091483 0.029859 0.027958 0.030321 -0.27142 0.0048445 0.39672 0.080102 0.24208 0.024003 0.39191 0.046321 -0.0243 -0.0035719 0.0531 0.0059839 0.00056944 -0.00028808 0.0019292 0.00073023 -0.043122 0.013776 0.047121 0.017549 0.025979 0.0014939 0.061723 0.0057854 0.00040404 -0.00032279 0.0043507 0.0011458
0.00012179 -0.00013628 0.0011903 0.00039639 0.036333 -0.0029846 0.046813 0.0089883 -0.028717 -0.00076194 0.076591 0.0021413 3.7848e-05 8.4826e-05 0.00032861 0.0002279 0.0016756 0.00035796 0.0086229 0.0013543 0.24602 0.017244 0.31473 0.071237 -0.19776 0.0012168 0.55176 0.014358 0.00012767 -0.0010746 0.0028068 0.0019007 -0.0038544 -0.0017002 0.011963 0.0089817 0.27412 0.0012868 0.30783 0.083783 -0.24308 -0.054281 0.47129 0.092939 0.0004132 0.00038731 0.0039461 0.0017255 -0.00043115 -0.00014839 0.00182 0.00076874 0.043163 -0.00095951 0.045956 0.0068096 -0.04139 -0.0079022 0.071031 0.0087965 0.00013619 -2.4564e-05 0.00054879 0.00018161
0.00022244 -0.00082294 0.0033056 0.00092754 -0.024652 0.0021533 0.039138 0.0027243 0.038137 -0.0013733 0.063795 0.0050372 0.00047937 -0.0058917 0.0060673 0.009154 0.0077326 0.00096119 0.015558 0.0038495 -0.15228 -0.066404 0.23729 0.076435 0.19082 0.0055071 0.49172 0.037646 -0.0069252 -0.005965 0.0077764 0.0080157 0.010857 0.0032043 0.015106 0.0054798 -0.1802 0.051774 0.21772 0.070319 0.23069 0.073034 0.58245 0.11188 -0.0077584 0.021868 0.0077584 0.026697 0.00054936 0.024735 0.00055587 0.024735 -0.0058088 0.1959 0.007289 0.1959 0.014449 0.1469 0.022325 0.1469 -0.00018741 0.019468 0.00021324 0.019468
-0.0033186 -0.00060424 0.0033634 0.00083988 0.053085 -0.003656 0.054392 0.0059373 -0.036667 0.039036 0.041522 0.042417 0.00056722 -0.00020338 0.00088329 0.00037025 -0.021035 -0.00031992 0.021189 0.0027158 0.38109 0.044389 0.3866 0.077527 -0.21474 0.0026288 0.24688 0.031015 0.0046874 -0.00057048 0.0052656 0.0016836 -0.01596 0.040153 0.021196 0.046776 0.34235 0.21 0.34555 0.33608 -0.19535 0.15891 0.23761 0.22991 0.0034877 0.033131 0.007644 0.03613 -0.00015988 0.0040454 0.00048945 0.004275 0.0011778 0.027427 0.0025769 0.027989 -0.0011082 0.022886 0.0029922 0.02352 -0.00068503 0.0058595 0.00083969 0.0059269
0.0011384 -0.0013197 0.0033873 0.0013613 0.039626 0.0023646 0.058279 0.010613 -0.029218 -0.00032633 0.067615 0.0030878 -0.0011938 -8.6458e-05 0.0015063 0.00023908 0.017765 -0.0019862 0.020765 0.0023424 0.26877 0.015567 0.38948 0.067479 -0.19588 -0.0015497 0.49624 0.021277 -0.0066323 0.00012266 0.011013 0.0016761 0.02033 -0.0024306 0.02369 0.0031451 0.22641 -0.019041 0.32838 0.062171 -0.16688 0.007746 0.52008 0.034277 -0.0033677 0.00075737 0.010139 0.0017938 0.0035705 -1.9356e-05 0.0040664 0.00021832 0.027314 -0.001427 0.040118 0.0065573 -0.019536 -0.0030018 0.088836 0.0036774 -9.3732e-05 -0.00012637 0.0018468 0.00038679
0.0024324 0.00049825 0.0029172 0.0007466 0.022076 -0.0067031 0.084988 0.017249 0.011381 -0.00096756 0.026366 0.037297 0.001261 -0.0042389 0.0022611 0.004343 0.0013909 -0.0029456 0.019456 0.0090441 -0.081448 -0.069706 0.25392 0.084614 0.38529 -0.075562 0.40439 0.11489 -0.0033773 -0.00048999 0.014406 0.0064131 -0.070799 -0.012115 0.077824 0.013206 -0.036304 -0.0022506 0.10097 0.061301 0.48568 0.10118 0.52296 0.12445 -0.0099864 -0.0028769 0.019902 0.0055467 -0.0098042 -0.0023594 0.010024 0.0026169 0.048961 0.010252 0.063267 0.014332 0.0030016 -0.030469 0.054447 0.041594 0.00078629 -0.0030401 0.0075411 0.0036738
0.00049818 0.001498 0.00070007 0.0015107 -0.0022542 0.0086233 0.0033311 0.014864 0.061942 0.0073871 0.061984 0.0096558 0 0 0 0 -0.0026048 -0.010615 0.0040795 0.018648 0.00022845 -0.082633 0.02727 0.11363 0.46726 -0.028029 0.46726 0.048178 0 0 0 0 -0.00063458 0.00014417 0.0023541 0.010081 -0.0080743 0.013303 0.031 0.063173 0.50389 0.036326 0.50389 0.0422 0 0 0 0 -0.00042144 -0.00021264 0.00059207 0.0039117 0.0012415 -0.0097839 0.0044499 0.039931 0.080764 -0.0023308 0.080764 0.010874 0 0 0 0
-0.0066997 -0.00042492 0.0067968 0.00053707 -0.017512 0.0014241 0.036406 0.0070512 0.0086288 -0.026024 0.068502 0.036554 0.0015853 -0.0014096 0.0045377 0.0023172 -0.017323 0.00073168 0.029429 0.057197 -0.25548 -0.1544 0.33628 0.31382 0.2148 -0.019995 0.51926 0.17155 0.014615 0.011809 0.096522 0.022982 -0.039095 -0.03685 0.061872 0.058372 0.045348 0.08105 0.23089 0.31367 0.068476 -0.0014856 0.34271 0.14697 0.0046674 0.0019548 0.1103 0.0036821 0.0049883 0.0079172 0.0073042 0.0080757 -0.014494 0.0032916 0.035479 0.0092793 0.00097925 0.0012874 0.044408 0.012456 -0.00095309 0.0008215 0.014436 0.0016177
0.00073368 2.576e-05 0.0020014 0.0003499 -0.015204 0.00063764 0.022929 0.0046486 0.043576 -0.00011265 0.043931 0.0065337 -0.014022 -0.0012488 0.017089 0.0014448 0.0079173 -0.017088 0.019819 0.018676 -0.19265 -0.092965 0.22288 0.14011 0.17778 -0.030743 0.28478 0.29129 -0.046983 -0.0038427 0.058707 0.020022 0.0086066 0.0064486 0.024206 0.049701 -0.22689 -0.081639 0.31081 0.1347 0.28646 -0.037746 0.63398 0.060226 0.025088 -0.0029225 0.046822 0.0088792 -0.0076097 -0.0089394 0.0076821 0.0093026 0.0058175 0.005974 0.016973 0.016115 0.018913 0.009186 0.065058 0.020305 0.006841 0.00016026 0.0088641 0.00049559
-0.0023804 -0.00012633 0.0029939 0.0003012 0.047512 -0.0045226 0.051067 0.012001 -0.036412 -0.0010115 0.076805 0.00156 2.8552e-05 -5.7867e-05 0.0016214 0.00015067 -0.0069191 0.0010893 0.014367 0.0053882 0.28882 0.017719 0.35389 0.14689 -0.21288 0.024025 0.48687 0.060323 6.7848e-06 -0.00010886 0.0057965 0.0017104 0.0005354 -0.0015516 0.0079349 0.0028434 0.24618 -0.017303 0.31372 0.068223 -0.19365 -0.0076569 0.5087 0.01207 -0.00032966 -0.00024507 0.0025427 0.0012744 0.00023672 2.5288e-05 0.0011453 0.00022491 0.034462 0.0016874 0.043943 0.0029255 -0.027521 9.5843e-05 0.076421 0.0020441 -4.5535e-06 -0.0001743 0.00038091 0.00025867
0.001899 -0.00044722 0.0066672 0.0015701 0.035055 0.0099275 0.049025 0.013681 -0.0178 -0.0048779 0.070567 0.0068639 -0.00075691 -0.00017947 0.0021728 0.00035077 0.010169 0.0033005 0.054877 0.010142 0.28601 0.018032 0.36222 0.075455 -0.18316 -0.005007 0.45351 0.020513 -0.0049503 -0.0002371 0.011957 0.002235 0.0087166 0.0065459 0.039749 0.0080503 0.25642 -0.020286 0.37571 0.093267 -0.18839 -0.017834 0.512 0.03602 -0.005745 -0.00077531 0.010382 0.001994 0.00091699 -0.00061631 0.0036379 0.00073032 0.040781 -0.001447 0.062495 0.0085261 -0.030724 -0.00069509 0.069166 0.0017195 -0.0011285 -5.5053e-05 0.001216 0.00019571
0.0033306 0.00094988 0.0042431 0.002523 0.053885 -0.0057612 0.069673 0.011229 -0.031881 0.0026252 0.033932 0.0037828 -0.0013915 -2.4617e-05 0.0019578 0.0002778 0.012643 0.0030471 0.066209 0.0062591 0.35145 -0.014688 0.49205 0.17007 -0.2061 -0.00574 0.22233 0.026997 -0.0099212 -0.00033914 0.010866 0.001936 0.0094666 -0.0021032 0.050731 0.0071512 0.34715 0.034417 0.47365 0.11913 -0.20423 -0.027049 0.27903 0.045942 -0.0097779 8.1449e-05 0.015302 0.0017873 0.0020158 -0.00054255 0.008166 0.00084597 0.054331 -0.0020994 0.069942 0.0095474 -0.038652 -0.001883 0.048631 0.0034826 -0.0010159 -6.6374e-05 0.0017255 0.00047059
0.00052202 0.0017654 0.014617 0.0058742 0.032235 -0.0043713 0.068691 0.028728 0.018926 -0.013817 0.050684 0.018416 -0.0092912 0.0015914 0.011895 0.0026709 -0.06905 0.030938 0.070807 0.031531 0.18968 0.091496 0.35013 0.18547 -0.047778 0.085076 0.30006 0.13346 0.053535 -0.019978 0.13834 0.032431 -0.0046101 0.0032642 0.011339 0.0065627 -0.09677 0.12241 0.39421 0.19458 0.023984 -0.17255 0.55879 0.23155 0.024729 -0.0064253 0.086314 0.020908 0.00026668 -0.00030197 0.0018337 0.00060537 0.0025076 0.0017264 0.065349 0.015334 -0.037702 0.011244 0.079628 0.022904 -0.00012639 -0.00036123 0.0070923 0.0020757
-0.013768 0.0024645 0.014407 0.0034942 0.03739 -7.0064e-05 0.079875 0.027829 0.012499 -0.0014034 0.070285 0.0072565 0.00052368 -0.00016676 0.0036343 0.0006963 -0.030697 0.0096597 0.034669 0.012114 0.042542 0.14899 0.40925 0.19055 0.13808 0.035468 0.40897 0.1248 -0.022636 0.0025725 0.040754 0.0074001 -0.002203 0.00025096 0.014671 0.0024683 0.0028889 0.05516 0.45156 0.16269 0.051041 -0.11061 0.5072 0.12395 -0.066414 -0.00083902 0.10299 0.0060355 -3.8622e-05 -0.00013329 0.0016626 0.00046544 -0.044753 0.0077748 0.082014 0.010315 0.026108 -0.004542 0.065604 0.0073929 0.00038512 0.00017775 0.013135 0.001111
-7.0014e-05 0.0060681 0.00028238 0.0060876 0.077511 0.05698 0.083693 0.057384 0.001138 0.00033414 0.001138 0.00088018 0 0 0 0 -0.00080849 0.0024391 0.0021217 0.016477 0.41078 0.015306 0.42418 0.059471 0.0030795 -0.00074273 0.0030795 0.0012839 0 0 0 0 -0.0021991 -0.029598 0.0041804 0.039281 0.53075 -0.089375 0.53778 0.18451 0.0026215 0.00082592 0.0026215 0.00082592 0 0 0 0 0.00085386 0.006131 0.001218 0.0067177 0.063118 0.024921 0.07662 0.04094 0 0 0 0 0 0 0 0
-0.000847 -0.00058589 0.0013704 0.0013332 0.001329 0.0011601 0.032835 0.0072138 0.011896 0.0014616 0.060744 0.0051995 0.0033164 -0.00049435 0.0043077 0.00090915 0.001479 0.00031095 0.011089 0.010059 -0.078877 0.050586 0.21475 0.097076 0.14913 -0.026956 0.47263 0.064007 0.018328 -0.0031578 0.021155 0.0041892 0.0066027 -0.002906 0.007501 0.010544 -0.17889 0.033724 0.42325 0.072024 0.21307 0.041968 0.62834 0.072173 0.013825 -0.0017187 0.016613 0.003301 0.0025423 -0.00044805 0.002606 0.0011584 -0.031115 -0.0024578 0.061739 0.010848 0.034822 -0.0080085 0.086211 0.014074 0.0019181 -0.00016616 0.0019394 0.00040567
0.0074598 -0.003025 0.0088583 0.0057524 0.0281 -0.057141 0.072108 0.090134 0.039427 -0.10041 0.039427 0.10756 0.0025893 -0.010463 0.0025893 0.010463 0.008959 -0.00084654 0.04778 0.015325 0.30751 -0.011804 0.56493 0.14775 -0.0011084 -0.0048778 0.11819 0.033449 -0.010982 -0.020601 0.025566 0.021661 -0.057814 -0.0050582 0.086378 0.020156 0.13311 -0.049725 0.45773 0.22043 0.1921 -0.12173 0.32543 0.18203 -0.0054139 -0.0013987 0.018239 0.0041212 0.0077148 0.0028106 0.019284 0.0044814 -0.041995 -0.0096159 0.065572 0.022183 0.059311 0.006142 0.10168 0.02657 -0.00048805 0.00034798 0.0026913 0.00077938
-0.0041962 -0.00064393 0.0056209 0.0010474 0.019104 0.0066792 0.045701 0.025669 0.021393 0.00062985 0.053966 0.013999 0.0012653 -0.0001821 0.015702 0.00083465 -0.045398 -0.0056312 0.056246 0.0085124 0.26273 0.057213 0.37045 0.13537 0.012 -0.030669 0.28891 0.14408 0.031973 -0.0055538 0.11906 0.011494 -0.026291 -0.016709 0.0445 0.024765 0.31618 -0.021432 0.62651 0.059122 -0.050155 0.032491 0.29686 0.1285 0.046282 -0.0015445 0.13538 0.015457 -0.0040905 0.0037451 0.0085491 0.0052917 0.045568 -0.0069167 0.076168 0.0077176 -0.013617 0.00089698 0.032525 0.012847 0.01201 -0.0015617 0.022571 0.003463
-0.0093774 0.0022957 0.009426 0.0025387 0.040027 -0.0038762 0.059815 0.013752 -0.026498 0.00070236 0.039031 0.007471 0.0013198 2.9348e-06 0.0017355 0.00013901 -0.073946 -5.2073e-05 0.074235 0.0079791 0.35075 0.055204 0.41113 0.18634 -0.23128 0.0090943 0.30149 0.039144 0.0080187 0.0012295 0.011005 0.003036 -0.045894 -0.0043638 0.065115 0.013767 0.31719 -0.053331 0.40459 0.1572 -0.23136 -0.020983 0.37179 0.049594 0.012727 -6.3645e-05 0.014532 0.0031599 -0.0033764 -0.0020734 0.0055034 0.0025485 0.045508 -0.0055128 0.060731 0.021971 -0.035807 -0.0032923 0.062904 0.0048768 0.0024334 0.00028057 0.0038932 0.00043692
-0.0042199 0.00074409 0.0043151 0.0037606 0.0085843 -0.0023361 0.011912 0.038597 0.03444 -0.020909 0.039177 0.056612 -0.00066559 -0.0003721 0.0028225 0.0077853 -0.014792 -0.036515 0.01637 0.042718 0.15938 -0.080347 0.25049 0.22796 0.11593 -0.053551 0.52274 0.25157 0.036302 -0.024217 0.037241 0.032254 -0.041304 0.058907 0.041838 0.062166 0.3206 0.015217 0.41201 0.095219 -0.05519 0.063992 0.30439 0.26268 0.024507 -0.021481 0.063615 0.03706 -0.0017723 -0.0068707 0.002337 0.010272 -0.028097 0.034354 0.044883 0.067498 0.0084532 -0.038297 0.04586 0.063591 -0.00084018 -0.0012646 0.0070138 0.0078518
0.0085182 -0.006229 0.0095006 0.0062968 -0.039018 -0.017577 0.047859 0.036587 0.014616 -0.0062517 0.084449 0.023088 -0.00031812 0.00039081 0.00051631 0.0017422 0.031323 -0.011835 0.04292 0.014089 -0.20885 0.0073014 0.43889 0.13136 0.17833 -0.025282 0.51191 0.093128 -0.0041195 0.0083618 0.0072541 0.010988 -0.010717 0.00386 0.013195 0.0044183 -0.05354 0.094883 0.42758 0.17762 0.12821 0.021578 0.38571 0.1541 -0.024126 0.0018958 0.027391 0.014555 -0.0019105 -0.00014462 0.0031619 0.00072883 -0.015683 -0.010616 0.078239 0.018446 -0.0017482 -0.010067 0.039195 0.014806 7.3778e-05 0.00068566 0.0018183 0.0022484
-0.0036676 0.00018698 0.0042558 0.0011129 0.021473 0.0038174 0.035547 0.008983 -0.0056354 0.015706 0.08198 0.018667 0.0086796 -0.0010854 0.0089072 0.0011694 -0.022697 0.0022765 0.026025 0.0064493 0.29906 0.049192 0.32439 0.066756 -0.083712 0.039893 0.57699 0.044601 0.01178 0.0063902 0.023272 0.0075836 -0.02856 0.0030794 0.032279 0.0075505 0.35494 -0.064689 0.41626 0.072679 -0.094883 0.016382 0.33439 0.050931 -0.004678 0.0017617 0.0089784 0.0031749 -0.0064109 0.0004795 0.006414 0.00048831 0.052089 -0.0015301 0.060642 0.0038925 -0.012107 0.000715 0.049805 0.0032473 -3.5216e-05 -8.0964e-05 0.00038865 0.00023037
-0.0033723 0.0035121 0.0038569 0.0066267 -0.0074122 0.0021481 0.12661 0.026426 0.0076611 0.0018932 0.028314 0.0063621 -0.0036143 0.00023653 0.0042317 0.0011141 -0.024232 -0.040835 0.026868 0.083196 0.25428 0.020396 0.47394 0.19201 -0.15122 0.051384 0.22072 0.07331 0.014864 -5.5487e-05 0.046164 0.0072538 0.0078952 0.080078 0.0083937 0.082549 -0.075251 0.041508 0.5115 0.21615 -0.0364 0.026911 0.45465 0.091032 0.023602 -0.0057374 0.040035 0.010333 -2.9348e-05 -0.00043392 0.00028837 0.0029499 -0.055243 0.010011 0.057457 0.021523 0.023083 -0.010154 0.085329 0.02009 0.0032613 -0.00017276 0.0044551 0.00058578
-0.0012117 0.00024053 0.0025233 0.0016731 0.039466 -0.0068526 0.04546 0.019303 -0.030367 -0.00077739 0.066139 0.0029182 -2.3949e-05 0.00012357 0.00066976 0.00036089 -0.010374 -0.00022273 0.015726 0.0079073 0.25723 0.02362 0.30484 0.14622 -0.18875 -0.031401 0.47112 0.059241 -0.0019656 -3.8139e-05 0.0037839 0.0021905 -0.022527 -0.0039669 0.024389 0.01694 0.30555 -0.015621 0.3477 0.13236 -0.23088 -0.0035286 0.49926 0.016631 -0.00018566 -0.00060911 0.0060369 0.0012011 -0.0027857 0.00051464 0.003154 0.0024693 0.043744 0.0045326 0.0505 0.013982 -0.033236 -0.0012337 0.070373 0.0032705 0.00011899 0.00018098 0.0012742 0.00029245
5.7677e-05 0.002448 0.00047586 0.002559 -0.00017256 0.015497 0.0044534 0.020741 0.075417 0.006246 0.075698 0.0084607 0 0 0 0 -0.0019245 -0.0039112 0.0021889 0.0093036 0.0049761 -0.02903 0.016003 0.051959 0.48435 -0.012689 0.48671 0.017414 0 0 0 0 -0.0016696 -0.0058215 0.0030939 0.019643 0.0067051 -0.015502 0.020912 0.13226 0.47572 -0.0033784 0.47572 0.047998 0 0 0 0 -0.00039244 -0.0092633 0.00068615 0.0096141 0.0033143 -0.07113 0.0041 0.073534 0.11397 -0.028334 0.11397 0.029024 -0.00013938 -0.00013938 0.00013938 0.00013938
0.00025065 -0.00036857 0.00039865 0.0010233 0.058621 -0.0042684 0.05929 0.0079895 0.0033975 0.0018581 0.0039596 0.0019216 0 0 0 0 0.0024216 0.001225 0.0045444 0.0066646 0.3889 0.066654 0.40848 0.076352 0.0017965 -0.0021976 0.0064507 0.0029835 0 0 0 0 0.0086502 -0.0438 0.010528 0.047615 0.53328 -0.14213 0.53376 0.22713 0.0032618 0.0010099 0.0074489 0.002034 2.2808e-06 -0.00042562 0.00010651 0.00042562 -0.00012057 -2.4319e-05 0.00038502 0.00039979 0.096155 0.01255 0.09642 0.014094 8.3525e-05 8.001e-05 0.00075979 0.00028691 -7.4858e-05 -4.2725e-05 9.4818e-05 4.2725e-05
-0.003941 0.00075685 0.0092679 0.0013601 -0.010762 0.00071886 0.024223 0.0067382 0.02685 -0.0027045 0.096736 0.0038715 -1.5431e-05 -0.00010298 0.00061388 0.00025569 -0.0035188 -0.026582 0.039302 0.027542 -0.046818 -0.020633 0.19434 0.05369 0.17378 -0.019283 0.64614 0.055334 0.0046942 -0.0009926 0.008406 0.0019619 0.0090229 -0.00076437 0.035404 0.0029745 -0.010432 0.0025842 0.17972 0.046576 0.15053 0.028277 0.64677 0.058289 0.014326 -0.0020221 0.016511 0.003546 0.0004072 2.7296e-05 0.0049513 0.00024932 0.0016302 -0.00087036 0.030495 0.0072439 0.017462 -0.00086594 0.092573 0.003082 0.0041326 -0.00011285 0.0044748 0.00034442
0.0021136 7.722e-05 0.007409 0.0015642 -0.011398 -0.009521 0.032246 0.012374 0.020529 -9.9561e-05 0.052876 0.008481 0.00030843 -0.00013373 0.0020576 0.00038372 0.011747 -0.02934 0.076402 0.029883 -0.18737 -0.079254 0.22663 0.079613 0.33649 -0.011844 0.40529 0.054773 -0.0019616 0.0012395 0.010773 0.003333 -0.0044688 -0.016123 0.045483 0.023156 -0.13407 -0.013556 0.4123 0.14147 0.4345 -0.016614 0.4358 0.037959 -0.006644 -0.0018464 0.012616 0.0046238 -0.0024556 0.00099188 0.0034223 0.0017592 -0.019814 -0.019348 0.078559 0.030764 0.062427 0.0031953 0.063343 0.010902 -0.00027091 1.112e-05 0.0012229 0.00037128
0.001703 -0.00077885 0.005854 0.001998 0.0068753 0.0020066 0.031505 0.0087265 0.013111 -0.0044767 0.11178 0.011369 -0.00028237 -1.077e-05 0.0011916 0.00040055 0.034018 0.0072739 0.059679 0.0096811 0.060362 0.018797 0.15317 0.03893 -0.0031711 -0.043331 0.72852 0.11351 -0.0050574 -0.0018714 0.0094641 0.0023729 0.037143 0.0057467 0.056164 0.0086394 0.10733 -0.047621 0.42021 0.16131 -0.088461 -0.11215 0.37267 0.14604 -0.0093083 -0.00067374 0.015436 0.002573 0.0019814 0.0029883 0.0036074 0.003026 -0.024514 0.0018931 0.045429 0.0081775 0.023796 0.0016175 0.034094 0.0082091 -0.0016742 -0.00039535 0.0028606 0.00061503
7.8554e-05 -0.0010872 7.8554e-05 0.0016334 -0.016509 0.0013017 0.074397 0.0076725 0.025673 0.0078617 0.040044 0.010314 -0.0056883 -0.00041141 0.0072845 0.00070054 0.00034617 -0.001799 0.00052972 0.02274 -0.069089 -0.00018744 0.31467 0.11456 0.1467 0.044832 0.58489 0.12696 -0.01766 0.0017517 0.030085 0.0079418 -0.012937 0.031489 0.013178 0.031489 -0.04123 -0.0082802 0.29781 0.046497 0.051592 -0.041283 0.6158 0.082836 -0.004259 -0.0056491 0.017088 0.0066837 -0.0043577 -0.0023884 0.004453 0.0037446 0.00092528 0.0013027 0.029608 0.0072059 -0.0076574 0.0028824 0.064504 0.012272 0.0012363 -0.00011434 0.0013606 0.00052567
0.010976 0.0037525 0.011417 0.003843 -0.02495 -0.006848 0.034861 0.02393 0.074186 0.00080039 0.07564 0.010363 -0.00026988 0.00049651 0.00053786 0.0018025 0.0025571 -0.021262 0.037245 0.044479 -0.10074 0.0071244 0.38559 0.16487 0.36506 -0.2089 0.36774 0.28436 0.0042505 -0.0092732 0.0052317 0.016162 -0.03116 0.0079418 0.035132 0.017212 0.093103 -0.13161 0.41627 0.24556 0.17269 0.040898 0.18889 0.25131 0.0029736 -0.021702 0.012448 0.062751 -0.0023377 0.0035738 0.0056513 0.0078692 -0.00068705 0.024558 0.0268 0.051758 0.018467 -0.003764 0.025272 0.020766 0.0015009 -0.0055003 0.0017564 0.0061997
0.010723 0.00029478 0.014253 0.0015258 -0.030839 -0.0058567 0.037668 0.010763 0.025178 -0.0058722 0.051644 0.012254 0.00030144 -0.00010591 0.0013326 0.00031321 0.066599 -0.026101 0.13656 0.027576 -0.2352 -0.097371 0.24429 0.098732 0.26863 -0.036071 0.40113 0.060285 0.0023255 0.0015166 0.010931 0.0023956 -0.02472 -0.010987 0.055015 0.019264 -0.079427 -0.021383 0.45199 0.19066 0.35654 -0.012856 0.44378 0.048481 6.7611e-05 -0.0013803 0.011454 0.0033036 -0.0045827 0.0007786 0.0051194 0.0016456 -0.019031 -0.01846 0.097923 0.033992 0.05904 0.00094705 0.05904 0.0069067 -0.00055695 -3.2052e-05 0.0013822 0.00018261
0.002642 0.0023269 0.0062435 0.0030927 0.052543 0.0024362 0.068178 0.01205 -0.030836 -0.00050179 0.032854 0.0044228 -0.0015464 8.5459e-05 0.0019859 0.00024126 0.012661 -0.00086879 0.064902 0.0048291 0.34437 -0.0027535 0.49269 0.14345 -0.19956 -0.0006727 0.21936 0.023099 -0.009387 -0.00019906 0.011801 0.0027152 0.010284 -0.0036346 0.042953 0.0048383 0.33925 0.0021306 0.46064 0.12771 -0.19862 -0.018553 0.34125 0.03344 -0.0099374 0.00010823 0.015776 0.0019349 0.0024408 -0.00032381 0.0065387 0.0010927 0.048588 0.0024417 0.065943 0.013273 -0.03094 -0.0024881 0.063702 0.0054191 -0.00092485 -5.6565e-05 0.002227 0.00034119
0.0013112 0.0056253 0.0013584 0.0056539 0.064893 7.9163e-05 0.069165 0.028061 0 0 0 0 0 0 0 0 -0.012597 0.0089695 0.015611 0.013376 0.48286 0.10552 0.60874 0.28845 0.0014689 -0.00046013 0.0014689 0.00046013 0 0 0 0 0.00038565 -0.00022771 0.0028292 0.0061061 0.36533 -0.047146 0.37917 0.073956 0.0018714 0.00012145 0.0018714 0.00088731 0 0 0 0 2.9689e-05 -0.0011561 0.00031641 0.0016777 0.054475 -0.0076466 0.056723 0.01343 0.0023889 -0.00086413 0.0023889 0.0008965 0 0 0 0
0.0018669 -0.020603 0.0018748 0.020603 0.017739 -0.1103 0.019371 0.1103 0.0028471 -0.022308 0.0060457 0.022308 1.3114e-05 -0.00035645 0.00018478 0.00035645 -0.059106 -0.012756 0.066843 0.015582 0.34412 -0.13455 0.35765 0.19974 -0.13069 -0.14058 0.36081 0.50368 0.046765 -0.037357 0.050546 0.054276 -0.049132 -0.0030432 0.051611 0.010127 0.29564 -0.0327 0.31664 0.098455 0.045215 0.01807 0.11187 0.08404 -0.0012279 0.0012485 0.0083642 0.003909 -0.0057363 -0.0008989 0.0061948 0.0021345 0.015858 -0.0097311 0.022442 0.011823 0.039035 -0.014251 0.04023 0.022756 -0.0005417 0.00027195 0.0010234 0.00039785
0.0054299 -0.0010242 0.0054708 0.0018887 -0.016613 -0.0087636 0.043824 0.01678 0.0047975 -0.014444 0.064231 0.023446 0.0011038 0.00011135 0.0014165 0.00027486 0.0090896 -0.0052246 0.0097077 0.0069764 -0.17525 -0.024684 0.43156 0.039673 0.17297 0.052589 0.4332 0.11555 0.0045455 -0.0012478 0.0074827 0.0019485 0.0073677 -0.0022338 0.0079254 0.006901 -0.14404 -0.009163 0.36816 0.055714 0.23798 0.005272 0.44586 0.1072 -0.0082252 0.012302 0.0185 0.014519 -6.0162e-05 0.025822 0.00013054 0.025822 -0.002514 0.17636 0.0099748 0.17636 0.012903 0.15355 0.016786 0.15356 -0.00057717 0.018397 0.00096417 0.018401
-0.00042998 -0.00042126 0.0010486 0.00071502 0.049905 -0.004582 0.062359 0.015334 -0.024845 0.0023791 0.058793 0.0049961 0.00075659 -0.00025236 0.003053 0.00063041 -0.0054426 0.0038611 0.028723 0.018642 0.387 0.031418 0.41789 0.11324 -0.22698 -0.016878 0.2695 0.065389 0.00061927 -0.001353 0.0066046 0.0047166 -0.008469 -0.00049898 0.021826 0.011628 0.39896 -0.045413 0.45913 0.11172 -0.23215 0.011181 0.26139 0.039948 0.003852 0.0022603 0.0075161 0.003794 -0.0031619 3.0846e-05 0.0053309 0.0021426 0.060519 0.0068937 0.069567 0.019011 -0.034447 -0.0060008 0.039221 0.0094407 0.00020622 5.8928e-05 0.0010615 0.00033887
-0.00081744 -0.0020497 0.0013619 0.0022041 -0.011665 -0.097565 0.012215 0.098131 -0.017554 -0.096278 0.025017 0.10603 0.0028313 0.0033655 0.0036518 0.01908 -0.0081445 -0.0089178 0.014942 0.069348 -0.048054 -0.044152 0.076202 0.20211 0.27925 0.0046018 0.28097 0.37605 0.013836 -0.023322 0.014281 0.13662 0.02233 -0.0089108 0.03616 0.14896 -0.2838 0.064158 0.30755 0.4285 0.21988 -0.066926 0.25877 0.25859 0.0035573 -0.016868 0.0057799 0.078169 0.001306 0.0023372 0.0025572 0.0037664 -0.0030141 0.02505 0.011021 0.026231 0.012375 0.037097 0.013635 0.037327 -0.00042456 0.0041938 0.0011549 0.0048831
-0.00038416 -0.0025293 0.00051488 0.0029926 0.080911 -0.0099954 0.081933 0.011825 0 0 0 0 0 0 0 0 0.00065416 0.031452 0.0026103 0.031801 0.5325 0.080419 0.53904 0.16104 0.00046657 -0.00046657 0.00046657 0.00046657 0 0 0 0 -0.00039652 -0.0014131 0.0020687 0.021186 0.41195 -0.0043984 0.42168 0.1096 0.0029662 -4.1734e-05 0.0029662 0.0013474 0 0 0 0 -0.00071058 -0.0059249 0.00086311 0.0064343 0.076789 -0.050599 0.080529 0.053978 0.0007663 -9.7861e-05 0.0007663 0.00020341 0 0 0 0
-4.4541e-05 0.00062548 0.00025151 0.00079091 0.085117 -0.0041505 0.085446 0.0084039 0.00039028 -0.00030074 0.0010328 0.00032356 -0.0001353 2.0927e-06 0.0001353 2.0927e-06 0.0063158 0.042471 0.011834 0.04963 0.56042 0.080669 0.57049 0.2451 0.006247 0.0011585 0.0078938 0.0019435 -0.00022623 0.0005551 0.00022623 0.0005551 0.0012492 0.010222 0.006313 0.012145 0.35879 -0.0032373 0.36403 0.074832 0.0021404 -0.00068518 0.0048121 0.0047445 0 0 0 0 -0.00028508 -0.0017166 0.00064846 0.0024037 0.055664 -0.015998 0.06044 0.021461 0.0023747 -0.0012047 0.0028125 0.0014665 0 0 0 0
0.0024404 -0.0002506 0.0034189 0.0013648 0.013521 -0.00070115 0.039548 0.0077084 0.0027444 -0.0065633 0.060967 0.017163 0.0020807 -0.00044104 0.0023583 0.00058995 -0.0082394 0.018338 0.03102 0.031439 -0.042396 0.0062612 0.19236 0.085851 0.16421 0.0039141 0.54366 0.045179 0.0087719 -0.0017869 0.017577 0.0027314 0.0057897 0.0024144 0.089506 0.010226 -0.16955 0.024251 0.23363 0.098888 0.25175 0.04616 0.65444 0.10128 0.0079274 -0.00080165 0.013784 0.0030534 0.0085509 -5.6705e-05 0.0085825 0.00050885 -0.033242 -0.0045312 0.04266 0.0087525 0.037261 -0.0012148 0.098995 0.0046045 0.0015053 -0.00028552 0.0015107 0.00061672
-0.011039 0.0014765 0.015431 0.0038406 0.044761 -0.02496 0.10613 0.037693 0.022878 -0.014126 0.029397 0.015282 0.0010406 -0.0009909 0.001314 0.0013685 -0.010027 0.0016009 0.075568 0.023866 0.083175 0.14898 0.39962 0.2726 0.22819 0.056393 0.31402 0.13645 0.013304 -0.005496 0.013833 0.0089206 -0.047251 0.015964 0.097927 0.021702 0.30173 -0.0063915 0.56627 0.16283 -0.010416 -0.007981 0.26817 0.054916 0.0027794 -0.00060457 0.016325 0.0043135 -0.011344 0.0024517 0.019058 0.0038504 -0.013592 0.0005281 0.044629 0.018906 0.050043 -0.012435 0.088871 0.014333 -0.0019887 0.00029225 0.0036281 0.0011701
-0.014237 0.0015439 0.014237 0.0018718 0.029249 -0.0013408 0.058985 0.022499 -0.021958 -0.0038503 0.081255 0.0086902 0.0028209 -0.00016856 0.0037164 0.00040494 -0.033931 -0.054358 0.038068 0.056769 0.29998 0.019534 0.39887 0.13268 -0.17517 -0.0074698 0.40032 0.035067 0.022511 -0.00020493 0.031369 0.004343 -0.0077407 0.0089039 0.030573 0.012207 0.3651 -0.029149 0.42735 0.11192 -0.21415 -0.017108 0.35939 0.039712 0.024885 0.0015162 0.032329 0.0047416 0.0042503 -0.0003851 0.0084096 0.00092359 0.039168 0.0035111 0.068792 0.010774 -0.033273 0.0025033 0.034417 0.0057369 0.0036974 0.00034985 0.0052629 0.00061896
-0.0044083 -0.00191 0.0077919 0.007662 0.050194 -0.021084 0.074128 0.04898 0.016759 -0.014491 0.076137 0.033306 -0.0061314 0.0013075 0.010509 0.0028527 -0.069115 0.053093 0.079244 0.05459 0.12907 0.091527 0.40914 0.31182 0.10628 0.10131 0.29305 0.23265 0.03546 -0.024158 0.10388 0.049271 -0.005155 0.0029954 0.014501 0.0087781 -0.060983 0.16783 0.4174 0.22945 0.042135 -0.096336 0.37503 0.2597 -0.0033074 -0.004828 0.067589 0.032618 0.00063249 -0.00043868 0.0025866 0.0013856 -0.014813 0.014968 0.034451 0.017195 -0.030192 0.021704 0.09493 0.043429 0.0077179 -0.0038425 0.0099992 0.0048312
0.0018961 -0.0083596 0.0026327 0.010104 0.031714 0.011241 0.038828 0.057642 0.0070062 -0.017062 0.024038 0.053034 0.0012616 0.00078262 0.0037356 0.0068283 0.018245 0.025473 0.061861 0.053612 0.40998 -0.068979 0.53539 0.18579 -0.03664 0.072838 0.052149 0.30955 0.0062201 0.00043273 0.013937 0.022439 -0.0060929 0.0080693 0.056493 0.038334 0.31842 0.020994 0.46696 0.17603 0.025388 -0.054514 0.028464 0.093817 -0.0075154 -0.0061191 0.010069 0.018124 0.010685 -0.0038205 0.011827 0.0043767 0.0096475 -0.0050701 0.047789 0.033699 0.010552 -0.048822 0.014322 0.080443 0.0012484 -0.0041311 0.0018652 0.0064919
0.0014031 2.6277e-05 0.0046079 0.0023451 0.042094 0.0016034 0.062049 0.011631 -0.035908 0.0041125 0.046723 0.004889 0.0028254 -0.00025319 0.0031315 0.00053299 0.0020555 -0.018547 0.018374 0.020159 0.3162 0.0016299 0.41818 0.1588 -0.19152 0.022601 0.41421 0.074183 0.015704 -0.0021995 0.017452 0.0041066 -0.008007 0.00030044 0.013189 0.0015655 0.28089 -0.013637 0.40062 0.07015 -0.10197 -0.014273 0.44843 0.074456 0.015899 2.6111e-05 0.017401 0.0024898 -0.00090369 -5.5843e-05 0.0018021 0.0007784 0.050301 -0.010431 0.060526 0.022624 -0.025079 0.0029829 0.067895 0.0073579 0.0019645 -0.00011763 0.0020727 0.00038886
-0.0019614 0.00020505 0.0023763 0.00096686 0.0376 -0.0027419 0.047853 0.015243 -0.024964 -0.00033407 0.073888 0.0022442 1.1403e-05 -1.5064e-05 0.00035155 0.00027824 -0.017617 -0.0053937 0.018868 0.013482 0.28435 0.014415 0.35273 0.17569 -0.1943 -0.027675 0.47212 0.047936 -0.0013898 -0.00077785 0.0048322 0.0013945 -0.022165 0.0010514 0.022852 0.011306 0.31287 0.017216 0.36358 0.075004 -0.22737 -0.0027659 0.43687 0.028679 -0.00038309 0.0007164 0.0048848 0.0021319 -0.0027684 -0.00014342 0.0028982 0.00073271 0.040381 -5.54e-05 0.040381 0.0030993 -0.032394 -0.0015428 0.063967 0.0018777 4.0963e-05 -7.8931e-05 0.00024467 0.00016304
-0.0082474 -0.0011699 0.0085241 0.0014779 -0.014575 -0.003423 0.034637 0.0056356 -0.00085515 -0.0010835 0.047476 0.01059 -0.00012128 0.0031577 0.0061251 0.0037545 -0.016584 -0.02744 0.051566 0.027909 -0.13977 -0.13163 0.16936 0.14503 0.097913 -0.12435 0.42289 0.2575 0.0010191 -0.0076693 0.038557 0.020057 -0.0099827 -0.0057651 0.021018 0.059683 -0.0023756 -0.04225 0.3502 0.24172 0.055791 0.11088 0.61691 0.20589 0.0059491 -0.0037372 0.014642 0.0092588 0.0025306 0.0037198 0.0068488 0.0087081 0.00501 0.0090651 0.023552 0.031171 -0.00014041 -0.010455 0.066349 0.027501 0.0016581 0.00047498 0.0027338 0.00072878
0.005526 7.5199e-05 0.0059454 0.00029644 -0.040667 0.0020158 0.060893 0.0048134 0.041709 -0.0004761 0.047687 0.0025072 0.0022202 0.00085925 0.0022413 0.0014793 -0.0059008 -0.020048 0.037226 0.054777 -0.084362 -0.12167 0.36815 0.18925 0.31984 -0.022472 0.36954 0.031798 0.012353 -0.0032153 0.012353 0.0053927 0.017381 0.023498 0.041825 0.035987 -0.21638 0.15066 0.37644 0.16964 0.32697 0.023435 0.42898 0.058407 0.011237 -0.0020394 0.011237 0.0030301 0.0029729 0.0024551 0.0041683 0.0033275 -0.041948 0.012138 0.065906 0.024701 0.04632 0.014174 0.055371 0.017629 0.0012066 0.0011113 0.0012679 0.0026161
-0.009018 -0.0011265 0.01039 0.0017854 0.077676 0.012512 0.091202 0.014238 -0.024102 -0.0021192 0.080116 0.0059456 0.00023946 0.00027258 0.0013525 0.00047166 0.042542 0.020383 0.095891 0.024531 0.14981 -0.0051508 0.44155 0.25004 -0.043649 -0.11332 0.45148 0.1299 0.0020684 0.0022345 0.012833 0.0038738 0.035727 -0.0090877 0.054374 0.016616 -0.17738 -0.083419 0.29693 0.084358 0.28149 0.024449 0.45769 0.069082 -0.0040385 -0.0020052 0.01481 0.003119 0.0022182 -0.0062175 0.010142 0.006473 -0.03666 -0.019622 0.046354 0.024818 0.080395 0.0055801 0.080625 0.010387 -0.001816 0.00014816 0.0022457 0.00056689
0.0023576 0.00011674 0.0047887 0.002219 -0.0071177 -0.025751 0.064428 0.031465 0.056076 -0.018434 0.059293 0.020181 -0.00072177 6.9416e-05 0.0017306 0.00062457 -0.013456 0.0083867 0.026445 0.012979 0.064278 0.21037 0.33769 0.2536 0.25176 0.035245 0.49025 0.18977 -0.0075477 0.0022618 0.0080563 0.0028479 -0.029464 0.0061431 0.033104 0.0097795 0.22916 0.039472 0.33049 0.089714 0.033189 0.070651 0.45927 0.12633 -0.0016469 -0.00038289 0.0097188 0.0022326 -0.0045502 0.0013396 0.0055402 0.0034772 0.057465 -0.011038 0.063233 0.015149 -0.016013 0.0033522 0.055219 0.012814 0.00060105 6.1079e-05 0.0010902 0.00034401
-8.8483e-05 0.00013422 0.00063918 0.00054393 0.060129 -0.0055231 0.07063 0.0082607 -0.001901 0.0010679 0.010658 0.0038498 -0.0018244 -0.00010075 0.0029303 0.00034002 0.00088107 -0.0011261 0.0044476 0.0081019 0.42055 0.019447 0.48254 0.042707 -0.030693 -0.023012 0.089914 0.03974 -0.012258 -0.0020789 0.015165 0.0036047 0.008096 -0.0011469 0.0141 0.0042824 0.41816 -0.003001 0.4861 0.062174 -0.21212 -0.11832 0.24592 0.13537 0.018245 -0.034995 0.044449 0.035867 0.00042044 0.0012487 0.0017868 0.001652 0.044532 -0.012359 0.062791 0.026004 -0.028695 -0.011533 0.041805 0.015042 0.00025007 -0.0010093 0.0026995 0.0013324
0.0016988 0.0028044 0.0077935 0.004107 0.017655 -0.011836 0.099494 0.012942 0.0079307 0.0017884 0.022124 0.0041921 0.0039675 -0.00036877 0.0039985 0.00075163 -0.025311 0.0050468 0.098801 0.0089317 0.093885 0.011831 0.68672 0.22794 0.14205 0.0053373 0.21807 0.076879 0.019212 0.0021243 0.019231 0.0062656 -0.033772 -0.00056051 0.097434 0.008031 0.18012 0.0171 0.53891 0.091911 0.044167 -0.027878 0.13305 0.045318 0.02241 -0.00069437 0.02257 0.0047357 -0.0056017 0.0011631 0.0097305 0.0013643 -0.016383 -0.007965 0.038606 0.015178 0.034678 -0.0092621 0.043731 0.010255 0.0024106 0.00028737 0.0025115 0.00066506
0.0013136 -6.3693e-05 0.0021562 0.00060407 -0.0051869 0.0036571 0.0077712 0.0051757 -0.030341 0.0084192 0.033538 0.0092752 0.0011842 0.001013 0.0019321 0.0012988 0.004497 -0.0061012 0.019395 0.0091458 -0.020543 -0.032036 0.056637 0.049659 0.00069775 0.14211 0.70885 0.22081 0.068075 0.040699 0.070237 0.042063 0.014178 0.00444 0.03818 0.0095986 -0.024466 0.023711 0.060671 0.08666 0.21876 0.057938 0.56726 0.095306 0.023 0.011212 0.027506 0.013086 0.002021 -0.00023903 0.0021267 0.0005542 -0.0057049 -6.8803e-05 0.0072844 0.0032238 0.044846 -0.0070771 0.074081 0.011718 -0.0034312 0.0008251 0.0035284 0.00090652
-0.0046092 -0.0010157 0.0079543 0.0015896 0.021281 -0.005453 0.10669 0.0059218 0.030711 -0.0093452 0.033074 0.0097957 -0.0012956 -1.1661e-05 0.0026574 0.00058312 -0.058508 0.011626 0.08782 0.013501 0.2763 -0.023081 0.57667 0.077512 0.10525 0.08054 0.23748 0.11223 -0.010757 -0.00015772 0.018537 0.0034589 -0.084262 0.0073148 0.098768 0.0089814 0.44301 -0.019327 0.48782 0.03834 -0.018976 0.0070364 0.088792 0.025763 -0.014577 -0.0010317 0.020018 0.002419 -0.01212 0.00018624 0.012688 0.00097617 0.060885 -0.0048498 0.070753 0.0056799 -0.0013219 -0.00062009 0.011904 0.0019559 -0.0022649 2.3757e-05 0.0028299 0.00041389
-0.0019367 0.002251 0.0027064 0.0039721 -0.018952 0.025302 0.024278 0.029425 0.0043776 -0.011811 0.017257 0.028582 0.0047178 -0.0083921 0.0054097 0.012181 -0.058985 -0.017857 0.061646 0.074762 0.049845 -0.28044 0.16007 0.31719 0.10891 0.035344 0.23841 0.2745 -0.027171 0.049842 0.029809 0.055009 -0.096629 0.0047455 0.10793 0.037121 0.11866 0.1846 0.29662 0.30534 0.31246 0.11056 0.41499 0.27685 0.0068297 0.0042716 0.02871 0.028827 -0.001603 -0.0020158 0.0045036 0.0045256 0.0018125 -0.022442 0.074015 0.027527 0.042319 -0.0072651 0.042647 0.018065 -0.0006308 -0.0015022 0.0016182 0.0020497
-0.0010933 0.0013967 0.0071288 0.0064164 0.047602 -0.0076386 0.080768 0.021713 -0.037639 0.0030732 0.1068 0.021802 0.00068036 -0.00039489 0.0027339 0.00085692 -0.019015 -0.0086589 0.042328 0.05075 0.19447 0.034664 0.26664 0.20438 -0.065064 -0.036779 0.67 0.073277 0.0171 0.0011116 0.022166 0.0024078 0.0018217 0.033955 0.054361 0.042179 -0.15239 -0.0243 0.18289 0.061797 0.15825 0.031114 0.49915 0.079998 0.02067 0.0076538 0.036133 0.0089886 -0.0045477 -1.2342e-05 0.0079411 0.00058788 -0.011825 0.015164 0.014648 0.027026 0.016192 -0.0052925 0.086416 0.016264 0.0032161 -0.00018236 0.0092744 0.0013527
0.0037198 0.0021812 0.0040863 0.0023541 -0.044932 0.010983 0.048477 0.022149 0.050425 -0.0017668 0.057728 0.014662 -0.0036178 0.0042459 0.0036619 0.0043213 0.047532 0.0061393 0.04805 0.041443 -0.31188 -0.15677 0.33135 0.36208 0.23979 -0.06255 0.35219 0.13574 0.011853 -0.014554 0.01767 0.025726 -0.018542 -0.042857 0.030164 0.054394 -0.099723 -0.095755 0.12818 0.12565 0.36543 0.049702 0.42854 0.16302 -0.022511 0.027589 0.033188 0.044235 -0.0016144 0.0024717 0.0019895 0.0026324 0.00020976 0.00039521 0.0042836 0.004635 0.054986 -0.0056317 0.057933 0.011996 -0.00039949 0.0011893 0.0013643 0.0026886
-0.00016816 -0.00011534 0.00021884 0.00034551 -0.0094995 -0.003829 0.010752 0.0054076 0.043016 -0.0020676 0.14592 0.01422 0.0028235 -0.00017854 0.0038534 0.00069725 -0.0070153 0.0087774 0.0073168 0.0091715 -0.07273 0.050777 0.15098 0.11802 0.20269 -0.072704 0.50704 0.14263 0.027373 0.003002 0.03012 0.0050749 -0.0032455 -0.010372 0.0087927 0.023035 -0.16742 -0.015843 0.26156 0.080725 0.26151 0.038862 0.64036 0.097466 0.029055 0.0025562 0.035429 0.0068406 0.00085963 0.00088032 0.0021221 0.0017153 -0.012149 0.010882 0.040553 0.026503 0.027222 0.0010918 0.083427 0.009724 0.0045571 8.0398e-05 0.0058599 0.00072017
0.00087459 -0.00094011 0.0015101 0.0011383 -0.022897 0.0013388 0.030445 0.012951 0.042669 -0.0061811 0.05004 0.0088789 0.0011064 -3.0816e-05 0.0011393 0.00027283 -0.0047565 -0.0082107 0.022077 0.021122 -0.10934 0.0031754 0.51956 0.12048 0.30646 -0.02091 0.32328 0.0544 0.0051626 0.00058747 0.0066955 0.0025543 0.055508 0.0087994 0.056603 0.018351 -0.26929 -0.024285 0.42905 0.14183 0.31846 -0.0050311 0.31846 0.052101 0.0033139 0.00055923 0.0050566 0.002672 4.0593e-05 -0.0024843 0.0022639 0.0031213 -0.0020601 -0.018209 0.014784 0.021891 0.043611 0.0032109 0.043611 0.0088562 0.00058863 0.00021512 0.00094842 0.00033128
-0.005804 -0.00042669 0.0082715 0.0011451 0.070285 0.012574 0.088581 0.015423 -0.023112 -0.0037222 0.063572 0.009575 0.00077233 4.3014e-05 0.0017118 0.00044248 0.027172 0.012308 0.086595 0.0195 0.15701 -0.0064513 0.39861 0.24363 -0.026745 -0.072718 0.48798 0.12127 -0.0040219 0.0013822 0.012195 0.0032714 0.08006 -0.012887 0.12022 0.022896 -0.25103 -0.095365 0.31568 0.095365 0.33199 0.023314 0.37408 0.047913 -0.012581 -0.0028655 0.015265 0.0037983 0.0020384 -0.0048729 0.012348 0.0055549 -0.028635 -0.013066 0.045109 0.0202 0.075945 -0.00019654 0.077732 0.0046535 -0.00089236 0.00038143 0.0022025 0.0011633
-0.00028056 8.6835e-05 0.00043695 0.00043575 0.054009 0.001034 0.055145 0.01265 0.00040538 0.00032899 0.0011269 0.00095669 0 -6.7012e-05 0 6.7012e-05 -0.00037888 -0.0057826 0.0016839 0.033509 0.45057 -0.035281 0.4548 0.16496 0.00079054 0.00052614 0.0068233 0.002023 -0.00011035 0.00011035 0.00011035 0.00011035 -0.00055661 -0.014673 0.00087848 0.019047 0.51037 -0.019512 0.51343 0.13227 0.002087 -0.0021878 0.0043416 0.0034581 -0.00011035 -0.00011035 0.00011035 0.00011035 1.9066e-05 0.0020682 0.00026629 0.0032016 0.074909 0.0064092 0.077207 0.01197 0.00025756 0.00014454 0.00031112 0.00030759 0 1.6903e-05 0 1.6903e-05
-0.0042838 -0.004156 0.0049445 0.0043084 0.04198 -0.036765 0.091675 0.040584 -0.0022641 0.00052826 0.0097033 0.0074442 -0.0052513 -0.0018595 0.0079339 0.0023144 -0.0036546 -0.0011761 0.0076423 0.0044804 0.21446 -0.15351 0.43188 0.18161 0.12947 -0.1319 0.20945 0.14765 -0.070965 -0.01181 0.074297 0.016947 -0.019911 0.025938 0.022782 0.029726 0.19374 0.049322 0.55195 0.11624 0.081112 0.07228 0.42537 0.13269 -0.0075859 -0.0065865 0.018804 0.0084143 -0.0077548 0.0036655 0.013014 0.010112 0.031036 0.026804 0.064231 0.026804 -0.0057449 0.021939 0.084663 0.022383 -0.00023737 -7.763e-05 0.0015794 0.00032277
-0.0013069 0.00032282 0.0021722 0.00069215 -0.016566 0.0036362 0.092164 0.031857 -0.005421 0.016313 0.10413 0.023999 0.010844 0.00079718 0.012301 0.0031213 -0.0017341 0.00097801 0.023866 0.0088851 -0.020503 -0.059518 0.25501 0.1939 0.087728 0.076703 0.52352 0.29499 0.022014 0.0025943 0.028451 0.014397 0.015159 -0.00022357 0.017138 0.014507 0.019926 0.10112 0.22073 0.1756 0.10407 -0.033297 0.57693 0.20776 -0.011388 -0.005564 0.029248 0.021434 0.00019268 -2.5796e-05 0.00034413 0.00048375 -0.0096873 -0.0034128 0.08763 0.039024 0.0032592 -0.025845 0.054451 0.034997 -0.0074607 0.004763 0.011949 0.0067347
-0.0057291 -0.0014874 0.0058218 0.0027458 0.057946 0.036836 0.071536 0.052996 -0.011165 -0.054387 0.026956 0.078521 -0.0056871 0.0012996 0.008612 0.007206 -0.031737 0.014259 0.057287 0.026458 0.1837 0.088503 0.43172 0.27757 0.12727 0.1808 0.3747 0.25574 0.014097 0.029636 0.019952 0.031628 -0.0095642 0.025787 0.037791 0.027346 0.18736 -0.032857 0.34197 0.054698 0.098023 0.007759 0.47426 0.061108 -0.010921 -0.0011459 0.035926 0.0021842 -0.0064842 -0.001887 0.0077135 0.0026731 0.042217 0.0004931 0.053204 0.0043188 -0.0031842 0.0011543 0.078696 0.006072 0.00058345 -0.00020403 0.0028263 0.00047613
0.0009551 0.0010278 0.0022972 0.001185 0.036958 -0.00083132 0.044446 0.0068383 -0.025753 -0.00064898 0.064174 0.0041533 -8.7269e-05 -0.00036459 0.00064193 0.00058905 0.0024822 0.0014069 0.011982 0.0045055 0.23631 -0.027905 0.35784 0.093961 -0.15592 -0.0061279 0.49168 0.021092 -0.0021256 0.00053838 0.0039114 0.0033563 -0.0028092 -0.0026476 0.010959 0.00431 0.2757 0.031743 0.39667 0.11253 -0.199 -0.025066 0.4798 0.048752 -0.0012353 -0.00041692 0.002813 0.0011977 -0.00029558 -0.00017675 0.001511 0.00036774 0.040436 -0.006927 0.057382 0.017199 -0.029238 -0.0022444 0.073589 0.0033356 -1.5028e-06 1.972e-06 0.00082741 0.00018661
-0.00077338 0.00017649 0.0054864 0.00076398 -0.01182 0.00026326 0.040692 0.014113 0.024058 -0.007962 0.033201 0.0096269 -0.0015198 -0.00016627 0.002131 0.00042093 -0.0043971 -0.0046715 0.031284 0.010595 -0.12558 -0.14941 0.25479 0.1703 0.28543 -0.026309 0.42527 0.039621 -0.0057021 0.0018578 0.0137 0.0053144 -0.048606 -0.00089635 0.077157 0.0068723 -0.071247 -0.051527 0.46426 0.20034 0.368 -0.020708 0.42183 0.05888 0.0018014 -0.00081768 0.012628 0.004715 -0.0062104 -0.00097725 0.0090611 0.0014145 -0.0035455 0.032076 0.027459 0.032092 0.048528 0.008855 0.058006 0.013404 -0.00016669 -0.00053461 0.0015384 0.00068126
0.0027947 0.00072874 0.0028793 0.0014459 0.01271 0.006549 0.025707 0.011317 -0.0099169 -0.0083051 0.1056 0.033385 0.0044199 0.00057468 0.0047262 0.00091528 0.0058661 0.0019775 0.025266 0.0068294 0.25876 0.011047 0.45612 0.18891 -0.25242 -0.13774 0.51907 0.17313 0.0079766 0.0018238 0.010826 0.0025596 0.013201 0.0078557 0.025776 0.01071 -0.10482 -0.13018 0.39308 0.23475 0.11698 -0.018681 0.18079 0.063052 -0.0001503 -0.00026086 0.0058142 0.002044 0.0010059 0.0010855 0.0053162 0.0032456 -0.02301 -0.0023072 0.03042 0.0069904 0.029396 0.0060246 0.029669 0.0073386 -0.00065085 -0.00014716 0.0015676 0.00031446
