0.00063707 -0.0017741 0.0029398 0.0032099 0.020814 -0.010777 0.035445 0.040463 0.018629 -0.021583 0.033023 0.034916 -0.00084043 0.0012229 0.0042209 0.0035806 -0.0051597 -0.013864 0.013193 0.017287 0.30685 0.0735 0.35035 0.18862 -0.059736 -0.035059 0.22052 0.26807 -0.017201 -0.02677 0.027515 0.050358 0.0043846 -0.0020968 0.010626 0.023147 0.20421 -0.20415 0.24918 0.2737 -0.071485 -0.17194 0.42853 0.3973 0.01035 0.0034128 0.021533 0.026925 0.0013357 -0.00080385 0.0027533 0.0026927 0.026311 0.01424 0.049159 0.027943 -0.0047938 -0.00292 0.040892 0.029338 0.0011061 -2.7253e-05 0.0024921 0.0023595
-0.0012038 -0.00041049 0.0023838 0.0036335 -0.0023472 0.01147 0.013396 0.014933 0.00097916 0.0086313 0.014388 0.017622 0.00045957 -0.0013316 0.0019246 0.0022359 -0.016598 0.0020292 0.02318 0.014776 0.15855 0.20483 0.31473 0.30136 -0.08249 0.24315 0.14309 0.2633 -0.0087083 0.019869 0.028929 0.033449 -0.030672 0.011142 0.037411 0.025062 0.42077 -0.028703 0.45295 0.21507 -0.23997 0.019744 0.24076 0.15317 -0.0014853 0.005469 0.022833 0.021776 -0.0044096 0.0039131 0.0064837 0.007033 0.015119 0.0098457 0.025163 0.06031 -0.019277 -0.024178 0.027826 0.05798 -0.0017407 1.198e-05 0.0054584 0.004557
0.0014584 -0.0022245 0.0028012 0.0036092 -0.010037 0.013906 0.013221 0.024428 -0.000612 0.00092051 0.023037 0.02317 0.0015899 0.00068159 0.0022425 0.0015694 -0.0038604 -0.030396 0.035379 0.036142 0.19777 0.071333 0.276 0.28653 0.026683 0.27988 0.098007 0.35025 0.014495 0.026322 0.03344 0.040714 0.002542 0.0024708 0.029899 0.014924 0.47061 -0.089987 0.5281 0.17039 -0.0046892 0.022684 0.085251 0.11933 -0.0053323 0.0047319 0.030897 0.033418 0.0008197 -0.00012875 0.0016639 0.0019603 0.049949 0.041034 0.05904 0.047709 0.0075384 -0.024248 0.051654 0.027883 -3.0971e-05 -0.00017641 0.0017931 0.0047068
0.0025695 0.0083154 0.0041807 0.011091 -0.0053114 -0.013537 0.023987 0.054444 -0.00043346 0.0054244 0.052594 0.027303 -0.0011217 0.0037894 0.0072388 0.0086788 0.0090639 -0.013442 0.014004 0.022263 -0.23308 -0.15116 0.265 0.41458 0.29244 -0.018996 0.30834 0.24533 0.0078193 0.011128 0.02224 0.035769 -0.012546 -0.0021592 0.031135 0.045431 -0.15207 0.13712 0.21075 0.21386 0.32747 0.078126 0.32747 0.25031 0.0073237 0.0027267 0.011723 0.014353 -0.0020404 0.0056585 0.0044507 0.0087416 -0.0070828 -0.00056554 0.031561 0.049603 0.013647 -0.0037902 0.022779 0.07531 0.0021568 -0.0014049 0.0039513 0.006633
-0.0010233 0.00052442 0.0020906 0.00667 0.048677 -0.0029848 0.060182 0.030714 -0.0021883 -0.0088585 0.023935 0.025254 9.762e-05 0.0016736 0.00075977 0.0042314 0.0098962 0.0050294 0.03839 0.03439 0.28206 0.095121 0.49433 0.28768 0.0050879 0.0012069 0.21399 0.31559 0.0042827 -0.0066386 0.0093405 0.015939 0.0034338 -0.0071871 0.026477 0.045486 0.24625 -0.042955 0.34132 0.25589 -0.082421 -0.14261 0.19096 0.32178 -0.0035534 -0.012621 0.032842 0.064305 -0.0011391 0.00095644 0.0042179 0.0068258 0.022769 -0.011 0.045189 0.027206 -0.012478 0.019906 0.038317 0.043354 0.0046426 -0.0057705 0.0060428 0.0074799
0.0010374 0.00065167 0.0025409 0.0012831 -0.0032974 -0.0022965 0.019988 0.014347 0.0018973 0.0034467 0.01042 0.013571 -0.0013028 -0.00095498 0.001923 0.0014665 0.0019628 0.00036657 0.017541 0.011739 0.1447 0.24192 0.28742 0.32766 -0.056136 0.27042 0.1835 0.28075 -0.003163 0.026656 0.020361 0.041956 0.0030787 -0.0097186 0.019599 0.014504 0.40811 -0.066053 0.44723 0.14559 -0.22377 0.0283 0.23968 0.15598 -0.0071296 0.0023408 0.014068 0.022351 -0.0034611 0.0048778 0.0037195 0.0051743 0.047542 0.033081 0.05861 0.057395 -0.01913 -0.003071 0.019568 0.018515 -0.00080856 -0.0016018 0.0019209 0.0017734
0.0017492 -0.00016977 0.0027367 0.0032938 -0.0023708 -0.0049757 0.015719 0.021521 -0.014787 0.0041919 0.040069 0.03075 0.0033867 -0.0027722 0.0055994 0.0056767 0.021028 -0.024817 0.033665 0.025979 0.17665 0.11076 0.24036 0.31255 0.019162 0.30466 0.13648 0.37292 0.017982 0.041095 0.031888 0.044899 0.028613 0.0034806 0.032808 0.026283 0.42545 -0.078615 0.54241 0.1435 -0.010217 -0.0072865 0.11771 0.097222 -0.0078683 0.0005469 0.018533 0.018892 0.0026414 -0.0006157 0.0039546 0.0022334 0.054565 0.012967 0.071549 0.025036 0.011872 -0.00079617 0.023312 0.01405 -0.0004158 0.00101 0.0024035 0.0030727
0.0019775 -0.00027114 0.0030566 0.002426 -0.0099477 0.010717 0.016567 0.015748 0.003841 0.0073668 0.010626 0.010969 0.0061256 0.0052857 0.0062718 0.0066228 -0.03659 -0.025397 0.052522 0.044816 0.19115 0.071682 0.27731 0.27545 0.079824 0.25805 0.17912 0.34626 0.0076595 0.018905 0.024975 0.038805 -0.021302 -0.0089488 0.035537 0.019097 0.42736 -0.0072267 0.51432 0.197 0.047695 0.0061617 0.16874 0.19972 -0.001364 0.0011465 0.028873 0.059622 0.0017804 0.0017176 0.002405 0.0043758 0.032705 0.0064319 0.057118 0.016934 0.017913 -0.00042851 0.034282 0.024243 0.0019811 -0.003786 0.0035702 0.0071617
-0.0048686 0.0020843 0.0050713 0.0033768 0.024787 -0.009085 0.036507 0.032178 0.042959 0.010328 0.089173 0.030487 0.0062855 -0.0051491 0.0069411 0.0059257 -0.0056079 -0.0046615 0.02929 0.026983 0.071212 -0.051239 0.16814 0.092985 0.39309 -0.12884 0.46839 0.18886 0.009419 0.0038852 0.024437 0.020771 0.00224 -0.0079894 0.013262 0.01553 0.24988 0.15559 0.28137 0.23863 0.25197 0.15513 0.32135 0.29747 -1.5103e-05 -0.0048435 0.0088853 0.021153 -0.00051186 0.0077141 0.0031131 0.007722 0.046137 0.036449 0.04719 0.041768 -0.0025129 0.009256 0.018478 0.034454 -7.8443e-05 0.0023 0.0035732 0.0027275
0.0032087 -0.0019915 0.0035477 0.0049223 -0.0062385 -0.0053048 0.019906 0.016747 0.011611 0.0062984 0.019358 0.024757 -1.6569e-05 0.0017169 0.004906 0.0072199 0.027243 -0.0010612 0.033698 0.033276 -0.073357 -0.15018 0.18901 0.17995 0.17639 -0.08292 0.34371 0.30091 0.0074977 -0.0003333 0.016552 0.015522 0.042813 -0.034686 0.053215 0.060574 -0.043192 -0.090088 0.28982 0.41706 0.24792 0.024362 0.37162 0.39891 -0.015967 -0.011988 0.038423 0.037048 -0.0017278 -0.002145 0.0025963 0.0034535 0.053032 -0.012157 0.069692 0.033647 0.012986 -0.025936 0.022033 0.03573 -0.0022209 -0.0052634 0.0068689 0.0070428
-0.0033902 -0.0012671 0.0060176 0.0050693 0.019788 -0.02028 0.045297 0.033096 0.050067 -0.041528 0.058655 0.049502 0.00029007 -0.0027395 0.0034489 0.0076584 -0.029858 -0.030149 0.048545 0.042246 0.0052742 -0.027545 0.1367 0.099883 0.42265 -0.094518 0.533 0.21005 0.016815 -0.0094454 0.027425 0.028763 0.00073582 0.0041519 0.010843 0.017688 0.19651 0.13543 0.24207 0.22166 0.26002 0.16226 0.31204 0.26602 0.0058567 -0.001453 0.012003 0.020133 0.00041897 0.006529 0.0014382 0.006658 0.030274 0.022763 0.034229 0.030864 0.00035368 0.018626 0.017804 0.022046 0.0030374 0.0035365 0.0036674 0.0042823
0.0035804 0.0027685 0.0066012 0.0038546 -0.0093006 0.027991 0.018701 0.032946 0.023245 -0.018137 0.043467 0.043053 0.0042713 0.0040015 0.0045782 0.007049 0.010742 0.0066037 0.031795 0.05133 -0.22802 -0.10381 0.26565 0.29098 0.32081 -0.065302 0.33264 0.32413 0.0012224 0.0069728 0.012043 0.020232 -0.010995 0.017128 0.021077 0.050832 -0.10511 0.14055 0.19129 0.29116 0.21333 0.029714 0.23307 0.34985 0.019385 -0.011645 0.029648 0.026242 -0.0039466 0.0010894 0.0052567 0.0032292 -0.0042166 0.020397 0.026858 0.04018 0.01715 0.16739 0.05445 0.18012 0.00060435 0.009468 0.0061352 0.010829
0.0028589 -0.005873 0.0036625 0.0063347 0.020043 -0.018512 0.037724 0.02966 -0.0044941 -0.0089877 0.015456 0.011715 -0.0029683 0.00039471 0.0032748 0.0029964 0.0055994 -0.010369 0.016156 0.030333 0.38809 -0.01359 0.43946 0.33912 0.0034413 0.09712 0.088222 0.25793 0.00014188 -0.021459 0.017465 0.083239 -0.00043885 -0.0040696 0.0076054 0.01027 0.36529 -0.072898 0.43219 0.22655 -0.02377 -0.12348 0.093173 0.18704 -0.0067939 0.014206 0.015238 0.018796 1.3943e-05 0.00020313 0.0014869 0.0022382 0.036127 -0.027223 0.036978 0.040243 0.024511 -0.018279 0.025687 0.025679 0.00040988 0.00011648 0.00087963 0.001594
0.00017654 0.0002576 0.0027751 0.0048086 -0.0014823 0.021824 0.016938 0.035348 -0.0059454 -0.026287 0.036058 0.091435 -1.5676e-06 0.0011055 0.0036199 0.004507 0.0038024 0.0037423 0.031931 0.020749 0.0056591 -0.26124 0.23085 0.31852 0.089803 -0.075782 0.35477 0.31791 -0.0024232 0.0085408 0.026303 0.029634 0.0046527 -0.0049297 0.040284 0.01874 -0.12637 0.011901 0.23851 0.14077 0.35378 0.097814 0.48165 0.21543 -0.0080101 0.00011424 0.015599 0.012293 -0.0019532 0.0033396 0.0041712 0.0033702 -0.02384 0.043958 0.051149 0.046603 0.025482 -0.020859 0.04911 0.037208 6.2494e-05 0.00029505 0.0035749 0.00043261
0.0023844 -0.0040835 0.0060082 0.0042746 0.055927 -0.03968 0.061801 0.049456 0.0056774 0.0029886 0.013032 0.01556 -0.0028221 0.0045496 0.0054724 0.0075786 0.0029259 0.0036833 0.01908 0.014578 0.39664 0.10704 0.44417 0.23527 0.015475 -0.058547 0.34077 0.15502 0.013165 -0.011812 0.029064 0.02798 0.011804 -0.0030495 0.015645 0.0086155 0.39466 -0.11058 0.43273 0.14565 -0.020972 -0.0086974 0.14042 0.10493 0.014033 -0.016115 0.029213 0.033351 0.0033979 0.0032309 0.0044181 0.0034868 0.040343 0.049936 0.045625 0.057259 0.00065516 0.004739 0.010295 0.017397 -0.0010665 0.0029073 0.001209 0.0060257
-0.00041208 0.0021346 0.005264 0.0030728 0.012382 0.00502 0.037336 0.035776 0.040573 -0.011755 0.067209 0.053581 -0.0024281 -0.0029937 0.0037972 0.0032574 0.032218 0.012403 0.059366 0.041747 -0.10513 0.006604 0.26737 0.13183 0.35126 -0.057813 0.43402 0.53246 -0.042075 -0.0037213 0.058415 0.023555 0.0085545 0.013345 0.037077 0.029073 0.057611 0.14544 0.22353 0.20417 0.055547 0.10534 0.18539 0.32737 0.0068402 0.00056555 0.019778 0.012565 -0.00056492 0.0025445 0.0035273 0.0039782 0.014928 0.0020983 0.023613 0.028277 -0.006444 0.0012226 0.019352 0.011298 0.0014317 0.0030542 0.0035148 0.0033406
0.0032269 -0.0051094 0.0041742 0.0052841 -0.00067025 0.011493 0.015065 0.021619 -0.0027847 0.0061662 0.013001 0.011399 0.0046099 0.0031504 0.0050976 0.0041902 0.020425 -0.0021979 0.023241 0.023138 -0.040315 -0.11432 0.36046 0.21895 0.28488 0.047484 0.32757 0.27664 0.00074301 0.013179 0.01589 0.036563 0.0069755 -0.0069786 0.014789 0.020822 0.014415 -0.093873 0.10721 0.1884 0.43278 0.038822 0.48718 0.19216 -0.00050975 -0.00061277 0.016141 0.050456 -0.0015144 0.0074489 0.0033047 0.0077926 0.028502 0.067382 0.040438 0.070235 0.0082399 0.010244 0.018162 0.019743 -4.1024e-06 0.00029277 0.0010461 0.0037607
-0.0047529 -0.0012025 0.0065359 0.0048502 0.015909 -0.011853 0.027381 0.039668 0.02877 0.051541 0.03461 0.060364 0.00021833 0.0018208 0.0029608 0.0033355 -0.055986 -0.0091453 0.063072 0.015271 0.16069 -0.042787 0.22666 0.14263 0.41028 -0.13533 0.45388 0.19787 0.0025944 0.013428 0.021763 0.028211 -0.0069985 -0.011488 0.021603 0.023897 0.18468 0.0037462 0.23399 0.20603 0.23016 0.056699 0.43515 0.2356 0.053535 -0.025472 0.056856 0.028614 0.00026538 -0.00067716 0.001918 0.0016978 0.046617 0.017762 0.052962 0.024408 0.019656 -0.002345 0.032404 0.01615 0.000135 0.00092525 0.0028736 0.0044997
0.0025708 -0.00088029 0.0043319 0.0029325 0.056329 -0.0074802 0.066277 0.035536 -0.033457 0.027743 0.035898 0.03102 -0.00081826 0.0027762 0.0028999 0.0042239 -0.01374 0.0086221 0.022715 0.030504 0.32175 0.057626 0.34973 0.29579 0.021676 -0.010971 0.22252 0.16566 -0.019208 -0.011058 0.02178 0.018619 -0.014346 0.02965 0.02672 0.034562 0.24837 0.037996 0.33928 0.38648 -0.10326 -0.080463 0.20301 0.43433 -0.0057593 0.0093863 0.045142 0.056942 0.0012735 -0.004019 0.0064777 0.0097974 0.0089102 -0.0034589 0.034529 0.042339 -0.0016339 -0.0081068 0.035135 0.046048 0.0014757 0.00050656 0.0039227 0.0037002
-0.00033149 -0.00085484 0.0018979 0.0018297 -0.0010557 0.0052282 0.01915 0.015011 0.043478 0.020392 0.086024 0.028892 -0.00015793 0.0043721 0.0028592 0.0047452 -0.0056399 -0.0093938 0.021461 0.016012 0.12177 -0.013799 0.2096 0.079828 0.29318 -0.16454 0.4741 0.22772 -0.027246 -0.003655 0.027638 0.028307 -0.01859 0.023501 0.019608 0.026855 0.15125 0.14099 0.37154 0.35432 0.18535 0.19511 0.26681 0.26046 -0.010574 0.0029174 0.011256 0.014116 -0.0010083 0.0018909 0.0035381 0.0032594 0.019612 0.0033157 0.059952 0.046729 0.0049965 -0.030599 0.031564 0.046868 -0.0024962 -0.0040191 0.0034223 0.0045948
0.0041286 -0.005187 0.0055635 0.0058352 0.00040242 -0.0046268 0.035589 0.056419 0.001697 0.012684 0.035313 0.082757 0.0054774 0.0054937 0.0072595 0.0072562 0.017521 0.0056741 0.027593 0.025184 0.25736 -0.012992 0.41411 0.23263 0.053169 0.15632 0.22825 0.31785 -0.026505 -0.0063241 0.035302 0.049298 -0.0064346 -0.010205 0.039072 0.051569 0.37474 -0.094368 0.46214 0.24335 -0.018394 -0.084963 0.1396 0.19493 0.012682 0.0057354 0.054377 0.027789 0.00065569 0.0037113 0.003657 0.0075164 0.057938 0.020364 0.081665 0.042538 -0.0031882 -0.00083403 0.0151 0.019862 0.0042571 -0.0011954 0.0049379 0.0019397
0.01066 -0.0044712 0.013534 0.005591 -0.0086144 0.015204 0.032727 0.065593 0.0013024 0.0051507 0.037478 0.085522 0.0054561 0.0059508 0.006772 0.0074811 -0.014584 0.0083663 0.040412 0.027743 0.29387 0.03532 0.41002 0.27423 0.037271 0.13411 0.28355 0.28971 -0.031652 -0.014432 0.042711 0.065599 -0.015671 -0.023504 0.027724 0.051414 0.37635 -0.036356 0.41587 0.24764 -0.024667 -0.072624 0.15768 0.19243 -0.028403 0.010391 0.049176 0.027663 -0.00063461 0.0058874 0.006201 0.0086449 0.047767 -0.0025087 0.056854 0.023566 0.0017757 0.0040074 0.026152 0.01134 0.0013406 0.0012848 0.0045812 0.0026968
0.0060898 -0.0060227 0.0073232 0.007513 0.0019801 0.010571 0.044185 0.063938 0.013376 0.019777 0.018232 0.037693 -0.0042161 0.00031737 0.0057089 0.0048322 0.0064718 0.0092673 0.050634 0.03875 0.32515 -0.056268 0.47385 0.17596 -0.047678 0.021052 0.14202 0.25904 -0.0077386 0.016046 0.03727 0.034608 -0.004037 0.0027198 0.023496 0.020859 0.25038 0.037971 0.51945 0.20675 -0.025508 -0.063885 0.22303 0.28954 0.022922 -0.0086359 0.029312 0.024206 -0.0018124 2.1308e-07 0.0044582 0.0027474 0.04272 0.018298 0.053928 0.02257 -0.040851 -0.027479 0.046338 0.037326 0.004336 -0.0068396 0.0054043 0.0074982
0.0088096 7.9508e-05 0.0090091 0.0033651 -0.0094138 0.013522 0.041465 0.025323 -0.016228 -0.0033809 0.053541 0.030398 0.0066441 0.00078925 0.0080163 0.0050552 0.032224 -0.0011949 0.036567 0.027123 -0.11928 -0.090202 0.40122 0.13373 0.20997 0.073155 0.42048 0.23875 0.031941 0.0056799 0.054599 0.028642 -0.0027047 0.050847 0.020183 0.05307 -0.048125 0.13002 0.32651 0.31858 0.1034 0.043001 0.40362 0.27203 -0.0099225 0.0048888 0.036834 0.025123 -0.0013415 -0.014761 0.0082781 0.015774 0.011803 -0.057902 0.024812 0.083477 0.0088558 -0.01746 0.036533 0.049481 0.0030437 0.0014276 0.0068988 0.0051673
0.0012381 -0.00086968 0.00238 0.0015648 0.016292 -0.03538 0.05892 0.044392 -0.0051727 0.0024224 0.029189 0.019128 -0.0013124 0.0022903 0.002723 0.0034356 -0.01545 0.0029457 0.02719 0.027183 -0.03096 -0.12424 0.23722 0.21285 0.17798 -0.096107 0.31826 0.23138 0.01525 0.0026902 0.030837 0.035866 -0.0062444 0.011277 0.039772 0.02092 -0.043975 0.2254 0.47986 0.30585 0.17058 0.1037 0.38681 0.30531 0.0083176 -0.010335 0.031362 0.026683 0.00048691 -0.0024127 0.0044179 0.0036946 0.031501 -0.024695 0.067258 0.053431 -0.0043544 -0.0058214 0.026606 0.026014 -0.0028058 0.0026439 0.0068009 0.0049542
0.0020351 0.00095966 0.0028386 0.0023938 0.0083062 -0.0019092 0.020467 0.011008 -0.003256 -0.0015626 0.020313 0.021116 5.6998e-05 9.2885e-05 0.00042686 0.0038273 0.0045567 0.0088838 0.025628 0.016187 0.01954 -0.17959 0.21246 0.34912 0.086923 -0.12738 0.24355 0.25122 0.0027003 -0.018821 0.0084639 0.04348 0.0057022 -0.01965 0.012675 0.032604 0.14152 -0.033335 0.46265 0.43514 0.097321 0.12467 0.25774 0.30437 0.0049225 0.019941 0.01003 0.033246 0.0019041 -0.0024596 0.0044568 0.0028558 0.078253 0.019094 0.13439 0.056201 -0.016754 0.05378 0.050113 0.062717 0.001412 -0.001253 0.0030771 0.002847
-0.0017212 0.00031409 0.0054768 0.0015279 0.022724 0.018414 0.047769 0.038699 0.051947 -0.044202 0.060813 0.046856 -0.0034528 -0.0062798 0.0049296 0.0064828 0.041674 0.0089247 0.059873 0.035197 -0.11331 -0.013207 0.23956 0.16109 0.32718 -0.062089 0.58816 0.27193 -0.024748 0.0032454 0.038646 0.019687 0.0066095 0.013831 0.045089 0.028237 0.011479 0.13899 0.26486 0.17138 0.16175 0.080219 0.27234 0.34052 -0.012889 -0.0093529 0.032088 0.021798 -0.0023254 0.0034589 0.0052431 0.0042496 0.019243 -0.0010592 0.021823 0.020091 -0.011856 0.0014169 0.017889 0.007901 0.0018099 0.0024016 0.0036836 0.0026152
-2.5895e-06 0.00071119 0.0038674 0.0049873 -0.012304 -0.019794 0.027467 0.046022 -0.020787 -0.022222 0.036523 0.041325 0.0022532 -0.0025509 0.0063732 0.0069547 -0.024739 0.0040382 0.027092 0.039527 0.05601 -0.029716 0.38567 0.2788 -0.12088 0.063605 0.21774 0.25544 0.036945 0.019342 0.05274 0.03636 -0.091566 -0.029795 0.10367 0.043458 0.27375 -0.057796 0.37265 0.46096 -0.089153 0.013512 0.29771 0.25368 -0.0058749 -0.0050763 0.018438 0.020097 0.0020491 0.0049493 0.0047974 0.0054791 0.020897 -0.0064149 0.049342 0.029412 -0.0093412 -0.023163 0.049522 0.038615 -0.0010797 -0.0016152 0.0029317 0.0021795
0.0021358 0.00071246 0.0033682 0.0057905 0.029007 -0.0076764 0.041862 0.043932 0.0055327 -8.8277e-05 0.021087 0.023904 -0.0016495 0.001931 0.0022745 0.0032557 0.00012826 -0.0046253 0.022911 0.013219 0.24329 -0.039031 0.52165 0.17768 -0.092907 -0.050797 0.28753 0.27357 -0.0080482 -0.035969 0.026037 0.045554 0.0031631 1.6449e-05 0.0156 0.018709 0.34406 0.045804 0.41456 0.12331 -0.19005 0.0059449 0.23839 0.20245 0.0036396 0.029951 0.019449 0.042405 0.002918 0.0015167 0.0032484 0.0023124 0.03251 0.013875 0.042258 0.034145 -0.019829 0.035933 0.036749 0.061871 0.0011888 -0.0023126 0.0022531 0.0050436
0.0001647 0.0021109 0.0023988 0.0031343 -0.028087 0.009934 0.07379 0.025424 0.00028359 0.007487 0.030664 0.017084 -0.00012809 0.0031093 0.0023208 0.0034074 -0.027151 -0.013584 0.047017 0.037433 -0.21817 0.063046 0.58683 0.33437 0.16507 -0.0048122 0.22525 0.072241 0.0050742 0.0022167 0.011649 0.011337 0.00096049 -0.022732 0.037521 0.050265 -0.11571 0.00041911 0.43336 0.321 0.10618 0.12606 0.14285 0.18519 -0.00011332 0.010221 0.0082931 0.018726 -0.00071242 0.0031381 0.0031365 0.0052132 0.00018429 0.028751 0.014425 0.036407 -0.0028922 -0.019999 0.020586 0.039516 0.00036981 -0.0014224 0.0024737 0.0037526
0.0044464 0.0049642 0.0062784 0.0060666 0.041153 -0.051105 0.054964 0.055177 -0.027592 -0.045531 0.060489 0.047416 0.0002661 -0.00052072 0.0018268 0.0019471 -0.0099706 0.00056789 0.033514 0.019942 0.25332 -0.044402 0.40986 0.2601 -0.0875 0.05406 0.35826 0.34457 0.0095006 0.0036629 0.019168 0.0188 -0.027518 0.012867 0.05337 0.022137 0.24829 0.090569 0.30361 0.36785 -0.091059 -0.10282 0.25725 0.16963 0.011709 0.011736 0.021939 0.020736 0.00093437 -0.00027521 0.0030313 0.002589 0.00083527 0.0027046 0.018427 0.013532 -0.0021349 0.015076 0.033201 0.019273 0.001537 0.0009661 0.0032105 0.0016656
0.0034426 0.0045664 0.0052578 0.005956 -0.026973 0.023013 0.042892 0.032815 0.017885 0.0022201 0.035484 0.048885 -0.0083558 0.0059297 0.010996 0.007794 -0.025838 -0.032912 0.033881 0.036004 -0.1292 -0.21774 0.38452 0.34036 0.11833 -0.06931 0.309 0.33883 -0.00658 -0.013218 0.039404 0.044803 1.2317e-05 -0.031798 0.025862 0.080338 -0.0035291 -0.093057 0.35453 0.35322 0.19782 0.030057 0.23633 0.22467 -0.019244 0.016909 0.022373 0.039003 0.0010759 0.0084541 0.0019466 0.013249 0.012943 0.031968 0.048499 0.058617 0.011716 -0.01924 0.029707 0.040288 0.0012042 -0.0024528 0.0040468 0.0055144
0.0023026 -0.0024703 0.0030582 0.0036411 -0.00026103 -0.013985 0.012566 0.02845 -0.00079366 0.0049808 0.017354 0.023932 0.0041815 0.0073232 0.0052727 0.0079182 0.016937 0.0017212 0.029383 0.026612 -0.041199 -0.094042 0.26741 0.17297 0.39614 -8.1791e-06 0.40971 0.24341 -0.008343 0.019776 0.017359 0.034457 0.0008949 -0.034663 0.01027 0.040961 0.066233 -0.045856 0.1228 0.10751 0.36365 0.023216 0.52533 0.19513 0.025528 -0.018794 0.03894 0.032252 -0.0010346 0.0035784 0.0011212 0.003991 0.034195 0.054477 0.039036 0.056663 0.022337 0.013814 0.03471 0.024508 -0.00023693 -0.0018931 0.0016671 0.0051823
0.0014855 0.00079834 0.0033178 0.0027262 -0.022109 0.0032086 0.037672 0.021986 0.013834 -0.025113 0.022537 0.036094 0.0019367 -0.0041874 0.0055975 0.0050915 0.018042 -0.0093382 0.026139 0.01741 0.10396 0.020464 0.45584 0.21849 -0.11993 0.22478 0.49651 0.29409 -0.0047994 0.0085966 0.030316 0.019193 -0.011668 0.0017587 0.048299 0.013263 0.20599 -0.024122 0.39916 0.22814 -0.00044084 0.060606 0.1828 0.13207 -0.010537 -0.011954 0.036418 0.01918 0.0010473 0.001492 0.0061528 0.0050548 -0.014549 0.047676 0.066203 0.059079 0.026377 -0.0099008 0.042308 0.027574 -0.0052248 0.0040761 0.0071258 0.004954
0.00098196 -0.0039552 0.0043516 0.0062879 -0.012495 0.0097062 0.047689 0.047634 0.011153 0.0044903 0.032546 0.027199 0.00075875 -0.00080832 0.0029261 0.0027565 -0.093739 0.0053272 0.10286 0.028271 0.19351 -0.093952 0.3473 0.3003 -0.042345 0.050545 0.29841 0.32179 0.00085163 0.00057498 0.018576 0.026217 -0.040534 -0.031709 0.059757 0.059588 0.16137 0.090455 0.39258 0.38902 -0.068523 -0.082551 0.25618 0.28767 -0.00064839 -0.0025598 0.018926 0.024723 0.0014617 0.00091524 0.0056002 0.0045102 -0.0059901 0.0049258 0.047023 0.032283 0.00923 0.025806 0.043039 0.040057 -0.00095671 -0.0018327 0.0040723 0.0033352
-0.011663 -0.0018369 0.01196 0.0060448 -0.0054243 0.00098146 0.019276 0.013395 0.0018395 0.0017652 0.015237 0.011395 0.00018964 0.001571 0.0027455 0.0036451 -0.091249 0.0142 0.11067 0.036611 -0.070883 -0.0048487 0.21394 0.16803 0.23047 0.084603 0.41939 0.26207 -0.013996 0.014076 0.019893 0.029036 -0.02309 0.025265 0.034548 0.035165 -0.27874 0.27639 0.31495 0.36185 0.16828 0.091721 0.29409 0.27269 -0.014576 0.004224 0.02224 0.043013 -0.0048986 -0.0050887 0.0060418 0.0059018 -0.0061606 -0.013375 0.027619 0.032305 0.0090372 -0.014785 0.014158 0.020814 -0.0012028 0.00033721 0.0020734 0.0031662
-0.0027585 0.0045449 0.0065446 0.0075947 0.031161 0.0015891 0.06666 0.041383 0.0055404 0.012378 0.045698 0.042079 -0.0023374 0.0032616 0.0065796 0.0044754 -0.0054972 -0.0099768 0.039633 0.035906 0.28279 0.0050546 0.37229 0.26774 -0.11623 0.053038 0.26288 0.23468 0.012233 -0.0068932 0.037972 0.021531 0.0081239 0.010937 0.058704 0.052 0.30648 0.022095 0.50757 0.16738 -0.10087 -0.034787 0.22907 0.29268 -0.001435 0.0041341 0.068675 0.049511 0.0042019 -0.00064118 0.0067848 0.0041585 0.035792 0.0054561 0.077872 0.025738 -0.0087534 0.014591 0.0193 0.02825 -0.001177 0.0026135 0.0049246 0.0038834
0.0027522 -0.0024619 0.0039098 0.0044383 0.010336 -0.010708 0.018792 0.026397 -0.014057 0.014515 0.016258 0.016654 0.0012195 -0.0021279 0.0020618 0.003456 0.016975 0.010864 0.027238 0.029829 -0.11702 -0.15415 0.33374 0.30787 0.22843 -0.026661 0.2992 0.22611 0.0080896 0.03974 0.023809 0.048055 0.018342 -0.027893 0.027612 0.03627 -0.13344 -0.061571 0.28541 0.14187 0.41291 -0.0099011 0.44486 0.21912 0.0084448 -0.0060472 0.026543 0.026715 -0.00047764 -0.00058833 0.0015896 0.0022536 0.0041603 -0.00098757 0.013321 0.01842 0.059285 -0.00075402 0.070623 0.021936 0.0018414 0.00085196 0.0064951 0.0030488
-0.0021361 -0.0012497 0.005006 0.0034024 0.0050477 0.0095006 0.033148 0.026129 0.032725 -0.007005 0.078315 0.031272 -0.00013528 -0.011048 0.0029995 0.012836 0.00093415 -0.0017542 0.032925 0.031912 0.024477 -0.05696 0.13485 0.18653 0.2287 -0.046717 0.56952 0.25991 0.0061215 0.033691 0.023778 0.040298 -0.0088509 -0.0052793 0.037585 0.018112 0.0061174 0.014344 0.29852 0.26291 0.33227 0.086308 0.3955 0.19224 -0.017925 -0.010126 0.026336 0.021362 0.00066272 0.0018672 0.0031704 0.0041751 0.0014473 0.01259 0.034757 0.03254 0.038979 -0.00060542 0.054229 0.02707 -0.00090235 0.00049298 0.0028974 0.0071067
0.0016056 -0.00050639 0.0028675 0.0040618 -0.0059318 0.0029734 0.032598 0.027471 -0.0068691 0.014895 0.04713 0.041778 -0.0028665 0.0019187 0.0038075 0.0042874 -0.010249 0.011584 0.029749 0.029408 -0.12481 -0.0124 0.37101 0.2441 0.3287 0.01417 0.42838 0.32598 -0.049411 0.019145 0.05512 0.054609 0.0040723 -0.0041225 0.021448 0.022748 -0.096628 0.023851 0.25724 0.17804 0.25778 0.10547 0.32797 0.26032 -0.018118 0.0093406 0.023292 0.023201 -0.0015149 0.0009646 0.0036433 0.0039179 0.022981 0.0055567 0.060877 0.027265 0.0091041 0.0062692 0.05364 0.027859 0.0013534 0.00077122 0.0054359 0.0016376
0.0012487 0.0011773 0.0026161 0.0056454 0.022806 -0.050239 0.031566 0.055013 0.014906 -0.0065948 0.047323 0.042589 -0.00077239 -0.0031816 0.0023212 0.0035998 -0.0029786 -0.0097217 0.021834 0.017757 -0.004245 -0.055471 0.17699 0.16742 0.37704 -0.096168 0.40131 0.16716 -0.0016728 -0.02176 0.026131 0.045929 -0.010463 -0.011543 0.031773 0.020932 0.095315 -0.0031148 0.18774 0.12034 0.36826 0.0073926 0.46724 0.37596 -0.072468 -0.023281 0.09392 0.063442 -0.00086822 0.0011918 0.0018869 0.0026851 0.0040272 -0.007799 0.026139 0.035779 0.023341 -0.01059 0.042258 0.049505 -0.00037214 0.00361 0.0067509 0.0068389
0.0009955 -0.00057758 0.0033009 0.0027571 0.030406 0.033259 0.061562 0.059331 -0.018585 0.021597 0.027454 0.032007 -0.00082035 0.00099865 0.0032957 0.005231 -0.024489 0.010771 0.030494 0.029482 0.41817 0.037554 0.43274 0.22895 -0.19645 0.015749 0.20316 0.14232 -0.0094743 0.0024419 0.020993 0.01368 -0.017673 0.022406 0.035405 0.041034 0.15259 0.0097019 0.25171 0.37919 -0.1543 -0.045373 0.21153 0.39386 0.0047356 0.0025726 0.024793 0.039326 0.00055366 0.0045656 0.002696 0.0073969 0.0085201 0.030215 0.01576 0.054797 -0.0062488 0.0051531 0.025956 0.033565 -0.0018865 0.0024265 0.0036655 0.006204
0.0018649 0.0026624 0.0032092 0.003314 -0.0017703 0.045659 0.025551 0.054483 0.010758 0.018999 0.01817 0.023856 -0.001837 -2.8516e-05 0.0030065 0.0031892 0.017294 -0.0022189 0.028122 0.011454 0.36452 0.067777 0.47527 0.11078 -0.20303 0.16449 0.21906 0.2197 -0.020221 0.01233 0.023067 0.029677 0.044455 -0.00056167 0.050008 0.020359 0.3211 0.00058746 0.41288 0.29894 -0.1543 -0.048301 0.16755 0.15609 -0.015226 0.0014256 0.016179 0.01658 0.007587 -0.0019379 0.012102 0.0060545 0.014253 -0.0059595 0.025156 0.021322 -0.013095 -0.0033953 0.015996 0.017427 -0.0015104 -0.0012724 0.0017613 0.0022301
-0.0030374 0.0052677 0.0061211 0.006677 0.032782 0.000234 0.051796 0.024559 0.018268 -0.0046014 0.051216 0.037319 0.0038912 -0.00010752 0.0046124 0.0020409 0.0057281 -0.0054924 0.041515 0.025435 0.29608 0.1653 0.4898 0.27553 0.070393 0.091758 0.16954 0.20903 0.0087613 0.0013844 0.026352 0.026888 0.007947 -0.0091729 0.021049 0.018211 0.31878 -0.077823 0.35872 0.25207 0.054555 -0.011751 0.26713 0.29342 -0.001503 0.015218 0.013708 0.02255 0.0031242 0.0036154 0.0033421 0.0059714 0.037121 0.026095 0.053538 0.037776 0.015043 -0.0087679 0.024096 0.030204 0.00024411 -0.0023398 0.0024229 0.0038808
-0.0017486 -0.0017286 0.0049516 0.0040618 0.0048353 -0.014443 0.024083 0.027311 0.026394 -0.013161 0.027079 0.024682 0.00097399 -0.0081555 0.0058039 0.009942 -0.028007 0.031877 0.032549 0.054112 0.027238 0.16978 0.33119 0.32312 0.22177 0.059381 0.28111 0.288 -0.029073 0.019142 0.063076 0.069726 0.011292 -0.019562 0.01935 0.027675 0.017964 0.088915 0.30659 0.3612 0.12713 0.10653 0.34329 0.36941 -0.017893 -0.005222 0.033719 0.031159 0.00084284 0.002269 0.0040188 0.0035229 0.013335 0.0022921 0.026975 0.020272 0.015923 0.0004661 0.025546 0.025642 0.00016378 0.008021 0.0080025 0.011657
-0.0015083 -0.00016194 0.0029695 0.0047748 0.0032824 0.011889 0.036454 0.028223 0.011309 0.017281 0.043625 0.024456 0.0021562 0.0040147 0.0026747 0.0041927 -0.0053751 -0.012433 0.048457 0.076536 -0.18763 0.028675 0.24071 0.22945 0.3137 -0.067377 0.33305 0.23133 -0.022605 -0.014797 0.043781 0.034666 -0.027052 0.014602 0.044501 0.085101 -0.01747 0.061928 0.27517 0.42307 0.058186 0.10639 0.46374 0.23971 0.019953 0.022716 0.046365 0.034202 -0.0068133 -0.0056647 0.0076307 0.0090662 0.052852 0.0062169 0.053076 0.023435 0.00069601 0.018635 0.022168 0.026658 0.0008411 -0.0011032 0.0024425 0.0058796
-0.0010088 -0.00033388 0.0069959 0.0034732 0.011314 -0.017867 0.042877 0.043631 0.017728 0.020856 0.055324 0.029784 -0.00040077 0.0018929 0.0033321 0.0037571 0.0096002 -0.0057278 0.031705 0.037289 -0.029669 0.0078137 0.28841 0.26127 0.30751 0.037617 0.39575 0.20045 -0.003779 -0.036169 0.022519 0.039135 -0.0061531 0.0053482 0.068218 0.042304 0.15256 0.18848 0.32745 0.39754 -0.00058094 0.02888 0.35335 0.26954 0.025652 0.023383 0.034457 0.044562 -0.0027406 0.010237 0.012493 0.01182 0.0067513 0.0085612 0.024855 0.023689 0.0082179 0.0077737 0.065002 0.024142 0.0020182 0.0010198 0.0039681 0.0059693
0.00041945 0.00022431 0.0087178 0.0063684 -0.013238 0.009639 0.056271 0.02564 0.041958 0.022875 0.057148 0.035989 0.0028389 0.0020291 0.0044597 0.0040531 -0.0072589 -0.015705 0.015153 0.02889 0.056449 -0.079882 0.23574 0.16384 0.27808 -0.056842 0.40477 0.2749 0.024727 -0.018365 0.034523 0.037569 0.012337 0.0073697 0.024992 0.023992 0.19031 0.1827 0.31205 0.3401 0.12613 0.20383 0.33996 0.30622 0.043218 0.035937 0.0497 0.067309 0.0027168 0.001281 0.0051072 0.0043516 0.0090071 0.035804 0.062995 0.061001 0.014241 0.0026536 0.031935 0.024124 0.0019008 -0.0053037 0.0024437 0.0081427
-0.0013333 -0.0026069 0.0029666 0.0029309 0.0047716 -0.015578 0.018873 0.017687 0.0013372 -0.012889 0.073339 0.026223 -0.00012053 0.0033002 0.0038119 0.0078202 0.0088768 -0.0033886 0.030761 0.041587 0.0363 -0.062603 0.25366 0.14411 0.38253 0.15308 0.61427 0.21877 -0.012225 0.005262 0.027792 0.032052 -0.00065997 0.013428 0.019086 0.016219 0.094199 0.059343 0.21226 0.16862 0.20262 -0.094104 0.29783 0.26169 -0.024301 -0.022137 0.032992 0.037763 -0.0028772 -0.0021763 0.0041022 0.0031868 0.022931 0.014783 0.04864 0.020758 0.0074507 0.0099365 0.032772 0.021245 -0.0015336 -0.0009919 0.0036643 0.0042088
0.0041854 -0.002693 0.005507 0.003499 -0.020445 0.029808 0.040903 0.044504 0.021214 -0.0012102 0.063362 0.035164 0.00085656 -8.9323e-05 0.0022575 0.0024704 0.0051854 -0.02635 0.036153 0.061954 0.21344 -0.081737 0.38312 0.27786 0.060261 0.13484 0.22367 0.48648 0.0072548 0.0048447 0.047291 0.0625 0.018198 0.0068443 0.051534 0.029144 0.23452 -0.084418 0.35973 0.19399 0.090027 -0.080862 0.26718 0.21335 0.0069129 -0.017197 0.038382 0.035985 0.0025813 8.0376e-05 0.0068789 0.0046098 0.05967 0.018675 0.11347 0.060384 -0.0094589 0.024112 0.041882 0.04076 -0.0016638 -0.002288 0.0085532 0.0076967
0.00030991 0.0038266 0.0039516 0.0069715 0.0098442 0.017277 0.027752 0.029627 0.034533 0.017724 0.051975 0.030971 0.0023914 0.002918 0.0026693 0.0031635 -0.017897 0.020549 0.029861 0.031949 0.19999 0.099495 0.28509 0.18331 0.080114 0.11674 0.25756 0.2424 0.039315 -0.033699 0.046325 0.060416 -0.015854 0.016309 0.032493 0.06804 0.22159 0.016802 0.45856 0.32116 -0.13411 -0.010267 0.37151 0.36743 0.041607 -0.0017242 0.04185 0.043452 -0.00050711 -0.015495 0.0076367 0.017026 0.020445 0.0025317 0.03076 0.039759 0.013276 0.0013716 0.036139 0.030858 0.0064244 0.0046716 0.0067195 0.0072429
-0.0031256 -0.0014975 0.004526 0.0072795 0.014533 -0.012943 0.043128 0.051071 0.050836 -0.022961 0.054778 0.031952 -0.00076975 0.0026768 0.0059222 0.0049283 -0.028704 -0.028726 0.030303 0.031947 0.087319 -0.11494 0.23758 0.17245 0.33496 -0.22326 0.43757 0.29621 0.008879 -0.036821 0.018294 0.050854 0.036542 0.0073735 0.057074 0.025635 0.0014915 0.22365 0.29572 0.3681 0.18375 0.11247 0.24279 0.19872 -0.0067018 -0.0098151 0.011537 0.011781 -0.0013953 0.0062585 0.004201 0.0072668 0.030188 -0.0090601 0.050209 0.055532 -0.020044 -0.012733 0.023275 0.01656 0.0021084 -0.0018944 0.0032437 0.0031193
-0.00033641 0.0017474 0.0025012 0.0029376 0.0073367 0.0067681 0.025932 0.033459 0.042812 0.0064458 0.04472 0.02684 0.0012834 -0.0027716 0.0019003 0.0040991 -0.012916 -0.0098502 0.027446 0.03099 0.032011 -0.046791 0.17959 0.21387 0.35154 -0.057105 0.39654 0.11713 -0.012275 0.0068307 0.015984 0.014288 -0.0042455 0.00095593 0.029523 0.047658 0.00051085 -0.0017769 0.41672 0.17169 0.31605 0.055192 0.44586 0.30281 0.0089117 -0.027415 0.029312 0.039087 0.001684 0.0023373 0.0048478 0.0046162 0.017206 0.010748 0.044987 0.026001 0.019182 -0.018273 0.048572 0.050181 -0.00013046 0.0033473 0.0072536 0.008784
0.0012883 0.00089622 0.001578 0.0010369 -0.032957 0.003628 0.049874 0.012062 0.019931 0.0065016 0.03717 0.036787 -0.0011304 0.0024108 0.0061086 0.0071952 0.017648 -0.021866 0.030241 0.041034 -0.16303 -0.27916 0.39611 0.42766 0.19349 -0.10944 0.40254 0.36202 -0.0062252 0.0092757 0.027955 0.032417 -0.0042076 -0.022202 0.017372 0.027917 0.055772 -0.035014 0.2173 0.23474 0.1623 0.041844 0.21253 0.11058 -0.010369 -0.023344 0.052952 0.032075 -0.0016283 0.0025703 0.0029759 0.003045 0.018041 0.013114 0.021451 0.026918 0.016971 -0.0019913 0.019319 0.013075 -0.0034152 0.001933 0.0049478 0.0033879
-0.0030312 0.00071506 0.0049712 0.0038252 0.0040945 0.016431 0.034991 0.075135 0.0066456 -0.0047011 0.028158 0.019279 0.0006316 0.0010403 0.0011781 0.0022549 0.0060635 -0.017148 0.021866 0.029802 -0.016872 0.022108 0.40995 0.26719 0.087402 0.063871 0.30281 0.20174 0.0076987 -0.00089154 0.01254 0.016153 0.030269 -0.031003 0.040172 0.042651 0.20158 -0.024164 0.52603 0.17417 -0.11142 -0.032684 0.35243 0.32456 0.020095 -0.0076219 0.021084 0.018382 -0.00049157 -0.00039239 0.0035347 0.0056402 0.046123 -0.0063093 0.060406 0.02434 -0.0061438 0.0029206 0.015265 0.021591 -0.0015392 -0.00038827 0.0021526 0.0024575
-0.0030789 0.00097904 0.0069221 0.0049747 0.051165 -0.0057452 0.066448 0.024876 -0.00089775 0.0015425 0.014833 0.023723 -0.0021008 0.0047467 0.0041887 0.0062668 0.040113 0.065402 0.044199 0.07461 -0.07235 -0.10675 0.34625 0.26086 0.31666 -0.052976 0.40885 0.21466 -0.019521 0.02465 0.03837 0.055985 0.028157 -0.0040274 0.039578 0.025317 -0.12521 -0.021719 0.30198 0.14794 0.31443 0.0076728 0.43594 0.1443 0.021126 -0.022419 0.026804 0.029723 -0.0022453 0.00024082 0.0054427 0.0028243 -0.0076735 0.015852 0.022573 0.034563 0.040163 0.0010664 0.051859 0.01998 -0.0029228 0.0033245 0.0071183 0.0077973
-0.0058241 0.0059458 0.0077463 0.006338 0.002147 0.0091334 0.046421 0.027781 -0.0010962 -0.0060066 0.04925 0.042237 -0.003085 0.0039853 0.0083183 0.006226 0.0024621 -0.018769 0.034536 0.02511 -0.095536 0.15135 0.34773 0.33075 0.13144 0.17815 0.33172 0.25198 -0.016386 0.0057858 0.028099 0.014673 0.022542 -0.037743 0.043848 0.056737 0.091066 -0.1583 0.33236 0.29036 0.044066 -0.11031 0.42633 0.23942 -0.01755 -0.0030387 0.037581 0.013393 0.0040691 -0.0017311 0.0097325 0.008585 0.025054 -0.022459 0.083021 0.038441 0.021433 0.015713 0.042958 0.036587 -0.0055167 -0.0044882 0.0081829 0.0081386
0.0051176 -0.0036527 0.0055268 0.0052208 -0.016366 -0.010485 0.023251 0.018875 0.025941 -0.026076 0.044219 0.034264 0.0010553 0.00053083 0.0041271 0.0018853 0.03191 0.00073385 0.043447 0.019897 0.023187 0.035856 0.46984 0.24465 0.050386 0.1865 0.44587 0.24607 0.014549 -6.6311e-05 0.02538 0.027704 -0.006311 0.023328 0.030119 0.026554 0.12057 0.062035 0.40574 0.23491 -0.042014 -0.068771 0.32099 0.21957 0.00045597 -0.0036549 0.017444 0.023791 0.0004292 -0.01436 0.0061811 0.015089 0.01278 -0.034292 0.035106 0.066648 0.0076468 0.0041758 0.041769 0.040945 -4.62e-05 -0.0040206 0.0058218 0.0069481
-0.00040256 0.0017026 0.0054385 0.0029028 0.015772 0.03948 0.092052 0.061299 -0.011718 -0.0022447 0.029692 0.026148 0.0030035 0.0032807 0.0051535 0.0045816 0.0069742 -0.0074295 0.056654 0.028893 -0.14577 -0.1547 0.2181 0.23173 0.084172 -0.09425 0.36245 0.2816 0.010579 -0.0084087 0.038977 0.028661 0.042726 -0.018735 0.076142 0.038147 -0.31954 0.14859 0.38292 0.18787 0.22784 0.050582 0.38971 0.23381 0.013803 -0.0067034 0.032611 0.026954 0.0042476 0.0030041 0.0092697 0.007961 -0.037212 -0.044782 0.067911 0.084029 0.022732 -0.010511 0.064026 0.076066 0.00055018 -0.00048187 0.0074404 0.0041861
-0.0013334 -0.0057463 0.004408 0.0064849 0.023732 -0.019993 0.080253 0.065148 0.0067247 0.0083357 0.053681 0.028899 -0.0016229 0.0022668 0.0058028 0.0040045 0.013751 -0.0019077 0.029889 0.023412 0.14707 0.00079612 0.39575 0.34756 -0.024238 0.023743 0.33387 0.44768 0.01164 -0.044357 0.055525 0.086824 0.0055481 0.0035386 0.042498 0.03244 0.32236 -0.0092052 0.38427 0.16064 -0.13198 0.008537 0.16521 0.15892 -0.0089944 0.032006 0.020526 0.042209 0.00050922 0.003001 0.0027491 0.0047388 0.023615 0.024435 0.036669 0.034518 -0.003675 0.00037881 0.01303 0.016486 0.0016782 0.0021593 0.0018213 0.0028138
0.0018472 -0.00058972 0.0032791 0.0027605 0.02211 -0.028869 0.041725 0.0552 0.022431 -0.0096709 0.035122 0.043026 0.00088448 0.0073033 0.0013667 0.01052 6.1288e-05 -0.0025449 0.019861 0.0071372 0.026359 0.013303 0.1666 0.15909 0.37316 -0.022583 0.44564 0.1199 -0.013253 -0.0076228 0.015279 0.029187 -0.0045465 -0.0013914 0.018589 0.0095495 0.023 -0.055376 0.19151 0.22832 0.35455 0.004606 0.49576 0.33034 -0.0016661 -0.023573 0.020547 0.03296 8.6972e-05 0.0011431 0.0024733 0.0037059 0.0082821 0.015609 0.022557 0.029755 0.028245 -0.0052726 0.04781 0.031112 -0.0011268 0.00531 0.0063254 0.012122
-0.0013786 0.002622 0.0059068 0.010297 0.040724 -0.015496 0.048505 0.033439 0.025115 0.0046913 0.032321 0.025969 -0.0011592 0.0041659 0.0036124 0.0048748 0.011837 -0.031471 0.035861 0.042104 0.088674 -0.060755 0.19358 0.1988 0.307 -0.10124 0.40726 0.25174 -0.0013236 -0.0054986 0.022557 0.02781 0.018609 0.015703 0.033715 0.029198 0.051643 -0.1007 0.15585 0.14859 0.3124 -0.10883 0.50577 0.3533 -0.0060932 -0.039595 0.020205 0.066294 -0.0039732 0.0019161 0.0058149 0.0037037 0.028804 0.01156 0.040852 0.036944 0.015733 0.016875 0.025533 0.027748 0.0010153 -0.0020304 0.0023434 0.0035201
-0.0032481 0.001692 0.0041246 0.0034251 0.0083282 0.026674 0.033812 0.042303 0.037758 0.0013676 0.064239 0.04014 0.0050821 0.0016732 0.011957 0.0049367 -0.0010668 0.013224 0.020899 0.032221 -0.15567 0.034018 0.25696 0.17708 0.2988 0.035168 0.41822 0.30666 0.012455 -0.0030531 0.066518 0.068104 0.021032 0.011079 0.023249 0.017489 -0.17275 0.19 0.27246 0.27929 0.21081 0.012321 0.33061 0.31508 0.041797 0.011115 0.071254 0.052172 -0.0040324 0.0031941 0.0074976 0.0081068 -0.010594 -0.0080354 0.051434 0.031304 -0.0027667 -0.00063343 0.086963 0.039674 0.0081847 0.0012016 0.011981 0.0041921
0.00066346 -0.0026077 0.0050352 0.007329 0.076641 0.0058485 0.082298 0.035091 -0.0043053 -0.0029627 0.013629 0.019394 0.00086717 0.0053009 0.0038743 0.00699 0.059915 0.048782 0.067528 0.070639 0.085035 0.032996 0.36289 0.34294 0.21767 -0.12205 0.4118 0.22289 -0.028224 0.021072 0.039822 0.048701 0.054512 0.015899 0.05877 0.025098 -0.18485 -0.025886 0.28183 0.15846 0.31335 0.044627 0.38894 0.12556 0.013102 -0.028787 0.027833 0.040097 0.0014184 0.0017981 0.0061212 0.0038236 -0.0079353 0.022859 0.03282 0.044657 0.033288 0.0027646 0.048263 0.029821 -0.0038687 0.0042361 0.0060206 0.0063195
-5.0786e-05 -0.00071179 0.0017144 0.0026357 0.011552 0.0078002 0.034677 0.022215 0.059647 0.0055501 0.066486 0.035513 0.00022838 0.0018138 0.0026438 0.0032489 0.0078609 -0.0021104 0.03075 0.033797 0.35861 0.10266 0.47251 0.18789 -0.040761 0.027631 0.25357 0.19125 0.020412 -0.019134 0.033328 0.032542 -0.0078583 0.0075472 0.027049 0.021104 0.34804 -0.087683 0.42061 0.25437 0.016583 0.010438 0.24773 0.18635 0.00874 0.018566 0.028726 0.028628 0.0018254 0.0004328 0.003149 0.0033539 0.046445 0.018228 0.073071 0.027891 0.011073 0.0081474 0.055583 0.021535 -0.00092964 -0.001044 0.0052879 0.0027249
-0.0019288 -0.0014337 0.003054 0.0033967 0.0091206 -0.030246 0.029275 0.043978 0.016745 -0.016802 0.049598 0.032203 2.2281e-05 0.0049691 0.0033077 0.0079035 0.0016718 0.0052002 0.025089 0.025083 -0.067268 0.062599 0.35104 0.32079 0.32936 -0.055433 0.36644 0.24231 -0.0086394 -0.0093797 0.014937 0.017405 -0.0074549 -0.014066 0.025328 0.037802 0.098725 -0.097897 0.29709 0.39637 0.2108 0.069144 0.31379 0.15269 -0.0053776 0.0026254 0.013025 0.012535 -0.00041192 -0.00013132 0.0037288 0.0036492 -0.0064876 0.020579 0.038813 0.072196 0.044419 0.019992 0.048776 0.023797 0.00088823 0.00026048 0.0023195 0.0024898
-0.00099381 -0.0029751 0.005824 0.0094134 0.00043084 -0.0068196 0.048211 0.061842 0.011654 0.016933 0.075267 0.060052 -0.0035193 0.0026042 0.0091331 0.0084595 0.025115 0.0059011 0.049176 0.038149 0.20202 0.0265 0.43383 0.25853 -0.10856 -0.0986 0.41521 0.28627 -0.016158 0.0063157 0.05442 0.04053 0.039978 -0.0095951 0.058942 0.039539 0.040836 0.029218 0.23136 0.28622 -0.039726 0.084939 0.25725 0.41943 -0.00068225 -0.011445 0.02142 0.044719 0.00085412 0.0045903 0.006159 0.0079703 0.0051273 -0.0034871 0.030603 0.031122 -0.00073651 -0.0038885 0.034334 0.021143 -0.0012366 0.00089646 0.0059992 0.0035279
-0.0019102 0.0019074 0.0054295 0.0087086 0.031225 0.0021322 0.059134 0.040306 0.00017628 0.0078056 0.0355 0.037783 0.0023123 0.0018381 0.0079436 0.0049212 0.0023 0.0025297 0.048759 0.051346 0.27445 0.059454 0.42999 0.16053 -0.11416 0.12369 0.22776 0.26006 0.016665 -0.011702 0.039112 0.018936 0.0043014 0.0021742 0.045742 0.055431 0.25713 -0.025926 0.52471 0.15511 -0.078073 -0.095395 0.23105 0.30913 0.0083609 0.011075 0.045967 0.034287 0.0020012 0.0021499 0.0041649 0.0057849 0.033869 0.0088748 0.067028 0.021633 -0.0047786 0.00081986 0.024047 0.020307 -0.0010541 0.0010951 0.0046848 0.0017487
-0.0031126 -0.00047916 0.0057245 0.0017986 0.020334 -0.0029773 0.043936 0.020208 0.036575 0.00073834 0.05552 0.02898 0.00049095 -0.0016142 0.0034831 0.0037281 0.01048 0.0074944 0.040033 0.031501 -0.085134 0.1012 0.19634 0.23601 0.31956 0.018605 0.4055 0.21611 -0.019982 0.015146 0.027906 0.023376 0.028669 0.01899 0.037181 0.03371 -0.085114 0.27207 0.22885 0.32856 0.19795 0.037961 0.45494 0.17718 -0.035489 -0.00095172 0.037388 0.019058 0.0085431 -0.0059499 0.013166 0.0094098 -0.021443 -0.092424 0.06687 0.096309 0.025554 -0.046217 0.070933 0.059541 0.00065327 -0.0015332 0.007065 0.0042269
-0.00034629 -0.0039517 0.0074288 0.0087893 -0.028995 0.0040129 0.080253 0.065833 -0.0015601 0.10165 0.03487 0.13584 -0.0036092 0.0040445 0.0066942 0.0064865 -0.017787 -0.014502 0.048312 0.06096 0.18258 0.027336 0.50704 0.45161 -0.097143 0.028995 0.25621 0.22575 -0.011814 0.046511 0.050413 0.059144 -0.0058115 -0.0044174 0.04173 0.054185 0.14843 -0.11304 0.37236 0.32053 0.037636 -0.074301 0.12577 0.10797 0.013475 -0.014485 0.026438 0.030988 -0.00043364 0.002318 0.0085188 0.011487 0.012816 0.0068087 0.042699 0.020599 0.012371 -0.010832 0.025356 0.013902 -0.00055027 -0.0017872 0.0012891 0.0020207
0.0022735 -0.00094072 0.0054057 0.0013201 0.00064113 -0.0042132 0.026281 0.032723 0.045675 -0.020058 0.059634 0.032613 0.00066065 -6.6796e-05 0.0031518 0.0027619 -0.013995 -0.00023002 0.031303 0.025869 0.0036657 -0.048025 0.27686 0.34303 0.35005 0.01948 0.52049 0.30086 -0.015925 -0.017165 0.052787 0.060037 -0.0027857 0.0016934 0.023389 0.026661 0.023482 0.053999 0.14261 0.2491 0.21925 -0.030881 0.30568 0.23363 -0.003194 -0.0050331 0.040882 0.060405 0.0029712 0.0023888 0.0049387 0.0063784 -0.016096 0.0019333 0.044128 0.05314 0.040816 0.011804 0.056536 0.039366 -0.0013677 -8.9766e-05 0.007259 0.0066011
-0.0045164 -0.0028302 0.0063137 0.0093007 0.0031982 0.010892 0.034457 0.049135 -0.00048986 -0.011575 0.036299 0.036473 0.0010356 0.0018179 0.0048288 0.0044646 -0.049024 -0.02627 0.055848 0.036549 0.24462 -0.054668 0.32555 0.2092 0.013477 0.088495 0.20284 0.24439 -0.051659 -0.013494 0.063246 0.052004 -0.052833 0.045029 0.057771 0.04625 0.12786 0.068536 0.50769 0.33868 0.034794 -0.17205 0.32681 0.31248 -0.021168 0.0024848 0.039441 0.037985 -0.0039614 -0.0012465 0.0062696 0.0027313 -0.032042 -0.027347 0.038482 0.073563 0.0027355 -0.014411 0.027944 0.049211 -0.0023822 -0.0033424 0.0036806 0.0063994
-0.00027668 0.00034792 0.0029393 0.0046031 0.042754 0.07472 0.05542 0.078621 0.045393 0.0023742 0.073452 0.035279 -0.0041094 -0.0011214 0.0050934 0.0050008 0.076239 0.042694 0.084398 0.063727 -0.0041635 -0.10703 0.29947 0.26512 0.2233 -0.12488 0.33809 0.34971 -0.027416 0.0099336 0.067288 0.058187 0.037022 0.0089004 0.059716 0.054619 0.0065864 0.20384 0.40027 0.2597 0.093381 0.11643 0.2885 0.28064 0.039288 -2.6101e-05 0.049181 0.022603 0.0029675 0.0022429 0.0076269 0.0043891 -0.011805 0.0073783 0.050483 0.018087 0.0088749 0.0076306 0.056123 0.029506 0.0039384 -0.0020659 0.01008 0.0026045
-0.00068765 0.00021697 0.0017909 0.0026676 -0.00085064 -0.0070649 0.025743 0.023499 0.011404 0.015436 0.028092 0.041698 0.00080955 0.002034 0.0022439 0.00241 -0.012779 -0.031711 0.021058 0.036586 0.20274 -0.033722 0.39197 0.46372 0.037301 -0.017509 0.087432 0.10558 -0.013135 -0.017787 0.027757 0.019602 -0.021118 0.015204 0.052007 0.045766 0.274 -0.052312 0.46191 0.38597 -0.016622 -0.0675 0.22409 0.19904 -0.022782 -0.0095785 0.066441 0.040164 0.002021 -0.0034456 0.0039311 0.0073261 0.010016 0.0031233 0.025343 0.081977 0.018434 0.023779 0.033171 0.056663 -0.0014092 0.0038338 0.0078179 0.0063014
0.0037393 0.0027156 0.0044787 0.0048365 0.041986 0.00024035 0.056395 0.035175 0.011445 0.0058546 0.017469 0.025817 0.0014081 0.00039614 0.0028725 0.0033354 -0.0068335 -0.0036234 0.031958 0.026576 0.16982 -0.13105 0.29605 0.2816 0.14553 -0.1777 0.3462 0.30602 0.014539 -0.0036372 0.025676 0.024061 0.016007 -0.007611 0.038406 0.032855 0.028262 -0.036116 0.1648 0.12179 0.36027 0.095735 0.50741 0.22129 -0.0080214 -0.023601 0.028371 0.045765 -0.0021581 -0.00077199 0.0028154 0.0022954 0.019046 -0.014909 0.02431 0.021089 0.036536 -0.050767 0.065599 0.064553 -0.0027511 -0.0019625 0.011392 0.0091189
0.00092979 0.0010454 0.0026036 0.0027213 0.042951 0.022671 0.048599 0.033148 -0.005261 0.053334 0.028455 0.055352 -0.00021101 0.0095806 0.0035113 0.010558 -0.0066281 -0.0046879 0.0124 0.012077 0.45189 0.047291 0.55804 0.15879 -0.058694 0.025162 0.14809 0.0999 -0.00077386 -0.0020131 0.010157 0.014481 -0.019511 0.0068086 0.032627 0.027611 0.37945 -0.0091414 0.44792 0.18911 0.026228 -0.044788 0.097708 0.086087 0.00096979 0.0013517 0.013628 0.016867 0.0024048 0.0020386 0.00275 0.0033863 0.040174 0.010607 0.044714 0.014314 -0.00071696 0.0018854 0.019078 0.016374 0.00068226 0.0044567 0.0010106 0.0049552
0.0013948 0.00017247 0.003829 0.0022326 -0.029653 -0.0031985 0.042303 0.038104 0.012201 0.0030658 0.030825 0.023941 0.0023949 -0.00020383 0.0041298 0.0033209 0.0096665 -0.026622 0.024064 0.049705 -0.24901 -0.20665 0.38347 0.37263 0.096675 -0.015341 0.31087 0.47965 -0.0011388 -6.2631e-06 0.040649 0.058424 -0.0051206 -0.017948 0.023167 0.039995 0.099994 0.080062 0.23703 0.24226 -0.0017717 0.072399 0.2721 0.17815 -0.011325 0.00023623 0.05148 0.040339 0.00084601 0.0012654 0.0039631 0.0029724 0.015683 0.0064401 0.057119 0.028849 -0.0051128 -0.012028 0.051789 0.042728 -0.0014018 -0.0019104 0.0041649 0.0041414
0.0017648 -0.0062525 0.0038755 0.0077934 -0.013521 0.019702 0.046571 0.040112 0.0032054 -0.0013272 0.03466 0.03396 -0.0019311 0.0019525 0.006032 0.0096935 -0.0087271 -0.025585 0.038146 0.040623 0.1986 -0.10472 0.43151 0.26006 -0.062802 0.043796 0.2785 0.26826 0.007216 -0.011078 0.030172 0.023235 0.0039893 0.0043811 0.025422 0.05908 0.22145 0.044355 0.44507 0.25575 -0.065276 -0.15883 0.29216 0.29744 -0.019997 -0.0018412 0.030185 0.034344 0.006036 -1.3372e-05 0.011308 0.003433 -0.0043329 -0.0075852 0.02707 0.021279 -0.010937 -0.012928 0.030968 0.027166 0.00028067 -0.002787 0.0028376 0.0041379
0.00050055 -0.0010952 0.002786 0.002751 0.0047259 0.003442 0.029842 0.01259 0.042085 0.0077875 0.061347 0.024532 -0.00013096 0.0044468 0.00099777 0.0092396 0.01972 -0.00024453 0.027876 0.021883 -0.044368 -0.0091616 0.22638 0.16917 0.34579 -0.024503 0.57852 0.20113 0.014214 0.019837 0.01853 0.10584 0.0090405 0.0028583 0.021132 0.024246 0.00508 0.064673 0.17098 0.21014 0.2931 0.017925 0.4248 0.2117 0.00616 -0.032019 0.014067 0.045998 -0.0032972 0.00065831 0.005347 0.0033407 0.026299 0.003476 0.043907 0.024114 0.022956 0.013445 0.055377 0.029614 -0.00011382 -1.7863e-06 0.0022189 0.0074139
-0.0002248 0.00056515 0.0027972 0.005096 -0.00081859 -0.0064147 0.025241 0.027912 0.055449 -0.0058581 0.056411 0.019826 -1.966e-05 0.0011416 0.0010618 0.0038653 -0.0068501 0.013336 0.024948 0.036542 0.029937 0.030266 0.20745 0.31063 0.3847 -0.025684 0.39211 0.093236 0.00064594 0.0039232 0.0014487 0.014509 0.0083023 -0.014383 0.012206 0.032112 -0.072988 -0.037469 0.15895 0.22421 0.45925 0.016667 0.46067 0.15053 0.00048446 -0.0052374 0.0016086 0.040685 -0.00041215 0.0010012 0.0036138 0.0027739 0.010077 0.012233 0.027527 0.020278 0.036323 0.0050669 0.038487 0.033948 0.00028182 -0.00022446 0.00034527 0.0081553
-0.0044061 -0.0024299 0.0064758 0.0040864 0.037387 -0.020006 0.041293 0.039653 0.0205 -0.0079861 0.040518 0.023912 0.01841 0.0010048 0.024298 0.0052686 -0.001215 0.0098848 0.020545 0.045991 0.18657 0.1351 0.3659 0.23439 -0.0044601 0.0098926 0.35886 0.21896 0.13608 -0.030698 0.16234 0.045861 -0.0099749 0.011472 0.025965 0.017849 0.14663 -0.13071 0.29944 0.2451 0.080491 0.011992 0.43928 0.28968 0.092685 0.012111 0.094701 0.032386 -0.0016526 1.3449e-05 0.0046656 0.0030051 0.015292 0.030463 0.034814 0.040772 0.05816 0.08708 0.073152 0.097705 0.0060072 0.003612 0.0088479 0.006581
0.0030572 -0.00035697 0.0075335 0.0095762 0.0384 0.00053602 0.051438 0.031792 -0.0025194 0.0028435 0.042922 0.040764 -0.0031211 -0.001044 0.0046608 0.0026272 0.023201 0.020161 0.032909 0.030119 3.3006e-05 -0.02822 0.35915 0.23157 0.15575 -0.10651 0.3478 0.34404 -0.021484 -0.00024367 0.035726 0.018957 0.033975 0.014556 0.038859 0.040118 -0.10962 0.30435 0.30334 0.37225 0.042422 0.065826 0.31299 0.25564 0.016391 -0.0035632 0.047908 0.036 0.0078018 0.010008 0.0082947 0.012998 -0.014032 -0.0025115 0.019559 0.021817 -0.050416 0.020301 0.073533 0.068381 -0.0038227 -0.0063617 0.0091059 0.010676
0.0014562 0.003761 0.0035499 0.0045796 -0.0097344 -0.0076072 0.040837 0.045469 0.036533 -0.012241 0.059534 0.038228 0.0039198 0.0022996 0.0050429 0.0043501 0.0082485 -0.016561 0.02661 0.027576 -0.071635 0.086994 0.28017 0.22729 0.35542 -0.035383 0.37651 0.37235 -0.0012979 0.019559 0.01261 0.03659 0.015521 0.01299 0.033323 0.045881 -0.016137 0.047007 0.26158 0.38116 0.2096 0.05501 0.2986 0.25735 0.00074114 -0.014027 0.020694 0.02358 0.00050777 0.0034691 0.0034473 0.0063975 0.0042228 -0.0089341 0.059722 0.034462 0.015555 -0.017055 0.052667 0.057533 0.0029955 -0.0014037 0.0081476 0.0060195
-0.0014686 0.00064365 0.0037757 0.0033989 -0.003278 -0.029589 0.022759 0.031676 0.08194 0.017237 0.088518 0.033726 0.0025782 0.0023873 0.0043169 0.0046033 -0.001976 0.011581 0.015166 0.040412 -0.07909 -0.005665 0.15133 0.18921 0.32809 -0.31181 0.46611 0.45048 -0.0085781 -0.038318 0.021236 0.075355 0.0031264 -0.0058667 0.036091 0.022849 -0.13439 0.096132 0.16417 0.21488 0.16694 0.05332 0.29384 0.24287 -0.0058422 -0.017479 0.019593 0.030105 0.0017449 0.0012798 0.003217 0.0040755 0.00018054 0.010679 0.011209 0.017205 0.0030275 0.0062744 0.017392 0.029706 -0.0018672 0.0020838 0.0047759 0.0029929
-0.00072225 -0.0013554 0.0079326 0.0045169 0.025934 -0.010413 0.05627 0.043213 -0.0085975 0.00086331 0.03925 0.087861 0.0030225 -0.00036625 0.0050492 0.0038576 0.0046651 0.018006 0.066865 0.043093 0.20904 -0.030694 0.5087 0.20714 -0.036465 0.14138 0.32337 0.23992 0.014902 0.00015621 0.041274 0.022924 0.022859 -0.0039841 0.036333 0.027624 0.27471 0.084543 0.49007 0.21327 -0.066997 -0.032574 0.13923 0.20675 0.0008063 0.0041673 0.018995 0.039766 -0.0018695 0.00047773 0.0066981 0.010268 0.028551 -0.0078698 0.04231 0.03467 -0.008638 -0.014185 0.019652 0.024194 0.00069893 0.0023601 0.0025512 0.0035814
0.0019821 -0.0026941 0.011471 0.0058957 0.014657 -0.016576 0.028239 0.033954 -0.035275 -0.0020117 0.038719 0.026535 0.00085722 -0.0029822 0.0034985 0.0044679 -0.0032129 0.0058537 0.018457 0.020981 0.31077 -0.00098803 0.47704 0.21326 -0.097074 0.22633 0.20856 0.37196 0.0077262 0.048538 0.048803 0.058948 -0.021249 0.02221 0.080497 0.05914 0.25602 0.03337 0.35387 0.15867 0.036698 -0.098244 0.27138 0.22703 -0.015879 0.0032246 0.016231 0.02572 0.0009317 -0.0056146 0.0093824 0.0095346 0.025683 -0.010948 0.050025 0.030901 0.018076 0.029482 0.024536 0.032148 0.0021722 0.0019452 0.0033758 0.0036107
0.0019069 -0.00041389 0.0044003 0.0023692 -0.0064862 0.0081674 0.032744 0.031811 -0.00082774 0.018142 0.051444 0.065903 0.00057407 -0.0018606 0.0071005 0.0048742 0.0069389 0.0189 0.045027 0.076415 -0.14 -0.067871 0.32411 0.18588 0.19784 0.024429 0.31878 0.39264 -0.020404 0.0065364 0.033722 0.041179 0.0061363 -0.011657 0.052533 0.069096 -0.076706 0.0055621 0.35862 0.38423 0.2045 -0.0052877 0.31155 0.26677 -0.012499 -0.0010829 0.043406 0.030232 -0.0047713 0.0041271 0.0059923 0.0072522 -0.019476 0.033271 0.056357 0.070064 0.011902 0.014005 0.058393 0.055728 -0.0010737 -0.00029716 0.0049553 0.0041945
0.0037202 -0.0037297 0.010492 0.0086329 -0.0054318 -0.02633 0.03125 0.027376 -0.016159 0.010949 0.033234 0.032889 0.0017527 -0.0066406 0.0063429 0.0077105 0.032515 -0.010192 0.042615 0.035767 0.15633 0.051647 0.30031 0.15932 -0.16208 0.0065371 0.37259 0.20432 -0.028777 0.022718 0.07829 0.052004 0.016146 0.00011516 0.031673 0.019275 0.21564 -0.10055 0.4288 0.15717 -0.056054 -0.0662 0.53088 0.22758 -0.021664 0.033659 0.056064 0.040347 -0.0063751 0.01381 0.0078045 0.014097 0.0081006 0.032615 0.045464 0.039142 -0.0068241 0.0289 0.076525 0.063396 0.0069696 -0.0055579 0.012227 0.0088678
0.0010339 -0.0024445 0.0034516 0.0033998 0.0030051 0.0044861 0.021534 0.023071 0.0085619 0.0098279 0.020316 0.037015 -0.0032605 0.0033521 0.0046827 0.0060744 -0.023933 -0.0084691 0.041085 0.025641 0.25249 -0.11926 0.33001 0.35533 0.037482 -0.014023 0.091874 0.12302 -0.020332 -0.01938 0.050114 0.032792 0.015131 -0.044193 0.042543 0.066677 0.2808 0.044486 0.41258 0.46287 -0.026476 -0.054894 0.2809 0.26854 -0.039145 0.011899 0.076657 0.039924 0.0024799 0.0007044 0.0061989 0.0069941 0.03678 -0.002447 0.048175 0.023696 -0.0075719 -0.050324 0.031144 0.071744 -0.0083753 -0.012967 0.010467 0.015244
-0.00018124 -0.0036401 0.0065051 0.0062521 -0.024702 -0.042335 0.036147 0.04849 0.026648 -0.026193 0.068627 0.043423 0.00062427 -0.0055617 0.0037785 0.00908 -0.026743 -0.0023187 0.0464 0.030998 -0.029811 -0.071613 0.29386 0.27285 0.25543 -0.070347 0.46589 0.18389 -0.017595 -0.0098443 0.031661 0.025608 0.003423 -0.014348 0.024518 0.020022 -0.017621 0.06986 0.15967 0.20272 0.29864 0.14943 0.47302 0.25603 -0.012473 0.046362 0.037197 0.056616 -0.0009864 0.0022444 0.0024855 0.0034493 0.01262 0.015336 0.028048 0.024169 0.054204 0.013813 0.069617 0.036328 -0.0020009 0.0066012 0.0054196 0.0086316
-0.0033365 -0.00044733 0.0050927 0.0025439 0.013124 -0.0074115 0.0278 0.013701 0.051761 0.010808 0.066481 0.018831 0.0016016 0.00031039 0.0023617 0.0026109 -0.0057465 0.00070091 0.015468 0.010153 -0.029778 -0.053015 0.16331 0.11879 0.40417 -0.17856 0.52725 0.26817 0.0070162 -0.013961 0.019427 0.046664 0.015053 -0.0012675 0.020133 0.020831 0.045671 0.076945 0.17696 0.21444 0.29893 0.12449 0.39709 0.20013 -0.00053739 -0.0018133 0.0086885 0.030399 0.0012425 -0.0012917 0.0022115 0.0022987 -0.00013199 -0.0042228 0.013891 0.017363 0.040362 0.0058154 0.073228 0.028957 9.7755e-05 0.0013207 0.0014579 0.0048793
0.00071159 0.0018353 0.0050899 0.0049616 0.0023286 0.0063499 0.040152 0.046712 -0.0054443 -0.028204 0.016994 0.051261 0.0014854 -0.0063296 0.0043528 0.0079704 -0.014377 -0.029993 0.03482 0.036833 0.22268 -0.096115 0.41893 0.25188 -0.15689 -0.01438 0.30896 0.22836 0.0028107 -0.0090037 0.027975 0.030002 -0.022491 -0.0088106 0.037809 0.028851 0.15871 0.0081119 0.46863 0.29034 -0.061602 -0.12478 0.19932 0.34423 0.012557 -0.0035403 0.044834 0.032814 -0.00054114 -0.0037457 0.0027716 0.0049998 -0.00027469 -0.001108 0.044026 0.027536 -0.0050781 0.0015809 0.024616 0.017637 0.0013562 0.001006 0.0033379 0.0050264
0.009578 -0.012111 0.012149 0.014704 0.0024141 -0.023441 0.046644 0.072939 0.0012503 -0.0025984 0.055515 0.028178 2.2622e-05 0.0040614 0.0071608 0.0070672 0.024966 -0.0075197 0.050668 0.041045 0.32252 -0.011625 0.53034 0.40461 -0.061558 0.12149 0.27347 0.20093 0.018929 -0.008786 0.074929 0.029936 0.050185 -0.0049627 0.079619 0.054621 0.23202 0.097764 0.27266 0.27605 0.027981 -0.02672 0.14898 0.18321 0.0038399 -0.0033912 0.048406 0.025598 0.0084741 0.0025374 0.0109 0.0079799 -0.0030052 -0.022065 0.044101 0.030922 0.023736 0.0021778 0.03297 0.034185 0.00079226 0.0037344 0.0043111 0.0059957
