0.00016225 -5.0309e-05 0.00016225 0.00013797 0.027746 0.0053334 0.027913 0.006056 0.022808 0.0053676 0.022808 0.0053676 0.0014905 0.00039082 0.0015127 0.00050681 0.00081452 2.2172e-05 0.00081452 0.00024214 0.41877 0.094529 0.41904 0.095828 -0.058556 0.10323 0.2148 0.15412 0.0058688 -0.0029822 0.0080542 0.0033766 0.00099883 -5.7831e-05 0.00099883 5.7831e-05 0.46137 -0.07676 0.46137 0.077422 -0.094703 -0.039289 0.27791 0.11604 -0.0016371 -0.0033732 0.0056634 0.0050739 5.6159e-05 1.8736e-05 5.6159e-05 2.3386e-05 0.046128 -0.0077617 0.046238 0.0078284 0.012119 -0.005167 0.024048 0.0087252 -0.00029302 0.00034794 0.00037677 0.00071183
0 0 0 0 0.019006 0.0091508 0.019006 0.0091508 0.034665 0.03015 0.036999 0.030892 -0.00072537 -0.00089421 0.0018589 0.0017318 0 0 0 0 0.49557 0.073351 0.49557 0.12272 -0.082214 0.068894 0.20728 0.097508 0.0089668 0.011523 0.021813 0.013022 0 0 0 0 0.41219 -0.059536 0.41219 0.080957 0.029811 -0.05733 0.20327 0.12611 0.024301 0.012056 0.024584 0.013885 0 0 0 0 0.036585 -0.010479 0.036585 0.010479 0.029881 -0.012608 0.031886 0.0199 0.0022682 -0.00029015 0.0032521 0.0018148
0.00014581 0 0.00014581 0 0.041934 0.013493 0.041957 0.0135 0.0077179 0.0094302 0.0088748 0.0099838 -0.001986 0.0006212 0.0020721 0.001014 0.00074484 1.2143e-05 0.00074484 0.00026465 0.40179 0.07497 0.4028 0.090274 -0.056241 0.083661 0.15585 0.10687 -0.012981 0.0047171 0.014393 0.0056673 0.00032324 -0.0001131 0.00032324 0.00032324 0.45256 -0.092449 0.45256 0.092782 -0.070257 -0.036081 0.40514 0.10174 -0.010821 0.0033442 0.013033 0.0033442 8.573e-05 2.4328e-05 8.573e-05 4.5488e-05 0.032334 -0.0099499 0.032441 0.010361 0.021859 -0.015409 0.027773 0.020594 -0.00060211 0.00011372 0.0011438 0.00087792
0 0 0 0 0.042951 0.017407 0.043097 0.017598 0.03553 0.018994 0.03553 0.018994 0.0012966 0.00088922 0.0012966 0.00088922 0.00048445 0.00015175 0.00048445 0.00015175 0.47845 0.091226 0.48109 0.093229 0.050174 0.050548 0.11228 0.080029 0.0057495 -0.0043575 0.0061853 0.0048521 0.00048445 -0.00015175 0.00048445 0.00015175 0.45021 -0.12289 0.45074 0.12418 0.034206 -0.12527 0.12659 0.127 0.00085724 -0.0083231 0.013068 0.014548 0 0 0 0 0.035918 -0.011511 0.035918 0.011511 0.030681 -0.011532 0.030739 0.011788 0.00024823 -0.0023842 0.0011548 0.0023842
0 0 0 0 0.026845 0.009032 0.026845 0.009032 0.02498 0.015637 0.025689 0.016641 0.0017103 -0.00065316 0.0018048 0.000757 0 0 0 0 0.459 0.10271 0.459 0.10271 -0.069526 0.11761 0.26137 0.13475 0.0067518 0.0032754 0.013191 0.0054848 0 0 0 0 0.44287 -0.076003 0.44287 0.076003 -0.033217 -0.057953 0.17339 0.070764 0.013826 0.00173 0.014134 0.0049962 0 0 0 0 0.041439 -0.011882 0.041439 0.011882 0.019358 -0.013387 0.021279 0.014815 0.00090027 -0.00016294 0.0022549 0.00078091
0 0 0 0 0.022593 0.010425 0.022593 0.010425 0.04718 0.024105 0.04718 0.030121 0.0016535 -1.4166e-05 0.0027516 0.0027417 0 0 0 0 0.42846 0.1608 0.42846 0.1608 0.04128 0.10222 0.12182 0.11301 0.036552 0.011604 0.045239 0.013152 0 0 0 0 0.47558 -0.12399 0.48 0.12399 0.035656 -0.03324 0.16198 0.059569 0.031644 -0.00035744 0.036398 0.0075249 -4.3366e-07 8.1319e-07 4.3366e-07 8.1319e-07 0.038023 -0.019086 0.038023 0.019086 0.034998 -0.031277 0.037681 0.03634 0.004301 -0.00023678 0.0046397 0.0011766
0 0 0 0 0.039698 0.013469 0.039698 0.013469 0.02229 0.0065664 0.027507 0.011443 0.003917 0.0019052 0.0058074 0.0021932 0 0 0 0 0.46594 0.079828 0.46594 0.080752 -0.040684 0.049505 0.1662 0.084313 0.018964 -0.021815 0.018964 0.030954 0 0 0 0 0.47161 -0.076531 0.47161 0.076531 -0.10675 -0.052266 0.16201 0.064584 0.003906 -0.01249 0.0068275 0.013005 0 0 0 0 0.044178 -0.013881 0.044178 0.013881 0.0036438 -0.020897 0.016145 0.021031 0.00096304 0.00047042 0.0016775 0.0016815
0.0083645 0.0022256 0.0083645 0.0036836 0.0073517 -0.0184 0.012245 0.023297 0.036806 0.019527 0.040162 0.023913 -0.00037594 0.0071137 0.00097672 0.0081563 0.046787 0.04326 0.046787 0.04551 -0.11074 0.1062 0.18549 0.16716 0.49213 -0.063028 0.49213 0.14393 -0.0024288 0.003947 0.0027465 0.0068283 0.039946 0.0079947 0.039946 0.015723 -0.13021 0.22728 0.1945 0.27486 0.23621 0.11911 0.26324 0.24441 0.0047109 -0.013758 0.013879 0.017207 0.0069511 -0.0053001 0.0069511 0.0053001 0.0018759 -0.026839 0.026523 0.032581 -0.002229 -0.035047 0.027286 0.038091 0.00098998 -0.0054172 0.0019852 0.0063217
0.0050514 -0.0023216 0.0050628 0.0024479 0.015306 -0.0030035 0.020105 0.0086535 0.0099677 0.017935 0.023732 0.021261 0.0025628 0.00034493 0.0026294 0.0011988 0.023164 0.010324 0.028096 0.020836 -0.036364 -0.13759 0.33044 0.19735 0.30149 -0.21216 0.31071 0.26962 0.0011274 0.0035927 0.0053574 0.0057875 0.067548 0.020677 0.06789 0.028704 -0.197 0.18789 0.30578 0.24086 0.31832 0.16171 0.33185 0.21798 0.0061608 -0.0039491 0.0082524 0.01486 0.0057427 0.00043281 0.0057427 0.0013731 0.0054493 0.00097851 0.011491 0.0078838 -0.0023366 0.010135 0.012115 0.015034 0.001139 -0.00062258 0.0013255 0.0013781
0 0 0 0 0.053041 0.022073 0.053041 0.022073 0.010033 0.0029598 0.021116 0.016144 0.0035486 0.0015053 0.0037376 0.0015743 0 0 0 0 0.40588 0.090957 0.40663 0.094159 0.056044 0.1384 0.12684 0.17416 0.023221 0.0082848 0.024922 0.024042 0 0 0 0 0.49857 -0.11417 0.49857 0.12117 0.075582 0.04286 0.14216 0.08146 0.012394 0.0051659 0.012719 0.0072168 0 0 0 0 0.037643 -0.022551 0.037643 0.022551 0.052044 -0.052271 0.055286 0.052864 0.0014031 -0.00072306 0.0014608 0.0018383
-0.001757 0.0038858 0.0079185 0.0060464 0.0058511 -0.0042591 0.012166 0.01887 0.0089608 -0.0042411 0.01578 0.014824 0.0011862 0.0011966 0.0024361 0.0018947 -0.031574 0.0030368 0.049459 0.029606 0.3119 0.18114 0.35761 0.21544 -0.15288 0.20571 0.22796 0.22147 0.0049092 -0.0066358 0.010517 0.01082 -0.016928 -0.030304 0.029683 0.03467 0.30452 -0.16519 0.32654 0.31873 -0.14011 -0.18671 0.23277 0.28304 -0.0091805 -0.014827 0.013061 0.014874 0.0033777 0.00034001 0.0033777 0.001384 0.0086098 -0.0049091 0.016239 0.01277 -0.0048705 -0.022068 0.019036 0.022922 -0.0021532 -0.0043852 0.003746 0.0059435
0.013643 0.0033458 0.014496 0.0045739 -0.0060792 -0.0039431 0.043041 0.071405 -0.022787 0.0029883 0.024639 0.038685 -0.0017102 0.0051964 0.0019071 0.0051964 0.032569 -0.00051229 0.032865 0.025535 0.19889 0.23069 0.26479 0.3468 -0.12288 0.2587 0.23405 0.2819 -0.005534 0.010655 0.016801 0.012601 0.0045095 0.00035565 0.014846 0.019016 0.32475 -0.19806 0.36492 0.23501 -0.18657 -0.14418 0.25067 0.17068 0.0041794 0.0094252 0.012725 0.01662 0.0018141 -0.0026778 0.0030052 0.0040171 0.016425 -0.035309 0.025097 0.044115 0.014564 -0.016458 0.017112 0.019292 0.0012534 -0.0015355 0.0012644 0.0017304
0.0018645 0.0041959 0.0023144 0.0041959 0.012625 0.030965 0.027056 0.036167 0.019711 0.021848 0.019841 0.027667 0.0013484 0.0027114 0.0013743 0.0027114 0.041285 -0.016962 0.041285 0.020772 -0.12916 -0.093999 0.26641 0.2151 0.29077 -0.1634 0.29203 0.23442 0.012148 0.008469 0.013203 0.012539 0.040528 0.0075195 0.04089 0.017797 -0.13287 0.27054 0.36774 0.27853 0.28987 0.22081 0.30952 0.23791 0.0070352 -0.0009445 0.011745 0.012016 0.0066495 0.00097283 0.007221 0.0032952 0.024156 0.0020997 0.034806 0.010262 -0.0046267 0.016093 0.013413 0.022041 0.00048685 0.0012803 0.00084416 0.0013871
0.0011035 -1.8174e-05 0.0011178 0.00026016 0.10149 -0.0041332 0.10149 0.01737 -0.049112 0.014235 0.094706 0.022774 0.00039635 3.4412e-05 0.0014873 0.00046598 0.0099069 -0.00031139 0.010208 0.0032009 0.37451 -0.21489 0.39684 0.28696 0.020002 -0.17253 0.40366 0.28505 -0.0017225 0.0021723 0.0063451 0.0033596 0.0058875 -0.00092376 0.0061286 0.0020228 0.17852 0.016797 0.22395 0.093888 0.28564 0.044667 0.28564 0.061678 -0.0013768 -0.0032188 0.0075702 0.0048495 0.00011144 -0.00019277 0.00020404 0.00025006 0.045758 -0.0062044 0.045758 0.0094701 0.025308 -0.0065729 0.025308 0.012228 -0.00039196 -3.7625e-05 0.0017609 0.0012658
0 0 0 0 0.01432 0.025698 0.01432 0.025698 0.010592 0.098735 0.021427 0.098735 -0.0035085 0.0087066 0.0035085 0.0087066 0.00018455 0.00018455 0.00018455 0.00018455 0.25923 0.062921 0.30065 0.24585 0.29191 0.10635 0.29343 0.20006 -0.03474 0.037038 0.03474 0.041477 0.00084595 -0.00014011 0.00084595 0.00014011 0.2944 0.15961 0.39874 0.2381 0.16718 -0.063079 0.26638 0.27728 -0.031973 -0.024463 0.034194 0.026011 0 0 0 0 0.051326 -0.063251 0.051695 0.063251 -0.0056944 -0.037411 0.019382 0.039032 -0.0035372 -0.0072377 0.0066367 0.0080963
0 0 0 0 0.05944 0.015113 0.05944 0.015498 0.0071942 0.01962 0.019442 0.021825 0.0015769 0.004629 0.0017761 0.0046327 0 0 0 0 0.50842 0.067658 0.50842 0.073841 -0.010203 0.037715 0.072572 0.049192 0.024092 0.0015457 0.024129 0.011796 0 0 0 0 0.45205 -0.044891 0.45205 0.047941 0.095476 0.00074122 0.1393 0.049173 0.013009 0.010125 0.013712 0.010277 0 0 0 0 0.061382 -0.010043 0.061409 0.01038 0.025496 -0.0034663 0.025496 0.0036941 0.00024232 8.5517e-05 0.00051745 0.00032564
0 0 0 0 0.019529 0.034331 0.019529 0.034331 0.023995 0.09303 0.024141 0.09303 -0.0047905 0.012104 0.0047905 0.012104 0.0019308 0.0011603 0.0019308 0.0011603 0.28286 0.064684 0.33944 0.28939 0.25042 0.082662 0.27504 0.1767 -0.00066447 0.035224 0.0099259 0.036296 0.015682 0.00054511 0.015682 0.0025106 0.24858 0.19143 0.34141 0.22418 0.22264 0.026115 0.33554 0.27239 -0.0012031 -0.016661 0.01409 0.016661 0.00036347 -0.00016021 0.00036347 0.00016021 0.059957 -0.034948 0.059957 0.034948 -0.0083134 -0.033878 0.014047 0.03427 0.0001424 -0.004998 0.0021988 0.0061143
0.01278 0.001493 0.01278 0.0016502 0.041208 0.014257 0.041208 0.01835 0.012964 0.0065407 0.014489 0.0074624 0.00037785 -0.00093782 0.00087015 0.0018794 0.08464 -0.0048379 0.08464 0.014706 0.43376 0.12249 0.43376 0.15974 -0.061788 0.14558 0.10554 0.17298 0.0023421 -0.0035139 0.018052 0.0094784 0.12232 -0.0063697 0.12232 0.030107 0.3631 -0.14577 0.38064 0.21313 0.0075094 -0.068579 0.2561 0.19595 0.0045905 0.0024986 0.012063 0.0085934 0.0226 -0.0069997 0.022601 0.0070015 0.056586 -0.0063249 0.064749 0.018177 0.024857 0.017645 0.038239 0.05272 -0.0042535 0.00095421 0.0043433 0.00393
0.00018966 7.0621e-06 0.00018966 7.0621e-06 0.08035 0.010809 0.080364 0.01312 -0.0030873 -0.0079094 0.086286 0.036423 0.00077149 -0.00024147 0.0011246 0.00074896 0.0010949 0.00020458 0.0013169 0.00042659 0.45972 0.041756 0.45972 0.053761 0.039211 -0.0064173 0.25014 0.16389 -0.0026239 -0.00084062 0.0077576 0.0065236 3.9295e-05 -0.0003471 0.00068584 0.0003471 0.46541 -0.034502 0.46541 0.052835 0.01214 -0.053393 0.069113 0.071022 -0.0017686 0.00062876 0.0061319 0.0070745 0 0 0 0 0.06666 -0.013449 0.066882 0.013517 0.00057496 -0.0042603 0.0082124 0.0068055 0.0014886 0.00062846 0.0014886 0.0010937
0.012708 0.0071882 0.012708 0.007216 0.054143 0.0058515 0.056318 0.036117 0.042661 0.0064275 0.042661 0.010272 0.00074969 0.00099252 0.00099037 0.0010026 0.08928 0.036021 0.089336 0.036114 0.40178 0.12953 0.48469 0.21066 0.19343 0.052843 0.1957 0.077468 0.003925 -0.0009937 0.0048339 0.004094 0.064226 0.017829 0.064226 0.017829 0.21448 -0.08908 0.39602 0.2072 0.25267 -0.081258 0.26819 0.089479 0.013076 -0.0028121 0.013309 0.0048883 0.0083662 -0.00092997 0.0083662 0.00098387 -0.023963 0.0075176 0.032381 0.01283 0.075812 -0.020268 0.075966 0.021242 0.0015956 -0.00052057 0.0015956 0.0012494
0 0 0 0 0.058317 0.019416 0.058317 0.019416 0.033399 0.019735 0.095816 0.034149 -0.0028758 0.00025107 0.0040489 0.0015884 0 0 0 0 0.38491 0.061769 0.38615 0.08956 0.20177 -0.017359 0.34556 0.18579 0.020072 0.020053 0.025537 0.021724 0 0 0 0 0.40623 -0.052138 0.40623 0.052851 0.21794 -0.04874 0.2496 0.13089 0.010145 0.0024979 0.019424 0.012579 0 0 0 0 0.053718 -0.017985 0.053718 0.017985 0.034205 -0.010346 0.034205 0.013973 0.001919 1.872e-05 0.0020387 0.00094515
0 0 0 0 0.053 0.021077 0.053 0.021077 0.028967 0.034359 0.07859 0.039376 -4.8706e-05 0.00090697 0.0014721 0.0014156 0 0 0 0 0.49243 0.062177 0.49243 0.073306 0.05106 -0.038888 0.14892 0.0741 0.018606 0.010659 0.021741 0.013952 0 0 0 0 0.44667 -0.048428 0.44667 0.049014 0.067493 -0.07764 0.13036 0.099984 0.0401 0.010961 0.042626 0.012653 -1.5953e-06 2.5421e-06 2.5421e-06 2.5421e-06 0.062361 -0.018471 0.062361 0.018471 0.024879 0.016848 0.034608 0.031339 0.0020444 0.00023472 0.0023682 0.0013989
