-0.001677 -0.0025928 0.015149 0.0029045 -0.01846 0.00086455 0.072365 0.020168 0.057616 -0.003056 0.057747 0.0036359 0 0 0 0 -0.014479 -0.0086762 0.04999 0.016205 -0.13474 0.053404 0.60062 0.14239 0.36351 -0.055465 0.38104 0.06523 0 0 0 0 -0.018801 0.032589 0.036316 0.034875 -0.012811 0.19938 0.3093 0.20037 0.14923 0.1911 0.14923 0.19138 0 0 0 0 3.6011e-06 9.8874e-06 5.5146e-06 9.8874e-06 0 0 0 0 0 0 0 0 0 0 0 0
0.0072356 -0.0025296 0.012101 0.0071821 -0.024146 -0.0063119 0.074533 0.02787 0.0066803 0.0072519 0.086529 0.032791 0.011225 -0.0044669 0.011225 0.0044794 0.0052876 -0.0086575 0.08317 0.042486 -0.18592 0.044833 0.48338 0.17763 0.22076 0.043751 0.53463 0.19479 0.043415 0.033479 0.043467 0.046017 0.016074 0.03568 0.035026 0.055232 -0.095061 0.21925 0.25565 0.22139 0.16963 0.16803 0.17008 0.16901 0 0 0 0 -9.3834e-07 -9.3834e-07 9.3834e-07 9.3834e-07 0 0 0 0 0 0 0 0 0 0 0 0
-0.0033015 0.009288 0.0056676 0.011027 0.013542 -0.030112 0.021819 0.047517 0.023441 -0.03349 0.024924 0.036292 -1.8246e-05 -8.5996e-05 5.8608e-05 0.00015013 -0.0015052 -0.0076264 0.035913 0.05555 0.054235 -0.14149 0.13508 0.45911 0.17691 -0.014533 0.2752 0.24123 -0.00038717 0.00010066 0.00056601 0.00055707 -0.042059 0.010857 0.1013 0.037289 -0.085223 0.093206 0.39908 0.33435 0.33095 0.035909 0.33512 0.18793 0.00021427 -1.3746e-05 0.00025348 0.00021192 0.0015107 -0.0041221 0.0038131 0.0079609 -0.011595 0.040998 0.023793 0.070874 0.036038 0.024385 0.036624 0.02698 1.2182e-06 1.2644e-06 2.4221e-05 7.5346e-06
-0.00015731 -0.00022531 0.00020533 0.00023052 0.00052815 -0.0014648 0.00069097 0.0014765 -0.002869 -0.017386 0.0086792 0.017867 -0.002564 -0.0069395 0.0026218 0.0069406 -0.0070879 -0.024607 0.054319 0.036024 0.19725 -0.034618 0.29693 0.42879 -0.12706 -0.046961 0.41569 0.076494 -0.062821 -0.0003634 0.078883 0.019499 -0.017542 0.013401 0.036896 0.060791 0.1126 -0.033747 0.40432 0.27281 -0.00956 -0.003534 0.35347 0.28498 -0.055725 0.014988 0.067029 0.027022 -0.0019437 0.0071812 0.0019437 0.0071812 0.0034411 0.031373 0.012949 0.031373 0.004898 0.010551 0.005084 0.01059 0 0 0 0
-0.0027597 0.0015391 0.0033176 0.0057076 0.025943 -0.009228 0.04767 0.074679 0.00021886 -9.6468e-05 0.00021886 9.6468e-05 0 0 0 0 -0.043529 -0.011201 0.078579 0.027806 -0.01487 -0.077143 0.45741 0.33224 0.34112 -0.069666 0.34129 0.11592 0 0 0 0 -0.011782 0.016663 0.03508 0.058169 0.064071 0.29678 0.37473 0.30909 0.15803 0.10569 0.15803 0.10569 0 0 0 0 2.6014e-06 -2.1585e-06 1.7198e-05 1.5234e-05 0 0 0 0 0 0 0 0 0 0 0 0
0.0071481 -0.004581 0.0081471 0.006325 -0.043463 -0.00040208 0.0525 0.015074 0.015908 -0.0052761 0.089594 0.016623 0.0039294 -0.0038802 0.0069629 0.0079051 0.042946 -0.01286 0.050934 0.055623 -0.27625 -0.16824 0.34895 0.18328 0.12677 0.041707 0.57943 0.13047 0.020572 -0.0037713 0.035691 0.040608 0.043385 0.026796 0.068745 0.045026 -0.030595 0.25783 0.26841 0.27059 0.15376 0.16616 0.19716 0.16668 -0.001676 0.047469 0.012898 0.047469 9.7782e-05 0.00020152 0.00013928 0.00020152 0 0 0 0 0 0 0 0 0 0 0 0
-0.001132 -0.0087178 0.0015459 0.016355 0.02055 -0.053018 0.042698 0.088037 0.0099459 -0.0061852 0.010151 0.0065984 -0.00058067 0.00011066 0.00058443 0.00012391 -0.025906 0.0080189 0.050659 0.033583 -0.032524 -0.08404 0.40734 0.34899 0.3016 -0.078523 0.30253 0.13558 -0.00014206 0.00011989 0.00017039 0.00016358 0.0096256 0.0086767 0.034872 0.065678 -0.03104 0.12894 0.096911 0.53131 0.20481 0.0010914 0.24757 0.21582 -4.0412e-05 2.4388e-05 0.00017702 0.00027216 0.00096566 0.0038679 0.0021606 0.0062027 0.0052104 0.040761 0.0095085 0.087611 0.028511 0.017627 0.031423 0.053423 2.4483e-05 -2.347e-05 4.1282e-05 9.6573e-05
0.00031267 0.00098403 0.0017393 0.0016058 0.00083698 -0.0058517 0.02005 0.016208 0.045356 -0.030469 0.047556 0.033502 0 0 0 0 -0.0039169 0.031203 0.036217 0.041879 -0.021738 0.23512 0.31801 0.26052 0.10951 0.093501 0.39139 0.21449 0.0048627 0.00041814 0.0048627 0.0038542 0.011836 -0.035319 0.03996 0.046023 0.052002 -0.2206 0.3902 0.24826 0.035586 -0.084556 0.46415 0.20538 0.00046589 0.00014419 0.00057721 0.00052524 0.00030339 0.0017398 0.002358 0.0052136 -0.0059789 0.0037823 0.034908 0.017754 0.046084 0.029906 0.046379 0.030742 -1.7582e-05 -1.7582e-05 1.7582e-05 1.7582e-05
5.4718e-05 -0.00011855 0.00015872 0.0001279 -0.00012769 -0.0003019 0.00068588 0.0004291 0.00019546 -5.1837e-06 0.00026164 0.00016687 -3.042e-06 3.9079e-06 5.7279e-06 6.6009e-06 -0.030103 -0.028171 0.067532 0.034266 -0.018768 -0.19642 0.31596 0.28565 0.11186 -0.18581 0.23066 0.25468 0.017655 -0.024626 0.018177 0.025274 -0.010884 -0.00037305 0.054439 0.019871 -0.11248 -0.0032066 0.42484 0.19103 0.11343 -0.021289 0.56101 0.14868 0.061008 0.020148 0.061229 0.020313 0.00032699 -0.0017477 0.0040093 0.0027282 -0.013336 0.0092288 0.07972 0.022027 0.022587 -0.006311 0.07389 0.022471 0.00029091 0.00026951 0.00032157 0.00029682
0.0017935 -0.0014975 0.001972 0.001803 0.017054 -0.00072021 0.034446 0.055343 -0.034279 0.0051377 0.040139 0.027559 -0.0011529 -0.00078301 0.0022949 0.0010428 0.0093753 0.0069278 0.027369 0.013267 0.1192 0.043588 0.34957 0.38504 -0.13713 0.096581 0.35708 0.30382 0.0011052 0.0066804 0.0069434 0.01206 -0.0081424 0.0034284 0.038184 0.021424 0.18969 -0.13348 0.25058 0.30653 -0.15496 0.0020337 0.2534 0.38159 0.0052774 -0.0038173 0.012207 0.011835 -0.0017246 -1.479e-05 0.0043191 0.0085369 0.028998 -0.010217 0.041076 0.032821 -0.014822 -0.002346 0.048851 0.053112 0.004782 0.0050615 0.0049068 0.0056597
0 0 0 0 0 0 0 0 0 0 0 0 0 0 0 0 -0.0070711 -0.032772 0.038789 0.040739 -0.09086 -0.034036 0.36388 0.45012 0.25582 -0.087526 0.34347 0.29767 0 0 0 0 0.031126 0.024906 0.044962 0.039964 -0.026642 0.12968 0.32474 0.35392 0.12012 0.11288 0.1702 0.18497 -0.006145 -0.026149 0.006145 0.026149 -0.0010105 -0.0041361 0.0010528 0.0042036 -0.017322 -0.062391 0.017322 0.062391 -0.021606 -0.092172 0.021606 0.092172 -0.0011517 -0.0016765 0.0011517 0.0016765
7.0654e-05 -0.00062253 0.0013558 0.0011231 0.016399 -0.012846 0.017524 0.021549 0.031833 -0.0032095 0.050584 0.023193 -1.2735e-05 1.639e-05 6.4967e-05 7.5906e-05 0.002812 0.028722 0.025229 0.038216 0.14977 0.15376 0.23717 0.20812 0.0066537 0.06736 0.48007 0.29789 0.00035147 -0.00020837 0.00035147 0.00020837 0.0048282 -0.01316 0.047913 0.051012 -0.056863 -0.088142 0.36124 0.2759 0.082038 -0.12976 0.40557 0.3259 0.0045014 -0.00024815 0.0045969 0.0015691 -0.0027123 -0.00065694 0.0039564 0.0047831 0.01865 -0.0023242 0.020299 0.015777 0.013845 0.012756 0.05694 0.02537 0.00013037 -3.7636e-05 0.00016616 0.00012518
0 0 0 0 -0.00020598 0.00029516 0.00029743 0.0005972 -0.00075253 0.00045541 0.0011535 0.00095842 -0.0069136 0.00488 0.0069136 0.0049103 -0.056671 -0.02853 0.074186 0.038769 0.037976 -0.15302 0.37327 0.38652 0.25677 -0.08225 0.25789 0.084887 -0.0054432 0.0041197 0.0054986 0.0041357 -0.035564 0.011582 0.083548 0.063162 0.069435 0.17272 0.39221 0.33972 0.16892 -0.082434 0.29259 0.26098 0.0020661 -0.0015266 0.0021709 0.0016808 -0.0068364 6.0525e-05 0.0068364 0.0076112 -0.0046233 -0.050349 0.039054 0.09438 0.013223 0.027281 0.043277 0.085928 0.0025926 -0.0044985 0.0043925 0.0060757
0.0011218 0.0073144 0.0018106 0.0097821 0.0086913 0.008735 0.015053 0.073322 0.0095609 0.016206 0.011203 0.018411 0 0 0 0 -0.021398 -0.01212 0.060544 0.075593 -0.055102 -0.16329 0.3539 0.37475 0.30901 -0.086149 0.30901 0.12016 0 0 0 0 -0.0053025 0.0032749 0.025276 0.069483 0.026024 0.11625 0.094523 0.51287 0.20687 -0.033459 0.21787 0.28198 0 0 0 0 -0.002296 0.0047843 0.0043278 0.0064539 0.0019082 0.059423 0.01129 0.064107 0.012069 0.008825 0.05237 0.041159 0.00017985 -7.8068e-05 0.00017985 0.0001244
0.00065424 0.0001115 0.0022572 0.00059736 -0.01716 0.038949 0.042784 0.056221 0.040752 0.014359 0.040752 0.020755 0 0 0 0 0.013718 -0.00091702 0.014332 0.0012538 -0.19153 -0.082189 0.42281 0.51348 0.28008 -0.066897 0.32033 0.16804 0 0 0 0 0.01989 -0.0029355 0.020116 0.0030432 -0.026995 0.20846 0.21242 0.32981 0.084637 0.11071 0.22418 0.14347 0 0 0 0 0.0040001 -0.00033066 0.0040001 0.00033066 0 0 0 0 0 0 0 0 0 0 0 0
0.00053499 -0.0059354 0.0031025 0.0059354 -0.0063879 -0.074185 0.024183 0.074185 0.015511 -0.015064 0.015511 0.015064 0 0 0 0 0.026284 0.015721 0.055811 0.042131 -0.11524 0.13702 0.27764 0.48659 0.29952 -0.043474 0.29952 0.17394 0 0 0 0 0.0053189 0.0074111 0.043281 0.015695 -0.066085 0.072674 0.30693 0.46895 0.19576 0.10222 0.19601 0.10344 0 0 0 0 -3.7215e-05 -0.0001455 7.041e-05 0.00021713 -0.00057371 -0.0045334 0.00076057 0.0046827 -0.0009379 -0.0079432 0.0010497 0.008055 -0.00020694 -0.001811 0.00020694 0.001811
1.0679e-05 -2.6582e-05 2.0121e-05 5.6767e-05 -0.0053007 -0.013633 0.0066737 0.013667 -0.001984 -0.061123 0.0075378 0.061268 0.001177 -0.0029053 0.0012286 0.0029794 -0.033856 -0.050193 0.035859 0.053029 0.078473 -0.026023 0.23016 0.38725 -0.10139 0.064702 0.19246 0.43878 0.006444 -0.0097194 0.01914 0.043117 -0.0044771 0.0019779 0.022128 0.029525 0.33178 -0.066045 0.38146 0.14934 -0.25451 -0.03267 0.38738 0.14624 -0.02669 -0.004712 0.04484 0.017046 -0.00060218 0.00098622 0.0027235 0.0029508 0.018489 0.0025072 0.021392 0.025235 -0.0087252 0.0022045 0.035878 0.035282 -0.00057719 0.0018425 0.0014945 0.0021921
-0.0057274 0.0040923 0.0083622 0.0068589 -0.0066011 -0.02882 0.065417 0.049177 0.043822 -0.001325 0.050671 0.012488 3.7008e-05 3.3531e-05 3.7008e-05 3.3531e-05 -0.021018 0.022157 0.029134 0.058723 -0.054392 0.10721 0.17298 0.61574 0.24644 0.019711 0.24644 0.20871 0 0 0 0 0.0037321 -0.030037 0.046686 0.058344 -0.1257 -0.091681 0.31691 0.30875 0.26778 0.023484 0.26778 0.10816 0 0 0 0 -0.0032352 -0.0002659 0.0067359 0.0085787 -0.011983 0.014366 0.069562 0.038667 0.047096 0.00070139 0.047096 0.0092913 0 0 0 0
0.0015028 0.00013305 0.0015885 0.00015052 -0.019817 -0.011428 0.026978 0.052537 0.024099 -0.015192 0.030824 0.071881 0 0 0 0 0.0081819 0.0005289 0.008863 0.00080105 -0.086969 -0.071667 0.26097 0.37538 0.15385 0.051615 0.31146 0.30831 0 0 0 0 0.0060528 0.00065072 0.0068376 0.00081631 -0.14227 0.1438 0.21408 0.51162 0.2374 0.043279 0.28238 0.22322 0 0 0 0 -0.0014125 -0.00061691 0.0027054 0.0012127 -0.014038 -0.040757 0.052141 0.066328 0.033684 0.013436 0.033684 0.031131 0 0 0 0
0.0047423 0.0010637 0.0049285 0.0020232 -0.021366 -0.063926 0.021411 0.063936 0.022771 -0.041365 0.03147 0.041628 -0.0024843 -0.0084377 0.0044104 0.0084608 -0.024965 0.00096608 0.066451 0.043941 -0.12246 -0.069974 0.2503 0.43934 0.12227 -0.00028547 0.41864 0.066176 0.02325 0.010148 0.028869 0.015955 -0.039413 -0.020202 0.068256 0.025195 -0.081366 0.085054 0.31771 0.35228 0.11763 -0.00033388 0.46613 0.094229 0.045544 0.0015808 0.046552 0.012377 -0.0039774 0.0067703 0.0055459 0.0068506 0.012261 0.063494 0.016272 0.063718 0.0029275 0.059772 0.01719 0.06079 0.001707 0.0075462 0.0018869 0.0076179
-0.0021671 -0.00042788 0.0033638 0.0081997 -0.0022227 0.044311 0.017064 0.085683 0.026128 -0.019316 0.040128 0.037455 0 0 0 0 -0.021765 0.0030276 0.025696 0.028699 -0.08559 -0.20687 0.31387 0.30318 0.0016643 -0.14081 0.20705 0.38492 0.022516 -0.016858 0.022656 0.016918 -0.075396 0.0019856 0.075578 0.019137 -0.086694 -0.016934 0.49042 0.16473 0.089525 0.13103 0.3702 0.24616 0.064128 -0.00048496 0.064128 0.025648 -0.00071294 0.00074895 0.0007354 0.00083412 -0.010973 0.059121 0.018649 0.05913 0.021766 0.04133 0.031352 0.041359 0.0010788 0.0010788 0.0010788 0.0010788
-0.00027637 -0.00034191 0.0010156 0.00092834 0.069758 -0.0073202 0.073069 0.0090575 0.00051824 -4.5858e-05 0.00089249 0.00043654 8.8638e-06 1.8651e-05 1.1581e-05 2.1367e-05 -0.0071074 0.010115 0.0086181 0.011387 0.45957 0.1205 0.47762 0.12911 0.0028025 -0.0010765 0.0093791 0.01094 -8.2183e-05 -4.2554e-05 0.0001068 6.7168e-05 -0.0024009 0.0021143 0.024651 0.022863 0.1887 0.056532 0.28012 0.42922 0.090507 -0.13797 0.11175 0.41903 0.0081648 -0.001779 0.008874 0.0057972 0.0077226 0.010149 0.0079699 0.010418 0.0011078 0.0037431 0.0031042 0.0038781 0.00059475 0.0054934 0.0021868 0.0061254 -3.1808e-05 5.9698e-05 9.8297e-05 5.9698e-05
0.014821 -0.00077165 0.014821 0.00077165 -0.018718 -0.012005 0.031463 0.039717 0.017549 -0.057278 0.022711 0.057278 0 0 0 0 0.058811 -0.0051286 0.058811 0.0051286 -0.16949 -0.010405 0.41685 0.22884 0.21504 0.033075 0.27599 0.42167 0 0 0 0 0.018244 -0.0041898 0.018244 0.0041898 -0.069196 0.035108 0.41925 0.18121 0.18168 0.015487 0.35094 0.21082 0 0 0 0 0 0 0 0 0.0019517 0.014207 0.06134 0.02537 0.020551 0.031338 0.035082 0.04939 0 0 0 0
0 0 0 0 0.059126 9.4647e-05 0.059126 9.4647e-05 0.00028407 -7.4938e-05 0.00069017 0.00014415 -4.0348e-05 -3.753e-06 4.0628e-05 3.4321e-05 0.00026342 7.8522e-05 0.00026342 7.8522e-05 0.3971 0.038351 0.39851 0.039523 -0.14481 -0.10548 0.20476 0.15698 -0.016495 -0.034005 0.018328 0.037513 -3.2571e-05 -0.00010793 0.00039776 0.00015586 0.34837 -0.020357 0.43694 0.02185 -0.27616 -0.16524 0.32953 0.19445 0.0027476 0.002999 0.010278 0.015705 3.971e-05 2.2635e-05 4.604e-05 2.7038e-05 0.0082953 -0.0091831 0.087324 0.0094077 -0.0011981 -0.0077275 0.0092089 0.010228 0.00039475 0.00018756 0.001275 0.0030209
-1.7311e-06 -2.5202e-06 6.442e-06 6.442e-06 0.035082 -0.017181 0.03644 0.019202 0.0020777 -0.011412 0.009891 0.014188 -0.00056344 -0.00015481 0.00067819 0.00045078 0 0 0 0 0.35595 0.078079 0.35631 0.090997 -0.10215 0.094119 0.25445 0.1165 -0.0074947 0.00044631 0.010055 0.0027187 0 0 0 0 0.4931 -0.075421 0.49346 0.075421 -0.19978 0.021941 0.28518 0.050877 -0.00808 0.0038373 0.0092918 0.0041156 0 0 0 0 0.027672 -0.011942 0.027672 0.011942 0.020786 -0.0099662 0.071913 0.022013 -0.00055226 9.7206e-06 0.00063697 0.0001742
-0.0016396 -0.010707 0.0077878 0.011649 0.027446 -0.085107 0.032733 0.085107 0.00040289 -0.00045099 0.00047819 0.00052629 0 0 0 0 -0.0024589 0.00071266 0.058976 0.037832 0.20373 0.096125 0.46066 0.51546 0.13634 0.017481 0.13634 0.046312 0 0 0 0 -0.021014 0.0092276 0.056073 0.10517 0.35497 0.10411 0.46455 0.205 0 0 0 0 0 0 0 0 -2.3155e-05 0.011855 0.0013364 0.011866 0.0061971 0.01382 0.0062764 0.014521 0 0 0 0 0 0 0 0
0 0 0 0 0.012224 -0.020667 0.04616 0.022089 0.0090321 -0.016662 0.055409 0.034059 0.01137 -0.0017373 0.01138 0.001753 0 0 0 0 0.26505 0.096533 0.39292 0.15846 0.017121 0.2893 0.23647 0.34529 0.040294 0.012101 0.040395 0.017989 0 0 0 0 0.47603 -0.056759 0.47603 0.056759 0 0 0 0 0 0 0 0 0 0 0 0 0.071568 -0.0081452 0.071568 0.0081452 0.00045155 -0.00029779 0.00045155 0.00029779 0 0 0 0
-0.00099885 0.0010272 0.0017012 0.0026915 0.02574 -0.033031 0.045151 0.057495 0.023932 -0.016613 0.024025 0.016803 0 0 0 0 -0.0046947 -0.0052386 0.017875 0.013696 -0.088775 -0.032531 0.22416 0.19297 0.41277 -0.097336 0.41536 0.10565 0.00010902 4.4141e-05 0.0001973 4.4141e-05 -0.0023797 -0.0079159 0.0068545 0.0091472 -0.11171 -0.021357 0.17662 0.10149 0.46609 0.07304 0.47926 0.12593 -0.000575 -9.7991e-05 0.0012473 0.0011738 2.2129e-05 -0.00044974 0.0016521 0.002201 0.024203 0.015445 0.051846 0.02586 0.037091 0.017399 0.040392 0.020045 -7.5131e-05 5.3625e-05 0.00011967 0.00011501
0 0 0 0 0.036235 -0.003137 0.036235 0.0076862 0.0064404 -0.011953 0.013532 0.016836 -0.0012798 -0.00057202 0.0012928 0.00073132 0 0 0 0 0.38672 0.088339 0.38672 0.089322 -0.12681 0.076101 0.22081 0.088002 5.3194e-05 0.0012762 0.0077043 0.003446 0 0 0 0 0.48606 -0.061214 0.48606 0.061214 -0.20524 -0.002854 0.27142 0.034978 -3.9635e-05 0.0013154 0.0069836 0.0034055 0 0 0 0 0.048925 -0.0087258 0.048925 0.0087258 -0.00595 -0.01232 0.030702 0.012892 -0.00027115 9.0055e-05 0.0011267 0.00033053
0 0 0 0 -0.012948 -0.029888 0.037351 0.029888 0.013405 -0.050515 0.023735 0.050515 -0.011527 -0.0022231 0.011527 0.0022231 0 0 0 0 -0.17267 -0.057767 0.32626 0.33193 0.18373 0.084548 0.2865 0.37037 -0.10443 -0.014453 0.10443 0.014453 -0.0042788 -0.0014649 0.0042788 0.0014649 -0.13055 -0.0282 0.30112 0.33424 0.12788 -0.019841 0.40778 0.19517 -0.041988 -0.0094109 0.041988 0.0094109 -0.0055633 -0.00075594 0.0055633 0.0030974 -0.0025927 -0.014523 0.02811 0.084655 0.0017299 -0.0038072 0.068592 0.017289 0 0 0 0
0.0011463 -0.0015176 0.0014566 0.0016702 0.021125 0.014744 0.024879 0.04293 -0.0029341 -0.01321 0.050704 0.058673 -0.0017736 0.00066069 0.0026684 0.0017552 -0.0026031 0.01012 0.010978 0.011745 0.14761 -0.11048 0.3487 0.19653 0.035514 -0.079383 0.34538 0.46228 -0.027129 0.037638 0.054487 0.046001 -0.0066436 -0.0048995 0.015731 0.01649 -0.055486 0.003586 0.24861 0.079109 0.34957 -0.030675 0.38603 0.30231 -0.04206 -0.021254 0.046701 0.060825 7.3105e-05 -0.00094845 0.0021231 0.0025083 -0.0086809 0.0018316 0.029719 0.03112 0.015607 0.0158 0.024685 0.039953 0.0054134 0.0077678 0.0075441 0.01038
-0.00093869 -0.0018717 0.0013003 0.0035348 0.028063 -0.041455 0.042512 0.050375 -0.04394 0.016611 0.065642 0.032756 0 0 0 0 -0.0081353 0.0066153 0.01339 0.017306 -0.030951 0.011699 0.16919 0.13241 0.054302 0.069731 0.59856 0.21352 -0.0012116 0.0010348 0.0012116 0.0011353 0.020792 -0.010433 0.033031 0.011567 -0.085078 0.044134 0.3584 0.25102 0.28266 0.1399 0.42727 0.14038 -0.069052 0.036539 0.069052 0.036539 -0.0011699 0.0063273 0.0018421 0.0063379 0.036588 0.053694 0.039439 0.061234 0.001191 0.001191 0.001191 0.001191 -0.0045936 0.0024846 0.0045936 0.0024846
0.0013393 -0.00047133 0.011115 0.0067526 0.03369 -0.0092798 0.076632 0.059477 0.0037681 0.002205 0.0057114 0.007341 0 0 0 0 -0.0075734 0.042953 0.018867 0.067327 0.24985 0.29609 0.40467 0.43234 0.04398 0.0096016 0.04398 0.01421 0 0 0 0 -0.0062739 -0.015887 0.015213 0.097972 0.20306 -0.28372 0.31712 0.47723 0.061689 -0.01462 0.062528 0.028294 0 0 0 0 0.00019371 -0.0050535 0.0060841 0.0056604 -0.0020607 0.0057714 0.04835 0.065968 0.027367 -0.0014585 0.027367 0.012141 0 0 0 0
0.0041967 0.0041599 0.0069387 0.0082563 0.038368 -0.00088907 0.065295 0.042063 -8.0233e-05 4.3584e-05 0.0007141 0.00060228 -0.0023691 0.00015551 0.002374 0.00015551 -0.0074478 0.036271 0.065176 0.068091 0.27284 0.23719 0.4422 0.41424 0.003129 -0.00045911 0.0097133 0.008045 -0.012633 0.0010175 0.012633 0.0011229 0.0058627 -0.048091 0.0089791 0.105 0.23816 -0.16984 0.28972 0.5324 0.0026408 0.00044195 0.0057059 0.0053656 -0.0090166 0.0013151 0.0091193 0.0013151 -0.0025562 0.0035712 0.0028564 0.010562 0.042487 -0.06643 0.046373 0.09207 0.0067631 -0.002695 0.0070423 0.0051433 -0.00081388 5.4938e-05 0.00083851 7.002e-05
0.0013729 -0.0034996 0.0015404 0.0035106 -0.027233 -0.014022 0.027827 0.014461 0.02688 -0.0094873 0.027121 0.011696 0 0 0 0 0.022011 -0.025926 0.022348 0.036552 0.23249 -0.056502 0.47263 0.33299 0.094822 0.039633 0.096024 0.042962 0 0 0 0 0.026078 0.025922 0.037597 0.027795 0.34367 -0.065302 0.60589 0.26841 0.011294 -0.0056378 0.011922 0.0067893 0 0 0 0 -0.0013225 -0.0004895 0.0080047 0.0083884 0.028601 -0.0066659 0.10784 0.044864 0.0096475 0.0014392 0.0096475 0.0023973 0 0 0 0
-0.0037876 0.0066482 0.0047289 0.0081078 -0.0013906 -0.00040005 0.042431 0.058856 0.043608 0.0002145 0.043708 0.0202 0 0 0 0 -0.0085073 -0.04646 0.034741 0.059333 0.10613 0.038219 0.44839 0.5256 0.15029 0.033346 0.15029 0.062344 0 0 0 0 0.018987 0.02304 0.064379 0.053261 0.31206 0.023844 0.54242 0.19335 0.00078291 0.00078291 0.00078291 0.00078291 0 0 0 0 -0.0071336 0.0046859 0.0074383 0.0046859 0.025269 0.046547 0.025269 0.046547 0 0 0 0 0 0 0 0
4.304e-06 0.0013451 0.0050608 0.0071007 -0.014681 0.027189 0.06125 0.050575 -0.0095137 0.013785 0.036796 0.043734 0.0057839 -0.0051595 0.0073965 0.0057736 -0.034369 -0.017362 0.065259 0.030212 0.10083 -0.09791 0.50272 0.29196 -0.029139 0.14435 0.41129 0.26637 0.0044195 0.024071 0.035076 0.02956 0.00016917 0.01364 0.034247 0.02441 0.034935 -0.059197 0.34693 0.22176 0.27649 0.047254 0.28558 0.11382 -0.0074537 0.029892 0.01776 0.030106 0.00025186 0.0031632 0.0083085 0.010952 0.020067 0.059888 0.025502 0.060567 0 0 0 0 0 0 0 0
0.00025453 -0.0066208 0.0011539 0.0066264 0.0025997 -0.0043074 0.0028322 0.0048471 -0.00028792 0.00012453 0.0011191 0.00013005 2.0161e-05 -1.7749e-05 2.0161e-05 2.0161e-05 -0.0025541 -0.012767 0.014659 0.030479 0.21897 -0.22075 0.24179 0.28872 0.12442 -0.071029 0.24343 0.3167 0.00017663 5.6631e-05 0.00017663 0.00011663 0.013682 0.013839 0.071181 0.05141 -0.12454 0.12048 0.36551 0.35823 0.36779 0.012616 0.36779 0.056773 0 0 0 0 -0.00075022 -0.0012047 0.0024682 0.0024192 0.021558 0.017929 0.039594 0.026709 0.035738 0.013447 0.035738 0.013456 0 0 0 0
-0.00068061 0.0077017 0.0083318 0.011958 0.026962 -0.033102 0.080129 0.084865 0.0082449 0.061672 0.045989 0.069805 7.4946e-06 5.922e-05 0.00010797 0.0001752 -0.013773 -0.020543 0.069237 0.072896 0.11061 0.054444 0.46308 0.57645 0.205 0.036859 0.21059 0.11988 0.00026834 -2.9481e-05 0.00033328 0.00048612 0.0055134 0.01345 0.053952 0.089631 0.24907 0.19289 0.35711 0.24353 0.00021357 -0.00099182 0.0042658 0.0076874 -0.0077326 -0.0047142 0.0080018 0.0051235 -0.0025146 0.01024 0.007994 0.010336 0.017142 0.0081658 0.017858 0.0092774 -0.00024117 -0.0002546 0.00045148 0.00037716 -0.0072445 -0.0040439 0.0072445 0.004144
-0.0003357 -0.0052562 0.0064053 0.012638 0.021603 -0.037789 0.040656 0.095893 0.022099 0.0058523 0.025358 0.045693 0 0 0 0 0.034747 0.0032525 0.099102 0.078286 -0.020111 0.13946 0.34389 0.56733 0.22393 0.12357 0.23623 0.22303 0 0 0 0 0.013748 -0.0052023 0.067587 0.087697 0.27594 0.10222 0.44065 0.19634 -0.00028125 -0.00028125 0.00028125 0.00028125 0 0 0 0 -0.004567 0.0027495 0.0091332 0.011987 0.03428 -0.020038 0.03433 0.029364 0 0 0 0 0 0 0 0
0.00063236 -0.001565 0.0019026 0.0030471 0.03115 -0.039324 0.034621 0.044065 0.018365 -0.0089047 0.018365 0.0089047 0 0 0 0 0.028262 0.018455 0.034094 0.056155 -0.16164 -0.048251 0.34586 0.35662 0.33465 -0.093144 0.39424 0.10638 0 0 0 0 -0.005886 -0.025282 0.027202 0.052932 -0.061881 -0.044781 0.21245 0.21081 0.38176 0.10864 0.38303 0.10919 0 0 0 0 0.0010651 0.0035956 0.0016737 0.0042417 0.03911 0.054508 0.042094 0.055991 0.0057503 0.0057783 0.0060438 0.0060273 0 0 0 0
-0.00043644 -0.00088739 0.0018541 0.0028756 0.053293 -0.034645 0.064616 0.046882 0.0047221 -0.0042563 0.0047221 0.0042563 0 0 0 0 0.0031775 0.014145 0.025534 0.052217 -0.12131 0.0067559 0.28858 0.32443 0.41598 -0.087144 0.41643 0.088228 0 0 0 0 -0.0012717 -0.018795 0.014659 0.032137 -0.0421 -0.047404 0.1645 0.17309 0.40922 0.06898 0.41257 0.092541 0 0 0 0 -0.00056807 0.0003682 0.0014595 0.0016026 0.040236 0.026652 0.052576 0.038532 0.012798 0.010196 0.013808 0.010196 0 0 0 0
0.00087945 -0.0078398 0.010378 0.019186 0.01897 -0.023975 0.082041 0.095074 0.02144 0.036093 0.05034 0.049329 3.9387e-05 -8.8199e-06 8.8152e-05 8.0542e-05 0.018445 -0.00288 0.051628 0.088014 0.13447 0.18973 0.37876 0.5925 0.15654 0.026783 0.16592 0.063791 4.6201e-05 6.451e-05 0.00022388 0.00015791 -0.03891 0.055481 0.039503 0.056055 0.23656 0.094964 0.38241 0.37246 0.0049557 0.0038708 0.010695 0.013549 -0.0089522 -0.0042571 0.0091407 0.0045435 -3.621e-05 3.621e-05 3.621e-05 3.621e-05 0.00048849 0.001568 0.0015335 0.0020611 -0.00027563 -0.00013248 0.00054822 0.00046259 -0.0055494 -0.0023898 0.0055823 0.0024678
-0.0075155 -0.00053935 0.012392 0.0075449 0.015262 -0.017879 0.069434 0.052713 0.040177 -0.028391 0.040261 0.028437 0 0 0 0 -0.026712 0.015138 0.08209 0.048585 0.025586 0.079428 0.52762 0.35319 0.26115 0.18182 0.26115 0.33138 0 0 0 0 0.029119 0.018355 0.078046 0.041386 0.15941 0.20849 0.36518 0.27589 -0.00027834 -0.00027834 0.00027834 0.00027834 0 0 0 0 0.00016125 0.00035214 0.00018809 0.00035351 0 0 0 0 0 0 0 0 0 0 0 0
0 0 0 0 0.052279 -0.00097422 0.052563 0.0010446 -0.024397 -0.0073461 0.047537 0.031537 0.003267 0.00036483 0.003267 0.0013587 0 0 0 0 0.36659 -0.012307 0.3679 0.012674 -0.14511 0.033909 0.38713 0.26079 0.0072887 0.0018819 0.0072887 0.0059248 -5.184e-06 7.0957e-07 5.184e-06 5.184e-06 0.37336 -0.0014526 0.37336 0.0014526 -0.10512 0.08306 0.30597 0.2896 0 0 0 0 0 0 0 0 0.055002 -0.0025494 0.055002 0.0025494 0 0 0 0 0 0 0 0
0 0 0 0 0.068061 0.0089149 0.068061 0.010264 -0.018942 -0.007385 0.04815 0.014223 -0.0001971 0.00032434 0.00090629 0.00037736 0 0 0 0 0.47671 0.038553 0.47671 0.065914 -0.16644 -0.02901 0.35185 0.075548 -0.0054757 -0.00055904 0.0055647 0.0012943 -3.3215e-05 2.2449e-05 0.00012361 0.00012361 0.36526 -0.057966 0.36526 0.061033 -0.077772 -0.078597 0.26149 0.1118 -0.0057129 -0.0013197 0.0069776 0.0023278 0 0 0 0 0.026025 0.0013179 0.026045 0.0025362 0.017411 0.0052358 0.01816 0.0054948 -0.00047139 0.00038296 0.00062612 0.00038452
-0.00097062 -0.0036525 0.0028979 0.015332 0.0368 -0.044377 0.036854 0.093231 0.0027146 0.013887 0.0027146 0.014219 0.00012716 0.00085702 0.00012716 0.00085702 0.0048509 0.0048059 0.033678 0.017941 -0.02952 0.01356 0.2851 0.40434 0.39556 -0.12783 0.39556 0.12883 0 0 0 0 -0.0047246 0.0052642 0.012666 0.022812 0.0058875 -0.053378 0.13758 0.19774 0.38405 0.11036 0.38697 0.11276 0 0 0 0 -0.00010767 0.0047779 0.0014645 0.0062547 0.036447 0.054623 0.039587 0.05481 0.0029516 0.0024627 0.0030194 0.0025791 0 0 0 0
0 0 0 0 0.044911 0 0.044911 0 -5.1401e-06 -0.00011203 0.00011203 0.00011203 0 0 0 0 0 0 0 0 0.31039 -0.0001898 0.31147 0.00054248 -0.2304 -0.14709 0.27869 0.34485 0.034713 -0.024643 0.034713 0.077694 0 0 0 0 0.30964 0.00013518 0.31222 0.00040294 -0.24342 0.075918 0.31409 0.38506 0.051367 0.028096 0.054816 0.039358 0 0 0 0 0.044907 -3.7272e-06 0.044914 3.7272e-06 -0.029638 -0.0016787 0.039145 0.048493 0.0086092 -0.0022013 0.0086092 0.0032228
-1.3583e-05 -8.6227e-07 8.6201e-05 6.3912e-06 0.026062 0.0070631 0.06172 0.011014 -0.020978 0.0074522 0.022638 0.0088769 0.001649 0.001064 0.0040725 0.0011795 -7.2033e-05 -7.5086e-05 0.00026806 7.5086e-05 0.40645 0.0058083 0.40645 0.01009 -0.30127 0.1865 0.3258 0.20688 0.014909 -0.0044756 0.022656 0.022999 0 0 0 0 0.41624 0 0.41624 0 -0.085443 0.083419 0.09088 0.08485 -0.023703 0.034334 0.030927 0.041797 0 0 0 0 0.060122 0 0.060122 0 -5.7064e-05 2.0949e-05 0.00070593 0.0005727 -9.5047e-05 0.00015177 0.00014447 0.00015177
0.0078746 -0.00039903 0.0078746 0.00039903 -0.021566 0.003126 0.031747 0.049609 0.027718 -0.01635 0.029099 0.062086 0 0 0 0 0.066481 -0.0056162 0.066481 0.0056162 -0.1637 0.077232 0.26771 0.26685 0.20399 0.098757 0.29346 0.35465 0 0 0 0 0.08101 -0.0074393 0.08101 0.0074393 -0.19428 -0.051589 0.22411 0.46556 0.20832 -0.088827 0.3359 0.22315 0 0 0 0 0.013897 -0.00068905 0.013897 0.00068905 -0.011205 0.043688 0.020791 0.043787 0.011734 0.03699 0.014915 0.03699 0 0 0 0
-0.0001697 -0.00084523 0.0014057 0.0010903 0.017085 0.0059 0.070722 0.038718 -0.015534 -0.0016912 0.033472 0.037533 -0.0017401 -0.0011991 0.0031828 0.0031473 0.0009224 -0.010159 0.024742 0.018898 0.0012037 -0.044081 0.42225 0.1534 0.03565 0.042463 0.45121 0.19317 -9.6101e-05 -0.0016432 0.016056 0.015623 -0.015299 0.0085868 0.031735 0.027906 -0.0018646 -0.057869 0.28214 0.14503 0.10955 -0.10929 0.51238 0.36476 0.0091243 0.012286 0.028761 0.03723 -0.0037377 0.0069733 0.0044406 0.011653 -0.0033601 0.037607 0.0067534 0.046751 0.020017 0.059788 0.021639 0.066258 0.0059402 0.0099493 0.0059522 0.0099538
0.0046958 -0.010881 0.004768 0.011849 0.0070768 0.0039658 0.01741 0.027345 0.0006693 -8.5608e-05 0.00085604 0.0012463 -0.00022615 -0.00010086 0.00028297 0.00011225 0.00080851 -0.013585 0.034967 0.11395 0.23882 0.13409 0.39603 0.52754 0.00091851 -0.00026411 0.0058236 0.01369 -0.0056437 -0.00041791 0.0060006 0.00050027 0.022136 0.022023 0.045955 0.043904 0.30386 -0.1647 0.44443 0.37783 -0.00048027 0.00041691 0.0084064 0.0062471 -0.0097895 -0.0014051 0.01048 0.0015247 0.0032122 -0.0043564 0.010509 0.012649 0.042432 -0.012319 0.071936 0.035246 0.000448 -0.00023849 0.00077364 0.00067481 -0.0021805 -0.00036222 0.0022539 0.00041136
0.00077366 0.0016081 0.00081943 0.0016624 0.0054203 -0.0049214 0.011482 0.012042 0.04345 0.009008 0.044325 0.026364 -3.2709e-05 9.7e-06 0.00010817 0.00012914 0.033513 0.022599 0.044501 0.025006 -0.20431 0.093711 0.24834 0.13035 0.38525 -0.017207 0.38525 0.096771 0 0 0 0 -0.0015501 -0.015966 0.037757 0.04411 -0.23807 -0.033179 0.35776 0.23351 0.3871 0.047653 0.3871 0.052175 0 0 0 0 -0.00073125 0.0011225 0.0086551 0.0029788 0.022045 0.017426 0.05506 0.026792 0.02893 0.0099596 0.028948 0.010149 0 0 0 0
0.00039144 0.00055336 0.0012141 0.0014239 0.041511 -0.033957 0.059193 0.047897 0.0066147 -0.0061349 0.0066147 0.0061349 0 0 0 0 0.0024889 -0.0085311 0.018989 0.025371 -0.1234 -0.041588 0.17224 0.089758 0.45133 -0.097122 0.45655 0.098362 0 0 0 0 -0.0050069 -0.010174 0.01842 0.013091 -0.064935 -0.033089 0.1539 0.07789 0.46377 0.091514 0.4729 0.095909 0 0 0 0 -0.00012066 0.0014307 0.0032693 0.0037057 0.055617 0.044368 0.064159 0.053304 0.0055924 0.0053404 0.0055924 0.0053404 0 0 0 0
0.00058047 -0.0013028 0.00070917 0.0013867 -0.002863 -0.0028191 0.0029608 0.0033976 0.002854 -0.0021336 0.003253 0.0028657 0 0 0 0 0.01384 -0.027473 0.018636 0.038923 0.2726 -0.094331 0.44845 0.3339 0.036128 0.0094787 0.036373 0.020847 0 0 0 0 0.0074103 0.021788 0.044843 0.049365 0.29543 -0.020539 0.65809 0.25483 0 0 0 0 0 0 0 0 0.0038953 -0.001853 0.0050397 0.0030429 0.049471 0.020331 0.06322 0.02335 -4.0993e-06 -1.4635e-05 4.0993e-06 1.4635e-05 7.85e-07 -3.5088e-06 7.85e-07 3.5088e-06
8.6934e-05 -0.00051007 0.00086441 0.0011023 0.022224 -0.01813 0.025705 0.019244 0.032292 -0.033803 0.033524 0.033803 0 0 0 0 0.0030638 0.030432 0.034711 0.035828 -0.19874 0.1213 0.38689 0.17472 0.36918 -0.0019251 0.37162 0.055971 0 0 0 0 0.01891 -0.036233 0.066761 0.040077 -0.22378 -0.10675 0.2966 0.14221 0.3789 0.060476 0.38173 0.063187 0 0 0 0 -0.0021038 0.00062333 0.0049544 0.0014936 0.024949 0.010072 0.026726 0.010613 0.033743 0.0063171 0.03418 0.0066369 0 0 0 0
0.0010181 0.0013106 0.0012472 0.0013472 0.0075139 0.01803 0.04727 0.04807 0.039463 -0.017844 0.039463 0.017844 0 0 0 0 -0.02928 0.0074971 0.059787 0.043721 -0.096195 -0.12325 0.37058 0.39068 0.28608 -0.0339 0.44078 0.09485 0 0 0 0 -0.014481 -0.025618 0.025265 0.037344 -0.016958 -0.043037 0.20919 0.17285 0.35167 0.066736 0.39535 0.10638 -0.0010823 -0.0021392 0.0011315 0.0021835 0.00026582 -0.00043265 0.00074949 0.00079855 0.036551 0.016953 0.045245 0.039439 0.00050749 -0.026527 0.030923 0.050148 -0.0054401 -0.013261 0.0054401 0.013261
-0.0005403 -9.3244e-05 0.0019996 0.0024872 0.0013419 0.012468 0.064059 0.048596 0.05487 -0.026447 0.055908 0.026956 0.00017797 0.00022972 0.00031668 0.00036654 0.0020058 0.017791 0.013574 0.025328 -0.061482 0.00079795 0.2277 0.22049 0.36726 -0.018543 0.46523 0.26112 2.0143e-05 9.0037e-05 2.0143e-05 9.0037e-05 -0.017824 -0.011157 0.050905 0.042042 -0.048376 -0.022045 0.17448 0.14747 0.33389 0.014252 0.45081 0.26857 0 0 0 0 -0.00083709 -0.00023506 0.0023355 0.0019784 0.00049137 0.0064643 0.045325 0.060489 0.057845 0.023469 0.057957 0.026159 0 0 0 0
-0.0036281 -0.0083691 0.0036525 0.0084062 0.023404 -0.057821 0.024738 0.057858 0.00054409 -0.00054409 0.00054409 0.00054409 0 0 0 0 3.083e-05 0.0061439 0.023689 0.026726 -0.041086 -0.079065 0.14443 0.15501 0.38282 -0.066956 0.38282 0.086307 -0.00168 -0.0027876 0.00168 0.0027876 -0.023921 0.017889 0.041341 0.055727 0.038127 0.064331 0.22532 0.32426 0.09811 -0.26299 0.39311 0.46272 -0.02986 -0.072088 0.02986 0.072088 -0.0052497 -0.011611 0.0052497 0.011611 -0.020791 -0.048877 0.020791 0.048877 0 0 0 0 0 0 0 0
-0.00058893 -0.0053488 0.0021154 0.0053488 -0.0015128 -0.01657 0.0095546 0.01657 0.0047069 -0.016971 0.0047069 0.016971 0 0 0 0 -0.01897 -0.0069636 0.04764 0.015077 -0.097107 -0.089202 0.43403 0.1462 0.15665 -0.05886 0.33434 0.19123 0.0024201 -0.025164 0.019297 0.050469 -0.0020901 0.0091201 0.057059 0.017202 -0.10132 -0.011038 0.52011 0.11749 0.14146 0.018957 0.47285 0.17854 -0.006999 -0.00026074 0.043331 0.061117 -0.0038388 0.0045389 0.0077545 0.0045617 -0.00278 0.040923 0.029408 0.040995 -0.0021538 0.025722 0.050992 0.034386 -0.00052671 0.0051829 0.0036554 0.0058745
-0.0015513 -0.001626 0.0030199 0.0026223 0.032175 0.00025242 0.037676 0.020409 -0.0010904 -0.014695 0.063585 0.057484 -0.00058436 0.00014447 0.0047431 0.0015215 -0.0028086 -0.00034752 0.01408 0.0066904 -0.0064337 -0.0604 0.17984 0.15271 0.25744 -0.024884 0.49313 0.36584 -0.029074 -0.0070174 0.052348 0.049408 -0.016997 0.032622 0.07386 0.041771 0.033323 0.071422 0.15669 0.20842 0.18616 -0.030583 0.31686 0.48079 -0.026752 0.022145 0.043655 0.070689 0.01455 -0.0044751 0.01455 0.0044751 -0.034708 0.072516 0.035676 0.083337 0.0035005 0.017161 0.033465 0.071212 0.00037585 0.0068124 0.005819 0.013717
0.00037383 0.00064296 0.0011708 0.0023046 0.0020116 -0.0076067 0.013241 0.01525 0.054491 -0.018363 0.054902 0.027904 -0.00045043 0.00079688 0.00046082 0.00097561 -0.011046 0.011411 0.012735 0.020317 -0.0081419 -0.020142 0.078918 0.061165 0.37717 -0.053265 0.3925 0.091566 6.36e-05 6.36e-05 6.36e-05 6.36e-05 0.02872 0.031037 0.054095 0.057452 -0.23195 0.22417 0.39011 0.33373 0.34141 0.026811 0.37119 0.1673 0.0013168 -0.0002518 0.0014562 0.0010155 0.0086417 -0.004287 0.011879 0.0055216 -0.043954 -0.021982 0.055714 0.027956 0.059393 0.024475 0.060151 0.02485 0.00021864 1.7721e-05 0.00021864 9.8089e-05
-0.0017054 -0.0031906 0.010735 0.0048112 -0.0042491 -0.0023805 0.010766 0.016423 0.050108 0.019414 0.062546 0.046785 -0.011579 0.0011808 0.012897 0.0057063 -0.0032875 0.0005744 0.024254 0.0087727 0.070583 -0.044896 0.17402 0.16902 0.18306 -0.070555 0.44965 0.39467 -0.04238 0.011325 0.065516 0.061707 -0.018654 0.031372 0.093339 0.035981 0.014146 0.07535 0.21516 0.1721 0.19416 -0.0093481 0.36281 0.47746 -0.0254 0.0070138 0.032661 0.060347 0.011972 -0.0012299 0.01227 0.001671 -0.042246 0.059862 0.050514 0.072029 0.023074 0.0088625 0.05742 0.059666 -0.0046297 -0.0053356 0.0073046 0.015389
0.00026492 -0.00020613 0.00058691 0.0012043 0.0034799 0.011255 0.05365 0.035665 0.02134 -0.056306 0.067952 0.066142 -0.0053326 -2.776e-05 0.0060865 0.0053742 0.0012939 -0.00016905 0.00319 0.0027444 -0.0057898 -0.045775 0.086342 0.10047 0.26457 0.088594 0.46148 0.29339 -0.021443 -0.0064228 0.031841 0.04904 -0.0081837 0.011294 0.025344 0.018152 0.019018 0.067249 0.16741 0.31999 0.1668 -0.045327 0.35143 0.52837 -0.014407 0.019745 0.026792 0.060214 -0.0062543 0.0098712 0.0067287 0.010076 -0.0039104 0.015452 0.035024 0.037205 0.024177 -0.00053064 0.049079 0.045831 -0.0052405 -0.0085099 0.0059604 0.01205
0.0021562 -0.0041452 0.003335 0.0072048 -0.043265 0.011267 0.051209 0.019745 0.055736 -0.017999 0.055966 0.033609 0 0 0 0 -0.024096 -0.024398 0.066166 0.046415 0.12909 -0.0019494 0.37722 0.46585 0.19919 0.051366 0.23029 0.13605 0 0 0 0 0.014595 0.035959 0.029049 0.05077 -0.018723 0.053407 0.45512 0.33896 0.27808 0.026695 0.27842 0.061948 0 0 0 0 0 0 0 0 0.00054354 0.0058186 0.0062882 0.0060642 0 0 0 0 0 0 0 0
0 0 0 0 -0.024286 0.00052815 0.036487 0.058301 0.028846 -0.00058144 0.039457 0.064033 -0.0024885 -0.0002431 0.0024941 0.00024699 -0.039622 -0.0016805 0.039683 0.01488 -0.029787 -0.060776 0.21434 0.4961 0.15668 -0.00086408 0.30242 0.3939 -0.018951 0 0.018951 0 -0.042074 -0.0018767 0.042074 0.022452 -0.056927 0.057284 0.11848 0.46272 0.19679 -0.00011799 0.22442 0.28579 -0.020905 -0.0012868 0.020905 0.0012868 0 0 0 0 -0.0064696 0.024882 0.0064696 0.024882 0.0047318 0.046628 0.013937 0.046689 -0.0033013 0 0.0033013 0
0 0 0 0 0.054017 0 0.054017 0 0.0001032 -0.00017468 0.00099049 0.00022028 -0.0035183 -0.0053992 0.0035568 0.0055034 -2.6611e-05 9.9029e-05 9.9029e-05 9.9029e-05 0.37398 0 0.37398 0 -0.19798 -0.13122 0.209 0.14319 -0.0062603 -0.010883 0.024932 0.024438 -0.00024198 -3.3676e-05 0.00050172 0.00014417 0.3735 -1.8859e-06 0.37536 0.0017333 -0.31809 -0.09638 0.38996 0.18734 -0.0042378 -0.0007826 0.032338 0.01079 1.8031e-05 1.2487e-05 2.2063e-05 1.2487e-05 0.053832 -5.7356e-05 0.054289 0.0013313 -0.048804 -0.0025617 0.065126 0.025996 0.0012945 0.0014177 0.0017667 0.0031257
-1.6836e-06 -3.3411e-06 6.2653e-06 3.3411e-06 0.054205 -0.00022319 0.054476 0.00046104 -0.040835 -0.01049 0.062104 0.019871 -0.0017275 0.0048533 0.0029544 0.0049974 2.3994e-05 -2.0127e-06 0.00048437 0.00018021 0.38259 -0.048402 0.38627 0.051515 -0.27358 0.10837 0.40012 0.1775 -0.013767 -0.0026545 0.022674 0.020318 0.00010229 -3.0575e-05 0.00010229 0.00025668 0.39377 -0.00070044 0.3942 0.0015047 -0.18099 0.088254 0.18859 0.11758 -0.0076635 -0.0035161 0.022694 0.021553 0 0 0 0 0.056925 0 0.056925 0 -0.00015113 0.00032225 0.0012559 0.00068723 -0.0069181 0.007247 0.0069719 0.0072594
0.0006133 0.00030886 0.0019028 0.0013696 -0.04942 -0.087962 0.0498 0.088218 -0.012018 -0.051254 0.017406 0.060183 -0.00065951 -0.0046261 0.0015512 0.0074741 -0.052783 -0.049162 0.078164 0.076454 -0.083228 -0.023007 0.22191 0.27729 0.30038 0.098301 0.54749 0.27006 -0.034011 -0.0079317 0.053283 0.070443 -0.0041576 -0.0044188 0.047749 0.037925 0.01198 0.00028786 0.1459 0.19278 0.14604 -0.069527 0.45013 0.18478 0.015114 0.020565 0.028862 0.034063 0.0015456 -0.0011382 0.0054725 0.004816 0.0056603 0.031189 0.015968 0.070683 0.012725 0.02078 0.022864 0.069806 -0.0059394 -0.004515 0.0095297 0.0085557
0 0 0 0 0.040473 0.011485 0.04082 0.01179 0.033461 0.014953 0.03976 0.017741 -0.0013765 -0.00079392 0.002109 0.0015563 0 0 0 0 0.49495 0.079911 0.49809 0.15558 -0.0043718 -0.018872 0.12235 0.046526 -0.018359 -0.004639 0.018771 0.0056087 0 0 0 0 0.4013 0.011761 0.43175 0.21071 0.026215 -0.027107 0.13045 0.093463 -0.0028842 0.00020981 0.0090381 0.0058558 0 0 0 0 0.10437 0.012559 0.10833 0.020671 -0.048958 0.011026 0.077857 0.013287 0.0018758 0.00069069 0.0025404 0.00094631
-0.0030599 -0.0033828 0.0034485 0.010761 -0.014066 0.018569 0.016785 0.031957 -0.00023312 0.0004803 0.00023312 0.0004803 0 0 0 0 0.0041665 0.031493 0.036358 0.037769 0.041289 0.0017071 0.17777 0.12326 0.057221 0.2907 0.44877 0.38143 -0.030085 0.048348 0.030085 0.048348 0.020964 -0.023181 0.056691 0.038165 -0.11844 0.10668 0.31583 0.30311 0.36387 0.051081 0.36387 0.056449 -0.017281 0.026453 0.017281 0.026453 5.2856e-05 0.0025088 0.0020665 0.006369 0.042522 0.049536 0.047112 0.052794 0.00047497 0.00062285 0.0005602 0.00070808 0 0 0 0
8.0484e-06 -2.8301e-06 8.0484e-06 8.0484e-06 0.057659 0.0085755 0.057696 0.0086626 -0.014309 0.0091404 0.045496 0.011268 0.0011015 0.00022964 0.0014517 0.00045701 0 0 0 0 0.46044 0.0040666 0.46044 0.092125 -0.18181 -0.037239 0.24539 0.063932 0.0037324 0.0013389 0.0061317 0.0014837 0 0 0 0 0.41027 -0.013989 0.41027 0.049968 -0.14175 -0.010578 0.29216 0.059771 0.0012592 0.0007597 0.0040559 0.0015553 0 0 0 0 0.063722 0.0034053 0.063722 0.010972 -0.025761 -0.0073211 0.042743 0.010155 -8.7935e-05 -1.2487e-05 0.00031426 0.00018801
-0.0084804 -0.0022319 0.0091437 0.0034318 0.0097839 0.0046788 0.014731 0.010816 0.03549 0.0073208 0.061049 0.042342 -0.008837 -0.0028752 0.0092667 0.005494 -0.038871 0.0009272 0.047942 0.018507 -0.025132 0.030137 0.26093 0.12269 0.29882 0.010665 0.40325 0.3341 -0.054547 0.017622 0.07094 0.049716 -0.08047 0.040213 0.080523 0.040976 -0.0204 -0.01237 0.18611 0.28291 0.21139 -0.05655 0.25439 0.50855 -0.044661 -0.0052017 0.047148 0.068011 -0.00023565 0.00022274 0.00030158 0.00025517 -0.044245 0.062234 0.044797 0.063597 0.023575 -0.00022592 0.044651 0.053894 -0.0037116 -0.0015302 0.0056415 0.010537
0 0 0 0 0.063274 0.0074779 0.063274 0.0074779 0 0 0 0 -7.6005e-06 -2.8284e-05 2.8284e-05 2.8284e-05 0 0 0 0 0.10545 -0.095718 0.59818 0.16273 -0.0084524 -0.15461 0.28513 0.24751 0.037423 -0.030121 0.038712 0.034959 0 0 0 0 -0.011415 0.13466 0.56723 0.15498 0.072644 -0.020658 0.11676 0.11207 0.016162 0.016088 0.029827 0.020355 0 0 0 0 0.038459 0.010257 0.046413 0.010257 -0.012944 0.082103 0.020485 0.082103 0.0027235 0.0051485 0.0027235 0.0051485
-0.0021827 -0.0025236 0.0032726 0.006192 -0.0019106 -0.0025506 0.016807 0.02838 -0.012991 0.038499 0.021184 0.038918 -3.1156e-05 -8.3721e-06 3.1156e-05 3.1156e-05 -0.023197 0.020431 0.050376 0.043695 -0.060974 0.11178 0.15289 0.1604 0.25629 -0.0052569 0.39385 0.2182 -0.036161 0.060132 0.036161 0.060132 0.031835 -0.023647 0.062293 0.038311 -0.046268 0.043457 0.42223 0.39658 0.16521 0.11234 0.46211 0.19176 -0.00018943 0.00018943 0.00018943 0.00018943 -0.0005422 0.00098929 0.0020394 0.004887 0.015462 0.016018 0.031719 0.051055 0.038133 0.034854 0.038241 0.034897 0 0 0 0
0.00089042 -0.00014357 0.0024467 0.0020164 0.0046836 -0.0015585 0.017072 0.013349 0.031641 0.011592 0.047252 0.057195 -0.0054768 0.0052216 0.0059363 0.0088473 -0.00263 -0.0023288 0.0086471 0.0088069 0.018623 -0.037854 0.34524 0.28476 0.15814 -0.22317 0.40522 0.39317 -0.032075 0.0059413 0.035884 0.05686 0.0091576 0.0030121 0.010809 0.0047262 -0.021379 -0.023931 0.043106 0.068565 0.25447 0.12813 0.4761 0.2371 -0.027992 -0.0084793 0.053219 0.056248 0.0017829 -2.035e-05 0.0045109 0.0028991 -0.00089685 0.023686 0.027572 0.047526 0.018329 -0.00206 0.051954 0.076358 -0.0014036 0.0035952 0.0026632 0.0065006
0.001118 -0.0017803 0.0031727 0.0034939 0.05397 -0.049777 0.060763 0.053714 -0.00047266 0.0037351 0.0012719 0.0048373 -0.00037257 0.0017034 0.00037334 0.0017034 0.0008996 0.0081942 0.026548 0.049016 0.0032638 -0.051184 0.45587 0.34421 0.3386 -0.05132 0.33907 0.060106 0 0 0 0 -0.0036976 -0.012067 0.01536 0.037837 0.035643 0.041015 0.2811 0.21341 0.37121 0.046715 0.37168 0.063636 0 0 0 0 0.00097482 0.0017451 0.0030107 0.0027122 0.050458 0.030721 0.053023 0.046294 0.00083881 0.00062882 0.0017337 0.0012492 0 0 0 0
0.0013908 -0.0038746 0.0029202 0.0050861 0.03112 -0.052282 0.038807 0.053466 0.0005519 -0.00017378 0.0005519 0.00017378 0 0 0 0 0.0024306 -0.012183 0.016058 0.025874 -0.0018318 -0.071586 0.17451 0.10403 0.34997 -0.055376 0.35856 0.055376 -0.039836 -0.050258 0.039836 0.050258 -0.010922 0.0018181 0.025493 0.048077 0.11032 0.10442 0.26305 0.23016 -0.044525 -0.28369 0.51715 0.40772 -0.017563 -0.021672 0.017563 0.021672 -0.00098679 0.010842 0.0028711 0.013206 -0.037577 -0.030684 0.053273 0.086252 -0.0024473 -0.002398 0.0024473 0.002398 0 0 0 0
2.4719e-05 1.4987e-05 5.6829e-05 4.7097e-05 0.054122 0.00073495 0.054968 0.0016895 -0.049015 0.010638 0.064131 0.028236 0.0013692 -0.0022191 0.0016171 0.0067392 -0.0001653 -0.00013404 0.00039252 0.00013404 0.37723 -0.0011278 0.38266 0.003258 -0.31229 0.094314 0.36965 0.20571 -0.0086599 0.0039741 0.02927 0.010343 -8.4828e-05 1.3715e-05 0.00015861 0.00029892 0.37995 -0.010605 0.37995 0.01165 -0.1928 0.12855 0.20245 0.13668 -0.0084934 0.011592 0.024793 0.031046 0 0 0 0 0.059714 -0.0064109 0.059714 0.0066655 -0.0002522 0.00071542 0.00097084 0.00071542 -0.0027405 0.0043735 0.0027976 0.0044344
0 0 0 0 0.056204 0 0.056204 0 0.0003302 -4.1069e-05 0.00084415 0.00013131 -0.0012388 -0.0017178 0.0012861 0.0019085 0 0 0 0 0.38912 0 0.38912 0 -0.14387 -0.10804 0.15838 0.1214 -0.019095 -0.026402 0.030949 0.035523 -0.00023437 9.1398e-05 0.00053626 0.00021956 0.38879 0.00036013 0.38941 0.00096574 -0.32052 -0.12942 0.37369 0.19654 0.001426 0.0016021 0.031399 0.012739 1.0109e-05 6.5239e-06 1.0109e-05 6.5239e-06 0.056077 -0.00027259 0.056976 0.0011166 -0.051421 0.0024981 0.064581 0.020925 0.00021944 0.0008387 0.0026487 0.002181
0.00075116 -0.0024222 0.003103 0.0042895 0.051393 -0.046786 0.058934 0.05909 -0.0027078 0.013225 0.003426 0.013573 -0.0012811 0.0042845 0.0012811 0.0042845 -0.00086474 0.0076843 0.026101 0.035625 0.061463 -0.035995 0.47861 0.33734 0.30058 -0.046129 0.30058 0.046129 0 0 0 0 -0.0038204 -0.010383 0.023898 0.04148 0.054472 -0.0038833 0.36383 0.15927 0.36866 0.036759 0.37134 0.043991 0 0 0 0 -0.00043336 0.0023137 0.0018274 0.0026246 0.054919 0.050026 0.066045 0.052274 0.00012375 7.5274e-05 0.00059021 0.00095113 0 0 0 0
0 0 0 0 0.07175 0.0024975 0.07175 0.0024975 0 0 0 0 0 0 0 0 0 0 0 0 0.1675 -0.16259 0.36893 0.17266 0.054722 -0.13466 0.42592 0.34558 0.054042 -0.031788 0.05678 0.031856 0 0 0 0 0.12329 0.17216 0.35435 0.18016 0.033753 0.067067 0.34673 0.29846 0.072997 0.022142 0.073099 0.026232 0 0 0 0 0.065311 0.0028276 0.065311 0.0028276 -0.0063476 0.020279 0.0089152 0.020279 0.002418 0.0016579 0.0024731 0.002262
-0.0017136 -0.0031244 0.0024198 0.004569 0.041568 -0.052557 0.045003 0.066143 0.00091091 -0.0007602 0.0010484 0.00089769 -0.0029902 -0.0018405 0.0029902 0.0018405 -0.0084968 0.010653 0.015691 0.030279 -0.027696 -0.047239 0.15016 0.084581 0.35977 -0.13319 0.43179 0.13538 -0.081466 -0.047523 0.081466 0.047523 -0.011924 -0.0091766 0.023625 0.063558 -0.0036413 0.020538 0.13047 0.17446 0.056557 -0.11287 0.65615 0.2629 -0.0042954 -0.0042954 0.0042954 0.0042954 -0.0041808 0.00014799 0.0078592 0.0070924 0.031641 0.039249 0.058947 0.060414 -0.052496 -0.027921 0.052525 0.027958 0 0 0 0
-0.0023162 -0.00064737 0.0046498 0.0030592 0.0088015 0.040125 0.025218 0.047735 -0.0021781 -0.0093331 0.018914 0.056966 0.0099005 0.0051127 0.014063 0.008405 0.020499 0.0054612 0.052394 0.014785 -0.085132 -0.11305 0.18648 0.24187 0.19101 0.20331 0.2412 0.26512 4.0855e-05 0.037343 0.040535 0.093163 -0.0071656 -0.0024937 0.035238 0.016447 0.058643 0.048489 0.20262 0.44098 0.1806 -0.0061685 0.35143 0.47763 -0.0037506 -0.042914 0.066433 0.05927 -0.0083659 0.0050997 0.0089953 0.0054191 0.040028 0.044898 0.045179 0.064545 0.0032942 0.037835 0.051494 0.073262 -0.0056675 -0.0005161 0.0061439 0.005923
-1.0539e-05 7.8801e-06 7.5502e-05 2.7129e-05 0.05659 0.00065692 0.057586 0.0011515 -0.051298 -0.0017397 0.060148 0.03042 4.7075e-05 -0.00086116 0.0018185 0.0041414 -0.00014702 4.9792e-05 0.00034424 0.00027537 0.39273 -0.00072497 0.39622 0.0027672 -0.31361 0.13738 0.36131 0.20698 -0.0017845 -0.00058109 0.029567 0.013616 -4.6137e-05 -0.00016258 8.6265e-05 0.00016258 0.39407 -0.0004387 0.39407 0.0004387 -0.13869 0.099793 0.14765 0.10719 -0.022645 0.027009 0.031527 0.039734 0 0 0 0 0.056924 0 0.056924 0 0.00026316 9.0479e-05 0.00087338 0.00012094 -0.00097221 0.0018013 0.0010443 0.0019706
0.0026072 0.0015407 0.0026561 0.0027519 0.052807 -0.024354 0.074094 0.057754 0.0012653 -0.0012517 0.0012653 0.001276 0 0 0 0 -0.0048476 0.0018477 0.063132 0.052651 -0.098695 -0.1293 0.37602 0.35355 0.36923 -0.053564 0.36923 0.053564 0 0 0 0 -0.016835 -0.024807 0.027057 0.038468 0.10756 0.01832 0.31924 0.12954 0.31295 0.009767 0.3598 0.11142 -0.023689 -0.046702 0.023689 0.046702 -0.00025001 0.00034988 0.00077004 0.001022 0.036204 0.0041944 0.059036 0.064313 -0.045098 -0.093817 0.045098 0.093827 -0.00021073 -0.00021073 0.00021073 0.00021073
-0.0019741 0.0011607 0.0027414 0.0036663 -0.0075261 -0.0046141 0.024173 0.032783 0.063835 -0.052234 0.091512 0.074105 0.00017049 6.0297e-05 0.00018391 0.00015125 -0.0041508 0.011913 0.030421 0.034707 -0.13177 0.011905 0.13968 0.10762 0.25368 -0.030201 0.49207 0.16417 0.020186 -0.018003 0.061957 0.019705 -0.012261 -0.00492 0.046089 0.097317 -0.11639 0.018287 0.19106 0.52497 0.18649 0.048002 0.34427 0.23621 -0.012768 -0.0259 0.13796 0.043111 0.0028964 0.0027638 0.011943 0.0072296 -0.013556 -0.0070687 0.034445 0.025654 0.051965 0.032017 0.080172 0.052066 -0.023888 -0.0097503 0.023893 0.0097521
0.010776 0.0023925 0.011088 0.0025402 -0.047886 -0.078036 0.048192 0.078477 -0.0068956 -0.04197 0.017225 0.082911 0.00077936 -0.0052541 0.0027473 0.010637 -0.025208 -0.024451 0.11108 0.042887 -0.13294 -0.085317 0.2352 0.24613 0.16858 -0.0064027 0.62821 0.26022 -8.0843e-05 0.0083734 0.04626 0.020408 -0.041355 -0.01052 0.10016 0.029905 0.056832 0.038272 0.15129 0.29472 0.052727 0.031181 0.21937 0.37115 -0.0089523 -0.0017183 0.037345 0.031074 -0.0096516 0.0037806 0.014006 0.0057612 0.003647 0.0024285 0.024123 0.013471 0.010379 -0.032937 0.015058 0.046976 0.0024414 0.0012713 0.0045316 0.0031192
0.0035269 -0.00068473 0.0035269 0.00069778 -0.018415 -0.036968 0.070621 0.041463 0.015358 -0.014075 0.06391 0.048234 0.0048142 -0.0042218 0.0056981 0.0071561 0.0011525 -0.00072525 0.0011525 0.00077696 0.067684 -0.037276 0.2333 0.098016 0.075974 0.00023388 0.38351 0.32619 0.012089 -0.0076741 0.032696 0.011223 7.7816e-05 -7.7816e-05 7.7816e-05 7.7816e-05 0.03809 0.23831 0.44764 0.28552 0.059369 0.10415 0.34965 0.41012 0.01836 0.03373 0.035148 0.039627 0 0 0 0 0.047736 -0.0055541 0.047891 0.0057098 -0.00022466 0.0030945 0.0015064 0.0030945 -0.00071767 0.0020864 0.0012549 0.0020864
0 0 0 0 0.060096 0 0.060096 0 -0.000278 -0.0021866 0.0022411 0.0021866 -0.0043948 -0.004976 0.0044169 0.0050112 -1.4653e-05 0.0001529 0.00022519 0.0001529 0.41583 0.00040219 0.41603 0.00040219 -0.1609 -0.087737 0.16805 0.095389 -0.019671 -0.014873 0.031875 0.022039 -5.9055e-05 -0.00013777 0.00039043 0.00013777 0.4157 -0.00014044 0.41589 0.001242 -0.28048 -0.076085 0.33546 0.12768 -0.0044463 0.004565 0.030207 0.021988 3.55e-06 8.2971e-06 1.7551e-05 1.2896e-05 0.058618 0.0052736 0.058757 0.0055655 -0.043145 -0.011773 0.061973 0.018181 -0.0014891 0.0014558 0.0020275 0.0032582
-0.00072634 -0.0075372 0.0017083 0.0075652 0.0077282 -0.045547 0.032828 0.045581 -0.0041539 -0.025498 0.04883 0.030874 0 0 0 0 0.032645 -0.0055402 0.1013 0.019649 0.065127 -0.0046967 0.36178 0.12399 0.086811 -0.00054487 0.52074 0.064928 -0.00010071 -4.6206e-06 0.00010071 0.00010071 -0.0088819 -0.005042 0.05208 0.019826 -0.058101 0.035913 0.55302 0.097528 0.23328 -0.00015444 0.39788 0.038206 0 0 0 0 -0.0014034 0.0070369 0.0028629 0.0076613 -0.0025831 0.040859 0.02559 0.040859 0.01348 0.041853 0.01348 0.041853 0 0 0 0
-0.0016193 -0.0033337 0.0064129 0.012892 -0.012222 0.0013871 0.029374 0.039583 0.061158 -0.021752 0.062808 0.022455 -0.0051966 -0.0027292 0.0053335 0.0027978 -0.0054932 -0.0093644 0.015613 0.011674 -0.001481 -0.032013 0.28918 0.1895 0.27842 -0.08115 0.52795 0.14418 -0.081344 -0.049169 0.081344 0.049364 -0.007574 0.004175 0.020827 0.021318 -0.0082748 -0.038289 0.043038 0.051046 0.066628 -0.089007 0.63156 0.20516 -0.00082106 -0.00026544 0.0010164 0.0008735 -0.00048321 -0.00031775 0.0017894 0.0018909 0.0065717 0.0045566 0.012448 0.0061692 -0.015557 -0.011502 0.062243 0.030046 -1.4144e-05 -2.5296e-07 7.5257e-05 2.6591e-05
-0.001049 -0.00036873 0.0025492 0.0026272 -0.0046302 -0.0051904 0.0086755 0.012274 0.091769 -0.026397 0.091918 0.03065 -5.4822e-05 4.7261e-05 7.3618e-05 4.7261e-05 -0.013205 0.011745 0.0209 0.018472 -0.0045664 -0.00076625 0.040596 0.038776 0.51694 -0.03677 0.53885 0.10123 0.00028947 -2.1099e-05 0.0042525 0.0029207 -0.012022 0.022918 0.024227 0.035194 -0.055784 0.11776 0.065968 0.12505 0.36169 -0.054901 0.39309 0.20833 0.0096498 -0.05453 0.015367 0.058686 -0.00043808 0.0081518 0.0075162 0.011693 -0.029355 -0.0080468 0.051963 0.042491 0.05296 0.093772 0.054503 0.094049 0.0010734 0.018048 0.0014821 0.018071
-0.00074183 -0.0032652 0.0053428 0.016977 0.026031 0.084108 0.048223 0.089703 0.012743 0.006009 0.012786 0.0061363 0 0 0 0 -0.057249 0.041512 0.075408 0.071111 0.42225 -0.036248 0.44282 0.37257 0.00050078 0.00014968 0.0014564 0.0019306 0 0 0 0 -0.047084 -0.044331 0.072736 0.060792 0.33011 0.047037 0.43714 0.35952 0 0 0 0 0 0 0 0 -0.0068764 0.0074575 0.011911 0.010324 0.052275 -0.012295 0.052536 0.014067 0 0 0 0 0 0 0 0
-0.0051787 -0.0053845 0.0054026 0.0053884 -0.006162 -0.038355 0.049441 0.04494 0.018253 0.030839 0.028611 0.072127 -0.010895 0.0022902 0.011823 0.0061945 -0.036329 -0.023858 0.042302 0.030382 0.002057 -0.0090491 0.087273 0.10102 0.23683 -0.20703 0.42678 0.4353 -0.024085 -0.0191 0.035649 0.055768 -0.0081216 -0.0032461 0.026303 0.013263 0.015137 0.044352 0.08787 0.10803 0.316 0.17464 0.41416 0.3725 -0.051965 0.024538 0.052793 0.07201 -0.0003435 -8.3619e-08 0.00092216 0.0005497 0.0057562 -0.0042943 0.058172 0.030182 0.012572 -0.041981 0.056367 0.061672 0.00084392 0.0074731 0.0074504 0.0094912
0 0 0 0 0 0 0 0 0.065692 0.0081793 0.076092 0.01482 -0.0069271 -0.0008803 0.0087827 0.0016619 0 0 0 0 0.0065865 0.00035732 0.0065865 0.0017358 0.35866 -0.055929 0.5731 0.11633 0.0027665 5.2769e-05 0.02045 0.007522 0 0 0 0 0.004408 -0.0001346 0.004408 0.0011506 0.331 0.0168 0.61767 0.12715 0.022122 0.00027937 0.022547 0.0053167 1.2249e-06 1.2249e-06 1.2249e-06 1.2249e-06 0.00096832 0.00010715 0.0009722 0.00028081 0.037725 -0.020861 0.065112 0.021627 0.0023642 0.00047004 0.0025033 0.00062962
0 0 0 0 0.067847 0 0.067847 0 -0.00029662 0 0.00029662 0 0 0 0 0 0 0 0 0 0.46943 -0.00034934 0.46943 0.00077684 -0.0019175 -0.00083776 0.0032695 0.00083776 -0.003184 -0.0036951 0.0033343 0.0037528 6.0661e-05 0.00015604 0.00029806 0.00015604 0.46529 0.0012441 0.46643 0.0058859 -0.12391 -0.13157 0.17576 0.16697 -0.032252 -0.051106 0.035702 0.054413 -4.9716e-07 -3.3048e-05 5.5975e-05 3.5327e-05 0.062872 -0.0021087 0.068685 0.0023856 -0.049623 -0.032621 0.054955 0.036725 0.00072436 0.00078445 0.0032449 0.0027885
0 0 0 0 0.00056959 8.9325e-05 0.00056959 0.00011972 0.053882 0.01173 0.057234 0.011951 -0.00021342 -0.00011461 0.0031928 0.00083116 0 0 0 0 0.005304 -8.1438e-05 0.005304 0.001751 0.3791 -0.091894 0.42586 0.16688 -0.0058532 -0.0051579 0.010955 0.0072608 0 0 0 0 0.0021835 -0.00053818 0.0021835 0.0012942 0.39151 0.15543 0.63264 0.18466 -0.0095465 0.0014967 0.013662 0.0037845 0 0 0 0 0 0 0 0 0.063641 -0.018771 0.1221 0.021736 -0.0011975 0.0005463 0.001478 0.00060779
0.00088295 0.001188 0.0027206 0.0030595 0.020864 0.0040775 0.02573 0.01327 -0.0026241 0.013054 0.0071135 0.017023 0.00027833 0.0019602 0.0017223 0.0019611 -0.024259 0.024895 0.049539 0.039595 0.29063 0.16846 0.30028 0.23863 0.014116 0.35524 0.10671 0.397 -0.019323 0.040752 0.020443 0.040828 0.064451 -0.038818 0.10722 0.087153 0.22873 0.0046299 0.44474 0.28338 0.1348 -0.045207 0.17008 0.103 -0.0089614 0.010452 0.010188 0.01557 0.011185 -0.0087963 0.011226 0.0088196 0.062495 -0.043761 0.06965 0.07397 0.02356 0.0033312 0.027582 0.010231 -0.0016897 -0.00016448 0.0021012 0.0010849
0.0028483 0.0011423 0.0052239 0.003739 0.013165 -0.0040802 0.01614 0.014033 -0.0061527 0.013318 0.011558 0.018704 -0.0002119 0.0012584 0.00054211 0.0013347 -0.014806 0.016261 0.068717 0.047155 0.25783 0.17947 0.2785 0.24934 -0.037626 0.32016 0.096931 0.32783 -0.011705 0.028269 0.013387 0.028697 0.10218 -0.074139 0.11224 0.090181 0.28702 -0.047361 0.47815 0.34393 0.035112 -0.017872 0.098317 0.075496 -0.011704 0.017822 0.014839 0.021497 0.0002371 -0.00016887 0.00029406 0.00020009 0.09836 -0.10331 0.09836 0.10331 0.025096 -0.02497 0.032314 0.027705 0.00031561 0.00052234 0.0012884 0.0010479
0 0 0 0 0.057335 0 0.057335 0 -0.04098 0.044089 0.044276 0.085625 0.012953 -0.0012254 0.012953 0.0048599 0 0 0 0 0.39648 4.3323e-05 0.39742 0.00047311 -0.22115 0.13084 0.36875 0.36374 0.060629 0.018755 0.060629 0.03591 0 0 0 0 0.39695 0 0.39695 0 0 0 0 0 0 0 0 0 0 0 0 0 0.057335 0 0.057335 0 0 0 0 0 0 0 0 0
0.00061724 -0.0013745 0.0030936 0.0028408 0.017825 0.013402 0.070918 0.052796 -0.066516 0.091169 0.066646 0.091222 -2.4827e-05 -8.8697e-06 2.4827e-05 2.4827e-05 -0.0083471 0.0023707 0.026337 0.030015 0.38521 -0.02893 0.42141 0.2657 -0.029103 0.14175 0.15671 0.20799 -0.069868 0.081105 0.070077 0.081313 -0.0070545 -0.0056516 0.017174 0.018022 0.4614 0.030649 0.47766 0.074426 -0.0011316 -0.0023111 0.0046472 0.0046472 -0.0028276 0.0041581 0.0034082 0.0047449 -0.0031486 0.0035326 0.0053118 0.0054835 0.056685 0.011572 0.056685 0.019071 -6.6399e-06 6.6399e-06 6.6399e-06 6.6399e-06 0 0 0 0
-0.0016527 -0.0015103 0.0038661 0.0041379 0.0023372 -0.0097155 0.0095446 0.010881 0.0040082 -0.017415 0.072407 0.042431 0.0044845 0.0056457 0.010538 0.010604 -0.029382 0.03593 0.048785 0.065283 0.0034756 -0.045184 0.15509 0.14413 0.12426 -0.031973 0.49153 0.19363 0.005314 -0.017784 0.064113 0.030884 -0.046764 0.031376 0.076281 0.099988 -0.16458 0.14472 0.39859 0.34674 0.093745 -0.05214 0.4028 0.2247 0.041308 -0.0068027 0.072167 0.073593 -0.00020941 -6.2182e-06 0.00028241 0.00014733 -0.052993 0.10907 0.054191 0.10993 -0.020537 0.10172 0.02337 0.10554 0.0022408 0.013961 0.002622 0.016012
0.00056691 0.00069428 0.0025075 0.0027676 0.053195 -0.055402 0.075493 0.059697 -5.2051e-05 0.00024091 0.0006145 0.0006145 0 0 0 0 -0.0066643 -0.0093637 0.016024 0.018195 0.082135 -0.066946 0.39006 0.11259 0.38954 -0.055385 0.4014 0.068239 0 0 0 0 -0.011747 -0.011959 0.020242 0.019225 0.16998 0.034738 0.38021 0.12254 0.36833 0.059091 0.36982 0.06116 0 0 0 0 0.00025229 0.0027101 0.0053001 0.0040047 0.063039 0.053789 0.071121 0.06672 -0.0038543 -0.015785 0.0051339 0.016343 -0.0014712 -0.005601 0.0014712 0.005601
-0.0006331 0.00051777 0.0071506 0.0028376 0.0045363 -0.0019408 0.026556 0.017232 0.065506 -0.027184 0.065777 0.027935 2.8988e-05 8.1321e-05 0.00018276 0.0003904 -0.017508 -0.008467 0.058044 0.015579 0.056167 -0.043905 0.092248 0.13578 0.38727 -0.052823 0.55627 0.13624 -0.0010091 -0.00044543 0.0013808 0.0019457 -0.027179 0.0054008 0.031608 0.021101 0.0016839 0.0050539 0.024178 0.024321 0.46714 0.056942 0.47094 0.11025 5.8361e-05 0.00048844 0.00036567 0.00048844 -0.0023865 0.0022288 0.0030931 0.0034421 -0.00047608 0.010955 0.016455 0.016615 0.070573 0.029125 0.070687 0.040422 -7.2405e-05 1.5448e-06 8.5125e-05 4.6067e-05
0 0 0 0 0.024806 0.01248 0.024806 0.01248 0.048643 0.036058 0.050671 0.038223 8.7087e-06 0.0016327 0.00058179 0.0023336 0 0 0 0 0.5074 0.10216 0.5074 0.10216 0.044057 0.0032399 0.079379 0.071788 0.00022169 -0.00046898 0.0051812 0.0023368 0 0 0 0 0.43377 -0.065648 0.43377 0.066427 0.065665 -0.1019 0.13435 0.12267 0.0020632 -0.0040627 0.0043961 0.0045499 0 0 0 0 0.057867 -0.014864 0.057867 0.014864 0.009155 0.010768 0.022308 0.027964 0.00085806 -0.0015533 0.0020144 0.0039612
0.00096496 -0.0007331 0.002194 0.0044802 0.059612 -0.029794 0.069286 0.037335 0.00037844 -0.00010872 0.00040692 0.00037375 1.5819e-06 -5.9173e-07 1.9745e-06 8.8914e-06 -0.019153 0.047483 0.034611 0.053996 0.22374 0.11318 0.31082 0.26539 0.23694 -0.045529 0.23972 0.22059 0 0 0 0 0.0090032 -0.0037271 0.078462 0.032885 -0.14658 -0.026947 0.50786 0.15372 0.36093 0.027875 0.36575 0.041735 0 0 0 0 0.0046988 -0.0072749 0.0087612 0.0076371 0.041856 -0.010993 0.077799 0.046576 0.012481 0.0049631 0.013204 0.0055147 0 0 0 0
0.00085213 -0.00085336 0.0017815 0.0023075 0.034336 -0.019048 0.068761 0.039179 -0.053785 0.035198 0.053913 0.035286 -1.7888e-05 1.7888e-05 1.7888e-05 1.7888e-05 -0.012652 0.0073456 0.03181 0.022144 0.066704 -0.066074 0.20067 0.12058 0.029072 0.14017 0.61993 0.22424 -0.0043544 0.0042977 0.0043544 0.0043544 0.0026281 -0.0015659 0.034759 0.036608 0.036851 0.11479 0.44956 0.2294 0.2467 0.075674 0.30725 0.076049 -0.075363 0.046238 0.075363 0.046238 -5.0471e-05 -0.0002039 0.0033098 0.0054398 0.045321 0.034645 0.05726 0.050718 7.0919e-05 7.0919e-05 7.0919e-05 7.0919e-05 -0.00247 0.0016557 0.00247 0.0016557
0.00011904 0.00031065 0.0010332 0.00090191 0.012199 0.005027 0.046169 0.03321 -0.029596 0.029453 0.029773 0.029477 -4.5577e-05 4.5577e-05 4.5577e-05 4.5577e-05 -0.008776 0.0047639 0.032823 0.018145 0.13591 -0.022211 0.23536 0.13117 0.027748 0.18825 0.57995 0.37356 -0.030943 0.030947 0.031107 0.031255 -0.03038 0.032897 0.05733 0.052309 0.090055 0.0469 0.24617 0.12146 0.35137 0.10475 0.35323 0.10499 -0.050176 0.049894 0.050452 0.050171 -0.0015384 -0.0036717 0.011277 0.0063667 0.035951 0.024007 0.076234 0.045678 0.0072821 0.00033795 0.0073704 0.0044947 -4.3287e-05 4.3287e-05 5.0996e-05 5.0996e-05
-0.0071284 -0.0060942 0.0072022 0.0075024 0.0019225 -0.0068672 0.022286 0.028301 0.030468 0.0052139 0.10883 0.042914 0.0007187 0.00090316 0.0048618 0.0049283 -0.01909 -0.0053457 0.053113 0.02483 0.052562 0.042666 0.12211 0.13369 0.14098 -0.070379 0.62097 0.21693 0.015532 0.01623 0.049947 0.031798 0.0028995 0.0035048 0.034081 0.043057 0.057113 0.085721 0.16079 0.41849 0.07134 -0.065708 0.24577 0.41253 -0.032883 -0.0095759 0.068429 0.054803 -0.0020321 0.0015261 0.0037431 0.0034945 0.018818 -0.0051405 0.019785 0.018023 0.012343 0.048053 0.021837 0.11555 -0.0022879 -0.0041376 0.0064597 0.0099858
-0.0013961 -0.00020417 0.0020589 0.0017187 0.0033806 0.0030067 0.032377 0.019534 0.062439 -0.029257 0.062786 0.03015 -2.7958e-06 7.0096e-07 1.4455e-05 2.0672e-05 -0.0096097 -0.0011631 0.011689 0.0078764 -0.046887 -0.0058487 0.28709 0.10026 0.42481 -0.070068 0.44327 0.10173 -0.0032322 -0.0034351 0.0058713 0.0053108 -0.022103 0.010097 0.024717 0.02934 0.023162 0.0016158 0.25219 0.123 0.37754 0.056106 0.47967 0.16607 -0.041037 -0.023532 0.041474 0.024026 0.0019903 -0.0057156 0.0023796 0.0061665 -0.0076249 0.010395 0.026432 0.036054 0.046934 0.016652 0.079197 0.03127 -0.012751 -0.0078883 0.012752 0.0079001
0.00085355 0.00013651 0.00085464 0.00029803 -0.027408 -0.0009248 0.027728 0.0047664 0.029211 0.0051599 0.11229 0.01143 -0.0050993 0.00073176 0.0050993 0.00074123 0.0052241 -0.0010993 0.0052241 0.0013917 -0.14493 -0.0032196 0.15072 0.027703 0.25572 0.024053 0.59839 0.12903 -0.097938 0.018633 0.097938 0.018751 0.0080722 -0.0023302 0.0082393 0.0026009 -0.1363 0.0097142 0.14367 0.032136 0.3811 -0.024209 0.48831 0.090245 -0.1237 0.03098 0.1237 0.033252 0.0020536 -0.00033226 0.0021427 0.0004409 -0.024547 -0.00094842 0.025171 0.0040142 0.066254 0.0022734 0.086187 0.015094 -0.019426 -0.0019169 0.019427 0.0023927
0.00061605 -0.0010625 0.0038584 0.0021077 0.042911 -0.013033 0.051072 0.030426 -0.0525 0.012253 0.053005 0.012912 -2.7096e-05 -2.2431e-06 9.1403e-05 3.4011e-05 0.013957 -0.0022122 0.020749 0.030905 0.2982 0.006681 0.43605 0.13358 -0.32457 0.044157 0.3371 0.056806 -0.00026247 -6.6321e-05 0.00027718 6.6321e-05 0.016314 0.00044358 0.026839 0.011093 0.31799 0.015443 0.40033 0.13692 -0.28873 0.011021 0.30374 0.012333 -9.7768e-05 9.4731e-05 0.00034289 9.4731e-05 -0.001615 -0.0010274 0.0055636 0.0017335 0.045678 0.0010302 0.053796 0.021457 -0.037488 0.008749 0.037907 0.009151 -8.722e-06 -3.5685e-05 2.6393e-05 3.5685e-05
0.0008942 0.001259 0.0034574 0.0030558 0.053554 -0.057211 0.078103 0.059308 -6.9796e-05 -0.0011984 0.0014041 0.0019508 0 0 0 0 -0.0064427 -0.010916 0.018326 0.018242 0.09097 -0.056042 0.37146 0.10913 0.38208 -0.043414 0.38968 0.052396 0 0 0 0 -0.017467 -0.0092512 0.02817 0.020141 0.24915 0.064829 0.4575 0.2021 0.29632 0.055253 0.29807 0.057709 -0.00020019 -0.00022558 0.00020019 0.00022558 0.00054578 0.0031245 0.0049558 0.0045939 0.050255 0.038114 0.065812 0.070989 -0.015065 -0.045121 0.016122 0.045657 -0.005093 -0.015628 0.005093 0.015628
-9.7583e-05 -6.6448e-05 0.00012121 6.6448e-05 -0.061114 -0.041423 0.062655 0.048409 0.060843 -0.034823 0.060925 0.034924 -4.1565e-07 1.3375e-06 1.3375e-06 1.3375e-06 -0.040744 -0.043123 0.045298 0.058028 0.044737 -0.11469 0.12768 0.12835 0.1674 0.087314 0.25148 0.40363 0.012346 -0.012979 0.059136 0.099564 0.00049285 0.0012464 0.019965 0.029836 0.23264 0.11508 0.27315 0.29011 -0.029636 0.011793 0.45957 0.42134 -0.016469 -0.033969 0.034382 0.075002 -0.0025306 -0.0013999 0.0046618 0.0036518 0.02356 0.033945 0.0422 0.081902 -0.02623 -0.029214 0.036437 0.086638 0.0011839 -0.00063673 0.002671 0.0016039
9.2388e-06 -4.9268e-06 9.2388e-06 4.9268e-06 0.058947 0.01763 0.059256 0.017737 0.0083763 -0.0034947 0.019381 0.014872 -0.00068685 0.00082936 0.0015966 0.0015613 0 0 0 0 0.45123 0.064607 0.47481 0.065167 -0.057095 0.02493 0.20296 0.061962 0.0055395 0.00070706 0.0195 0.01369 -0.0018049 0.00082226 0.0018049 0.00082226 0.45978 -0.03993 0.4747 0.12421 -0.02022 0.0063119 0.15353 0.079775 -0.015479 0.0068749 0.021911 0.0097734 -0.0027402 0.00083226 0.0027402 0.00083226 0.086757 -0.031924 0.086757 0.031924 -0.015205 -0.0058405 0.043794 0.019849 0.001451 3.2322e-05 0.0035929 0.00077811
0.0010869 -0.0061226 0.0030165 0.006189 0.0073058 -0.045422 0.025555 0.045705 0.00046969 -5.0896e-05 0.00046969 0.0001905 0 0 0 0 0.011673 -0.0050394 0.070011 0.02881 0.29203 -0.0039437 0.64938 0.089151 0.00024114 -0.00017088 0.002366 0.0013924 0 0 0 0 -0.061364 0.016642 0.12857 0.021041 0.38168 -0.037276 0.53739 0.10252 0.00027673 0.00027673 0.00027673 0.00027673 0 0 0 0 -0.0031396 0.0041432 0.0087289 0.0041539 0.021802 0.052363 0.026962 0.052642 0 0 0 0 0 0 0 0
0 0 0 0 0.05817 0 0.05817 0 -0.0076235 -0.0049688 0.0087706 0.0059267 -0.0067377 -0.0051298 0.0072129 0.0056116 2.957e-05 -7.4396e-05 0.0003645 0.00021423 0.40244 0.00035248 0.40299 0.00051993 -0.21938 -0.088691 0.23132 0.10054 0.0021821 0.00079012 0.013628 0.020896 -9.8062e-06 3.6493e-05 3.6493e-05 3.6493e-05 0.40346 -0.00016718 0.40346 0.0040678 -0.27993 -0.02159 0.35101 0.088605 0.013669 0.0050799 0.034782 0.01319 -4.7676e-06 2.952e-06 7.0599e-05 1.3909e-05 0.058236 0.00011056 0.058297 0.00053098 -0.038212 0.010583 0.051053 0.015194 0.00066599 -0.00067009 0.0042814 0.001418
-0.0054599 0.0089708 0.0062318 0.020083 -0.035032 -0.03415 0.046657 0.079006 0.045732 0.03895 0.11418 0.077589 -0.0017327 0.0052677 0.0055875 0.013089 -0.048112 -0.0093649 0.048211 0.013838 -0.17035 -0.099131 0.27095 0.10793 0.33826 -0.09803 0.44417 0.35645 -0.089496 -0.007082 0.10206 0.070282 -0.087501 0.0069807 0.088467 0.012274 -0.15144 0.045439 0.21587 0.098276 0.15037 -0.15685 0.36187 0.2306 0.042141 0.012019 0.11809 0.095419 -0.00019644 0.00040514 0.00039495 0.00051 -0.050812 0.027951 0.058375 0.037632 0.0034009 0.01631 0.043573 0.036108 0.0071516 -0.0010179 0.0080802 0.009626
0.004031 0.0010813 0.0064698 0.0052796 0.024184 -0.027324 0.078332 0.068917 0.0044831 -0.0034408 0.0047051 0.003522 0 0 0 0 -0.017474 -0.031833 0.049726 0.043042 -0.000516 -0.071981 0.26072 0.20048 0.35806 -0.031201 0.36512 0.045513 -0.043655 -0.05228 0.043772 0.052465 -0.0071214 0.00040314 0.013131 0.014708 0.1826 0.042361 0.28836 0.11885 -0.047219 -0.26905 0.50923 0.3482 -0.023291 -0.022982 0.023291 0.022982 -0.00018089 0.0005336 0.00099704 0.001317 -0.0035632 -0.025861 0.035959 0.041999 -0.013492 -0.015499 0.013582 0.015703 0 0 0 0
-0.00512 -0.0025786 0.024691 0.0045114 0.057508 -0.0027115 0.078441 0.0048377 4.2148e-05 0.0004401 0.00026305 0.0012273 0 0 0 0 -0.019324 -0.010285 0.12308 0.0281 0.41866 0.019404 0.53869 0.13608 -0.00014227 -0.00056996 0.0029001 0.002989 0 0 0 0 -0.028995 -0.0040428 0.0645 0.018091 0.44261 -0.047237 0.51167 0.11127 0 0 0 0 0 0 0 0 -0.0052539 0.0119 0.0052747 0.011938 0.030877 0.067351 0.030898 0.067865 0 0 0 0 0 0 0 0
-0.009792 0.0012389 0.01085 0.00948 0.015287 -0.0020036 0.030941 0.028701 0.035452 -0.11631 0.090698 0.15682 -0.0004949 -0.00071356 0.014613 0.011131 -0.064834 -0.022239 0.071523 0.027236 0.043894 -0.066745 0.088363 0.11702 0.30714 0.066113 0.40255 0.31593 0.0075777 0.01677 0.11401 0.095837 -0.045577 0.0092605 0.062359 0.020482 -0.027164 0.018623 0.13476 0.1094 0.21704 -0.15963 0.52542 0.33007 0.018069 -0.038771 0.086344 0.10132 -0.0069331 0.0017131 0.018002 0.0067428 -0.01432 -0.00029238 0.02486 0.026998 0.0069729 0.014237 0.099379 0.027275 0.012521 -0.0090106 0.013785 0.010234
1.4364e-05 5.6918e-06 4.3833e-05 4.3833e-05 0.040245 0.01833 0.040667 0.01833 0.023403 0.026481 0.036401 0.027839 0.0014538 4.4895e-05 0.0014677 0.0012014 -0.016068 0.0059123 0.016068 0.0059123 0.45766 0.086345 0.45814 0.087131 -0.049086 -0.015314 0.15793 0.1016 -0.01127 0.0030503 0.012879 0.012666 -0.054548 0.020231 0.054701 0.020449 0.46724 -0.050303 0.46724 0.1327 -0.045779 0.043517 0.19081 0.061115 0.0039358 0.005897 0.0092982 0.010833 -0.017782 0.0050756 0.023132 0.0097827 0.052782 -0.027917 0.053427 0.028482 0.020793 -0.02451 0.037771 0.027106 -0.0014096 -0.00099475 0.0029216 0.0013532
0 0 0 0 0.059329 0.014396 0.063419 0.014396 -0.020653 0.0024276 0.024634 0.009015 0.0025773 6.2363e-06 0.0025775 0.0011577 0 0 0 0 0.39409 0.031579 0.49949 0.044193 -0.10144 0.073691 0.19001 0.08937 0.0027881 0.0088517 0.0092189 0.013416 0.00022363 4.3398e-05 0.00022363 0.00063525 0.45234 -0.035494 0.46343 0.037249 0.018162 0.10501 0.25415 0.10739 -0.020228 0.022054 0.021878 0.023098 0 0 0 0 0.074047 -0.011385 0.074047 0.011385 0.0083722 0.0074706 0.011759 0.009276 0.00022544 -0.00031748 0.0013319 0.00062644
-0.010323 -0.0040096 0.019555 0.0066732 0.072849 -0.012251 0.073119 0.013407 8.1088e-05 -9.2253e-05 0.0004223 0.00043531 0 0 0 0 -0.045133 -0.010293 0.089433 0.031389 0.51879 -0.011496 0.52114 0.1334 0 0 0 0 0 0 0 0 -0.024813 0.059188 0.057174 0.059545 0.39524 0.16872 0.39702 0.25582 0 0 0 0 0 0 0 0 5.2396e-06 9.4569e-06 2.0237e-05 9.4569e-06 0 0 0 0 0 0 0 0 0 0 0 0
-0.0011163 0.00023021 0.0013739 0.0015517 0.034024 -0.020309 0.04103 0.037829 -0.029268 -0.0044383 0.069871 0.014821 7.2354e-06 2.6926e-05 2.6926e-05 2.6926e-05 -0.0035886 0.010391 0.016532 0.031055 -0.015564 0.0030006 0.11363 0.24867 0.033437 -0.010275 0.64807 0.15127 -0.00016493 -9.7351e-05 0.00042919 9.7351e-05 -0.015962 0.0066206 0.043397 0.027329 -0.0070185 -0.014091 0.1639 0.095462 0.073551 0.070929 0.62494 0.13252 5.5655e-05 2.0003e-05 0.00017909 8.8658e-05 0.0046609 -0.0024192 0.0074517 0.0043633 0.028126 0.033489 0.061314 0.047696 -0.023681 0.011758 0.047239 0.013651 0 0 0 0
-0.001265 -0.00097373 0.0024738 0.0014357 0.017206 -0.0158 0.026388 0.019434 -0.030931 0.0046763 0.068073 0.024592 -5.5727e-05 4.1249e-05 5.5727e-05 4.1249e-05 -0.00676 0.0079137 0.029124 0.01849 -0.014884 -0.00046679 0.024501 0.035359 0.013661 0.11171 0.59878 0.21137 4.3668e-05 0.00018012 0.0006723 0.00052551 -0.012116 -0.00061781 0.026996 0.024209 -0.0026639 0.046695 0.12958 0.13626 0.21021 0.060819 0.66529 0.14949 -0.060562 0.030258 0.060616 0.030424 -0.0011314 -0.00093405 0.0035592 0.0036229 -0.00092094 0.0023797 0.01895 0.020519 0.06431 0.01745 0.072611 0.029314 -0.013536 0.0067308 0.014118 0.0070512
0 0 0 0 0.069426 0.013281 0.069547 0.013599 -0.027782 -0.0018652 0.029506 0.0097931 0.00035941 0.0010325 0.0018999 0.0017212 0 0 0 0 0.45111 0.023365 0.45489 0.029919 -0.17389 0.043109 0.19531 0.066936 0.014638 0.016048 0.016649 0.018502 -0.00028562 0.00020235 0.00068592 0.00059965 0.46364 -0.027326 0.46364 0.030721 -0.075394 0.048882 0.21045 0.066141 0.013728 0.019981 0.021087 0.02084 -2.4556e-06 -5.1292e-05 8.2272e-05 5.1292e-05 0.070135 -0.010514 0.070135 0.010556 0.0037571 0.01258 0.018018 0.013409 0.001039 -5.5381e-05 0.0016879 0.0007166
0.00023753 0.00013093 0.00023753 0.00025214 0.056815 0.012424 0.079199 0.013738 -0.024683 -0.0014057 0.026649 0.0055004 0.00051813 0.00083905 0.0012597 0.0014137 0.0024094 -0.00054286 0.0024094 0.0016142 0.39057 0.029243 0.51197 0.055236 -0.17275 0.049601 0.18706 0.052287 -0.0044103 0.0014864 0.0097864 0.01351 0.00083654 -0.00011618 0.001075 0.00033339 0.39584 -0.011557 0.49737 0.079394 -0.18554 -0.0084659 0.20239 0.047613 0.0048596 0.0016188 0.0085319 0.010858 2.184e-05 4.397e-06 0.00015255 3.506e-05 0.067862 0.00064839 0.068493 0.0090755 -0.028733 0.01318 0.028733 0.014797 0.0013845 0.0019599 0.0023192 0.0020056
0 0 0 0 0.040168 -0.00070711 0.040654 0.00082416 -0.01079 -0.071639 0.017336 0.071639 0.0018447 -0.0033799 0.0018447 0.0033799 0 0 0 0 0.28537 -0.011678 0.28813 0.011946 -0.23964 -0.0078386 0.33507 0.40067 0.046254 0.013316 0.046254 0.052832 0 0 0 0 0.2936 -0.003164 0.29572 0.0035163 -0.18078 0.10931 0.40269 0.30193 0.018251 -0.0022954 0.018251 0.0091922 0 0 0 0 0.044041 -0.0012224 0.044381 0.0012395 -0.025893 -0.030319 0.049776 0.057762 0.0043333 0.00027282 0.0043333 0.0016341
-0.0041446 0.0037838 0.0054886 0.0072365 0.028 -0.012716 0.061503 0.050117 -0.014701 0.0072661 0.087306 0.051817 0.00020512 -0.00020512 0.00020512 0.00020512 0.0040015 -0.04394 0.047757 0.073577 -0.10474 -0.10106 0.53548 0.32782 0.13453 -0.038546 0.34829 0.28047 0.01289 0.00074634 0.01321 0.0037359 -0.010588 0.00091265 0.018993 0.018819 0.096964 -0.097585 0.18554 0.22606 0.16754 0.014469 0.39845 0.17924 0.0004546 0.0003414 0.0025658 0.0017872 -0.00025765 -0.00012829 0.00050274 0.00067444 0.0038885 0.0050821 0.0070228 0.0076326 0.051575 0.023172 0.068894 0.065114 -0.0058594 -0.011616 0.005905 0.011662
-3.1477e-05 3.1423e-05 3.3218e-05 3.3163e-05 0.00012876 0.0006453 0.00099311 0.00080399 5.2763e-05 0.00060177 0.0015808 0.00097512 0 0 0 0 -0.00011697 2.2125e-05 0.0012656 0.00082064 -0.044374 -0.16541 0.5827 0.17323 0.09691 -0.028874 0.098952 0.029495 0 0 0 0 0.013954 -0.053238 0.015925 0.05409 0.11107 -0.081472 0.68686 0.23562 0.089986 0.029543 0.092723 0.032997 0 0 0 0 0.0012232 0.0013805 0.0019761 0.0017941 0.037086 -0.030131 0.04459 0.037018 0.032254 -0.025416 0.032706 0.026261 0 0 0 0
-0.0082539 -0.0073631 0.0099441 0.015855 -0.014294 -0.041526 0.042081 0.091748 -0.0058287 -0.018109 0.03452 0.072789 0.0055652 -0.012309 0.0058646 0.013676 -0.024952 -0.025907 0.059139 0.043446 0.26096 -0.012083 0.32649 0.11904 -0.20709 0.14506 0.28435 0.26304 0.037262 0.060987 0.055797 0.090937 0.00054193 0.0114 0.027216 0.021831 0.068671 0.085857 0.26815 0.17274 0.080303 -0.017562 0.46232 0.44359 -0.0084625 -0.046586 0.02256 0.09093 0.0011708 0.0011301 0.0028785 0.0023226 -0.0020724 0.019133 0.024269 0.025291 0.00032428 -0.012535 0.048215 0.080141 -0.0020801 0.00065297 0.0029071 0.0026017
-0.0038824 -0.014924 0.0048722 0.014924 0.018913 -0.053982 0.018913 0.053982 0 0 0 0 0 0 0 0 -0.0022639 0.015881 0.080632 0.093923 0.37548 -0.056894 0.4524 0.44028 0 0 0 0 0 0 0 0 -0.013886 0.017569 0.050998 0.15985 0.31189 0.19062 0.45907 0.24828 0 0 0 0 0 0 0 0 -7.3221e-06 8.9544e-05 0.00017045 8.9544e-05 0.00012506 1.6356e-05 0.00037725 0.00022659 -2.3159e-06 -2.3159e-06 2.3159e-06 2.3159e-06 0 -6.1118e-06 0 6.1118e-06
-0.0010763 -0.00049328 0.0027148 0.0026548 0.026988 0.0057065 0.055221 0.021695 -0.017665 -0.00028748 0.080538 0.066306 -0.0021569 -0.0029993 0.0056664 0.010725 -0.004172 -0.0090418 0.013682 0.015812 0.037328 -0.030076 0.28139 0.18091 0.10453 0.0021651 0.44782 0.26964 0.0010057 0.023069 0.11217 0.03131 -0.020913 0.0076246 0.043079 0.038434 0.28671 -0.019754 0.46592 0.20194 -0.10718 -0.045858 0.38645 0.18962 -0.0028927 -0.017295 0.10684 0.057618 -0.0049369 0.011909 0.0098402 0.011947 -0.016787 0.0065928 0.046353 0.067132 0.0010862 -0.017271 0.013121 0.071312 0.0033249 0.0080724 0.0037665 0.0087674
0 0 0 0 0.071039 0.017774 0.071039 0.017774 0.0047036 0.0022316 0.0092607 0.0041936 -0.00053485 0.00028681 0.0015978 0.00046923 0 0 0 0 0.45566 0.037762 0.48091 0.039204 -0.029089 -0.048612 0.096184 0.057796 0.0014869 -0.010634 0.0048005 0.010986 0 0 0 0 0.41272 -0.058496 0.57196 0.058496 -0.029629 -0.011827 0.11494 0.066945 0.003901 0.0018651 0.0058416 0.0051816 0 0 0 0 0.059211 -0.019508 0.059211 0.019627 0.010193 -0.00052529 0.013924 0.0055099 -0.00075923 0.00073416 0.0014971 0.0009695
0 0 0 0 0.070113 0.022587 0.08152 0.023221 0.0011071 -0.0061982 0.014466 0.016462 0.0013241 -0.0014101 0.0014211 0.0014818 0 0 0 0 0.46768 0.094411 0.48862 0.094411 -0.050689 0.044936 0.10295 0.05477 0.0023343 0.0037964 0.01202 0.0076324 -0.00012659 0.00014675 0.00032837 0.00032837 0.44481 -0.092666 0.46903 0.10228 -0.02764 -0.046648 0.093714 0.17391 0.0010543 -0.0020128 0.016932 0.0087004 3.996e-05 -3.996e-05 3.996e-05 3.996e-05 0.076336 -0.024633 0.076519 0.024815 -0.0052589 0.0021585 0.029555 0.0092224 0.0022679 1.147e-05 0.0047524 0.0011495
0.00035463 -0.0023357 0.0036279 0.0050567 0.028898 -0.01196 0.050288 0.068485 -0.034601 0.082031 0.035552 0.082981 -0.0028837 0.0075422 0.0028837 0.0075422 -0.0021564 0.020952 0.030503 0.023855 0.27844 0.04353 0.52387 0.29843 0.11246 -0.034122 0.11787 0.041302 -0.0086877 0.022311 0.0087403 0.022311 -0.0045824 -0.019998 0.026673 0.032011 0.19813 -0.085238 0.5568 0.25061 0.18219 0.031422 0.18219 0.031857 0 0 0 0 0.0005477 0.0025185 0.0022206 0.002898 0.051278 0.046937 0.054932 0.048534 -0.00015929 0.00012731 0.00053155 0.00013738 0 0 0 0
0.014702 -0.0019052 0.017654 0.0026651 -0.021898 0.013573 0.035418 0.020643 0.018755 0.022421 0.025717 0.028334 0.0013154 0.00035502 0.0018187 0.0013936 0.17462 -0.041449 0.17499 0.041983 -0.13497 0.097893 0.33487 0.14317 0.3409 0.090855 0.38361 0.18398 -0.02334 0.037852 0.024683 0.038176 0.091493 -0.027948 0.091795 0.028173 0.17238 0.031084 0.4204 0.23113 0.24367 0.083504 0.27775 0.11284 -0.00030847 -0.003141 0.010544 0.0071439 0.00016936 -1.4853e-05 0.00016936 1.4853e-05 0.10284 -0.038027 0.10284 0.039591 0.01109 0.0042351 0.015855 0.0089516 -0.0013699 -0.00057295 0.0016565 0.00086065
0 0 0 0 0.077975 0.012387 0.092981 0.027941 0.012512 -0.0030573 0.020651 0.0076633 0.0010374 -0.00089517 0.001715 0.0011372 0.03781 0.011468 0.03781 0.011783 0.22793 -0.10755 0.5004 0.21096 0.22688 -0.14492 0.26152 0.16855 -0.0048551 -0.0022442 0.0070472 0.005696 0.1159 0.0044121 0.11632 0.0053324 -0.010066 0.073948 0.39465 0.096257 0.32059 -0.011907 0.33668 0.18015 0.0032924 -0.0077206 0.021686 0.018124 0.01486 -0.0012887 0.01486 0.0013732 0.018061 0.014688 0.053548 0.018262 -0.0061181 0.01965 0.012431 0.027112 0.0019716 -0.003965 0.0039212 0.0050879
0 0 0 0 0.066275 0.011808 0.066275 0.011808 0.0013751 -0.0031651 0.0061502 0.0042886 0.00017318 -0.00074136 0.00068176 0.00075007 0 0 0 0 0.45056 0.015221 0.4735 0.023842 -0.041027 -0.018223 0.11719 0.035859 -0.0078801 -0.0093047 0.0089562 0.0096291 0 0 0 0 0.43273 -0.032097 0.56646 0.036969 -0.050676 -0.031041 0.13358 0.057815 -0.00636 0.0037149 0.00663 0.0037317 0 0 0 0 0.066541 -0.021042 0.066541 0.021195 -0.0018692 0.0027956 0.018557 0.0058518 -0.00071071 0.00066002 0.00074161 0.00066297
-0.004843 -0.0099966 0.006529 0.010027 0.0087333 -0.033662 0.04083 0.042771 0.051782 0.0064386 0.055785 0.016875 0.00010053 0.0014594 0.0010167 0.0016745 -0.0051518 0.037443 0.025222 0.044902 -0.16838 0.15461 0.29359 0.30792 0.38755 -0.16563 0.45772 0.23061 -0.00089884 -0.013744 0.014824 0.031204 -0.01902 -0.020528 0.025547 0.027349 -0.13684 0.11149 0.2093 0.20297 0.19755 0.10992 0.27735 0.22483 0.019827 0.012486 0.037575 0.036167 0.0086896 -0.0086308 0.010293 0.012794 -0.012599 -0.0019551 0.040731 0.043234 0.015084 -0.015371 0.026078 0.065119 0.00089444 -0.0072809 0.0037858 0.010417
0 0 0 0 0.084752 0.014517 0.11645 0.019784 -0.020538 -0.0062951 0.032438 0.012271 0.00061821 0.00051394 0.0024023 0.0011618 0 0 0 0 0.4612 0.01322 0.51137 0.11815 -0.0050709 0.030688 0.0886 0.045124 0.013616 0.0075916 0.021825 0.010488 0 0 0 0 0.47562 -0.044284 0.47562 0.048578 0.018858 0.021861 0.083123 0.040566 -0.0062234 -0.007526 0.008591 0.010504 0 0 0 0 0.066514 -0.019135 0.066514 0.019198 0.011296 -0.016639 0.015337 0.016639 -0.0026232 -0.0015778 0.0037975 0.0023167
0.00043656 -0.00061505 0.0049451 0.0018543 0.067509 -0.037807 0.077503 0.044328 0.0019218 -0.0019606 0.003821 0.003227 -0.00061197 0.001031 0.00065192 0.0010987 -0.0035375 0.059508 0.022418 0.069502 0.19317 0.03347 0.45817 0.15677 0.25764 -0.039017 0.25897 0.051732 2.8449e-06 -7.2721e-06 7.2721e-06 7.2721e-06 0.035212 -0.050919 0.042948 0.062669 0.0038149 -0.016214 0.54116 0.097833 0.34529 0.031462 0.34566 0.049103 0 0 0 0 -0.0012488 0.00074287 0.0034951 0.0052406 0.064661 0.017972 0.080972 0.030422 0.0050265 0.0024947 0.0055077 0.0035303 0 0 0 0
-6.7326e-07 1.0835e-05 9.487e-06 1.261e-05 0.0020411 -0.032321 0.039898 0.032517 0.0022869 -0.0021513 0.0023392 0.002357 0 0 0 0 -8.8028e-05 9.3152e-05 0.0028405 0.0015701 -0.097493 -0.078777 0.6429 0.10775 0.20178 -0.014619 0.2041 0.03485 -9.5969e-05 9.5969e-05 9.5969e-05 9.5969e-05 0.012321 -0.064298 0.014432 0.066356 0.11941 -0.13274 0.56052 0.20618 0.16222 0.0035271 0.16652 0.056809 -0.00010764 -9.6504e-05 0.00010764 0.00010764 0.0016025 0.0006507 0.0017658 0.00086447 -0.00057666 -0.0090218 0.014143 0.017053 0.06104 -0.066171 0.062187 0.067299 0.00021283 -0.00020051 0.00021283 0.00020051
-0.00084853 -0.0012537 0.0018785 0.0017336 0.038652 -0.00069772 0.04429 0.023657 -0.039551 -0.028821 0.050756 0.051284 -0.0017951 -0.0012388 0.0046326 0.0023327 -0.00032778 0.0022429 0.010774 0.0056198 0.19053 -0.082478 0.31645 0.19836 -0.097184 -0.032946 0.32177 0.34375 -0.005428 0.003669 0.0097336 0.0095146 -0.01917 0.034848 0.052242 0.043544 0.028824 0.0751 0.16639 0.28606 0.058627 0.044255 0.43825 0.47545 0.015624 0.027616 0.026869 0.039258 0.005838 -0.0013483 0.0058757 0.0014111 -0.013209 0.066703 0.01325 0.066746 0.0095924 0.085529 0.010817 0.085529 0.00015357 0.00077081 0.00051414 0.00077081
0 0 0 0 0.051306 -0.038867 0.12035 0.040819 0.013722 -0.00080955 0.037494 0.008435 -0.0020183 -0.000305 0.0027461 0.00040948 0.0003973 4.795e-05 0.00079235 0.0004711 0.40987 0.026547 0.42348 0.078229 0.10567 0.028959 0.1189 0.036152 -0.0084539 0.0064092 0.012105 0.0066383 0.00014827 -0.00014827 0.00014827 0.00014827 0.53311 -0.070478 0.53358 0.099658 0.019578 1.6326e-05 0.038948 0.020601 -0.011191 -0.001196 0.014782 0.0039874 0 0 0 0 0.063504 -0.014465 0.063702 0.015707 0.019796 -0.007701 0.023272 0.0091166 -0.00030874 0.00032376 0.00096614 0.00076652
-0.0086011 -0.006922 0.00877 0.012704 0.0061977 -0.006824 0.030104 0.060923 -0.0068145 -0.0071439 0.035548 0.053299 0.0045515 -0.0095989 0.0050094 0.0098619 -0.0070178 -0.0089073 0.024464 0.032816 0.024232 0.033797 0.5594 0.15064 -0.032103 0.055656 0.14073 0.22838 0.008744 0.037499 0.02656 0.057723 0.00048785 0.010824 0.011189 0.011705 0.16114 0.0030484 0.49838 0.20191 -0.040842 0.11902 0.34384 0.3012 0.0162 -0.0086637 0.033888 0.10178 0.00019158 0.0006976 0.0011883 0.0011247 -0.0071689 0.011336 0.073801 0.053073 0.012524 -0.017356 0.03984 0.083437 -0.001258 0.00021644 0.0022045 0.012231
0 0 0 0 0.068483 0.0092229 0.068483 0.0092229 0.0083086 0.0072631 0.012967 0.0083515 -0.0024002 7.8613e-05 0.0024049 0.000824 0 0 0 0 0.49141 0.020253 0.49141 0.030492 0.018072 0.010448 0.05329 0.026747 -0.014061 -0.0014286 0.014172 0.0035818 0 0 0 0 0.49168 -0.030056 0.49168 0.044305 0.036537 -0.0010989 0.052297 0.019299 -0.017099 0.0029127 0.017099 0.0038103 0 0 0 0 0.067314 -0.015633 0.067314 0.015782 0.0095188 -0.0065309 0.014454 0.0070188 -0.0018837 -0.001926 0.0018837 0.0019262
0 0 0 0 0.059806 0.0069934 0.059806 0.0070599 0.010689 -0.00022264 0.01569 0.005597 -0.00061969 -0.00029998 0.00097612 0.00073795 0 0 0 0 0.44376 0.031428 0.48058 0.046024 0.060367 0.081309 0.088088 0.084449 -0.0033091 0.0062191 0.0077757 0.008277 0 0 0 0 0.50795 -0.040135 0.50795 0.040135 0.040006 -0.015045 0.041797 0.019609 -0.00055928 0.0037052 0.0078019 0.008829 0 0 0 0 0.077882 -0.014768 0.077882 0.014768 0.0055997 0.00087117 0.0073601 0.0057534 0.00024185 0.00038807 0.00047072 0.00045258
0 0 0 0 0.068488 0.010658 0.078216 0.0151 -0.0019295 0.0060527 0.013063 0.0095819 -2.9671e-05 0.00034466 0.00092414 0.00085379 0 0 0 0 0.463 0.076844 0.49275 0.080262 -0.029621 0.040498 0.047604 0.043308 -0.0067693 0.0022147 0.021016 0.010925 -5.0894e-05 5.0894e-05 5.8913e-05 5.8913e-05 0.43188 -0.080875 0.52435 0.082874 -0.011954 -0.082896 0.056037 0.11937 0.0010208 -0.0052611 0.010022 0.02023 -4.3136e-05 2.9224e-05 9.9257e-05 0.00011317 0.071695 -0.017924 0.073023 0.018031 -0.0027396 0.015084 0.017384 0.016396 -0.00062287 0.0011844 0.0030806 0.0013741
0.010389 0.0057773 0.01072 0.0069588 -0.047862 -0.00069793 0.076381 0.092764 0.067293 -0.047996 0.067409 0.048163 0 0 0 0 -0.022665 0.021453 0.072677 0.068749 -0.11422 -0.13794 0.26852 0.36034 0.27909 -0.032492 0.46108 0.16123 0.00034106 8.9261e-05 0.00049595 0.00069715 -0.028668 -0.051463 0.042853 0.097521 0.03167 0.0060036 0.16805 0.24627 0.26267 0.014213 0.45599 0.10715 9.6799e-05 -0.00011264 0.00034668 0.00063377 -0.0019134 -0.0021657 0.0026145 0.0026708 0.0051045 0.0082388 0.016798 0.018414 0.065669 0.042242 0.068794 0.042538 -2.7398e-05 -2.7122e-05 0.00010997 0.00029097
-0.0025471 -0.00033332 0.0032748 0.0014957 0.0032443 -0.0027723 0.022703 0.021811 0.015763 -0.035419 0.045805 0.060759 -0.0036157 0.00089929 0.0057548 0.0031313 0.0099079 0.0036149 0.04249 0.0089454 0.04913 0.096945 0.19032 0.20809 0.088421 -0.11965 0.3299 0.45357 -0.010353 -0.0078337 0.024708 0.025417 -0.041919 0.034263 0.050084 0.04245 0.18712 -0.074058 0.26281 0.21825 -0.084318 0.11136 0.27376 0.53216 0.004804 -0.0018426 0.0076104 0.0086163 -0.00020197 0.00021808 0.00022589 0.00022589 -0.028585 0.068662 0.02864 0.069901 -0.0011942 0.034474 0.014168 0.070778 0.0042407 0.011003 0.0042407 0.011003
0.006186 0.0012809 0.0072242 0.0023018 0.0022191 0.0020338 0.012113 0.013405 -0.0037477 0.013757 0.011689 0.021218 0.00065704 -0.0021089 0.0014669 0.0032543 0.022136 -0.01469 0.034914 0.023716 0.35338 0.028101 0.36278 0.1955 -0.16313 0.07881 0.20995 0.16957 -0.010017 0.00024191 0.012713 0.020852 0.076246 -0.091056 0.080291 0.10941 0.27801 -0.08771 0.29642 0.22653 -0.12161 -0.19079 0.14753 0.28742 -0.00037186 -0.0027625 0.01043 0.016521 0.0047583 -0.0061811 0.004789 0.0061811 0.099664 -0.2567 0.10885 0.2567 0.038944 -0.10518 0.044342 0.11577 0.00031524 -0.0077385 0.0024805 0.0090545
-0.002805 -0.0043255 0.0031159 0.0045104 0.010088 -0.039342 0.012716 0.040318 0.00035008 0.00020701 0.00036131 0.00056338 0 0 0 0 -0.056387 -0.0138 0.16275 0.037444 0.42321 -0.020124 0.53127 0.097669 -0.00031985 -0.00057188 0.0018086 0.0021492 0 0 0 0 -0.047184 -0.014957 0.18545 0.028807 0.42789 0.01301 0.50518 0.092733 0.0010266 0.00052082 0.0029453 0.0012918 0 0 0 0 -0.0068161 -0.0010746 0.016988 0.0028995 0.063856 0.0012699 0.067206 0.016046 0 0 0 0 0 0 0 0
-0.00023428 -0.00068828 0.0010261 0.0013062 -0.0058995 -0.014077 0.075964 0.038082 0.011991 0.023416 0.043162 0.065861 -0.0021651 -0.0028601 0.0027325 0.0064105 0.0028471 -0.01032 0.011668 0.017237 0.15804 0.048776 0.37685 0.17483 -0.040031 -0.054845 0.42969 0.20274 -0.038008 0.0090347 0.042173 0.024845 -0.0034677 0.0081831 0.024464 0.025643 0.018944 -0.054483 0.50612 0.13963 0.21262 -0.036731 0.38061 0.2341 -0.082863 -0.0031841 0.087894 0.045192 -0.0035758 0.004631 0.010986 0.0087916 -0.0058001 -0.0057418 0.014933 0.059785 0.0012089 -0.0040459 0.01405 0.055826 0.0045456 0.0093729 0.005094 0.0093733
0 0 0 0 0.069902 0.0097669 0.069902 0.011195 0.0071482 0.0061222 0.0083617 0.0062325 -0.00055492 0.00087635 0.0010068 0.0010184 0 0 0 0 0.49095 0.014699 0.49095 0.069172 0.01381 -0.0048291 0.027644 0.016604 0.0020818 -0.0003416 0.0040455 0.0036231 0 0 0 0 0.49361 -0.013587 0.49361 0.014066 0.031314 0.0095231 0.04438 0.031061 0.00082123 0.0026796 0.0042488 0.0029353 0 0 0 0 0.068825 -0.0064392 0.068825 0.0074581 0.0079811 0.0014381 0.0090348 0.0035328 0.00041143 -0.00054439 0.00112 0.00067844
0 0 0 0 0.06862 0.0044911 0.06862 0.0077483 0.012441 0.0050972 0.016486 0.005721 0.0017104 0.0017421 0.0019129 0.0018475 0.00052062 8.623e-05 0.00052062 8.623e-05 0.48296 0.02137 0.48527 0.023645 0.11203 0.020857 0.11266 0.035717 0.0021633 0.0021466 0.0062578 0.0055707 0.00082846 0 0.00082846 0 0.47173 -0.00046131 0.47435 0.014746 0.13048 -0.011126 0.13287 0.031534 -0.0012668 -0.0016363 0.0031707 0.0023659 8.7556e-05 3.2601e-05 0.00019248 3.2601e-05 0.066557 -0.0026975 0.066647 0.0032421 0.018749 -0.0014756 0.019954 0.0030959 0.00030478 -3.164e-05 0.00098882 0.00030727
-0.0018334 -0.0014144 0.0024621 0.0018297 -0.016578 0.0004596 0.044525 0.017616 0.069107 -0.020133 0.069572 0.023565 3.3823e-05 1.3695e-05 6.1212e-05 1.3695e-05 -0.0054621 -0.0052982 0.008806 0.0081782 -0.061004 0.0068063 0.34631 0.083524 0.36572 -0.030393 0.42951 0.098947 0.0012934 -0.0007573 0.0028446 0.0020666 -0.0083601 -0.0040901 0.016468 0.014957 -0.053299 -0.04223 0.34015 0.11771 0.40953 0.053012 0.44509 0.088991 0.0021397 0.00039063 0.0037968 0.0025489 -0.0013084 0.001005 0.0042021 0.0034436 0.002141 0.010209 0.039065 0.036037 0.065287 0.036916 0.075462 0.037038 -0.00089368 -0.00091858 0.00097081 0.0012489
-0.0019315 0.0010107 0.0062326 0.004053 0.025756 0.0016028 0.041914 0.01652 -0.0083969 0.022729 0.02024 0.02368 0.00034664 0.0075485 0.0017218 0.0075485 -0.048631 0.017588 0.049218 0.023184 0.093444 -0.14552 0.45469 0.32514 0.22647 -0.11184 0.2683 0.17631 0.012259 0.012245 0.021083 0.021304 -0.020745 0.0097521 0.022292 0.012916 -0.096171 0.14542 0.33235 0.20466 0.33091 0.07613 0.39448 0.1401 -0.0021499 -0.012306 0.020796 0.017079 -0.0017893 -3.265e-05 0.0018714 0.00061515 -0.017319 -0.0032661 0.030265 0.0096604 0.032043 -0.004889 0.03974 0.010953 -0.00093669 0.0017921 0.0084322 0.0025336
-8.2583e-05 -0.00092082 0.0033537 0.0022646 0.017228 -0.012212 0.029939 0.03402 0.011035 -0.011429 0.01735 0.026197 0.0041631 0.0016104 0.0041631 0.0026469 0.017578 0.0032995 0.020839 0.019047 -0.23017 -0.069018 0.28122 0.18368 0.44907 -0.12586 0.44907 0.1559 0.0035367 -0.011334 0.015999 0.014466 0.010222 -0.020652 0.025361 0.025265 -0.095408 0.064366 0.19313 0.26465 0.26669 0.065416 0.31939 0.26383 0.020491 -0.010676 0.025408 0.037494 0.00031075 0.0014922 0.0017666 0.0033975 0.0072755 0.015525 0.020017 0.030139 0.014812 0.0043119 0.058257 0.055981 0.0036712 0.0026212 0.0038245 0.0031302
-0.0016661 0.0098826 0.0016661 0.01131 -0.015014 -0.0022472 0.015579 0.17204 -0.0019317 0.10476 0.017794 0.11275 -0.0015101 0.021996 0.0015101 0.021996 -0.050981 -0.029299 0.063508 0.04384 0.014961 0.052786 0.1501 0.18042 0.27247 -0.16768 0.44904 0.54794 -0.00049413 0.0011571 0.00049413 0.0011571 -0.025998 0.017715 0.049316 0.021134 -0.040301 -0.033324 0.12978 0.14271 0.2032 0.059203 0.31143 0.26632 0.00021345 -6.8436e-05 0.00021345 0.00014094 -0.0049543 0.0068013 0.0049543 0.0068287 -0.006427 0.064608 0.014255 0.064631 0.034528 0.051579 0.034682 0.051588 2.2906e-05 2.2906e-05 2.2906e-05 2.2906e-05
0 0 0 0 0.069339 0.0051357 0.069339 0.0087359 0.010459 0.00045061 0.012981 0.0033594 -0.00032419 -0.00039077 0.00077676 0.00068816 0.00038631 1.8003e-05 0.00057653 0.0003467 0.48626 0.0052079 0.48626 0.034578 0.047188 0.012491 0.081714 0.021709 0.0021623 0.0027209 0.0051836 0.0033156 0.00074137 0.00013635 0.00074137 0.00013635 0.49163 -0.0055296 0.49163 0.051143 0.053916 -0.0051151 0.073909 0.019056 0.00056859 0.0021188 0.0050419 0.0031434 4.1454e-05 -9.4048e-05 4.1454e-05 9.4048e-05 0.07318 -0.01509 0.07337 0.015174 0.010068 -0.002245 0.011345 0.0028244 -0.00014175 -0.00033287 0.00031021 0.00035216
0 0 0 0 0.00048537 1.7858e-05 0.00048537 0.00025161 0.072014 0.0042558 0.1441 0.018156 -0.0016758 0.0001443 0.0020956 0.00030896 0 0 0 0 0.047564 0.0078127 0.047564 0.0078127 0.41172 -0.10221 0.64124 0.15573 -0.010572 -0.0011561 0.015152 0.0035661 0 0 0 0 0.048576 -0.0076364 0.048576 0.011262 0.40603 0.036022 0.41378 0.047383 -0.0058857 0.0040876 0.010941 0.0050479 0 0 0 0 0.0009905 4.7185e-05 0.0009905 0.00032436 0.06352 -0.013367 0.064438 0.014297 -0.00013464 0.00052458 0.0011843 0.00062024
0.0055476 0.0030886 0.011398 0.0112 -0.032198 0.0015451 0.051519 0.080813 0.066487 -0.037625 0.094444 0.046875 -0.015705 -0.0059709 0.015751 0.0059951 -0.042522 -0.0012731 0.065858 0.0901 0.021573 -0.047763 0.23748 0.23624 0.16763 -0.12101 0.67184 0.16457 -0.11132 -0.048196 0.1114 0.04831 -0.028681 -0.032817 0.052392 0.076813 -0.11105 -0.050537 0.16771 0.16997 -0.019281 -0.06068 0.40229 0.15491 -0.00076892 -9.1716e-05 0.0011846 0.00049149 -0.00019941 -0.001556 0.004605 0.0055749 0.014221 0.032855 0.046376 0.052744 -0.037661 0.011581 0.098737 0.04661 -6.5441e-05 -2.832e-05 6.5441e-05 2.832e-05
7.2642e-05 0.0008259 7.2642e-05 0.00083104 0.00035389 0.0014794 0.00054831 0.0016739 9.1568e-05 -7.011e-05 0.00010285 0.00012431 2.3598e-06 -8.376e-07 2.5583e-06 3.9575e-06 0.046515 -0.056432 0.067471 0.056447 0.12805 -0.21201 0.39456 0.23099 0.00041264 0.00059824 0.0011834 0.0011834 0 0 0 0 0.099031 -0.0053348 0.14627 0.024447 0.30797 0.019739 0.75381 0.10242 -0.00090014 -0.00031495 0.00090014 0.00090014 0 0 0 0 -0.0014593 0.00037423 0.021478 0.0031327 0.058523 0.0078461 0.080895 0.015209 0 0 0 0 0 0 0 0
-8.2558e-05 -0.00082381 0.0020398 0.0020148 -0.01602 0.0021708 0.03084 0.019531 0.072067 -0.025686 0.075232 0.02977 4.8932e-05 -5.6082e-05 0.00013261 8.5811e-05 -0.0081319 -0.0040219 0.010083 0.010731 -0.066992 -0.013866 0.29755 0.14059 0.39149 -0.06311 0.41499 0.098851 0.0006949 -0.00028914 0.0020672 0.0010015 -0.011481 -0.004086 0.016296 0.01394 -0.038155 -0.0088155 0.35412 0.19882 0.38953 0.064576 0.4339 0.080366 0.00037611 -0.00035411 0.0023943 0.0019063 -0.0020416 0.0016532 0.0058377 0.0033868 0.015259 0.0076747 0.037593 0.039535 0.0486 0.029638 0.083011 0.047613 -0.0032932 -0.0033905 0.0035542 0.0034643
0 0 0 0 0.071291 -0.001674 0.071291 0.0024472 0.0067269 -0.0013025 0.0080661 0.0045586 0.00035771 0.00038934 0.00089112 0.00039181 0 0 0 0 0.48364 0.03711 0.48364 0.03711 0.043735 -5.7184e-05 0.053247 0.023019 0.0011735 -0.0048581 0.0083555 0.0051654 0 0 0 0 0.4977 -0.034431 0.4977 0.05478 0.0071887 -0.0098316 0.033555 0.020338 0.002214 -0.0040013 0.0060843 0.0044698 0 0 0 0 0.076757 -0.014309 0.076757 0.014432 -0.0051423 0.0020289 0.010227 0.0049915 0.0016568 -0.00024547 0.0019847 0.0007786
