0.00018647 2.2374e-05 0.00018647 5.7868e-05 0.029631 -0.0010367 0.030065 0.023802 0.0048225 -0.026706 0.025015 0.095751 -0.0013428 0.0050791 0.0028 0.0085289 0.00097924 0.00019316 0.00097924 0.00055571 0.25664 0.071379 0.27224 0.10189 -0.18834 0.29698 0.19358 0.42446 -0.0083816 0.022351 0.013007 0.057196 0.00086187 -0.00029761 0.00086187 0.00029761 0.25246 -0.086899 0.26666 0.088797 -0.18038 -0.36093 0.19781 0.3616 -0.001094 -0.037094 0.014985 0.040606 8.9897e-05 4.4568e-05 8.9897e-05 5.8681e-05 0.00079633 -0.00034299 0.001208 0.0011424 -0.0011459 -0.0002828 0.0013773 0.00053565 0 0 0 0
-0.00030809 -8.3902e-05 0.00030809 8.3902e-05 0.022601 0.0050041 0.023089 0.0050274 -0.0016804 -0.011989 0.075857 0.061464 -2.0661e-05 -7.2652e-06 2.0661e-05 2.0661e-05 -1.3772e-05 -0.0001304 0.00041257 0.00028963 0.22612 0.061936 0.26897 0.34219 -0.19465 -0.0048495 0.26133 0.41077 0.00010271 -5.18e-05 0.00010271 0.00028522 -8.4762e-05 0 8.4762e-05 0 0.2761 -0.0014633 0.27852 0.26529 -0.25993 -0.077721 0.33371 0.22725 -0.00011268 0.00030637 0.00034728 0.00089475 -2.9311e-06 -2.9311e-06 2.9311e-06 2.9311e-06 0.034206 0.010875 0.044335 0.03979 -0.045263 -0.0064547 0.045586 0.0090186 1.0706e-05 -7.9455e-05 0.00010284 0.00024278
0.00029812 -2.9286e-05 0.00029812 0.00010911 0.025674 -0.00029301 0.030828 0.08352 -0.029855 0.021303 0.050145 0.043946 0 0 0 0 6.9477e-05 -6.9477e-05 6.9477e-05 6.9477e-05 0.31513 0.024327 0.31803 0.34255 -0.34003 0.055807 0.34003 0.26084 0 0 0 0 0 0 0 0 0.13112 -0.12811 0.25928 0.17953 -0.093284 -0.0064854 0.25163 0.38717 -0.00073318 0.00026829 0.00073318 0.00026829 0 0 0 0 0.01119 -0.012755 0.01119 0.013523 0.012004 -0.018559 0.066131 0.066029 -0.00075884 0.00023809 0.00075884 0.0005189
-2.4261e-05 -0.00083799 0.014894 0.0048592 -0.026122 0.0058404 0.071316 0.08393 -0.0074182 -0.0023824 0.0076597 0.0053659 0 0 0 0 0.022027 -0.016047 0.022027 0.016047 0.095792 0.010851 0.26371 0.2728 -0.09725 0.19052 0.33656 0.25803 -0.0020286 0.00099574 0.0020286 0.00099574 0.00072883 -0.00012072 0.00072883 0.00012072 0.15585 -0.11757 0.1591 0.17805 0.0012571 -0.006548 0.42643 0.56351 -0.015641 0.008328 0.015641 0.02267 0 0 0 0 0.00077757 -0.00081961 0.00096642 0.0010039 0.025414 -0.027568 0.069953 0.066276 -0.00096184 0.0011227 0.0049314 0.0072055
0 0 0 0 0.041206 -0.0015203 0.050242 0.0226 -0.039329 0.013414 0.041408 0.037619 0 0 0 0 0 0 0 0 0.19794 -0.0026299 0.35845 0.26346 -0.18557 0.01372 0.31329 0.43094 0 0 0 0 0 0 0 0 0.10967 -0.091885 0.19876 0.1934 -0.051348 0.022285 0.3078 0.4773 -0.0009981 0.00032886 0.0009981 0.00032886 0 0 0 0 0.0038613 -0.00087543 0.0038613 0.0017069 0.016247 -0.02893 0.073287 0.072579 -0.00054706 3.1826e-05 0.00054706 4.4404e-05
7.2937e-05 2.9534e-05 7.2937e-05 5.5223e-05 0.033541 -0.004071 0.043347 0.046208 -0.039589 0.0075747 0.039589 0.014951 0 0 0 0 6.7073e-05 -6.7073e-05 6.7073e-05 6.7073e-05 0.2604 -0.01762 0.28164 0.33844 -0.27867 -0.00030111 0.2802 0.25528 0 0 0 0 0 0 0 0 0.20053 -0.067019 0.22056 0.36394 -0.19153 -0.0074766 0.24347 0.42041 0 0 0 0 0 0 0 0 0.032747 -0.014865 0.033002 0.021106 -0.019311 0.027399 0.054315 0.051424 -6.783e-05 2.4427e-05 6.783e-05 2.4427e-05
-5.6439e-05 -1.1041e-05 5.6439e-05 1.4764e-05 0.044494 0.0062584 0.044494 0.010513 -0.03145 -0.017632 0.047652 0.056104 -3.1819e-06 1.0256e-05 8.0956e-06 1.744e-05 4.7057e-06 0.0010243 0.00052708 0.001063 0.32523 0.007123 0.3262 0.11004 -0.29615 -0.015828 0.30293 0.27244 0.00034936 0.00050684 0.00036892 0.0006841 0.00066462 -0.0007382 0.0018873 0.0011063 0.1633 0.05378 0.2343 0.51532 -0.1997 -0.0925 0.228 0.2256 0.00018673 -0.00047505 0.0002063 0.00049462 0 0 0 0 0.035724 0.0047467 0.038782 0.045169 -0.047838 -0.0023066 0.048079 0.010276 -5.9723e-05 -3.821e-05 0.00014012 0.00014344
0.00029068 5.0537e-06 0.00030929 0.00011412 0.033807 0.013233 0.034334 0.040281 -0.02762 -0.039371 0.039206 0.10891 0.00016357 4.0876e-05 0.00016357 8.0751e-05 0.00059022 0.00070011 0.00070915 0.00095615 0.14356 0.006255 0.44511 0.20457 -0.1365 0.014641 0.26697 0.3235 0.00034327 -8.0374e-05 0.00034327 0.0012382 0.002655 -0.0005846 0.002655 0.00074077 0.27849 -0.032662 0.33653 0.19091 -0.2598 0.069755 0.29162 0.36125 -0.00024292 0.00074435 0.00081089 0.0019444 -4.828e-06 3.3164e-06 1.2341e-05 1.2341e-05 0.025841 0.009025 0.030391 0.032019 -0.021695 -0.030064 0.023597 0.062415 3.5916e-06 0.00022273 0.00015342 0.00089238
3.3553e-06 8.3888e-05 3.3553e-06 0.0001191 0.041755 0.0012495 0.042108 0.022556 -0.029157 -0.014229 0.04501 0.075342 -0.00019265 0.00019559 0.00020068 0.00020068 5.2219e-05 0.00021755 0.00047626 0.0015385 0.31522 0.018161 0.31754 0.15011 -0.26481 -0.084965 0.31955 0.41426 -0.0011102 -0.0010481 0.0016408 0.0021393 8.065e-05 5.0158e-05 0.00072619 0.0054035 0.12585 0.052766 0.35986 0.24023 -0.1415 -0.0090658 0.21619 0.35741 1.3489e-05 1.8463e-06 1.3489e-05 1.3489e-05 -1.0916e-05 -5.8213e-06 1.0916e-05 5.8213e-06 0.028749 -0.0073716 0.05232 0.052471 -0.038206 -0.01912 0.047334 0.046862 -0.00016069 6.3452e-05 0.00017258 8.9022e-05
0 0 0 0 0.0054085 0.0039163 0.0054085 0.0039163 0.03971 -0.0136 0.057298 0.065193 -0.0089544 -0.002891 0.0096532 0.0039208 0 0 0 0 0.14944 0.090796 0.22781 0.14191 0.0027565 0.077431 0.44657 0.55369 -0.0070147 -0.0048583 0.0071917 0.0051386 0.00069574 8.9627e-05 0.00069574 0.0002291 0.18947 -0.096797 0.19717 0.27189 -0.13565 -0.24059 0.22909 0.29801 -0.00042845 -0.00039041 0.0012802 0.0014768 0 0 0 0 0.00054321 -0.001094 0.00054321 0.001094 -0.0002574 -0.00089211 0.00043452 0.00089211 -4.4063e-05 -4.4063e-05 4.4063e-05 4.4063e-05
0 0 0 0 0.015025 0.019005 0.031731 0.037784 -0.011463 0.022014 0.0536 0.043016 -1.2332e-06 -1.3187e-05 1.8885e-06 7.196e-05 0 0 0 0 0.23109 -0.043094 0.33989 0.29913 -0.21439 -0.00054823 0.22882 0.42663 0.00069922 -0.00029892 0.00077372 0.0018723 0 0 0 0 0.25543 0.0016505 0.25543 0.21342 -0.21826 -0.015188 0.2919 0.34026 0.00034505 -5.5207e-05 0.00034505 0.00087099 0 0 0 0 0.040097 0.0092648 0.040097 0.038587 -0.033684 0.03952 0.036121 0.13172 9.1266e-05 2.0418e-05 9.1266e-05 2.0418e-05
0 0 0 0 0 0 0 0 0 0 0 0 0 0 0 0 0 0 0 0 0.15669 0.17064 0.16149 0.17245 -0.14535 0.16469 0.19601 0.26441 0 0 0 0 0 0 0 0 0.37311 -0.087924 0.37586 0.20566 -0.33912 0.045007 0.35811 0.37623 0 0 0 0 0 0 0 0 0.056369 -0.0018343 0.056369 0.022018 -0.040224 -0.0082413 0.055564 0.070581 -0.00015555 5.568e-05 0.00015555 7.0797e-05
0 0 0 0 0.020105 0.0017477 0.020105 0.0083126 -0.00031433 -0.0097583 0.057533 0.067625 -4.0074e-05 -4.1034e-05 0.00018462 4.4459e-05 0.0021559 0.00017417 0.0021559 0.0010245 0.12307 0.053433 0.20951 0.31295 -0.080967 0.017217 0.27414 0.29205 -2.6057e-05 9.6967e-05 9.6967e-05 9.6967e-05 0.00030817 -0.00030817 0.00030817 0.00030817 0.35309 0.054486 0.36447 0.17459 -0.32397 -0.026123 0.37168 0.34086 -8.4574e-05 3.6733e-05 0.00081292 0.001593 1.0522e-06 5.2919e-05 4.4419e-05 6.147e-05 0.031782 0.021929 0.044624 0.076516 -0.040981 -0.0062877 0.041207 0.017517 2.3303e-05 8.3356e-05 9.8178e-05 0.0002856
-1.1116e-05 -9.4606e-06 2.0168e-05 1.5192e-05 0.033046 0.004344 0.033046 0.0086955 -0.02257 0.010853 0.033964 0.040428 0.00024332 -0.00018729 0.0003639 0.00044676 0.0014161 6.9385e-06 0.0016665 0.00060231 0.26444 -0.013974 0.28132 0.37649 -0.22535 -0.082531 0.2611 0.27241 0.00070045 0.00028307 0.00070045 0.0013424 2.983e-05 -0.00013354 0.00026105 0.00020305 0.18751 0.041263 0.26107 0.38967 -0.16557 0.034024 0.24214 0.38571 0.00014544 -0.00046205 0.00014544 0.00046205 -3.8683e-06 -1.775e-06 3.8683e-06 3.1897e-06 0.042529 0.009614 0.0459 0.021749 -0.042302 -0.022021 0.042326 0.043937 5.7829e-05 -1.554e-05 5.7829e-05 5.7829e-05
0 0 0 0 0.00012996 0.00078464 0.00012996 0.00078464 -8.0338e-06 0.00079521 0.00050037 0.00079521 0 0 0 0 0.0012546 0.00019018 0.0012546 0.00059992 0.085176 0.13465 0.15635 0.13725 -0.042786 0.18696 0.30154 0.27539 -0.0012419 0.00027494 0.0012419 0.00058726 0.0011844 -0.00026984 0.0011844 0.00026984 0.34269 -0.080537 0.38254 0.16915 -0.26539 -0.037261 0.31491 0.49312 -0.0027278 0.00082955 0.0027278 0.00090833 0 0 0 0 0.017849 -0.00084013 0.017849 0.0078061 0.011388 0.0417 0.063468 0.090172 -0.0011982 0.00050124 0.0011982 0.00073928
0.00021404 -0.00021388 0.00035819 0.00043885 0.027579 -0.039912 0.038956 0.082418 -0.035824 0.017927 0.045853 0.047426 -0.00015737 -2.6419e-05 0.00016745 0.00025326 0.0001448 -0.00020221 0.00026578 0.00025669 0.20933 0.015979 0.21915 0.38987 -0.19388 0.002094 0.28206 0.29529 -4.4932e-05 -0.00093685 0.0010122 0.0037148 -1.1681e-05 -2.986e-05 2.986e-05 2.986e-05 0.2422 -0.036514 0.27111 0.23987 -0.2133 0.061189 0.28207 0.44982 0.00055818 6.5847e-05 0.00072112 0.0015233 -9.7117e-07 3.6141e-06 3.6141e-06 3.6141e-06 0.044526 0.00058596 0.0446 0.012499 -0.029646 -0.01893 0.034038 0.078867 8.5886e-05 9.1055e-05 9.7016e-05 9.8394e-05
0 0 0 0 0 0 0 0 0 0 0 0 7.8531e-06 1.4726e-05 7.8531e-06 1.4726e-05 0 0 0 0 0.18186 0.13567 0.18186 0.19171 -0.16837 0.13327 0.18231 0.33686 0.00046157 0.0010509 0.00046157 0.0010509 0 0 0 0 0.38706 -0.074051 0.38706 0.18769 -0.30791 0.09658 0.35353 0.32847 0.00061822 -0.00065322 0.0014058 0.00094758 0 0 0 0 0.025909 -0.010931 0.025909 0.01132 -0.0070271 -0.00055923 0.071869 0.041387 -5.9394e-05 -9.3323e-06 9.6373e-05 0.00020431
0.00029445 -9.05e-05 0.00029445 0.00015081 0.032868 -0.0015765 0.034549 0.022802 -0.027685 -0.001309 0.03714 0.03132 1.328e-05 9.2894e-05 7.491e-05 0.00016728 0 0 0 0 0.26281 -0.024858 0.33546 0.36812 -0.23996 -0.019028 0.263 0.18788 0.00028764 -0.00024372 0.00028764 0.00091382 0.0010664 0.00043779 0.0011545 0.0012967 0.24522 0.041044 0.26263 0.3699 -0.22751 0.0085182 0.32498 0.28276 0.00049782 -3.3449e-05 0.00049782 0.00024437 0.00015734 5.1539e-05 0.00016126 0.0003418 0.029565 0.0092535 0.040263 0.02189 -0.025009 0.0084835 0.050081 0.051339 -2.3036e-05 7.317e-05 2.3036e-05 0.00015828
1.9969e-05 -4.9678e-05 4.631e-05 6.0576e-05 0.047171 -0.0049418 0.050787 0.054672 -0.048557 0.0048264 0.049903 0.029938 0 0 0 0 -8.3223e-05 0 8.3223e-05 0 0.15946 0.045593 0.25905 0.23394 -0.13587 0.044545 0.32439 0.33595 0 0.00047942 0 0.0016168 -6.7537e-05 -6.5764e-06 6.7537e-05 6.5764e-06 0.36726 -0.032401 0.36726 0.16228 -0.34849 -0.042772 0.35014 0.21628 0.00071425 -0.00039105 0.00071425 0.00039105 6.6538e-05 2.6646e-05 6.8577e-05 5.5424e-05 0.037909 0.010275 0.039866 0.022196 -0.032165 0.030413 0.033917 0.044823 4.6095e-05 5.1593e-05 4.6095e-05 9.3379e-05
-1.7164e-05 -1.0131e-05 1.7164e-05 1.0131e-05 0.030151 -0.0019524 0.038696 0.011754 -0.024282 -0.014485 0.053316 0.046212 0.00013745 -6.4001e-05 0.00014073 0.00011843 0.0019337 -0.00020396 0.0019337 0.00060905 0.25924 -0.0060065 0.28808 0.35959 -0.2619 -0.056288 0.31189 0.26016 0.00026927 0.00066375 0.00034087 0.0010375 0 0 0 0 0.1482 0.053386 0.26015 0.3259 -0.15016 -0.012134 0.20978 0.45123 -0.00064704 0.00032102 0.0011392 0.0027182 0 0 0 0 0.014604 -0.016302 0.041033 0.050963 -0.026294 -0.007119 0.02688 0.012526 2.3539e-06 -0.0001629 2.3539e-06 0.00017069
0 0 0 0 0.036732 0.014601 0.042119 0.058703 -0.039286 -0.013171 0.041595 0.047017 0 0 0 0 0 0 0 0 0.13086 -0.033944 0.27505 0.41157 -0.14153 -0.028056 0.1874 0.41511 0 0 0 0 0 0 0 0 0.29617 -0.0017633 0.3041 0.16585 -0.28406 0.04738 0.28406 0.33713 0 0 0 0 0 0 0 0 0.039196 0.0026072 0.039196 0.022554 -0.035067 0.038815 0.037313 0.057404 0 0 0 0
0.0001884 8.8088e-05 0.00022627 0.00017838 0.017343 -0.042286 0.038463 0.1265 -0.029933 -0.00072978 0.03023 0.026497 -1.6557e-05 -0.00010769 1.8455e-05 0.0001497 0.00016772 -0.00056716 0.00033883 0.00057912 0.12993 -0.033529 0.21158 0.5427 -0.14347 0.01388 0.32203 0.3599 0.00028925 -0.00019577 0.00028925 0.00064934 -3.3778e-05 -2.6464e-06 3.3778e-05 1.1729e-05 0.24772 0.011009 0.24772 0.1511 -0.22384 0.041164 0.24571 0.31544 0.00012385 0.00012385 0.00012385 0.00012385 -1.1203e-05 1.4936e-06 1.1203e-05 1.4936e-06 0.042711 0.0048618 0.042711 0.02192 -0.034191 0.016201 0.034679 0.049735 1.2406e-05 1.3812e-05 1.7057e-05 1.61e-05
-6.8494e-05 2.8808e-05 0.00011069 0.00020039 0.024607 -0.016582 0.047374 0.027532 -0.037058 0.027324 0.037335 0.028788 0 0 0 0 5.4815e-05 -5.8631e-05 5.4815e-05 0.00036306 0.17323 -0.053505 0.2646 0.37375 -0.20207 0.011926 0.20207 0.24054 -0.00016097 -2.9234e-05 0.00016097 0.00016097 0 0 0 0 0.27364 0.02392 0.28597 0.42973 -0.26772 0.054913 0.37153 0.20638 0 0 0 0 3.1032e-05 9.8138e-05 4.6969e-05 0.00022864 0.04582 -0.00038108 0.046181 0.031587 -0.039381 0.00044868 0.048178 0.056738 0 0 0 0
0.00021488 -8.7861e-05 0.0002364 0.00016478 0.032036 -0.012014 0.053961 0.056367 -0.033439 -0.018818 0.042426 0.049511 2.6164e-06 -6.9307e-05 2.6164e-06 0.00017867 0.0016516 0.00041181 0.0017425 0.00043073 0.25881 -0.021909 0.39805 0.33274 -0.25449 -0.0023569 0.31513 0.31771 0.00052955 0.00078607 0.00052955 0.0013298 0.0010735 -0.00044988 0.0010735 0.00044988 0.2244 -0.0033885 0.27354 0.21186 -0.18695 0.017306 0.23534 0.33793 -0.0011527 0.00036045 0.0014131 0.0029227 0 0 0 0 0.046 0.0012595 0.048169 0.018877 -0.043696 0.00271 0.043696 0.042741 2.4422e-05 -0.00017589 2.4422e-05 0.00022584
0 0 0 0 0.029591 0.0044882 0.039202 0.016245 -0.030485 0.0075341 0.030852 0.017109 0.0001625 -4.8291e-05 0.0001625 9.7463e-05 0 0 0 0 0.19204 -0.026894 0.22441 0.2948 -0.19525 0.0070254 0.2051 0.32325 0.00060837 -0.0003519 0.00060837 0.001208 0.00082987 0.00047889 0.0023289 0.0021025 0.2073 0.048639 0.22857 0.38921 -0.17552 0.054128 0.23705 0.53343 0.00092452 0.000215 0.00092452 0.0012361 3.6475e-05 -2.8408e-05 3.7346e-05 3.7346e-05 0.021079 -0.037023 0.052018 0.041141 -0.018949 -0.03014 0.037615 0.054966 8.4362e-05 -1.8508e-05 8.4362e-05 0.00010141
0.00010045 0.00011127 0.00010986 0.00012016 -7.8308e-05 0.00066588 0.0004122 0.00066588 -4.274e-06 -3.3388e-05 0.001154 0.0010752 2.5838e-05 2.387e-05 7.7242e-05 0.00011305 0.021983 -0.0044486 0.022057 0.015057 -0.047664 -0.017248 0.34489 0.37416 0.03527 0.096908 0.41192 0.23561 -0.010356 0.03984 0.01218 0.039914 0.0011964 -0.00017389 0.0011964 0.00067806 -0.093207 -0.043636 0.46468 0.082853 0.1191 -0.074427 0.46781 0.10903 0.046469 -0.014426 0.10064 0.030204 0.00019425 3.5519e-05 0.00019425 0.00010507 2.9367e-05 -0.0015469 0.0014706 0.0019801 0.0017395 -0.015478 0.011185 0.016113 0.0022698 -0.0065544 0.0050726 0.0065859
2.5941e-06 -2.2072e-05 1.2638e-05 2.8471e-05 0.024377 0.013758 0.026504 0.035709 -0.024603 0.011797 0.025271 0.032456 4.5424e-05 -0.00023742 0.00014514 0.00035647 0 0 0 0 0.21393 -0.055815 0.22548 0.28414 -0.20149 0.0060886 0.20347 0.42818 0.00017704 0.00013337 0.0005878 0.001675 0.00043122 0.00021254 0.00043122 0.00021254 0.2512 0.084808 0.29504 0.22741 -0.2077 0.062844 0.25382 0.46651 0.00070857 0.00041644 0.00070857 0.00074097 0.00037877 2.2005e-05 0.00042275 0.00011697 0.042178 -0.02692 0.042821 0.047477 -0.036256 -0.0001751 0.048544 0.022422 0.00016794 -9.558e-05 0.00020519 0.00011394
0.00012226 -0.00018452 0.00015109 0.00059928 0.025656 -0.0088415 0.02734 0.014862 -0.016751 -0.036341 0.057321 0.055332 9.3521e-06 -7.0296e-05 6.766e-05 7.0296e-05 0.00034666 -0.0005083 0.00042027 0.001378 0.19365 0.029524 0.32379 0.36776 -0.21666 -0.018716 0.29479 0.21375 -0.00036182 0.00073034 0.00043921 0.00073034 -0.00067678 -0.00011065 0.00067678 0.00057236 0.2015 0.095632 0.28412 0.25322 -0.24542 -0.0080117 0.24762 0.4565 -0.0015479 -0.00057683 0.0017704 0.00095913 1.3937e-06 -1.4284e-05 3.9403e-05 8.2969e-05 0.013315 -0.0087695 0.05328 0.050512 -0.029479 -0.0026703 0.029479 0.0029812 2.8073e-05 2.8834e-06 4.3803e-05 1.4269e-05
0 0 0 0 0.032286 0.0043106 0.032945 0.035286 -0.0074941 -0.0033443 0.021186 0.064137 -0.0038386 0.0012829 0.0038561 0.0029144 0 0 0 0 0.18128 0.039329 0.30605 0.15544 -0.082148 0.020409 0.33687 0.43087 -0.011785 -0.0045446 0.011931 0.0047963 0 0 0 0 0.17721 -0.058219 0.20652 0.19099 -0.10206 -0.081141 0.2511 0.57254 -0.0011298 -0.00016736 0.0013301 0.00081386 0 0 0 0 0.017663 0.021854 0.047253 0.036458 -0.0095079 0.027585 0.058259 0.05196 -4.6542e-05 2.9127e-05 5.8621e-05 3.6974e-05
0 0 0 0 0.010545 0.018365 0.010748 0.021773 0.013279 -0.0049774 0.046608 0.057509 -0.0042435 -0.00081504 0.004246 0.0010876 0 0 0 0 0.18081 0.030721 0.33428 0.17705 -0.093354 0.05321 0.36467 0.43035 -0.0092544 -0.0020324 0.0092544 0.0069659 0 0 0 0 0.18832 -0.039993 0.22135 0.21662 -0.11184 -0.046914 0.23616 0.52228 -0.00083749 -3.6213e-05 0.00083749 0.00043472 0 0 0 0 0.028679 0.0042691 0.032414 0.036451 -0.017612 -0.00065015 0.039021 0.072597 -8.1226e-05 -4.0332e-05 8.1226e-05 4.8965e-05
0 0 0 0 0.050895 -0.012412 0.050895 0.037883 -0.042632 0.010459 0.096996 0.034259 0 0 0 0 0 0 0 0 0.24175 0.06676 0.31106 0.26561 -0.20328 -0.039217 0.30911 0.2241 0 0 0 0 0 0 0 0 0.30201 -0.048567 0.30479 0.20483 -0.2817 -0.012876 0.43431 0.22023 0 0 0 0 0 0 0 0 0.043137 0.017043 0.049593 0.033247 -0.037617 0.035692 0.060779 0.06869 0 0 0 0
5.8351e-05 2.2561e-05 5.8351e-05 5.8351e-05 0.02427 0.013785 0.024642 0.018718 -0.014993 0.055256 0.040396 0.055284 -8.6613e-05 0.00419 0.0023843 0.0048722 0.00054656 -2.422e-05 0.00054656 0.00050574 0.24006 0.075697 0.24105 0.14995 -0.066042 -0.053647 0.35638 0.47115 -0.028071 -0.0080408 0.030069 0.031802 0.00050043 0.00040505 0.00050043 0.00040505 0.23565 0.012687 0.25803 0.23494 -0.1107 0.016479 0.29817 0.4392 -0.018922 -0.0062339 0.019405 0.0076614 0.00016172 1.5431e-05 0.00016229 2.0677e-05 0.0038097 -0.023883 0.057876 0.0602 -0.0086711 -0.042257 0.031535 0.065252 -0.00019611 -0.00010205 0.00021493 0.00014802
0 0 0 0 0.050842 0.010208 0.050842 0.018319 -0.04777 0.019127 0.051191 0.040689 0 0 0 0 0 0 0 0 0.31527 0.0092407 0.31527 0.31039 -0.28997 0.018718 0.35495 0.10596 0 0 0 0 0 0 0 0 0.26089 -0.0081946 0.27443 0.31569 -0.25493 -0.093078 0.27051 0.26092 0.00027252 0.00014333 0.00027252 0.00014333 0 0 0 0 0.053922 0.0028035 0.053922 0.013994 -0.052218 0.017488 0.052218 0.028516 0.00026513 4.9442e-06 0.00026513 7.9271e-06
-1.0684e-06 -3.9758e-06 3.9758e-06 3.9758e-06 0.029848 -0.032198 0.034486 0.06433 -0.035825 -0.0064766 0.036042 0.018246 3.8865e-05 -0.00013081 8.612e-05 0.00027309 0 0 0 0 0.26273 -0.0072117 0.29473 0.16737 -0.24005 0.091147 0.30398 0.2003 0.00017635 0.0011369 0.00021438 0.0011369 -2.8789e-05 0.00020555 0.00027788 0.00020555 0.34348 -0.012638 0.34479 0.36147 -0.29812 -0.064212 0.3004 0.23757 0.00045161 -0.00086786 0.0006291 0.0011089 8.8739e-05 -4.4712e-05 0.00017577 6.8741e-05 0.0002235 -0.0012842 0.0021113 0.0015709 -0.00054817 -0.0016186 0.00054817 0.0016186 8.001e-06 -0.00015266 3.7699e-05 0.00015266
0 0 0 0 0.02777 0.0083273 0.049523 0.027821 -0.030607 0.015582 0.046608 0.033571 0 0 0 0 0 0 0 0 0.22272 -0.098717 0.38592 0.26044 -0.22349 -0.036203 0.22444 0.40469 0 0 0 0 0 0 0 0 0.21896 0.057675 0.24478 0.32427 -0.19523 0.013797 0.26066 0.34453 0 0 0 0 0 0 0 0 0.032951 0.016533 0.033221 0.044039 -0.036515 0.015925 0.036535 0.036356 0 0 0 0
7.2896e-06 -1.793e-05 7.2896e-06 1.793e-05 0.013905 -0.0075156 0.05515 0.026568 -0.019127 -0.0038528 0.027147 0.024387 0 0 0 0 -0.00015487 -0.00063122 0.00015487 0.0020407 0.16555 -0.037761 0.29582 0.40193 -0.18267 -0.0069381 0.3312 0.29357 0 0 0 0 -0.0005689 0.00096504 0.0005689 0.0014944 0.27835 0.018513 0.28136 0.23029 -0.25526 0.081276 0.34856 0.27618 0 0 0 0 0 -2.4315e-05 0 2.4315e-05 0.028012 0.0034866 0.028224 0.042989 -0.025664 -0.0075325 0.037519 0.044576 0 0 0 0
0.00012916 5.463e-06 0.00012916 1.5536e-05 0.03532 0.017931 0.03703 0.034915 -0.025033 -0.0075133 0.028231 0.064421 -0.00032192 7.6955e-06 0.00032192 8.3274e-05 0.0010018 0 0.0010018 0 0.22339 0.022968 0.30298 0.20817 -0.15564 0.086777 0.17542 0.43671 -0.0024564 8.5895e-05 0.0024564 0.00042541 0.00068434 -6.6879e-05 0.00068434 0.00031747 0.12215 -0.025048 0.36554 0.27664 -0.057989 -0.064159 0.41905 0.36251 -0.0032791 0.0001284 0.0032791 0.0017704 0.00011006 3.4642e-05 0.00011006 3.4642e-05 0.022702 0.009571 0.0477 0.045172 -0.027436 -0.031617 0.029635 0.060134 -0.00020159 -0.00017704 0.00020159 0.00020299
0.00029441 -7.5805e-05 0.00029441 8.548e-05 0.020132 -0.0074784 0.029451 0.036033 -0.025743 0.0066408 0.049151 0.04338 -0.00011793 5.5171e-05 0.00011793 5.9405e-05 0.00035754 -0.00010015 0.00035754 0.00010015 0.18539 0.018289 0.20396 0.33427 -0.15019 0.072302 0.30108 0.45464 -0.000648 3.1828e-05 0.000648 0.00034758 0 0 0 0 0.13611 -0.060723 0.37686 0.16507 -0.035257 -0.05388 0.35468 0.39353 -0.0053199 0.00061493 0.0058101 0.0035026 0 0 0 0 0.012091 -0.019765 0.012534 0.02156 -0.0054568 -0.0048044 0.017971 0.035694 -0.0019266 0.0011932 0.0019674 0.0019807
4.6054e-06 5.9107e-05 2.2501e-05 0.00014845 0.040228 0.012284 0.041173 0.014549 -0.028997 0.016142 0.032571 0.057798 -0.00034133 0.00016863 0.00034133 0.00020822 -0.00040798 0.00021295 0.00049357 0.0012152 0.26942 0.023643 0.2712 0.27646 -0.23574 -0.08537 0.26704 0.42468 2.9615e-05 -0.00068162 0.000698 0.00068162 -0.00045101 -0.00020925 0.0005366 0.0011345 0.26382 0.0024019 0.30626 0.24772 -0.28424 -0.03761 0.28424 0.2487 4.315e-05 8.9834e-06 4.315e-05 8.9834e-06 1.0061e-05 -0.00010658 1.2925e-05 0.00010968 0.011414 0.024007 0.026818 0.036696 -0.018776 0.0028531 0.018776 0.007255 1.5326e-05 4.5452e-06 1.5642e-05 4.8613e-06
3.2921e-05 3.2921e-05 3.2921e-05 3.2921e-05 0.0070453 0.0059209 0.0073387 0.0061438 0.028807 -0.0016508 0.048592 0.045498 -0.0086654 -0.00092006 0.0086829 0.002239 0.00094371 0.00020501 0.00094371 0.0005074 0.22932 0.089194 0.23022 0.21837 -0.13943 0.1048 0.20077 0.59317 -0.0039561 -0.0035919 0.0057872 0.0043158 0.002909 0.0006133 0.002909 0.0023723 0.072007 0.066684 0.25025 0.34067 -0.077979 -0.13648 0.26481 0.34341 -0.0015886 -0.0010248 0.0018496 0.0010248 0.0033764 0.0023509 0.0034085 0.0037999 0.0056332 -0.0015311 0.031809 0.055985 -0.02928 -0.032951 0.037111 0.043103 0 0 0 0
0.0019827 -0.0012575 0.0020051 0.0015197 0.029104 0.010033 0.058726 0.081044 -0.0069904 0.016808 0.0759 0.094822 -0.0067295 0.0047665 0.0068452 0.0060201 0.00018826 -0.00061237 0.0013503 0.0014798 0.17373 -0.21171 0.25108 0.3659 0.055921 -0.047511 0.4656 0.47823 -0.027699 -0.010603 0.088729 0.075826 8.819e-05 -0.0003942 8.819e-05 0.0003942 0.0038064 -0.00133 0.0071073 0.0060658 0.15139 -0.19529 0.31766 0.26806 -0.021131 -0.022694 0.028067 0.02811 0 0 0 0 0.00030601 -0.00030601 0.00030601 0.00030601 -0.00010958 -0.00040092 0.00071708 0.00084559 0.0025829 -5.0964e-05 0.0027486 0.0017045
0 0 0 0 0.031543 0.020912 0.032201 0.032132 -0.020446 -0.0012077 0.030711 0.069802 -0.00011125 -3.4345e-05 0.00011125 5.9061e-05 0 0 0 0 0.26175 -0.006899 0.27841 0.30004 -0.2061 -0.049421 0.28377 0.42904 -0.0011146 6.4534e-05 0.0011146 6.4534e-05 0 0 0 0 0.22716 0.00068684 0.24513 0.21987 -0.19755 0.012353 0.32284 0.36582 -0.0010214 -2.8643e-05 0.0010214 0.00015771 0 0 0 0 0.038713 -0.015358 0.039123 0.017226 -0.036713 -0.0221 0.037003 0.02485 -0.00014091 -1.2358e-05 0.00014091 1.2358e-05
8.376e-05 -1.5319e-07 9.8766e-05 4.8195e-05 0.01186 0.0080944 0.012859 0.010588 0.015809 0.052343 0.056777 0.061065 -0.0064717 0.0044853 0.0065923 0.0044853 0.00086495 -0.00016843 0.00086495 0.00016843 0.1752 -0.036545 0.17698 0.066222 0.064002 -0.17049 0.26662 0.5213 -0.043189 0.031194 0.047442 0.0602 0.00040986 -0.00012839 0.00040986 0.00012839 0.01854 0.0024326 0.02133 0.018464 0.22492 0.13376 0.47604 0.46404 -0.022427 -0.027644 0.032775 0.095536 0 0 0 0 0.015481 -0.0029905 0.016458 0.003885 0.0044531 -0.059735 0.045217 0.087838 -0.0015188 -0.0024863 0.0026799 0.0068008
1.4634e-05 -2.2364e-05 1.4634e-05 2.2364e-05 0.035426 0.0019637 0.043647 0.020745 -0.03207 0.0034149 0.033146 0.021649 6.3476e-05 -5.7081e-05 6.3476e-05 0.00020166 0.00048047 0.00058289 0.00064716 0.00061286 0.24484 -0.021754 0.2463 0.14163 -0.18622 -0.025584 0.32117 0.30541 0.0006934 5.9709e-05 0.0006934 0.0002222 0.002177 -0.00045895 0.0023312 0.00069693 0.25481 -0.0067707 0.262 0.30776 -0.20535 0.0036841 0.27354 0.52208 -0.00039946 0.00054095 0.00062453 0.0013209 -2.4536e-05 4.3891e-06 2.4536e-05 9.8734e-06 0.015298 0.0067198 0.015298 0.01117 -0.010235 0.015548 0.040175 0.019473 0.00010619 0.00013572 0.00014718 0.00032869
5.4259e-05 -1.954e-05 5.4259e-05 1.954e-05 0.0054364 -0.0096331 0.02297 0.040647 -0.0095538 0.0047231 0.0095538 0.019537 0 0 0 0 0.00022465 -2.0571e-05 0.00022465 0.00022465 0.16559 0.0026773 0.32316 0.26838 -0.18155 -0.066743 0.22271 0.36433 0 0 0 0 0 0 0 0 0.083955 0.010503 0.38884 0.47178 -0.11742 0.039132 0.11742 0.40283 0 0 0 0 0 0 0 0 -0.0016486 -0.020164 0.018679 0.020211 -0.000387 -0.00023207 0.000387 0.000387 0 0 0 0
-9.8683e-06 5.4526e-05 0.00010442 0.00013988 0.026894 -0.028135 0.027776 0.043868 0.00075426 0.028426 0.061187 0.074109 -0.0079725 0.0042561 0.0080464 0.0045164 0.00063004 -0.00024847 0.00063004 0.00046707 0.16015 -0.025693 0.16111 0.070324 0.084304 -0.19749 0.31585 0.49672 -0.044451 0.021724 0.053728 0.064494 0.00027531 1.2632e-05 0.00027531 0.00027531 0.008694 -0.0068347 0.008694 0.010165 0.23105 0.12211 0.47391 0.46607 -0.019018 -0.018103 0.029902 0.077645 0 0 0 0 0.00068672 -0.00033146 0.00074162 0.00081498 0.027691 -0.039952 0.038436 0.064991 -0.00090782 0.0016863 0.0043389 0.012728
0 0 0 0 0.00026187 0.00073358 0.0011417 0.0009915 0.018568 -0.01706 0.023706 0.020949 -0.0036385 -0.0071237 0.0042994 0.0086741 0 0 0 0 0.020076 0.00021933 0.022529 0.01631 0.18465 0.069808 0.42441 0.44081 -0.04394 0.01694 0.044878 0.037758 0.0010302 0.00045799 0.0010302 0.00045799 0.095562 0.1592 0.19119 0.28999 0.08195 -0.0076109 0.39232 0.48732 -0.048893 -0.019944 0.04908 0.02015 0.00049454 0.00013705 0.00049454 0.00024213 0.00035915 -0.0014606 0.091058 0.063659 -0.016156 0.011345 0.065184 0.045607 -7.9242e-05 -4.6068e-05 7.9242e-05 6.8488e-05
0 0 0 0 0.00020354 0.0001205 0.001041 0.00031495 0.0028446 -0.0034517 0.0034105 0.0066903 0.0013278 -0.0029761 0.0017197 0.0047482 0 0 0 0 0.011689 0.0010505 0.015638 0.0091438 0.20287 -0.084596 0.39226 0.48886 -0.0043234 0.008598 0.024469 0.090207 0.00078094 0.00026096 0.00078094 0.00026096 0.025355 0.0088529 0.02598 0.016491 0.16538 0.23974 0.55341 0.36626 0.022047 0.013625 0.079758 0.052032 5.3084e-05 3.033e-05 5.3084e-05 3.033e-05 0.017749 0.013129 0.019912 0.015211 0.015253 -0.031292 0.038243 0.09389 -0.0050769 -0.0076629 0.0051215 0.0085447
-6.6311e-06 2.9513e-06 2.5543e-05 0.00012299 0.040724 -0.047834 0.042957 0.093083 -0.048337 -0.025462 0.048428 0.063923 -3.9406e-05 -1.2246e-05 3.9406e-05 3.9406e-05 -0.0003455 7.6406e-07 0.00035452 0.00035452 0.22529 -0.0001146 0.28918 0.18378 -0.25474 0.037981 0.25507 0.13425 0 0 0 0 1.4886e-05 0.00014222 1.4886e-05 0.00067536 0.3174 0.051251 0.35521 0.3192 -0.32641 0.046514 0.32641 0.32267 0 0 0 0 -9.4356e-06 0.00012014 9.4356e-06 0.00022974 0.034625 -0.013367 0.035088 0.030852 -0.032547 0.002386 0.039948 0.039157 0 0 0 0
0 0 0 0 0.033332 -0.0088199 0.033332 0.014108 -0.02546 -0.043133 0.04438 0.061188 0.00034081 4.1429e-06 0.00034081 4.1429e-06 0 0 0 0 0.34521 0.051104 0.35139 0.1979 -0.30169 -0.12857 0.38437 0.36639 0.0010189 -0.0002246 0.0010189 0.0002246 0 0 0 0 0.096216 -0.070504 0.3165 0.29205 -0.10596 0.00142 0.10739 0.30474 7.2832e-05 -4.3789e-06 7.2832e-05 4.7734e-05 0 0 0 0 0 0 0 0 0 0 0 0 1.0741e-05 -2.4031e-06 1.0741e-05 2.4031e-06
0.00019067 1.3065e-05 0.00019067 6.9038e-05 0.012135 -0.0036794 0.012732 0.0062089 0.021113 -0.047282 0.072182 0.072907 -0.0043591 -0.0047051 0.0055934 0.0053749 0.00052381 -0.0001511 0.00052381 0.00041035 0.0247 -0.0043672 0.027811 0.010909 0.1751 -0.042372 0.34133 0.56473 -0.01413 0.030292 0.03066 0.091761 0.00027173 1.2467e-05 0.00027173 0.00027173 0.019674 0.0031216 0.02205 0.0061804 0.26175 0.022546 0.54507 0.35074 -0.028534 -0.015693 0.070267 0.064334 0 0 0 0 0.0080641 0.0015289 0.0083782 0.00549 0.015545 0.024997 0.02159 0.067764 -2.6651e-05 0.0039342 0.0045495 0.011108
0 0 0 0 0.00022625 0.0017157 0.0011035 0.0018851 0.0047864 -0.0035697 0.005464 0.0040872 0.0024383 -0.0058442 0.0068342 0.0076768 0 0 0 0 0.011485 -0.0039061 0.014572 0.016629 0.20462 0.040632 0.39324 0.50491 -0.022505 0.048366 0.030671 0.056459 0.0033496 0.0011425 0.0033496 0.0026256 0.00087999 0.1663 0.10867 0.16915 0.15277 0.022957 0.54567 0.31728 0.027414 -0.028549 0.10197 0.082058 0.0021103 0.001239 0.0022725 0.0012869 0.02465 -0.042871 0.055099 0.091828 -0.018797 0.021852 0.048398 0.11327 -0.0032761 -0.002102 0.0032807 0.003321
0 0 0 0 0.0051113 0.017776 0.0069954 0.017776 -0.0048982 0.026319 0.014675 0.026319 0 0 0 0 0 0 0 0 0.22432 -0.06235 0.37271 0.30136 -0.22535 -0.030451 0.22785 0.35443 0 0 0 0 0 0 0 0 0.22777 0.11431 0.27876 0.34893 -0.22913 0.038428 0.28447 0.27429 0 0 0 0 0 0 0 0 0.034512 -0.013478 0.038755 0.052874 -0.037253 0.0070577 0.037512 0.037798 0 0 0 0
0 0 0 0 0.00046566 0.00018913 0.00052521 0.00026176 0.027557 0.036285 0.028479 0.054528 -0.0031824 0.0067197 0.004763 0.017207 0 0 0 0 0.0079624 0.0017107 0.0079624 0.0049565 0.22529 -0.16946 0.39407 0.46133 -0.014437 -0.01079 0.032397 0.10535 0.00062423 0.00012996 0.00062423 0.00012996 0.01844 0.0036326 0.022655 0.010182 0.21921 0.20838 0.4656 0.45354 -0.012243 0.011261 0.060622 0.064984 0.00012754 2.8264e-07 0.00013211 2.6635e-05 0.012399 0.016553 0.012842 0.031876 0.015824 -0.015223 0.044511 0.078832 -0.0062225 -0.0050962 0.0062842 0.0075009
0 0 0 0 0.0015828 0.00061502 0.0015828 0.00065876 0.018547 -0.013793 0.021107 0.032568 0.0013956 -0.0084249 0.0047852 0.01693 0 0 0 0 0.008392 -3.6649e-05 0.012744 0.010695 0.28269 0.00026575 0.5041 0.31318 -0.034538 0.025076 0.064397 0.055126 0 0 0 0 0.057861 0.0091781 0.063674 0.046787 0.18291 0.015177 0.3263 0.62677 -0.029133 -0.019776 0.044548 0.097025 2.7359e-05 1.1499e-05 2.7359e-05 1.1499e-05 0.003288 0.0061053 0.0095427 0.012584 0.00066745 0.0069138 0.0060766 0.018433 -0.00039025 -0.0053183 0.002018 0.0061221
0.0003251 -0.00017359 0.00033556 0.00018802 0.026485 -0.031601 0.050795 0.063556 0.0012473 -0.047387 0.054822 0.090597 -0.0092543 0.0038384 0.0092979 0.0038728 5.693e-05 -5.693e-05 5.693e-05 5.693e-05 0.086498 -0.022263 0.1049 0.076106 0.16457 0.023997 0.32578 0.65651 -0.041962 0.02613 0.047671 0.079129 0 0 0 0 0.011745 -0.0027219 0.014839 0.0085573 0.20593 -0.094664 0.4947 0.26703 0.010347 -0.014383 0.07455 0.049092 0 0 0 0 0.0010897 -0.0005193 0.0010897 0.0005193 0.018826 0.0081012 0.020035 0.015966 -0.0010781 0.0025876 0.0068165 0.014813
0.00011282 5.0775e-06 0.00011282 4.2503e-05 0.0029978 -0.00090543 0.0030698 0.0025304 0.021839 -0.053709 0.074357 0.074462 -0.00023022 -0.0031041 0.0052228 0.010221 5.5644e-05 -5.5644e-05 5.5644e-05 5.5644e-05 0.054285 -0.0072815 0.054539 0.026642 0.1753 0.07255 0.27251 0.66678 -0.037426 0.015494 0.041048 0.090793 0 0 0 0 0.0027998 -0.0010421 0.0027998 0.0010421 0.20477 -0.041999 0.53325 0.26264 0.03024 0.0032626 0.086049 0.054423 0 0 0 0 0.00053108 -8.9652e-05 0.00053108 8.9652e-05 0.01576 -0.037629 0.025124 0.037668 -0.0022003 -0.010472 0.002286 0.010629
-4.3155e-06 0.00032974 6.7296e-05 0.00032974 0.00099714 0.0012817 0.0011105 0.0012817 -0.00026477 0.0012322 0.00069066 0.0016728 0.0011271 0.0030283 0.0015567 0.0030283 0.037987 0.028207 0.074259 0.032436 -0.10312 0.051607 0.13272 0.058797 0.1848 0.035749 0.57362 0.33564 0.017382 0.019701 0.043398 0.074933 -0.0028504 -0.00080365 0.075672 0.027126 -0.19945 0.056589 0.33721 0.072203 0.17888 -0.059448 0.4326 0.26945 0.012128 -0.043276 0.025182 0.048532 0.0017708 -0.0047468 0.0067178 0.0053769 -0.015592 -0.031993 0.020264 0.032167 5.7241e-05 -0.00062422 0.0004233 0.0013108 4.711e-05 5.8385e-06 8.2715e-05 7.6714e-05
0.00026821 -0.00013121 0.00028985 0.00020159 0.032369 -0.019007 0.040942 0.069047 0.001877 -0.04499 0.05935 0.093975 -0.012436 0.0011441 0.01244 0.0050669 5.8886e-05 -5.8886e-05 5.8886e-05 5.8886e-05 0.10594 -0.025508 0.12192 0.076022 0.15412 0.040177 0.29441 0.63949 -0.042848 0.028343 0.049274 0.077186 0 0 0 0 0.01211 -0.0053228 0.019895 0.014645 0.22936 -0.10882 0.5013 0.28951 -0.0090398 -0.026646 0.096922 0.048203 0 0 0 0 0.0015685 -0.000129 0.0015685 0.00042402 -0.0002799 -0.0019477 0.0015766 0.002873 0.00072053 0.0015941 0.0011244 0.0019531
-6.1978e-05 3.7073e-05 9.3613e-05 5.1516e-05 0.03771 0.017219 0.037907 0.025103 -0.019784 0.022091 0.03873 0.045843 -6.3295e-05 8.5759e-05 0.00014279 9.1242e-05 -0.00086449 0.00030546 0.0010356 0.00064286 0.036669 -0.04796 0.038597 0.050901 0.12901 -0.21774 0.48151 0.57163 -0.0088463 -0.00060039 0.0097477 0.0088382 -0.0044403 0.00064359 0.0046668 0.0010034 0.00024664 0.00078736 0.00024664 0.00078736 0.19068 0.14873 0.44476 0.3125 -0.016891 0.001731 0.017423 0.0089805 -0.0014765 0.00042301 0.0014765 0.00042301 0.0018963 0.0015664 0.0027667 0.0026307 0.037978 -0.0024776 0.054647 0.04226 -0.0087345 0.0021651 0.0087954 0.0040045
5.8658e-05 -0.0024107 0.0054881 0.0077184 -0.0056278 -0.0046912 0.022832 0.012493 0.02444 -0.0021244 0.028247 0.022079 0.0026202 -0.00043777 0.0026459 0.0024038 0.031275 -0.0087145 0.069412 0.047931 0.080576 0.17334 0.35419 0.32542 -0.016592 0.14863 0.245 0.37352 0.016868 -0.004181 0.017555 0.019014 0.0092062 -0.0021641 0.046929 0.029661 0.087046 -0.14344 0.5278 0.25315 0.087526 -0.070783 0.17712 0.27446 0.0024939 0.0026683 0.015043 0.012798 -0.0067842 0.0058326 0.012697 0.0082015 0.018273 0.01044 0.026142 0.023597 0.0037122 -0.030022 0.01695 0.036598 0.0017067 -0.0024067 0.0026747 0.004352
-0.00058666 -0.0014225 0.003548 0.0023809 0.030459 0.0096934 0.032825 0.022123 0.012751 0.0021734 0.017103 0.0090467 0.001945 0.0002805 0.002092 0.0011111 -0.026463 0.0084067 0.060046 0.02702 0.14078 -0.18662 0.2278 0.30874 0.30026 -0.095156 0.30255 0.1951 0.0079946 0.010545 0.019897 0.023404 0.021887 0.023319 0.027906 0.03121 -0.056238 0.2291 0.20509 0.3025 0.3275 0.13376 0.44554 0.19209 0.0075686 -0.0054767 0.0094266 0.0088911 0.00053064 -0.00013479 0.0024403 0.0021286 -4.7419e-05 -0.019926 0.026336 0.032358 0.047957 -0.0092618 0.048447 0.01593 -0.00013472 -0.00043265 0.0011593 0.0013876
9.5691e-06 -5.103e-06 9.5691e-06 5.103e-06 0.033507 -0.0089108 0.037107 0.029095 0.0058341 0.00036634 0.034154 0.069288 -0.0021237 0.0064035 0.0040721 0.010175 0 0 0 0 0.020332 -0.0060458 0.02876 0.02026 0.15934 -0.09176 0.2922 0.74214 0.0055988 -0.004604 0.042913 0.073151 0 0 0 0 0.014156 -0.0059 0.01526 0.01529 0.23909 0.0065048 0.42658 0.24677 -0.020376 -0.0048609 0.053178 0.065896 0 0 0 0 0.0021229 -3.619e-05 0.0021229 0.00060886 0.019787 -0.013379 0.030476 0.036552 0.00020314 0.0067159 0.004027 0.015018
-0.0042899 -0.0044993 0.0043855 0.0045123 -0.0021779 -0.031601 0.020758 0.032477 0.0061455 -0.018993 0.030061 0.021283 0.0010862 -0.00039617 0.0022503 0.0019353 -0.049902 -0.0042817 0.049902 0.0090992 -0.050304 -0.23687 0.14601 0.27942 0.2459 -0.14253 0.32524 0.3587 -0.0017532 -0.0061706 0.0089865 0.01396 -0.053804 -0.0068623 0.053915 0.026102 -0.042642 0.13108 0.21594 0.29758 0.29207 0.16123 0.3866 0.28101 -0.010527 -0.01879 0.014037 0.026158 -0.0052861 -0.00037363 0.0053582 0.0026228 -0.010582 -0.020214 0.038162 0.027142 0.017584 -0.072626 0.039021 0.072626 -0.0036656 -0.0036358 0.0040818 0.0040537
-2.2347e-06 -6.9448e-07 2.2347e-06 2.2347e-06 0.049511 0.00381 0.049522 0.021882 -0.046057 0.0044269 0.048759 0.017442 -2.1574e-05 -5.259e-05 6.1776e-05 9.0456e-05 0 0 0 0 0.30552 -0.081455 0.30698 0.29608 -0.30285 -0.034702 0.33582 0.10748 0.00015182 -9.9139e-06 0.00015182 7.1573e-05 -0.00026467 -2.4236e-05 0.00026467 0.00026467 0.28729 0.079484 0.30926 0.31072 -0.2873 -0.028827 0.3045 0.15239 0.0001184 2.6911e-05 0.0001184 3.4954e-05 -2.541e-06 2.3767e-05 2.541e-06 7.7357e-05 0.025184 0.0028422 0.051303 0.020712 -0.022566 0.042001 0.041313 0.051186 -0.0001004 4.6521e-05 0.00014212 7.9401e-05
3.6263e-05 -2.0725e-05 3.6263e-05 2.0725e-05 0.0012627 -0.0043051 0.0038223 0.005995 0.025383 -0.03494 0.040375 0.048398 -0.0018916 -0.0065875 0.0077159 0.012089 0 0 0 0 0.016947 -0.00098842 0.021192 0.021502 0.15881 0.047165 0.31437 0.70629 0.0090221 0.0073599 0.052308 0.092307 0 0 0 0 0.019628 -0.0006976 0.020694 0.018206 0.24281 -0.026653 0.45615 0.27342 -0.024343 -0.0011457 0.060403 0.065263 0 0 0 0 0.0016812 -0.0005208 0.0016812 0.0005208 0.019199 -0.016101 0.026701 0.047473 0.0015283 0.0079012 0.0044263 0.017359
-0.0030941 -0.0063977 0.0070912 0.0078153 0.025627 0.015922 0.045982 0.050903 0.00011126 -0.01824 0.021455 0.031995 -0.00056147 0.0013797 0.0019388 0.0022545 0.017307 -0.016796 0.04498 0.051742 0.20657 -0.12081 0.33014 0.37129 -0.087903 -0.019308 0.27932 0.28031 0.038793 -0.02741 0.044476 0.03226 -0.012733 -0.0025154 0.02579 0.019244 0.21989 -0.18285 0.38796 0.27128 -0.011056 -0.071597 0.28172 0.33307 0.00032986 0.0015693 0.031532 0.052755 0.00067365 0.0016443 0.0022759 0.0028662 0.017587 0.0016237 0.031228 0.01978 0.032645 -0.024869 0.040942 0.039215 -0.00074396 0.00019743 0.0013199 0.0025864
-0.00024533 -0.0053493 0.003631 0.0076694 0.02101 0.00097961 0.041889 0.021569 0.0025281 -0.00033208 0.022306 0.032919 0.0012031 0.0027447 0.0041104 0.0064475 0.001786 0.035635 0.028116 0.057117 0.0076036 -0.067658 0.24233 0.21022 0.3201 0.026159 0.37615 0.27555 -0.0027533 0.023071 0.042278 0.042363 0.01817 0.015746 0.020898 0.037902 -0.091343 0.26281 0.27832 0.32241 0.30453 0.13761 0.34787 0.24992 -0.0080255 -0.012865 0.016987 0.016173 0.00069341 0.00060376 0.0024084 0.0012065 0.0084475 0.00136 0.016214 0.0047674 0.0086164 0.00017624 0.011426 0.014759 -0.0018194 0.00030298 0.002394 0.0039779
-2.7721e-06 -1.147e-06 2.7721e-06 1.5262e-06 0 0 0 0 0.0367 0.015397 0.037599 0.031953 -0.008798 -0.0045616 0.0096314 0.0063702 -1.1528e-05 -2.0937e-06 1.1528e-05 1.1528e-05 -0.00026923 0.001967 0.001967 0.001967 0.25527 -0.10938 0.45452 0.49566 -0.049745 -0.0096854 0.050011 0.018999 0 0 0 0 0.12027 0.032803 0.13533 0.089639 -0.00036582 0.16442 0.39621 0.47339 -0.002933 -0.0030338 0.0033048 0.0033713 -1.3555e-05 8.298e-06 2.2951e-05 1.51e-05 0.039956 0.0020241 0.039956 0.016931 -0.01896 0.017231 0.05982 0.056172 9.5728e-05 8.8949e-05 0.0001263 0.00026667
0.0019123 -0.00054555 0.002747 0.0026202 0.0084357 -0.0016573 0.01043 0.01237 -0.0032774 -0.012853 0.021211 0.01516 -0.0019948 -0.00025234 0.0019999 0.0009615 0.0040639 -0.01805 0.0098658 0.023532 -0.11771 -0.28727 0.187 0.28815 0.19799 -0.20938 0.31176 0.23221 -0.0012971 -0.0094343 0.012702 0.013451 0.003929 -0.0010905 0.0096103 0.013669 -0.17876 0.058639 0.25327 0.14762 0.36647 0.14664 0.47063 0.21246 -0.00063421 0.0076724 0.013488 0.018799 0.00073718 0.00010669 0.00087794 0.0015715 0.0023148 0.017565 0.019634 0.031505 0.027545 0.00078863 0.031167 0.026872 -0.0023588 0.00014433 0.0027597 0.0013654
-1.4231e-05 -2.9562e-06 1.4231e-05 3.7015e-06 0.044752 0.014099 0.046564 0.026271 -0.044329 -0.0052993 0.047103 0.029866 0 0 0 0 -0.00015758 7.2044e-07 0.00015758 5.6304e-05 0.3044 -0.036446 0.34086 0.10583 -0.30648 -0.083923 0.30697 0.293 0 0 0 0 0.00069528 0.00024848 0.00097351 0.00087907 0.28594 -0.023045 0.3066 0.16685 -0.28971 0.042084 0.29076 0.32423 0 0.00010211 0 0.0011151 0.00019203 4.8557e-06 0.00021344 7.572e-05 0.020108 0.030669 0.031874 0.051827 -0.022714 0.024774 0.02947 0.029237 0 -2.6537e-05 0 7.5468e-05
1.2766e-05 -2.3398e-05 2.3223e-05 4.955e-05 0.050859 0.012043 0.073787 0.01704 0.022167 0.0022397 0.041961 0.012163 0.0024864 6.8783e-05 0.0024864 0.0010214 0.020495 0.003771 0.020536 0.0053261 0.39941 0.027546 0.50209 0.052112 0.026545 -0.040644 0.23825 0.064515 0.017494 -0.0039941 0.017494 0.005785 0.00055386 -0.0053625 0.0092974 0.0071299 0.46545 -0.049403 0.47937 0.050339 -0.041918 -0.062144 0.20301 0.069094 0.015806 -0.00048253 0.015806 0.0026435 0 0 0 0 0.046498 -0.015418 0.046498 0.015418 0.01629 -0.0059852 0.017941 0.007788 0.0023597 -0.0010606 0.0023597 0.001115
0 0 0 0 0.031495 -0.009174 0.031495 0.0094236 -0.01549 -0.013116 0.038075 0.033708 -2.1513e-05 -1.9136e-05 3.6424e-05 3.3209e-05 0 0 0 0 0.012746 -0.0040857 0.012746 0.0050038 0.10723 -0.13753 0.50464 0.56442 -0.00098422 0.00015581 0.0011189 0.00069415 0 0 0 0 0 0 0 0 0.17211 0.12202 0.39987 0.42389 -0.022204 0.0085534 0.022728 0.021409 0 0 0 0 0 0 0 0 0.040659 -0.011376 0.046159 0.031097 -0.012201 -0.00093858 0.012306 0.0044253
-2.6002e-05 -3.4489e-05 2.6673e-05 3.5455e-05 0.00080738 0.001482 0.0025014 0.0020075 0.031813 0.025702 0.051347 0.060614 -0.0069695 -0.0020511 0.006989 0.004986 -3.9356e-05 0.00012664 0.00012664 0.00012664 0.008949 -0.0042558 0.008949 0.010101 0.22632 -0.16524 0.31708 0.63415 -0.051891 0.0030282 0.052106 0.025198 -3.9356e-05 -0.00012664 0.00012664 0.00012664 0.010962 -5.4588e-05 0.010962 0.0057115 0.10591 0.12529 0.41798 0.43527 -0.003286 -0.011764 0.004049 0.012396 1.6792e-06 4.343e-06 4.343e-06 4.343e-06 0.022532 0.0069926 0.022567 0.015618 -0.00774 0.038555 0.065972 0.073786 -1.0315e-05 9.9985e-05 7.6578e-05 0.00016198
0.00085717 -0.0015113 0.0023611 0.0021133 0.035548 0.011513 0.038908 0.025694 0.0092651 0.001515 0.018047 0.011591 0.0017375 0.00041495 0.0017629 0.0011244 -0.04399 0.0057533 0.080268 0.023147 0.16368 -0.1722 0.22425 0.26535 0.238 -0.15993 0.24153 0.2289 0.030902 0.010868 0.035518 0.018665 0.013789 0.019559 0.02628 0.02421 -0.053363 0.28601 0.19585 0.32453 0.267 0.15823 0.45954 0.2627 0.014569 -0.0039371 0.014938 0.0086908 0.00032191 -3.7015e-06 0.0022914 0.0019432 -0.005293 -0.030392 0.019441 0.035684 0.041098 -0.008019 0.047103 0.01764 0.0026571 0.00054334 0.003073 0.0016415
0 0 0 0 -4.8203e-05 0.00057866 0.00057866 0.00057866 0.016842 -0.025668 0.058919 0.059262 -0.00059892 -0.00022382 0.00061683 0.00027637 0 0 0 0 0.034074 -0.010501 0.036939 0.030244 0.15015 0.15054 0.52865 0.44728 6.7001e-05 0.00013687 0.00014899 0.00033194 -0.00020228 0.00012755 0.00025323 0.00020441 0.0039716 -0.00010811 0.0039716 0.0011807 0.19401 -0.063403 0.54882 0.33188 -0.00066556 -0.00011587 0.00068624 0.00091199 -0.00016983 4.6839e-05 0.00018204 0.00011157 0.0052058 0.0031094 0.005483 0.0055646 0.023637 -0.019862 0.068082 0.071043 -0.00023724 3.2132e-05 0.00031721 3.2132e-05
0 0 0 0 0.00082225 0.00018396 0.00082225 0.00018396 0.020494 0.0060518 0.027149 0.014482 0.00027164 -0.0022045 0.0075484 0.010797 0 0 0 0 0.0088413 0.0025497 0.01115 0.0079059 0.22949 0.053428 0.34192 0.4295 0.0021453 -0.00011359 0.051019 0.1052 0 0 0 0 0.07275 0.031341 0.078097 0.067649 0.17037 0.025403 0.35489 0.64692 -0.023469 -0.01235 0.079405 0.05678 0.00024513 0.00014595 0.00026707 0.00017035 0.030183 0.036159 0.063606 0.061222 -0.010935 0.054954 0.058189 0.098578 -0.0016644 -0.00080325 0.0016661 0.00093046
0.00013952 -2.0371e-05 0.00015997 3.2668e-05 0.030975 -0.011572 0.031192 0.013251 0.0040496 0.019801 0.023944 0.11992 -0.0072947 0.0033911 0.0072947 0.005909 0.000258 -8.6559e-05 0.000258 0.000258 0.015616 -0.0031973 0.017471 0.0068692 0.20872 -0.21344 0.47996 0.39643 -0.01272 -0.011274 0.071558 0.056484 0 0 0 0 0.04881 0.0010425 0.050247 0.033029 0.22966 0.14938 0.31235 0.54545 -0.017986 0.02096 0.033043 0.10955 0 0 0 0 0.00046956 -0.00029467 0.00081744 0.00089868 0.0349 0.030373 0.041872 0.047933 -0.0036227 -0.0032599 0.0039114 0.012985
-0.00039292 -3.6148e-05 0.00040434 5.5276e-05 0.00072561 -0.00053661 0.00072561 0.00062868 0.024041 0.0055289 0.074358 0.069452 -0.00016397 1.5929e-05 0.00024973 0.00013112 -0.0025649 0.00012323 0.0025649 0.00018673 0 0 0 0 0.17713 0.0083434 0.5191 0.43763 -0.00075607 1.3793e-05 0.0007737 0.00017353 -0.0022229 -0.00020277 0.0022405 0.00043999 0.00082792 0.00034711 0.00082792 0.00034711 0.17417 -0.0092932 0.51699 0.43845 -0.00058522 7.2972e-05 0.00070493 0.001063 -0.00019021 -3.353e-06 0.00023237 3.9336e-05 0.0013986 0.0021762 0.0023932 0.0031408 0.019824 -0.010609 0.057453 0.053088 -0.00016134 -1.8514e-05 0.00018775 2.2801e-05
0.0048279 0.0017733 0.0066195 0.0025668 0.019371 0.031248 0.022971 0.031368 0.0012068 0.0041007 0.015748 0.01897 0.00092896 -0.00064592 0.004169 0.0038985 0.0079521 0.0058231 0.021729 0.024859 -0.048225 -0.17626 0.18489 0.22433 0.090432 -0.04751 0.23755 0.21726 0.0055707 -0.013024 0.011151 0.017487 -0.0059019 -0.0047039 0.011645 0.015629 -0.10742 0.075238 0.2656 0.335 0.13931 -0.015186 0.44054 0.5892 -0.0012032 -0.0028332 0.011888 0.016998 0.00055465 -0.0012473 0.00072851 0.0012473 0.00073756 -0.0040691 0.0084904 0.0055178 0.0066546 -0.01251 0.017947 0.015808 -0.0016465 -0.00050931 0.0022938 0.001899
0.0078069 0.0025846 0.014495 0.0048279 0.020221 0.0019831 0.071742 0.036623 -0.010934 -0.010512 0.081806 0.093972 -0.0027433 0.002703 0.0029084 0.0028102 -0.0049091 -0.019309 0.024362 0.020431 0.11173 -0.12502 0.39501 0.25392 0.022673 -0.1591 0.70234 0.39741 0.070859 0.012002 0.121 0.055768 0.00016367 -0.00016367 0.00016367 0.00016367 -0.00098196 -0.019048 0.017547 0.019048 0.022716 -0.063608 0.056237 0.073524 0.049404 -0.032188 0.07552 0.060633 0 0 0 0 0 0 0 0 9.4339e-05 -0.00022502 9.4339e-05 0.00022502 0.00014369 -0.00042346 0.00016787 0.00042346
0.0013755 -0.00029996 0.0034499 0.0018264 0.0036796 -0.02079 0.042829 0.032595 0.038374 -0.0097667 0.041051 0.0255 -0.0022999 3.6699e-05 0.0030322 0.0026089 0.029024 -0.00049077 0.054149 0.02052 -0.065366 -0.16479 0.24639 0.26555 0.16107 -0.1915 0.36611 0.36445 0.014865 -0.017744 0.025937 0.022771 -0.0027584 0.0062622 0.050911 0.050864 -0.24257 0.070847 0.31146 0.21842 0.30415 0.043021 0.36402 0.21199 0.0032676 -0.0064173 0.012704 0.0211 0.0041223 0.0017302 0.0058282 0.0041584 -0.023023 -0.0077614 0.040167 0.02393 0.03071 -0.0050677 0.061946 0.027069 0.00061117 0.00021302 0.0025811 0.0021574
0.0048395 0.00029022 0.0098049 0.013245 -0.013982 0.013147 0.099991 0.041494 -0.0018259 0.038576 0.074306 0.067817 -0.0075839 0.0050307 0.0076062 0.0051286 0.0057063 -0.019536 0.0062924 0.019536 0.10548 -0.23393 0.23269 0.39061 0.042208 -0.055287 0.56327 0.45994 -0.0026838 0.025446 0.068012 0.070608 0.00018891 -0.00062989 0.00018891 0.00062989 0.0052181 -0.0057442 0.0064066 0.011234 0.10865 -0.17667 0.25733 0.18155 0.032905 -0.026954 0.094018 0.073746 0 0 0 0 0 0 0 0 0.00026634 -0.00045758 0.00026634 0.00058696 6.6071e-05 -0.00011987 0.00010513 0.00015085
0.00097097 -0.00073812 0.0028871 0.0027319 0.026723 -0.026119 0.048797 0.028618 -0.0081529 -0.042405 0.054685 0.065268 0.0061289 0.0007712 0.006225 0.0033562 -0.017672 -0.016691 0.037836 0.033421 0.2384 0.15368 0.37901 0.24773 -0.057298 0.064829 0.33116 0.31149 0.012251 0.0015741 0.014695 0.013851 0.0094522 0.0012711 0.024427 0.026392 0.23051 -0.063781 0.40481 0.24384 -0.1147 -0.10182 0.37896 0.16783 0.0084714 -0.011529 0.020656 0.016795 0.00072049 0.0010427 0.0035077 0.0024498 -0.00024937 -0.018377 0.047321 0.031437 0.012126 0.0069275 0.023752 0.016112 -0.00034952 0.0049874 0.0047629 0.0068598
-0.0088886 0.00030578 0.0089515 0.00042375 5.5899e-05 0.0005594 0.00032703 0.00071177 0.026472 0.0002182 0.088252 0.033638 3.5334e-05 -0.00023396 0.00018362 0.00029899 -0.066027 0.0015987 0.066027 0.0030671 0.0061018 -0.0044328 0.012218 0.011702 0.15806 -0.078598 0.52795 0.39494 0.00016157 -6.1411e-05 0.00016157 0.00044866 -0.070583 0.001411 0.070583 0.0020158 -0.0024229 0 0.0024229 0 0.18072 0.064299 0.65718 0.14879 -0.0001486 -5.0639e-05 0.00055301 0.00055301 -0.0087212 -0.0020117 0.0087212 0.0020158 -0.0001094 5.1837e-05 0.00020336 0.00021941 0.025811 0.0067698 0.10747 0.045273 6.3774e-06 6.9279e-06 6.3774e-06 1.7709e-05
0 0 0 0 0.024228 -0.012922 0.043104 0.071058 -0.024353 -0.014248 0.026423 0.073169 0 0 0 0 0 0 0 0 0.24117 -0.0049631 0.3392 0.28678 -0.23861 -0.095778 0.23861 0.40012 0 0 0 0 0 0 0 0 0.24009 0.0013703 0.35856 0.18461 -0.23657 0.096904 0.25437 0.2947 0 0 0 0 0 0 0 0 0.019599 0.032103 0.039957 0.049978 -0.026985 0.0074552 0.033543 0.047348 0 0 0 0
0.00029012 0.0004966 0.0018048 0.0040283 0.011791 0.0056967 0.018366 0.032187 -0.0099779 0.025549 0.040398 0.03952 0.00087028 0.00028574 0.0016609 0.0050419 0.0087452 0.024573 0.018592 0.043108 -0.069332 -0.11657 0.19329 0.26508 0.16878 -0.10906 0.34624 0.50549 -0.014951 0.058514 0.043642 0.10302 5.1873e-05 -0.031543 0.01399 0.046427 -0.08785 0.12757 0.24275 0.30135 0.22981 0.094403 0.2908 0.31595 0.00049876 -0.010415 0.016713 0.03405 0.00049407 0.00098411 0.0040139 0.0022812 0.017491 -0.0044584 0.030928 0.022078 0.015489 0.0084652 0.063053 0.052496 0.00034259 -0.0034237 0.0025694 0.0040004
0.001686 -8.9797e-05 0.0077216 0.0018036 0.059551 0.013206 0.074508 0.01677 0.027001 0.0043921 0.028786 0.010781 0.0016824 0.00097349 0.0017401 0.0011638 -0.021123 -0.0016816 0.058063 0.028916 0.46359 0.041105 0.47523 0.047378 0.12994 -0.0040441 0.1541 0.071482 0.010137 -0.0011847 0.010711 0.0043585 -0.015653 -0.010645 0.033529 0.015834 0.46324 -0.031536 0.46324 0.03263 0.14328 -0.022419 0.15925 0.061361 0.013984 0.0076399 0.014204 0.0083783 0 0 0 0 0.058426 -0.015107 0.058426 0.015107 0.033319 -0.0086302 0.033319 0.0097258 0.0014749 -0.00064857 0.0017736 0.00075
0 0 0 0 0.0011745 0.00031391 0.0011745 0.00031391 0.027606 0.013111 0.04654 0.041585 -0.0010029 0.0010575 0.0047417 0.012677 0 0 0 0 0.015294 0.0024063 0.015294 0.010313 0.27476 -0.081151 0.33488 0.62102 -0.055053 0.0012918 0.063032 0.053112 0 0 0 0 0.073467 0.019224 0.07395 0.035508 0.19666 0.19801 0.38589 0.37359 -0.078093 -0.023692 0.078169 0.025733 0 0 0 0 0.0056323 -0.0063555 0.0058326 0.0064907 0.0073578 -0.07614 0.023544 0.0763 -0.0016642 -0.00143 0.0017221 0.0015947
0.0044718 -0.00093363 0.0089836 0.004142 -0.018531 0.014593 0.030881 0.019266 -0.0013787 0.0022478 0.0027799 0.0025777 -7.2632e-05 0.00051509 0.00036837 0.00052436 0.070322 0.0090673 0.071414 0.0098411 0.10436 -0.023973 0.39828 0.24832 -0.14992 0.1231 0.4953 0.15853 -0.003018 0.030875 0.026117 0.076714 0.026434 -0.015738 0.028624 0.026028 0.050674 -0.11013 0.36687 0.14578 0.00034121 -0.14327 0.42184 0.24617 -0.0028888 -0.031371 0.021189 0.082859 5.2519e-05 -0.00044703 0.00020476 0.00044703 0.00033634 -0.0010062 0.0019313 0.0021227 -5.1593e-05 -0.00090078 0.0013488 0.0017915 1.6113e-05 -0.00022607 0.00026364 0.00033896
0.00032268 -0.00085357 0.0051174 0.0076189 0.0030036 -0.010844 0.071984 0.044579 0.014812 0.015962 0.068681 0.05217 -0.0021826 0.00010354 0.0022248 0.0010526 0.021832 -0.015014 0.036829 0.027178 0.14876 -0.047564 0.46697 0.31013 0.13251 -0.097457 0.29106 0.30167 -0.011211 -0.0077165 0.013303 0.017716 -0.0094403 0.0092337 0.040931 0.035664 0.18404 -0.040683 0.29033 0.35943 0.10156 0.050632 0.24614 0.3212 -0.0051233 -0.01002 0.019236 0.042172 -0.00085299 0.0040373 0.0066183 0.0063291 0.035751 0.019346 0.051569 0.035892 -0.00051758 -0.020848 0.027167 0.042507 -0.00352 0.0010036 0.0053429 0.0070526
0.00091173 0.0010508 0.0017534 0.0019615 0.010761 0.0023878 0.018608 0.043425 -0.0053257 0.0068475 0.036018 0.049786 -0.0012227 0.0024745 0.0029911 0.0049787 -0.0035261 0.0044184 0.022255 0.060087 -0.031776 -0.045073 0.18637 0.2378 0.083903 0.0010508 0.27405 0.43649 -0.021699 0.024122 0.037196 0.047712 0.0098762 -0.015289 0.013398 0.025148 -0.078969 0.09313 0.29438 0.24646 0.23654 0.050348 0.35733 0.50394 -0.008787 0.019552 0.029568 0.097725 0.0013146 0.0034732 0.0032589 0.0041146 0.016146 0.0020244 0.019434 0.026572 0.016398 0.003976 0.032288 0.026398 -0.0014326 -0.0018412 0.0032107 0.0021531
-0.0011841 -0.0029089 0.0024666 0.0030699 -0.0077474 -0.0075418 0.021043 0.024059 0.041129 -0.01691 0.044817 0.027392 -0.0023509 -0.0025201 0.0049442 0.0035496 0.0012863 -0.0058901 0.014262 0.01585 0.20377 0.085766 0.2831 0.17062 -0.12848 0.075915 0.53777 0.35434 0.02245 -0.022332 0.071755 0.054267 -0.0048951 -0.0040601 0.01307 0.018108 0.232 -0.061487 0.23366 0.11473 -0.084382 0.062917 0.40631 0.27914 0.0021458 0.018829 0.036456 0.070715 0.001187 -0.00072574 0.001399 0.0013563 0.016668 -0.0027819 0.020951 0.014377 0.026726 -0.0021441 0.029431 0.009424 0.0020514 -0.00027787 0.003232 0.0015572
0.00086791 -0.0022706 0.0039758 0.0041635 0.032218 -0.036167 0.038039 0.047496 0.0081212 -0.037495 0.033452 0.043984 -0.0027396 -9.1492e-05 0.0048783 0.0026047 -0.022415 0.022246 0.029392 0.032851 0.17632 0.12256 0.32807 0.34411 0.1057 0.21799 0.23463 0.45024 -0.0077663 -0.022181 0.024415 0.04292 -0.0020843 0.0057804 0.0082045 0.021346 0.20103 0.078288 0.42776 0.26824 0.030409 -0.0547 0.22651 0.18221 -0.02394 0.0014434 0.040496 0.021777 0.0022734 0.0026541 0.0023679 0.003037 -9.7404e-05 0.0099555 0.012863 0.015864 -0.01077 -0.0055522 0.016676 0.026103 -0.0010045 0.00012722 0.00259 0.0012865
0.020622 0.008246 0.020622 0.008246 0.059906 0.014623 0.059979 0.029258 0.021701 0.025105 0.034108 0.025396 0.00036394 0.0011793 0.00164 0.0015376 0.10491 0.032301 0.10491 0.032301 0.48359 0.14232 0.48912 0.21304 -0.08578 -0.02091 0.2147 0.11917 -0.00030753 -0.0050741 0.036337 0.020199 0.082019 0.006314 0.082019 0.010158 0.30529 -0.16154 0.32627 0.18887 0.010366 -0.1529 0.15694 0.16759 0.016431 0.0053814 0.027506 0.017036 0.0087206 -0.00062514 0.0087206 0.00083825 0.0262 -0.0069075 0.0262 0.0082838 0.015087 -0.0063929 0.021587 0.013205 0.0036466 -0.0014844 0.0036554 0.0025114
0.0010732 0.0036133 0.0023368 0.0046586 0.033796 0.02396 0.040639 0.038166 -0.0085986 -0.011189 0.049956 0.038938 -0.0033647 -5.4187e-05 0.0035124 0.0014906 0.019752 -0.019569 0.02616 0.028523 0.23005 0.02933 0.47153 0.4068 -0.060687 0.085975 0.29699 0.21843 -0.024794 0.0016016 0.025246 0.011804 -0.0058334 0.0082968 0.017531 0.021087 0.28864 -0.032662 0.3804 0.34605 -0.079353 -0.08731 0.10069 0.14029 -0.012685 -0.007137 0.013334 0.012672 0.0033329 0.0044336 0.0067697 0.0071191 -0.0069931 -0.0056625 0.030183 0.026524 -0.002663 -0.021683 0.020235 0.043507 -0.0038575 -0.0033811 0.0038845 0.0033976
-0.0054264 0.0041644 0.0078178 0.0051798 -0.0047244 0.035329 0.024185 0.035355 -0.0016269 0.0021103 0.0021274 0.0021603 4.8349e-05 3.1135e-06 0.00011543 3.8157e-05 0.014001 0.0043584 0.080535 0.035981 0.14063 -0.033452 0.46707 0.27491 -0.16435 0.11737 0.43015 0.21731 -0.011701 0.017381 0.028424 0.047001 0.017279 -0.028198 0.022008 0.028301 0.029167 -0.1169 0.32109 0.21313 0.080349 -0.11857 0.39735 0.21957 0.0004194 -0.0083634 0.041215 0.06143 2.7377e-05 -2.7377e-05 2.7377e-05 2.7377e-05 0.00050468 -0.0018181 0.001098 0.0018181 0.0013227 -0.0031328 0.0019428 0.0039252 0.0008936 -0.001475 0.0016143 0.0015741
-0.0048874 -0.00071261 0.013713 0.0056305 0.025769 -0.010424 0.051962 0.063529 -0.020651 -0.0024347 0.022427 0.014143 -0.0017907 -0.00097009 0.0026163 0.0017953 0.016417 -0.022388 0.065941 0.029309 0.25899 -0.064711 0.41863 0.37972 -0.11997 0.031874 0.26002 0.26058 0.0035906 0.0057046 0.02647 0.014359 0.010823 0.015762 0.027546 0.046984 0.29175 -0.041628 0.42228 0.22968 -0.078093 -0.069992 0.23738 0.19874 0.00014581 -0.00040775 0.039051 0.028214 0.0067567 0.0006329 0.0098039 0.0060268 0.029614 -0.028446 0.066969 0.037965 -0.016238 -0.025784 0.04653 0.034825 -0.0021797 -0.0013091 0.002732 0.0034178
0 0 0 0 0.00014945 0.00014945 0.00014945 0.00014945 0.0015532 0.0057856 0.0057758 0.0064502 0.00048893 -0.00095763 0.00086915 0.001044 0 0 0 0 0.012039 0.0025098 0.014409 0.010051 0.22472 0.12014 0.29045 0.39047 -0.00049509 0.042719 0.035899 0.10635 0.00032479 0.00020547 0.00032479 0.00020547 0.084226 0.059006 0.093424 0.088341 0.20815 0.025786 0.3931 0.64964 -0.025171 -0.018028 0.064673 0.094476 0.0005472 0.0001367 0.0005472 0.00019463 0.027562 0.019285 0.057828 0.055609 -0.016687 0.018278 0.098924 0.056327 0.0023607 -0.01288 0.0066938 0.012896
0 0 0 0 0.059007 0.013743 0.059007 0.013743 0.028395 0.015831 0.028395 0.017692 0.0013152 0.0021179 0.0014217 0.0021307 0 0 0 0 0.46225 0.043993 0.46225 0.043993 0.17087 0.016828 0.18124 0.058932 0.019091 0.0081289 0.020986 0.0081436 0 0 0 0 0.4605 -0.014303 0.4605 0.021647 0.14382 -0.047769 0.1537 0.10045 0.030802 -0.0020454 0.036511 0.0090419 0 0 0 0 0.058134 -0.0092356 0.058134 0.0092356 0.024133 -0.012998 0.025953 0.01516 0.0055491 -0.001696 0.0061193 0.0022041
0.0014903 3.5223e-05 0.0022695 0.0014371 -0.0034203 -0.0087191 0.014156 0.020202 0.019167 0.022716 0.023052 0.027913 0.0036337 0.0036931 0.0040646 0.0039673 0.015934 0.0087076 0.024039 0.018841 -0.14815 0.021607 0.32842 0.20966 0.35565 -0.024465 0.3905 0.1797 0.012053 -3.6621e-05 0.015355 0.021653 0.028489 0.0086671 0.028489 0.011934 -0.10865 0.053239 0.34454 0.22968 0.1753 -0.045931 0.34676 0.39243 0.02886 -0.01939 0.029927 0.023695 0.0036011 0.0018523 0.0038479 0.0019659 -0.0020402 0.035948 0.020142 0.041199 -0.020635 0.048892 0.047567 0.050585 0.0028964 0.00081607 0.0054113 0.0043372
0.0013775 0.0060075 0.0028684 0.0060075 -0.0018447 0.010236 0.01546 0.039808 -0.023454 0.008003 0.035431 0.036137 0.00050591 -0.0025351 0.0012073 0.0036516 -0.04063 -0.037877 0.053562 0.070778 0.14057 -0.17068 0.42844 0.3756 -0.1057 0.08661 0.1953 0.27445 0.0011369 0.0050287 0.009714 0.018608 -0.014089 -0.038511 0.030331 0.047631 0.21974 -0.094613 0.3199 0.40851 0.11453 -0.077758 0.20834 0.28175 0.014268 0.021034 0.015563 0.028768 0.0063226 0.0035044 0.0092589 0.0040992 0.0048108 0.0087545 0.018913 0.024852 0.021899 -0.010282 0.024158 0.01666 0.0016561 0.001526 0.0024026 0.0028527
-0.0027044 0.00055392 0.0027325 0.0010502 0.035951 0.011201 0.042729 0.012789 -0.018899 0.0079985 0.032584 0.010676 -0.009376 0.00018213 0.009376 0.00059773 -0.028095 0.0092785 0.029451 0.014447 0.40913 0.058925 0.45692 0.11371 -0.2861 0.027994 0.3417 0.10582 -0.047604 0.0065574 0.047604 0.0099264 -0.028328 0.0080948 0.031692 0.019465 0.25619 0.029154 0.36632 0.22325 -0.1965 -0.04696 0.28211 0.070168 -0.040532 -0.0001876 0.045648 0.0086416 -0.0026939 0.00053692 0.0031688 0.0013187 -0.0039998 -0.016281 0.020576 0.019032 -0.01092 -0.020131 0.028647 0.024496 -0.0064997 4.6939e-05 0.0065322 0.001244
-0.00078044 -0.00121 0.0017183 0.0014384 0.0067079 -0.0032639 0.021382 0.013493 -0.004901 -0.013267 0.014358 0.024377 0.0039719 0.0017931 0.0040754 0.0037597 -0.017555 -0.0055244 0.024 0.029953 -0.027529 -0.16791 0.16103 0.46554 0.15436 0.025954 0.295 0.47589 0.013894 0.025808 0.031269 0.049191 -0.031076 0.011383 0.042444 0.0198 -0.035331 0.15388 0.10371 0.24751 0.3195 0.14057 0.35016 0.17467 -0.0057365 0.002532 0.023639 0.016199 -0.0051175 0.0011183 0.0057909 0.0051184 0.0054529 -0.0075844 0.025444 0.036242 0.043188 -0.008307 0.045031 0.019484 -0.0034871 0.0006885 0.0045327 0.0032982
-0.0017287 -0.00051736 0.0017449 0.00052599 0.0019599 -0.00074904 0.0024063 0.0016277 0.02099 0.037396 0.040336 0.070396 -0.0047866 -0.0032356 0.0048111 0.0059781 -0.0022393 -0.00092184 0.0023437 0.00096689 0.00096899 -0.00096899 0.00096899 0.00096899 0.26469 -0.19529 0.49323 0.32301 -0.041765 -0.0056175 0.042082 0.017592 -0.00019769 -5.5158e-05 0.00044859 0.00013298 0.039959 0.017317 0.039959 0.019182 0.087472 0.20129 0.53808 0.42141 0.00023423 -6.2287e-05 0.00088677 0.00093786 7.5445e-06 1.5463e-05 9.3301e-06 1.5463e-05 0.046392 0.009786 0.046428 0.016876 -0.029057 -0.0027717 0.062154 0.056718 0.00017765 -0.00010869 0.0001917 0.00026105
