0.0014463 -0.0062619 0.0046617 0.0070612 0.031193 -0.0090331 0.051942 0.049027 0.01017 -0.015819 0.040465 0.051754 -0.0023043 0.0031527 0.0042702 0.0045769 -0.0021382 0.0079053 0.037016 0.025035 0.19294 0.060777 0.42021 0.15991 0.10553 0.012124 0.48098 0.23159 -0.025857 -0.0049497 0.032345 0.026778 -0.0048372 0.0091968 0.0123 0.018977 0.047583 -0.057195 0.21658 0.2397 0.055044 -0.21828 0.36895 0.3774 -0.0021301 -0.016942 0.024377 0.028544 -0.0039514 -0.0017047 0.0045405 0.0028806 0.0022562 -0.018875 0.020376 0.038798 0.0092231 0.0085619 0.023716 0.025602 0.0015833 -0.00065423 0.0024027 0.0019576
-0.00042556 0.0022739 0.0030874 0.0058943 -0.0086966 -0.011114 0.05765 0.030428 0.013394 -0.0046971 0.055217 0.015702 0.0032452 -0.00032375 0.0036572 0.0023356 -0.0029287 -0.017447 0.028274 0.024038 0.21606 0.0023782 0.40292 0.26087 -0.17682 0.043488 0.44861 0.13203 0.026384 -0.0081852 0.029065 0.014041 -0.0071105 0.016878 0.02323 0.025447 0.17304 -0.071344 0.2881 0.26789 -0.13948 -0.16362 0.39855 0.24334 0.027713 0.00013193 0.033986 0.016074 -0.0038941 -0.0029661 0.0053931 0.0066044 -0.017446 -0.0056293 0.01958 0.0076526 0.018186 0.0054393 0.019561 0.0079035 0.006016 0.00076138 0.0061943 0.0026408
-0.0014831 0.0028433 0.0031075 0.0040397 0.029028 0.032519 0.068091 0.041821 0.017851 -2.2071e-05 0.083036 0.02879 -0.0046237 0.0031831 0.0060198 0.0039759 -0.0090466 -0.0076758 0.028755 0.016501 0.058979 -0.18375 0.24665 0.32518 0.20733 -0.17255 0.58142 0.25572 -0.020918 -0.015131 0.032772 0.022396 -0.018001 0.0031824 0.033963 0.047872 -0.0020266 0.05835 0.23805 0.27209 0.23467 0.096496 0.24355 0.17975 -0.0082932 -0.0047869 0.033798 0.025963 -0.0061469 -0.0035805 0.007885 0.0076432 0.027061 0.021818 0.03111 0.025535 -0.0067587 -0.0144 0.017329 0.025586 -0.00035005 -0.0034932 0.0034039 0.0039642
0.00099189 -0.0019935 0.0019484 0.0030725 0.014059 0.0091239 0.01514 0.018142 -0.0039842 0.016209 0.023143 0.025656 0.0036395 0.012538 0.0046574 0.01256 0.003267 -0.0072726 0.01038 0.011242 0.29293 0.027969 0.31087 0.15084 0.035741 0.13015 0.49671 0.20012 -0.0063309 -0.011587 0.03798 0.032914 -0.0063951 0.015782 0.0080552 0.015891 0.30788 -0.087199 0.31081 0.14917 0.036239 -0.1526 0.39539 0.25741 -0.0071143 -0.0030084 0.051577 0.064354 -0.00010851 -0.0013211 0.0043879 0.010042 0.012364 0.035182 0.030837 0.049384 0.0084136 0.010138 0.039167 0.025588 -0.0018296 -0.00062689 0.010646 0.0074115
-0.0019668 -0.0020734 0.0050176 0.0054794 0.053459 -0.0092878 0.060563 0.030727 -0.042419 0.013053 0.049448 0.023879 0.0027071 -0.0009179 0.0029212 0.0011966 0.043352 -0.005761 0.054543 0.02561 0.065918 -0.1106 0.23893 0.26949 0.1832 -0.025695 0.31003 0.23637 -0.032483 0.017956 0.040494 0.02261 0.064529 0.024925 0.07668 0.034843 -0.1925 0.067582 0.50338 0.11553 0.35487 0.010234 0.41262 0.11723 -0.021365 -0.0083694 0.029005 0.028098 0.0010066 -0.0043854 0.0044635 0.0067775 0.0041078 -0.044831 0.053439 0.058254 0.034236 -0.0085121 0.056926 0.022366 -0.00019714 0.00063084 0.0039224 0.002457
-0.0019159 -0.0037522 0.0026174 0.0046127 0.027543 -0.051218 0.058142 0.059729 0.020814 -0.057533 0.052287 0.09156 -0.002886 -0.0041774 0.0043911 0.0050953 0.0096619 0.0063087 0.016606 0.045014 -0.015579 0.00096765 0.26751 0.36654 0.17171 -0.10934 0.37992 0.25692 0.037062 0.0093054 0.043375 0.030611 -0.011068 -0.0073514 0.013116 0.019219 0.026978 0.043646 0.37868 0.25882 0.27303 0.17969 0.33491 0.25665 0.019544 0.006582 0.041868 0.031872 -0.00015195 0.0043235 0.0039132 0.004468 0.0049761 0.015904 0.046471 0.025388 0.015632 -0.040979 0.025345 0.049743 1.8174e-06 -0.0036948 0.0034522 0.0061733
-0.0060747 0.004636 0.0066867 0.0051753 0.011483 -0.0042618 0.04191 0.030034 -0.018773 0.0044428 0.018773 0.0079863 -0.00050411 -0.0001619 0.0015522 0.00096599 -0.011836 -0.025124 0.024802 0.02829 0.30588 0.070109 0.36881 0.16921 -0.32049 0.19479 0.32049 0.2079 -0.010671 -0.0019298 0.011211 0.0073843 -0.012973 0.017612 0.016948 0.028174 0.29176 -0.10047 0.35128 0.16129 -0.25007 -0.14978 0.25007 0.21612 -0.014588 0.001541 0.015259 0.0071403 0.0023004 -0.0023039 0.0027124 0.0029517 0.0083625 -0.016723 0.03432 0.023048 -0.0065979 -0.010831 0.025702 0.015272 -0.0023873 0.0001016 0.0024167 0.0012493
0.0013202 0.001594 0.0040476 0.0035802 -0.003795 -0.0016805 0.05521 0.020292 -0.0018494 0.018377 0.015068 0.018877 4.2623e-05 0.003258 0.0036318 0.0040947 -0.014173 0.00097784 0.038229 0.039687 0.23555 0.085237 0.41708 0.2421 -0.09292 0.25751 0.1882 0.29853 0.0098716 0.013979 0.038517 0.021206 -0.021581 -0.0066579 0.030621 0.024126 0.2736 -0.12733 0.45716 0.20381 0.022497 -0.14477 0.24618 0.24441 -0.016508 -0.001341 0.027236 0.021463 -0.0021607 -0.001316 0.0033789 0.0021137 0.021272 0.0089633 0.053386 0.022992 0.021072 0.015737 0.051282 0.032427 -0.0023374 5.6809e-05 0.0036131 0.0046217
0.0093241 0.0026801 0.0093576 0.0027306 -0.032931 -0.015005 0.056848 0.044714 0.012282 0.0014676 0.034217 0.01385 -0.00093709 -0.0017724 0.0046439 0.0033077 0.0049179 -0.011775 0.040953 0.034423 0.23694 0.086207 0.44511 0.1617 -0.25211 0.26006 0.39347 0.3154 -0.0043103 -0.012428 0.038902 0.032354 0.0016845 -0.0096485 0.030015 0.021612 0.19987 -0.022525 0.26287 0.20904 -0.13187 -0.14008 0.21051 0.25547 -0.035404 0.013459 0.039277 0.022944 -0.0010626 -0.0015525 0.0033382 0.0036668 0.011292 -0.04268 0.020578 0.055623 0.01684 -0.016346 0.024345 0.032481 -0.0036908 0.0049956 0.005711 0.0070069
0.0032237 0.00079923 0.0041734 0.0022712 -0.0012024 0.026915 0.013183 0.037013 -0.00088244 0.017166 0.0171 0.03796 0.0014021 0.0043223 0.0057512 0.0076899 0.016193 0.0011926 0.023449 0.020809 0.21881 0.16657 0.25758 0.26067 -0.13921 0.31605 0.2057 0.40963 -0.025847 -0.01091 0.037526 0.046267 0.020082 -0.011096 0.026769 0.021718 0.31081 -0.12726 0.31081 0.21761 -0.17565 -0.17034 0.23479 0.25642 -0.0261 0.027127 0.049362 0.037724 -0.0017705 0.0026962 0.003712 0.0065305 0.01636 -0.020225 0.039719 0.024718 0.018964 -0.011281 0.04479 0.027209 -0.00065918 0.00024945 0.0025955 0.0027576
-0.0016671 -0.0022671 0.0024948 0.0032702 0.0051769 0.020425 0.020464 0.039928 -0.0075533 0.024076 0.034293 0.05581 -0.0039702 0.0061268 0.0054229 0.0061672 0.014643 0.0029607 0.024303 0.019136 0.22058 0.19743 0.26064 0.21751 -0.15881 0.32235 0.20183 0.34709 0.0039426 0.012513 0.022319 0.027714 0.0012193 0.0010005 0.025744 0.018858 0.34209 -0.13908 0.35605 0.18387 -0.21453 -0.15442 0.25292 0.23118 -0.0050425 0.012627 0.014429 0.074506 -0.0024865 0.002843 0.0024865 0.002843 0.023675 -0.014564 0.031405 0.021647 0.018588 0.016482 0.042737 0.026534 -0.0028247 0.00055895 0.0034555 0.0038078
-0.00095796 -0.0024488 0.0069299 0.0081766 0.0047741 -0.01057 0.023107 0.033408 -0.026254 -0.012029 0.045122 0.047377 0.0025213 0.0004231 0.0031691 0.0026081 -0.026296 0.016237 0.034397 0.029779 0.31497 0.15401 0.32811 0.20794 -0.1921 0.31883 0.2168 0.37038 0.01033 0.0081302 0.019621 0.053547 -0.014552 0.0027198 0.019302 0.027585 0.30913 -0.11465 0.34533 0.15767 -0.084979 -0.047915 0.22254 0.25212 -0.018546 0.026943 0.024369 0.045622 -0.00030972 0.0032881 0.0061541 0.0064557 0.0014919 0.02256 0.032149 0.02831 0.030444 -0.011641 0.066347 0.038371 -0.0027409 -0.00057201 0.005754 0.0021721
-7.8709e-06 0.0033592 0.0037759 0.0050043 -0.011293 -0.024259 0.020795 0.034187 -0.0062595 -0.00081073 0.022515 0.01118 0.0012137 -0.00073174 0.0035616 0.0018644 -0.024373 0.0018834 0.02821 0.026479 0.15347 0.091643 0.33162 0.20746 -0.025607 0.21963 0.31095 0.31369 -0.027023 0.030165 0.029919 0.036498 -0.035311 0.0098634 0.037159 0.011238 0.2928 -0.058478 0.4359 0.20086 -0.16838 -0.067527 0.30981 0.31867 -0.011689 -0.028061 0.031603 0.04008 -0.0034146 -0.00064078 0.0043356 0.0016952 0.016224 0.02986 0.031838 0.036512 -0.011167 0.0017352 0.032138 0.028754 -0.0090425 -0.0020553 0.0098837 0.0025351
0.00016381 -2.7587e-06 0.0041662 0.0026214 0.0088375 -0.0089347 0.028016 0.023168 0.011269 0.0008283 0.064085 0.014988 -0.0073253 0.0019342 0.0079439 0.002765 -0.033402 0.0029386 0.033585 0.012862 0.32375 0.036301 0.33535 0.089432 -0.13343 0.086039 0.54558 0.22597 -0.049399 0.023655 0.057179 0.052096 -0.0010615 0.0040414 0.022723 0.0084566 0.22447 -0.061316 0.26372 0.11763 -0.082807 -0.10257 0.43677 0.17931 -0.0014802 -0.001569 0.022675 0.043425 5.392e-05 0.00031946 0.0015747 0.0015231 0.0048227 0.0039691 0.0085839 0.011606 -0.00070722 -0.013554 0.01965 0.017405 0.0024617 -0.001201 0.0036817 0.0030948
-0.00010472 0.0014781 0.0019246 0.0052722 -0.016685 0.020102 0.018561 0.042276 0.011008 0.027949 0.020968 0.048499 0.0018262 0.0018164 0.0034423 0.0025748 0.0053573 0.004509 0.013276 0.013418 0.081513 -0.097698 0.48906 0.31538 -0.028118 0.016559 0.13948 0.295 0.0091318 0.0023456 0.024013 0.016887 -0.0078165 -0.0078572 0.015403 0.010127 0.053321 0.071445 0.45604 0.32661 -0.00044923 -0.082061 0.28617 0.32358 0.0069302 7.2933e-05 0.032973 0.013867 -0.00673 -0.00063891 0.0078133 0.0028126 0.021275 -0.038519 0.035271 0.074287 0.0023817 0.0041396 0.022528 0.051162 -0.0015809 0.00054644 0.0017772 0.0031064
-0.0019504 -0.0010859 0.0019859 0.001478 -0.03041 0.027596 0.034998 0.031543 0.00075542 0.024073 0.026086 0.02472 0.00068453 -0.00064932 0.0032539 0.0031781 -0.01031 -0.022048 0.024249 0.041123 0.05896 -0.2216 0.12377 0.28952 0.13631 0.048942 0.33735 0.20009 -0.0030419 0.034219 0.016901 0.041882 -0.059564 0.05998 0.066906 0.086187 -0.091978 0.33087 0.30292 0.4501 0.13137 0.0015895 0.28826 0.30821 0.0066243 -0.032953 0.017007 0.042483 -0.0013549 -0.0086139 0.001748 0.017258 0.025535 0.041904 0.041758 0.057913 0.004615 0.10114 0.027837 0.1109 -0.0088058 0.011725 0.0089317 0.012096
0.00015856 0.00036248 0.00022601 0.00036859 -0.0011033 0.018451 0.013312 0.018473 0.024387 0.0050404 0.041475 0.015226 0.003912 0.0025263 0.0040282 0.0051208 0.0082081 0.012641 0.013987 0.014149 -0.19632 -0.071888 0.32328 0.21237 0.34004 0.076687 0.41077 0.14103 -0.009258 -0.012858 0.017966 0.027298 0.010222 -0.028976 0.016366 0.03003 -0.04807 0.17463 0.31259 0.29275 0.17755 -0.026952 0.42949 0.22023 -0.0088933 0.015958 0.02921 0.034696 0.00047206 -0.00059086 0.0013796 0.00070659 0.025655 -0.0033177 0.032664 0.015941 -0.021927 0.008889 0.038942 0.027949 0.0068899 -0.0084764 0.0072502 0.012169
0.00078783 0.00065341 0.00099547 0.00090738 0.022027 0.024596 0.022743 0.029118 0.010426 -0.0070744 0.018339 0.016714 -0.0020822 0.0013345 0.0049646 0.0034441 0.021995 0.013854 0.022761 0.023783 0.17984 0.073764 0.3925 0.28904 -0.094846 0.037393 0.15722 0.24149 0.0055686 -0.011101 0.01504 0.020854 -0.0084769 -0.0042754 0.025265 0.027599 0.3302 0.0091398 0.4648 0.16548 -0.23956 0.013067 0.35967 0.27266 -0.0084572 0.0011428 0.013819 0.014014 0.00025403 -0.00028783 0.0022174 0.0026508 -0.0017085 -0.0082559 0.052493 0.038236 0.0031367 -0.020254 0.057466 0.039423 0.0002983 0.00013471 0.0010629 0.0030308
0.0012134 -0.00022151 0.0016726 0.0013365 0.040217 0.004311 0.059067 0.017063 -0.031121 0.018107 0.044912 0.025809 -0.00030213 0.00069619 0.0027057 0.0036324 0.019624 -0.0027233 0.021335 0.011046 0.38964 0.028158 0.43383 0.16072 -0.25928 -0.042705 0.30683 0.16854 -0.011645 -0.0035778 0.017173 0.020166 0.02165 -0.0057235 0.021674 0.0090194 0.32179 -0.021216 0.36537 0.18327 -0.19871 0.029221 0.24838 0.22773 -0.019536 0.0030525 0.022287 0.013056 0.0025206 0.0012192 0.0036569 0.0020586 0.028302 -0.01185 0.029833 0.021855 -0.0072544 0.0083458 0.025064 0.018003 -0.00088646 0.0011596 0.001677 0.0030877
0.0069011 0.0028488 0.0070092 0.003767 -0.013062 0.018479 0.048278 0.0431 0.039245 0.052892 0.043913 0.062183 -0.00093955 0.0071664 0.0043409 0.0071995 0.026953 -0.011094 0.027898 0.029456 0.25534 0.010185 0.5678 0.16953 -0.11959 0.041419 0.27049 0.18888 0.020931 -0.023424 0.030105 0.024065 -0.017384 -0.0055871 0.039073 0.030845 0.21301 -0.017147 0.34506 0.2107 0.085906 -0.061774 0.35265 0.28026 -0.004332 0.0039947 0.028811 0.01383 -0.0020041 0.0017929 0.0025709 0.0025527 -0.0070071 0.0081298 0.070751 0.033402 0.042416 0.00078251 0.053566 0.024111 -0.0030756 -0.002576 0.0054987 0.0036118
7.8084e-05 -0.00052337 0.00045228 0.00058347 0.035853 -0.006201 0.036803 0.019807 -0.011128 0.014349 0.028764 0.027002 0.0050469 0.00091235 0.0057603 0.0024634 0.020194 0.018032 0.02159 0.019359 0.19195 0.10075 0.34438 0.28007 -0.11039 -0.00060335 0.18669 0.21626 0.023109 -0.01838 0.025043 0.025891 0.0016058 0.0053589 0.026022 0.033977 0.2595 -0.03705 0.41702 0.19662 -0.21413 -0.016986 0.49899 0.25995 0.0021989 -0.0068943 0.012927 0.015188 -0.0020036 0.00067972 0.0020036 0.001781 0.0098003 -0.0057752 0.055687 0.031533 -0.010988 0.0015771 0.045623 0.022606 0.0043426 0.0074589 0.0046889 0.0074966
0.0039373 -0.0012113 0.0040705 0.0024183 0.010823 0.020348 0.051035 0.047332 0.035261 0.03387 0.037811 0.040111 -0.0053419 0.0046533 0.0053496 0.0083217 0.038473 0.0076501 0.044073 0.019506 0.26307 0.0050985 0.51263 0.20138 -0.13318 0.024467 0.26205 0.23948 -0.0070652 -0.012723 0.018672 0.016145 0.028943 -0.016719 0.033087 0.036145 0.1786 -0.050868 0.32531 0.2085 0.099973 -0.090441 0.35046 0.35723 -0.015401 0.005146 0.033493 0.023511 0.00010351 0.0035433 0.0019794 0.004277 0.019902 -0.0048436 0.041188 0.026005 0.0072453 -0.019362 0.067081 0.042233 -0.00063693 -5.052e-05 0.0032488 0.0017222
0.012668 -0.00016796 0.016624 0.0044204 -0.031154 0.010518 0.063804 0.034468 0.026689 -0.022424 0.031038 0.022424 -0.0035607 -0.0002857 0.0045909 0.0022068 0.0070592 0.014389 0.047814 0.039348 0.20223 -0.023574 0.48332 0.25947 -0.13534 0.11666 0.28839 0.16915 -0.014754 0.0015368 0.032279 0.013645 -0.013428 -0.01976 0.064221 0.048874 0.17925 -0.017784 0.52407 0.17271 -0.12573 -0.095498 0.29 0.18894 0.01169 0.0054558 0.022936 0.016846 0.0020315 0.0034213 0.0060537 0.0043387 0.041553 -0.021634 0.046 0.034177 -0.020426 0.0014853 0.051044 0.022374 0.0045469 -0.002765 0.0060607 0.003437
-0.0037884 0.00036189 0.0046637 0.0043752 0.028676 0.02947 0.033598 0.050434 -0.0019979 0.039563 0.014407 0.049418 -0.00097892 0.00033122 0.0023168 0.0032091 -0.017179 0.0074931 0.023054 0.024658 0.31517 0.041123 0.42496 0.17679 -0.23361 0.0080061 0.24625 0.18005 -0.0086595 -0.010319 0.013414 0.022122 0.013633 0.01239 0.015535 0.033795 0.09863 -0.044678 0.44421 0.2118 -0.10588 -0.057322 0.34406 0.35623 -0.012035 0.010966 0.015169 0.031274 0.00015114 -0.0013388 0.0077048 0.0037043 0.0031481 -0.0088999 0.053732 0.047665 0.0021234 -0.011456 0.053696 0.047051 -0.00062596 -0.0022726 0.0015541 0.0032587
0.0032561 -0.0013385 0.0060622 0.003803 -0.025826 -0.0097016 0.062148 0.028467 0.023303 -0.017038 0.049946 0.025819 0.00421 -0.00092183 0.0044258 0.00244 -0.010479 -0.0058362 0.026874 0.013071 0.2603 -0.048666 0.34948 0.35148 -0.18025 0.024439 0.54253 0.16389 0.031847 -0.0030686 0.035611 0.010863 -0.0083578 0.015369 0.031641 0.050462 0.019995 -0.06058 0.2416 0.23603 -0.0028473 -0.17726 0.33522 0.21048 0.034201 0.0070415 0.04773 0.023763 -0.0066666 -0.00096335 0.0073693 0.0048428 -0.0082669 -0.002418 0.02119 0.010325 0.025626 0.014032 0.027299 0.016386 0.0075001 -0.00069301 0.0080253 0.0026495
0.00068959 0.0039033 0.00089153 0.0039404 0.028974 0.010127 0.044779 0.020321 0.037779 0.025301 0.038339 0.042117 0.0024451 0.0027292 0.0036632 0.0040954 -0.043943 -0.015373 0.065153 0.039149 0.40438 0.10543 0.49716 0.14371 0.016485 0.026505 0.11555 0.14699 0.014339 -0.034005 0.021162 0.034486 -0.034288 0.028513 0.057794 0.047803 0.34276 -0.049561 0.4386 0.20937 -0.051012 -0.0075079 0.21482 0.2673 -0.004336 0.0023939 0.022809 0.031433 -0.0010105 -0.00058351 0.003307 0.0020683 0.012792 -0.0022846 0.080385 0.034824 0.038809 -0.038909 0.043848 0.059363 -0.0020042 0.0013897 0.0029637 0.0064291
0.00014595 0.0050664 0.0038495 0.011795 -0.025649 -0.0025002 0.034699 0.068178 0.044683 -0.0098126 0.047033 0.019499 0.003586 -0.0025431 0.0061547 0.0032848 -0.0043774 -0.00659 0.030962 0.034334 -0.12603 -0.0055514 0.22 0.37366 0.25959 -0.012196 0.30241 0.14716 -0.022823 -0.0048914 0.027757 0.022757 0.00057763 0.0047583 0.035504 0.027967 -0.29197 0.010334 0.40603 0.244 0.361 0.023882 0.38117 0.079503 -0.0029937 0.0023381 0.023703 0.038114 -0.00086743 0.00057365 0.0023376 0.0059846 0.0043375 0.019884 0.013642 0.045205 0.0085373 -0.0041671 0.012241 0.025501 -0.0025124 0.00023685 0.0030539 0.0029276
0.00021541 0.0025532 0.00051774 0.0025532 0.0058599 0.012146 0.016121 0.012215 -0.0034369 0.0071176 0.010492 0.0096987 -0.0039454 0.0011415 0.0048902 0.0014762 0.00084376 -0.053654 0.0072806 0.065578 -0.03863 -0.28272 0.22645 0.3507 0.15964 -0.12599 0.21473 0.2134 -0.062975 -0.01858 0.063265 0.037595 0.0018761 -0.0019544 0.0023108 0.0024824 -0.037955 0.018568 0.40522 0.067672 0.39107 0.045461 0.4839 0.070668 -0.093997 -0.0068115 0.094718 0.010221 -2.6828e-05 0.00031945 0.00028329 0.00034952 -0.00094955 0.00016867 0.052335 0.0069293 0.049972 0.0011454 0.071384 0.0096191 -0.011124 -0.00027551 0.011321 0.0010896
-0.0050588 -0.0022751 0.0065522 0.0048796 0.0072259 -0.01452 0.026091 0.025324 0.02482 -0.031848 0.044317 0.049731 -0.0036048 -0.0039777 0.0059788 0.0092147 -0.013375 -0.012858 0.050718 0.054304 0.23647 0.050119 0.32642 0.20833 -0.18969 0.13784 0.28724 0.30544 -0.0035106 -0.0038232 0.018108 0.011962 -0.13237 0.045363 0.13887 0.062005 0.32693 -0.18883 0.36867 0.2924 -0.11779 -0.11255 0.23289 0.209 -0.032657 -0.022575 0.04181 0.02459 -0.016096 -0.004731 0.016965 0.0069331 0.039248 0.038195 0.050156 0.047072 -0.033367 -0.0083136 0.037883 0.023294 -0.00079516 -4.4616e-05 0.0012539 0.0010162
0.012229 -0.0015402 0.012332 0.0039505 -0.036435 -0.010115 0.047689 0.025509 0.065888 -0.019915 0.075881 0.05267 -0.0056093 0.0062824 0.0061752 0.0077702 0.019055 -0.0066999 0.020696 0.01885 -0.089828 -0.067382 0.33485 0.26452 0.28685 -0.032082 0.46783 0.25592 0.033413 -0.026052 0.087907 0.049972 0.0089163 0.032126 0.030678 0.054535 -0.051292 0.13876 0.14594 0.15115 0.2218 -0.045078 0.44133 0.26331 -0.031237 -0.023051 0.09307 0.072434 0.0089378 0.00019745 0.0089386 0.0033742 -0.010128 -0.01503 0.019693 0.020773 -0.010791 0.018083 0.019153 0.047897 0.0015939 0.004139 0.0044195 0.0055884
0.0052255 -3.6962e-05 0.0069131 0.017222 -0.0063765 -0.020838 0.052096 0.059072 -0.0014378 -0.033241 0.016095 0.074995 0.0016629 0.00056727 0.0045582 0.0064251 -0.016266 -0.027661 0.026543 0.03311 0.25726 -0.029815 0.34675 0.17863 -0.17863 0.20591 0.29693 0.37761 0.019246 -0.0037271 0.029553 0.033107 -0.022548 0.0030323 0.024725 0.020082 0.084379 -0.08431 0.42753 0.11048 -0.02472 -0.32467 0.13161 0.33657 0.03129 -0.02996 0.050341 0.040982 -0.0020779 -0.00031049 0.0026521 0.0028659 -0.0010851 0.009838 0.028843 0.019132 0.0011224 0.018813 0.028918 0.020463 0.003386 0.0021243 0.0037824 0.0031941
-0.0086898 -0.0023651 0.008701 0.0026425 0.046033 0.022358 0.051733 0.025079 0.033712 0.011404 0.052355 0.037075 0.00073342 -0.00050792 0.0022726 0.0029887 -0.045135 -0.0074824 0.047512 0.012325 0.42138 0.098633 0.44806 0.14317 0.085554 0.01205 0.32933 0.17254 -0.017104 -0.0042273 0.029612 0.025478 -0.025669 0.0038929 0.029985 0.012389 0.28921 -0.058254 0.39052 0.11839 0.098268 -0.16866 0.26306 0.22966 -0.024241 -0.040852 0.038171 0.043318 -0.0035456 0.00082657 0.0050493 0.0021313 0.03245 -7.6728e-05 0.048547 0.025101 -0.023165 -0.026966 0.029389 0.028505 9.5594e-05 -0.00062001 0.00079593 0.0008542
-0.0050784 2.1299e-05 0.0069812 0.0030783 0.012597 0.009866 0.074299 0.014979 0.003366 0.0084618 0.011819 0.011829 -0.0092404 0.00082855 0.0097764 0.0023547 -0.046124 -0.01657 0.049611 0.028613 0.20126 0.009893 0.51555 0.096298 -0.055864 -0.023786 0.14582 0.11103 -0.069717 -0.023197 0.070429 0.023723 -0.034841 -0.046642 0.043348 0.057091 0.26425 -0.0025096 0.33534 0.30648 -0.19656 -0.15942 0.32618 0.40268 -0.012312 0.0016133 0.022205 0.01756 0.0065542 0.0037809 0.0070245 0.0053089 -0.0033754 -0.040029 0.023642 0.044448 -0.013731 -0.00045245 0.022656 0.022491 0.00041648 -0.0011491 0.0046176 0.002387
0.0015197 -0.0012446 0.0021022 0.0015382 0.0095656 0.017167 0.0096154 0.018208 -0.012693 0.010163 0.052386 0.017855 0.011709 0.0022802 0.011718 0.0035988 0.0077659 -0.0086288 0.016633 0.018155 0.22673 -0.018477 0.26192 0.25182 -0.076667 0.10415 0.49904 0.31799 0.015941 0.0060973 0.038075 0.032672 -0.0045747 -0.0027729 0.0081657 0.0072453 0.36706 -0.038151 0.37832 0.080057 -0.14049 0.039001 0.2945 0.15195 0.06027 -0.023399 0.067581 0.069785 0.00039901 -0.00012964 0.00047903 0.00062065 0.036441 -0.026714 0.038364 0.036487 -0.015076 -0.037459 0.036755 0.051825 0.008146 -0.0059237 0.0097615 0.0091789
0.0053049 0.0051932 0.0070306 0.010538 -0.0016229 -0.011467 0.053222 0.02058 0.042525 -0.008596 0.045658 0.013253 -0.001056 0.0027564 0.0028966 0.0032591 0.013902 -0.0089691 0.020768 0.050721 -0.31785 0.095092 0.37256 0.17955 0.40674 -0.074666 0.44636 0.097236 0.001085 -0.0065664 0.019474 0.019355 -0.0049155 -0.0052879 0.016835 0.039229 -0.016933 0.10175 0.20363 0.3709 0.16209 0.066363 0.22232 0.22499 -0.0072708 -0.0094548 0.011963 0.01592 -0.0011279 -0.0016069 0.0018614 0.0028472 0.0050014 -0.027287 0.026349 0.047272 0.0029041 0.014764 0.011656 0.01941 0.0028867 0.0037374 0.0035657 0.005429
0.004825 0.003264 0.0065159 0.0041 -0.024078 -0.0010306 0.036317 0.013403 0.018218 0.0091576 0.064314 0.010823 0.0021124 -0.00017838 0.0036979 0.0032536 0.016241 -0.0057873 0.024718 0.0098968 -0.2802 -0.089273 0.29615 0.12013 0.4319 0.056557 0.44329 0.16989 -0.042657 0.017911 0.047195 0.031547 0.00028978 -0.013768 0.029 0.043425 0.093807 -0.050971 0.27229 0.25504 0.19206 -0.015825 0.34958 0.25003 -0.0024411 -0.0093785 0.032359 0.027573 -0.0025011 -0.0017736 0.0041866 0.002654 0.026225 -0.01307 0.048139 0.024344 -0.010173 0.0033464 0.028967 0.02842 0.0082288 -0.0050967 0.0082288 0.0061432
-0.0025857 0.001688 0.0039486 0.0038859 0.041216 -0.04453 0.054794 0.070773 -0.028797 0.017079 0.088137 0.023996 -0.0045199 -0.00030775 0.0052041 0.0016839 -0.012225 0.0082068 0.032941 0.029335 0.26664 0.033834 0.32968 0.20464 -0.12056 -0.038151 0.54106 0.17063 -0.045971 -0.00025788 0.052016 0.0096966 -0.0066501 0.00038222 0.018176 0.04196 0.1724 -0.094564 0.32862 0.14375 -0.039775 -0.045863 0.45484 0.14701 -0.028073 0.042732 0.031144 0.043622 -0.00023126 0.00093024 0.00033933 0.00093024 0.0028775 0.017617 0.011765 0.02083 0.023201 0.0092204 0.041677 0.024722 0.00091759 -0.0012674 0.0044933 0.0030285
-0.0012809 0.00069506 0.0043807 0.0012315 0.012178 -0.0042953 0.020045 0.01351 0.025565 -0.0026388 0.048125 0.015491 0.0012772 -0.00099398 0.0038674 0.0019488 -0.010595 0.030043 0.021353 0.036908 0.21843 0.092665 0.35773 0.17647 0.071233 0.12612 0.3203 0.2884 -0.0072165 0.0266 0.022017 0.039115 -0.013311 -0.0021827 0.022294 0.025356 0.25259 -0.029068 0.47956 0.19739 0.14056 -0.06819 0.37126 0.23997 -0.045183 0.00073308 0.062963 0.053577 -0.0053175 -0.0025829 0.0080127 0.0037147 0.0059367 -0.0062436 0.020831 0.025287 0.019497 -0.010793 0.039006 0.034436 -0.0059119 -0.0060738 0.0061585 0.0062281
0.0016732 -0.001048 0.0088086 0.0024305 -0.00064648 0.043442 0.053384 0.046108 -0.020949 0.014374 0.042889 0.027312 0.00079216 -0.0014012 0.007367 0.0040844 -0.021523 0.0027477 0.040339 0.027244 0.35245 -0.059951 0.43562 0.24575 -0.241 0.046024 0.30591 0.16006 -0.031784 0.009981 0.060653 0.026943 -0.034127 -0.0037704 0.039704 0.021687 0.20955 -0.16951 0.34146 0.29386 -0.12177 -0.15212 0.19963 0.2341 0.0062524 0.0072742 0.048691 0.018078 -0.0023524 -0.00326 0.0055939 0.0053942 0.015887 -0.01454 0.057101 0.049063 0.0077342 -0.023171 0.047168 0.027492 0.0011032 0.00018294 0.0029376 0.0023114
0.00032527 -0.003672 0.0089104 0.0087937 -0.0027019 -0.011716 0.037216 0.064422 0.02153 -0.0047909 0.03617 0.041243 -0.0034268 0.0054406 0.0043215 0.006865 -0.033637 -0.016154 0.039883 0.053262 -0.11625 -0.21047 0.29534 0.40319 0.17021 -0.11078 0.31059 0.22675 -0.00087997 -0.049805 0.025117 0.050558 -0.0026188 -0.049063 0.021972 0.053473 -0.033814 -0.042939 0.05412 0.05175 0.24651 0.026252 0.61192 0.13037 -0.017319 -0.0038515 0.029749 0.0058461 -0.00076757 -0.00072829 0.0021175 0.0010616 0.0088298 0.0039427 0.0099375 0.006292 0.026823 0.0054255 0.10995 0.027095 -0.0039905 0.0014863 0.0040905 0.0021837
0.002092 0.0018087 0.0021272 0.0018598 -0.0060337 -0.0037126 0.012998 0.0090491 0.025035 0.015821 0.031163 0.021923 -0.00046662 0.0030522 0.0059372 0.0053417 0.004236 -0.00033556 0.021974 0.0058384 -0.055669 0.035902 0.14241 0.07208 0.25894 -0.0048369 0.47167 0.23295 0.0070637 0.011997 0.035325 0.033015 0.000978 0.001518 0.021274 0.024024 0.062072 0.18319 0.43645 0.3347 0.1565 0.12436 0.35286 0.3086 -0.038572 0.010331 0.043178 0.037369 0.00075104 0.00048757 0.0023084 0.0021577 0.022681 -0.034033 0.043799 0.042799 0.0243 -0.022349 0.077025 0.048149 -0.0066206 -0.0080039 0.0092819 0.0080197
-0.0011452 -0.0062408 0.0024938 0.0097352 -7.8173e-05 -0.045431 0.0045918 0.06016 0.052289 -0.0098125 0.068414 0.024136 -0.0043047 0.0019825 0.007475 0.0069979 -0.02018 -0.0010122 0.020507 0.0040585 0.014874 -0.014905 0.016054 0.026654 0.47001 -0.089567 0.49025 0.10056 -0.02669 -0.0018338 0.038597 0.040891 -0.010317 0.033818 0.030865 0.03575 0.090613 0.2491 0.12865 0.36547 0.25254 0.13145 0.30084 0.30454 -0.018963 0.0021168 0.027063 0.029247 -0.0044028 -0.0066317 0.0047087 0.0089553 0.020714 0.018666 0.029855 0.06496 0.020128 0.015853 0.038146 0.043938 -0.0058687 0.0014587 0.011496 0.0057141
0.0054688 -0.0038748 0.0080852 0.00667 -0.023766 -0.023143 0.026766 0.045189 -0.015592 -0.0030196 0.032793 0.032195 0.0021426 -0.0074389 0.0071431 0.012922 -0.040067 -0.0055284 0.057367 0.021491 -0.072196 -0.31932 0.13987 0.46911 0.13644 -0.096171 0.27667 0.28173 -0.043914 -0.020319 0.045862 0.041445 -0.10274 -0.0046922 0.12055 0.013975 -0.027681 0.0793 0.041321 0.090531 0.24837 0.081332 0.55511 0.11842 -0.029829 -0.0016015 0.029983 0.0080383 -0.0024825 -0.0022017 0.0053074 0.0096537 -0.015316 0.02545 0.02994 0.10178 0.010899 0.0029828 0.057989 0.026963 -0.00042918 0.0039998 0.0014301 0.0096048
0.00028922 0.0044345 0.0040362 0.0046868 -0.022448 0.04331 0.031737 0.046745 -0.0035838 0.074238 0.024912 0.076819 0.0009631 -0.0011487 0.0027617 0.004098 -0.0052129 -0.014669 0.024186 0.036801 0.061287 -0.14053 0.19226 0.27105 0.18697 -0.022221 0.32719 0.3331 -0.041018 0.052699 0.045875 0.053922 -0.0079788 -0.016893 0.018482 0.023841 0.15241 -0.060957 0.21106 0.18574 0.13735 -0.090226 0.53442 0.38945 0.0020652 -0.046445 0.033284 0.052208 0.0021309 -0.0016778 0.00313 0.0022464 0.021424 -0.011143 0.038267 0.019491 -0.018933 -0.031378 0.028622 0.033115 -0.00085838 -0.00025591 0.0020243 0.0012596
0.0096482 -0.0023157 0.010691 0.0062161 -0.038464 0.00050589 0.049391 0.016138 0.029165 0.042654 0.062143 0.052393 0.0053503 0.0029156 0.011053 0.0070506 0.055449 0.0013281 0.063281 0.040874 -0.18783 0.025507 0.29195 0.22309 0.30591 0.0065851 0.46484 0.16278 -0.028308 -0.012529 0.051524 0.020685 -0.0081957 -0.0082067 0.047245 0.037757 -0.0083903 0.058561 0.28982 0.27028 0.11268 -0.015208 0.4475 0.29025 0.0039003 -0.0014271 0.039246 0.02986 -0.0050239 0.0021248 0.0050902 0.0022492 0.010051 0.022144 0.014202 0.023562 -0.0055767 -0.00065022 0.019828 0.0096825 0.00045594 0.00072011 0.0025869 0.0016728
0.00016934 -0.00021494 0.00072837 0.00024891 0.032566 0.0092826 0.053746 0.015441 0.014304 0.00024622 0.054071 0.015606 0.0080377 -0.0016507 0.0086899 0.0041108 -0.0115 0.030416 0.015338 0.030992 -0.12197 -0.0012375 0.58816 0.15499 0.33292 -0.086054 0.47329 0.14429 0.041515 -0.0075485 0.042561 0.020915 -0.0090528 0.024661 0.018345 0.042918 -0.10091 0.1121 0.22605 0.18979 0.063209 0.016961 0.2175 0.25839 0.021584 -0.014049 0.037892 0.020681 0.0053384 -0.0047912 0.00535 0.0054304 -0.012281 -0.025534 0.038966 0.031559 0.00090037 0.0042918 0.017401 0.024556 -0.00097219 -0.0044549 0.0017029 0.0051075
0.00068232 0.0023238 0.0064851 0.0046518 -0.0068368 0.0011428 0.015825 0.015938 0.0038544 -0.01146 0.020264 0.016592 0.0006796 0.0019374 0.002604 0.0022147 0.039825 -0.01051 0.051752 0.039663 -0.15522 -0.021287 0.5061 0.14674 0.15458 0.093814 0.25094 0.16005 0.0010915 0.03491 0.033495 0.037087 0.0356 -0.0024015 0.050766 0.016226 -0.04448 0.10472 0.32196 0.16476 0.22052 -0.031807 0.56534 0.19275 -0.014719 0.00067199 0.034443 0.020197 -0.00011979 3.3895e-05 0.0003412 0.00041802 0.024482 -0.010338 0.029392 0.02885 -0.025697 0.0060027 0.070288 0.033978 0.00078149 -0.0057384 0.0052869 0.0058084
-0.0056186 7.2149e-06 0.0065699 0.0013028 0.023792 0.026548 0.033777 0.029911 -0.012086 -0.023165 0.037225 0.072234 0.00021092 0.00011632 0.0010335 0.0026896 -0.046804 -0.0084465 0.048312 0.011439 0.28801 0.019267 0.41367 0.23489 -0.18953 0.065803 0.26011 0.37172 -0.0074206 -0.00021147 0.021819 0.016834 -0.029886 0.0017653 0.030016 0.008999 0.23018 -0.036988 0.30818 0.1728 -0.22011 -0.19662 0.28389 0.27008 0.0086044 0.016016 0.024822 0.018921 -0.0028261 0.0028704 0.0031255 0.0044698 -0.009883 0.005291 0.050941 0.020288 0.018249 0.0071205 0.033228 0.018387 -0.0034828 -9.3294e-05 0.0063795 0.002418
-0.00027031 -0.00084841 0.00084931 0.0012148 0.037654 -0.0084342 0.037654 0.020331 -0.0031526 -0.022734 0.020945 0.030044 0.00061117 0.0028988 0.0016339 0.0057064 0.0044664 0.00010714 0.0058936 0.0024037 -0.0049489 -0.044378 0.35509 0.1995 0.30881 0.0045749 0.48291 0.21794 -0.041591 0.033793 0.043682 0.041241 0.030969 0.013167 0.032596 0.014775 -0.020202 0.064317 0.28608 0.24343 0.11965 -0.097249 0.38955 0.32419 0.021231 -0.03191 0.089829 0.049265 0.0022946 0.0011589 0.0031138 0.0016313 -0.0013475 0.026864 0.018147 0.036303 0.00462 0.0049125 0.025708 0.017855 0.0039243 0.004673 0.0097825 0.0080498
0.0028647 -0.00090674 0.006061 0.0021504 0.021704 -0.0077356 0.042564 0.022257 0.02387 0.014731 0.063599 0.038895 -0.0024489 0.0040657 0.0043299 0.0064559 0.050219 0.0064525 0.059588 0.022017 -0.071279 0.014091 0.2894 0.30229 0.15263 -0.12701 0.24646 0.24142 0.02087 0.013268 0.030132 0.016066 0.012954 0.0033656 0.038904 0.051644 -0.22015 -0.098768 0.50425 0.2846 0.33059 -0.039261 0.34301 0.10214 -0.0057862 -0.013662 0.025236 0.018078 0.0005711 0.00036816 0.00343 0.0030683 0.0034357 0.017137 0.032251 0.03786 0.011574 0.013793 0.020781 0.043037 9.5306e-05 -0.0053575 0.0042461 0.0059408
-0.00056431 0.0013402 0.00093392 0.0019993 0.063903 -0.0011276 0.066322 0.014684 0.010027 -0.00065343 0.078034 0.040544 -0.0013035 0.0011778 0.0062875 0.0074477 -0.01854 -0.0072771 0.038964 0.04836 0.14804 0.089637 0.26826 0.39724 0.055133 -0.061124 0.36633 0.32829 0.06862 -0.034432 0.092406 0.053041 -0.028675 0.0064482 0.03573 0.027823 0.32366 0.050826 0.35485 0.1745 -0.14013 -0.022099 0.30741 0.24882 0.038546 0.002162 0.050382 0.027656 0.0018505 -0.0013717 0.0029376 0.0096986 -8.7173e-05 0.0051034 0.029373 0.027793 0.0039675 0.023334 0.017815 0.052596 -0.0018743 -0.0026014 0.0019735 0.0040512
0.012415 -0.0048513 0.014516 0.0089499 -0.055813 -0.018569 0.060434 0.047024 0.018376 0.004208 0.030702 0.020502 -0.0027302 0.0024765 0.0051474 0.0038482 0.018126 0.00094101 0.040137 0.024448 -0.14625 0.007769 0.40769 0.19092 0.22163 0.082489 0.43843 0.25217 0.010496 -0.013936 0.045637 0.044757 -0.037743 0.027859 0.048786 0.034265 -0.012184 -0.0076263 0.3297 0.21301 0.089037 -0.0094915 0.47987 0.20487 0.034227 0.0083009 0.040847 0.024479 -0.0034015 0.0021829 0.0038229 0.0025513 -0.00026432 0.020097 0.017045 0.02413 -0.0052372 -0.00084561 0.017812 0.013776 -0.00047212 -0.00032786 0.0024698 0.0016629
0.001805 0.00080915 0.0032215 0.0017987 0.012125 0.042677 0.064346 0.043214 0.0074846 0.003121 0.031775 0.035216 -0.0026989 0.0023819 0.0037318 0.0045865 -0.015223 0.019241 0.026875 0.030449 0.25597 0.09531 0.41599 0.2433 -0.10786 0.15216 0.22847 0.24222 -0.0015622 -0.023956 0.017231 0.037338 -0.00093505 -0.0066017 0.075697 0.060851 0.11665 0.024507 0.35873 0.29259 -0.18876 -0.046007 0.33091 0.35468 0.0094158 -0.014993 0.011913 0.020028 0.004651 0.0020728 0.0052028 0.0027422 0.025561 -0.055712 0.067433 0.058483 -0.044554 -0.042668 0.056915 0.043554 0.0026868 0.0011466 0.0027441 0.0012468
0.0039384 -0.00095447 0.0085413 0.0041947 0.040424 -0.027135 0.047084 0.038675 -0.021222 0.017327 0.042519 0.029733 0.0012777 -0.001564 0.0023515 0.0018329 0.054961 0.0069397 0.070577 0.032077 0.128 0.051064 0.60357 0.17717 -0.018147 -0.04958 0.24852 0.17863 0.0084096 -0.0041306 0.027252 0.011094 -0.015517 -0.0043094 0.030631 0.033882 0.31661 -0.1141 0.42621 0.30267 -0.059194 -0.030213 0.24183 0.11766 0.008552 -0.00090595 0.033198 0.01595 0.0047901 -0.0015928 0.007467 0.0060943 0.0099876 0.0051944 0.013827 0.012356 0.009091 -0.02097 0.018771 0.024999 -0.0025021 -0.0014187 0.0060811 0.0017432
0.0018594 0.0024127 0.0054616 0.0037207 0.016608 0.0258 0.098522 0.032959 0.034014 0.010889 0.037096 0.025836 -0.0027321 3.7796e-05 0.0033321 0.0028044 0.050221 -0.066475 0.057749 0.070242 0.29162 -0.012737 0.66235 0.16733 -0.078353 -0.036682 0.18263 0.11534 0.0073162 -0.008352 0.023022 0.023934 0.010513 0.020378 0.021329 0.023199 0.31565 -0.047448 0.33939 0.22203 0.028978 -0.068998 0.23228 0.16999 0.012132 -0.0038182 0.03314 0.023082 0.0010406 0.0017172 0.0016771 0.0024595 0.0065078 0.00049605 0.010369 0.0097146 0.030392 -0.0097814 0.049888 0.020738 -0.0012059 -0.0012462 0.0061594 0.0027855
0.0019214 -0.00077034 0.0046804 0.0068627 -0.025619 0.017177 0.042931 0.025439 0.028861 0.012189 0.081981 0.045963 0.00042119 0.0058407 0.0025585 0.0060418 -0.00063222 -0.010135 0.023179 0.028206 0.19596 0.031963 0.37368 0.30156 -0.084002 -0.012976 0.47288 0.17679 0.07847 -0.022288 0.091772 0.083095 -0.017011 -0.0061806 0.029863 0.019126 0.2481 -0.15518 0.30107 0.2122 -0.17677 -0.030925 0.30136 0.23002 0.098667 -0.020873 0.11704 0.036851 -0.00011973 -0.0040813 0.0024161 0.005067 0.011466 -0.0023631 0.023288 0.032852 0.014422 -0.0026549 0.062489 0.031858 0.0045508 -0.0023252 0.0064064 0.0049018
0.0019193 0.0038189 0.004655 0.0040271 -0.0076813 0.038622 0.047011 0.090437 -0.002492 0.088948 0.031314 0.10402 -4.0394e-05 -0.00020723 0.00040045 0.00047936 -0.0086773 -0.00099305 0.059818 0.044693 0.05278 0.10072 0.51469 0.26535 0.18637 -0.027123 0.30826 0.18186 -0.079477 0.026809 0.079582 0.060787 -0.022373 0.0053903 0.069822 0.032298 -0.045827 0.065843 0.55161 0.209 0.09805 -0.059519 0.19193 0.11919 -0.014921 0.0028109 0.029671 0.023725 0.013028 3.9095e-05 0.018042 0.0078147 -0.027505 -0.033855 0.03749 0.039805 0.016198 0.0049306 0.031696 0.016361 -0.0010107 0.00074514 0.0026374 0.0040443
-0.00091008 0.00039834 0.0038212 0.0025618 -0.012785 -0.002684 0.01756 0.012639 0.040085 -0.022066 0.058411 0.03037 -0.012016 0.0013897 0.013604 0.0074725 -0.0094373 0.0245 0.027886 0.028438 -0.26388 0.0036017 0.27634 0.15081 0.36138 -0.0048973 0.44824 0.18751 -0.067456 0.012953 0.073538 0.026578 -0.013048 -0.01177 0.031437 0.023223 -0.098964 0.13128 0.21681 0.20959 0.13114 0.051998 0.41649 0.28967 -0.095357 -0.051249 0.10601 0.054782 0.0020038 -0.0091713 0.0059628 0.0091909 0.0064839 -0.057546 0.033417 0.057546 -0.050275 -0.059946 0.053908 0.061132 0.0048964 0.002447 0.0091481 0.0086707
-0.0046418 0.00054331 0.0046632 0.002304 0.017977 0.02513 0.041135 0.035875 -0.012332 0.021594 0.033003 0.026665 -0.00025329 0.0022688 0.0041062 0.0029806 -0.033657 -0.0011015 0.033657 0.0058199 0.29592 -0.0068464 0.39266 0.21913 -0.18534 -0.011135 0.42003 0.35195 -0.025072 -0.013179 0.040097 0.04548 -0.015353 0.017494 0.025688 0.019818 0.078347 0.032641 0.21961 0.26631 -0.13815 -0.064801 0.32436 0.31704 0.0059763 -0.0072271 0.023004 0.01152 -0.0035405 0.0023028 0.0043107 0.0030371 -0.011734 -0.02271 0.029866 0.028886 -0.014754 -0.0050379 0.040995 0.011829 0.0013504 9.1696e-05 0.0031256 0.0011572
0.0062397 0.0013895 0.0065525 0.0039345 0.0079285 0.010672 0.021052 0.015029 0.011596 -0.0018661 0.012815 0.0087275 0.0018088 -0.00034818 0.0020969 0.0012976 -0.0022129 0.0082952 0.049525 0.034198 0.21814 0.092529 0.33285 0.19 -0.098339 0.1035 0.23752 0.20874 0.0095798 -0.0097238 0.011278 0.010584 0.02088 -0.0023061 0.056139 0.065049 0.18097 -0.20921 0.31914 0.30072 -0.1728 -0.23873 0.3183 0.42192 0.015779 -0.019137 0.017062 0.027614 0.0057989 -0.0030011 0.0090405 0.010028 -0.012546 0.040818 0.039819 0.12256 -0.0027639 0.00059879 0.042319 0.078612 0.0019721 0.0007297 0.0024245 0.0028834
0.0028012 -0.012469 0.0038318 0.016331 0.0064839 -0.030486 0.016045 0.078987 -0.00097562 0.017384 0.025047 0.029045 -0.00057648 0.0028089 0.0022906 0.0029526 0.00148 -0.013485 0.0022019 0.04543 0.055697 -0.20103 0.057408 0.45741 0.31115 -0.07681 0.32343 0.25871 -0.0094679 0.0004545 0.014726 0.023885 0.0020204 -0.00032582 0.0023591 0.0025291 0.010725 0.0087054 0.013202 0.020869 0.46385 0.012818 0.47664 0.055213 -0.020848 -0.00048402 0.025918 0.010833 0.00015727 -0.00017785 0.00043323 0.00093318 0.0031027 -5.3217e-05 0.0040392 0.0069744 0.066012 0.0025711 0.068955 0.0080164 -0.0014648 -0.0002578 0.0022004 0.0029769
-0.00077125 -0.00014599 0.0017493 0.00477 0.00024593 0.018047 0.041184 0.040283 0.0031662 -0.015341 0.051314 0.017657 -0.012385 0.00088997 0.012385 0.0017213 0.028539 0.013419 0.03691 0.045219 -0.055412 -0.23693 0.26171 0.25913 0.041998 0.011074 0.32694 0.15702 -0.023287 -0.019534 0.024738 0.019534 0.026348 -0.039785 0.033914 0.040934 0.0018565 -0.0047397 0.25892 0.25947 0.20885 0.025226 0.54389 0.40929 -0.055314 0.014659 0.059343 0.039547 0.00043123 0.0045539 0.00098808 0.0045539 0.0033781 0.0026485 0.012597 0.012063 0.0063562 -0.02992 0.023583 0.030535 0.00027249 0.00018765 0.00032139 0.00023655
-0.0042193 0.0028246 0.00459 0.0035041 0.044794 0.010504 0.053349 0.016656 0.01614 -0.021393 0.054302 0.049087 -0.0065749 -0.0057995 0.007991 0.010813 -0.050372 0.020964 0.051519 0.02243 0.21471 0.14259 0.2656 0.23182 0.078381 0.074151 0.39184 0.20202 -0.011091 0.022146 0.030405 0.035553 -0.0081465 0.00675 0.030624 0.024396 0.13106 -0.035002 0.42761 0.21332 0.072013 -0.054855 0.46731 0.31635 -0.010328 -0.015888 0.030436 0.033159 0.0039223 0.00040619 0.0056178 0.0031991 -0.014243 -0.014857 0.038289 0.026799 0.0077347 3.2999e-05 0.039717 0.029068 0.0042979 0.0035325 0.0080099 0.005941
-0.0075684 2.163e-06 0.0080478 0.003987 0.030646 -0.028416 0.061373 0.029218 0.02147 -0.012634 0.040992 0.026933 -0.0048637 -0.0035771 0.005327 0.0048472 -0.024228 0.0004758 0.028711 0.038383 0.23659 -0.010234 0.43754 0.1946 0.20851 0.020849 0.30275 0.21686 -0.033956 -0.00077085 0.036295 0.042869 -0.027624 -0.00052305 0.02991 0.013677 0.26109 -0.080902 0.42175 0.26702 -0.024709 -0.21277 0.23023 0.28056 0.0010476 -0.015992 0.014559 0.032515 -0.0020097 -0.00065067 0.003878 0.0029505 -0.011862 0.0099593 0.030284 0.020611 0.032707 0.011753 0.072093 0.047853 0.00107 -0.003661 0.0023503 0.0040688
0.0065478 0.0012531 0.0066076 0.0026033 0.0245 0.0073623 0.033744 0.016703 0.020784 -0.0075551 0.030925 0.023642 -0.0062742 0.0013225 0.0066786 0.0037327 0.032628 -0.014914 0.044937 0.027837 -0.0083174 -0.11726 0.31428 0.20474 0.29781 -0.045947 0.47108 0.22787 -0.006779 -0.0023629 0.023629 0.017463 0.018817 0.0021134 0.021225 0.0052452 0.073212 -0.011168 0.27939 0.12839 0.3237 -0.0056667 0.42617 0.27105 -0.031929 -0.0014139 0.035742 0.01587 0.0010711 0.00056873 0.0022627 0.0014211 0.024676 0.00047201 0.048908 0.022943 0.0092049 -0.016739 0.047237 0.044858 -0.00058154 -0.0050176 0.0056536 0.0078883
0.00072356 -0.0025831 0.003743 0.0049775 -0.0259 -0.02849 0.029219 0.033615 0.045024 0.036861 0.04714 0.038475 0.0019083 -8.7094e-05 0.0022577 0.0020188 0.024037 0.011206 0.034191 0.029768 -0.073281 0.097604 0.38683 0.16271 0.28491 -0.010126 0.29365 0.14683 -0.022174 -0.015663 0.028611 0.024596 -0.005571 0.005359 0.013929 0.011182 -0.16093 0.022028 0.40072 0.097586 0.3994 0.072045 0.41213 0.23877 -0.041231 0.030066 0.041827 0.036007 -0.00055574 -0.002006 0.0017523 0.0022185 -0.029075 -0.0016484 0.036681 0.016889 0.046589 -0.02867 0.050306 0.047279 0.0010462 -0.0046887 0.002427 0.0051384
-0.001151 0.0011564 0.0032798 0.0014686 0.018236 0.01393 0.041869 0.037426 0.0077744 -0.03717 0.028612 0.046658 0.0021871 0.0026904 0.0056297 0.0053572 0.017343 -0.007765 0.037386 0.04236 -0.23595 -0.2098 0.49744 0.33731 0.34704 0.0044423 0.35229 0.11517 0.005271 -0.0068427 0.025977 0.020161 0.0076825 0.013204 0.024346 0.022782 -0.013917 0.092889 0.26301 0.27388 0.12344 0.013228 0.194 0.23126 0.005795 -0.030971 0.032869 0.040322 0.00030076 0.00080341 0.004666 0.002912 -0.0056932 0.0028939 0.025767 0.031934 0.0038843 -0.01956 0.0093803 0.038793 -0.00084328 -5.9831e-05 0.0018127 0.0018824
0.0028598 -0.010855 0.01114 0.016726 0.038074 -0.075292 0.083045 0.090686 -0.014269 -0.038453 0.049828 0.067632 -0.0016512 -0.0020498 0.0046868 0.0051028 0.0018499 0.017791 0.044956 0.069113 0.21096 -0.0042945 0.43525 0.21997 -0.1458 0.087139 0.21496 0.36092 -0.011995 -0.024882 0.05629 0.02684 0.0019777 -0.011881 0.027838 0.04886 0.15325 0.038251 0.44391 0.27808 -0.14007 -0.13331 0.19673 0.28709 -0.0055619 0.01922 0.029817 0.025068 0.0032396 0.0041907 0.0071221 0.0084246 0.010761 0.031521 0.02632 0.047102 -0.0052147 0.011754 0.024714 0.030851 -0.0016586 0.0027005 0.0016726 0.0028243
0.002042 0.0018508 0.003872 0.0061391 -0.019732 -0.0040813 0.026966 0.013607 0.035164 0.030313 0.049788 0.040346 -0.00081602 0.0013901 0.0043346 0.0040204 -0.011539 0.028047 0.026269 0.032007 -0.093097 -0.050335 0.14855 0.08758 0.1837 -0.09435 0.53019 0.16437 -0.042043 -0.036009 0.081183 0.074568 -0.039184 -0.013989 0.041237 0.018482 -0.051923 0.055163 0.26881 0.17499 0.089915 0.075739 0.62519 0.2042 0.0027589 0.0085147 0.056986 0.039531 -0.0012001 -0.0060924 0.0028797 0.0060924 -0.0036067 -0.011636 0.037086 0.050029 -0.036678 -0.06207 0.062521 0.07512 0.0027108 -0.0019258 0.013878 0.0061205
0.0018591 -0.00074154 0.0022536 0.0010663 0.015929 0.0052627 0.033143 0.017192 -0.0023081 -0.0037278 0.028496 0.045484 0.00042223 0.0043151 0.0028024 0.0050348 -0.0096651 -0.0013064 0.023083 0.016447 0.31587 0.062977 0.33544 0.11658 -0.083368 0.2573 0.25939 0.2742 -0.0037414 0.023769 0.017802 0.032513 -0.027565 -0.0019617 0.032261 0.024933 0.3386 -0.028275 0.35132 0.10389 0.028617 -0.070627 0.47787 0.23172 0.019499 -0.0011922 0.022135 0.027657 -0.0031463 0.0017381 0.0040168 0.0036397 0.042137 -0.0029842 0.047965 0.015575 0.011858 0.0071901 0.022476 0.019041 0.0011111 0.00011126 0.002394 0.0027761
0.0019939 0.003147 0.0023271 0.0032946 0.0031775 -0.011526 0.018949 0.039686 0.012458 0.0052424 0.027005 0.048816 -0.0013184 0.0014206 0.0022248 0.0048762 -0.0031329 0.016716 0.020029 0.027551 -0.093964 0.052752 0.20377 0.18481 0.27179 0.0028613 0.59375 0.23027 -0.0068093 -0.0048569 0.018829 0.021127 0.0046553 -0.011041 0.013594 0.017219 0.11332 0.047369 0.25384 0.18963 0.011664 -0.016152 0.47931 0.25987 -0.029822 0.0053521 0.040221 0.055725 -0.0020495 0.001246 0.0020495 0.0012989 0.0046829 -0.010336 0.035226 0.04134 0.0017022 0.011303 0.041391 0.033509 -0.0018233 -0.0014287 0.0046113 0.003404
-0.0012396 -0.0027738 0.007382 0.0051884 0.010758 0.032804 0.030847 0.0359 -0.0079561 0.016415 0.043721 0.022867 0.0031911 -0.0017952 0.0032751 0.0022056 -0.014109 0.017428 0.052365 0.02114 0.26626 0.062257 0.42798 0.17811 -0.28786 0.17824 0.50484 0.23011 0.013558 0.014764 0.034769 0.022401 -0.011679 0.0079319 0.027001 0.022633 0.12843 0.057968 0.20109 0.22027 -0.09203 0.013716 0.24782 0.22825 -0.01192 0.010316 0.03724 0.021264 -7.837e-05 -0.0016475 0.0021128 0.0032287 -0.020893 -0.065259 0.03225 0.086037 0.0021474 -0.10672 0.03087 0.12501 0.0034988 -0.0038286 0.0087594 0.0048724
-0.017559 -0.0024887 0.018718 0.0062513 0.031128 0.010636 0.042351 0.016389 0.036417 0.015027 0.062623 0.025495 -0.0038407 0.00078407 0.006737 0.0044949 -0.076131 -0.016067 0.081727 0.021694 0.41531 0.075301 0.45113 0.13649 0.026491 -0.028772 0.20027 0.093658 -0.033824 -0.026893 0.047639 0.038272 -0.04268 -0.016559 0.048529 0.019033 0.32394 -0.050292 0.3396 0.17399 -0.13213 -0.26558 0.28821 0.28469 0.0014256 -0.0021708 0.036252 0.04506 0.0013868 0.0022766 0.0025688 0.0034081 0.011307 0.0087708 0.037438 0.023824 0.0049555 0.010925 0.054653 0.040092 -0.0056936 0.002075 0.0087039 0.0064888
-0.00020266 -0.0048978 0.0011785 0.017112 -0.0044249 -0.036721 0.012681 0.067967 0.046062 -0.0085137 0.075078 0.020383 -0.0083425 -0.004848 0.0091447 0.0083796 -0.010769 -0.00010396 0.012107 0.0050372 0.015551 -0.029831 0.029455 0.03224 0.38871 -0.056337 0.53993 0.091907 -0.08555 0.010687 0.092285 0.016024 -0.0039503 0.015347 0.014855 0.027173 0.043576 0.179 0.1169 0.37092 0.30787 0.044199 0.32633 0.26935 -0.032887 0.03152 0.05989 0.090109 -0.005098 0.0049594 0.0094729 0.0069402 0.049681 0.034173 0.10314 0.064589 -0.026662 0.060978 0.053408 0.096565 0.0038609 0.00072146 0.0047915 0.0053043
-0.0046737 0.0012346 0.0081318 0.0038401 -0.0011279 -0.0029539 0.0745 0.011414 0.0055867 0.033493 0.047765 0.033585 -0.00015963 6.6376e-05 0.00021338 0.00012013 -0.056831 -0.010038 0.062389 0.024679 0.14011 0.044782 0.59052 0.12058 0.05822 0.01184 0.28934 0.10422 -0.022902 -0.0057416 0.048507 0.043421 -0.063802 -0.049962 0.068033 0.049962 0.2382 -0.029217 0.42148 0.14005 -0.12067 -0.21498 0.27487 0.2795 -3.6421e-05 -0.0045629 0.019899 0.030795 -0.0020349 -0.00015502 0.0025303 0.0029565 0.013005 0.023695 0.051033 0.03509 0.008512 0.0047243 0.060498 0.034483 -0.0071453 -0.0011585 0.0082285 0.0024888
0.00042645 -7.1616e-05 0.00096284 0.00019689 0.04692 0.010882 0.047397 0.019794 -0.002741 0.0060113 0.034982 0.017365 -0.0010177 1.5456e-07 0.0026069 0.0013559 0.0019118 0.0018141 0.0044237 0.0032827 0.36446 -0.0015056 0.39551 0.057333 -0.1541 -0.022094 0.45229 0.14453 0.01549 -0.016208 0.036402 0.025502 -0.0080819 0.035414 0.011198 0.038211 0.31331 0.11269 0.36148 0.17257 -0.23193 0.022848 0.30885 0.13754 0.031078 -0.003515 0.039992 0.042039 -0.00016456 -0.0010666 0.0010644 0.0012286 0.0043985 -0.0066334 0.0063167 0.0075069 -0.0089294 0.013406 0.021472 0.024909 -0.0026298 -0.0015575 0.0039359 0.0026217
0.00046184 -0.0010603 0.002071 0.0029066 0.00085035 0.0022024 0.013137 0.019066 0.0041705 0.0057995 0.01411 0.018683 0.0064098 0.0048347 0.008533 0.008196 -0.0032948 0.0013695 0.023286 0.025785 -0.17631 -0.11526 0.31469 0.1913 0.29192 -0.048502 0.31499 0.17449 -0.010238 -0.032691 0.063244 0.04999 -0.0067588 -0.04613 0.017796 0.049029 0.083216 -0.11406 0.42269 0.44069 0.099687 -0.078259 0.23588 0.33962 -0.030094 -0.02533 0.033288 0.043372 0.00062606 0.0051751 0.001454 0.0069821 0.0054342 0.014427 0.014419 0.017235 -0.0029619 -0.0038841 0.029008 0.036558 -0.0025632 -0.0072862 0.0030893 0.012231
-0.0032724 -0.013836 0.007429 0.015392 0.0062152 -0.09063 0.069576 0.11127 -0.014271 -0.049003 0.049093 0.059994 1.5494e-05 -0.0076132 0.0016427 0.0078878 -0.014135 0.052416 0.023541 0.077879 -0.24887 0.037923 0.34388 0.30482 0.20497 -0.070162 0.32019 0.17708 0.0012041 -0.0079398 0.044414 0.024598 -0.028815 -0.057311 0.037879 0.081707 -0.27314 -0.039326 0.30506 0.30922 0.23845 0.048496 0.35509 0.17276 -0.014445 -0.00083441 0.032971 0.020796 -0.0035558 0.0064981 0.0039709 0.0081855 -0.0068088 0.030526 0.018543 0.030677 -0.0026139 0.018752 0.010576 0.030033 -0.0010792 0.00098878 0.0025139 0.0035487
0.0010539 0.001605 0.0036385 0.0034398 0.011716 -0.0082323 0.033532 0.01624 0.033742 -0.010807 0.041231 0.021964 -0.0066413 0.0044892 0.0067748 0.0048047 -0.0018717 -0.010409 0.029962 0.033329 -0.089766 0.0093141 0.12038 0.08894 0.40589 -0.046489 0.42189 0.1379 -0.029328 0.017538 0.03529 0.033074 0.0017992 -0.015048 0.026991 0.027759 -0.031476 -0.058421 0.12472 0.16461 0.47849 0.018585 0.51014 0.21569 -0.02531 -0.0046328 0.037969 0.034162 -0.0024855 0.0017457 0.0033258 0.004087 -0.0035181 0.0021744 0.011228 0.0067718 0.047045 -0.027698 0.047209 0.032958 -0.0022207 -0.0021554 0.0066641 0.0040645
-0.0039256 -0.010881 0.0067638 0.013764 0.023255 -0.035573 0.080421 0.048539 0.031894 0.022262 0.089117 0.11635 -0.0019441 0.0025718 0.01303 0.0052322 -0.0081518 0.026909 0.02974 0.04568 0.13577 0.19667 0.22791 0.2893 0.19046 0.01265 0.40974 0.32486 -0.015 -0.012116 0.056089 0.040438 -0.017406 -0.027937 0.045132 0.030511 0.24198 -0.12186 0.33367 0.201 0.081348 -0.089432 0.32403 0.31038 0.019105 0.028556 0.03405 0.045596 -3.1883e-05 0.0059165 0.0016834 0.0080406 0.01842 0.010177 0.022632 0.015293 0.036546 -0.011493 0.038267 0.017163 0.00042176 -0.003772 0.011953 0.0075384
0.0021834 -0.0019622 0.0070407 0.012218 -0.014722 -0.0051361 0.043329 0.02516 0.033019 0.041699 0.05214 0.047578 -0.0042264 0.0057568 0.0055388 0.0063526 0.055393 0.006226 0.074685 0.028529 -0.18547 0.11386 0.24191 0.13472 0.33545 -0.053646 0.43855 0.17403 -0.032039 0.012789 0.037116 0.045069 0.066849 -0.023243 0.066849 0.023243 -0.11931 0.14934 0.30163 0.25053 0.22916 0.046173 0.43394 0.22913 -0.056139 -0.0079299 0.066585 0.043728 0 0 0 0 0.023432 -0.018803 0.054275 0.025709 -0.0066009 -0.0012243 0.041815 0.034768 0.0015033 0.0041164 0.0077018 0.0072461
-0.008929 4.4536e-05 0.0091293 0.0014217 0.049104 0.0033459 0.051736 0.02785 -0.02892 -0.020437 0.084811 0.034803 0.00068772 0.00046449 0.0029266 0.0027621 -0.030593 0.015415 0.036831 0.022657 0.20086 0.10981 0.33572 0.20514 -0.2632 0.0013243 0.33018 0.25914 0.072181 0.019817 0.093989 0.053843 -0.025573 0.014294 0.026149 0.017825 0.13348 -0.092862 0.48559 0.19521 -0.14816 0.034149 0.32323 0.25407 0.049606 0.004984 0.10222 0.040581 -0.0028168 -0.00059804 0.0037817 0.0013316 -0.01017 0.02061 0.022046 0.026958 0.0052626 0.010134 0.01562 0.012644 -0.0016838 -0.0023384 0.0035718 0.0042986
-0.0014866 -0.00071805 0.0028627 0.001394 -0.008448 0.0087872 0.022824 0.012852 0.028839 -0.02249 0.059626 0.077258 -0.0033593 -0.00033884 0.0049641 0.0040035 -0.0041763 0.0011277 0.013576 0.0064939 0.1837 0.041678 0.39777 0.20857 0.049376 0.13378 0.33645 0.47878 -0.032294 0.0015336 0.04323 0.071867 -0.020514 -0.006171 0.023407 0.008687 0.16841 -0.031095 0.31288 0.12168 0.025744 -0.15335 0.40377 0.202 -0.014025 -0.016211 0.022317 0.024611 -0.0031763 0.0021695 0.0031948 0.0025123 0.010824 0.0028795 0.031384 0.030211 -0.014041 -0.021535 0.054281 0.038272 0.0054439 0.0047822 0.006645 0.0055451
-0.0025185 -0.0020334 0.0033081 0.0026963 0.0054369 -0.0016172 0.010496 0.016195 0.00367 0.0064585 0.005614 0.010306 -0.00038565 0.0014869 0.00069237 0.0015013 0.011902 -0.014626 0.021266 0.027598 0.025893 -0.082998 0.12074 0.13314 0.23966 0.0481 0.37863 0.34691 0.0085697 0.022192 0.080208 0.073672 -0.0019116 0.0032778 0.0031804 0.006658 0.022361 -0.028925 0.090084 0.087177 0.44544 -0.0012461 0.58729 0.17299 0.013814 0.0025327 0.14873 0.033826 -0.006098 0.0096559 0.0072122 0.011904 -0.0058375 0.022994 0.014473 0.02964 0.025547 -0.0090322 0.060604 0.039178 0.0098813 -0.0040045 0.011899 0.0063388
-0.00027594 -0.00038183 0.0027822 0.0021258 0.0035387 0.0051543 0.021169 0.02838 -0.021632 6.1512e-05 0.030064 0.012954 0.00038238 0.00017098 0.0054376 0.002453 -0.014889 -0.029514 0.02109 0.030926 0.078121 -0.19998 0.35609 0.47991 -0.10786 0.011204 0.39511 0.2476 0.019356 -0.0030579 0.037313 0.01363 0.0056041 -0.0091171 0.012607 0.022536 -0.035553 0.096927 0.32657 0.26719 0.05949 -0.054202 0.36132 0.15605 0.016763 -0.013956 0.025042 0.016927 -0.0018063 0.0048329 0.0045139 0.0095717 -0.0047901 0.032141 0.061584 0.045934 -0.011557 0.0086129 0.021636 0.015643 0.00068062 0.0007608 0.0012867 0.0014111
-0.001222 -0.00062523 0.0013973 0.00097566 0.011607 0.0017939 0.032344 0.011077 -0.01968 0.011892 0.037561 0.038102 0.0072067 -0.0013255 0.010126 0.0061259 -0.019611 0.011898 0.024354 0.016508 0.26024 0.083246 0.34371 0.13619 -0.076623 0.27119 0.16 0.30289 -0.032111 0.031869 0.057557 0.049763 0.0014293 -0.0069827 0.04766 0.03208 0.34863 -0.018689 0.5804 0.16859 -0.0065156 0.004192 0.22831 0.12083 -0.0354 0.017635 0.068468 0.02069 0.0026988 -0.0016287 0.0027814 0.0017113 0.028248 -0.0012107 0.097123 0.025259 0.017161 -0.0058009 0.043893 0.022931 -0.0042668 -0.0055046 0.0051691 0.0055527
-0.0014587 0.0057739 0.0025697 0.009462 0.012553 0.047723 0.035513 0.052275 -0.014297 0.014951 0.032657 0.034476 0.0074058 -0.0091648 0.0097924 0.012862 0.0092098 -0.040312 0.0093351 0.064308 0.33738 -0.072029 0.35542 0.26143 -0.1255 -0.037399 0.21594 0.22633 -0.0099585 -0.024404 0.025659 0.069153 0.0029872 -0.0004873 0.0029872 0.0027157 0.44136 -0.0018051 0.44694 0.053277 -0.18747 0.048808 0.2793 0.14768 0.0052586 0.03894 0.046767 0.053676 0.00095567 0.0043308 0.0011496 0.0047374 0.047322 0.011609 0.057693 0.017965 -0.010844 -0.012378 0.020462 0.037341 -0.001588 -0.001966 0.002647 0.0070628
0.0020386 -0.00090619 0.0055927 0.0028565 -0.054795 -0.011963 0.054795 0.017263 0.060803 0.0022138 0.060931 0.014778 -0.0017578 0.00093151 0.0047241 0.0031846 0.0027372 -0.03035 0.022492 0.030414 -0.23397 -0.063857 0.28118 0.083687 0.46877 -0.016548 0.46938 0.22583 -0.0075215 -0.011361 0.03974 0.028247 9.8079e-05 0.0018864 0.0018473 0.0036682 -0.1012 0.090122 0.19745 0.10823 0.30495 0.08023 0.3898 0.13077 -0.0029636 -0.026072 0.036691 0.029382 -0.00017714 0.00017714 0.00017714 0.00017714 0.0028459 -0.0085522 0.023251 0.016632 0.0079381 -0.018526 0.03316 0.041502 -0.0015611 -0.0071119 0.0022625 0.0076966
-0.00041983 0.0040162 0.0031363 0.0044674 -0.0058754 0.03932 0.031506 0.04515 -0.015793 0.020378 0.022085 0.027439 0.0025136 0.0013943 0.0028134 0.0060679 0.020224 -0.0086529 0.022894 0.040605 -0.0041784 -0.12042 0.13758 0.21576 0.18106 0.09064 0.34522 0.42882 -0.045529 0.051781 0.050502 0.065776 0.00361 -0.021479 0.013154 0.022196 0.020081 -0.11766 0.093294 0.15784 0.19015 -0.21126 0.50956 0.39759 0.0023976 -0.051183 0.014121 0.054218 -0.00048248 0.00023664 0.00085675 0.001167 0.016098 -0.0099988 0.019459 0.014294 -0.0086698 -0.013646 0.017554 0.015109 0.00076293 -0.00042128 0.0013719 0.00068438
0.0010182 -0.00033956 0.011342 0.0039467 -0.019014 0.0088939 0.03552 0.02289 -0.020102 0.010046 0.025944 0.013059 0.0077255 -0.0051287 0.0078667 0.0061036 -0.050199 -0.0020115 0.081084 0.032978 0.22154 0.03678 0.25692 0.20419 -0.22413 0.34813 0.29341 0.37133 -0.0099181 0.0075167 0.02497 0.020718 -0.051942 -0.0020929 0.062786 0.029369 0.39648 0.014992 0.4175 0.10889 -0.033442 0.049298 0.16709 0.15405 -0.080885 0.040589 0.082106 0.041168 -0.002079 0.0010265 0.0028765 0.002676 0.041296 -0.0083176 0.051241 0.042524 0.014283 -0.0064312 0.023082 0.033587 -0.0042982 0.0050546 0.0053686 0.0062494
0.0022989 -0.0095661 0.002738 0.0096505 0.030019 -0.071969 0.031053 0.072149 -0.0021551 -0.037701 0.030463 0.043732 -0.0022223 -0.00059022 0.0067495 0.0054512 -0.0036767 -0.0028464 0.0059763 0.0038351 0.34425 0.054335 0.34715 0.094427 -0.12164 -0.093973 0.36737 0.16103 0.093418 0.019848 0.1145 0.063319 -0.0016003 -0.0005379 0.0066679 0.0047134 0.32957 -0.018575 0.34934 0.083534 -0.27032 -0.00079011 0.35234 0.21418 0.099604 -0.061305 0.10222 0.083959 -0.0006665 0.00062843 0.0010009 0.00078009 0.033307 -0.001012 0.043161 0.0070335 0.00499 -0.0020871 0.065179 0.04252 0.00087269 0.0040596 0.0042326 0.0049895
0.0014277 -0.0014282 0.0044414 0.0072621 0.0083022 -0.014702 0.069846 0.030586 -0.033154 0.0059897 0.042789 0.015843 0.008072 -0.0051305 0.0080835 0.0062464 -0.017854 -3.1416e-05 0.032016 0.028452 -0.097083 -0.083223 0.50374 0.17789 0.34104 0.079317 0.38271 0.18237 -0.067876 0.045508 0.075463 0.051973 -0.010939 0.0053749 0.01224 0.017523 -0.026331 0.018892 0.16309 0.10537 0.33044 -0.087985 0.35407 0.28971 -0.015416 -0.011557 0.028813 0.048173 0 0 0 0 0 0 0 0 -0.00014741 0.00061558 0.00045424 0.00061558 4.8355e-05 4.525e-05 8.4481e-05 7.6146e-05
-0.00028644 -0.0065054 0.0061894 0.009342 -0.039826 -0.030248 0.075364 0.049442 -0.011608 0.027499 0.048577 0.033471 -0.00050141 0.0016867 0.0027631 0.0029611 -0.077379 -0.028362 0.08426 0.035924 0.12885 0.051085 0.2825 0.19176 -0.13129 0.19426 0.46815 0.25668 -0.00084855 0.0093149 0.029405 0.041218 -0.083556 -0.0064388 0.090005 0.032029 0.19035 -0.068995 0.31349 0.21696 0.051649 0.076301 0.41264 0.30079 -0.012374 0.027141 0.037943 0.048412 -0.013774 -8.0396e-05 0.01616 0.0057993 0.013198 0.00045101 0.015267 0.010867 0.075181 -0.021639 0.077217 0.036103 -0.0062683 0.0090761 0.0088994 0.013469
-0.0045787 0.0042648 0.006239 0.0070587 -0.00067572 0.013843 0.040841 0.043002 0.018165 -0.0063682 0.036485 0.029157 -7.0745e-05 -0.0015884 0.0032058 0.0048386 0.061318 -0.042948 0.064375 0.05586 -0.20389 0.03641 0.33678 0.15278 0.34354 0.041015 0.43187 0.098073 0.028855 0.019566 0.043223 0.047167 0.039233 0.019762 0.067073 0.03761 0.22229 0.088929 0.42041 0.19284 -0.010757 0.19429 0.22999 0.29671 0.013845 -0.025037 0.044447 0.036626 0.0017406 0.0012163 0.0093564 0.0039792 0.057317 -0.017119 0.060622 0.029983 -0.037277 -0.055577 0.044345 0.056011 -0.0031478 -0.00072256 0.0038224 0.003652
-0.0030033 -0.0011762 0.0030033 0.0013448 -0.003599 -0.011717 0.018206 0.015483 0.011497 -0.0033232 0.022259 0.014558 -4.506e-05 -0.0026919 0.0038102 0.0036034 -0.024798 0.023676 0.032032 0.036169 0.14349 0.035464 0.4141 0.20351 -0.13225 0.0065277 0.2995 0.26507 0.002702 0.0084297 0.058311 0.041489 -0.016072 -0.02872 0.019138 0.02872 0.17486 0.040678 0.39965 0.18479 -0.26197 -0.021773 0.48196 0.16878 0.027871 -0.0082527 0.068876 0.039118 -0.001508 0.0014635 0.0030438 0.0031865 -0.009094 -0.02282 0.066674 0.038739 -0.011359 -0.03823 0.039564 0.044276 0.011666 0.0037411 0.01392 0.0053001
0.00050266 -0.00064959 0.00098659 0.0014409 0.017653 -0.00064076 0.021602 0.020028 0.011006 0.022701 0.038461 0.027444 -0.0068822 0.0015838 0.0079989 0.0025152 0.0055132 0.0034022 0.01066 0.012874 0.13304 -0.018081 0.14873 0.11655 0.17392 -0.021932 0.27832 0.141 -0.04664 0.0060398 0.051474 0.02086 0.020116 0.0031635 0.020616 0.018354 0.21538 0.15769 0.30287 0.43869 0.06453 0.25397 0.45088 0.3899 -0.064061 -0.021866 0.068547 0.0289 0.0005709 0.0010178 0.0009949 0.0014187 0.058787 0.0030672 0.059691 0.015193 -0.030433 -0.039006 0.077269 0.044329 0.0012785 0.0013607 0.0055862 0.0036378
-0.0017704 -0.0014255 0.01131 0.0083564 -0.016546 -0.0058836 0.048553 0.028801 0.040975 -0.0060871 0.042718 0.010394 0.0054412 0.0029163 0.0062721 0.0039665 -0.024558 -0.010456 0.042126 0.043432 -0.099839 0.031158 0.41713 0.20394 0.28309 -0.080437 0.28309 0.12061 0.022182 -0.00017108 0.024999 0.024712 0.055145 0.011502 0.059935 0.062508 -0.28361 -0.036126 0.51507 0.21815 0.27 0.052851 0.2839 0.088332 0.033962 0.0034225 0.044379 0.013236 0.0031179 -0.0073688 0.0063664 0.0082006 0.011471 -0.021983 0.045178 0.029139 0.024109 0.0046441 0.030932 0.019291 0.0092806 0.00035585 0.014363 0.00596
-0.00089095 -0.0035272 0.0023206 0.0041151 0.00094438 0.0098089 0.010935 0.039794 0.016733 0.014064 0.036723 0.027371 0.0025219 0.0022772 0.0026257 0.0030296 -0.01337 0.028185 0.058787 0.052104 -0.031643 -0.10893 0.14272 0.17552 0.22414 -0.022545 0.29257 0.12102 -0.009143 0.00051101 0.032248 0.015792 -0.052121 -0.046343 0.064242 0.054894 -0.12808 0.01556 0.49527 0.27367 0.38748 -0.038364 0.46856 0.19327 0.017349 0.0011644 0.022358 0.027962 0.0044084 0.0015898 0.0075656 0.0075755 -0.028837 -0.0038438 0.058506 0.056367 0.048846 -0.012786 0.048953 0.022457 0.0031376 -0.0027291 0.0038442 0.0033987
-0.0039808 -0.0034853 0.0051133 0.0087143 -0.019121 -0.048066 0.026226 0.066069 0.020642 -0.0090124 0.06119 0.024977 -0.0024457 0.00086353 0.0025854 0.0020009 -0.092025 0.016377 0.1001 0.026328 0.00043264 0.037384 0.039429 0.047919 0.27852 0.01231 0.41413 0.11946 -0.051415 0.013183 0.054086 0.023537 -0.039271 -0.001152 0.058319 0.021918 -0.037118 0.15072 0.079829 0.57857 0.092811 -0.067525 0.18438 0.51743 -0.034364 -0.003996 0.036135 0.047303 0.0019037 -0.0011268 0.0058461 0.0055159 -0.027642 0.016578 0.029887 0.020674 -0.0017864 0.00031139 0.0033491 0.005702 -0.00012258 -0.00041655 0.00034953 0.00070743
0.0055177 -0.0061062 0.0080406 0.0066627 0.041891 -0.036789 0.068174 0.053928 -0.067989 0.017407 0.10033 0.02772 -0.0020366 0.001327 0.0025948 0.0036432 -0.011568 0.0042133 0.024902 0.018975 0.21598 0.082561 0.30427 0.13741 -0.1362 0.039984 0.22261 0.22926 -0.027542 0.027718 0.027542 0.031355 0.028817 0.02118 0.029509 0.062902 0.095796 0.051841 0.20818 0.44993 -0.041353 0.010462 0.42635 0.45873 -0.029248 0.018479 0.033733 0.058074 0.0026082 -5.7362e-05 0.0052962 0.0032719 -0.02242 -0.047588 0.04497 0.058478 0.025138 0.014057 0.064244 0.070829 -0.0049139 0.0002349 0.0049913 0.004714
0.00051165 -0.00022519 0.0015588 0.00098657 0.016068 -0.011569 0.043353 0.031644 0.017404 -0.038456 0.035666 0.053635 -0.0053918 0.003844 0.0067209 0.010377 -0.0011343 0.0033645 0.0096551 0.0088624 -0.019591 -0.051902 0.056794 0.055734 0.43755 0.054136 0.51422 0.20248 -0.031165 0.0033737 0.047045 0.020757 0.0048771 -0.0087353 0.011503 0.02261 -0.0099186 0.021734 0.051565 0.06661 0.46736 -0.0074783 0.47864 0.11692 -0.019439 0.0031909 0.025613 0.01962 2.2269e-05 0.0003041 6.4042e-05 0.00034905 0.012349 -0.0066063 0.013118 0.017178 0.029073 -0.026913 0.046408 0.044525 -0.0042345 -0.0050597 0.0058166 0.0071212
-0.00029395 -0.0015212 0.0010319 0.0019498 0.018477 -0.006602 0.047427 0.035224 0.0237 0.021136 0.047172 0.031909 0.0026707 0.0082102 0.010192 0.0083947 0.0060274 0.027275 0.023442 0.028019 0.10547 0.021047 0.55465 0.2743 0.047707 -0.10751 0.18562 0.164 0.0010412 -0.053617 0.019526 0.056816 0.0013303 0.0010354 0.014536 0.0095686 0.10117 0.068189 0.35624 0.24021 -0.03094 0.11561 0.4024 0.32631 -0.0034274 0.028525 0.050516 0.036528 0 0 0 0 0.0052863 -0.011488 0.066729 0.024604 0.040327 -0.0068727 0.1338 0.028399 -0.01444 -0.0040913 0.017647 0.0047579
-0.0026756 0.00037118 0.0037777 0.0021258 -0.035488 0.0018751 0.050035 0.014753 0.023792 0.039631 0.041966 0.049038 -0.002122 -0.0044718 0.0076923 0.016373 -0.014482 -0.0033993 0.022712 0.010816 -0.27042 -0.060503 0.28715 0.10341 0.39633 -0.0095076 0.4776 0.22735 -0.021972 0.013324 0.050875 0.056991 -0.01791 0.013159 0.018711 0.013798 -0.20904 0.0010746 0.22385 0.077677 0.28949 -0.011404 0.36104 0.19845 -0.054245 -0.047873 0.058787 0.054066 -0.0029688 -0.00015003 0.0033171 0.0031187 -0.033658 0.024498 0.044337 0.039161 0.012613 0.014539 0.049966 0.027657 0.0025521 0.0013947 0.0042643 0.003124
0.0012591 0.0011708 0.0013631 0.0020631 -0.014177 -0.027109 0.019011 0.030138 0.0039773 -0.010629 0.022141 0.033063 0.0028179 0.0071298 0.0031514 0.0089318 0.039817 -0.0080982 0.04117 0.028733 -0.25632 -0.027724 0.28922 0.20899 0.41489 0.11563 0.42487 0.1536 -0.033908 0.0073072 0.035995 0.031496 -0.0090402 0.0091052 0.018975 0.020876 0.018257 0.071045 0.11931 0.16591 0.25778 -0.023548 0.50377 0.16046 -0.029837 -0.0074405 0.036283 0.037792 -0.0052583 -0.00013335 0.0071006 0.0065448 0.0156 0.0071918 0.020669 0.026148 0.020822 0.024285 0.048228 0.03476 -0.010448 -0.0031574 0.016699 0.0063101
-0.0049119 0.0042541 0.010026 0.0070566 0.00080554 -0.015847 0.053341 0.066927 -0.019123 -0.030261 0.046129 0.055386 -0.0039175 -0.0010174 0.0062189 0.0054752 -0.043088 0.014219 0.10981 0.055334 0.10546 -0.067218 0.46359 0.36517 -0.11347 0.15385 0.28018 0.37215 -0.024211 0.0093193 0.032772 0.018253 -0.032619 -0.037256 0.075305 0.050558 0.13705 -0.026578 0.31797 0.21163 0.026124 -0.064533 0.23273 0.31099 -0.044157 0.018984 0.054029 0.047748 0.0030652 -0.0026543 0.0041553 0.0032839 0.0081737 -0.043065 0.019125 0.043361 0.012675 -0.040029 0.031557 0.047598 0.0079137 0.00072122 0.011947 0.015422
4.9923e-05 -0.0015571 0.0040631 0.0029581 0.034353 -0.02621 0.053488 0.035757 -0.010378 -0.03743 0.080515 0.052121 0.0016259 -0.0022855 0.0052685 0.0035731 0.0020302 -0.0031127 0.036484 0.015261 0.159 -0.06226 0.38073 0.29366 0.011492 0.010281 0.53752 0.18452 0.037834 0.010428 0.041263 0.021155 0.026174 -0.01838 0.039205 0.020037 0.17246 -0.065452 0.3503 0.18749 -0.011106 -0.18066 0.33771 0.22041 0.024344 -0.0015812 0.034748 0.024497 0.0048033 0.0073142 0.0057245 0.0082014 -0.0020117 0.0084974 0.0096985 0.015411 0.02118 0.0017524 0.021776 0.014338 0.0015142 -0.00085884 0.0038684 0.0021554
-0.00021407 -0.00084256 0.0017023 0.001975 0.002283 -0.0054545 0.06352 0.020074 0.055847 -0.026638 0.072691 0.03901 -0.014214 -0.0061745 0.014553 0.0075086 -0.0083164 0.003892 0.01241 0.013694 -0.13075 0.069912 0.20727 0.082042 0.25168 -0.093202 0.46254 0.36375 -0.0405 -0.014524 0.059909 0.030286 -0.020382 0.018719 0.021695 0.027301 -0.14301 0.18956 0.27935 0.28275 0.10134 0.017918 0.46515 0.18033 -0.023948 0.023008 0.04154 0.044024 -0.0014907 0.001597 0.0025672 0.003189 -0.020926 0.013272 0.023948 0.014972 -0.010213 -0.013223 0.064619 0.033241 0.0025882 0.00087582 0.0040503 0.0034374
-0.00026247 4.1505e-05 0.00029395 0.00096109 0.0010288 0.0019387 0.0032696 0.0043528 0.061052 0.012961 0.062791 0.017815 -0.0040659 0.00033433 0.0040659 0.00090828 -0.0020373 0.00014864 0.0023034 0.0041618 0.011461 0.01152 0.016769 0.017614 0.41285 -0.031539 0.48121 0.10062 -0.024751 0.0011763 0.024751 0.0055469 -0.0039479 0.022393 0.0044339 0.056759 -0.0059426 0.083929 0.039565 0.39273 0.33555 0.035538 0.4554 0.23279 -0.019105 0.00040426 0.019216 0.012528 -0.0010662 0.010667 0.0033944 0.016019 -0.009927 0.10104 0.024225 0.12942 0.017226 0.038548 0.031966 0.051847 -0.0019495 -0.00053744 0.0026111 0.0018093
0.0033391 -0.00040269 0.0044835 0.0017017 0.031262 -0.0049002 0.049133 0.029805 0.030379 -0.028333 0.069815 0.068315 -0.012527 -0.0079945 0.014669 0.01402 0.022779 -0.00024001 0.02292 0.017938 0.16941 -0.0047538 0.21093 0.15638 -0.031095 -0.0025756 0.53619 0.32233 0.024712 0.011236 0.032302 0.063746 0.037887 -0.024067 0.042951 0.026894 0.18725 -0.13104 0.21622 0.30247 -0.016353 -0.18516 0.31019 0.38702 -0.016143 -0.0018567 0.026489 0.056349 0.0017688 -0.0040956 0.0055892 0.0051728 0.025292 -0.033424 0.025895 0.033424 0.028986 0.00067301 0.03829 0.027936 -0.0016102 -0.00012725 0.0062014 0.0032165
-0.00081343 -0.0020947 0.0023284 0.0049815 0.01728 -0.010956 0.024509 0.015853 0.0061891 0.021252 0.0083564 0.021565 0.00048587 0.0010407 0.002492 0.0032185 -0.0047374 -0.003143 0.0079103 0.012399 0.12112 -0.077919 0.32732 0.1932 0.16333 -0.16868 0.21644 0.33076 -0.023026 0.0061067 0.052814 0.069171 -0.0036849 0.0015009 0.012128 0.010884 -0.026097 -0.035821 0.056104 0.046397 0.4638 0.11638 0.55462 0.22677 -0.029455 0.016427 0.059908 0.033048 0.0015584 -0.0037239 0.0016458 0.0040437 -0.0028957 -0.0019528 0.0088289 0.0087908 0.072902 -0.00054512 0.075989 0.017349 -0.0031876 0.00075291 0.0037252 0.0025871
0.0011368 0.00067139 0.0015151 0.0078879 -0.009831 -0.0084759 0.07885 0.027884 -0.0083654 -0.023646 0.017579 0.041557 0.01316 -0.0024187 0.016713 0.0050516 -0.0038917 -0.0091118 0.0059957 0.010652 0.27762 -0.043071 0.39967 0.096263 -0.16539 0.20633 0.3337 0.40044 0.048553 0.013115 0.062958 0.029781 0.014366 0.028092 0.023817 0.034554 0.13396 0.092142 0.34244 0.34426 0.073919 0.011215 0.25602 0.19255 0.03928 0.027415 0.062762 0.069866 -0.00075712 -0.0001483 0.0053019 0.0036332 -0.002902 -0.013494 0.059937 0.054163 0.004989 -0.00069013 0.025392 0.022837 0.0027637 -0.0080543 0.0033298 0.0095328
0.0048935 -0.0023718 0.0065138 0.0039328 -0.034598 -0.0081334 0.043781 0.019566 0.071998 -0.0030237 0.084843 0.023171 -0.0094466 0.005101 0.0095038 0.0076763 -0.023263 -0.023244 0.042897 0.047436 -0.013572 -0.017196 0.19299 0.1272 0.34968 -0.18244 0.41012 0.41057 -0.024239 -0.050421 0.040765 0.12835 -0.014868 0.0052822 0.023727 0.015778 -0.093412 -0.0084899 0.17798 0.063001 0.16887 -0.085413 0.48061 0.29491 0.032381 -0.0063358 0.059694 0.059412 0.00064202 0.00088464 0.0020637 0.0011879 -0.0088224 0.014259 0.040066 0.017025 0.0074867 0.010124 0.021085 0.014781 -0.0027923 0.00023258 0.0041036 0.0023459
-0.00068752 -0.00033344 0.0010108 0.0023125 0.034911 0.015176 0.08444 0.04721 0.0032364 0.00079413 0.052674 0.04088 -0.00036204 0.0030089 0.0048107 0.0046474 0.016432 0.0074433 0.020832 0.012658 0.040937 -0.095251 0.48919 0.19435 0.21007 -0.029161 0.50624 0.30787 0.025691 0.014069 0.038014 0.019133 0.10566 0.015304 0.111 0.024214 -0.1334 0.06074 0.21829 0.17005 0.21096 -0.031484 0.26647 0.22469 0.025133 -0.0017836 0.03681 0.031165 0.011195 0.00249 0.011356 0.002791 -0.021401 0.010699 0.029938 0.024557 0.023923 -0.0036074 0.032798 0.027527 0.0053955 -0.0010348 0.0093205 0.0055645
-0.00238 -0.0037136 0.0046103 0.0046507 -0.048666 -0.020107 0.052563 0.025132 0.055017 0.013629 0.065674 0.033626 -0.0112 -3.1772e-05 0.01141 0.00089285 -0.03904 -0.023844 0.046423 0.039432 -0.11436 -0.093924 0.1911 0.17455 0.28914 0.09667 0.43553 0.42073 -0.069882 0.0083737 0.071668 0.025853 -0.043808 -0.028622 0.045144 0.034277 0.072705 0.15376 0.13978 0.23092 0.21028 -0.08812 0.37194 0.33344 -0.061141 -0.0070308 0.063062 0.019389 -0.0005995 0.0019337 0.0029083 0.0038354 0.01661 0.0087372 0.022531 0.018265 0.011665 0.0051866 0.022624 0.018963 -0.0074571 -2.0625e-05 0.0074571 0.00032053
