0 0 0 0 0 0 0 0 0 0 0 0 0 0 0 0 0 0 0 0 -0.21962 -0.20387 0.21996 0.21999 0.22521 -0.20192 0.22556 0.20218 0 0 0 0 0 0 0 0 -0.37597 0.15762 0.37597 0.15762 0.36483 0.103 0.36483 0.12705 0.00010426 -4.371e-05 0.00010426 4.371e-05 0 0 0 0 -0.034917 0.0040002 0.034917 0.0040002 0.028474 -0.0045174 0.038591 0.007066 -2.8422e-06 -0.0004869 5.0723e-05 0.00052516
0 0 0 0 0 0 0 0 0 0 0 0 0 0 0 0 0 0 0 0 -0.21273 -0.19811 0.21273 0.19966 0.21378 -0.1906 0.21378 0.19292 0 0 0 0 0 0 0 0 -0.39323 0.1455 0.39323 0.1522 0.37867 0.083991 0.37867 0.10845 0 0 0 0 0 0 0 0 -0.04083 0.0066994 0.04083 0.0067863 0.035186 0.001481 0.038463 0.008943 0 0 0 0
-3.8111e-05 6.6697e-06 7.9233e-05 6.6697e-06 -0.032387 -0.0004357 0.032387 0.0040755 0.019234 -0.0010798 0.071901 0.0064328 5.9934e-05 -6.6155e-06 5.9934e-05 4.1928e-05 -0.0069942 -0.038675 0.0069942 0.038675 -0.23172 -0.33181 0.25696 0.33322 0.22386 0.0021638 0.38132 0.051501 0.00085764 -0.0002579 0.00094939 0.0002579 0.0063632 0.031316 0.0095563 0.073046 -0.12185 0.31569 0.20316 0.32595 0.19091 0.020404 0.36841 0.039358 0.0014977 -0.00017901 0.0015894 0.00061408 1.5545e-05 2.5931e-06 1.6691e-05 4.048e-05 -0.04699 -0.0034881 0.047234 0.0066426 0.038492 0.0018457 0.03887 0.0078574 0.00017726 1.8777e-05 0.00017726 6.5063e-05
-2.9143e-06 0.00023024 1.8593e-05 0.00023024 -0.029265 0.0068365 0.029291 0.0089237 0.026018 -0.0049539 0.050635 0.0060293 0 0 0 0 0.0022001 -0.044441 0.0029358 0.044441 -0.11945 -0.27343 0.14506 0.29081 0.15034 -0.001966 0.47611 0.02677 0 0 0 0 -0.00206 0.045781 0.0024186 0.045781 -0.1154 0.27282 0.16289 0.29253 0.1394 -0.019862 0.55921 0.033527 0 0 0 0 6.0623e-06 -1.3796e-05 2.5974e-05 3.047e-05 -0.020231 -4.9826e-05 0.020235 0.0020351 0.013664 0.0020923 0.086476 0.0044795 0 0 0 0
1.9672e-05 5.653e-05 2.4921e-05 6.9831e-05 0.010954 -0.007038 0.11111 0.016784 0.0069494 0.0020093 0.0069494 0.0020997 0 0 0 0 0.0071404 -0.028873 0.0080179 0.028873 0.16167 0.025087 0.67231 0.14349 0.0037758 0.00034406 0.0037758 0.0029401 -0.00010522 3.1199e-05 0.00018809 0.00034568 -0.0085074 0.010937 0.017681 0.068202 0.10085 -0.039387 0.27363 0.45885 0.091925 -0.20957 0.10792 0.33606 0.0061141 -0.018627 0.0063088 0.018687 -0.00030484 0.00052023 0.00041082 0.00054401 -0.011007 0.029232 0.011084 0.029471 -0.014289 0.033702 0.015434 0.047575 -0.00037744 0.0014764 0.0022645 0.0087814
-3.399e-05 -1.5597e-05 3.399e-05 2.8027e-05 0.022896 0.0030047 0.11937 0.013617 0.0013419 0.00015153 0.0020935 0.0010509 0 0 0 0 -0.001816 -0.0084391 0.0056681 0.0086748 0.18965 0.029898 0.6936 0.098146 0.0042623 0.00037869 0.0054385 0.0046437 0 0 0 0 0.0019206 -0.021229 0.0095741 0.05678 0.12053 -0.024448 0.37432 0.33342 0.027854 -0.20454 0.094816 0.35894 0.013814 -0.031277 0.014149 0.031277 -0.0014952 0.0057042 0.0015081 0.0057116 -0.0084822 0.025956 0.0085418 0.039232 -0.0077496 0.0205 0.01316 0.031888 -0.0028407 0.0071554 0.0031899 0.008248
0.0001996 -0.0043905 0.00067459 0.0043905 0.0020517 -0.034571 0.0060472 0.034662 0.0010033 -0.037091 0.0025272 0.037151 0.00013481 -0.0051554 0.00045189 0.0052271 -0.0054341 0.030034 0.012836 0.062703 0.081284 0.067005 0.28974 0.39548 -0.0095175 0.20679 0.04552 0.5268 -0.0027782 0.029665 0.0094232 0.080123 -0.00064078 0.00036792 0.00069046 0.00036792 0.14732 -0.025365 0.60356 0.094949 0.0016595 0.0010063 0.0042835 0.0044694 -0.00033665 0.00071536 0.0010138 0.0010091 -0.00015101 3.5847e-05 0.00015101 4.1858e-05 0.018076 -0.0013386 0.11089 0.0082971 0.0010486 -0.00048804 0.0012975 0.00053772 4.7939e-05 -2.6644e-06 5.658e-05 6.8109e-06
-3.5595e-05 0.00096821 3.9917e-05 0.001014 -0.025475 0.0072862 0.025905 0.0080643 0.024462 0.0024332 0.037825 0.0038266 0 0 0 0 0.0018031 -0.046274 0.0026495 0.047073 -0.10423 -0.35443 0.1539 0.36286 0.15827 -0.021119 0.36941 0.029875 0 0 0 0 -0.0032763 0.048321 0.0033672 0.048321 -0.14961 0.35416 0.17869 0.35804 0.18306 -0.010035 0.42911 0.021612 0 0 0 0 0 0 0 0 -0.032564 -0.002969 0.032564 0.0040299 0.027509 -0.0053703 0.059951 0.0095485 0 0 0 0
0.00045184 -0.0026269 0.00077134 0.0057968 0.0029936 -0.020282 0.0050529 0.03903 0.0021582 -0.025766 0.0031255 0.027133 0.00038927 -0.0055133 0.0010683 0.0055133 -0.015544 0.026576 0.022717 0.064264 0.11735 0.027001 0.31169 0.29339 -0.015806 0.1977 0.0452 0.42011 -0.0037425 0.03183 0.0082846 0.077724 -0.0032395 0.0023378 0.0041139 0.0028654 0.19498 -0.018263 0.7154 0.073985 0.0023643 0.0066065 0.006014 0.0097455 -0.00024992 0.00013167 0.000665 0.0013375 -0.00023868 0.00011892 0.0002524 0.00015256 0.026385 -0.0058596 0.10519 0.023136 0.00030073 -7.4978e-05 0.00036607 0.00018791 3.001e-06 8.0593e-05 3.001e-06 8.0593e-05
0 0 0 0 0.013444 -0.0006677 0.080143 0.010841 0.0024961 0.0079814 0.0050965 0.0079814 -0.00060888 0.0022035 0.00070406 0.0027737 -0.0012113 -0.0007621 0.0012113 0.0007621 0.14736 0.014253 0.6371 0.07664 0.0042344 0.00036817 0.0042344 0.001419 -9.1807e-06 3.2122e-06 2.3468e-05 2.3468e-05 -0.011567 -0.0024837 0.011567 0.0025954 0.068772 -0.02071 0.44491 0.33646 0.031386 -0.12075 0.09428 0.46066 0.0060122 -0.023869 0.0075296 0.035321 -0.0071363 -0.0012229 0.0071363 0.0012241 0.026824 0.0051089 0.055051 0.0070783 -0.0025576 0.0069682 0.0025576 0.0069682 -0.0023127 0.0090041 0.0023201 0.0090041
-9.6219e-05 0.0014387 0.00013552 0.0028933 -0.051337 0.011074 0.051512 0.018331 0.054771 -0.0045388 0.054771 0.0045388 0 0 0 0 0.0016697 -0.056529 0.0019684 0.056529 -0.19409 -0.31496 0.21145 0.35634 0.23492 -0.028608 0.34359 0.039621 0 0 0 0 -0.00082893 0.056224 0.0020742 0.056724 -0.12597 0.3469 0.14835 0.34778 0.16381 0.010685 0.4254 0.031959 0 0 0 0 4.8753e-05 -0.00091153 5.5408e-05 0.00091153 -0.018316 -0.0046715 0.018322 0.0067273 0.013052 -0.003312 0.046475 0.0067366 9.5367e-06 -3.3535e-06 9.5367e-06 9.5367e-06
-1.6692e-05 -7.8986e-06 2.8714e-05 2.0295e-05 0.0060471 0.0012743 0.10128 0.016721 0.0067397 0.0025318 0.0067397 0.0025828 0 0 0 0 0.0099378 -0.025133 0.0099485 0.025501 0.1225 0.024873 0.69621 0.13064 0.0043255 -0.00064302 0.0043255 0.0031794 9.7508e-05 -0.00025967 9.7508e-05 0.00025967 -0.0041689 0.012031 0.024327 0.077374 0.089254 -0.043201 0.33293 0.42982 0.085082 -0.19508 0.10307 0.31019 0.006057 -0.017667 0.0062838 0.018203 -6.7897e-05 0.00016891 8.8754e-05 0.00016891 -0.0077946 0.022696 0.0079329 0.022696 -0.017252 0.042084 0.017252 0.042084 -0.00016031 0.0027136 0.0019729 0.0085754
-0.00012305 -4.3589e-06 0.00012305 4.3958e-05 0.021059 -0.00050804 0.10821 0.0092532 0.00021727 5.764e-05 0.00062338 0.00022411 -1.1361e-05 7.2421e-07 1.4133e-05 2.0485e-06 -0.00083703 -0.0010906 0.0010826 0.0012476 0.16985 0.0046337 0.70879 0.090878 -0.0014919 -0.0019757 0.0035865 0.0019757 0.0001228 -0.000392 0.00025799 0.00049159 -0.00076557 -0.02515 0.010082 0.065385 0.095307 -0.0023578 0.26415 0.40921 0.023687 -0.16728 0.044579 0.40203 5.8784e-05 -0.023522 0.0033741 0.052932 -0.00039027 0.0012859 0.00060787 0.0012859 -0.0011495 0.014536 0.0034025 0.014536 -0.00016283 0.020918 0.0023317 0.021105 -1.534e-06 0.0039287 0.0002932 0.0039676
1.1326e-05 6.6345e-05 4.068e-05 6.9169e-05 -0.029785 -0.0011741 0.029851 0.0045515 0.021778 0.00056297 0.065685 0.0060084 7.2629e-06 1.9348e-05 7.2629e-06 1.9348e-05 -0.0069626 -0.033839 0.0069626 0.033839 -0.19298 -0.32506 0.19298 0.33193 0.20532 0.0051876 0.43584 0.042132 0 0 0 0 0.0068932 0.029574 0.0082326 0.05474 -0.11867 0.33186 0.14931 0.34565 0.1598 0.022854 0.40615 0.038007 0 0 0 0 -8.0506e-06 -1.3315e-05 8.223e-06 1.3315e-05 -0.027079 -0.00071044 0.027079 0.0029729 0.021663 0.0029506 0.048382 0.0054306 0 0 0 0
3.4999e-05 -0.0055181 0.00020837 0.0055181 0.00085673 -0.037698 0.0034442 0.037698 0.0012769 -0.034981 0.0023575 0.035451 -3.7946e-05 -0.0042091 0.00032095 0.0043975 0.0076186 0.033477 0.018436 0.08151 0.074939 0.075295 0.32241 0.45564 -0.00059768 0.1936 0.061424 0.47548 0.0034418 0.025286 0.010928 0.068165 -0.00077356 0.00094994 0.00082698 0.00094994 0.14097 -0.023353 0.59018 0.090331 0.0021299 0.0033394 0.0026101 0.0041388 6.2879e-05 0.00058027 0.00023534 0.00058027 0 0 0 0 0.017073 -0.0029367 0.1157 0.013472 0.0011323 -0.00037562 0.0016435 0.00037562 0 0 0 0
-2.3895e-05 -4.7376e-05 2.3895e-05 5.0092e-05 -0.0038819 -0.010608 0.0039677 0.010608 -0.017327 -0.06873 0.017327 0.068799 -0.0015944 -0.0052461 0.0026305 0.0090567 -0.0027165 -0.0049429 0.016116 0.068882 0.072436 -0.0098841 0.25673 0.46067 0.0574 0.24155 0.07097 0.36313 0.0073902 0.026558 0.0081351 0.026754 0.0043391 0.022266 0.0051741 0.022364 0.16843 0.0085145 0.67173 0.084084 0.002877 0.0017436 0.004451 0.0048778 8.1523e-05 0.00028907 8.1523e-05 0.00028907 2.2049e-05 2.9381e-06 7.1902e-05 1.2721e-05 0.019886 -0.0029298 0.11223 0.012381 0.00054074 -0.00015151 0.00054074 0.00029931 0 0 0 0
-0.010063 0.00108 0.010063 0.0011082 0.035348 -0.0044468 0.063119 0.0055684 0.00047066 -0.00049482 0.0011716 0.0010063 -0.00017265 -0.0013083 0.00021653 0.0013083 -0.037186 0.0053388 0.037351 0.0055031 0.081624 0.055316 0.44927 0.28816 0.011744 0.12808 0.022954 0.59481 0.0022665 0.020488 0.007718 0.060827 -0.015129 0.0022003 0.015294 0.0023962 0.18078 -0.016478 0.52667 0.050033 0.0029202 0.0067902 0.003313 0.0078812 -4.4156e-05 0.00029058 0.00018717 0.00070032 -0.00025472 6.8721e-05 0.000296 0.00012657 0.021962 -0.0011153 0.089615 0.0078573 0.0012348 -0.00034533 0.0012348 0.00048835 0 -4.7931e-06 0 4.7931e-06
-0.0034714 0.00052104 0.00348 0.0010387 0.02652 0.00090966 0.060148 0.0078488 -0.0062185 -0.021827 0.0065639 0.021842 -0.0030295 -0.012218 0.0031299 0.012229 -0.033427 0.00042023 0.033427 0.0045498 0.079496 0.020531 0.34564 0.36212 0.044498 0.17731 0.11833 0.48535 0.0077949 0.032297 0.0087883 0.037779 -0.041097 0.0024491 0.041097 0.0056014 0.22878 -0.014325 0.60816 0.12245 0.0074317 -0.0016722 0.0074317 0.0065655 0 0 0 0 -0.0045819 0.00029665 0.0046097 0.00046182 0.0305 0.0065235 0.082885 0.013883 0.00070467 -0.00027929 0.0010977 0.00087983 -2.8759e-05 -0.00010071 5.0983e-05 0.00014184
-2.1481e-05 -2.1481e-05 2.1481e-05 2.1481e-05 0.0032437 0.0011379 0.080659 0.012115 0.010305 0.0046742 0.010473 0.0047213 -5.0139e-05 0.00065879 7.1684e-05 0.00065879 -0.0023542 -0.0013262 0.0024524 0.0014008 0.12395 0.032527 0.54409 0.10214 0.0059297 0.0026626 0.0090231 0.0042331 0.00013576 -0.00051411 0.00013576 0.00058379 -0.022141 -0.0033747 0.022141 0.0039989 0.058613 -0.056286 0.3922 0.32094 0.002968 -0.12589 0.017853 0.6167 8.1216e-05 -0.017836 0.0022854 0.070215 -0.0059977 -0.00075014 0.0059977 0.00075574 0.02743 0.0053499 0.053935 0.0093395 0.00021008 0.0011442 0.00033939 0.0011442 1.047e-05 0.00010769 5.5752e-05 0.00010769
-3.7457e-05 -3.3065e-05 8.7097e-05 3.3065e-05 0.015006 0.0023338 0.11362 0.010474 0.00051832 5.7223e-05 0.00051832 5.7223e-05 -6.2926e-05 -6.2953e-05 0.0001175 6.457e-05 0.0033704 -0.010076 0.0038675 0.010076 0.12081 0.013093 0.59546 0.083469 -0.00033326 -0.0022717 0.0010945 0.0025832 -0.0008997 -5.1329e-05 0.0011719 0.00026691 -0.00090818 -0.0050135 0.021363 0.084333 0.075951 -0.043246 0.32075 0.51985 0.060339 -0.20943 0.094174 0.39789 0.0066579 -0.03044 0.011075 0.031072 -6.3945e-05 0.00011358 6.3945e-05 0.00011358 -0.0050861 0.012778 0.0052433 0.012778 -0.012958 0.045149 0.012958 0.045294 -0.0017406 0.011544 0.0017856 0.012528
3.3471e-05 -0.00015786 3.7182e-05 0.00018211 -0.012349 -0.0064519 0.012524 0.0064519 0.010635 -0.0266 0.016781 0.0266 2.9166e-05 -2.9166e-05 2.9166e-05 2.9166e-05 0.0042698 -0.024574 0.010496 0.098451 -0.084901 -0.34111 0.1863 0.40828 0.20877 -0.032238 0.27818 0.053949 0.0007278 0.00011563 0.0007278 0.00011563 -0.0054015 0.033527 0.0060223 0.033644 -0.2433 0.35453 0.24971 0.3558 0.26532 0.028703 0.28513 0.067323 0.00034771 -3.8837e-05 0.00034771 0.00017214 1.0356e-05 3.1746e-05 3.1746e-05 3.1746e-05 -0.032789 -0.00054333 0.032789 0.0018651 0.027718 -0.00018345 0.036566 0.0049841 0 0 0 0
-7.2049e-06 -8.2153e-05 7.2049e-06 8.2153e-05 -3.1655e-05 -0.00040404 0.0001403 0.00040404 -0.012977 -0.037733 0.012977 0.037733 -0.0098082 -0.011553 0.01288 0.011639 -0.0056601 -0.014328 0.020584 0.063965 0.051145 -0.020126 0.31369 0.45454 0.062105 0.18034 0.10141 0.35254 -0.0072753 0.044149 0.01606 0.044149 0.0055939 0.02333 0.0056691 0.023406 0.12871 -0.0037612 0.68123 0.11608 0.0021601 0.0011145 0.0028419 0.0021601 2.8565e-05 0.00032571 2.8565e-05 0.00032571 -5.4618e-05 1.2655e-05 6.9139e-05 1.475e-05 0.011719 -0.00093312 0.11209 0.018264 0.0015434 -0.00069565 0.0015434 0.00072065 0 0 0 0
-2.6432e-05 -2.3082e-06 0.00015343 2.4673e-05 0.018123 0.0028055 0.10771 0.010612 0.00033574 0.00016886 0.0003649 0.00036625 -1.3343e-05 1.9049e-07 1.3343e-05 1.5261e-06 -0.0010572 -0.00071326 0.0014283 0.0010844 0.14508 0.0064279 0.66814 0.076657 0.0040907 -0.0027749 0.0053817 0.0040796 -0.00064569 -0.00028501 0.00083128 0.00028501 -0.0035159 -0.0237 0.0074225 0.063813 0.078964 -0.022752 0.25253 0.422 -0.0020846 -0.18132 0.061035 0.46631 0.0011532 -0.028311 0.011296 0.075182 2.4565e-05 0.00072867 0.00012982 0.00072867 -5.1413e-05 0.0071978 0.0015871 0.0071978 -0.0012567 0.014561 0.003957 0.014561 -0.00012726 0.0026179 0.00041773 0.0026179
-0.0011309 -0.0091069 0.0011355 0.0091069 -0.011247 -0.075394 0.011443 0.075394 -0.0040724 -0.03174 0.0065227 0.064262 0.00037852 0.0032948 0.0025203 0.011749 -0.0050947 0.032947 0.0095879 0.060145 0.14687 0.095876 0.40273 0.34882 0.033449 0.21389 0.033449 0.33943 0.0055055 0.018442 0.0056852 0.024323 -0.0069429 0.0031269 0.0071206 0.0032304 0.19779 -0.0087714 0.66707 0.069896 0.0056729 0.0005579 0.00658 0.0032526 -0.00031473 0.00021546 0.00031473 0.00021546 -0.00035495 -1.7298e-06 0.00037986 4.0026e-05 0.02743 -0.0010292 0.09579 0.002784 0.00036234 3.9568e-05 0.0005544 0.00021546 0 0 0 0
-0.0044146 0.00063087 0.0044146 0.00065554 0.026162 -0.0045146 0.068507 0.0070899 -6.1891e-05 -0.00087735 0.00019072 0.00087735 -7.4405e-06 -0.00020739 4.7807e-05 0.00020739 -0.0063379 0.0017397 0.0063379 0.0018853 0.05772 0.04664 0.39738 0.37689 0.0077946 0.10529 0.024096 0.55268 0.00017374 0.015374 0.0010578 0.071613 -0.0010995 2.2509e-06 0.0011672 0.00035715 0.12922 -0.011484 0.57936 0.067232 -2.3794e-05 0.0023226 0.00013101 0.0025846 -2.7694e-06 0.00034732 7.0793e-06 0.00036148 -7.449e-05 3.6847e-05 7.449e-05 3.6847e-05 0.0051436 -0.0019976 0.080052 0.015951 0.00062547 -0.022195 0.0039199 0.045968 2.0322e-05 -0.0035714 0.00011103 0.0074542
-0.00019888 -6.8302e-05 0.00019888 9.5983e-05 0.01732 0.0079022 0.10061 0.01645 -0.0035905 0.019625 0.0070664 0.027749 -0.0010706 0.004676 0.0018339 0.008801 -0.0017998 -0.000381 0.0019095 0.0011577 0.16139 0.035091 0.67313 0.073462 0.00041371 0.00018163 0.00064249 0.00093649 -0.00011344 0.00036731 0.00011344 0.00036731 -0.016389 -0.0031473 0.016389 0.0033 0.053116 -0.028317 0.36666 0.34353 0.046098 -0.13108 0.094168 0.46152 0.0057346 -0.026905 0.0069856 0.034277 -0.0075358 -0.00090765 0.0075358 0.00090765 0.023579 0.0048229 0.033377 0.005214 -0.0034431 0.010565 0.0035064 0.010565 -0.0026151 0.011297 0.0026296 0.011297
4.7119e-05 0.00013525 7.0494e-05 0.00014914 -0.043652 0.0020301 0.043652 0.0033964 0.038015 0.0023891 0.039669 0.0041412 0 0 0 0 -0.0064132 -0.020213 0.0064406 0.020213 -0.18327 -0.34213 0.2316 0.35185 0.19786 -0.0039149 0.39478 0.025468 0.0004834 5.0517e-05 0.0004834 0.00032651 0.0048935 0.012454 0.011925 0.09591 -0.087499 0.35619 0.17397 0.37076 0.16229 0.018096 0.35511 0.030457 0 0 0 0 -8.6281e-05 3.6002e-05 0.00012296 5.5001e-05 -0.023438 -0.0029184 0.02376 0.0056078 0.017619 0.0045614 0.038639 0.0057843 0 0 0 0
0 0 0 0 0.013439 0.0029068 0.11562 0.013943 0.00020247 0.00013935 0.00020247 0.00013935 -0.0016719 -0.00024702 0.0028757 0.00028008 -0.00035384 -0.00073407 0.00056969 0.00073407 0.11841 0.013469 0.64391 0.085438 -0.000967 -0.0022441 0.0022654 0.0022441 -0.016549 -0.0031617 0.031816 0.0051566 0.00058104 -0.016561 0.0053899 0.07607 0.079588 0.0017212 0.28703 0.52935 0.015202 -0.1029 0.032217 0.39775 -0.015089 -0.01081 0.03319 0.047361 1.5063e-06 1.5063e-06 1.5063e-06 1.5063e-06 -9.6544e-05 0.00037305 9.6544e-05 0.00037305 0.00010381 0.0008843 0.00042569 0.0010652 -2.529e-05 6.6658e-05 6.2266e-05 6.6658e-05
-0.0018428 -0.00033329 0.0018428 0.000522 0.032739 0.0050154 0.11125 0.012987 0.00043748 0.00029532 0.00050238 0.00033226 -5.0115e-06 4.6011e-05 5.9237e-06 5.3618e-05 -0.024543 -0.0033923 0.02474 0.0072325 0.23373 0.0076753 0.60205 0.066298 0.0013867 -0.0039199 0.0019513 0.0039199 5.4059e-05 -0.00024164 5.4059e-05 0.00024164 -0.042596 0.00045498 0.042596 0.0077732 0.054202 -0.03034 0.32298 0.35265 0.075028 -0.17629 0.11643 0.51831 0.0041093 -0.0303 0.0069003 0.059079 -0.0081611 -0.0011745 0.0081621 0.0019701 0.029742 0.0040365 0.043069 0.010539 -0.0038084 0.018239 0.0044817 0.018663 -0.0012897 0.0087954 0.0014048 0.0087954
0 0 0 0 -0.047227 0.0013423 0.047227 0.004104 0.039732 0.0033026 0.03987 0.0086394 0 0 0 0 -0.0046992 -0.023396 0.0046992 0.023396 -0.23642 -0.37196 0.23642 0.38153 0.24626 -0.0043366 0.24626 0.044638 0 0 0 0 0.0041372 0.017753 0.0072511 0.084538 -0.058955 0.38943 0.12817 0.39353 0.11387 0.012912 0.34331 0.045866 0 0 0 0 5.6564e-07 -2.1049e-06 2.1049e-06 2.1049e-06 -0.01538 -0.00017798 0.015779 0.00075623 0.0079273 0.00054381 0.067116 0.0028399 0 0 0 0
0.00047723 -0.0053079 0.00069671 0.0053304 0.00047412 -0.034798 0.0041339 0.034948 0.0038511 -0.021409 0.0040492 0.021409 8.7739e-05 -0.00055665 0.00040211 0.00055665 -0.0040017 0.027101 0.0087858 0.05596 0.083246 0.050963 0.38454 0.35476 -0.0099475 0.15318 0.048773 0.37332 0.0030775 0.016482 0.011664 0.042846 -0.0016313 0.00065873 0.0016313 0.001802 0.14257 -0.012446 0.7117 0.061787 0.0023284 0.0037934 0.0067622 0.0076474 -0.00021722 0.00078361 0.00093943 0.001384 -0.00011328 3.1068e-05 0.00011328 3.4257e-05 0.018801 -0.00044744 0.10224 0.0033616 0.00078291 -1.4909e-05 0.00082445 0.0001436 -1.4448e-05 4.0119e-05 1.4448e-05 4.0119e-05
0 0 0 0 -0.0017498 -0.0038122 0.0017498 0.0038122 -0.013641 -0.051803 0.013662 0.051926 -0.0024325 -0.0048668 0.0025908 0.009947 0.00070335 -0.005942 0.021855 0.092666 0.069891 -0.0037544 0.25601 0.52722 0.074064 0.19806 0.087591 0.29545 0.0056094 0.023288 0.0064473 0.023504 0.004467 0.02152 0.0056512 0.02152 0.14569 0.00092672 0.66838 0.11147 0.0016043 0.0022885 0.0050643 0.0035682 7.5093e-05 0.0004497 0.00019665 0.00048608 -1.974e-05 1.8996e-05 3.7978e-05 3.1825e-05 0.015508 -0.0024215 0.11793 0.012723 0.00097994 -6.2157e-05 0.0016603 0.00036165 -1.9676e-06 5.0295e-06 5.0295e-06 5.0295e-06
0.00026765 -0.0062618 0.00052679 0.0062618 0.00019323 -0.033754 0.0031954 0.033754 0.0021161 -0.024382 0.0033924 0.024442 0.00018004 -0.0025375 0.00018004 0.0025375 -0.0021258 0.027251 0.0086253 0.059017 0.08565 0.065169 0.36946 0.39754 -0.020291 0.16522 0.040156 0.51275 -0.0013351 0.023041 0.008883 0.081385 -0.0002963 0.00035418 0.0003398 0.00039869 0.11835 -0.011009 0.59767 0.049151 0.00087119 -0.0012842 0.0040762 0.004647 -0.0032612 0.00095175 0.0034402 0.00095175 0 0 0 0 0.014483 -0.0029318 0.11088 0.01324 0.00051439 0.00020312 0.0011818 0.00048243 -7.1495e-05 1.6501e-05 7.1495e-05 1.6501e-05
-0.00017153 -6.3985e-05 0.00017153 6.3985e-05 0.020595 -0.0034648 0.12031 0.024186 0.0018382 -0.00050579 0.001889 0.00061106 -1.1888e-05 1.4201e-06 1.1888e-05 2.8491e-06 -0.0015372 -0.00059576 0.0019455 0.0010576 0.1637 0.017075 0.69379 0.08558 0.0064609 -0.0016011 0.0097572 0.013525 6.0204e-05 -0.00090493 0.00044854 0.00091242 0.0052796 -0.034347 0.016328 0.087846 0.10449 -0.038068 0.34532 0.37523 0.017708 -0.19201 0.061077 0.37254 -0.00064436 -0.02511 0.0075615 0.048108 -0.00066483 0.0035671 0.001204 0.0035714 -0.00087964 0.031501 0.0061979 0.031501 0.00082905 0.031378 0.0071864 0.031378 -0.00016638 0.004334 0.00099222 0.0043679
-3.5689e-06 8.5071e-06 3.5689e-06 8.5071e-06 0.0053491 0.0072599 0.071087 0.020408 0.0012545 0.019414 0.0019389 0.047899 0.00012446 0.0024815 0.00025923 0.0046081 -0.00014194 -0.00032203 0.00014194 0.00032203 0.099507 0.01235 0.54354 0.047334 0.0036431 0.00073535 0.0056017 0.0018347 0 0 0 0 -0.0018411 -3.2446e-05 0.0018411 0.00029143 0.012251 -0.049256 0.33384 0.30435 -0.0037341 -0.11408 0.021685 0.67194 -0.0016305 -0.016165 0.0067565 0.08829 -0.00074722 -0.00013831 0.00074722 0.00013831 0.019398 -0.0042812 0.061194 0.0070943 9.0044e-05 0.00074684 9.0044e-05 0.00074684 -1.857e-06 9.9613e-05 4.7469e-06 9.9613e-05
-7.413e-05 -9.1106e-05 7.413e-05 0.00011333 0.017457 0.0014645 0.06628 0.0034982 3.5397e-05 -0.00022369 0.0003922 0.00033757 -0.00058218 -0.0016495 0.00058218 0.0016495 -0.0023563 -4.7253e-05 0.0023563 0.0010834 0.024569 0.051233 0.32804 0.38834 0.012853 0.12572 0.050568 0.62136 0.0036469 0.019474 0.0092404 0.070683 -0.004107 2.8044e-05 0.004107 0.0014246 0.15922 -0.02381 0.53394 0.052726 0 0 0 0 0 0 0 0 -0.0027563 -0.00098236 0.0027563 0.00099764 0.03296 -0.021566 0.087206 0.022966 6.2503e-06 -6.2503e-06 6.2503e-06 6.2503e-06 0 0 0 0
0 0 0 0 -0.0080824 0.0054728 0.092827 0.018516 -0.005239 0.044594 0.026112 0.11012 0.0014989 -0.0060882 0.0022463 0.013207 -9.2493e-05 -9.2493e-05 9.2493e-05 9.2493e-05 0.11932 0.016219 0.61881 0.094809 -0.0013122 0.0065908 0.0050366 0.0065908 -0.0051626 0.017278 0.0052331 0.017278 -0.0033507 -0.0011834 0.0033507 0.0011834 0.05678 -0.021908 0.46927 0.3688 0.028384 -0.097122 0.083978 0.43207 0.0070694 -0.021175 0.0072822 0.027083 -0.005112 -0.0011979 0.005112 0.0012069 0.021034 0.0036948 0.052167 0.0064379 -0.0021766 0.0037416 0.0022605 0.0037877 -0.0025608 0.0096738 0.0025676 0.0098223
0 0 0 0 0.0097763 -0.0010655 0.074401 0.0088913 -0.00073013 0.0052704 0.0015781 0.0063948 -0.00036393 0.0014743 0.00039262 0.0021703 0 0 0 0 0.01751 0.042774 0.45043 0.18729 -0.013859 0.079776 0.066964 0.49345 -0.00066192 0.0092499 0.0087297 0.090665 -0.00014835 -6.2196e-05 0.00014835 6.2196e-05 0.045357 -0.034125 0.536 0.30656 0.019666 -0.07267 0.049939 0.30695 0.0036824 -0.016364 0.0042444 0.021778 -0.00011295 -2.7296e-06 0.00011295 2.7296e-06 0.011107 -0.0033966 0.051635 0.019111 -8.7812e-05 -0.0032513 0.0027602 0.015309 -0.0017249 0.0071194 0.0018515 0.0083823
-0.0053314 0.0019594 0.0053781 0.0019594 0.017297 -0.0042998 0.033423 0.010636 -0.0013902 -0.0021673 0.0014032 0.0023665 -0.0018205 -0.008027 0.0018215 0.008027 -0.00052109 0.00032195 0.00052109 0.00032195 0.036418 0.018276 0.39189 0.38061 0.018714 0.0803 0.05086 0.3394 0.0043896 0.018145 0.0047184 0.026945 0 0 0 0 -0.0033998 -0.026713 0.59264 0.16847 0.0029354 -0.075824 0.049183 0.41406 -0.0018108 -0.0084598 0.0083367 0.068799 0 0 0 0 -0.03038 0.011505 0.060794 0.011505 0.029636 -0.01547 0.033143 0.022553 -0.00023394 -0.0019291 0.00044886 0.00483
0 0 0 0 -0.0051802 0.0085117 0.069654 0.027912 0.0024071 0.035541 0.0049101 0.088697 0.00048618 0.0046393 0.00087276 0.012576 -0.00076897 -0.00044275 0.00076897 0.00044275 0.095133 0.017031 0.61695 0.05959 0.0033932 -0.0011157 0.004121 0.0021339 -5.8389e-06 -5.8389e-06 5.8389e-06 5.8389e-06 -0.0013402 0.0002937 0.0013402 0.0002937 0.02264 -0.045114 0.35738 0.29805 -0.0027714 -0.093117 0.018424 0.59398 -0.0022818 -0.013681 0.0073454 0.072945 -0.00044161 -0.00014355 0.00044161 0.00014355 0.017025 0.0022457 0.06749 0.0053332 0.00023116 1.0874e-05 0.00035184 0.00011726 -2.3217e-06 -6.2387e-07 2.3217e-06 2.3217e-06
0 0 0 0 0 0 0 0 -0.0061316 -0.011425 0.0061316 0.011425 -0.0024411 -0.012695 0.0028372 0.013169 -0.0052441 -0.011747 0.012751 0.05467 0.026843 0.0097934 0.29227 0.45039 -0.026395 0.070404 0.39429 0.42613 -0.0023238 0.026319 0.01926 0.026435 0.022557 0.006001 0.046678 0.015285 0.061376 -0.00733 0.44048 0.068643 -0.07644 0.018182 0.37622 0.054883 -0.0045995 0.00041378 0.0062331 0.0014302 0.0041652 -0.0012795 0.010874 0.0023754 0.005338 -0.0017313 0.067264 0.013734 -0.014997 0.0039039 0.029886 0.0049002 0.0062631 -0.0018241 0.0063196 0.0018589
0 0 0 0 -0.039285 0.0023437 0.039285 0.0033276 0.03716 -0.0028665 0.037205 0.0052425 2.8213e-05 8.7676e-06 2.8213e-05 2.8213e-05 -0.0024462 -0.008645 0.0024462 0.008645 -0.26251 -0.29628 0.26957 0.30847 0.27889 -0.022101 0.27889 0.097393 7.3306e-05 -0.00032767 7.3306e-05 0.00032767 -0.0011277 -0.0064678 0.018506 0.098891 -0.024066 0.3037 0.20541 0.48888 0.17312 0.039464 0.28656 0.07332 0.00014221 3.2085e-05 0.00083163 0.00016103 1.4052e-05 4.675e-05 3.6324e-05 5.5471e-05 -0.0032607 0.0017423 0.0036571 0.0028636 0.0025394 0.016193 0.011188 0.016193 -2.2356e-05 7.8782e-05 4.1801e-05 7.8782e-05
-0.00015051 -1.6763e-05 0.00015051 1.6763e-05 -4.0084e-05 -0.00019663 0.067184 0.018624 0.0065284 0.015619 0.010312 0.025399 8.4274e-05 0.0020933 0.00011344 0.0036832 -0.0016401 -0.00020682 0.0016401 0.00048096 0.11431 0.0019865 0.52802 0.075265 0.005551 -0.0016001 0.005551 0.0031581 -9.2077e-05 -0.00029253 9.2077e-05 0.00029253 -0.0089323 -0.0022008 0.0089323 0.002307 0.045446 -0.051856 0.45839 0.32621 0.0056527 -0.11694 0.031644 0.59039 -0.00069385 -0.017171 0.0019705 0.080341 -0.0051667 -0.00054258 0.0051685 0.00054258 0.027662 0.0042714 0.063627 0.0098795 0.00036777 0.0007946 0.00050758 0.0007946 -3.3765e-06 0.00010334 3.3765e-06 0.00010334
-0.0085069 2.4566e-05 0.0085109 0.00012789 0.039086 -0.00035749 0.07605 0.0011827 0.00027049 0.00014633 0.00076608 0.00035002 9.2568e-05 0 9.2568e-05 0 -0.059593 -0.0025773 0.059599 0.0047683 0.27085 -0.018863 0.5235 0.028004 0.005425 -0.0061362 0.0079653 0.0083866 -0.00029403 -0.0024387 0.00063691 0.00254 -0.049259 -0.029111 0.050223 0.054792 0.1389 -0.15258 0.2627 0.38096 -0.038121 -0.30698 0.041438 0.47964 -0.0054888 -0.040522 0.0090755 0.080021 0.00043741 0.007502 0.0011185 0.010292 0.0096009 0.10083 0.0096155 0.10092 0.010249 0.085068 0.010249 0.085068 0.00086593 0.0080542 0.0008928 0.0080542
-5.8418e-05 -1.3069e-05 5.8418e-05 1.3069e-05 0.01781 -0.0015942 0.088677 0.0038853 0 0 0 0 0 0 0 0 -0.00080596 1.3759e-05 0.00080596 0.00015026 0.038389 0.044628 0.53232 0.29367 0.00011055 0.087841 0.0054771 0.53651 0.0010924 0.012324 0.0016656 0.076755 -0.00061982 3.5887e-05 0.00061982 3.5887e-05 0.080877 -0.030042 0.51841 0.098575 -0.00021591 -0.10478 0.0019636 0.10478 5.5228e-05 -0.016176 0.00024585 0.016176 -1.635e-05 -6.8721e-06 1.635e-05 6.8721e-06 -0.0092743 0.01834 0.057699 0.019546 0.0018117 0.046966 0.0024673 0.047012 0.00014506 0.0080606 0.00023571 0.0080606
-0.0087083 0.0021858 0.008718 0.0021884 0.034606 -0.0075412 0.069341 0.013038 0.00019512 -0.0018947 0.00019512 0.0018947 -0.00022747 -0.00074999 0.00026067 0.00074999 -0.010807 0.0028533 0.010807 0.0028533 0.055698 0.074754 0.4004 0.43856 0.013322 0.13793 0.051477 0.57975 0.0017883 0.021255 0.010129 0.073949 -0.00027551 -9.7547e-05 0.00027551 9.7547e-05 0.11604 0.0040729 0.48654 0.069931 0.0081809 0.00063921 0.0083833 0.0037894 -4.4278e-05 -0.00014067 4.4278e-05 0.00014067 4.1224e-05 4.2158e-05 0.00013653 4.2158e-05 -0.0095932 -0.0050468 0.054997 0.02051 0.0043455 -0.041924 0.0077134 0.084215 -0.00071652 -0.006579 0.0014608 0.015208
-0.0043791 0.0015841 0.0043791 0.0015841 0.018673 0.0020706 0.050836 0.01656 0.00069331 0.0065779 0.00069331 0.0065779 -0.0002265 -0.0004257 0.0003537 0.00082729 -0.00012721 0.00012721 0.00012721 0.00012721 0.044318 0.029139 0.46205 0.3456 0.011814 0.073509 0.037092 0.41045 0.0013648 0.01052 0.0032026 0.04757 0 0 0 0 -0.0015311 -0.011836 0.51055 0.21284 -0.00064983 -0.065064 0.048734 0.3998 -0.00094154 -0.0077009 0.0049883 0.074198 0 0 0 0 -0.01354 0.0070098 0.052882 0.0087609 0.010157 -0.017343 0.01463 0.034463 -0.00045628 -0.0030106 0.00081591 0.0083494
0 0 0 0 -0.00016127 -0.00062541 0.00016127 0.0007531 -0.013355 -0.034937 0.013649 0.035155 -0.0026402 -0.0097859 0.0029607 0.012624 -0.0040436 -0.022665 0.026338 0.089424 0.079448 -0.022603 0.31863 0.46839 0.051021 0.16208 0.10764 0.31799 -0.025707 0.026447 0.06719 0.033472 0.0099809 0.031432 0.0099809 0.031446 0.12039 -0.0016841 0.68138 0.1252 0.00010628 0.0015085 0.0052839 0.0015085 -0.020996 0.0053033 0.034756 0.0070665 0.00011308 -4.541e-05 0.00011308 4.541e-05 0.0090191 0.00082628 0.1117 0.020046 0.0024192 -0.0015223 0.0029155 0.0015352 -0.0019127 0.00041415 0.0019127 0.00041415
-0.00010764 -1.8584e-06 0.00020655 2.7307e-05 0.01926 -0.0020766 0.11409 0.019482 0.00098887 5.861e-06 0.00098887 0.00030904 -6.5175e-06 -2.7914e-06 9.7127e-06 1.0887e-05 0.0057124 -0.017792 0.0069187 0.018267 0.15025 -0.0011259 0.68424 0.12217 0.0079509 0.00092362 0.0079509 0.0019779 -7.782e-05 -5.7781e-06 0.00013333 5.7781e-06 -0.0023511 0.003364 0.016268 0.059504 0.076955 -0.0041985 0.25013 0.47182 0.059662 -0.20982 0.096348 0.34738 0.005559 -0.03063 0.0058186 0.03063 -6.4696e-05 1.4474e-05 6.4696e-05 1.4474e-05 -0.0060973 0.020853 0.0061216 0.020923 -0.01602 0.041907 0.016218 0.04254 -0.0014633 0.0092135 0.0017424 0.011192
-0.00014065 1.3559e-05 0.00014065 2.9261e-05 -0.0025595 -0.006101 0.080532 0.014688 0.021139 0.0057718 0.021164 0.0057964 9.7888e-07 1.7825e-05 3.4351e-06 1.7825e-05 -0.005611 -0.0033333 0.005611 0.0034312 0.16033 0.042062 0.64121 0.10737 0.01702 0.0030949 0.01702 0.004883 0 0 0 0 -0.094441 -0.036664 0.094441 0.036825 0.43522 -0.16114 0.48402 0.24055 0.0092111 0.0010496 0.0092111 0.0025463 0 0 0 0 -0.0088222 0.010012 0.0088333 0.010016 0.047306 0.05858 0.061158 0.05858 0.00098252 -6.7489e-05 0.00098252 0.00029798 0 0 0 0
-0.00010418 0 0.00010418 0 0.01263 0.0016179 0.11005 0.0085757 0.00050001 2.7027e-05 0.00050001 8.6967e-05 -0.0039518 -0.00060079 0.0077788 0.0011129 0.00019299 -0.00033394 0.00083272 0.00041289 0.10464 0.0091958 0.58159 0.067071 -0.00029928 1.3731e-05 0.00061229 0.00029928 -0.037261 -0.0048816 0.093639 0.0085707 -0.0032985 -0.016723 0.0041956 0.073499 0.062798 -0.020248 0.31594 0.45099 -0.0037654 -0.12971 0.027344 0.53353 -0.024781 -0.0050919 0.06772 0.053005 9.1463e-07 0.00010192 9.1463e-07 0.00010192 5.6997e-05 0.00013595 5.6997e-05 0.00013595 -0.00012969 0.00047278 0.00012969 0.00047278 -3.6406e-05 0.00027636 4.3658e-05 0.00027636
0 0 0 0 0 0 0 0 -0.016741 -0.050054 0.022437 0.050054 0.00551 -0.0045518 0.00551 0.0045518 -0.010261 -0.016621 0.018837 0.05986 0.052975 -0.0052361 0.33991 0.45119 -0.019544 0.21163 0.14955 0.43123 0.035047 0.012797 0.035047 0.017421 0.012642 0.020356 0.012667 0.021363 0.093774 -0.013825 0.61656 0.1099 0.00057517 -0.00024114 0.00057517 0.00024114 0 0 0 0 0.001368 -0.00041436 0.0022404 0.00047038 0.0061235 -0.00054536 0.09289 0.018272 0.0025948 -0.0012102 0.0025948 0.0012102 0 0 0 0
-0.0048499 0.00048658 0.0048499 0.00065013 0.022209 -0.0038121 0.051495 0.0092237 -0.0064888 -0.012821 0.0067216 0.012821 -0.0031141 -0.013392 0.0036286 0.015424 -0.0058593 0.0023848 0.0058593 0.0023848 0.051483 0.040922 0.48363 0.38084 0.040082 0.12545 0.10437 0.47079 0.0064874 0.027217 0.0065286 0.027225 -0.00030884 9.6745e-05 0.00030884 9.6745e-05 0.12271 -0.020747 0.57268 0.078239 0.0026741 0.00021918 0.0053066 0.0028988 -0.00069582 -0.0013325 0.00069582 0.0013325 -2.3525e-05 -7.3108e-06 2.3525e-05 2.3525e-05 0.005673 -0.003522 0.07131 0.016577 -0.008849 -0.032982 0.017365 0.063549 -0.0022991 -0.0080795 0.0048212 0.020816
-0.00012077 -1.447e-05 0.00017464 0.00010543 0.010373 0.0024339 0.10756 0.020288 0.0033849 0.0014184 0.0033849 0.0014184 -0.00068517 -0.00021545 0.00068517 0.00022154 0.0092386 -0.02564 0.0097329 0.025947 0.12515 0.015591 0.68134 0.1277 0.0033725 0.0005461 0.0033725 0.0009165 -0.013678 -0.0026136 0.013678 0.0026136 -0.0082092 0.017284 0.019899 0.057094 0.067883 -0.0080161 0.30472 0.45437 0.073367 -0.22008 0.11097 0.32154 -0.012527 -0.021585 0.037139 0.022839 0 0 0 0 -0.0045882 0.0079232 0.0046421 0.0079232 -0.022557 0.063701 0.022557 0.063836 -0.0016732 0.0033041 0.0031808 0.011015
0 0 0 0 5.944e-05 -0.00046141 0.00015194 0.00046141 0 0 0 0 -2.0365e-05 -7.1765e-05 3.8079e-05 7.1765e-05 0.0010429 0.010476 0.0082108 0.085904 0.042926 0.0068819 0.13809 0.5578 -0.018688 0.033535 0.28129 0.43244 -0.0022194 0.0094142 0.015706 0.058818 0.003508 -0.00052377 0.003508 0.0014958 0.081501 -0.020964 0.52398 0.086724 -0.087865 0.028295 0.27755 0.058131 0.012281 -0.0055072 0.023787 0.008965 0.0015331 -0.0004443 0.0020269 0.00047086 0.0083012 -0.0015115 0.093668 0.015307 -0.017154 0.0022801 0.018949 0.0032762 0.0096034 -0.0011231 0.011782 0.0012687
0 0 0 0 -0.015349 0.014446 0.099449 0.04798 0.015947 -0.055139 0.018382 0.093777 0.0019884 -0.0048349 0.0019884 0.0048349 -0.0011295 1.67e-05 0.0011295 0.00051218 0.11857 0.039279 0.63283 0.092606 -0.033231 0.13449 0.034009 0.13449 -0.0056738 0.018757 0.0084211 0.046903 -0.0013183 -0.00066477 0.0013183 0.00095998 0.035131 -0.015224 0.40267 0.35297 0.028436 -0.093398 0.086905 0.44793 0.0050211 -0.019617 0.0053267 0.030598 -0.0034493 -0.00080207 0.0034536 0.00081587 0.01541 -0.0012779 0.036197 0.010039 -0.0006525 0.00030817 0.0020454 0.0033882 -0.0021667 0.0082801 0.0021667 0.0082801
-0.00010587 2.1327e-05 0.00011283 2.5036e-05 0.015072 -0.0051792 0.054425 0.0068825 0.00027876 -0.00028544 0.00027876 0.00052671 -1.2757e-05 3.7363e-06 1.2757e-05 0.0001103 -0.00020156 9.1125e-05 0.00020156 0.00020156 0.028191 0.045632 0.47235 0.27578 0.0029395 0.098652 0.0086625 0.56488 -0.0010331 0.014199 0.0040574 0.083227 0 0 0 0 0.10475 -0.023803 0.56924 0.073006 0.002273 -0.0015552 0.0023839 0.0015552 2.9764e-05 -0.00020575 5.0997e-05 0.00020575 0 0 0 0 -0.0063863 -0.0087861 0.092554 0.024415 0.0015996 -0.039963 0.0032255 0.08159 0.00046486 -0.0054204 0.0011677 0.011808
0 0 0 0 0.011191 0.001388 0.078318 0.006583 9.1361e-05 0.00074177 9.1361e-05 0.00074177 -3.8731e-06 1.2367e-05 4.3446e-06 1.2367e-05 0 0 0 0 0.013679 0.026559 0.38342 0.30234 0.00025114 0.090648 0.006835 0.60731 0.00018055 0.013243 0.00064558 0.079189 -0.0012377 -0.0008791 0.0012377 0.0008791 0.14089 -0.068011 0.56492 0.13503 0 0 0 0 0 0 0 0 -0.0015191 0.00023673 0.0015191 0.00044066 0.02585 0.040174 0.071316 0.040376 0 0 0 0 0 0 0 0
0 0 0 0 -0.032737 0.00246 0.033017 0.0044516 0.030316 -0.0017594 0.03172 0.0031112 0 0 0 0 0.0027345 -0.058659 0.0030504 0.058681 -0.1347 -0.39401 0.17225 0.39753 0.19741 -0.012731 0.2697 0.023176 0 0 0 0 -0.00041761 0.060316 0.0031159 0.060851 -0.17478 0.38548 0.20741 0.39361 0.22208 -0.0097117 0.27396 0.027588 -0.00046092 -0.00024635 0.0017153 0.00045894 4.7271e-05 -0.0035581 0.00045021 0.0080728 -0.024386 -0.016862 0.028909 0.03106 0.027684 -0.0019325 0.047519 0.0052187 3.4728e-05 2.9507e-05 9.3742e-05 6.3522e-05
-0.00019565 2.3373e-05 0.00019565 4.689e-05 0.022106 0.0013152 0.095652 0.0081486 0 0 0 0 -0.001128 -1.8086e-05 0.0013533 0.00014137 -0.00034679 -0.0011583 0.00060229 0.0012815 0.15351 0.0036061 0.76198 0.0674 0.00090422 -0.0052147 0.0065215 0.0089443 -0.010992 -0.00062948 0.01159 0.0016246 -0.0022633 -0.026517 0.007017 0.059079 0.093447 -0.013226 0.33716 0.33816 -0.001221 -0.14838 0.03905 0.33361 -0.0077286 -0.019137 0.013453 0.051613 0.00015007 0.0043577 0.00092713 0.0043754 0.00084971 0.025269 0.0058287 0.025368 -0.00013909 0.015079 0.0049101 0.015353 0.00019939 0.0013601 0.00056065 0.0015321
-0.00015063 -0.00025449 0.00022761 0.0002921 -0.0094269 -0.029181 0.0094269 0.029475 -0.014222 -0.073313 0.014222 0.073313 -0.001773 -0.0079098 0.0021451 0.0099039 0.0012436 0.013552 0.011184 0.062569 0.10921 0.022203 0.37494 0.33445 0.048359 0.24203 0.055757 0.24471 0.00060258 0.030962 0.0087331 0.031577 0.0012336 0.0057902 0.0027277 0.005875 0.16335 -0.014111 0.72867 0.11867 0.0036343 0.0024627 0.0041871 0.0041264 -0.001189 0.00055031 0.0014309 0.00071652 -1.4662e-05 -2.4483e-05 3.3154e-05 2.9175e-05 0.018953 -0.0029404 0.13838 0.012811 0.0022138 -0.00036828 0.0022138 0.00044159 -9.677e-06 1.8173e-06 9.9239e-06 2.6286e-06
0.0015873 0.00027769 0.0019061 0.00029083 0.011988 0.003173 0.084594 0.01094 -0.013311 -0.0017603 0.059601 0.0043331 0.0011586 0.00039553 0.0011586 0.000401 0.0083113 0.00081789 0.0083113 0.0010313 0.09485 0.010651 0.60389 0.050703 -0.090311 -0.013447 0.42318 0.046798 0.0014363 0.00023576 0.0014363 0.00023576 0.0021968 -0.013196 0.0054767 0.062359 0.054361 -0.0055046 0.22373 0.36203 -0.034186 -0.012404 0.32577 0.3521 0.0013093 -0.010817 0.0023694 0.054209 9.0644e-07 6.6032e-05 6.4408e-05 0.00013135 -0.00035147 3.4259e-06 0.00035147 0.0011381 0.00039139 0.0010726 0.00039139 0.0010726 0 0 0 0
-9.9061e-05 3.3958e-06 0.00013181 2.3233e-05 0.025819 0.002067 0.10348 0.0098516 0.0003584 0.0003495 0.0021206 0.00077905 0.00014988 1.2411e-05 0.00014988 1.2411e-05 -0.0025223 -0.0036838 0.0038588 0.0041905 0.18553 0.018666 0.75062 0.067423 0.0069494 -0.00047141 0.0081249 0.0018797 4.8698e-05 4.8698e-05 4.8698e-05 4.8698e-05 -0.031662 -0.021703 0.03661 0.07005 0.16282 0.016645 0.29572 0.34425 0.065076 -0.11378 0.10862 0.3407 0 0 0 0 -0.00037989 0.0015048 0.0005177 0.0015279 0.0019412 0.0053082 0.0021649 0.0054488 0.00035199 0.0011883 0.0010929 0.0011883 0 0 0 0
-0.00099012 0.00037182 0.00099012 0.00039282 0.015886 -0.004299 0.050548 0.0085391 -0.0035456 -0.0068552 0.003558 0.006895 -0.002741 -0.011674 0.0027685 0.012011 -0.00107 0.00020761 0.00107 0.00029321 0.042806 0.023782 0.52201 0.3073 0.028412 0.10843 0.086976 0.46791 0.006527 0.024033 0.006527 0.024033 -0.00064916 -0.00024091 0.00064916 0.00032651 0.11856 -0.0087953 0.58149 0.060186 -0.0047825 -0.013902 0.0088497 0.015347 -0.006352 -0.024773 0.0063738 0.02534 -4.1339e-05 3.8177e-05 6.5594e-05 3.8177e-05 -0.0032289 -0.01524 0.080448 0.034949 -0.0099636 -0.04625 0.025127 0.13495 0.0019703 0.011626 0.0025652 0.011626
0 0 0 0 -0.0052196 -0.0063523 0.067363 0.010864 0.0093329 0.021287 0.012416 0.031446 -0.00020132 0.0030927 0.00040914 0.005447 -0.00022981 -0.0004082 0.00022981 0.0004082 0.12802 0.025672 0.62231 0.11962 0.0048712 0.0013642 0.0048712 0.0020094 0 0 0 0 -0.046935 -0.0063452 0.046935 0.017963 0.32848 -0.08188 0.60297 0.2995 0.0010859 0.00015833 0.0010859 0.0010859 0 0 0 0 -8.3169e-05 0.0001991 0.00010911 0.0001991 0.0043957 0.031328 0.015516 0.031328 8.9197e-05 8.9197e-05 8.9197e-05 8.9197e-05 0 0 0 0
1.8377e-05 1.7168e-05 4.0365e-05 9.1651e-05 -0.0011369 -0.0010306 0.0011369 0.0014204 -0.013806 -0.043908 0.013871 0.043908 -0.003489 -0.011158 0.003509 0.013061 -0.0034095 -0.0077842 0.01453 0.056941 0.063474 -0.014314 0.32433 0.39119 0.049369 0.19335 0.10161 0.3482 -0.0373 0.026825 0.075546 0.029951 0.0057431 0.018339 0.0066839 0.018639 0.13659 -0.013762 0.70252 0.1208 0.0004021 0.00058707 0.001947 0.0011572 -0.033502 0.0073014 0.062882 0.011544 8.557e-05 -1.6278e-05 0.00014895 5.4915e-05 0.014998 -0.00061189 0.12489 0.022304 0.0011871 -0.00036902 0.0011871 0.00036902 -0.002928 0.00047935 0.005001 0.00062695
-4.2724e-05 -0.00014609 4.2724e-05 0.00014609 -0.0002585 -0.0019136 0.00040835 0.0019136 -0.010908 -0.030998 0.011022 0.030998 -0.0018148 -0.0055157 0.0025599 0.00727 -0.0078405 -0.012135 0.020294 0.053109 0.086848 -0.036389 0.37033 0.36822 0.059909 0.14242 0.09257 0.27349 0.0054181 0.018602 0.0054181 0.018602 0.0026954 0.018872 0.0077649 0.019089 0.14402 -0.027727 0.73741 0.1552 0.0069706 -0.00022852 0.0087794 0.0030494 0 0 0 0 -5.9753e-05 5.3273e-05 0.00016312 7.3147e-05 0.0050844 -0.00080989 0.11599 0.026137 0.0098006 -0.0042974 0.010591 0.0045972 0 0 0 0
-9.2947e-05 -0.00011933 0.00012885 0.00021001 -0.0083199 -0.019121 0.0086658 0.019351 -0.0090195 -0.067715 0.009109 0.067763 -0.0013916 -0.0048576 0.0014643 0.0072005 0.0040162 0.015889 0.016652 0.060575 0.077473 0.023301 0.3482 0.32177 0.05961 0.21991 0.06563 0.22354 -0.011521 0.021483 0.020601 0.023254 -0.0011675 0.0014456 0.0016036 0.0018123 0.14961 -0.021602 0.77019 0.11429 0.0054974 0.00092413 0.010427 0.004822 -0.015957 0.0021651 0.016145 0.0027043 -0.00014395 3.9313e-05 0.00014395 9.7002e-05 0.018083 -0.0058668 0.12605 0.01866 0.0014222 -0.00035887 0.002133 0.0007896 -0.0012746 0.0004363 0.0012746 0.00043687
-0.00023094 -7.0765e-05 0.00031413 0.00014144 0.020285 0.0059426 0.12561 0.016943 0.0014045 -0.00016482 0.0018013 0.00098832 0 0 0 0 -0.00071078 -0.00099662 0.0016625 0.0015331 0.1553 0.0077834 0.74202 0.10997 0.0088874 -0.0020717 0.0088874 0.0053963 -0.00042909 -0.00082446 0.00056907 0.0011766 -0.00049101 -0.021187 0.00572 0.052841 0.099194 0.010372 0.32731 0.34481 0.010255 -0.14853 0.042329 0.36052 9.3567e-05 -0.020409 0.0036762 0.049898 2.8785e-05 0.00047619 0.00018305 0.00057334 -0.00066305 0.0051518 0.003059 0.0061093 0.00037896 0.010809 0.0024753 0.01095 -0.00015717 0.001599 0.00095664 0.001599
0 0 0 0 -0.017501 0.0029325 0.037623 0.015716 0.010076 0.041526 0.010531 0.091407 -0.00074372 0.0059547 0.0012233 0.01432 -0.00034249 -0.00010728 0.00034249 0.00010728 0.093431 0.0033326 0.41987 0.09504 0.012957 0.0013155 0.015684 0.0062642 0.0001176 -0.00060882 0.0001176 0.00060882 -0.0076277 -0.0033771 0.0076277 0.0033907 0.042408 -0.061072 0.41154 0.39909 -0.0061863 -0.12979 0.012873 0.65639 0.0023928 -0.019219 0.01119 0.07828 -0.0068801 -0.0010248 0.0068801 0.0010306 0.027822 0.0027117 0.056704 0.0063027 0.00027183 0.0021288 0.00027183 0.0021288 -2.534e-05 0.00017043 6.4506e-05 0.00017043
1.9294e-06 6.8932e-07 1.9294e-06 1.9294e-06 0.017322 0.0014283 0.10444 0.016572 9.6968e-05 -0.00011793 0.00055054 0.00011793 -0.0069992 -0.0012226 0.016802 0.0019731 -0.00049801 -0.0011631 0.00058512 0.0013567 0.13968 0.021138 0.72789 0.077152 -0.0070248 -0.0026643 0.010265 0.0067273 -0.057763 -0.0058134 0.13653 0.017374 -0.0016693 -0.01835 0.0074945 0.072935 0.0844 -0.0027813 0.27002 0.38499 -0.017997 -0.12187 0.058181 0.38334 -0.017774 0.0099296 0.09283 0.037193 -2.9384e-06 0.00010796 6.1376e-05 0.00020347 -0.00073265 0.0016387 0.0011127 0.0021764 0.00011246 0.0011573 0.00053215 0.002171 9.5557e-05 0.00034611 0.00011426 0.00039253
-8.6089e-05 -5.3115e-05 8.6089e-05 0.00012363 -0.0089199 -0.033815 0.009516 0.034367 -0.011841 -0.050444 0.01195 0.050518 9.3173e-05 -0.0018333 0.0015518 0.0055426 0.0021473 0.014611 0.016689 0.059944 0.15014 0.0097683 0.45093 0.25989 0.061386 0.17193 0.064806 0.17346 0.0032112 0.014481 0.0032112 0.014723 -0.00046705 0.0015067 0.0018476 0.0018248 0.16053 -0.0081051 0.75974 0.10306 0.0081595 -0.0010826 0.011683 0.0039228 0.00083602 4.8404e-05 0.00083602 4.8404e-05 -0.00018256 1.2159e-05 0.00032523 3.199e-05 0.001793 -0.00038228 0.10665 0.024468 0.015946 -0.0041471 0.016168 0.0042477 3.9609e-05 -3.224e-05 3.9609e-05 3.224e-05
0 0 0 0 -0.0091607 -0.024457 0.049626 0.025289 0.00045564 -0.081769 0.0032728 0.08257 -1.918e-05 -0.010171 0.00013935 0.010171 0 0 0 0 0.060505 0.03342 0.54231 0.092911 0.0027122 0.14503 0.0033096 0.14503 0.00016669 0.018972 0.00035293 0.019197 -0.00010091 -1.8327e-05 0.00010091 0.00010091 0.028771 -0.048239 0.42076 0.32446 -0.0019263 -0.091308 0.007194 0.57015 -0.00073949 -0.013068 0.0012006 0.080688 -0.00064959 -0.00032484 0.00064959 0.00032484 0.018458 0.0033206 0.078238 0.0081888 3.5822e-05 -0.00022082 4.7828e-05 0.00022082 1.1568e-06 -2.8567e-06 2.1629e-06 2.8567e-06
4.7249e-06 -8.8602e-06 4.7249e-06 8.8602e-06 0 0 0 0 0 0 0 0 -7.7824e-06 -2.1368e-05 1.1918e-05 2.1368e-05 0.0029852 0.012476 0.0053658 0.10907 0.070143 0.01623 0.21502 0.48215 -0.019457 0.013849 0.23757 0.3912 -0.0078693 0.0050815 0.025591 0.04813 0.010041 -0.0018708 0.013329 0.0025913 0.081232 -0.020095 0.53598 0.079627 -0.07605 0.015256 0.4119 0.056304 -0.010092 0.001797 0.026372 0.0042305 0.0022707 -0.00057984 0.004598 0.00086561 0.0079863 -0.0014741 0.090269 0.012395 -0.013817 0.0028283 0.041026 0.0044197 0.0034105 -0.0012695 0.0058081 0.0018341
0 0 0 0 0.010609 0.0017237 0.10455 0.013004 -0.0053798 -0.0022407 0.0055422 0.0023744 -0.0024018 0.00086182 0.017459 0.0014173 0.00028311 -0.00040322 0.00028311 0.00040322 0.095236 0.016924 0.61726 0.083247 -0.1581 -0.019797 0.1581 0.021458 0.089174 0.0083759 0.089216 0.0091189 0.0041117 -0.013101 0.009727 0.09665 0.07891 0.00053204 0.30785 0.39944 -0.073703 -0.06266 0.16917 0.45759 0.02399 -0.0049238 0.030313 0.071644 0 0 0 0 3.8003e-05 0.00034025 0.00016844 0.00034025 0 0 0 0 -4.1492e-06 7.7806e-06 4.1492e-06 7.7806e-06
0 0 0 0 0.0084564 0.00067286 0.086883 0.011587 -0.010107 -0.0016784 0.046493 0.0029051 -0.00032971 0.00010937 0.0029317 0.00070428 0.00012035 -0.00038236 0.00012035 0.00038236 0.074472 0.015494 0.52157 0.072744 -0.068198 -0.0079907 0.40964 0.038117 -0.012392 -0.0017766 0.031565 0.0025059 0.009361 -0.013253 0.020407 0.088994 0.066467 -0.0057838 0.3212 0.35148 -0.048191 -0.028676 0.25485 0.4663 -0.011981 -0.0091335 0.03295 0.071517 0 0 0 0 0 0 0 0 0 0 0 0 -4.4134e-06 8.276e-06 4.4134e-06 8.276e-06
0.00042261 0.0040427 0.00061618 0.0090037 -0.015529 0.017685 0.020575 0.037071 0.017247 0.0032311 0.046883 0.0089139 0 0 0 0 -0.00495 -0.049034 0.005009 0.049603 -0.15536 -0.39692 0.15568 0.40354 0.19032 -0.0068673 0.2899 0.056875 0 0 0 0 0.0061597 0.045666 0.0068392 0.062444 -0.1677 0.38122 0.20498 0.39713 0.23229 0.030146 0.2397 0.032755 0 0 0 0 0 0 0 0 -0.036753 0.00088383 0.036753 0.0048312 0.034321 -5.8834e-05 0.034321 0.0034998 0 0 0 0
0.0015611 0.00028071 0.0017098 0.00031064 0.010898 0.0015368 0.10262 0.012151 -0.023763 -0.0029539 0.02426 0.0039575 0.013243 0.0014598 0.013607 0.0017122 0.0035929 0.00058844 0.0045641 0.0013188 0.098497 0.016396 0.57505 0.07666 -0.10325 -0.028806 0.3574 0.051361 0.0084218 0.0045223 0.022019 0.0069215 0.0042704 -0.01499 0.0077249 0.13092 0.081384 -0.003199 0.20522 0.48495 -0.03455 -0.019935 0.22536 0.3768 -0.0035942 -0.010201 0.014949 0.050232 0 0 0 0 -9.4234e-05 0.00056894 9.4234e-05 0.00056894 -8.0284e-05 0.00018808 8.0284e-05 0.00085119 -6.749e-05 0.00015631 9.383e-05 0.00019241
0 0 0 0 0 0 0 0 -2.3402e-05 -0.00017097 0.00017097 0.00017097 0 0 0 0 0.012727 0.014102 0.021702 0.12263 0.051494 0.00075902 0.27191 0.42165 -0.027077 0.021138 0.24969 0.39613 -0.010735 0.0069262 0.034944 0.072331 8.1442e-06 8.1442e-06 8.1442e-06 8.1442e-06 0.076121 -0.019362 0.5531 0.08479 -0.070699 0.010964 0.40576 0.04841 -0.012176 0.0027872 0.030237 0.0049041 0 0 0 0 0.0069901 -0.0027332 0.088448 0.017947 -0.012331 0.002518 0.042478 0.003658 0.0023023 -0.0010846 0.0053822 0.0014218
0.00052236 -0.0065015 0.00069067 0.0065015 0.0017024 -0.033073 0.0040487 0.033073 0.0016323 -0.017899 0.0039081 0.018766 0.00023751 -0.00066012 0.0003263 0.00072272 -0.0032875 0.026173 0.0078302 0.03443 0.078333 0.015469 0.39704 0.23032 -0.0040563 0.14762 0.024391 0.30464 -0.0071835 0.015815 0.014053 0.045795 3.9471e-06 0.00042645 0.00017414 0.00095971 0.15541 -0.0075219 0.78541 0.076818 0.00082117 0.00092663 0.0059489 0.0032495 -0.011137 0.0013821 0.011715 0.0023271 0 0 0 0 0.019447 -0.0015814 0.11163 0.0083847 0.00050348 -0.00010853 0.00060196 0.00010853 -0.0010396 0.00010978 0.0010827 0.00014512
1.4219e-06 9.9887e-06 0.00010972 8.831e-05 0.014129 -0.0023848 0.1268 0.017298 0.0028971 0.001161 0.0032868 0.0018112 2.2828e-05 8.3143e-06 2.2828e-05 1.2732e-05 -0.0014171 -0.0022221 0.0015031 0.0022221 0.15066 0.036036 0.75051 0.14653 0.0067876 0.0017919 0.0067876 0.0043252 0 0 0 0 -0.014527 -0.013899 0.017402 0.07164 0.12768 0.03654 0.31125 0.4239 0.10815 -0.047764 0.12093 0.21419 0 0 0 0 -6.6876e-05 0.00029849 6.6876e-05 0.00029849 7.6847e-05 0.00091229 0.00038233 0.00091229 0.0004446 0.00019345 0.0004446 0.00019345 0 0 0 0
-3.4953e-05 -8.2491e-05 3.4953e-05 0.00010316 -0.00077169 -0.00082793 0.00093885 0.0015986 -0.013081 -0.042247 0.013371 0.042518 -0.0020926 -0.0067816 0.0023718 0.0085491 -0.0042699 -0.0091128 0.01798 0.057072 0.064182 -0.013371 0.32923 0.37807 0.026066 0.18059 0.11544 0.29876 -0.040374 0.0076672 0.16515 0.029542 0.004748 0.018932 0.0065237 0.018932 0.12864 -0.022105 0.70774 0.11894 0.0019077 0.001645 0.012556 0.0032548 -0.061174 0.011865 0.1315 0.022662 -4.529e-05 -1.47e-05 4.529e-05 2.4617e-05 0.012908 -0.0027224 0.12389 0.022096 0.0020103 -0.00027281 0.0028736 0.0011047 -0.0055786 0.0016342 0.010513 0.002124
0.00097847 -0.0075469 0.00097979 0.0076118 0.0027553 -0.039158 0.0069935 0.039158 0.0028799 -0.0077603 0.0030325 0.0079769 -3.3733e-05 -0.00010278 0.00024106 0.00030812 -0.0066825 0.028672 0.0095895 0.036073 0.085003 0.050459 0.34859 0.24273 -0.019244 0.14804 0.052573 0.38543 0.00027867 0.018272 0.011918 0.060372 -0.00057085 0.00055151 0.00098958 0.0017592 0.16148 -0.019109 0.76089 0.093616 0.00080077 0.0031745 0.0037986 0.0065202 0.00028669 0.00052109 0.00085499 0.0011156 -5.6726e-05 2.6029e-05 5.6726e-05 4.6774e-05 0.024357 -0.0032375 0.10743 0.0067514 0 0 0 0 0 0 0 0
0.0030696 0.00036992 0.0074257 0.00070378 0.0082241 0.00034753 0.082896 0.010228 -0.010003 -0.0022209 0.045758 0.0061141 -0.0012479 -0.0001623 0.0033573 0.00075398 0.013892 0.0026138 0.02819 0.004127 0.07509 0.0082687 0.50988 0.07243 -0.074416 -0.012433 0.4501 0.037963 -0.015825 -0.0036329 0.039188 0.0054062 0.0073953 -0.012371 0.015539 0.079407 0.078398 -0.010687 0.30831 0.43165 -0.032085 -0.015642 0.26711 0.36947 -0.014653 -0.0037772 0.043865 0.038415 0 0 0 0 -9.6288e-05 0.00058134 9.6288e-05 0.00058134 -0.00012327 0.00052049 0.00035467 0.00052049 5.2156e-05 0.0001724 5.2156e-05 0.0001724
0.00014811 -2.42e-05 0.00014811 6.3176e-05 0.016977 0.0028303 0.1334 0.02006 0.001113 0.00024021 0.001113 0.00068372 0 0 0 0 -0.00046246 -0.00081496 0.0010055 0.00122 0.14023 0.033042 0.71723 0.11932 0.0024487 -0.0024792 0.0051725 0.0047975 0.00014091 -0.00014091 0.00014091 0.00014091 -0.0005005 -0.016043 0.0055881 0.065208 0.088288 0.0086822 0.26009 0.40688 0.012845 -0.11089 0.035902 0.41185 0.0019349 -0.017353 0.0092644 0.051429 -5.6751e-05 0.00012952 6.7784e-05 0.00020626 0.00055971 -4.0925e-05 0.00055971 0.001183 -0.00012855 0.00061746 0.00012855 0.00061746 -0.00015733 0.00053613 0.00015733 0.00053613
-0.0010055 -0.0077731 0.001363 0.0077731 0.0069409 -0.034042 0.0087212 0.034557 0.0014744 -0.00053355 0.0028377 0.0035162 0.00016789 -3.5055e-05 0.00016789 3.915e-05 -0.016119 0.026133 0.016632 0.041137 0.12931 0.018032 0.43414 0.24286 0.060827 0.09744 0.10246 0.32417 0.002563 8.2005e-05 0.002563 0.0010626 -0.0019386 0.0022297 0.0027674 0.0028032 0.19306 -0.015674 0.74238 0.035872 0.0019289 0.0042486 0.011839 0.0073617 0.00063337 0.00031678 0.00063337 0.00061098 -0.00018337 0.00015107 0.00018337 0.00018454 0.026071 0.0017073 0.10147 0.0027704 0.0012151 -0.00029738 0.0017408 0.00061577 5.8936e-05 -8.2921e-05 5.8936e-05 8.2921e-05
0 0 0 0 0.011329 0.00063454 0.10606 0.010546 -0.020883 -0.0038915 0.049312 0.0048319 0.0065446 0.001636 0.0065898 0.0016473 0.0092869 -0.027655 0.0094327 0.028019 0.090874 0.01177 0.52074 0.071947 -0.097527 -0.013788 0.40926 0.054606 -0.00095307 0.00016081 0.0043349 0.0017785 -0.0082213 0.024879 0.013092 0.04465 0.039012 0.023581 0.24271 0.35295 -0.039086 -0.04501 0.49268 0.28679 -0.0036348 -0.022002 0.013384 0.022644 0 0 0 0 -0.00014327 0.00014327 0.00014327 0.00014327 -0.0059781 0.014662 0.0059781 0.014662 -0.0033611 0.0092717 0.0033611 0.010132
0.00014635 -0.001983 0.00022202 0.001983 0.001027 -0.0090804 0.0015429 0.0090804 -5.5039e-05 -0.0066499 0.0012602 0.0066499 3.5832e-05 -0.00058099 7.0326e-05 0.00058099 0.00069438 0.023083 0.0081054 0.070083 0.080298 0.023443 0.33658 0.39657 0.014534 0.11899 0.028495 0.36938 -0.01375 0.0067722 0.031345 0.039654 -0.0003103 9.7848e-05 0.00034936 0.00010879 0.10396 -0.021347 0.72797 0.085698 0.0057126 0.00093454 0.006912 0.0046448 -0.02031 0.0037283 0.038128 0.0055551 7.5912e-06 0 7.5912e-06 0 0.0088849 -0.0016932 0.10695 0.011108 0.0037607 -0.001034 0.0037607 0.0012722 -0.0020328 0.00025592 0.0034156 0.00035716
-0.00014038 8.3598e-05 0.00014038 0.00010317 0.020821 0.0022935 0.11489 0.011383 0.00056527 0.00023613 0.00056527 0.00030878 0 0 0 0 0.001297 -0.016034 0.0053561 0.016034 0.16229 0.0083608 0.74618 0.06806 0.003128 -0.0032136 0.003128 0.0032136 0 0 0 0 -0.012947 0.0087765 0.019672 0.056983 0.092862 0.051368 0.3425 0.37195 0.046437 -0.14025 0.086628 0.30841 0.0064531 -0.020644 0.0064638 0.020644 -4.1187e-05 5.436e-05 4.5871e-05 0.00010276 7.7735e-05 0.00040752 0.0005912 0.00040752 -0.0097171 0.02575 0.0098165 0.025898 -0.0023011 0.0070204 0.0026996 0.0078693
-3.5722e-05 -3.5722e-05 3.5722e-05 3.5722e-05 5.6537e-05 -5.6537e-05 5.6537e-05 5.6537e-05 -8.1631e-05 -0.00019471 8.1631e-05 0.00019471 1.0827e-05 -0.00012345 1.0827e-05 0.00012345 0.0019274 0.015232 0.0042518 0.10866 0.075682 0.0095597 0.20607 0.46225 -0.03467 0.0085966 0.2676 0.35178 -0.0046384 0.0098482 0.010641 0.054048 0.0011222 -0.0003476 0.0022303 0.00090727 0.10759 -0.025414 0.58758 0.094982 -0.11153 0.035322 0.35502 0.058601 0.014495 -0.0066562 0.027678 0.0091133 0.0014757 -0.0002642 0.0015069 0.0002675 0.012045 -0.0034678 0.11481 0.014154 -0.025594 0.0031951 0.027278 0.0039435 0.014553 -0.0018007 0.015194 0.0019067
-0.00010649 -1.2126e-05 0.0001651 3.404e-05 0.022248 0.0043417 0.11193 0.018514 8.0742e-06 8.0742e-06 8.0742e-06 8.0742e-06 -8.6108e-05 -3.0772e-05 0.00010135 4.5445e-05 0.0034354 -0.012559 0.0044133 0.012664 0.1774 0.0024224 0.80971 0.121 0.00072182 -0.0017765 0.0025579 0.0044353 -0.0010985 -0.00016183 0.0012118 0.00036615 0.0013594 -0.0041727 0.016407 0.046997 0.099158 0.0047135 0.30664 0.25756 0.039456 -0.20452 0.063226 0.23467 0.0063627 -0.026738 0.0097061 0.027022 -4.7849e-05 0.00042321 0.00020382 0.00042321 -0.0070459 0.02757 0.0072397 0.02757 -0.016439 0.052032 0.016678 0.052032 -0.0022211 0.0065223 0.0023896 0.010074
0 0 0 0 0.00646 0.0035343 0.080435 0.014165 -7.5283e-06 0.0072305 0.00017666 0.018084 -7.8223e-06 0.0010856 7.8223e-06 0.0027105 0 0 0 0 0.018194 0.014275 0.40997 0.26061 -0.00045379 0.07657 0.0028899 0.47557 -0.00064539 0.011256 0.00082499 0.066771 -0.00035078 -3.918e-05 0.00035078 0.00017365 0.13382 0.03246 0.65059 0.2784 0 0 0 0 0 0 0 0 0 0 0 0 0 0 0 0 0 0 0 0 0 0 0 0
6.5652e-05 1.0658e-05 0.000156 2.338e-05 0.018036 0.0010097 0.12319 0.0082285 -0.00029326 -6.1001e-05 0.00029326 6.1001e-05 -0.0046359 -0.00083019 0.0087258 0.0012246 0.0049223 -0.016384 0.0054932 0.016685 0.14163 0.0067251 0.73311 0.078083 -0.0038139 0.00012048 0.0038139 0.0040184 -0.041561 -0.0045472 0.08143 0.0087668 -0.0024176 0.005317 0.012292 0.056276 0.078914 0.017491 0.34055 0.34687 0.036139 -0.19864 0.091037 0.3142 -0.040161 -0.023365 0.09213 0.027268 3.07e-05 0.00011425 0.00011425 0.00011425 -0.0010556 0.0038575 0.0012067 0.0038575 -0.015405 0.052085 0.015556 0.052085 -0.0033319 0.010892 0.0035215 0.012699
1.5276e-05 -0.00042218 0.00018241 0.00042218 -0.00025866 -0.0021547 0.00069974 0.0021547 0.00052043 -0.0012743 0.00052043 0.0012743 -2.2957e-06 -2.2957e-06 2.2957e-06 2.2957e-06 -0.0016128 0.018149 0.01161 0.059647 0.072662 -0.0029618 0.24607 0.34932 -0.033279 0.11406 0.071369 0.40728 -0.0072591 -0.015305 0.074809 0.036104 0.00047271 0.00065488 0.00051431 0.0013523 0.14165 -0.015118 0.73965 0.068415 -0.017615 0.0052347 0.022689 0.0099877 -0.054674 0.0064675 0.15723 0.017841 3.0661e-05 -7.9646e-06 3.0661e-05 1.2003e-05 0.017805 -0.0025835 0.11776 0.012615 -4.4364e-05 -0.0002323 0.0010378 0.00029813 -0.0075045 0.00079082 0.018026 0.0017936
0 0 0 0 0 0 0 0 0 0 0 0 0 0 0 0 0 0 0 0 0.12502 -0.011125 0.61026 0.26484 0 0 0 0 0 0 0 0 0 0 0 0 0.0135 -0.037759 0.42951 0.25659 -0.00045471 -0.077596 0.0055938 0.52139 0.00010213 -0.011014 0.00064326 0.079088 0 0 0 0 0.0051401 -0.0014195 0.069774 0.013625 0.00021283 -0.007629 0.00078839 0.018329 -9.0008e-05 -0.0012413 0.00013991 0.002562
4.5335e-06 -4.5335e-06 4.5335e-06 4.5335e-06 0.017402 0.0047678 0.14268 0.020682 0.0028881 0.00063302 0.0034509 0.001593 -0.00043223 -0.00012192 0.00062179 0.00014882 0.01017 -0.034869 0.011208 0.036054 0.17676 -0.0091651 0.80389 0.14653 0.0031451 -0.00087298 0.0070647 0.0085874 -0.012071 -0.0017714 0.012724 0.0023557 -0.0071854 0.024209 0.012616 0.037051 0.0811 0.040691 0.25866 0.28638 0.088344 -0.20319 0.10078 0.22273 -0.014402 -0.020679 0.026286 0.021894 0 0 0 0 -0.0083256 0.017735 0.0083256 0.018304 -0.016973 0.051177 0.017155 0.051255 -0.0010277 0.0031717 0.0015726 0.0044121
0 0 0 0 0 0 0 0 0 0 0 0 -2.0566e-06 -2.0566e-06 2.0566e-06 2.0566e-06 0.0064302 0.0035739 0.015305 0.084054 0.045246 0.0058161 0.25364 0.44655 -0.011847 0.018366 0.31897 0.42681 -0.019095 0.0030506 0.059618 0.046894 0.022989 -0.0054496 0.058012 0.0094029 0.05605 -0.019732 0.52585 0.097941 -0.060515 0.017546 0.34834 0.071971 -0.017572 0.003745 0.046827 0.0066811 0.0055499 -0.0015973 0.015287 0.0030341 -0.0082208 0.0037668 0.082176 0.0056065 0.0012866 -0.0026273 0.048513 0.0079196 0.001441 -0.00066471 0.0057278 0.0018015
0 0 0 0 0.016108 0.0025362 0.13849 0.017901 0.00052093 0.00048252 0.0016644 0.00054974 -0.0073354 -0.0011884 0.014894 0.0019883 0.010673 -0.032668 0.010699 0.032738 0.14175 -0.0067437 0.71447 0.10758 -0.0029145 -0.0023634 0.0099086 0.0071595 -0.064276 -0.0090142 0.14157 0.01836 -0.0083862 0.025677 0.018335 0.048837 0.076935 0.051467 0.32926 0.35481 0.019951 -0.16964 0.1028 0.2918 -0.039507 -0.0054245 0.18407 0.024429 0 0 0 0 -0.0017654 0.0015643 0.0017654 0.0015643 -0.013738 0.037964 0.013978 0.037964 -0.0019823 0.0049051 0.0025933 0.0071543
0.00023519 -0.00045059 0.00033562 0.00045059 3.6748e-06 -0.0010049 0.00040313 0.0010049 -5.5682e-05 -0.0015177 0.00040681 0.0015177 -5.2764e-05 -0.00031523 7.6049e-05 0.00031523 -0.0042116 0.01809 0.010418 0.057439 0.075785 0.0074385 0.2723 0.37597 -0.0068317 0.10963 0.065967 0.41577 0.00033 0.016246 0.0057776 0.06603 0.00019433 0.0005341 0.00063901 0.0013071 0.13914 -0.018138 0.73809 0.068668 -0.00046405 0.0078621 0.0030527 0.0078621 -7.4762e-07 0.00070074 0.00039615 0.00070074 7.3116e-05 -1.0392e-05 0.00015358 1.528e-05 0.019762 -0.0037349 0.10554 0.01194 0 0 0 0 0 0 0 0
0 0 0 0 -0.026887 -0.00057703 0.083578 0.016042 0.034054 0.0060068 0.041463 0.0066944 0 0 0 0 0 0 0 0 -0.1626 0.036798 0.68352 0.057431 0.20828 -0.0038164 0.2487 0.030313 0 0 0 0 -0.00081569 -0.002798 0.00087704 0.002798 -0.14237 -0.024441 0.50245 0.1061 0.1727 0.0033627 0.24321 0.016708 0 0 0 0 -0.00092847 -0.0090596 0.0023307 0.019643 0.010589 0.0038674 0.043203 0.081374 0.026496 -0.00049711 0.030681 0.0040807 4.6716e-06 -1.8276e-06 4.6716e-06 4.6716e-06
-0.0075633 -0.0011444 0.0083265 0.0016406 -0.00012073 -0.0026183 0.068549 0.010541 0.010418 0.0034657 0.054069 0.01346 -0.002885 -7.0958e-05 0.0075808 0.0011307 0.033495 0.0062308 0.10445 0.016797 0.043257 0.0072178 0.48452 0.069599 -0.050695 -0.015425 0.3673 0.057698 -0.028712 -0.0026658 0.094481 0.0098663 0.013916 0.00080065 0.047407 0.063394 0.050137 -0.020551 0.28089 0.50254 -0.063698 -0.018874 0.3676 0.31911 0.028972 0.0025925 0.054581 0.030701 0 0 0 0 0 0 0 0 -9.7179e-05 0.00034693 9.7179e-05 0.00034693 -0.00013661 0.00032845 0.00014789 0.00032845
-0.00864 -0.0012745 0.00864 0.0012912 0.024715 0.0074468 0.088665 0.014339 0.018416 0.0029534 0.018918 0.0030308 0 0 0 0 -0.030239 -0.025141 0.053217 0.025318 0.27304 0.017524 0.48454 0.1003 0.015634 0.0049598 0.01967 0.01019 0 0 0 0 -0.037505 -0.042435 0.043948 0.04391 0.53631 -0.14474 0.54821 0.18267 0.0060276 -0.00054119 0.011879 0.012469 0 0 0 0 -0.0029695 0.0036713 0.0029887 0.0044263 0.082977 0.019336 0.083845 0.026518 0.00076652 0.00031182 0.0009577 0.00036976 0 0 0 0
-4.6969e-05 -4.4508e-05 0.00012123 4.4508e-05 0.014948 0.0021697 0.13633 0.012296 0.00072845 0.00029221 0.00074788 0.00029221 0 0 0 0 -0.00072542 -0.0039448 0.0023993 0.0043455 0.12427 0.012039 0.7035 0.089728 0.0029306 -0.00039249 0.0029306 0.0029306 0 0 0 0 -0.021046 0.00033591 0.021046 0.047818 0.071393 0.054467 0.35972 0.41519 0.0401 -0.11227 0.104 0.35041 0.0064363 -0.019474 0.0064363 0.019474 -1.2796e-05 0.00014591 1.2796e-05 0.00014591 -0.00036444 0.00016331 0.00049809 0.00016331 -0.0065003 0.015415 0.0065003 0.015415 -0.0026176 0.0082176 0.0031951 0.0099097
-2.5075e-05 -2.5075e-05 2.5075e-05 2.5075e-05 0.00015914 -0.0012118 0.00023852 0.0012118 0 0 0 0 0 0 0 0 -0.0048462 0.00041875 0.0048462 0.0027991 0.2111 0.016795 0.6845 0.35827 0.0022323 -0.00091475 0.0022323 0.00091475 0 0 0 0 -0.00038893 0.00019011 0.00038893 0.00019011 0.078798 -0.02546 0.54087 0.13643 -0.0024801 -0.10225 0.026331 0.1034 -0.0033868 -0.028192 0.003456 0.028666 0 0 0 0 -0.037223 0.0044126 0.050419 0.026085 0.020111 0.021912 0.021027 0.10111 0.0012274 0.015864 0.0012274 0.015864
-0.00021903 -4.8405e-05 0.00024983 7.8924e-05 0.011475 0.0063678 0.056758 0.024839 0.00083062 0.012422 0.0012968 0.023977 -0.00011803 0.0018277 0.00017635 0.0039008 -0.001045 0.0005322 0.001045 0.0005322 0.0033812 0.062568 0.35495 0.38911 0.0010064 0.10504 0.018933 0.68222 0.00053944 0.014517 0.0020876 0.095628 0 0 0 0 0.073513 -0.0066 0.46251 0.047156 0.0025514 -0.00053118 0.0025514 0.00053118 0 0 0 0 0 0 0 0 0.008987 -0.00059293 0.07746 0.0080257 0.00097395 -0.00012852 0.00098141 0.00021755 7.1428e-07 -8.1446e-06 7.1428e-07 8.1446e-06
0 0 0 0 -0.026292 -0.0043042 0.026292 0.0045248 -0.0029684 -0.013835 0.036218 0.054689 -3.0203e-06 -0.0023622 8.4694e-05 0.013369 0 0 0 0 -0.31468 -0.055919 0.31468 0.056313 0.31779 0.088866 0.34233 0.10316 -9.5311e-06 0.013362 4.4751e-05 0.013362 -6.8777e-05 -6.8777e-05 6.8777e-05 6.8777e-05 -0.28291 -0.12265 0.40893 0.16646 0.35041 0.022026 0.35041 0.053376 0 0 0 0 -0.0001111 2.311e-05 0.0001111 2.311e-05 -0.024692 0.010213 0.073121 0.043114 0.052814 0.0036284 0.052814 0.0062452 0 0 0 0
0 0 0 0 -0.01467 0.013696 0.054812 0.046099 -0.0011045 0.050226 0.0045353 0.16572 1.0994e-05 0.0073141 7.1972e-05 0.025053 0 0 0 0 0.10844 0.0025333 0.6132 0.079776 -0.0001516 0.0031658 0.0001516 0.0031658 0 0.00047916 0 0.00047916 -0.0062736 -0.00084199 0.0062736 0.0041734 0.20758 -0.0029685 0.63895 0.34374 0 0 0 0 0 0 0 0 -2.416e-05 2.416e-05 2.416e-05 2.416e-05 9.5786e-05 0.00060289 9.5786e-05 0.00060289 0 0 0 0 0 0 0 0
0 0 0 0 0 0 0 0 -0.0084969 -0.012132 0.0084969 0.012132 0.0040962 -0.0076507 0.0041341 0.0076507 0.0068171 -0.0082728 0.03974 0.061186 0.046751 0.0042801 0.24412 0.36973 -0.044678 0.03831 0.38602 0.31077 0.020178 0.016697 0.020178 0.016697 -0.029555 0.003442 0.0678 0.0077581 0.113 -0.015783 0.50686 0.048376 -0.053518 0.010148 0.5019 0.032515 0 0 0 0 -0.0036922 0.00024984 0.0095896 0.0023919 0.013759 -0.0054225 0.084707 0.013479 -0.0083388 -0.0041105 0.058121 0.012506 -0.00010892 -0.001422 0.00055771 0.00224
-0.0082825 -0.00052594 0.0082923 0.00071584 0.032119 0.0019267 0.070091 0.011502 0.00056445 0.0097235 0.0010291 0.0099373 0.00021002 0.00093101 0.0002405 0.00094224 -0.051888 -0.0013299 0.051888 0.010634 0.2734 -0.016712 0.64069 0.1008 0.0093228 0.00025542 0.0093228 0.0023161 0 0 0 0 -0.042699 -0.0045772 0.043188 0.0066683 0.2916 0.01577 0.61839 0.10821 0.0065933 -0.0018544 0.0065933 0.0030811 0 0 0 0 -0.0064763 -0.0015938 0.0064784 0.0017257 0.040865 -0.00085707 0.084121 0.011873 0.001338 0.00066589 0.001338 0.0011111 0 0 0 0
-0.0073895 -1.1342e-05 0.010776 0.0010946 0.019854 0.0028964 0.07243 0.011506 -0.0093566 -0.00038739 0.062673 0.0050271 -0.0026556 -0.00036042 0.0064799 0.00073555 0.02522 -0.0058228 0.097916 0.0084268 0.059966 0.01025 0.48006 0.029923 -0.055602 -0.004198 0.50905 0.036991 -0.027746 -0.0026065 0.078978 0.0053708 0.00034289 0.018017 0.022585 0.034611 0.019296 0.0025009 0.19728 0.38234 -0.017729 -0.035331 0.36757 0.37544 -0.025402 -0.019024 0.081763 0.026601 0 0 0 0 0 0 0 0 -0.003636 0.0063641 0.003636 0.0063641 -0.0028432 0.010959 0.0030419 0.011949
-3.4843e-05 1.6228e-05 0.0001827 9.9565e-05 -0.015814 -0.0044216 0.095223 0.0075551 0.023981 0.0039078 0.024225 0.0057684 6.7045e-05 4.6096e-05 9.7042e-05 8.2647e-05 -0.0016914 0.00010107 0.0016914 0.00038599 -0.12362 -0.021671 0.62313 0.056726 0.19527 0.015998 0.19527 0.031205 -8.9888e-06 2.8924e-05 2.8924e-05 2.8924e-05 -0.0031804 -0.033834 0.0037267 0.033834 -0.089806 -0.050082 0.56944 0.19873 0.24047 -0.0052183 0.24047 0.060243 0 0 0 0 0.00086138 0.012553 0.00095733 0.012597 -0.010059 0.024526 0.071522 0.028758 0.028864 -0.0031196 0.028864 0.0075867 0 0 0 0
-5.5715e-05 1.7255e-05 5.5715e-05 3.0244e-05 -0.053396 0.00015312 0.053855 0.00094616 0.050678 0.00012471 0.050678 0.00032631 0 0 0 0 -0.00017264 1.9283e-05 0.00017264 8.5467e-05 -0.35832 -0.023408 0.36 0.02896 0.34161 0.015745 0.34161 0.021318 -2.432e-05 -9.0504e-05 9.0504e-05 9.0504e-05 -0.00024657 -6.1769e-05 0.00025661 0.00014894 -0.34107 -0.017813 0.34122 0.023276 0.35397 0.02083 0.35397 0.024219 -0.00019916 -3.693e-05 0.00055278 0.00010311 -8.1752e-05 -0.00044834 9.4916e-05 0.00052018 -0.049366 -0.0048356 0.049776 0.0069048 0.0519 -0.0021066 0.052059 0.003685 -0.00010814 -0.00052402 0.00011125 0.00058112
0 0 0 0 0.010498 0.0024947 0.079661 0.01032 1.6979e-05 7.4528e-05 1.6979e-05 7.4528e-05 0 0 0 0 0 0 0 0 0.082712 0.0076594 0.48681 0.048103 0.0024054 0.00016162 0.0024054 0.0011808 -2.6698e-05 -7.5925e-05 7.5925e-05 7.5925e-05 -6.7586e-05 -6.7586e-05 6.7586e-05 6.7586e-05 0.0026797 -0.051577 0.36913 0.40183 -0.012509 -0.10754 0.041111 0.64845 -0.002056 -0.014664 0.00919 0.084962 -0.00027402 -3.9498e-05 0.00027402 5.1914e-05 0.011151 -0.0083288 0.059716 0.020407 -0.0011259 -0.014171 0.0017269 0.031541 -0.00027699 -0.0027466 0.00048594 0.0049928
0 0 0 0 0 0 0 0 -0.0068529 -0.01103 0.0070854 0.01103 0.0012766 -0.01282 0.0054918 0.01282 -0.018721 -0.0060366 0.027955 0.056148 0.081518 -0.0078669 0.35566 0.34622 -0.041969 0.036694 0.48595 0.2342 0.0068062 0.024521 0.014165 0.024521 -0.044169 0.002889 0.079224 0.0066957 0.12211 -0.010978 0.50314 0.070932 -0.057271 0.012856 0.38423 0.057353 0 0 0 0 0.0016325 -0.00014731 0.0069344 0.0012546 0.00013374 -0.0015491 0.082681 0.01138 0.00013688 -0.0055819 0.05591 0.017668 -0.0001932 -0.0013418 0.00058002 0.0021357
-0.00017126 -7.048e-05 0.00018722 0.000107 0.013002 -0.0010763 0.094423 0.012406 0.0084319 0.0021588 0.0084319 0.0021588 0 0 0 0 -0.0062382 -0.0024185 0.0062382 0.0026325 0.17287 0.038859 0.66552 0.073928 0.0039382 -0.00047209 0.0044959 0.0030825 0 0 0 0 -0.08205 -0.031917 0.08205 0.032055 0.38511 -0.16649 0.51337 0.20593 0.0082172 0.00021152 0.0089518 0.0067952 0 0 0 0 -0.012028 0.0060128 0.012034 0.007373 0.063903 0.041371 0.070798 0.042652 0.00070488 4.2232e-05 0.00070488 0.00022752 0 0 0 0
-0.00018002 -3.8392e-05 0.00018002 3.8392e-05 -0.052475 0.056915 0.065565 0.057379 0.067138 0.039115 0.06717 0.039378 5.5502e-05 -3.8371e-06 5.5502e-05 3.8371e-06 -0.00060475 0.00017574 0.00060475 0.00028273 -0.17004 -0.0033456 0.53081 0.045709 0.20811 -0.00048755 0.2583 0.019415 0.0003902 0 0.0003902 0 0 0 0 0 -0.18822 0.019033 0.62103 0.036911 0.22088 -0.015517 0.26329 0.026474 0.00017452 0.00012953 0.00022194 0.00030675 -1.6881e-05 -7.0951e-06 1.6881e-05 7.0951e-06 -0.041827 0.00072347 0.058529 0.0094365 0.031152 -0.020197 0.038884 0.032362 0.00017044 -0.00436 0.00040736 0.0060834
-0.0026074 -0.001304 0.0029127 0.0036189 0.082603 -0.012231 0.082628 0.019647 0.0019939 -0.00087517 0.002175 0.0009329 0 0 0 0 -0.04451 0.047154 0.046006 0.04812 0.50944 0.16339 0.51219 0.19146 0.0070247 0.0055055 0.0092452 0.0073896 0 0 0 0 -0.096141 0.013697 0.096199 0.015905 0.36826 -0.079258 0.45807 0.10987 0.014181 -0.0058548 0.014181 0.00705 0 0 0 0 -0.015719 0.0022345 0.015719 0.0024501 0.042652 -0.0069614 0.071912 0.015642 0.018211 -0.0039477 0.018211 0.0041508 0 0 0 0
-0.00077138 0.0043888 0.0012604 0.0089409 0.026527 0.010517 0.074026 0.027498 0.0005395 0.00029023 0.00055043 0.00030116 0 0 0 0 -0.00062128 -0.0001551 0.00062128 0.00041857 0.12584 0.014388 0.64832 0.041086 0.00052228 -0.00022426 0.00052228 0.00052228 0 0 0 0 -0.0087173 -0.0036917 0.0087173 0.0037578 0.22253 -0.17697 0.64292 0.20477 0.0058067 -0.00027238 0.0058067 0.0018362 0 0 0 0 -0.0020062 0.00155 0.0020062 0.0015774 0.023318 0.086314 0.054464 0.086314 9.415e-05 9.415e-05 9.415e-05 9.415e-05 0 0 0 0
0.00062542 0.0013765 0.0057356 0.005208 -0.0047315 0.021431 0.0088488 0.058218 0.010544 0.0042817 0.049442 0.030043 0 0 0 0 0.0038527 -0.024037 0.024711 0.075227 0.0050416 -0.025282 0.03671 0.39627 0.052244 -0.0054422 0.34396 0.077778 0 0 0 0 0.0046789 0.0099033 0.019695 0.093112 -0.093268 -0.053898 0.10979 0.73109 0.18539 -0.016509 0.23699 0.098249 0 0 0 0 0.00033525 0.0080528 0.0018156 0.013605 -0.047113 -0.037796 0.048342 0.12969 0.065061 -0.0016653 0.065061 0.013331 0 0 0 0
0.00096399 0.00021659 0.0075462 0.0020266 0.0068032 0.0053667 0.096656 0.0083309 -0.0060349 0.0052651 0.06167 0.01457 -0.00024244 0.0015234 0.00083009 0.0034004 -0.047112 -0.0021216 0.082948 0.0048967 0.12605 0.014897 0.50121 0.064962 -0.058404 -0.0091296 0.39322 0.058083 0 0 0 0 -0.023381 0.0073183 0.031679 0.044013 0.075464 0.0038739 0.35287 0.35206 -0.030164 -0.049282 0.4838 0.21419 0.0066067 -0.025549 0.0074578 0.025549 0 0 0 0 0 0 0 0 -0.012135 0.022405 0.012135 0.022405 0.0026844 0.014755 0.0071017 0.014755
0 0 0 0 -0.0041864 -0.0002979 0.07952 0.0087985 0.015806 -0.0020904 0.026306 0.0034957 1.9436e-05 5.2485e-05 4.9585e-05 6.4366e-05 0 0 0 0 -0.059057 -0.0057554 0.64348 0.082644 0.14229 -0.0072425 0.15443 0.03219 -7.0174e-05 4.049e-05 7.0174e-05 0.00022294 -0.00019778 -8.2919e-05 0.00019778 8.2919e-05 -0.10272 0.00078746 0.65488 0.065036 0.17917 0.0010099 0.18607 0.032638 1.6551e-05 -7.398e-05 1.6551e-05 7.398e-05 -0.0001509 -1.1609e-05 0.0001509 2.8945e-05 -0.016886 0.0018048 0.094463 0.0075259 0.016346 -0.021032 0.026605 0.029549 0.00036767 -0.003541 0.00061169 0.0046669
0 0 0 0 0 0 0 0 -0.0046087 -0.0085181 0.0046087 0.0085181 -0.0018619 -0.011034 0.0031545 0.011337 -0.017717 -0.0064574 0.038254 0.040119 0.062575 -0.0049189 0.30942 0.37771 -0.095479 0.03494 0.38859 0.28929 0.052225 0.010573 0.060479 0.020556 0.01334 0.0009854 0.058403 0.0092827 0.06685 -0.0098255 0.53455 0.057923 -0.048411 0.010819 0.42204 0.032218 -0.02978 1.1268e-05 0.11694 0.0042441 0.0030803 2.0212e-05 0.010884 0.0022605 -0.005793 -0.0020835 0.053212 0.033169 0.0044064 -0.010855 0.049869 0.038165 -0.0032703 -0.00011899 0.007216 0.0067272
-0.014904 -0.0002015 0.014904 0.0033437 0.056913 -0.029222 0.08068 0.0467 0.018388 -0.0033113 0.018388 0.0033113 0 0 0 0 -0.019288 0.0078546 0.019288 0.0080028 0.20644 0.22258 0.66447 0.25704 0.082794 0.0096557 0.082794 0.015763 0 0 0 0 -0.0015488 0.00029797 0.0015488 0.00029797 0.006691 -0.0083212 0.54313 0.095844 0.16774 -0.021469 0.16774 0.021998 0 0 0 0 -8.2258e-06 -1.3134e-05 8.2258e-06 1.6224e-05 -0.018803 0.0076035 0.082194 0.008639 0.036168 -0.0038761 0.036168 0.0038761 0 0 0 0
-4.0044e-05 -6.5779e-07 4.7296e-05 2.9402e-06 -0.051533 0.00078219 0.05154 0.0024881 0.053205 -0.00013001 0.053205 0.0020718 0 0 0 0 -0.00027935 2.3468e-06 0.00031864 1.2778e-05 -0.34418 0.0039735 0.34418 0.010612 0.3517 -0.0051233 0.3517 0.012828 -2.9391e-05 -3.038e-06 2.9391e-05 1.2087e-05 -0.00026657 -2.1789e-06 0.00033142 1.5919e-05 -0.34864 0.00025653 0.34963 0.0090611 0.35375 -0.0042032 0.35375 0.0064174 -3.3002e-05 0 3.3002e-05 0 -3.6815e-05 5.6503e-06 4.3921e-05 7.9327e-06 -0.05021 0.0020596 0.050513 0.0020596 0.050517 -0.00034175 0.050517 0.00092455 -4.7668e-06 0 4.7668e-06 0
0 0 0 0 0.0025497 -0.024556 0.013943 0.024556 0 0 0 0 0 0 0 0 0 0 0 0 0.14119 0.042955 0.73465 0.2763 0.002352 0.00032626 0.002352 0.00092299 0 0 0 0 -0.0032332 -0.010135 0.0032332 0.010135 0.092214 -0.040564 0.57443 0.11455 0.0028142 -0.00092089 0.0028142 0.00092089 0 0 0 0 0.0011438 0.0018173 0.0017184 0.01214 0.016879 0.040864 0.055287 0.045404 0.0037547 -0.00092328 0.0037547 0.0010224 0 0 0 0
0 0 0 0 -0.050655 -0.00012709 0.050655 0.001418 0.049819 -0.0015421 0.050054 0.0017245 0.00013805 0 0.00013805 0 0 0 0 0 -0.35187 -0.00039031 0.35187 0.0097733 0.34341 -0.0029782 0.34502 0.0067787 0.00095577 0 0.00095577 0 0 0 0 0 -0.35635 0.0046459 0.35635 0.0072777 0.3465 -0.0012249 0.34725 0.0048758 0.0008081 -4.9502e-05 0.0008081 0.00016904 0 0 0 0 -0.051937 0.0012008 0.051937 0.0014608 0.049938 -0.00039704 0.050105 0.00096467 0.00010374 3.0737e-05 0.00010374 4.0414e-05
-0.00077748 -0.00063344 0.00077748 0.00063344 0.02294 -0.08975 0.060286 0.08975 0.00072746 -0.00026079 0.00072746 0.00026079 0 0 0 0 -0.0034228 0.0015241 0.0034228 0.0017991 0.21506 0.19431 0.69697 0.21918 0.0043281 0.0016066 0.0043281 0.0029897 0 0 0 0 0 0 0 0 0.083349 -0.00074994 0.58037 0.097157 0.038139 -0.012071 0.038139 0.012071 0 0 0 0 -0.0006023 -0.0020872 0.00076045 0.0033 -0.00799 -0.0062242 0.057597 0.028099 0.024205 -0.0026918 0.024205 0.0026918 0 0 0 0
-0.0099881 -0.00052186 0.01212 0.00086769 0.011643 -0.0026302 0.081664 0.0058618 0.0022533 0.0028686 0.058037 0.00737 -0.0038051 0.00024213 0.012809 0.0014482 0.0096579 -0.0037837 0.10359 0.0066553 0.073098 0.016573 0.48682 0.074706 -0.11589 -0.019536 0.47733 0.049231 0.037156 0.002487 0.05637 0.0051739 0.02236 0.0040697 0.05699 0.059407 0.059893 -0.010733 0.3199 0.402 -0.083798 -8.6343e-05 0.35236 0.26678 0.041113 0.0016454 0.04206 0.028096 0 0 0 0 0 0 0 0 -6.8688e-05 0.0005332 0.00017558 0.0005332 -1.1355e-05 1.5651e-05 1.1355e-05 1.5651e-05
-0.00086336 0.00013932 0.00086336 0.00043354 0.027964 -0.00071202 0.0991 0.012287 6.8857e-05 2.8941e-05 6.8857e-05 2.8941e-05 0 0 0 0 -0.0034709 -0.0022025 0.0045868 0.00312 0.17809 -0.0036239 0.62478 0.074735 0 0 0 0 0 0 0 0 -0.0086047 -0.016851 0.019973 0.12654 0.26872 -0.0044219 0.66955 0.12644 0.0020745 -0.0009642 0.0020745 0.0014006 0 0 0 0 -0.0010808 0.00037701 0.0010808 0.00052228 0.023711 0.0019297 0.08718 0.0079088 0.00053566 -7.2874e-05 0.00057519 0.00018295 0 0 0 0
0 0 0 0 0 0 0 0 0 0 0 0 0 0 0 0 0.023306 -0.002651 0.080691 0.059521 0.035542 0.0091694 0.30802 0.37749 -0.035787 0.0043453 0.34589 0.3317 -0.0017388 -0.0051459 0.042373 0.025711 -0.054452 0.0053473 0.065491 0.0060494 0.12999 -0.024355 0.52091 0.073855 -0.11341 0.0118 0.42981 0.037693 0.032565 -0.00066452 0.074416 0.008214 -0.0059576 0.0011194 0.0059576 0.0024964 -0.0010329 -0.0034735 0.066349 0.019192 0.0040901 -0.014372 0.052305 0.04302 -0.0018404 -0.00066554 0.0080691 0.0068518
0 0 0 0 0 0 0 0 0 0 0 0 0 0 0 0 0.016644 0.0038881 0.039354 0.073568 0.0533 0.0075338 0.33736 0.35103 -0.0031735 0.077768 0.031483 0.47737 -0.012597 0.00016382 0.035623 0.090911 0.037379 -0.0064831 0.10033 0.01004 0.10118 -0.013436 0.68771 0.040038 0 0 0 0 -0.023647 0.0040879 0.05191 0.0058287 0.0062862 -0.00067499 0.017896 0.001274 0.014026 -0.0035279 0.086999 0.012056 0 0 0 0 -0.0022914 0.00026483 0.0048812 0.00040418
2.5084e-05 0 9.3348e-05 0 -0.047873 0.00072188 0.047873 0.00083968 0.050363 -7.0617e-05 0.050565 0.0011985 4.039e-05 -6.1104e-06 4.039e-05 1.0233e-05 3.2733e-05 5.107e-05 0.00012181 5.107e-05 -0.34022 -0.00046877 0.34022 0.003051 0.35665 -0.0037865 0.35716 0.0075385 0.00022386 3.5972e-05 0.00022386 0.00012132 0 0 0 0 -0.34293 0.0013213 0.34293 0.0037379 0.35882 0.0029146 0.3601 0.0080242 9.3946e-05 -8.6027e-06 9.3946e-05 9.3946e-05 0 0 0 0 -0.049414 3.5979e-05 0.049414 0.0004334 0.051628 -0.00057803 0.052097 0.0010033 0 0 0 0
-0.011189 -0.0071809 0.011193 0.0078802 0.071115 -0.033503 0.074105 0.036463 0.00094209 -0.00094209 0.00094209 0.00094209 0 0 0 0 -0.088383 0.044066 0.088383 0.044271 0.4269 0.12502 0.55672 0.17422 0.0038153 0.0027006 0.0038153 0.0031156 0 0 0 0 -0.016344 0.0051399 0.016344 0.0051399 0.23146 -0.04166 0.59327 0.11745 0.009469 -0.0050082 0.009469 0.0050082 0 0 0 0 -0.00013187 2.3227e-05 0.00013187 3.465e-05 0.0059909 0.0055937 0.077764 0.013243 0.018429 -0.0042385 0.018429 0.0042385 0 0 0 0
5.5032e-05 0 7.3756e-05 0 -0.050689 0.0002874 0.050689 0.00068212 0.051244 -0.00014213 0.051368 0.00063526 -1.0155e-05 0 2.8879e-05 0 0.00038101 0 0.00051064 0 -0.34852 -0.00026548 0.34852 0.0072106 0.34943 -0.0038496 0.34996 0.0066949 -7.0305e-05 0 0.00019994 0 0.00023502 -0.00022273 0.00036904 0.00022583 -0.35198 -0.0046482 0.35198 0.013847 0.35134 -0.0059285 0.35157 0.010164 3.3279e-05 -0.00022899 0.00026815 0.00027371 -0.00048085 -0.0023968 0.00049393 0.0029754 -0.031348 -0.014821 0.035266 0.036947 0.032309 -0.0083501 0.034242 0.025396 -0.00046187 -0.0037942 0.00046986 0.004496
-0.00079069 0.00027253 0.00079069 0.00038112 -0.010925 0.0015348 0.051001 0.056165 0.0095036 0.058668 0.017792 0.13321 0.0013031 0.0067605 0.0022835 0.012983 -0.0044771 -8.0827e-05 0.0044771 0.0017351 0.15133 0.029665 0.66669 0.081487 0.0096156 0.010682 0.010195 0.013055 2.1866e-05 8.9461e-05 6.6167e-05 8.9461e-05 -0.0030108 0.00054934 0.0030108 0.00083595 0.15 -0.0088599 0.67907 0.068277 0.0059778 -0.00087542 0.0076654 0.0033431 0 0 0 0 -0.00024619 -0.00016736 0.00024619 0.00020031 0.018616 0.0010239 0.085101 0.012473 -0.0022746 -0.016311 0.0033454 0.017754 -0.00058035 -0.0035599 0.00086343 0.0053386
