0.0013439 -0.00058545 0.0016436 0.00076334 0.070462 0.01606 0.070781 0.017322 -0.025661 0.0083877 0.027689 0.009235 0.0025585 0.00089245 0.0025585 0.0011341 0.0059412 0.0067059 0.012915 0.0079959 0.49892 0.090656 0.49892 0.091652 -0.23824 0.0079448 0.24073 0.057023 0.021949 0.0025343 0.023045 0.0087604 -0.0018695 0.0065225 0.014496 0.0073674 0.3721 -0.10041 0.3721 0.12407 -0.088565 -0.055999 0.11154 0.15266 -0.00087626 0.0065444 0.0083346 0.011604 -0.00069452 0.0011393 0.0027364 0.0019907 0.040992 0.0078191 0.043463 0.0084784 0.0061827 0.014605 0.0096203 0.014624 -0.0016526 0.0027756 0.0016974 0.0027767
-0.0012703 -0.0024843 0.0023569 0.0025371 0.02303 -0.015673 0.032256 0.036123 0.0086195 -0.017714 0.01419 0.019534 0.0005468 -0.0017376 0.0017424 0.0018412 0.00027332 -0.0081624 0.0071292 0.0085213 0.26673 0.11362 0.29518 0.1875 -0.18793 0.12775 0.30098 0.29424 0.011991 -0.015653 0.031285 0.033756 0.014326 -0.0022827 0.016223 0.0058473 0.32345 -0.076734 0.33061 0.14099 -0.21978 -0.1364 0.4428 0.20791 -0.02935 -0.011246 0.036335 0.029907 0.0015225 -0.0017368 0.0018156 0.0020817 0.023914 -0.030892 0.02481 0.030933 0.0071063 -0.018297 0.065562 0.020644 -0.0097608 0.00020502 0.010167 0.0030229
0.0016471 -0.0005109 0.0018507 0.0019052 -0.001614 -0.00022352 0.0056567 0.0084995 0.0059976 -0.0075556 0.011038 0.014602 0.00031631 0.00042283 0.00093243 0.00089671 0.0029335 0.0085746 0.0042328 0.011054 0.16471 0.24808 0.18029 0.26743 -0.07216 0.26753 0.22452 0.26753 -0.018555 0.031332 0.02002 0.031481 0.0040841 0.012312 0.014011 0.013314 0.33851 -0.10161 0.36571 0.16957 -0.061125 0.031525 0.52759 0.15114 -0.047221 0.024767 0.048167 0.026642 0.003957 0.002311 0.0041912 0.0043878 0.0086616 0.020645 0.028576 0.031754 0.01793 0.0025697 0.034491 0.035461 -0.003418 -0.00026558 0.0083437 0.0082236
0.0034197 0.0014846 0.004816 0.0034019 0.0060697 0.030636 0.024651 0.040183 0.040404 0.017366 0.054763 0.021727 0.0017704 0.0021779 0.0017704 0.0021779 -0.019843 0.016993 0.030796 0.017486 0.26154 0.12164 0.26993 0.24367 0.093871 0.15856 0.35793 0.23263 0.01605 0.0043501 0.020195 0.01507 0.013534 0.0081081 0.020446 0.017246 0.21653 -0.11906 0.28781 0.27029 -0.0021479 -0.21418 0.17791 0.49064 0.014669 -0.059748 0.022092 0.060259 0.0027676 -0.013049 0.002836 0.013051 0.0021454 -0.062395 0.01693 0.076573 -0.005734 -0.026448 0.019542 0.035297 0.0027914 -0.0021606 0.0027914 0.0021606
0.00092942 -0.001122 0.0012799 0.0015158 0.024754 0.00075846 0.024754 0.0060227 0.013771 0.017804 0.013771 0.017804 -0.00031315 0.0028041 0.00077107 0.0028739 0.0033971 0.0010104 0.0064447 0.0068979 0.37613 0.12892 0.37613 0.17877 -0.0061319 0.12428 0.12893 0.17018 -0.014621 -0.00021348 0.026474 0.029649 0.012874 0.0058628 0.012874 0.0071839 0.41433 -0.047523 0.45773 0.1872 0.072272 0.11973 0.26065 0.25598 -0.0070997 0.056064 0.03257 0.058064 0.0017943 0.0010081 0.0019076 0.0011879 0.013641 -0.0074828 0.034756 0.022183 0.079171 -0.015574 0.11482 0.043864 -0.0031273 -0.003362 0.004403 0.0072588
0.0016499 0.00048269 0.0016888 0.0005661 0.037152 0.010377 0.037418 0.027223 0.010759 0.01567 0.030212 0.025687 -0.00067408 0.0016913 0.0023689 0.0027674 0.0055381 0.0048292 0.0072245 0.0050953 0.45328 0.088494 0.45328 0.11542 -0.011758 0.083992 0.20267 0.24447 -0.013535 0.0098348 0.013801 0.013682 0.00079937 0.007253 0.0094127 0.0079911 0.4052 -0.05075 0.42897 0.14369 0.023757 -0.10239 0.13258 0.21443 -0.0093648 -0.0068216 0.016389 0.017791 -0.0010189 0.00025404 0.0024187 0.0010665 0.041784 -0.026165 0.041784 0.030959 0.0051693 -0.012207 0.022107 0.027395 -0.00044603 0.0017063 0.0011231 0.0024227
0.0013941 0.0015254 0.0014006 0.0019096 0.0054331 0.011333 0.01655 0.015856 0.010624 0.025703 0.026431 0.027958 -0.0013069 0.00054966 0.0027139 0.0016339 0.0024293 0.0038479 0.0034025 0.012309 0.22227 0.20255 0.27818 0.25396 -0.10675 0.16736 0.31573 0.34008 0.010746 0.010184 0.016579 0.011309 -3.1095e-05 0.008323 0.0023593 0.01329 0.31511 -0.087217 0.33951 0.15905 -0.24413 -0.12512 0.33437 0.24477 0.036389 0.025298 0.036479 0.025944 0.00035612 0.0029165 0.00035612 0.0031277 0.038926 0.0162 0.040734 0.032353 -0.019466 0.026507 0.050073 0.04348 0.014349 0.0078821 0.014938 0.0079016
0.0017921 -0.004459 0.0020304 0.004459 0.013708 -0.019708 0.016853 0.025006 5.4841e-05 -0.0078733 0.011069 0.025908 0.0018934 -0.0029731 0.0018934 0.0030802 0.0053234 0.023766 0.014126 0.029557 0.27089 0.15273 0.29428 0.24607 -0.042215 0.25491 0.1348 0.31298 0.00034158 0.0166 0.010413 0.029233 -0.024397 -0.0067965 0.025828 0.0088102 0.37081 -0.059453 0.46748 0.2104 0.068489 0.05115 0.2806 0.26008 -0.0065813 0.021171 0.020458 0.030265 -0.0029311 -0.00021951 0.003425 0.0024146 0.047083 -0.0085129 0.050261 0.0085698 0.021656 -0.015789 0.034952 0.017367 -0.0031565 -0.002925 0.0031565 0.0030735
0.0039237 0.0013553 0.0039237 0.0014994 0.021868 0.014955 0.034796 0.022552 0.026751 0.027069 0.027141 0.027069 0.0028128 0.0023782 0.0028128 0.0023782 0.037655 -0.016006 0.037792 0.020072 0.39228 0.060319 0.47462 0.17156 0.081413 0.14796 0.088904 0.14796 0.017449 0.016667 0.017449 0.016667 0.010653 0.018175 0.021195 0.024656 0.37495 -0.088983 0.39914 0.20248 0.24791 -0.034215 0.25987 0.15217 0.030465 0.016325 0.030706 0.016674 0.0066186 0.00082323 0.0071481 0.0031865 0.0097081 0.027469 0.033391 0.035132 0.06817 0.0049409 0.068951 0.02417 0.0023235 0.0022757 0.0029505 0.0028721
0.0019271 -0.002474 0.0022728 0.002927 0.022887 -0.016412 0.024064 0.019701 0.0097927 0.0035175 0.010546 0.0082627 0.00058947 3.4457e-05 0.0022465 0.00087147 0.021445 -0.0018259 0.021445 0.0094207 0.45743 0.087827 0.45743 0.13552 -0.12633 0.15469 0.20937 0.16501 0.0049359 0.00719 0.0078189 0.0089194 0.027216 0.002271 0.027216 0.011672 0.41247 -0.042114 0.41247 0.10909 -0.067442 -0.090139 0.21999 0.14281 0.016883 0.0038489 0.020372 0.0081161 0.0042998 -0.0013638 0.0043106 0.0027754 0.036306 0.004764 0.036306 0.013037 0.012049 0.0042683 0.014052 0.011716 -0.00032701 -0.00040062 0.0019753 0.0012356
0.0038925 0.00081102 0.0039505 0.0025797 0.038744 0.029 0.03905 0.03213 0.029118 0.033332 0.029118 0.033332 0.0032356 0.0048965 0.0034795 0.0050211 0.030263 0.0054227 0.030839 0.0072046 0.40271 0.053991 0.40271 0.14212 0.10189 0.071789 0.224 0.20603 0.010933 -0.020968 0.020017 0.029927 0.017981 1.0283e-05 0.025486 0.013009 0.40791 -0.16539 0.40791 0.17806 0.0051976 -0.2292 0.16279 0.2292 -0.010876 -0.03126 0.024376 0.03126 -0.0025482 0.0027397 0.0026513 0.0028118 0.021201 -0.0062602 0.022498 0.014648 0.0094031 -0.033552 0.022096 0.037962 -3.1994e-05 -0.00075756 0.0021424 0.0036444
0.0041134 0.00026789 0.0041134 0.0013985 0.017863 0.041335 0.042114 0.064227 0.033125 0.061661 0.034179 0.062442 -1.1568e-05 0.00087084 0.002449 0.0016372 0.031588 0.01998 0.040642 0.021366 0.29728 0.20321 0.36691 0.33522 0.014921 0.1739 0.277 0.18363 0.00050155 0.013616 0.0040516 0.013616 0.026857 0.0058853 0.027149 0.017882 0.45253 -0.049521 0.45253 0.11443 -0.077969 -0.012621 0.11523 0.094661 0.0024389 0.015613 0.0067642 0.015866 0.0026606 0.0054668 0.0055555 0.0060096 0.041854 0.019601 0.042596 0.020083 0.0059483 0.0070959 0.0064833 0.0070959 0.00060821 0.00084183 0.00071067 0.00089856
0.0037073 -0.00017101 0.0038044 0.0016688 0.022502 -0.0026605 0.034814 0.0089446 0.037475 0.020308 0.038219 0.020308 0.0023977 0.0030545 0.0023977 0.0030545 0.01499 0.007609 0.018121 0.02044 0.26909 0.022791 0.30031 0.1468 0.28871 -0.028346 0.29627 0.17881 0.025005 0.019756 0.025404 0.019756 0.0054388 0.025693 0.023115 0.025693 0.11398 0.2006 0.24241 0.30053 0.40458 0.13316 0.40826 0.19224 0.015239 0.011027 0.018596 0.016875 0.0018658 0.00090321 0.0029838 0.0020051 0.049425 0.01169 0.059935 0.040475 0.011058 0.0041742 0.047794 0.047361 -0.0012162 -0.0052445 0.0026277 0.0058541
0.00339 -0.0015695 0.0034024 0.0019409 0.023956 0.00071393 0.069156 0.025993 0.016929 0.029549 0.035519 0.032842 0.0034214 0.003315 0.0065243 0.0044816 0.014743 0.0037251 0.014743 0.011312 0.44394 0.1052 0.51794 0.13721 -0.0027279 0.11938 0.20424 0.12364 0.03228 0.017535 0.052085 0.021792 0.018047 -0.0016569 0.02061 0.0092825 0.24233 -0.066497 0.31545 0.13977 0.21838 -0.15136 0.21838 0.33219 0.027119 -0.011478 0.047309 0.023435 0.0029442 -0.00059596 0.0033594 0.0018762 0.011607 -0.0095724 0.02648 0.012688 0.029336 -0.014886 0.029657 0.016735 0.00514 -0.0016383 0.00514 0.0019293
0.00039374 0.0010134 0.0021788 0.0026769 0.0066068 0.0030663 0.017329 0.015593 0.0077785 0.0058687 0.018598 0.018504 0.0071972 -0.0034037 0.0095601 0.006189 0.0096498 0.012935 0.019205 0.018227 0.25727 0.171 0.31006 0.18626 -0.10702 0.30432 0.23704 0.32979 0.023265 -0.0028686 0.04814 0.041131 -0.0075169 -0.00070509 0.014795 0.010081 0.19703 -0.15656 0.23273 0.28753 0.080254 -0.16576 0.25037 0.43051 0.0031782 0.031251 0.027787 0.042146 -0.00078935 0.0019491 0.0017696 0.0023992 0.033826 0.016236 0.034463 0.028321 0.03097 0.052983 0.037344 0.054289 0.0033146 0.0038737 0.0048578 0.0047275
0.0025619 0.0099703 0.0031358 0.010076 -0.007789 0.068183 0.038877 0.078054 0.023034 0.0076069 0.035537 0.033797 0.0024901 -0.00024969 0.0032017 0.0064904 0.01352 0.00076842 0.018745 0.10738 -0.17332 -0.19569 0.35191 0.42987 0.28049 -0.062909 0.28049 0.26724 0.01569 0.01085 0.016993 0.015202 -0.036803 -0.049074 0.04443 0.080375 0.048282 -0.062839 0.30401 0.20472 0.25354 0.042133 0.28172 0.22544 0.011589 -0.011833 0.013358 0.037843 0.0023767 0.0010297 0.0025162 0.0021916 -0.0032881 0.0066789 0.060445 0.041444 0.04083 -0.022161 0.050246 0.026348 0.00011002 -0.0027221 0.0010517 0.0040514
0.00011574 0.00024551 0.001484 0.0048943 0.020049 0.053526 0.031865 0.060041 -0.012269 0.030615 0.01583 0.035591 0.0032556 0.0021337 0.0032614 0.0032896 0.0082678 0.0019703 0.02809 0.03228 0.37335 0.08555 0.42926 0.2792 -0.20669 0.15406 0.24445 0.32269 -0.03601 -0.0028315 0.04137 0.022889 0.050776 -0.00065807 0.062526 0.010158 0.29207 -0.080268 0.29604 0.10105 -0.2193 -0.12414 0.22497 0.15021 -0.035192 -0.021665 0.052153 0.025777 0.0068992 -0.0027425 0.0071589 0.0027425 0.015546 -0.01575 0.057268 0.025081 -0.023937 -0.020688 0.026589 0.022739 0.0030992 6.8229e-05 0.0033543 0.001974
0.0029391 -0.0008169 0.0029391 0.0014129 -0.011825 -0.017424 0.038139 0.018997 0.033606 0.05135 0.042762 0.056768 0.0045945 0.002928 0.0046709 0.003121 0.014581 0.0051249 0.014581 0.0095362 0.38727 0.13827 0.46417 0.18828 0.085753 0.14141 0.25938 0.15054 -0.0090983 0.020108 0.018963 0.020718 0.025009 -0.0014482 0.025956 0.0077415 0.24816 -0.058996 0.30623 0.12697 0.29064 -0.061841 0.30213 0.29665 -0.025601 -0.0036107 0.026823 0.0094821 2.6979e-06 0.0017967 0.0016304 0.0018438 0.018091 -0.00075381 0.019249 0.010593 0.039764 -0.0094657 0.039764 0.016377 0.002314 0.0001249 0.0023262 0.00080133
0.0006314 0.0018642 0.0037465 0.0020999 0.025707 0.055245 0.028935 0.060755 0.0056006 0.025787 0.041043 0.03041 0.0088461 -0.00166 0.0090411 0.0029675 -0.01982 0.031288 0.027158 0.031288 0.27819 0.10274 0.32069 0.24664 -0.0064197 0.24378 0.27407 0.31915 0.078987 0.017778 0.079245 0.031848 0.014572 0.010114 0.01817 0.010954 0.22343 -0.0099347 0.4078 0.18025 0.12915 0.18217 0.25335 0.31196 0.04498 0.0051983 0.078316 0.031412 0.0037465 -0.002883 0.0037487 0.0032523 0.019664 0.013416 0.038865 0.023719 0.034766 -0.050795 0.043121 0.068691 0.0017118 -0.0019784 0.005049 0.0080001
0.0015674 0.0070498 0.0018552 0.0085114 0.010716 0.040928 0.013213 0.060119 0.021554 0.039008 0.025504 0.048519 -0.0011502 0.0077974 0.0037417 0.0092282 0.010773 0.010343 0.02079 0.017918 -0.09413 -0.035097 0.14018 0.14271 0.421 0.03552 0.4833 0.25106 -0.01967 0.025015 0.024858 0.061206 -0.0061813 -0.0026283 0.013848 0.014593 -0.05878 -0.011335 0.14256 0.13416 0.41978 0.004453 0.42885 0.19266 0.032331 0.013138 0.070201 0.032573 0.00085703 -0.00019325 0.0024095 0.0027636 -0.014138 -0.0017846 0.036351 0.024208 0.064564 -0.0080082 0.064564 0.013783 0.00051541 -0.0027723 0.0029364 0.0032067
