0 0 0 0 -0.010454 -0.0010478 0.028107 0.0088816 0.014135 0.0053815 0.014257 0.0058344 0 0 0 0 -0.022172 -0.021751 0.022172 0.021751 -0.10655 -0.18972 0.24074 0.21353 0.20094 -0.17575 0.20094 0.1813 0 0 0 0 -0.073876 -0.016291 0.073876 0.029575 -0.15655 -0.074721 0.47144 0.13284 0.44198 0.088996 0.44198 0.091062 0 0 0 0 -0.0022552 0.0092182 0.0040836 0.009253 0.0048412 0.058323 0.06319 0.058341 0.021003 0.013656 0.021003 0.013656 0 0 0 0
0.0028782 -0.0088571 0.0059483 0.0088704 -0.012299 -0.037146 0.057532 0.042232 0.036342 -0.0055814 0.036342 0.0093067 0 0 0 0 0.012563 0.0083256 0.027091 0.010202 -0.14023 0.047272 0.4963 0.11344 0.3633 -0.09917 0.3633 0.11455 0 0 0 0 0.022868 -0.0054056 0.035018 0.010734 -0.12202 0.13951 0.39203 0.1888 0.28716 0.10819 0.28812 0.12839 0 0 0 0 0.0012954 0.0089062 0.0037026 0.008912 0.0083024 0.0039505 0.037216 0.015135 0.0079647 0.0065777 0.0081676 0.0066187 0 0 0 0
-0.0065781 -0.0027389 0.0066779 0.0036897 0.046622 -0.0021285 0.051564 0.0085138 -0.024191 -0.010758 0.051589 0.013672 -0.0033603 0.0004896 0.00338 0.0015737 -0.067163 0.0031139 0.067163 0.020127 0.32067 0.040743 0.32788 0.21105 -0.19492 -0.0014044 0.3092 0.076016 -0.012106 -0.0027754 0.014497 0.014049 -0.049397 -0.0075914 0.049874 0.018176 0.37957 -0.027679 0.40536 0.17321 -0.31298 -0.091764 0.33961 0.092765 -0.013113 -0.014541 0.014754 0.01507 -0.0022836 0.0066739 0.0028137 0.0066889 0.029724 0.026917 0.032359 0.026997 -0.053805 0.013041 0.054 0.020012 0.0006387 0.0024227 0.0019237 0.00283
-0.0096731 -0.0058886 0.014069 0.0064454 0.0093901 -0.025812 0.028027 0.047424 0.053925 0.0031893 0.05399 0.018152 5.5743e-05 -4.3611e-06 5.5743e-05 4.0501e-05 -0.095959 0.010715 0.11043 0.032777 0.40568 0.10474 0.47311 0.17856 0.11697 0.038042 0.11783 0.059101 0.00012226 5.1259e-05 0.00012226 5.1259e-05 -0.092222 -0.0018403 0.10236 0.032777 0.41765 -0.10849 0.48501 0.15742 0.1076 -0.028101 0.1076 0.041387 0 0 0 0 -0.015586 -0.00061229 0.016693 0.0027884 0.06049 0.032883 0.065754 0.038088 0.011669 0.0057663 0.011669 0.005818 0 0 0 0
-0.0062702 0.000465 0.0063498 0.0010119 0.018319 -0.0090561 0.04882 0.016282 0.0017747 0.0052265 0.036266 0.010758 0 0 0 0 -0.068439 -0.0044011 0.06848 0.0078971 0.16022 -0.052228 0.5006 0.23937 0.020837 -0.035393 0.50808 0.10975 0 0 0 0 -0.072643 -0.0070559 0.072643 0.0075937 -0.12667 0.1257 0.39369 0.12972 0.27092 0.071104 0.27092 0.092076 3.5711e-05 -3.5711e-05 3.5711e-05 3.5711e-05 -0.0047795 -0.0012923 0.0097442 0.0042015 0.010284 7.0775e-07 0.025746 0.012395 0.0056494 -0.0036664 0.04379 0.0096163 8.953e-05 1.8449e-06 8.953e-05 4.7158e-06
-0.0052883 -0.0016481 0.0052883 0.001734 0.024881 -0.024024 0.066724 0.025105 -0.005972 -0.0038928 0.035248 0.013843 6.063e-05 0 6.063e-05 0 -0.052058 -0.0015413 0.052058 0.0078085 0.16553 -0.06163 0.62912 0.31594 0.027885 -0.020306 0.22182 0.087481 0.00055311 1.8252e-05 0.00055311 0.00013335 -0.068588 -0.0036248 0.068588 0.0061295 -0.14025 0.18938 0.37609 0.19476 0.26976 0.026278 0.27 0.096406 0.00016759 0.00023466 0.00016759 0.00023466 -0.0049988 0.0001651 0.0049988 0.00062916 -0.0067319 -0.0026493 0.030166 0.0054464 0.019085 0.0034376 0.019507 0.0038189 9.2347e-07 -4.1278e-06 9.2347e-07 4.1278e-06
0 0 0 0 -0.034623 -0.015099 0.049268 0.015751 0.019954 0.016848 0.052179 0.017514 0.0030243 0.00025704 0.011361 0.0041077 -0.00063256 -0.00030919 0.00063256 0.00030919 0.06061 -0.00048498 0.55631 0.23379 -0.0069119 0.010904 0.07062 0.032201 0.0042373 0.010392 0.056939 0.019118 -0.008483 -0.0020495 0.008483 0.003398 0.18074 -0.065968 0.69507 0.26963 -0.045476 -0.011127 0.05825 0.02975 0.012268 -0.0005615 0.050972 0.013387 -0.0070208 -0.0017536 0.0072418 0.0017536 0.0078944 -0.0013479 0.098662 0.023881 0.0078862 -0.011527 0.029282 0.01884 0.0021846 0.0013212 0.0021917 0.0013449
-0.0052486 0.00030522 0.0055836 0.00084656 -0.010113 -0.00037903 0.016019 0.013639 0.074564 -0.012605 0.074564 0.014108 0 0 0 0 -0.02661 -0.0003507 0.037386 0.0068587 -0.14421 0.020666 0.15122 0.062892 0.46244 -0.04211 0.46244 0.066353 0 0 0 0 -0.038182 0.0022759 0.049262 0.010672 -0.11024 -0.06455 0.1279 0.071084 0.46971 0.020131 0.47212 0.083247 0 0 0 0 -0.0069364 0.0017828 0.010512 0.0031455 0.0083421 0.029983 0.029029 0.035012 0.051057 0.037597 0.051057 0.037663 0 0 0 0
-7.4094e-05 -3.2573e-05 0.00013907 0.00012183 -0.00040167 -0.0023041 0.027369 0.019674 0.0028789 0.0011683 0.006404 0.0050532 -0.0030958 -0.0017775 0.009702 0.0026995 -0.0084895 -0.011939 0.0090797 0.012435 0.11943 -0.091722 0.43955 0.13769 -0.10129 -0.064426 0.17768 0.096351 0.034126 0.013897 0.03794 0.014828 0.0041687 0.0060619 0.028602 0.020888 0.11996 0.00041259 0.64386 0.17748 -0.023497 -0.012418 0.4279 0.20676 0.0010175 0.0012687 0.0014442 0.0012912 0.00086094 0.00046261 0.0010101 0.00073092 -0.023119 -0.015599 0.10851 0.023774 0.041007 0.011965 0.041007 0.012228 -3.0242e-06 1.4497e-07 5.5213e-06 5.5213e-06
-3.3477e-05 -6.8992e-05 0.00011946 6.8992e-05 0.0065333 0.0058552 0.034778 0.0095925 -0.026826 0.0050885 0.027274 0.0059733 0.0080964 0.003583 0.0087018 0.0062131 -0.01464 -0.015192 0.014886 0.015436 0.11836 -0.12704 0.39073 0.13913 -0.12132 -0.031361 0.33475 0.13108 0.023339 0.014779 0.023339 0.015015 -0.0057408 -0.0036463 0.078256 0.022176 0.12304 0.060837 0.53456 0.15497 -0.049423 -0.055367 0.50575 0.19174 0.0028037 0.00080671 0.0028037 0.0014286 0.0024833 0.00193 0.005036 0.0024999 -0.036723 -0.0099354 0.090082 0.01563 0.043009 0.013188 0.043161 0.016447 0.00012966 1.8904e-05 0.00012966 1.8904e-05
-0.00076858 -0.00026023 0.0008117 0.0002942 0.01175 0.0014309 0.046578 0.011335 -0.014465 0.0092439 0.080669 0.019788 0.00035976 -0.0001321 0.00035976 0.00033957 -0.050996 -0.011014 0.051399 0.012107 0.19796 -0.033366 0.32739 0.11098 -0.048289 -0.01419 0.24825 0.10517 0.0043362 0.00053764 0.0043362 0.00081396 -0.055312 -0.011502 0.085943 0.022101 0.19302 -0.037008 0.64496 0.18606 -0.032633 -0.032288 0.46657 0.14513 0.0038078 0.00033196 0.0038078 0.00068779 0.0044533 0.0014561 0.01427 0.003963 -0.031606 0.01852 0.052673 0.020826 0.037358 0.022505 0.03768 0.022693 8.8833e-05 3.5075e-05 8.8833e-05 4.1898e-05
-0.00020924 -0.00024641 0.00020924 0.00024641 -0.00020135 -0.00016807 0.0029787 0.0039282 -0.0062553 -0.012899 0.015685 0.01352 0.0010611 0.0010378 0.004535 0.0030134 -0.02991 -0.015407 0.030613 0.03747 0.049647 -0.053039 0.23909 0.41467 0.016479 0.075905 0.1571 0.34474 -0.01862 -0.012789 0.034596 0.020529 0.0047755 -0.059275 0.041413 0.085521 0.29903 -0.10408 0.56601 0.32585 -0.075929 -0.079912 0.16247 0.097925 -0.044298 -0.038452 0.061601 0.062022 0.0014787 0.00091636 0.0043015 0.0020207 0.029141 0.0089523 0.070747 0.036757 -0.025717 -0.014441 0.045847 0.029265 -0.0028435 -0.0020831 0.003793 0.0035339
0.00069868 0.0008412 0.0073966 0.0039513 -0.031736 0.018813 0.10285 0.03898 0.064693 -0.034842 0.075237 0.043937 0 0 0 0 -0.018857 0.0044086 0.054305 0.023635 0.28884 -0.044432 0.36741 0.14719 -0.0035073 0.24616 0.47952 0.28305 0.0018784 -0.00024482 0.0018784 0.00024482 -0.042375 0.050505 0.042375 0.050505 0.27137 0.1602 0.36323 0.2496 0.013285 0.012624 0.20883 0.090337 0.0014446 0.00026995 0.0014446 0.00036721 -1.0462e-05 -3.6787e-06 1.0462e-05 1.0462e-05 -0.0091015 -0.0021071 0.032167 0.00657 0.006593 -0.0073762 0.031553 0.016204 0 0 0 0
0.00064577 0.00088269 0.0023507 0.0043754 0.0048785 0.019783 0.014366 0.038337 -0.0090247 -0.0039305 0.018045 0.02695 0.00032246 0.0050606 0.0031835 0.0097611 0.0052399 -0.044209 0.014759 0.047958 0.20581 -0.13778 0.33834 0.41557 0.0012791 0.10035 0.088258 0.27823 0.00322 0.0078303 0.017317 0.047555 0.0060336 -0.027311 0.009423 0.033901 0.49074 0.042147 0.52126 0.15733 0.0014881 0.0034953 0.0083277 0.0050427 -0.00063774 0.0022295 0.0014393 0.0023054 -0.00014177 0.01682 0.00064435 0.01682 0.031909 0.030016 0.032057 0.030937 -1.4794e-05 -8.6645e-05 0.00032244 0.00032244 0 0 0 0
0.0055864 -0.0048494 0.006082 0.0109 0.0024986 -0.024844 0.018332 0.038303 -0.0030441 -0.024799 0.023083 0.036191 -0.0010971 0.0010496 0.0016521 0.011901 -0.0018307 -0.041684 0.024624 0.0722 0.17984 -0.13721 0.28281 0.41938 -0.027742 0.11979 0.12509 0.27707 0.0069694 0.015379 0.016297 0.040444 0.0045671 0.0042059 0.029138 0.071669 0.48706 0.1188 0.50711 0.23619 -0.001951 0.0049773 0.0028405 0.0053413 0.00010271 0.00045082 0.00015077 0.0010433 0.0020139 0.0051256 0.0020337 0.0051256 0.00021688 0.0010354 0.00042668 0.0010354 0 0 0 0 0 0 0 0
-0.0010253 0.00017284 0.0010253 0.00044195 -0.01748 -0.012064 0.054546 0.014389 0.023644 0.0067958 0.031682 0.0086485 0 0 0 0 -0.052659 -0.0044532 0.052659 0.0073107 -0.15408 0.0021427 0.60369 0.14492 0.30209 0.015374 0.30209 0.031766 0 0 0 0 -0.032152 0.0046556 0.032152 0.008309 -0.22165 0.039835 0.36174 0.14179 0.30551 0.0045213 0.30551 0.047086 0 0 0 0 -0.0065502 -0.00091823 0.0065502 0.00096115 0.0022691 -0.0018822 0.049438 0.015201 0.016839 0.0026022 0.016968 0.0028234 0 0 0 0
-0.00059041 -0.00037584 0.00059041 0.00037584 0.01444 -0.0086471 0.080728 0.049536 0.0015043 0.0028526 0.010887 0.0060448 -0.0014282 0.0042549 0.0092594 0.0051346 -0.051979 -0.017032 0.055883 0.024436 0.23856 0.056653 0.57853 0.1443 -0.10167 -0.053021 0.14188 0.094912 0.045763 0.0068687 0.045763 0.011017 0.023333 0.015834 0.056684 0.031272 0.098549 -0.048722 0.64567 0.17041 0.011317 0.040525 0.16804 0.14461 0.00078036 0.00095479 0.00092148 0.0010525 0.00061623 0.0004428 0.0010549 0.00064076 0.011785 0.016092 0.081926 0.019903 0.0019345 0.002297 0.0031537 0.002297 5.0803e-05 3.5226e-05 5.0803e-05 3.5226e-05
-0.0034358 -0.0012014 0.0038592 0.0044737 0.0016147 -0.021555 0.018224 0.023706 0.054895 -0.02552 0.055359 0.026051 0 0 0 0 -0.040658 -0.0019963 0.041483 0.0060644 -0.0069054 -0.045104 0.072091 0.060006 0.44486 -0.0081604 0.47041 0.026478 0 0 0 0 -0.020359 0.00517 0.023793 0.013241 -0.086434 0.056301 0.10143 0.095375 0.43791 -0.012411 0.56153 0.089528 0 0 0 0 -0.002957 0.0010556 0.0052927 0.0026887 -0.014956 -0.0022498 0.017293 0.0053763 0.067598 0.0050352 0.070779 0.016811 0 0 0 0
-0.001067 0.00034963 0.001539 0.0014021 0.050019 -0.0039993 0.064023 0.014412 0 0 0 0 0 0 0 0 -0.014241 0.0014359 0.015259 0.0047146 0.39398 -0.060142 0.5637 0.11779 0.0013925 -0.00022249 0.0013925 0.0013925 0 0 0 0 -0.0097915 -0.0053396 0.016268 0.0053396 0.40626 0.036509 0.56413 0.10291 0.0015977 0.00015614 0.0015977 0.00074116 0 0 0 0 0.00049863 0.00083614 0.0011365 0.0011389 0.050766 0.0064879 0.059013 0.022511 4.1416e-05 -1.7899e-05 4.1416e-05 4.1416e-05 0 0 0 0
-0.0015384 -0.00036718 0.0023854 0.0019905 0.06684 -0.0069684 0.067338 0.0089918 0 0 0 0 0 0 0 0 -0.029974 0.003185 0.032 0.011542 0.48304 -0.026301 0.50519 0.060853 0 0 0 0 0 0 0 0 -0.018522 -0.012864 0.020608 0.014537 0.4807 0.050369 0.49627 0.091688 0 0 0 0 0 0 0 0 0.0013115 0.006469 0.0050712 0.007202 0.042466 0.036509 0.042569 0.036561 0 0 0 0 0 0 0 0
0 0 0 0 0.0068797 -0.00027933 0.07021 0.020554 -0.011522 0.015129 0.04793 0.018654 0.0015452 0.00091344 0.0015452 0.00091344 -0.001781 -0.00081763 0.001781 0.00095231 0.13508 -0.01304 0.52322 0.19146 -0.037671 -0.012989 0.22657 0.074991 0.00079141 8.0594e-05 0.00079141 8.0594e-05 -0.030029 -0.010816 0.030101 0.010816 0.072384 -0.028916 0.70367 0.20833 0.054332 -0.0094826 0.19277 0.10193 0.00060699 0.00015892 0.00060699 0.00015892 0.0013989 0.00076055 0.010231 0.0020917 -0.032766 0.018112 0.042425 0.019289 0.039371 0.0082307 0.039415 0.0082715 4.8163e-05 4.8163e-05 4.8163e-05 4.8163e-05
-0.0061309 0.00054375 0.0083878 0.0012875 0.017555 -0.00025887 0.019548 0.011432 0.021045 0.0059452 0.099689 0.019087 -0.0025954 0.003752 0.010606 0.0043241 -0.063226 0.011505 0.088715 0.013579 0.18989 -0.020575 0.21062 0.081406 0.30942 -0.013064 0.34808 0.10045 -0.030838 0.02732 0.063664 0.0444 -0.049488 0.049883 0.059143 0.049911 0.10319 0.38032 0.1777 0.45589 0.1614 0.085901 0.39969 0.22298 -0.0062723 0.0038597 0.048935 0.020378 0 0 0 0 -0.0004669 1.7667e-05 0.00057971 0.0011313 -0.011222 -0.0070816 0.041895 0.015213 -0.0012439 -0.0011825 0.0049769 0.0035002
-0.00013981 -5.0207e-05 0.00013981 6.6685e-05 0.0040996 -0.00051361 0.02974 0.0070804 -0.010431 0.010227 0.067186 0.028199 0 0 0 0 -0.0065663 -0.0034039 0.0065663 0.0035375 0.073338 -0.066197 0.5035 0.19488 0.0031032 -0.0077807 0.53058 0.065231 0 0 0 0 -0.019697 0.00041067 0.019697 0.0030359 -0.17762 0.062919 0.42613 0.1254 0.2405 0.021815 0.32286 0.062515 0 0 0 0 -0.0037277 -0.00085264 0.0037277 0.00099351 -0.012687 -0.0062003 0.064647 0.012744 0.027818 0.0076924 0.028081 0.0078336 0 0 0 0
0 0 0 0 -0.022029 0.0056146 0.049088 0.03853 0.024351 -0.0089016 0.046751 0.0095285 0 0 0 0 0 0 0 0 -0.048112 -0.069851 0.40748 0.17527 0.051989 -0.0095452 0.58643 0.1345 0 0 0 0 0 0 0 0 -0.10813 0.056964 0.38669 0.15102 0.11463 0.034754 0.45874 0.08612 0 0 0 0 0 0 0 0 -0.016375 0.0022643 0.047255 0.008053 0.016963 0.0027718 0.03847 0.00821 0 0 0 0
-0.0064727 0.00041461 0.0064998 0.0022588 0.016659 -0.033725 0.07807 0.066028 -0.0020121 -0.0073255 0.021369 0.011046 -0.0050427 -0.0003015 0.0055768 0.0039013 -0.062479 -0.027329 0.062479 0.030703 0.33618 -0.037541 0.52247 0.16902 0.014322 -0.035538 0.28405 0.10253 -0.057331 -0.0086317 0.060245 0.011767 -0.055417 0.025312 0.071241 0.028087 0.30411 -0.018064 0.43691 0.092024 -0.030163 -0.0029288 0.34306 0.17897 -0.0075019 -0.0077822 0.012684 0.013322 -0.013009 -0.0039277 0.013084 0.0045787 0.041491 -0.012582 0.059088 0.021307 -0.0022044 -0.0091105 0.052915 0.011879 -0.0013006 -0.0011744 0.0025356 0.001246
-0.001068 0.00016136 0.001068 0.00054376 0.015422 -0.014221 0.054708 0.015463 -0.010855 0.0041279 0.081057 0.021342 0.00015643 3.5561e-05 0.00022293 7.4545e-05 -0.041035 -0.0045872 0.041141 0.0090545 0.14376 -0.040462 0.52105 0.17918 -0.014022 -0.034199 0.43205 0.20038 0.00095855 0.00054544 0.0013041 0.00063733 -0.058918 0.0026323 0.058918 0.008217 -0.0041187 0.10335 0.44055 0.12127 0.12918 0.0040393 0.37896 0.1902 -3.5632e-05 -0.00017586 0.00085237 0.00025668 -0.0058374 -0.00062654 0.0058374 0.0010655 0.012612 -0.0084142 0.037931 0.0123 0.0011168 0.006006 0.080889 0.011039 9.1969e-05 -1.4642e-05 0.00012543 0.00014061
-0.013884 -0.0023419 0.013884 0.0028345 -0.018648 0.0040181 0.064507 0.012591 0.020738 0.0049325 0.031368 0.020084 0.0167 0.00020249 0.022282 0.0037836 -0.098627 -0.0009799 0.10876 0.014086 -0.083249 -0.11141 0.34382 0.14992 0.28605 -0.030194 0.29706 0.16158 0.049525 0.018007 0.12953 0.033371 -0.19002 -0.0084491 0.19002 0.03781 -0.013839 0.09636 0.14561 0.12404 0.44449 0.089658 0.44644 0.12524 0.01219 0.0024792 0.038929 0.030375 -0.0031148 0.0036459 0.0032016 0.0037228 -0.039986 0.115 0.054358 0.1201 0.043101 0.032414 0.070713 0.097944 -0.0013718 -0.00020607 0.0029249 0.0015554
0.0041893 -0.0089033 0.0065637 0.0090004 0.033905 -0.02208 0.03414 0.023929 0.0011463 -0.00030292 0.0011463 0.00030292 0 0 0 0 -0.004127 0.0059761 0.030536 0.016987 0.47026 -0.0067547 0.48273 0.20902 0.021233 -0.0073877 0.021233 0.0089602 0 0 0 0 -0.028414 0.029578 0.062124 0.038347 0.34489 -0.019529 0.53326 0.27698 0.021291 -0.0016432 0.028992 0.014929 0 0 0 0 -0.0026223 0.0083315 0.003561 0.0089664 0.025926 0.030826 0.057484 0.046102 0.00088732 -0.00055755 0.0018811 0.0018355 6.3652e-05 -2.4112e-05 6.3652e-05 2.4112e-05
-0.00046501 3.0677e-05 0.00047308 0.00065219 0.0044009 0.012325 0.054361 0.024179 -0.013159 -0.015391 0.069455 0.026234 0.003132 0.00050423 0.0031579 0.00080184 -0.0028878 0.00018256 0.003113 0.0018236 0.094857 -0.028524 0.40669 0.171 -0.073378 0.046074 0.32225 0.13399 0.0022573 0.00069809 0.0022573 0.0013002 -0.019522 -0.0080426 0.01955 0.010595 0.13236 -0.024533 0.41573 0.15238 -0.071685 -0.045878 0.64371 0.10327 0.00043036 0.00021035 0.00043036 0.00021035 -0.00018047 -0.00085419 0.0071264 0.0038088 0.00096669 0.00080895 0.059454 0.016243 0.0063721 0.0084422 0.069285 0.019895 0 0 0 0
-0.00062119 0.00012179 0.00062119 0.00040565 0.0099142 -0.0039352 0.030856 0.012445 -0.028839 0.018803 0.094151 0.029105 0.00060043 0.00030693 0.00082575 0.00034904 -0.044173 -0.011829 0.044431 0.012683 0.19772 -0.027842 0.46707 0.12931 -0.085962 0.073208 0.37671 0.18581 0.00039534 0.00022288 0.0014305 0.00080016 -0.074195 -0.012173 0.095623 0.014692 0.12802 0.0010387 0.54054 0.17595 0.035572 -0.041411 0.3148 0.23765 0.00068983 0.00052436 0.00089433 0.00074875 0.0062127 0.001215 0.023984 0.0025646 -0.03215 0.001268 0.036291 0.020116 0.038372 -0.0088701 0.038515 0.01434 -7.3581e-06 -5.1566e-05 0.00013392 5.7242e-05
-0.00015269 -2.1492e-05 0.00021433 0.00013998 -0.0059785 0.0024877 0.046262 0.020785 -0.0036863 0.012946 0.054575 0.025033 -0.0039573 -0.0002442 0.010021 0.0025292 -0.00014577 7.0295e-05 0.00099956 0.00082362 0.078712 -0.013389 0.51885 0.19047 -0.17085 0.028399 0.24349 0.063792 0.052416 -0.0011459 0.067739 0.029534 -0.0097374 -0.002721 0.010599 0.0029879 0.20915 -0.13423 0.64103 0.18433 -0.14763 0.011811 0.15074 0.043075 0.071108 0.012779 0.072624 0.022573 -0.0097856 -0.0040819 0.0097993 0.0041101 0.041946 0.0063998 0.10766 0.029677 -0.01759 -0.0061064 0.023475 0.012124 0.0071909 0.00097343 0.0072217 0.0023863
-0.0044725 -0.0044032 0.004499 0.0045241 0.018231 0.006594 0.027411 0.031673 -0.0037597 0.0026297 0.023286 0.0084987 -0.0090372 -0.0047834 0.011512 0.0070291 -0.033616 -0.054733 0.065154 0.076626 0.2879 -0.09475 0.47584 0.1608 -0.16722 -0.042731 0.23857 0.1274 -0.015521 -0.0035409 0.018639 0.0095897 -0.012776 -0.0027059 0.02631 0.007226 0.2407 0.031309 0.53726 0.10501 -0.10905 -0.091779 0.34504 0.15256 -0.018951 -0.0028067 0.024362 0.012461 -0.0015303 0.00074272 0.0043776 0.0014124 0.038138 0.00034469 0.050934 0.042831 -0.034104 -0.009958 0.062017 0.023686 -0.0015037 -0.00079328 0.0018396 0.0019595
0 0 0 0 -0.029783 0.0026855 0.041396 0.017355 0.027034 -0.018425 0.064866 0.021482 0.00036953 4.5973e-05 0.00036953 0.00011725 0 0 0 0 0.048718 0.015272 0.47626 0.11498 -0.02857 0.085708 0.32843 0.16115 0.00058311 0.00013239 0.00058311 0.00029764 0 0 0 0 0.090419 -0.09722 0.64734 0.27504 0.011764 -0.0053442 0.27253 0.080296 0 0 0 0 -0.00047598 -0.00039974 0.00047598 0.00039974 -0.037932 0.028957 0.07285 0.035625 0.047616 0.0070584 0.047628 0.0074938 0 0 0 0
-0.00020143 -0.01378 0.0023932 0.01386 0.01908 -0.028004 0.019492 0.028239 0.00074869 -2.7545e-05 0.00074869 0.00038812 0 0 0 0 -0.017937 -0.0080348 0.017952 0.010353 0.47099 -0.046129 0.52984 0.14265 0.0020573 0.00053202 0.0020573 0.00053202 0 0 0 0 -0.026059 0.012103 0.026719 0.01814 0.467 0.019023 0.48248 0.099046 0 0 0 0 0 0 0 0 -0.0024855 -0.0015184 0.0029851 0.0015466 0.062343 0.0043217 0.066523 0.012415 0 0 0 0 0 0 0 0
-0.00092789 4.0061e-05 0.00092789 6.1698e-05 0.0094446 5.6831e-05 0.046256 0.010431 -0.0090532 0.0098518 0.11405 0.027768 0.00040407 -0.00012295 0.00050469 0.00023036 -0.014877 -0.00070838 0.014877 0.0028411 0.087973 0.0060754 0.52245 0.23499 -0.0083421 -0.027553 0.54525 0.18441 0.0035523 0.0011181 0.0035523 0.0024232 -0.026706 -0.00083262 0.027087 0.010152 -0.11852 0.046488 0.3105 0.17153 0.18064 0.001103 0.28412 0.17316 -8.7668e-05 -0.0011769 0.0014921 0.0017181 -0.0047243 -0.0032725 0.0052217 0.0035829 0.010913 -0.0016205 0.050066 0.015021 -0.048474 -0.04424 0.11703 0.077328 -0.00070647 -0.02468 0.0048819 0.025469
-0.00049618 -6.6384e-05 0.00049618 0.00010517 0.011918 0.0037362 0.085931 0.010963 -0.011957 0.0083858 0.073499 0.020707 0.00082022 0.00019727 0.00084419 0.00033519 -0.0035124 -1.2307e-05 0.0035124 0.00058308 0.077075 -0.062265 0.46908 0.12995 -0.079821 0.04628 0.44703 0.1357 0.0025763 0.00023481 0.0027235 0.0014782 -0.018725 -0.0049477 0.018822 0.0068905 0.10565 0.040143 0.4733 0.18667 -0.03382 -0.032574 0.44323 0.19224 0.0027654 0.00074748 0.0027654 0.0037276 -0.0059823 0.00099852 0.0060388 0.0013191 -0.0030195 0.011838 0.037647 0.018066 0.01449 0.0033757 0.047528 0.015668 -3.8945e-05 -0.00023857 0.00015914 0.00038875
-0.00013471 -1.4208e-05 0.00016394 8.9895e-05 -0.013376 -0.013464 0.058103 0.021412 0.0016364 -0.0066348 0.043712 0.014778 0.0062875 0.00054896 0.0063622 0.002906 -0.0029107 -0.00095395 0.0029107 0.0019812 0.04596 0.023123 0.39851 0.17174 -0.11351 -0.012444 0.48226 0.17538 0.015052 0.0029995 0.01508 0.0040639 -0.0028782 2.6884e-05 0.0030425 0.0022457 0.089181 -0.034369 0.49558 0.15864 -0.07227 0.030387 0.46565 0.086557 0.0037604 6.9759e-05 0.0037604 0.00083451 -0.0014724 -0.00019686 0.0014817 0.00046329 0.013347 -0.01001 0.083576 0.027933 -0.01125 -0.001087 0.083589 0.011223 0.00048107 7.9819e-06 0.00048107 9.1595e-05
0 0 0 0 -0.017709 -0.0023316 0.017709 0.013099 0.016705 -0.029769 0.019444 0.029896 0 0 0 0 0 0 0 0 -0.14823 -0.07155 0.28636 0.15349 0.14126 -0.032516 0.35696 0.10406 0 0 0 0 0 0 0 0 -0.37494 -0.054564 0.40934 0.18391 0.40764 0.069025 0.40764 0.1124 0 0 0 0 0 0 0 0 -0.023606 0.0053023 0.078088 0.031116 0.034044 0.010002 0.034044 0.010128 0 0 0 0
0.0017758 -5.6209e-05 0.0020314 0.00090975 0.0013758 -0.010809 0.011955 0.012197 0.00059572 -0.00066984 0.00089054 0.00094737 0 0 0 0 0.0021167 -0.0012652 0.0044695 0.0069346 0.14107 0.070603 0.72207 0.48482 0.024253 -0.0038941 0.026658 0.016799 0.0010667 -0.00029691 0.0010667 0.0005501 0.014697 -0.0091729 0.032199 0.017359 -0.040643 0.01876 0.31125 0.27036 0.11078 -0.063975 0.11078 0.072825 0.00024293 -5.8826e-05 0.00024293 5.8826e-05 0.0039882 -0.0010613 0.014786 0.004035 -0.014431 0.0094462 0.017935 0.011789 0.0089167 -0.0063688 0.086434 0.020843 7.7799e-05 -7.9253e-05 0.00010797 0.00016339
0.0065549 0.0008062 0.0066448 0.0081431 0.039179 0.014584 0.051357 0.027344 -0.018898 -0.019824 0.070194 0.03323 0.0061514 0.0043879 0.0074122 0.0046731 -0.0075034 0.035471 0.023012 0.041404 0.11807 0.021039 0.34483 0.17831 -0.050632 0.11539 0.41222 0.18916 0.0013507 0.0025777 0.0023847 0.0042654 -0.033944 -0.011971 0.034546 0.014568 0.15156 -0.058183 0.56026 0.17581 -0.024102 -0.058408 0.39142 0.22268 -0.00021981 0.0001751 0.0016447 0.00032504 -0.0031537 0.00049673 0.0089112 0.0054526 -0.020324 0.0088183 0.075138 0.022121 0.030715 -0.0037555 0.089495 0.03432 0 0 0 0
0.0054383 -0.0028363 0.0077198 0.0031992 -0.0043312 0.0010375 0.070997 0.025034 0.013544 0.0068304 0.013691 0.0070718 1.3172e-05 8.2824e-05 3.2979e-05 0.000115 0.030486 0.00074301 0.11748 0.047704 0.16604 0.0046954 0.58301 0.095925 0.002881 0.00048303 0.0031741 0.00048303 -0.00010074 4.5515e-05 0.00028648 4.5515e-05 -0.084437 0.024063 0.084928 0.026364 0.35551 -0.13116 0.61234 0.23751 0.0018444 0.00030549 0.0018444 0.00030549 0 0 0 0 -0.0037802 -0.0014607 0.003816 0.0015348 0.029261 0.025169 0.080224 0.038581 0 0 0 0 0 0 0 0
-0.0005639 5.3433e-05 0.0005639 0.00012843 -0.0049192 0.01503 0.057486 0.01866 -0.0032547 -0.0071483 0.07322 0.022722 0.00044403 1.6644e-05 0.00044403 0.00013027 -0.0040806 0.00054783 0.0040806 0.0011834 0.077051 -0.088497 0.4246 0.10715 -0.072362 0.099764 0.58602 0.10995 0.0023839 0.00011256 0.0023839 0.00051375 -0.0057946 -0.0010436 0.0057946 0.0015191 0.059247 0.0057322 0.51299 0.16412 0.02603 0.0042446 0.31164 0.12233 0.00076517 0.00028038 0.0010459 0.00028038 -0.0023866 -0.00031217 0.0023866 0.00071411 -0.016857 0.0081921 0.069721 0.015819 0.028539 -0.0064563 0.028783 0.015018 0.00013384 -4.1862e-05 0.00013384 5.933e-05
0.0022637 -0.001992 0.0036129 0.0024981 0.018488 -0.018029 0.1037 0.029771 0.0038605 0.00047716 0.0038605 0.0020774 0 0 0 0 -0.021844 0.016692 0.11459 0.090249 0.30059 -0.043389 0.6031 0.24264 0.010207 0.0038251 0.013948 0.0090623 0 0 0 0 0.0043835 0.011103 0.026855 0.016254 0.14063 0.12373 0.56107 0.30296 0.0098738 -0.0048569 0.012997 0.0084402 0.00016307 -0.00016307 0.00016307 0.00016307 0.0030471 -0.00083963 0.0046967 0.0012134 -0.027211 0.00847 0.043022 0.028218 0.029854 -0.022369 0.04027 0.026237 8.371e-05 -4.0792e-06 8.371e-05 4.0792e-06
0.0072472 -0.00010481 0.0075633 0.0015208 0.061352 0.0038775 0.068068 0.017602 -0.017021 -0.0054938 0.035552 0.016884 0.0037103 0.0023237 0.010573 0.0054008 0.0076446 0.073016 0.014025 0.083525 0.21255 0.093318 0.52838 0.26243 -0.10325 0.036468 0.39764 0.13302 0.011901 0.010535 0.013004 0.010727 -0.00058155 -0.00017274 0.00098839 0.0016683 0.016076 -0.025577 0.47771 0.18563 0.013614 -0.014407 0.27336 0.17671 0.0012254 0.00057514 0.0018611 0.0010195 -0.00011035 -0.0003768 0.00062564 0.00048071 0.0023996 0.013984 0.064921 0.028906 -0.0041891 -0.020683 0.096778 0.036026 0 0 0 0
-3.7678e-05 2.7697e-05 3.7678e-05 5.3587e-05 -0.010841 -0.0052783 0.034206 0.0071625 -0.0023676 0.0065067 0.043664 0.018998 0.0029462 0.0020761 0.0031605 0.0033491 -0.0011869 -0.0012867 0.0014309 0.0012867 0.034146 -0.032712 0.29054 0.11749 -0.056545 -0.026447 0.30632 0.06995 0.0027554 0.00092221 0.0028042 0.0015658 -0.013346 -0.0078873 0.013346 0.0079996 0.12017 -0.10669 0.66132 0.2175 -0.0059364 -0.018103 0.47383 0.17707 0.00067649 0.00024284 0.00086985 0.0014573 0.0026579 0.00014936 0.0085236 0.002978 -0.033387 -0.0047292 0.1373 0.027828 0.050138 0.0071813 0.050138 0.0082905 -8.4105e-06 2.7064e-05 2.7064e-05 2.7064e-05
0.0071715 0.00084038 0.019748 0.0051462 -0.025674 -0.0080341 0.037276 0.028667 0.034459 0.0044243 0.034682 0.0068943 0.0002867 4.0931e-06 0.0002867 3.2791e-05 0.0080796 0.012885 0.078483 0.021191 0.11766 0.026587 0.73298 0.28887 0.056284 0.0062444 0.059979 0.021404 0.0013959 -3.0545e-05 0.0013959 0.00022315 0.024739 0.0019495 0.055535 0.013156 0.086438 -0.025511 0.52523 0.21899 0.02404 0.004237 0.030262 0.026421 0.0019292 -0.00019293 0.0019292 0.00079045 0.005264 -0.0020803 0.0088578 0.0038869 0.0085644 0.0074441 0.075367 0.027943 0.0028613 0.0006485 0.0041834 0.001845 0.00011417 1.143e-05 0.00011417 7.5421e-05
-0.00034068 -7.9613e-05 0.00034068 7.9613e-05 -0.026259 -0.023638 0.044604 0.036594 0.021361 -0.0083574 0.041719 0.016779 -0.0060634 -0.00088703 0.0062563 0.0019715 -0.0057869 0.00023721 0.0057869 0.00286 -0.1081 -0.068557 0.38481 0.12822 0.16166 -0.03947 0.43408 0.09694 -0.015453 -0.0035592 0.016117 0.010678 -0.0018305 0.00023069 0.0019124 0.00075808 -0.20804 0.01708 0.40147 0.1322 0.1815 -0.034478 0.5345 0.17539 -0.009201 -0.0098506 0.014479 0.011578 -0.00090026 -0.00011427 0.00090026 0.00031917 -0.019227 0.013304 0.038853 0.036642 0.013694 0.018681 0.085027 0.033722 -0.002581 0.0011185 0.0032934 0.0018926
-0.0020919 -0.0037344 0.004806 0.0040531 0.052954 -0.010838 0.057404 0.012628 0 0 0 0 0 0 0 0 -0.041776 0.0085843 0.042148 0.019301 0.46821 -0.050396 0.5022 0.096514 0 0 0 0 0 0 0 0 -0.044875 -0.012612 0.046189 0.020284 0.48508 0.059107 0.49556 0.1186 0 0 0 0 0 0 0 0 -0.0010376 0.016302 0.0058811 0.016323 0.019982 0.029807 0.020032 0.029964 0 0 0 0 0 0 0 0
-0.0043573 0.0050158 0.0091456 0.007247 0.032226 -0.021673 0.088918 0.027997 2.9122e-06 1.5706e-05 2.9302e-05 2.9302e-05 0 0 0 0 0.0087653 0.00011343 0.019382 0.0089615 0.13046 0.098202 0.74377 0.22636 0.0024247 -0.00076394 0.0024247 0.00076394 0 0 0 0 0.025361 -0.023323 0.067462 0.035666 0.099463 -0.035325 0.56666 0.088655 0.0098209 -0.0011964 0.0098209 0.0021976 0 0 0 0 -0.0058683 0.0040413 0.013119 0.0056756 0.032746 -0.0012174 0.094906 0.01807 0.0023476 -0.00053444 0.0023616 0.00074104 0 0 0 0
-0.014151 -0.01064 0.014205 0.010678 -0.0014037 -0.032636 0.03133 0.042238 0.084894 -0.02188 0.085745 0.035893 -0.020805 0.0026356 0.022027 0.0057253 -0.12363 0.0076823 0.13595 0.034118 0.1375 0.12848 0.19953 0.17035 0.44943 0.010249 0.5077 0.14255 -0.05755 0.01359 0.059789 0.039205 -0.13209 0.0084378 0.14309 0.040634 0.23027 -0.010064 0.26213 0.065481 0.19861 -0.013499 0.31227 0.15173 0.01542 -0.011662 0.12243 0.036208 -0.024434 0.0055105 0.036568 0.0074188 0.016272 -0.0091492 0.027234 0.02457 0.024458 -0.02544 0.031696 0.030102 0.015439 0.0017601 0.022513 0.0038944
-6.1225e-05 5.3155e-05 0.00081956 0.0004653 0.004055 -0.029216 0.026265 0.030341 0.00093365 -0.0012269 0.0023341 0.0018224 2.3758e-05 -0.0003603 0.00014135 0.0003603 -0.0037074 5.3878e-05 0.003983 0.0031533 0.099836 0.08646 0.67659 0.39325 -0.046734 -0.056254 0.090261 0.066741 -0.055518 -0.031447 0.14765 0.095535 -0.0041326 0.00030306 0.0041782 0.0021839 -0.040015 0.042377 0.2926 0.28297 -0.039189 -0.055804 0.28609 0.20511 0.035079 0.037777 0.067845 0.06721 -3.5967e-05 0.00024782 0.00013557 0.00027664 -0.0010234 0.0014634 0.0023183 0.0018115 -0.014432 0.0087547 0.065166 0.025217 -0.0012121 0.0010057 0.0016324 0.0012236
0.0061035 -0.0044902 0.011003 0.0051344 0.0098611 -0.011941 0.051713 0.021556 0.002428 -0.00072366 0.002428 0.00072366 0 0 0 0 -0.014817 0.019445 0.13564 0.050992 0.24707 -0.066903 0.70583 0.28984 0.020968 0.0032113 0.020968 0.0070215 0 0 0 0 0.035448 -0.00098536 0.067976 0.010504 0.099614 0.12211 0.49034 0.22281 0.011805 -0.0055864 0.011805 0.0080047 0 0 0 0 0.0076482 -0.0037039 0.014987 0.0075965 -0.006228 0.0027267 0.061979 0.012389 0.015014 -0.001355 0.015014 0.0043751 0 0 0 0
-0.0074395 -0.0014256 0.0074395 0.0016002 -0.052789 -0.020858 0.058388 0.023146 0.071349 0.0017318 0.072943 0.024329 -0.018718 -0.0019556 0.020991 0.0055802 -0.07424 -0.0071231 0.07424 0.016757 -0.076276 0.030072 0.42763 0.12952 0.32284 0.048978 0.39571 0.10102 -0.075752 0.0099137 0.075873 0.044475 -0.035525 0.012069 0.035525 0.013965 -0.13673 -0.05243 0.37336 0.11777 0.32405 -0.012357 0.39997 0.12052 -0.0007928 0.0085474 0.077864 0.022578 -0.0064156 -0.00084422 0.0064272 0.0023558 -0.028742 0.018007 0.052917 0.02411 0.057203 0.0087957 0.059454 0.027042 0.0011665 0.00314 0.0051571 0.0039296
-0.0010199 0.0010806 0.0010199 0.0010806 -0.010954 0.01015 0.053193 0.033252 0.017158 -0.0017297 0.027289 0.016911 4.183e-05 2.0259e-05 4.183e-05 2.0259e-05 -0.0015531 -9.9345e-06 0.0015531 0.00029611 -0.056361 -0.069766 0.38381 0.13989 0.097446 0.0092869 0.39077 0.084619 0 0 0 0 -0.0017688 -0.00010038 0.0017688 0.00033854 -0.23091 0.012323 0.58208 0.20348 0.30954 0.021626 0.30954 0.073424 0 0 0 0 -0.00031596 2.0571e-06 0.00031596 5.5053e-05 -0.019986 -0.013194 0.11707 0.035158 0.040994 9.187e-05 0.040994 0.0087149 0 0 0 0
0.00090643 -0.0016218 0.01203 0.0054342 0.017715 0.0048401 0.060983 0.024318 0.00058613 0.00058258 0.00138 0.00072095 0 0 0 0 0.0098456 0.012309 0.03861 0.023393 0.17943 0.035687 0.71768 0.28052 0 0 0 0 0 0 0 0 0.027072 -0.0097428 0.04373 0.01933 0.10094 -0.046986 0.55108 0.16708 0.014119 -0.0024631 0.014119 0.0054514 0 0 0 0 0.0073234 -0.0025941 0.019069 0.0050838 0.020033 0.00092029 0.13078 0.012146 0.0024969 0.00028302 0.0024969 0.00061662 0 0 0 0
-0.00024331 8.9605e-05 0.00024652 0.00024956 0.0053981 0.0058965 0.12351 0.034643 -0.0013369 0.0065076 0.014626 0.010069 -0.006544 0.0064052 0.033458 0.0073761 -0.0033146 -0.00067188 0.0033146 0.0011602 0.088832 0.042706 0.73241 0.064051 -0.096764 -0.027655 0.11102 0.045914 0.050216 0.014768 0.069945 0.016297 -0.0011986 -0.00068311 0.004287 0.002464 0.071003 -0.030754 0.48341 0.22557 -0.072666 -0.025034 0.27626 0.071183 0.011799 0.0053309 0.011925 0.0064979 -0.0058526 -0.0020092 0.0060245 0.0040273 0.035663 -0.023125 0.092742 0.094492 -0.011381 0.0033221 0.034193 0.012473 0.0028715 -0.0012724 0.0029256 0.0012913
-0.0043203 -0.003009 0.0043203 0.00307 0.027528 0.004997 0.081207 0.030285 -0.032799 0.023356 0.11596 0.033665 0.0037091 0.0032394 0.0043755 0.0037139 -0.042005 -0.029071 0.1298 0.07226 0.24307 0.027538 0.24809 0.091575 -0.072128 0.034495 0.37739 0.14716 0.00042477 0.00028993 0.0013211 0.0010535 -0.13964 0.036749 0.24078 0.051429 0.27443 -0.083275 0.3965 0.129 -0.0023686 -0.028891 0.45217 0.30116 0.00090542 0.00021348 0.00090542 0.00021348 -0.0093557 0.0038865 0.014955 0.0042727 0.026904 -0.020501 0.10611 0.054245 0.022326 0.009753 0.022326 0.010416 9.6146e-05 1.6932e-05 9.6146e-05 1.6932e-05
0.0043734 -0.0023072 0.01009 0.0052506 -0.033474 0.0067955 0.036623 0.014697 0.038634 0.0025552 0.038634 0.0086265 0 0 0 0 -0.019139 -0.0073594 0.069273 0.033848 -0.14057 -0.061672 0.37302 0.096587 0.25536 0.012613 0.25536 0.053825 0 0 0 0 -0.00069362 0.025151 0.043022 0.033451 0.051877 -0.030443 0.79779 0.11832 0.086649 0.021253 0.086649 0.028342 0 0 0 0 0.0017237 -0.00086541 0.0030132 0.0017988 0.016156 0.011719 0.084842 0.024507 0.0025969 -0.00060365 0.0028512 0.0012604 0 0 0 0
-0.0067486 0.0070171 0.025749 0.010329 0.04956 -0.032715 0.15935 0.070861 0.0051467 0.002799 0.0058679 0.0041725 0 0 0 0 0.01154 0.0092601 0.039914 0.014916 0.18517 0.22261 0.66814 0.34265 0.0062759 -4.8813e-05 0.013267 0.004709 0 0 0 0 0.022827 -0.0043287 0.028377 0.013786 -0.014506 -0.07407 0.48091 0.21828 0.083561 -0.019916 0.083561 0.058077 0 0 0 0 0.010587 -0.0055838 0.014286 0.0086934 -0.00012359 0.011601 0.10078 0.017755 0.010007 0.0035061 0.010221 0.0065925 2.5745e-06 -2.5745e-06 2.5745e-06 2.5745e-06
0.0065194 -0.0060795 0.013909 0.0062881 0.010295 -0.0062456 0.092995 0.013314 0.0028373 -7.4482e-05 0.0028373 0.00024599 0 0 0 0 -0.01442 0.024522 0.068807 0.030996 0.18981 -0.031473 0.69526 0.14552 0.015528 -0.00035106 0.015528 0.0032948 0 0 0 0 0.016548 -0.0081448 0.03769 0.013809 0.11986 0.074301 0.63274 0.12906 0.0096111 -0.0002017 0.011003 0.0015935 0 0 0 0 0.0045651 -0.00084167 0.011638 0.0037475 0.010195 0.0078153 0.048639 0.018663 0.00102 0.00029404 0.00102 0.00029404 0 0 0 0
-0.0077977 0.0013052 0.0077977 0.0038619 0.031748 -0.0079323 0.084484 0.026854 0.00015973 0.00023874 0.00015973 0.00028486 0 0 0 0 0.0089577 0.00027407 0.054686 0.0081436 0.11856 0.064965 0.73536 0.16857 0 0 0 0 0 0 0 0 -0.029011 -0.0089059 0.080034 0.033342 0.19263 -0.04998 0.57775 0.11388 0.0015344 -0.00057162 0.0015344 0.00057162 0 0 0 0 0.00082961 -0.00039114 0.0092033 0.0015436 0.016774 0.012526 0.068494 0.017889 0.0010956 -1.9628e-05 0.0010956 5.5818e-05 0 0 0 0
-0.00092014 0.0020775 0.0049225 0.0028829 0.035886 -0.014332 0.11841 0.039671 0 0 0 0 0 0 0 0 0.013732 -0.0054704 0.030675 0.011774 0.10189 0.094258 0.69881 0.12941 0.005788 -0.00098994 0.005788 0.0027158 0 0 0 0 0.016122 -0.017433 0.10541 0.055092 0.1526 -0.067086 0.6263 0.10973 0.015402 -0.0021674 0.015402 0.0038932 0 0 0 0 0.00077891 0.0025989 0.0073742 0.0035798 0.025316 0.0054382 0.09276 0.022561 0.0023203 0.00014037 0.0023203 0.00067641 0 0 0 0
0 0 0 0 -0.035217 -0.0087827 0.035217 0.011868 0.035795 0.0079322 0.036125 0.012647 0 0 0 0 0 0 0 0 0.022787 0.031201 0.31741 0.12912 0.030373 0.01534 0.030373 0.01534 0 0 0 0 -0.061684 -0.01821 0.061684 0.019441 0.26946 -0.3014 0.69336 0.44078 0 0 0 0 0 0 0 0 -0.013428 0.0039555 0.013487 0.0041401 0.049638 0.075188 0.11092 0.075188 0 0 0 0 0 0 0 0
0.0096042 -0.0031733 0.015952 0.0063804 -0.0084331 -0.00026705 0.048718 0.011221 0.014836 0.0067819 0.014836 0.0069528 0.00012491 7.0487e-06 0.00012491 7.0487e-06 -0.026135 0.043553 0.091583 0.08287 0.2784 -0.079154 0.5367 0.2786 0.017073 0.0023467 0.017955 0.011244 0.00058237 0.00016822 0.00058237 0.00046008 0.002774 0.00174 0.0070143 0.0043968 0.13168 0.12146 0.68909 0.13735 0.0076372 0.0028336 0.016037 0.010792 0 0 0 0 -0.00036774 2.2691e-05 0.00066557 0.00033966 0.0099775 0.0016828 0.044968 0.0055955 0.00015743 0.00092096 0.0012147 0.0011898 0 0 0 0
-0.0005545 0.0015951 0.0023758 0.0020281 0.034692 0.017351 0.035323 0.023538 0.061414 0.0021839 0.084483 0.0061149 -0.021883 0.0068272 0.023686 0.0082048 0.028213 0.0053805 0.044285 0.0070873 0.04021 0.06944 0.15322 0.080259 0.43865 -0.053812 0.50799 0.068172 -0.083571 0.011669 0.085702 0.080941 0.035063 -0.00012916 0.042122 0.0067149 0.052235 -0.025756 0.13102 0.17875 0.27809 -0.011258 0.55401 0.07146 0.02384 0.013278 0.09689 0.023349 0.00036768 -0.0023491 0.0013534 0.0034042 0.035013 -0.013456 0.041342 0.020564 0.045395 0.0062665 0.068797 0.012732 0.0005301 0.0019578 0.00723 0.0036319
0 0 0 0 -0.014911 0.0038072 0.10046 0.043911 0.025342 -0.019682 0.059255 0.032275 9.1903e-05 -3.7859e-06 9.1903e-05 3.7859e-06 -0.00054722 -0.0004151 0.00054722 0.0011863 -0.039411 0.078017 0.57893 0.10732 0.036715 0.1269 0.55382 0.25692 0.0001186 0.00022225 0.0001186 0.00022225 -0.00058832 0.00013163 0.00058832 0.00013163 0.040862 0.0034508 0.3785 0.087727 -0.011647 -0.0061459 0.26931 0.053247 0.0003459 -5.3879e-05 0.0003459 0.00017337 -0.00011815 3.8223e-06 0.00011815 4.734e-05 0.0083093 -0.011178 0.066081 0.058054 -0.0040552 -0.0040676 0.034073 0.018946 0.0002286 -0.00021719 0.0002286 0.00031313
0.005683 -0.0011533 0.01576 0.0062318 0.022271 0.0091558 0.091104 0.025158 0.0024418 0.00017297 0.0024418 0.0027946 0 0 0 0 -0.053792 0.022296 0.064522 0.027593 0.27065 -0.027005 0.60346 0.14072 0.018031 -0.0072607 0.022218 0.015719 0 0 0 0 0.0033883 -0.00038018 0.0076526 0.0056177 0.122 0.060013 0.67961 0.18287 0.024583 -0.0056581 0.036079 0.012392 0 0 0 0 0.0036913 -0.0014336 0.0047245 0.0020048 0.0081567 -0.00092862 0.077488 0.024797 0.004444 0.00037231 0.0047777 0.0024372 0 0 0 0
0.002728 0.00077717 0.0081159 0.0014501 0.0058204 -0.006362 0.063456 0.010394 0.002946 -0.00029815 0.002946 0.00036911 0 0 0 0 0.047744 -0.050322 0.126 0.053775 0.09236 0.0020321 0.63246 0.10962 0.0094769 0.0080524 0.011418 0.015154 0 0 0 0 -0.070135 0.050511 0.10429 0.058435 0.32788 -0.11658 0.58766 0.20161 -0.00029832 0.00051453 0.0016426 0.00051453 0 0 0 0 0.0010839 0.00041247 0.0023521 0.0010169 0.031008 0.038314 0.13434 0.041385 0 0 0 0 0 0 0 0
0.0018937 0.00047778 0.0074539 0.0022025 0.0031047 -0.0026449 0.07918 0.0097293 0.0053587 0.001603 0.0053689 0.0019906 2.532e-05 1.0642e-05 2.532e-05 1.0642e-05 0.037387 -0.035575 0.12737 0.066409 0.12678 -0.025348 0.63052 0.12754 0.0057889 0.0062921 0.0087054 0.0094903 0 0 0 0 -0.071027 0.046103 0.093708 0.048206 0.32044 -0.07581 0.59447 0.21068 -0.0002848 0.00049122 0.0015682 0.00049122 0 0 0 0 0.0010119 -0.00028788 0.0024074 0.00078422 0.024064 0.025708 0.11147 0.035505 0 0 0 0 0 0 0 0
