-0.00086002 -0.00035797 0.00086002 0.0006722 0.065733 -0.011987 0.066682 0.01443 0.00035926 -0.00022628 0.00038772 0.00045977 0 0 0 0 4.6109e-05 9.5826e-05 0.0021491 0.0018774 0.45498 0.054712 0.46084 0.091839 0.0044287 -0.0055366 0.011243 0.009985 0.00035016 -0.0012541 0.0010362 0.0012541 5.0062e-05 -0.00076625 0.00089469 0.00161 0.23246 -0.16866 0.23932 0.21194 -0.047144 -0.40643 0.084981 0.43739 0.032461 -0.048956 0.0345 0.049871 -0.00017541 -0.00041092 0.00024762 0.00042495 0.016781 0.010851 0.026648 0.020997 -0.012667 0.0029123 0.013413 0.01124 0.0014696 -0.001111 0.0024066 0.0013083
-0.001185 -0.00016169 0.0013506 0.00082323 0.064915 -0.021366 0.068576 0.022253 0.0095089 -0.003734 0.0095089 0.003923 0 0 0 0 -0.0040112 -0.0042929 0.0051347 0.0048814 0.47947 0.19136 0.48634 0.20212 0.047021 0.012844 0.047021 0.017207 0 0 0 0 -0.0031977 0.0083087 0.0070157 0.0090068 0.24107 -0.24152 0.24666 0.25782 0.25567 -0.16892 0.25625 0.16946 5.9815e-06 -0.00016258 8.428e-05 0.00016258 -0.0038446 0.00095747 0.0047961 0.0043846 -0.0033452 0.00091364 0.0034811 0.0022864 0.063968 -0.015971 0.064149 0.016338 3.7229e-05 -4.8373e-05 0.00018511 8.0479e-05
-0.0017134 0.0030524 0.0040517 0.0039023 0.052982 -0.029351 0.057986 0.035931 0.001742 5.5084e-05 0.001742 0.0007187 0 0 0 0 -0.0026258 -0.0091693 0.0044419 0.010835 0.40354 0.093185 0.42347 0.13387 0.020035 -0.0045067 0.022444 0.011431 0.0004159 -0.00077509 0.00057552 0.00077509 -0.0011133 -0.0043727 0.0061106 0.0069347 0.14098 -0.20218 0.20453 0.31412 -0.0082804 -0.44036 0.047231 0.46432 0.02019 -0.056568 0.022165 0.061067 0.00024307 -0.00049394 0.00040438 0.00052128 0.0001266 -4.4839e-05 0.0010661 0.0012735 0.013301 0.0052659 0.013323 0.01022 -0.0040697 0.0025931 0.0044274 0.0056732
-0.00050514 0.0029292 0.0010244 0.0031729 -0.003804 -0.013799 0.025829 0.037463 0.064917 -0.013497 0.071467 0.018381 0 0 0 0 -0.0063725 -0.0070141 0.0071316 0.0094561 0.27031 0.1926 0.31426 0.21536 0.23833 0.18571 0.23833 0.18858 0 0 0 0 -0.0073527 0.00090297 0.008244 0.0095867 0.47169 -0.16267 0.49408 0.18135 0.073208 -0.03538 0.073208 0.037399 0 0 0 0 -0.00078263 -0.0014733 0.00080173 0.0014936 0.014753 -0.0029062 0.018469 0.0071905 0.064548 -0.0094157 0.064548 0.0098459 0 0 0 0
-0.00050516 6.5849e-05 0.00068005 0.00026604 -0.0019326 0.0071402 0.0073291 0.0078983 0.079581 0.0077384 0.079581 0.014243 0 0 0 0 -0.00080812 -0.0023165 0.002383 0.0042911 0.35705 0.1765 0.37727 0.2108 0.18805 0.071038 0.18805 0.072965 0 0 0 0 -0.012966 0.020495 0.024268 0.040036 0.46237 -0.14814 0.51992 0.18944 0.059333 -0.023304 0.059333 0.025999 0 0 0 0 -0.00021829 -0.0025679 0.0013936 0.002638 0.044649 0.014702 0.05392 0.018495 0.030739 0.0034779 0.030739 0.0040973 0 0 0 0
-0.0012907 -0.00095223 0.0013944 0.0010192 0.043335 -0.013266 0.043753 0.013537 0.038838 -0.0059645 0.038838 0.0064156 0 0 0 0 -5.0806e-05 -0.00041893 0.0017594 0.0016878 0.39512 0.18943 0.39535 0.19742 0.15875 0.042964 0.15949 0.053371 0 0 0 0 -0.0016061 0.0033573 0.0032229 0.0034571 0.47976 -0.16996 0.48913 0.18222 0.072928 -0.022504 0.072928 0.027858 0 0 0 0 -0.00032144 0.00011612 0.00050032 0.00023197 0.038502 0.0056803 0.042029 0.0069859 0.040667 0.00014579 0.040667 0.0043425 0 0 0 0
-0.003694 -0.0032729 0.0044467 0.0052955 0.03796 -0.0027804 0.042334 0.012704 0.039277 0.0025895 0.039277 0.006086 0 0 0 0 -0.0038841 0.0020903 0.0055608 0.0054136 0.47513 0.099371 0.49292 0.16014 0.031264 0.012373 0.031264 0.016882 0 0 0 0 -0.0024765 0.00052053 0.0035064 0.0047664 0.24906 -0.18417 0.29842 0.19402 0.23191 -0.27495 0.23494 0.27719 0 0 0 0 -0.00066553 -1.1475e-05 0.000695 0.00042427 -0.00074351 0.00051968 0.0034982 0.0048077 0.022778 -0.021062 0.027467 0.025941 0.0063569 -0.0060212 0.0063722 0.0060243
-0.00044953 0.0012607 0.00073677 0.0014024 0.077906 -0.029129 0.078475 0.035916 0.00052212 1.2505e-05 0.00052212 0.000195 0 0 0 0 -0.0025109 0.00531 0.0070048 0.01125 0.18302 -0.035591 0.32514 0.24413 0.36071 -0.17768 0.36071 0.17768 0 0 0 0 -0.0009934 0.0053154 0.015919 0.022519 0.12584 -0.0055546 0.23785 0.1417 0.38217 0.15843 0.38217 0.19325 0 0 0 0 0.00098733 0.0003128 0.0016815 0.002323 0.0006973 -0.006466 0.014914 0.016738 0.074587 -0.034857 0.074587 0.034857 0 0 0 0
0.0019279 0.0017374 0.0028846 0.0026857 0.059278 -0.0093452 0.066172 0.034484 0.01341 -0.0053863 0.01341 0.008975 0 0 0 0 0.00077727 -0.0029431 0.014863 0.018134 0.030453 -0.081855 0.11459 0.093206 0.4625 -0.15851 0.4625 0.15895 0 0 0 0 -0.0097925 0.00078006 0.015824 0.0069581 0.10678 0.032097 0.1527 0.081147 0.43416 0.15751 0.43416 0.1688 0 0 0 0 -0.0007579 0.00041627 0.0012778 0.0016051 0.054851 0.027064 0.059267 0.028811 0.021436 0.007476 0.021436 0.007576 0 0 0 0
-0.00021637 0.0010848 0.0012474 0.0014455 0.052082 -0.019572 0.053493 0.021944 0.0003557 -0.00031608 0.0003557 0.00031608 0 0 0 0 0.0077534 -0.0048696 0.011392 0.011145 0.39964 0.040002 0.4436 0.17667 0.0078533 -0.00015249 0.0083887 0.0033442 0 0 0 0 0.000305 -0.0038689 0.0065269 0.0066696 0.14709 -0.22122 0.15295 0.37274 0.18088 -0.35099 0.19428 0.41803 0.0044115 -0.0030704 0.0044115 0.0031113 0.00074724 -0.00049948 0.0017811 0.0013344 0.0052693 -0.00051772 0.0052976 0.0024286 0.014015 -0.0072622 0.037673 0.020323 0.0085877 -0.00044933 0.0085877 0.0014885
0.0097274 -0.017159 0.010031 0.018205 -0.045638 -0.11426 0.046039 0.11426 0.0060927 -0.043152 0.015476 0.058212 0.010425 -0.012579 0.010432 0.012588 -0.0069814 -0.0037738 0.0070035 0.0042952 0.25827 0.13215 0.26925 0.15356 -0.20206 0.14481 0.25019 0.24039 0.016 -0.0060666 0.019888 0.019249 -0.0083837 0.0071437 0.010662 0.0087275 0.37463 -0.1133 0.39524 0.18467 -0.28617 -0.082431 0.34805 0.20969 -0.0011993 0.0024392 0.0035038 0.0092215 -0.00026828 0.00020605 0.0011242 0.00065354 0.016039 0.0097584 0.022793 0.011339 -0.0032233 0.0042229 0.013107 0.016611 -0.00079895 0.00089295 0.00084152 0.0010869
-0.00085189 -0.0050458 0.0042135 0.00934 0.051715 -0.047079 0.058814 0.059866 0.00074311 -0.00077451 0.00074311 0.00077451 0 0 0 0 0.0091578 -0.0064209 0.0098238 0.0077243 0.47897 0.12418 0.52646 0.18537 0.0064755 0.0021575 0.0064755 0.0031248 0 0 0 0 0.0035828 -0.0024209 0.0042228 0.0056111 0.21194 -0.20321 0.25619 0.29342 0.26324 -0.14815 0.26324 0.15219 0 0 0 0 -0.00037617 0.0013453 0.0011312 0.0016657 0.0082141 0.0092182 0.011375 0.020425 0.062683 0.021579 0.062683 0.021579 0 0 0 0
0.001845 -0.0014121 0.0022359 0.0025757 0.071775 8.5785e-05 0.081501 0.016067 0.00073329 0.00039072 0.00073329 0.00053672 0 0 0 0 0.0016682 -0.0043898 0.0025207 0.0047283 0.26114 -0.10892 0.2939 0.34705 0.23929 -0.18147 0.23929 0.18147 0 0 0 0 0.0024017 0.0092054 0.0089748 0.011413 0.03026 -0.029481 0.08591 0.11605 0.47516 0.097526 0.47516 0.12734 0 0 0 0 -0.00089165 -0.0015433 0.0019084 0.0020105 0.048652 0.087954 0.048652 0.088737 0.0040488 0.0038313 0.0040488 0.0038313 0 0 0 0
0.0030506 0.0027886 0.0035832 0.004194 0.0054551 0.00054552 0.0087322 0.0098707 -0.0020738 0.0058316 0.0076204 0.0058956 0.00016793 0.00015206 0.0006468 0.00058471 -0.010223 0.011344 0.019606 0.019629 0.27623 0.18893 0.30732 0.20972 -0.21699 0.28846 0.24127 0.29328 -0.01154 0.0017422 0.012448 0.0093671 -0.014776 -0.0023371 0.022041 0.015995 0.26051 -0.18899 0.28491 0.20132 -0.21975 -0.27012 0.22314 0.27409 -0.0062878 -0.0053449 0.0064395 0.00668 -0.0031762 -0.00089518 0.0031785 0.0015036 0.0062284 -0.010967 0.0083176 0.012084 -0.0036418 -0.010511 0.0056044 0.012326 -0.00024818 -0.00079831 0.00050054 0.00084613
0.0029708 0.0011864 0.0041833 0.0035976 -0.0044032 0.0065396 0.0090001 0.013908 -0.00034852 -0.00031706 0.0046039 0.0049206 0.0018782 0.00011259 0.003261 0.0016205 -0.011279 -0.011901 0.0637 0.04931 0.27157 0.00047965 0.54114 0.21272 -0.28951 0.12499 0.30521 0.14858 -0.0021157 -0.0056833 0.0051204 0.0056833 -0.0025213 0.00050821 0.012585 0.0094261 0.16767 -0.059446 0.18808 0.17731 -0.20936 -0.19663 0.33629 0.26103 -0.00039924 -0.0058682 0.015858 0.038979 0.001097 0.00046883 0.0010995 0.00066873 -0.0063451 0.01988 0.016867 0.022091 -0.017712 0.0072967 0.01783 0.0078033 0.0016624 0.00023124 0.0017382 0.00051862
0.0019875 -0.00087063 0.0021123 0.0010657 0.04763 -0.067656 0.048966 0.06775 0.00068179 -0.00063644 0.00085275 0.0009096 0 0 0 0 -0.0083566 -0.0043405 0.0098913 0.0053225 0.12772 -0.11495 0.14459 0.11572 0.44089 -0.13392 0.44089 0.13856 0 0 0 0 -0.0036781 -0.0034097 0.0039754 0.0046141 0.13448 0.021876 0.1381 0.064443 0.45005 0.096452 0.45005 0.15793 0 0 0 0 -0.00074167 0.0010184 0.00078631 0.0010654 0.00055245 5.4983e-05 0.0032165 0.0038022 0.076558 -0.039779 0.07682 0.040691 0 0 0 0
7.8988e-05 -1.43e-05 0.00022908 0.00024479 0.062969 -0.044766 0.063089 0.059846 0.0051043 -0.0018165 0.0051043 0.0052854 8.7782e-07 3.9237e-06 8.7782e-07 3.9237e-06 0.0040922 0.001027 0.0042675 0.0053197 -0.019069 0.038285 0.21656 0.12956 0.47038 -0.095902 0.47038 0.12678 0 0 0 0 -0.0019999 0.0062363 0.0050631 0.010339 0.1156 0.090842 0.19964 0.265 0.37387 0.13621 0.37387 0.13679 0 0 0 0 -0.00091543 0.014376 0.0015614 0.014376 0.012148 0.042458 0.012371 0.042566 0.00039639 0.00019355 0.00045392 0.00024874 0 0 0 0
-0.00052362 -0.0015483 0.0030886 0.0039644 0.069358 -0.020167 0.077912 0.024664 0.012403 -0.0041416 0.012403 0.0041938 0 0 0 0 0.0043314 0.0027324 0.017878 0.011606 0.075575 -0.025493 0.23428 0.18263 0.43473 -0.1091 0.43473 0.11286 0 0 0 0 0.0019344 -0.0035471 0.01348 0.0092191 0.15705 -0.004725 0.17626 0.16443 0.37488 -0.074606 0.37525 0.3413 0.00064717 -0.00064717 0.00064717 0.00064717 -0.00092156 -0.0017492 0.0016889 0.0021468 0.00085427 -0.0025597 0.0031241 0.0041711 0.018228 -0.019976 0.026671 0.040802 0.01179 -0.0077319 0.01179 0.0077766
0.001023 0.0018072 0.0013459 0.0019234 0.0041792 0.0082848 0.0088701 0.010653 -0.0081519 0.012706 0.0093749 0.014216 -0.001239 0.0003275 0.001673 0.001279 -0.0056075 0.001779 0.0094631 0.011489 0.28273 0.2173 0.28273 0.23032 -0.21786 0.25105 0.24331 0.26259 -0.033076 0.0081687 0.033467 0.0087396 0.0027218 -0.00039382 0.0070698 0.0051132 0.26642 -0.15939 0.29699 0.21347 -0.26393 -0.24363 0.26589 0.24784 -0.031632 -0.011013 0.036877 0.014889 0.00052802 0.00091864 0.00064663 0.0013525 0.0016554 -0.0054198 0.0083604 0.014087 -0.0012085 -0.0029871 0.025987 0.050624 -0.0003503 0.0053449 0.0044681 0.010755
-0.0024104 -0.0004084 0.0024174 0.001585 0.068155 -0.010644 0.068275 0.01858 0.0017802 0.0010975 0.0018014 0.0010975 0 0 0 0 -0.0021396 -0.0019887 0.0027117 0.0033846 0.47498 0.083142 0.47849 0.085887 0.0082411 -0.0018778 0.0098391 0.00364 0 0 0 0 -0.0021482 -0.0056812 0.0027359 0.0076236 0.49094 -0.095981 0.49773 0.10692 0.0091719 -0.00033736 0.01242 0.0021019 0 0 0 0 0.00034285 0.00048167 0.00034285 0.00049923 0.070883 0.025813 0.071021 0.025813 0.0015305 0.00037524 0.0015305 0.00039942 0 0 0 0
0.00078634 -0.00020461 0.0011323 0.001486 0.0021206 -0.0052108 0.0062246 0.0067189 0.04276 0.013562 0.044685 0.019648 2.8705e-05 3.0789e-05 2.8705e-05 3.7575e-05 0.020955 0.0042008 0.022423 0.022384 -0.062585 0.0019598 0.083242 0.096946 0.45357 0.029421 0.45501 0.25493 0 0 0 0 0.0021791 -0.0058501 0.00339 0.0067464 -0.016956 -0.023713 0.022153 0.035604 0.48118 0.042635 0.48176 0.12713 0 0 0 0 -0.00010829 -0.001386 0.00074811 0.0017246 0.0010624 -0.0053112 0.0045953 0.010377 0.072304 0.0059642 0.07241 0.01343 0 0 0 0
-0.00018982 -0.0017726 0.0012855 0.0060583 0.039453 -0.052676 0.04342 0.05814 0.024802 -0.014398 0.024903 0.014424 0.00011361 -1.1743e-05 0.00013503 3.4562e-05 0.0060261 -0.011535 0.023574 0.034801 -0.043149 -0.0056823 0.068854 0.040159 0.489 -0.074044 0.489 0.095811 0.00052902 0.00020053 0.00052902 0.00020053 -0.00077092 -0.0030088 0.0030717 0.0031362 0.029686 -0.0044868 0.039231 0.030368 0.45285 -0.033063 0.4561 0.25689 0.0026166 -0.0036248 0.0026166 0.0036248 -5.417e-05 -0.00036205 0.00022384 0.00036249 0.0050244 0.0034523 0.0082634 0.0080463 0.0078884 -0.011825 0.019983 0.029306 0.0089835 -0.010082 0.0093459 0.010169
0.00051902 -0.00084503 0.0012732 0.0013329 0.0020446 -0.004613 0.0070597 0.0056792 -0.0021326 -0.010212 0.0063556 0.010309 0.00011418 -0.0005102 0.00061629 0.00072087 -0.038465 0.0078294 0.047341 0.010721 -0.10916 -0.012643 0.52485 0.29485 0.19751 0.052514 0.53261 0.23792 -0.005056 0.001935 0.0082807 0.0093641 0.0023013 -0.011543 0.03611 0.023387 -0.056487 -0.013835 0.21018 0.15614 0.13571 -0.067166 0.28387 0.23529 -0.032494 -0.012701 0.05218 0.036544 0.00065558 0.00020911 0.00082011 0.00054003 0.0076746 0.0035528 0.0076824 0.0048815 -0.0026753 0.017171 0.012425 0.017867 -0.0031343 0.0017575 0.003241 0.0017813
-0.00093125 -0.0029623 0.0036885 0.0032978 0.0018086 0.0055014 0.013465 0.010015 0.030287 -0.077271 0.044172 0.077271 0.015342 -0.023662 0.015349 0.023665 0.0036572 -0.016382 0.01871 0.016855 0.24017 0.21139 0.25273 0.23068 -0.18871 0.22024 0.27909 0.25983 0.0047562 -0.0058987 0.0089935 0.010151 -0.0041436 0.010994 0.024013 0.014843 0.33624 -0.20375 0.33624 0.21402 -0.25568 -0.19381 0.25893 0.20207 -0.0021299 -0.00029719 0.0060358 0.0042263 0.0044041 0.0013268 0.0077524 0.0073295 -0.020429 0.024984 0.054998 0.056556 -7.4322e-05 0.0010425 0.017549 0.012754 -0.0016082 -0.0011657 0.0019294 0.0021868
5.7939e-05 -0.00044976 0.00023634 0.00048702 0.037873 -0.0031258 0.038237 0.0096177 0.045923 0.0047103 0.045923 0.0048373 0 0 0 0 0.00083968 0.0012803 0.0011499 0.0017323 0.47735 0.12291 0.47768 0.13807 0.10721 0.029685 0.10721 0.032516 0 0 0 0 0.0020192 0.0010966 0.002199 0.0013463 0.4442 -0.12205 0.44608 0.13752 0.13069 -0.036927 0.13069 0.039016 0 0 0 0 0.00074058 0.00050447 0.00074931 0.00074641 0.01375 0.00075663 0.030463 0.024495 0.060997 -0.025231 0.060997 0.025231 5.4106e-05 -3.3286e-05 5.4106e-05 3.8598e-05
-0.00082114 0.0034818 0.0022 0.0035106 0.051914 0.0051404 0.054643 0.052072 0.013752 0.010003 0.013752 0.010003 0 0 0 0 -0.0076968 -0.010283 0.01103 0.011224 0.47206 0.042976 0.48169 0.076181 0.0028433 -0.0020105 0.0028433 0.0022975 0 0 0 0 -0.00085877 -0.0065337 0.0021332 0.0070835 0.49494 -0.052616 0.50657 0.11383 0.0066682 0.00056928 0.0066682 0.0011151 0 0 0 0 0.0019697 0.0010914 0.0023003 0.0011709 0.054473 0.04782 0.054473 0.04782 0.00055785 0.00019519 0.00055785 0.00019519 0 0 0 0
0.0014856 -0.0018182 0.0016051 0.0023246 0.049707 -0.007193 0.050297 0.010987 0.029351 -0.0014438 0.029351 0.0032512 0 0 0 0 -0.0092465 0.009078 0.023597 0.022762 0.12371 -0.05936 0.15182 0.098958 0.46433 -0.098557 0.46433 0.11242 0.00039775 2.6725e-05 0.00039775 0.00019525 0.00057872 -0.011671 0.0075839 0.012726 0.11576 0.0914 0.13788 0.097842 0.45472 0.08264 0.45472 0.083906 0 0 0 0 0.001767 0.0011317 0.0030917 0.0021593 0.051123 0.031814 0.051123 0.031839 0.022057 0.011325 0.022057 0.01145 6.8775e-06 -6.8775e-06 6.8775e-06 6.8775e-06
8.1036e-05 0.00090336 0.00049503 0.00092837 0.024284 0.00078779 0.029018 0.0099694 0.053782 0.0047533 0.053782 0.011599 7.9408e-06 -9.0545e-05 7.9408e-06 9.0545e-05 0.017774 -0.0032422 0.01895 0.016533 -0.043016 -0.0068761 0.17465 0.13032 0.46242 -0.11237 0.46242 0.11332 0.00018193 -4.2497e-05 0.00018193 4.2497e-05 -0.00053322 -0.0043801 0.0029526 0.0050845 0.037002 0.023078 0.081989 0.082899 0.46059 0.12752 0.46059 0.13041 4.398e-05 0.00036998 4.398e-05 0.00036998 0.00065668 -0.00099171 0.00092995 0.0015596 0.054385 0.054035 0.054385 0.083072 0.0076529 0.0027379 0.0077604 0.0086383 3.0168e-07 -2.9439e-05 8.0266e-06 2.9439e-05
0.00059183 0.00048484 0.0019237 0.00061375 0.010614 0.0084872 0.012833 0.011513 0.060252 0.0096959 0.060252 0.010465 -5.5381e-05 -6.2802e-05 6.1713e-05 6.2802e-05 0.0030591 -0.0092674 0.011505 0.01815 0.035966 -0.093731 0.096953 0.11327 0.46323 -0.049552 0.46323 0.050707 -0.00024794 0.0005174 0.00024794 0.0005174 -0.00024512 -0.0025541 0.0039785 0.0031788 0.068594 0.031449 0.073042 0.04972 0.49843 0.035425 0.49843 0.059447 -9.4391e-05 -0.00038869 9.4391e-05 0.00038869 -0.00046187 4.1038e-06 0.00046187 0.00019044 0.012129 -0.002265 0.012129 0.0023917 0.068924 6.2037e-05 0.068924 0.002387 -8.7184e-05 3.7813e-05 8.7184e-05 3.7813e-05
-0.00010229 -0.00038444 0.0008555 0.00074478 0.024702 -0.012203 0.032142 0.02029 0.054693 -0.010147 0.055032 0.01033 -1.2131e-05 -4.6946e-05 1.2131e-05 4.6946e-05 -0.0040789 -0.0010357 0.015557 0.011008 0.041438 -0.0039766 0.064976 0.062448 0.49038 -0.070474 0.49078 0.070645 0.00010662 0.00034872 0.00010662 0.00034872 0.00087199 0.0012031 0.0066059 0.0039019 0.056134 0.021899 0.13317 0.10229 0.46837 0.064628 0.46837 0.064628 5.3966e-05 0.00024122 5.3966e-05 0.00024122 -0.00026486 0.0022394 0.0022887 0.0032963 0.040982 0.04594 0.041844 0.049085 0.033751 0.01988 0.033751 0.019988 0 0 0 0
0.00028454 -0.00033515 0.0010056 0.0012611 0.063267 -0.0091133 0.063449 0.014597 0.017869 -0.0050987 0.017869 0.0051279 0 0 0 0 0.018282 0.0027553 0.019576 0.012242 0.12125 -0.051735 0.17513 0.11451 0.44542 -0.11177 0.44542 0.11261 0 0 0 0 0.0028245 -0.0023874 0.016385 0.013123 0.11621 0.05996 0.13723 0.11759 0.46098 0.095464 0.46098 0.096624 0 0 0 0 -0.0014732 -0.00206 0.0023871 0.0026473 0.071503 0.033188 0.071517 0.041399 0.0091964 0.0057985 0.0094978 0.0065305 3.7047e-05 -3.7047e-05 3.7047e-05 3.7047e-05
0.00098673 -0.0010865 0.0012997 0.0038702 0.0079799 -0.015481 0.022099 0.020081 0.064352 -0.01393 0.065178 0.01393 0 0 0 0 0.00038624 0.0013993 0.0074473 0.007887 -0.030578 0.03222 0.10182 0.070471 0.50927 -0.05391 0.50927 0.057213 0 0 0 0 0.0035269 0.0041079 0.0076891 0.0091462 0.020517 0.012433 0.085852 0.10287 0.43048 0.033527 0.47286 0.091841 0 0 0 0 0.00090843 -0.001804 0.0021759 0.0023134 0.021605 -0.00063111 0.028759 0.02292 0.04913 0.0026871 0.050036 0.061234 0 0 0 0
-0.00016886 -0.0023725 0.00055797 0.0024272 -0.003676 -0.022508 0.0057189 0.022508 0.0021091 0.0029703 0.018712 0.028549 -0.00033996 -0.00016303 0.0010546 0.0014086 -0.0086724 0.0073986 0.0097601 0.0091931 0.29315 0.19072 0.30069 0.25402 -0.2813 0.23493 0.28587 0.23572 -0.0035216 -0.00068358 0.010287 0.0096273 -0.0057982 -0.0027744 0.0084664 0.0083197 0.32441 -0.064306 0.32441 0.14502 -0.29411 -0.11312 0.29411 0.15597 -0.012979 0.0060405 0.013918 0.0062652 -0.0010654 -0.00045376 0.0029482 0.0038134 0.0071441 -0.0080872 0.028114 0.022161 -0.0010828 -0.012644 0.010687 0.015719 -0.00091424 -0.0011397 0.0031425 0.0031092
0.00073833 0.0009156 0.00077928 0.0009156 0.012282 0.019687 0.028421 0.019687 0.069938 0.0095434 0.069938 0.010351 1.778e-06 1.778e-06 1.778e-06 1.778e-06 0.0034021 0.0022723 0.0051164 0.0058273 0.077328 -0.041834 0.12736 0.067895 0.49263 -0.088376 0.49263 0.10076 0 0 0 0 0.0055015 0.00042943 0.006461 0.0075834 0.095392 0.054727 0.11188 0.071362 0.45236 0.069026 0.45236 0.07037 0 0 0 0 0.0013907 -0.0013288 0.0017442 0.0019581 0.025723 -0.0016697 0.02806 0.0096437 0.054174 0.0049751 0.054174 0.0076706 0 0 0 0
-0.00054776 -0.0023816 0.0027943 0.0034061 -0.00060886 -0.0032953 0.0086981 0.0159 0.06912 0.0040179 0.06912 0.0056869 9.5107e-08 5.6476e-05 9.5107e-08 5.6667e-05 -0.0010613 -0.0029695 0.005764 0.0083407 0.024507 -0.039081 0.082478 0.12569 0.47076 -0.011564 0.47076 0.027231 0 0 0 0 -0.0045361 0.0061242 0.0061366 0.0072164 -0.00074138 0.016437 0.04103 0.045235 0.50256 0.014044 0.50256 0.015218 0 0 0 0 -0.0014177 0.00050324 0.0018472 0.0012343 -0.00056097 -0.0020876 0.0067698 0.0068948 0.075009 0.0029369 0.075009 0.002973 0 0 0 0
0.0018255 -0.00040779 0.0030869 0.0012148 0.0065263 -0.0016486 0.0065559 0.0033219 0.0014319 -0.0016089 0.0034116 0.0035601 -0.00026542 -0.00024755 0.00075623 0.0012871 -0.0012801 0.013902 0.011147 0.013947 0.10313 0.13386 0.14954 0.30802 0.23691 0.25525 0.43563 0.40648 0.018354 0.10623 0.020083 0.1131 -0.0043732 -0.0025619 0.011785 0.0066703 0.12372 -0.075052 0.1287 0.10514 0.14816 -0.18098 0.36892 0.22032 0.12326 -0.010685 0.12326 0.033162 -0.010987 0.01799 0.01497 0.01799 0.0035749 0.038441 0.014576 0.045017 0.074031 0.088651 0.078822 0.091886 0.0025901 0.0013697 0.0025901 0.0013697
-0.0014516 -0.00062285 0.0018954 0.0010719 0.07088 -0.0024715 0.074152 0.0041188 0.0038682 0.00022585 0.0038682 0.00075551 0 0 0 0 -0.0029472 0.013959 0.0089237 0.014063 0.47514 0.033573 0.50009 0.070255 0.021827 0.001516 0.021827 0.0090428 0 0 0 0 0.014052 -0.0059529 0.018364 0.021449 0.42364 -0.025755 0.54194 0.14661 0.015176 -0.0022578 0.015176 0.0042116 0 0 0 0 0.0015728 0.00079671 0.0018897 0.0017957 0.056489 0.036565 0.057182 0.036599 0.00093046 0.0014229 0.0010827 0.0014229 0 0 0 0
0.0003747 -0.00063543 0.00057678 0.0007389 0.015972 -0.013823 0.024687 0.014559 0.060537 -0.010379 0.060537 0.010538 0 0 0 0 0.0030852 0.0028203 0.0048744 0.005184 0.027472 0.020958 0.08609 0.067582 0.48719 -0.042697 0.48826 0.052874 0.00053493 -5.2089e-05 0.00053493 5.2089e-05 -0.0033569 0.011012 0.013365 0.012509 0.016238 -0.015482 0.11225 0.077391 0.48063 0.042502 0.48118 0.05263 0.00026318 8.2441e-05 0.00026318 8.2441e-05 -0.00070022 -0.0035768 0.0033956 0.0037663 -0.00022387 9.7328e-05 0.018671 0.0071565 0.070745 -0.015048 0.070745 0.01506 4.7641e-06 -1.8637e-06 4.7641e-06 4.7641e-06
-0.00074277 -0.00094757 0.0014403 0.0022913 -0.0027594 0.0075766 0.012718 0.011554 0.076318 -0.024776 0.076318 0.024889 0 0 0 0 0.0020827 -0.0013039 0.010489 0.0083153 -0.022752 -0.04919 0.080026 0.10166 0.47202 -0.011813 0.47586 0.051476 9.7926e-05 -9.7926e-05 9.7926e-05 9.7926e-05 0.0016944 0.002186 0.0074952 0.0091805 -0.037615 0.050168 0.10039 0.08775 0.48831 0.017799 0.49055 0.045792 9.7926e-05 9.7926e-05 9.7926e-05 9.7926e-05 -0.00027075 -0.00025232 0.0010248 0.0011109 -0.003034 0.0051122 0.016717 0.017759 0.071569 0.017557 0.071569 0.017592 0 0 0 0
-0.00034564 -0.0004205 0.00037516 0.00075422 0.0024165 0.0010543 0.0030146 0.0022181 0.079514 0.035742 0.079514 0.03679 1.1662e-05 4.1009e-06 1.1662e-05 1.1662e-05 -0.0064218 0.0041771 0.0073393 0.004778 0.24148 -0.018935 0.26556 0.091379 0.3805 -0.0093024 0.38086 0.1174 0 0 0 0 -0.0040112 -0.0005428 0.0051042 0.0027457 0.10811 0.076346 0.15488 0.079031 0.48741 0.045197 0.48741 0.056315 0 0 0 0 4.7694e-05 -6.4189e-05 0.00046698 0.00081608 0.072473 0.042375 0.075166 0.049039 0.0044661 0.004009 0.0044661 0.0040221 0 0 0 0
-0.0047279 -0.0019158 0.0058306 0.0035492 -0.01019 0.0015405 0.012663 0.0059534 0.0056085 -0.03026 0.010469 0.031771 -0.00045493 -0.002085 0.0016143 0.002401 0.0046347 -0.0079851 0.008714 0.011862 -0.20775 -0.12003 0.21394 0.14061 0.15638 0.0112 0.41295 0.19544 0.0073525 0.0045836 0.017065 0.027557 -0.0043976 -0.019404 0.0074946 0.021035 -0.047233 0.044007 0.30908 0.28421 0.13722 0.10611 0.58554 0.27873 -0.0044328 -0.0035799 0.0086506 0.0066451 0.0029682 0.0049911 0.0029682 0.0050028 -0.0029965 0.033068 0.010388 0.033068 -0.0094957 -0.0050035 0.059676 0.038064 0.002631 -0.0019233 0.0034053 0.0049756
-0.0011791 0.0003172 0.0012657 0.00061692 0.0010874 -0.00084262 0.010722 0.0058379 0.080668 -0.011044 0.080668 0.011081 -1.7475e-06 -3.2778e-05 1.7475e-06 3.2778e-05 -0.0050112 -0.002607 0.011845 0.0099122 -0.006516 0.0097545 0.064058 0.124 0.4964 -0.025516 0.4964 0.065905 0 0.00033697 0 0.00033697 0.0014309 -0.00026527 0.0047727 0.0067978 0.02977 0.036678 0.12454 0.2062 0.43633 -0.016432 0.45383 0.052646 0.00048448 -4.4415e-05 0.00048448 0.0002906 -0.00026025 -0.00043073 0.00045822 0.00053375 0.00070948 -0.0062542 0.0046023 0.0090385 0.066612 -0.008062 0.066612 0.0083455 4.2899e-05 -1.5449e-05 4.2899e-05 1.5449e-05
-0.0018118 -0.00077932 0.0024886 0.0019967 -0.0025631 -0.0012014 0.012038 0.011269 0.07366 0.00056599 0.07366 0.0031507 0 0 0 0 -0.0061889 -0.0032507 0.0092477 0.0085408 0.018675 -0.028687 0.070079 0.07818 0.49476 -0.035911 0.49476 0.044864 -0.00043471 -0.00052949 0.00043471 0.00052949 -0.0097474 -0.00021539 0.022821 0.020454 0.018081 0.032906 0.030397 0.05892 0.48131 0.03253 0.48131 0.03388 -0.00027619 0.00027486 0.00027619 0.00027486 -0.00030423 0.00047517 0.0011943 0.00063074 0.0096539 0.012716 0.02952 0.025164 0.06624 0.018314 0.06624 0.018314 0 9.9917e-05 0 9.9917e-05
-0.00012295 0.00034522 0.0002938 0.00044041 0.081415 -0.052206 0.082489 0.054485 0.0035467 -0.0041718 0.0035467 0.0043664 0 0 0 0 -0.0023812 0.0025157 0.0038224 0.0031705 0.13749 -0.011894 0.1835 0.087044 0.47221 -0.050984 0.47221 0.057436 0 0 0 0 -0.0044941 -0.0022982 0.0058455 0.0032171 0.23018 -0.0090689 0.24155 0.12414 0.39026 0.0054631 0.39073 0.14014 0.00014713 -6.1684e-05 0.00014713 6.1684e-05 0.0017923 0.0022002 0.0021683 0.0033673 -0.0081622 0.015664 0.013935 0.018706 0.075702 -0.047233 0.076505 0.048872 7.8131e-05 6.9721e-06 7.8131e-05 2.4145e-05
0.0012407 -0.0006558 0.0012778 0.00077744 0.0030374 -0.00098708 0.0037122 0.0027222 0.00010915 -0.0096383 0.0076704 0.010601 -0.0011084 -0.00044063 0.0011956 0.00076893 -0.005458 0.011079 0.010946 0.01588 -0.017418 -0.068394 0.071373 0.11353 0.088676 0.049703 0.36436 0.18639 0.036528 -0.019123 0.046933 0.047819 -0.020648 0.00665 0.040433 0.040994 -0.16249 0.15239 0.32239 0.17537 0.16462 -0.019233 0.71945 0.21508 0.010479 0.0068993 0.026546 0.034854 -0.00082353 -0.0016428 0.0017236 0.0017423 -0.0082661 -0.031077 0.03403 0.031077 0.0074188 -0.010635 0.083193 0.020331 0.00031547 -0.00026357 0.00084718 0.00062201
0.00058607 -0.0014576 0.0020542 0.0018453 0.0053688 -0.0027609 0.010204 0.0081059 0.0086531 -0.0020975 0.019777 0.016218 0.010406 0.0094189 0.010665 0.0094351 0.003336 0.0038595 0.0039144 0.0043324 0.20245 -0.00321 0.22449 0.1285 0.29997 0.21011 0.33493 0.32725 0.003187 0.0033848 0.0033717 0.0033848 -0.014728 0.03161 0.023974 0.03255 0.10613 0.16022 0.27237 0.27172 0.40967 0.054532 0.40967 0.07251 0 0 0 0 -0.0021903 0.0040566 0.0023665 0.0040566 0.010824 0.050877 0.014846 0.050877 0.00030376 0.00030376 0.00030376 0.00030376 0 0 0 0
6.9758e-06 0.00019767 0.00013823 0.00019885 0.04424 0.011526 0.044557 0.011797 0.044665 0.025907 0.044665 0.027373 7.863e-06 1.1407e-05 7.863e-06 1.1407e-05 0.025567 0.0030961 0.025578 0.020069 0.43515 0.083276 0.5218 0.13554 0.10767 0.021539 0.10801 0.025244 0.00010772 1.9563e-05 0.00010772 0.00010772 0.0045078 0.00079922 0.0066599 0.0090857 0.45095 -0.056043 0.4625 0.11627 0.12678 -0.021054 0.12678 0.044108 0 0 0 0 0.0010229 -3.6353e-05 0.0011027 0.0011989 0.062514 0.013739 0.062869 0.015024 0.015195 0.0020707 0.015195 0.0023219 0 0 0 0
0.0001859 0.00087837 0.0030422 0.0030398 0.010738 0.013514 0.016441 0.023119 0.015131 0.053543 0.053559 0.11359 -0.010196 -0.010688 0.017844 0.021144 0.0046004 0.003852 0.013776 0.011659 0.36225 0.10968 0.40782 0.16695 -0.24747 0.031456 0.39606 0.20056 -0.072199 0.024992 0.078463 0.027603 0.0089973 -0.0074654 0.010017 0.0098326 0.21352 -0.1655 0.22648 0.28284 -0.14688 -0.14665 0.21529 0.26111 -0.024315 -0.00041638 0.030287 0.026125 0.00063561 0.00021042 0.0020669 0.0031864 0.018564 0.0025176 0.020229 0.017401 -0.012199 -0.01411 0.046464 0.033075 -0.0012722 -0.0036877 0.0063358 0.004075
-0.0015136 -0.001097 0.0027777 0.0021669 0.065411 -0.00029365 0.075843 0.0072665 0.02906 0.0021563 0.02906 0.0033565 0 0 0 0 0.0037488 0.0038645 0.0078101 0.0067555 0.17621 0.0083322 0.29125 0.096986 0.41781 -0.080905 0.41781 0.081282 0 0 0 0 0.0066147 -0.0018661 0.016576 0.01898 0.085855 0.02217 0.19557 0.10023 0.462 0.062411 0.462 0.062411 0 0 0 0 3.8871e-05 0.0013359 0.00050645 0.0013785 0.050473 0.0034422 0.057505 0.0070642 0.038083 -0.00012532 0.039083 0.0028984 0 0 0 0
0.0010672 0.00080998 0.0022428 0.0011819 0.0059665 -0.0033398 0.0069934 0.008884 0.0091276 -0.022623 0.01991 0.027739 -0.0032585 -0.00014918 0.0036578 0.0013258 -0.01079 -0.010655 0.014644 0.012961 0.109 -0.18198 0.12606 0.21352 0.087606 -0.03072 0.28536 0.25388 -0.015375 -0.023549 0.017436 0.030203 -0.012671 -0.0034296 0.013877 0.0067907 0.0097727 -0.015948 0.036793 0.034283 0.15496 -0.072518 0.80877 0.20189 0.0063432 -0.0086077 0.014515 0.0095348 -0.00030107 0.0024863 0.00065834 0.002572 -0.0055376 0.020717 0.016028 0.021484 0.0015518 -0.014473 0.057761 0.042855 0.0015929 0.0017335 0.0016029 0.0017771
-0.000686 -0.0033339 0.0018109 0.0034979 -0.011351 -0.0044398 0.011988 0.009403 0.0047148 0.010284 0.0085791 0.017838 0.0028392 0.0041947 0.0035738 0.0055195 -0.026441 -0.013312 0.04723 0.04345 0.21809 0.2444 0.29878 0.28396 -0.018497 0.36285 0.22668 0.36285 0.0071134 0.010284 0.013527 0.013078 -0.012209 0.011307 0.015406 0.012303 0.373 -0.068266 0.38577 0.12685 -0.10088 -0.13127 0.19089 0.15284 -0.0040126 0.0064278 0.017004 0.011164 -0.0019567 0.0023928 0.0028277 0.0032943 0.0054223 0.020802 0.035052 0.031047 0.020064 0.0037753 0.028322 0.016958 -0.002165 0.002818 0.0027695 0.0033154
-0.00015793 0.00016234 0.00025551 0.00018722 0.0026307 0.0033913 0.0028929 0.0038984 0.033786 0.043409 0.037411 0.044735 0.0043071 0.0029122 0.0043084 0.0031345 -0.0029348 0.0019706 0.0030943 0.0024075 -0.0078513 -0.00099057 0.012505 0.017502 0.49038 -0.049303 0.49368 0.16156 0.0015467 0.00080146 0.0016418 0.0013033 -0.001422 0.0014074 0.0022948 0.0017498 -0.016217 0.016424 0.022184 0.02715 0.47085 0.079872 0.48001 0.095678 0.0012925 0.00017305 0.0012925 0.00076352 0.0017285 0.00054196 0.0017547 0.00070295 -2.5723e-05 0.0065874 0.012577 0.0085227 0.06946 0.020363 0.069474 0.020643 4.9366e-06 -1.9312e-06 4.9366e-06 4.9366e-06
0.00090788 0.0012344 0.0012265 0.0016765 0.017761 0.0091886 0.031877 0.019788 0.0073719 0.0097872 0.02964 0.029315 -0.0028923 0.0020978 0.0030154 0.0024035 -0.007785 -0.0076191 0.031895 0.047995 -0.047013 -0.12024 0.11121 0.15723 0.27552 -0.16028 0.36263 0.24323 -0.041195 -0.012992 0.043042 0.02135 -0.0025209 0.0068608 0.018632 0.024962 -0.13004 0.089641 0.14266 0.13592 0.14809 -0.080792 0.63473 0.37932 0.0133 -0.0054692 0.020351 0.014761 -0.0014022 0.0041249 0.01012 0.0078432 -0.015597 -0.00074848 0.017548 0.0077104 0.0087975 0.018333 0.013944 0.018946 4.4545e-05 0.0013554 0.0020241 0.00194
-0.00075424 4.563e-05 0.00075545 0.00049727 -0.0046626 -0.0064907 0.015844 0.0093534 -0.00019992 -0.013267 0.034938 0.039803 0.00016204 -0.0029347 0.00065318 0.0030335 -0.008988 0.0013549 0.0098619 0.01346 -0.04961 -0.0081894 0.059084 0.050352 0.13865 0.057541 0.7847 0.20998 -0.0019485 0.0013311 0.004221 0.0046427 -0.0069228 0.0018056 0.015737 0.014187 -0.042999 0.080599 0.073927 0.086171 0.18041 0.060254 0.46887 0.15099 -0.0044916 0.031311 0.0088246 0.042393 0.00021877 0.00025587 0.0011002 0.00047019 0.0053696 0.0061196 0.013042 0.0087063 0.017524 -0.0015202 0.029134 0.018376 -0.00018002 0.0031049 0.001621 0.0035854
-0.00010925 0.00048688 0.00038073 0.00053996 0.033473 -0.013245 0.042915 0.019999 0.065607 -0.017086 0.065653 0.017266 2.3918e-05 1.0053e-05 2.3918e-05 1.0053e-05 -0.0007636 -0.00010672 0.002676 0.0029321 0.10935 0.051017 0.1715 0.076292 0.48976 -0.11236 0.48976 0.11611 0.0016725 -0.00040347 0.0016725 0.00098618 0.0051583 -0.0041222 0.0074327 0.0061325 0.17383 0.040799 0.23728 0.20181 0.36207 0.090606 0.36207 0.15132 0.0021121 0.00010102 0.0021121 0.00035884 0.0023553 0.00025966 0.0026453 0.0017873 0.025534 -0.0042027 0.0263 0.0082573 0.062231 0.0047639 0.062231 0.006709 7.5414e-05 -4.569e-05 0.00020122 9.1271e-05
-0.0012854 -0.0014429 0.0026131 0.0020785 0.0019275 -0.0069046 0.025758 0.034557 0.026727 0.07004 0.081091 0.071557 -0.0028649 0.00087509 0.0028649 0.00093467 -0.0077377 -0.00017931 0.011015 0.017331 0.22211 0.11323 0.30095 0.25517 -0.02641 -0.051608 0.2487 0.36554 -0.012264 -0.0064545 0.012703 0.014112 -0.0042374 -0.0010584 0.0095395 0.0082682 0.10473 -0.096675 0.26527 0.20852 0.14495 0.035134 0.51382 0.36184 -0.019617 0.013456 0.019617 0.018886 -0.0021522 -0.0001666 0.0026793 0.0021273 0.0057011 -0.0078926 0.022005 0.019757 0.026649 -0.04131 0.059054 0.056908 -0.0042818 -0.004356 0.0045369 0.0052009
0.00011154 2.6754e-05 0.00036954 0.00048958 0.016099 0.009654 0.016553 0.0099435 0.066755 0.036322 0.066755 0.036515 0 0 0 0 0.0018575 0.0031559 0.0021036 0.0032521 0.49516 0.10663 0.52584 0.11042 0.06845 0.022905 0.06845 0.03103 0 0 0 0 0.0012401 0.0019635 0.0032782 0.0061022 0.41487 -0.067089 0.43766 0.13234 0.1348 -0.023049 0.1348 0.039311 0 0 0 0 0.00033254 -0.00030609 0.0013654 0.0011589 0.056946 -0.0016748 0.056981 0.006402 0.020916 0.00059368 0.020916 0.001764 0 0 0 0
0.00151 0.00019107 0.0031622 0.0045153 0.05972 -0.018652 0.072775 0.06542 0.059307 -0.060666 0.13818 0.098857 0.00036652 -0.00013318 0.00036652 0.00013318 -0.008175 -0.00038009 0.026316 0.037957 0.29088 0.029245 0.35079 0.21692 -0.1814 -0.034169 0.37387 0.26081 0.033635 -0.11298 0.039999 0.1299 -0.016198 -0.0021854 0.024482 0.0204 0.17736 -0.064967 0.29075 0.40027 -0.050492 -0.073227 0.28108 0.20184 -0.035312 0.0041159 0.036776 0.015934 0.0067509 0.0050539 0.0077924 0.0091841 -0.016009 0.011638 0.026424 0.028227 0.0092659 0.0047324 0.026261 0.055973 -0.0036005 0.0032982 0.0055188 0.008764
0.00044579 -8.2127e-05 0.00050443 0.00021139 -0.00017836 -0.00070979 0.0011311 0.0021772 0.0018263 -0.00071214 0.0032148 0.0019756 -3.7745e-05 0.00022886 0.00057236 0.00076951 0.0024031 -0.0015104 0.0033981 0.0039922 0.0072091 -0.023182 0.014827 0.02833 0.21856 0.257 0.22362 0.27983 0.012852 0.10187 0.015585 0.10286 0.022447 0.011772 0.022902 0.034927 -0.068803 0.19466 0.17447 0.36532 0.41873 -0.12626 0.52648 0.23326 0.011193 -0.0060952 0.011834 0.00694 0.00071956 0.00036185 0.00093533 0.0011366 -0.001154 -0.017033 0.01685 0.018211 0.02017 -0.0056884 0.030054 0.0098358 0.013225 -0.00073873 0.013228 0.0023774
-0.00053321 -0.0038419 0.0021823 0.0047632 0.0055169 -0.030591 0.03218 0.037764 0.002554 0.040868 0.02952 0.054654 0.0008297 -0.0035867 0.003302 0.0039571 0.0011034 0.0027222 0.0046855 0.0095623 -0.001186 0.017567 0.087757 0.060694 0.19792 -0.17376 0.77058 0.43428 -0.0058631 0.013349 0.0099005 0.016959 0.0015956 0.0061291 0.006148 0.0079881 -0.019241 0.060755 0.099679 0.075972 0.15714 0.067157 0.22616 0.15374 -0.0052107 0.011202 0.012816 0.013011 -0.0020669 0.00074481 0.0029212 0.0032577 0.0091235 -0.0058903 0.013979 0.021398 0.024067 0.0065233 0.025088 0.017544 -0.0024361 0.0025712 0.0049755 0.0041229
0.0026614 -0.0069085 0.0044059 0.010843 0.029074 -0.12534 0.031972 0.12535 0.062774 -0.18618 0.063127 0.18638 0.00059093 -0.00059093 0.00059093 0.00059093 0.024014 0.019252 0.03575 0.031485 -0.021719 0.15406 0.16337 0.22614 0.20359 0.1528 0.39181 0.34246 0.12396 0.0039164 0.12396 0.021214 0.0016157 0.0072267 0.042424 0.028719 0.0060484 -0.041135 0.28516 0.21607 0.15918 -0.1009 0.39119 0.24836 0.11317 -0.0083255 0.11317 0.014574 -0.002615 -0.0039664 0.0061808 0.0059297 -0.0057095 -0.0046603 0.025024 0.029274 0.046131 0.022835 0.057272 0.028597 0.010252 0.002374 0.010252 0.002374
-0.00016976 0.0028009 0.0018173 0.0043432 0.0059522 0.01057 0.010218 0.013448 0.048133 0.011099 0.059348 0.015817 0.00010029 -2.4048e-05 0.00010029 5.7017e-05 -0.0011632 0.00021368 0.025867 0.036531 -0.11327 -0.016698 0.18785 0.13996 0.46001 0.026919 0.52832 0.083883 7.7572e-05 0.00020844 7.7572e-05 0.00020844 -0.0048107 -0.011028 0.014254 0.018113 0.0046441 0.057681 0.067736 0.07416 0.37149 -0.0090666 0.49741 0.13348 0.00018975 -1.7375e-05 0.00018975 0.00018975 -0.00098178 -0.00022855 0.0014376 0.00095067 0.0021272 -0.014958 0.017857 0.016893 0.050245 0.0036882 0.061234 0.017144 4.2204e-05 -4.5269e-05 4.2204e-05 4.7369e-05
-0.0029825 0.0052326 0.0041384 0.0056667 -0.0074883 0.011389 0.024116 0.01778 0.023973 0.006274 0.024037 0.015471 -0.0032293 0.010961 0.0078285 0.011103 -0.028539 -0.035698 0.033557 0.037232 -0.092063 -0.22146 0.23712 0.35615 0.26493 -0.15125 0.33371 0.25495 -0.024738 -0.047851 0.054215 0.090356 0.0080295 -0.0012107 0.011979 0.011128 -0.12075 0.11062 0.12897 0.13071 0.34554 0.082053 0.41182 0.31455 0.012253 0.028205 0.061838 0.074481 -0.0022833 0.00355 0.0051134 0.0062594 -0.0083419 -0.0010623 0.014501 0.0067812 0.0094376 -0.0012077 0.034983 0.021054 0.0095453 -0.0092395 0.012737 0.010123
-0.00058494 -0.00051771 0.00070691 0.00085548 0.010666 0.0011796 0.014329 0.0054324 0.069604 -0.0083519 0.069604 0.012649 2.636e-05 -2.636e-05 2.636e-05 2.636e-05 6.6955e-08 -0.0035607 0.0018307 0.0041189 0.10692 -0.031498 0.11085 0.060507 0.45715 -0.0011934 0.45742 0.023811 0.00014368 6.0238e-05 0.00014368 6.0238e-05 0.00097038 0.0011567 0.0014813 0.0013426 0.083267 0.0050691 0.083267 0.021781 0.50313 0.035645 0.50313 0.093707 0 0 0 0 6.26e-05 0.00014061 0.00019864 0.00014486 0.0057226 0.00034138 0.006137 0.0027762 0.070381 -0.030332 0.070381 0.030542 0.0001642 -6.428e-05 0.0001642 0.00014103
-0.00033322 -0.00037235 0.00046507 0.00079108 0.084258 -0.019276 0.08778 0.022402 0.011421 -0.0069818 0.011583 0.0077247 -1.5291e-06 8.6324e-06 1.0795e-05 8.6324e-06 -0.0049125 -0.0003908 0.0067933 0.0082843 0.21673 -0.00090431 0.25385 0.054588 0.43355 -0.081668 0.43355 0.085162 0 0 0 0 -0.00097486 -0.0050084 0.002345 0.0050203 0.20786 0.02406 0.21174 0.085301 0.42983 0.042802 0.43031 0.047879 0.00019537 -1.789e-05 0.00019537 0.00019537 0.00021808 0.00022261 0.00023238 0.00038214 0.048778 0.006913 0.048908 0.0098254 0.047493 0.0084454 0.047498 0.0087625 1.8757e-06 -1.8757e-06 1.8757e-06 1.8757e-06
0.00014451 0.0010398 0.0028272 0.002145 0.016157 0.00015882 0.030308 0.0075584 0.057357 -0.0023159 0.057357 0.0044401 0 0 0 0 -0.00054141 -0.0016311 0.0054504 0.0092604 0.085879 -0.0030836 0.15706 0.070156 0.45471 -0.047985 0.45904 0.062759 0 0 0 0 -0.0070764 0.004379 0.018514 0.015174 0.019856 0.013357 0.1623 0.088542 0.49189 0.040595 0.49189 0.043755 0 0 0 0 0.00069774 0.00057933 0.0010306 0.001348 0.019934 0.015128 0.043001 0.024524 0.051168 0.0078029 0.051168 0.0091389 0 0 0 0
0.00045422 0.0026568 0.0013079 0.0026717 0.0031675 0.0067205 0.010926 0.0098071 0.038676 0.026481 0.03999 0.030916 -0.010166 0.0044521 0.010315 0.0069185 -0.0095362 -0.013791 0.025776 0.05381 -0.11034 -0.23045 0.18504 0.39421 0.11057 -0.15973 0.18701 0.19385 -0.018842 -0.049509 0.02209 0.049919 0.00037261 -0.0067808 0.015946 0.018744 -0.066646 0.20027 0.10185 0.22664 0.065928 0.049355 0.55438 0.43602 0.011465 0.0076732 0.041582 0.049643 -0.001733 7.6902e-05 0.0035617 0.0013646 0.001676 -0.00027649 0.015226 0.014958 -0.009793 -0.003614 0.055952 0.022546 0.004561 0.0022151 0.0046184 0.0025887
-0.00085955 0.0052434 0.0013457 0.0053607 -0.0080922 0.0031955 0.0094737 0.0087244 0.091045 -0.031219 0.093038 0.039731 2.6421e-05 1.2417e-05 9.3436e-05 3.5084e-05 -0.039645 -0.014886 0.041952 0.027314 -0.062935 -0.0013459 0.066635 0.042274 0.47997 -0.062793 0.49447 0.098466 0.0012621 -0.0012697 0.0030946 0.0033156 0.0013863 -0.0096425 0.010333 0.013665 -0.053017 0.059885 0.1371 0.12931 0.44897 0.067606 0.4579 0.07019 0.0013087 0.0019242 0.0018348 0.0025424 0.0010064 -0.00038732 0.0010204 0.00050316 0.0062057 0.0010127 0.0084975 0.013075 0.07032 0.043375 0.071294 0.043859 0.00056524 -0.00022341 0.00056524 0.00047525
-0.0021914 -0.00043566 0.0030614 0.0017096 0.0010094 -0.0043017 0.014169 0.019726 0.067091 -0.0063558 0.069338 0.021137 0 0 0 0 -0.0042351 0.0070697 0.027501 0.034212 -0.066406 0.022581 0.16037 0.19681 0.46281 0.0094824 0.54697 0.072048 0 0 0 0 -0.0011273 0.001889 0.018105 0.017139 -0.0031904 0.00054565 0.052757 0.10536 0.39034 -0.01075 0.45883 0.11676 4.2264e-05 -4.2264e-05 4.2264e-05 4.2264e-05 0.000125 -0.0023501 0.0017812 0.0039521 0.0036543 0.0066812 0.0086411 0.014621 0.056309 0.011347 0.067305 0.014107 2.6703e-05 2.6703e-05 2.6703e-05 2.6703e-05
0.00030468 0.00048443 0.0012249 0.00070493 0.0022192 0.0025926 0.0022884 0.0025926 0.070455 0.016175 0.070742 0.016695 0.00038245 0.00022593 0.00038245 0.00023697 0.0057798 0.0061422 0.0068942 0.0065902 0.039252 -0.00076645 0.097476 0.13734 0.47926 -0.041812 0.51301 0.12939 0.0011465 -0.00011198 0.0011465 0.00054527 -0.0016762 -0.0039004 0.013783 0.013205 0.03003 0.012982 0.048142 0.055908 0.45837 0.062526 0.45837 0.076191 0.00049016 0.00023959 0.00049016 0.00023959 0.0020111 4.4911e-05 0.0021516 0.0010684 0.0055364 0.00055736 0.016432 0.015304 0.071896 -0.0030311 0.072056 0.017226 8.8897e-05 -3.9078e-05 8.8897e-05 3.9078e-05
-0.00024861 -4.7141e-05 0.00058547 0.0011937 0.029592 -0.0055072 0.03456 0.0080867 0.053477 -0.0099585 0.055873 0.0099585 0.00069752 -0.00013527 0.00070514 0.00017943 0.002454 0.018522 0.011755 0.019961 0.041757 0.015162 0.1202 0.046968 0.47274 -0.053328 0.47498 0.059948 0.0012971 0.00060087 0.0012971 0.00060087 0.0016673 -0.014941 0.032011 0.018577 0.02481 -0.0052604 0.14004 0.032902 0.48837 0.056544 0.48837 0.058962 0.00027434 0.00020311 0.00027434 0.00020311 0.00088984 0.00057474 0.0014029 0.0013341 0.0058076 0.0094886 0.017802 0.0097499 0.068047 0.0095897 0.068047 0.009857 7.1403e-06 -3.8077e-06 7.1403e-06 3.8077e-06
0.0022452 0.0045862 0.0023098 0.0046285 -0.017796 0.007968 0.020779 0.016401 0.018507 0.017912 0.026519 0.023472 -0.0034506 0.0021311 0.0035622 0.0022303 0.0037827 -0.032526 0.045339 0.082402 -0.13534 -0.16227 0.22316 0.27332 0.22886 -0.10021 0.4267 0.41412 -0.059438 -0.010419 0.060094 0.044055 0.017677 0.001166 0.024832 0.029422 -0.074698 0.093185 0.11215 0.12342 0.25667 -0.007257 0.38749 0.32567 -0.0031516 0.033565 0.099891 0.098532 0.012272 -0.0061108 0.013102 0.0077163 -0.022824 -0.014618 0.033627 0.031741 0.0051616 -0.012773 0.034433 0.030789 -0.0036225 -0.0048948 0.0080275 0.010539
-0.0022429 -0.00054731 0.0027741 0.0018729 0.0082991 -0.0048109 0.012676 0.0072103 -0.0049198 -0.0038932 0.011339 0.0082021 -0.0015412 -0.00071255 0.0016656 0.0011362 -0.0075053 0.0016291 0.01055 0.0073668 -0.008514 0.00029789 0.49862 0.25836 0.068347 0.059588 0.18532 0.2329 -0.021388 0.007712 0.023454 0.024323 0.021662 -0.025918 0.040199 0.047601 0.0064172 0.082528 0.64288 0.33646 0.059911 -0.067116 0.10909 0.11196 -0.0053893 0.0033742 0.018615 0.011119 0.00012593 0.0084739 0.0015485 0.0084739 -0.02906 -0.01706 0.084032 0.049523 0.018778 -0.013998 0.03314 0.037715 0.00014858 -0.0016948 0.0021854 0.0037653
0.0044245 -0.00093016 0.0049548 0.0024217 -0.0071305 -0.028174 0.052364 0.07691 0.0018208 0.0018079 0.014003 0.0082494 0.032376 -0.0036478 0.032376 0.0057765 0.0030293 0.0096917 0.014698 0.019104 -3.5955e-05 -0.10047 0.12504 0.16229 0.25345 -0.073885 0.27157 0.1639 0.15378 0.026888 0.15378 0.048772 -0.0098039 0.0081709 0.052143 0.037546 -0.16705 0.079301 0.34415 0.3033 0.32462 -0.00053918 0.39008 0.32588 0.20284 0.03217 0.20284 0.032233 -0.00016372 -0.0011879 0.0014244 0.0032602 -0.0076371 -0.011284 0.03307 0.022943 0.071202 0.043854 0.074109 0.045227 0.023815 0.0063358 0.023888 0.0063628
0.0010979 0.0022674 0.0024133 0.0024146 0.0057326 -0.010105 0.011072 0.018883 -0.00033224 0.0075162 0.012303 0.027654 -0.0019424 0.0081419 0.0020818 0.0088194 -0.0031935 0.00086083 0.036075 0.028669 -0.06412 -0.079642 0.10025 0.14198 0.24785 -0.0052078 0.51568 0.33685 -0.052587 -0.017674 0.052676 0.029596 0.018855 -0.01118 0.066427 0.080406 -0.030176 0.10135 0.23829 0.56243 0.047342 -0.011764 0.17004 0.2478 -0.010921 -0.0095075 0.014382 0.022584 -0.0057155 -0.0063628 0.0093869 0.010878 0.054684 0.015837 0.054684 0.026455 -0.029456 0.037354 0.074715 0.059413 -0.00073385 -0.00037402 0.0022003 0.0014807
-0.001357 0.00081351 0.001407 0.0010124 0.022746 0.020797 0.029242 0.029466 0.010049 0.0040955 0.019946 0.031111 -0.0024436 -0.007327 0.003298 0.0077064 -0.0066316 -0.0060254 0.0087833 0.011861 0.13042 -0.074426 0.20602 0.22346 0.023703 -0.022251 0.24697 0.24534 -0.020456 0.013945 0.021223 0.019914 -0.0042877 0.0091703 0.023891 0.027261 0.014111 -0.021046 0.10971 0.058194 0.33396 0.11797 0.71006 0.32205 -0.0315 -0.00064004 0.0315 0.013289 0.00022412 -6.8492e-05 0.001721 0.0013576 0.007846 0.0080566 0.018459 0.014188 0.018361 -0.02241 0.039069 0.026729 -0.0023469 -0.0027778 0.0033191 0.0038991
-0.0011128 0.0027599 0.0027131 0.0027817 0.079654 0.027484 0.079654 0.027484 0.0038281 0.00060655 0.0045772 0.0021673 -9.5836e-06 1.296e-05 2.1219e-05 3.7415e-05 0.00079207 -0.0053663 0.011462 0.0099492 0.4812 0.03748 0.48349 0.062226 0.014283 0.0012398 0.014283 0.0089417 0 0 0 0 0.0022184 2.2297e-05 0.0061555 0.00631 0.49551 -0.012757 0.49801 0.11536 0.011219 -0.0010868 0.012463 0.0075978 0 0 0 0 0.00089831 0.0014814 0.0011049 0.0015221 0.056537 0.016664 0.056552 0.016766 0.00075301 0.00091578 0.0009359 0.00099544 0 0 0 0
-0.0016763 0.001769 0.0022192 0.0018477 -0.0033254 -0.0065627 0.018872 0.014479 0.071182 -0.017507 0.072164 0.019341 2.2607e-05 6.2461e-07 0.00012105 0.00015278 -0.017272 -0.004985 0.017272 0.017377 0.0027359 -0.019984 0.015833 0.036999 0.47163 0.010034 0.4738 0.061917 0.003396 -9.0203e-05 0.0034745 0.0011734 -0.0056502 0.002703 0.0056502 0.0056381 -0.012598 0.034143 0.036244 0.060552 0.47609 -0.025915 0.53282 0.11156 0.0023769 -0.0010449 0.0031703 0.0028326 -0.0007499 0.00037179 0.0008596 0.00095087 -0.0010621 0.002479 0.0051785 0.0066703 0.026515 -0.02666 0.039651 0.032836 0.0041428 -0.011899 0.0041679 0.011993
-0.0084493 -0.023231 0.0087858 0.024642 -0.038995 -0.1529 0.097496 0.16715 0.078895 -0.074274 0.10832 0.083675 0.00020758 -9.1495e-05 0.00020758 9.1495e-05 -0.076694 0.020029 0.093134 0.066077 -0.064659 -0.12876 0.12873 0.1334 0.20842 -0.02559 0.436 0.28312 0.056311 -0.11011 0.066908 0.1146 -0.037513 -0.033758 0.039939 0.051068 -0.018626 0.15292 0.16308 0.21837 0.066957 0.010092 0.49279 0.35296 -0.01677 -0.0029677 0.018163 0.018383 -0.00094301 0.00065351 0.0022848 0.002893 0.0034423 0.016029 0.033776 0.052363 -0.0021628 -0.01334 0.034144 0.029962 -0.0037692 0.0011853 0.0038536 0.0029358
0.00023059 0.00043814 0.00024324 0.0004462 0.0018353 0.00039869 0.0036775 0.0060359 0.081563 -0.024652 0.082838 0.024729 0.00026453 9.5448e-06 0.00028064 6.7846e-05 0.0022772 -0.0010388 0.0034368 0.0029752 -0.016376 0.0024517 0.077286 0.065429 0.46076 -0.055579 0.48138 0.097193 0.00064191 8.1324e-05 0.00064191 0.0004276 -0.0013808 -0.00083558 0.0021875 0.0012674 0.0034694 -0.043971 0.018969 0.044473 0.48915 -0.019507 0.49771 0.15226 0.00038719 -0.00067967 0.00050455 0.00078092 -0.0001288 -0.00034232 0.00025679 0.00047929 0.0014468 0.005513 0.0029326 0.006206 0.020864 -0.024409 0.024943 0.034066 0.0092886 -0.0099175 0.0093038 0.0099417
-0.00054675 -0.0014349 0.0013362 0.0015078 0.067927 -0.032508 0.067927 0.032508 0.007734 -0.0016985 0.007734 0.0022758 0 0 0 0 -0.0042808 -0.0023016 0.0047948 0.0038819 0.48098 0.028551 0.48098 0.098159 0.13883 -0.0055357 0.13883 0.015491 0 0 0 0 0.010665 0.0076207 0.012717 0.012308 0.4445 -0.032425 0.47542 0.10022 0.12411 0.0025943 0.12501 0.02121 0.00016172 -0.00025628 0.00016172 0.00025628 0.0011402 -0.00012706 0.0015298 0.00054074 0.062695 0.0020513 0.069452 0.0084032 0.022008 0.00032203 0.022574 0.003295 1.6399e-05 7.5796e-07 1.6399e-05 7.5796e-07
-0.00049583 0.0011534 0.00067542 0.001229 0.033078 -0.018581 0.039379 0.032304 0.057942 -0.090444 0.057942 0.090444 3.1981e-05 -3.1981e-05 3.1981e-05 3.1981e-05 0.0067742 0.0036576 0.01103 0.010293 -0.036591 0.014629 0.22606 0.2352 0.45282 0.088402 0.48692 0.18213 0.0010911 0.00017244 0.0010911 0.00027367 0.019855 0.0037921 0.022048 0.029849 -0.091286 -0.0053674 0.10901 0.091263 0.30986 -0.23317 0.35877 0.25471 0.036333 -0.031875 0.036333 0.031875 0.00048273 0.00046496 0.001176 0.0010705 0.0014992 0.015857 0.02736 0.027951 -0.009645 0.0016848 0.011082 0.01211 0.011459 -0.006209 0.011459 0.0062346
-0.0029306 0.003882 0.0035789 0.0048125 0.019607 0.0033196 0.032115 0.029072 0.051553 0.0096473 0.082776 0.03921 0.017643 -0.0013091 0.017643 0.0014148 -0.025503 -0.015503 0.043871 0.06586 0.016329 0.066437 0.21143 0.21351 0.16547 -0.02115 0.40893 0.17678 0.22622 -0.014057 0.22622 0.014057 0.02822 0.02302 0.046205 0.055194 -0.073411 0.049046 0.30565 0.26459 0.0067691 -0.02466 0.3421 0.25428 0.29675 -0.013503 0.29711 0.01365 0.0044337 -0.0020712 0.0078728 0.0039227 -0.037505 -0.016611 0.077004 0.051304 0.021522 -0.0069561 0.043598 0.041162 0.041626 0.0039709 0.041626 0.0039709
-0.00013598 0.0002655 0.00016208 0.0002927 -0.00035197 0.00010108 0.0040839 0.0061281 0.093382 -0.038867 0.096795 0.04002 0.00010432 1.1234e-05 0.00010432 0.00010309 0.00070601 0.0026809 0.0020543 0.0026977 -0.00059818 0.023283 0.02119 0.031083 0.46432 -0.051722 0.50375 0.11045 0.001608 -0.00088418 0.0028795 0.0024426 0.0013296 -0.00034249 0.0021954 0.0017701 -0.02471 0.055776 0.093996 0.088397 0.45438 0.060825 0.48795 0.091176 0.002107 -0.00033437 0.0045238 0.0022604 0.0002489 -3.9144e-05 0.00040349 0.00010922 0.00031534 -0.0064348 0.01229 0.0090916 0.078409 0.026765 0.086406 0.030591 0.00051798 0.00040896 0.00051798 0.00041319
-0.00063075 0.0012711 0.00065761 0.0012828 -0.0022513 0.00031684 0.0058339 0.0040102 0.095494 -0.010322 0.095501 0.013657 0.00011136 3.7454e-05 0.00011136 7.749e-05 -0.0039326 -0.0022252 0.0064755 0.0070847 0.010167 0.017052 0.055103 0.027053 0.51871 -0.094014 0.51871 0.16058 0.0015701 -0.0011343 0.0015701 0.0011343 -0.00063627 -0.0037422 0.0031799 0.0051802 0.094553 0.028564 0.11053 0.088845 0.41161 0.080876 0.42191 0.10294 0.0031591 -7.6725e-06 0.0035957 0.0013493 3.1008e-05 -0.00018982 0.00021632 0.00029312 0.013443 -0.0081178 0.013458 0.0083192 0.067878 -0.004255 0.067878 0.012 0.00024217 9.1732e-05 0.00028024 0.00018986
-0.00034451 0.00092879 0.00066517 0.00096738 0.0061849 -0.0053843 0.015848 0.014126 0.084965 -0.055681 0.08635 0.055704 0.00020013 -0.00040972 0.00020013 0.00040972 -0.0098078 -0.00027211 0.011639 0.0056975 -0.015191 -0.021894 0.051417 0.03787 0.48384 -0.087043 0.48384 0.10928 0.0029776 0.00099554 0.0030882 0.0025004 -0.0072921 -0.0052743 0.0090642 0.0056666 -0.0023354 -0.0064321 0.014143 0.011911 0.47351 0.0097791 0.47518 0.18004 0.0083544 -0.0251 0.0089065 0.025666 -0.00035184 8.8805e-05 0.00053919 0.00027077 0.0029483 0.0076104 0.0059151 0.0094008 0.0050449 -0.012761 0.0080844 0.021038 0.0023895 -0.012928 0.0031476 0.014136
-0.00031546 -0.00056438 0.00062036 0.00084519 0.0091102 0.0037623 0.012225 0.011549 0.053526 0.01968 0.060745 0.024055 0.0023452 -0.00022494 0.0023452 0.00038641 -0.00032903 -0.0020865 0.0020479 0.003422 0.14716 -0.030778 0.14783 0.061108 0.37939 -0.0052773 0.41757 0.098661 0.0066006 0.0016008 0.0074959 0.0024365 0.0016406 3.9193e-05 0.0020448 0.0020715 0.04666 0.0032227 0.049542 0.028421 0.53821 0.072847 0.53821 0.085488 0.0017143 0.00058419 0.0017143 0.001237 5.1931e-05 0.0004158 0.00013166 0.0004835 0.0089633 -0.0027809 0.010224 0.0058131 0.091743 0.021021 0.091743 0.028112 9.4188e-05 -2.0976e-05 9.4188e-05 6.2203e-05
0.0012563 -8.012e-06 0.0013417 0.00090778 0.0036339 0.016554 0.044626 0.039948 0.0051791 0.081783 0.028914 0.085234 3.1655e-05 -0.00042401 0.00078324 0.0013955 -0.00020805 0.0010991 0.0030669 0.0030448 0.27902 0.0080802 0.31425 0.10225 -0.2322 -0.15064 0.63785 0.21773 0.015874 -0.012976 0.024977 0.021536 -0.0041609 0.0023551 0.0053768 0.0052149 0.13851 -0.033642 0.1508 0.082581 -0.06365 -0.093215 0.30071 0.30391 -0.022335 0.022628 0.078795 0.08637 -0.0017846 0.0078746 0.0073291 0.011197 -0.0098801 0.019503 0.014277 0.023651 -0.003339 0.0025894 0.0066413 0.0052653 -0.0024113 0.0021303 0.004488 0.0023546
0.0011293 -0.000201 0.0012855 0.00072692 -0.012503 0.00061363 0.039242 0.023441 0.015885 0.011126 0.016515 0.011126 -0.0012793 0.0096479 0.0051952 0.0097724 0.0080867 -0.0079032 0.0089365 0.02049 0.034324 -0.043034 0.23425 0.30913 0.050028 0.051901 0.47202 0.3876 0.011626 -0.014957 0.040356 0.033389 0.013459 0.011623 0.017554 0.013623 0.03014 0.17103 0.16326 0.17173 -0.01458 -0.12514 0.44937 0.37636 -0.0051622 -0.020111 0.027902 0.025459 -0.010925 0.01317 0.011105 0.013414 0.001937 -0.055059 0.044729 0.067651 -0.025849 -0.0042298 0.039144 0.021324 0.000343 0.0030289 0.002101 0.0030558
