1.8518e-05 -0.00018875 0.0012032 0.0016746 0.0064671 0.0012718 0.011346 0.012537 0.069391 -0.00056665 0.073266 0.028251 8.2007e-05 2.3508e-06 8.2007e-05 3.4878e-05 -0.0012809 -0.0020552 0.013588 0.015577 0.095498 -0.015536 0.15341 0.15889 0.44977 -0.086189 0.44977 0.25712 0.00031693 0.00014701 0.00031693 0.00033231 0.004994 0.0026365 0.018399 0.014068 0.1406 0.093251 0.17788 0.17845 0.36648 0.14817 0.36741 0.24208 0 0 0 0 0.0011602 0.00070087 0.0022069 0.0020415 0.0036996 0.0055076 0.014796 0.01301 0.066085 -0.0056654 0.066085 0.019992 1.1891e-06 -3.0754e-06 3.0754e-06 3.0754e-06
-0.0009415 -0.0033636 0.0029534 0.0038098 -0.00099341 -0.020625 0.02271 0.027426 0.064868 0.011082 0.064868 0.030854 7.1225e-05 2.0958e-05 7.1225e-05 2.8089e-05 -0.0035721 0.00095526 0.0069448 0.012044 0.083473 0.029445 0.13395 0.14057 0.43607 -0.09257 0.43916 0.18187 0 0 0 0 -0.003311 0.0037997 0.013201 0.01048 0.15629 0.27893 0.1945 0.38044 0.28405 0.18639 0.28436 0.18639 0 0 0 0 0.0039241 0.0022754 0.0049518 0.0052129 0.030462 0.011923 0.030696 0.012821 -2.3412e-05 0.00034844 0.00017104 0.00034844 0 0 0 0
-0.00090968 -0.0029113 0.0012452 0.0029479 -0.015425 -0.075986 0.037108 0.076175 0.029454 -0.019247 0.029454 0.019247 0 0 0 0 -0.0114 -0.036457 0.022104 0.043536 0.073583 -0.058113 0.13771 0.16975 0.44462 -0.13328 0.46287 0.19127 0 0 0 0 -0.0024163 0.0014106 0.0090052 0.018757 0.26713 0.10868 0.29193 0.23718 0.26074 0.20347 0.26074 0.20428 0 0 0 0 -0.00016081 0.00096345 0.0019698 0.0030754 0.07086 0.019929 0.073014 0.05148 0.0021208 -0.00022204 0.0021208 0.0005511 0 0 0 0
0.00038582 -0.0015517 0.00082186 0.0024659 0.028097 -0.002267 0.037323 0.014316 0.038804 0.015999 0.039202 0.03188 0.00036687 0.00029711 0.00042048 0.00032961 -0.00030027 0.0040358 0.015347 0.010694 0.20289 0.24799 0.2457 0.30939 0.25211 0.059203 0.25211 0.10036 0.00062129 -0.00014255 0.00062129 0.00014255 -0.0062839 -0.00092054 0.0088659 0.017503 0.45978 -0.22046 0.48257 0.29078 0.039468 -0.0034041 0.039468 0.019364 0.00023892 0.00017688 0.00023892 0.00017688 0.00076823 0.0015783 0.0011697 0.0022809 0.053038 0.052063 0.058209 0.056097 0.0027918 0.0026433 0.0035385 0.0030284 0 0 0 0
-0.00066504 -0.00029589 0.0031137 0.0024823 0.016232 0.0026971 0.023195 0.014882 0.062224 0.01119 0.062224 0.013738 0 0 0 0 0.0026218 -0.016513 0.014918 0.024231 0.068138 -0.056653 0.13075 0.1002 0.46009 -0.12567 0.46009 0.17522 0 0 0 0 0.0011127 0.0084539 0.024182 0.014305 0.28985 0.15073 0.30196 0.1972 0.26302 0.21824 0.26302 0.22016 0.00054886 -4.7262e-05 0.00054886 0.00017588 -0.0010966 0.013848 0.0072071 0.013986 0.050826 0.036074 0.068253 0.057859 -0.00083563 -0.013768 0.0076549 0.014377 -0.00092096 -0.0035416 0.0036613 0.0041127
-0.00049438 -0.0011361 0.0013102 0.0019112 0.013101 -0.0045938 0.019702 0.031572 0.05989 -0.024091 0.05989 0.024183 0 0 0 0 -0.0022385 0.0039756 0.0067742 0.017274 0.23674 0.2146 0.2737 0.28157 0.26114 0.1471 0.26114 0.15012 0 0 0 0 0.0046211 -0.0032987 0.0076214 0.0090359 0.4717 -0.053213 0.48755 0.26857 0.020795 -0.00035725 0.020795 0.011124 0 0 0 0 -0.00060386 0.00092871 0.0017603 0.0032084 0.064126 -0.056386 0.068564 0.064941 0.011174 -0.003534 0.01167 0.0054307 0 0 0 0
0.00037926 -0.00056742 0.00039893 0.00056742 0.00019939 -5.5842e-05 0.00019939 5.5842e-05 -0.033477 0.010114 0.040202 0.031261 0.0070932 -0.0094775 0.0071377 0.012989 0.030276 -0.041707 0.057619 0.043133 -0.028327 -0.37279 0.085867 0.38108 0.036305 -0.1078 0.4062 0.33768 0.0062664 0.001272 0.045626 0.093198 -0.0019653 -0.014693 0.010725 0.016499 0.046574 -0.039418 0.083956 0.081182 0.39209 0.090483 0.40967 0.1449 -0.061268 0.025259 0.075701 0.062868 4.7114e-05 8.2175e-07 0.0016787 0.0030481 0.012792 -0.0098436 0.016255 0.017766 0.059035 -0.03265 0.059111 0.032811 -0.0053604 0.0018111 0.0056937 0.0036396
0.00031187 -0.00064183 0.0023442 0.002145 0.0031498 -0.012434 0.01794 0.014034 0.048523 -0.0057911 0.049253 0.023077 7.5187e-05 -2.822e-05 7.5187e-05 7.3857e-05 -0.010488 -0.0016008 0.017865 0.0096229 0.088903 0.018686 0.098411 0.095864 0.37812 -0.020414 0.37812 0.15198 -0.002612 -0.0010376 0.0027356 0.002682 0.015848 0.036534 0.04161 0.040176 0.037549 0.37685 0.15265 0.40421 0.087659 -0.012839 0.34164 0.40988 -0.0084227 -0.022379 0.058927 0.069305 0.0033135 0.0019078 0.0034165 0.0020612 -0.033319 -0.047555 0.065584 0.0727 0.026985 0.0436 0.032518 0.060527 0.0016537 0.001736 0.0020392 0.0018252
-0.0061711 -0.013082 0.00801 0.013104 0.045016 -0.054506 0.056929 0.055822 0.013271 -0.0064156 0.013271 0.0064743 0 0 0 0 0.0082504 -0.0047657 0.018512 0.012846 0.35764 0.18217 0.4165 0.26395 0.1637 0.029622 0.1637 0.052391 0 0 0 0 0.010121 0.0003279 0.011806 0.02248 0.37939 -0.20772 0.4225 0.29387 0.17179 -0.035931 0.17179 0.049188 0 0 0 0 0.0023213 0.00063574 0.0029026 0.0034957 0.049981 0.034373 0.05815 0.045235 0.022302 0.0081135 0.022332 0.0090487 0 0 0 0
0.0017695 -0.00030101 0.001966 0.0012231 0.062777 -0.010807 0.068944 0.03494 0.0055392 0.0028683 0.0057524 0.0031507 6.7362e-05 -1.507e-05 6.7362e-05 1.507e-05 0.0051954 -0.0096609 0.019779 0.014027 0.1886 -0.11027 0.23939 0.20839 0.36152 -0.18971 0.3622 0.19058 0.00021464 5.7247e-05 0.00021464 0.00021464 0.0076558 0.0020173 0.017067 0.015973 0.12646 0.036739 0.14275 0.099007 0.448 0.1526 0.44844 0.15744 0.00041283 -5.3182e-05 0.00041283 0.00013594 0.0015788 0.00062611 0.0023807 0.00070766 0.056041 0.013151 0.057123 0.025106 0.023786 0.0028702 0.023989 0.011792 8.14e-05 -2.4482e-05 8.14e-05 2.7809e-05
1.4031e-05 -0.00093137 0.0017093 0.0023844 0.012121 0.011432 0.016528 0.026753 0.075898 0.0081826 0.075995 0.021021 1.7807e-06 1.7807e-06 1.7807e-06 1.7807e-06 0.0090627 -0.0010136 0.020051 0.009775 0.19437 -0.036581 0.23988 0.25963 0.33395 -0.15778 0.33488 0.2114 0 0 0 0 0.011323 0.010978 0.013141 0.01484 0.04143 -0.0024142 0.10915 0.14573 0.46734 0.071382 0.46734 0.19537 0.00050432 -0.000453 0.00077222 0.00051125 0.00067463 -0.0016377 0.0014386 0.0020315 -0.0059029 0.0054589 0.015226 0.01805 0.060453 -0.047223 0.06421 0.050184 0.0015278 -0.0029867 0.0016636 0.0029887
0.00055112 -0.0022093 0.0032855 0.0042873 0.016002 0.023902 0.028291 0.030184 0.059194 0.061818 0.059194 0.065145 1.9372e-05 8.1421e-06 1.9372e-05 8.1421e-06 0.014668 0.0044483 0.01993 0.015775 0.37522 0.15016 0.41565 0.21007 0.12775 0.026532 0.12775 0.055625 0 0 0 0 -0.0067034 -0.006175 0.020409 0.01505 0.41333 -0.23645 0.43887 0.29092 0.14452 -0.061506 0.14574 0.062535 0 0 0 0 -0.0019001 0.00026488 0.0020468 0.0018008 0.048563 0.019391 0.04894 0.022917 0.044014 0.018553 0.044047 0.019469 0 0 0 0
0.0012788 -0.00055239 0.0019665 0.0016415 0.036591 -0.00838 0.036591 0.018497 0.0011893 -0.00069667 0.0011893 0.00080556 0 0 0 0 0.0015248 0.0025789 0.015476 0.016119 0.494 -0.012493 0.50815 0.26249 0.015034 -0.0035913 0.015602 0.012032 0 0 0 0 0.013027 -0.0013979 0.016234 0.011279 0.20134 -0.20807 0.25048 0.28586 0.24954 -0.17205 0.25036 0.18008 0.00011847 -0.00025468 0.00019173 0.00029175 0.00091358 0.0010882 0.0026152 0.0015421 0.0072681 -0.0042371 0.013676 0.018427 0.057867 -0.0069224 0.059264 0.033207 0.00033817 -0.0012469 0.00037436 0.0012703
-0.0010043 -0.0021586 0.0020668 0.0053135 0.012572 0.0058682 0.027194 0.022522 0.026505 0.09074 0.031579 0.097742 0.0057102 0.0068603 0.0057197 0.0068628 0.011525 0.0077548 0.013367 0.011513 0.077942 0.030257 0.16458 0.083531 0.40695 -0.12505 0.40808 0.14794 0.00075099 0.00091232 0.0017374 0.0018194 0.021131 0.014362 0.02355 0.019214 0.044904 0.38294 0.22845 0.39178 0.2438 0.2144 0.2438 0.21523 0.00037265 0.00051558 0.00037265 0.00051558 0.0059485 0.0053069 0.0064028 0.0055497 0.014014 0.0039915 0.014014 0.0045146 -4.3473e-05 0.00060701 0.00016752 0.00069292 4.8531e-05 -3.7039e-05 4.8531e-05 0.00010281
0.0009144 -0.001283 0.0012427 0.0015395 0.011145 0.0046497 0.014749 0.011563 0.064349 0.028254 0.066518 0.040356 0.00017398 0.00037382 0.0001742 0.00037382 0.01327 0.004827 0.018075 0.013228 0.036137 0.032393 0.17052 0.087843 0.48158 -0.090363 0.48158 0.14886 0.00013844 0.00031658 0.00022452 0.00031658 0.011619 0.0016439 0.01401 0.017708 0.22094 0.038809 0.28265 0.25873 0.29766 0.13555 0.29814 0.22518 0 0 0 0 -0.00083284 -0.0015326 0.0031905 0.00339 0.015208 0.0068572 0.027367 0.011505 0.060806 -0.014683 0.061179 0.035677 -2.4076e-06 -3.5051e-06 8.9596e-06 8.9596e-06
0.0011233 0.00052524 0.0018569 0.0013987 0.073791 -0.023968 0.080446 0.040999 0.00306 -0.00055839 0.00306 0.0023326 8.3003e-06 9.3699e-06 9.3699e-06 9.3699e-06 0.015565 -0.0072459 0.020326 0.021728 0.37497 0.20161 0.42372 0.32602 0.13245 0.016887 0.13311 0.061477 0 0 0 0 -0.0096303 0.005516 0.02573 0.016437 0.25896 -0.24222 0.28478 0.27586 0.27044 -0.10109 0.27243 0.1613 -6.4039e-05 -9.9914e-05 0.00023831 9.9914e-05 0.0010703 -0.0013676 0.0018538 0.0032562 0.053926 0.026973 0.054027 0.043519 0.026089 0.017239 0.026089 0.022257 -1.1749e-05 4.3722e-05 4.3722e-05 4.3722e-05
0.0048378 -0.0039924 0.0055462 0.0046313 0.040226 -0.061742 0.041702 0.062088 0.00067703 -0.0010577 0.00067703 0.0010702 0 0 0 0 0.010137 0.0016233 0.014201 0.012358 0.40971 0.082733 0.4594 0.15574 0.024601 -0.0074739 0.027559 0.026191 0.00097375 -0.00034743 0.0011703 0.00085534 0.008683 -0.0051188 0.018609 0.023018 0.22669 -0.1999 0.28487 0.23612 -0.0019332 -0.38235 0.14638 0.41578 0.046206 -0.015616 0.046904 0.016671 0.0030146 -0.0012589 0.0032776 0.0016917 -0.00057522 -0.0030472 0.019028 0.011171 0.016826 -0.0047427 0.018774 0.018629 0.0093777 0.0018392 0.0093777 0.0041568
0.0012656 -0.00044677 0.0037461 0.0013478 0.035093 -0.033701 0.040002 0.038444 0.035095 -0.019379 0.035095 0.019422 2.7679e-05 -2.7679e-05 2.7679e-05 2.7679e-05 0.013439 -0.0029756 0.017229 0.018268 0.26065 0.21484 0.28484 0.37047 0.2277 0.086668 0.2277 0.10701 0.00055092 0.00016784 0.00055092 0.00036726 0.010473 0.004291 0.015156 0.011122 0.49075 -0.096063 0.49519 0.14578 0.013949 -0.00036129 0.014087 0.0057862 -0.0043976 -0.0034745 0.0051048 0.0059603 -0.001984 0.013657 0.0058847 0.013664 0.028971 0.05323 0.059516 0.075561 -0.004987 -0.036958 0.02562 0.041775 -0.0070589 -0.012666 0.013802 0.017499
-0.00010739 -0.0018817 0.0039891 0.0028006 0.042748 -0.05758 0.043204 0.05758 0.031317 -0.020159 0.031317 0.020159 0 0 0 0 -0.0073871 0.0060784 0.013775 0.019248 0.18223 -0.0012273 0.18333 0.19316 0.43633 -0.11602 0.43721 0.16205 0 0 0 0 -0.010755 0.00063164 0.032861 0.026088 0.18615 0.078433 0.24551 0.13593 0.37613 0.15228 0.37613 0.15268 0 0 0 0 0.0009781 0.0023253 0.0031295 0.0039827 0.065243 0.02037 0.065584 0.027318 0.0078919 0.0060681 0.0078919 0.0061016 0 0 0 0
0.0035381 -0.0053824 0.0035766 0.0054074 0.055986 -0.035316 0.058125 0.035316 0.003082 -0.00032567 0.003178 0.00056031 0 0 0 0 0.0095233 0.0011824 0.014669 0.027099 0.25463 -0.13087 0.27503 0.31068 0.3098 -0.1533 0.31049 0.16558 0 0 0 0 -0.0093152 0.0038773 0.018838 0.015654 0.12949 -0.0042846 0.14278 0.15415 0.43966 0.086631 0.43966 0.16886 0 0 0 0 0.00031006 4.2638e-05 0.0036668 0.0034021 0.027318 0.015623 0.02813 0.019327 0.054015 0.0086056 0.054015 0.0088336 0 0 0 0
0.0006624 -0.000316 0.00086705 0.0019014 0.036477 0.025511 0.038847 0.031636 0.050127 0.013612 0.050127 0.016542 3.659e-05 -5.677e-06 9.0222e-05 5.9309e-05 0.0077286 0.0019119 0.0085865 0.010769 0.51891 0.12179 0.55432 0.15721 0.015874 0.014514 0.017682 0.014649 -7.5056e-06 1.2622e-05 0.00069661 0.00040328 0.0047065 0.0068057 0.0074458 0.012592 0.33984 -0.11374 0.35345 0.22074 0.16298 -0.042352 0.16331 0.05539 0.00012052 -4.7601e-05 0.00077344 0.00032646 0.0056617 0.010181 0.0056617 0.010263 0.027992 0.062941 0.043155 0.07063 0.010119 0.0083669 0.010299 0.0087223 3.6762e-05 -2.242e-05 9.0394e-05 3.1211e-05
0.0010911 -0.00077677 0.0011153 0.0008384 -9.1595e-05 -0.0010845 0.00077308 0.0013942 0.00012209 -7.8533e-05 0.00031126 0.00089638 6.3269e-05 -4.232e-05 7.1559e-05 4.232e-05 0.045557 -0.061912 0.047902 0.065577 0.014089 -0.42227 0.14638 0.43017 0.22509 -0.18817 0.2257 0.18944 0.00032672 -0.00052802 0.00033984 0.00078515 0.00076579 -0.001753 0.010095 0.0081314 0.15965 -0.024922 0.2116 0.1067 0.38452 0.12698 0.38901 0.14605 -0.00071146 0.00011304 0.00071146 0.00011304 0.00071888 -0.0011214 0.00083869 0.0020741 0.028326 -0.010704 0.029777 0.021077 0.061417 -0.01581 0.061441 0.021812 -1.7259e-05 1.0095e-05 6.7007e-05 0.00017652
0.00057468 -0.0066316 0.0037344 0.0069338 0.034963 -0.055404 0.040829 0.055404 -0.028719 -0.018313 0.051113 0.074798 0.0073178 -0.00021599 0.0083416 0.0083804 -0.0024049 -0.014514 0.0081237 0.014514 0.36193 0.16671 0.37094 0.22527 -0.055536 0.12244 0.30047 0.13882 0.030784 -0.0094756 0.054071 0.13942 0.0037802 0.005082 0.018731 0.015511 0.4185 -0.18431 0.41938 0.20238 0.0070792 -0.032363 0.15511 0.079425 -0.046472 0.019299 0.082405 0.089177 0.0028129 0.002548 0.0030505 0.0030778 0.0092013 0.019809 0.026093 0.02903 0.046988 -0.018308 0.048651 0.019772 0.00052655 0.00087593 0.00056663 0.00097737
0.00014046 0.00030219 0.0026312 0.0025537 0.063165 -0.046511 0.064504 0.075863 0.0077344 -0.0052067 0.0077344 0.0072191 0 0 0 0 0.0060274 -0.0021872 0.018081 0.01566 0.29264 0.22089 0.32741 0.28663 0.23775 0.046371 0.23835 0.098731 0.00018696 1.712e-05 0.00018696 0.00018696 0.0092895 0.007585 0.019632 0.023979 0.47581 -0.056326 0.48035 0.25688 0.018633 -0.003097 0.018633 0.011009 0 0 0 0 0.011036 0.004017 0.012043 0.0044913 0.019498 0.048432 0.01967 0.04939 0.0023094 0.0016786 0.0023712 0.0019062 0 0 0 0
0.0014263 -0.00030814 0.0027979 0.0018033 0.051742 -0.048761 0.054463 0.049735 0.012645 -0.0093561 0.012645 0.0094653 0 0 0 0 0.010433 -0.004577 0.018461 0.016903 0.31856 0.18075 0.33206 0.3138 0.17804 0.044719 0.17804 0.065059 0.00032416 3.6207e-05 0.00032416 0.00016048 0.0083234 0.0087711 0.017181 0.018631 0.49873 -0.099244 0.49982 0.18409 0.011636 -0.0055624 0.018845 0.010121 -0.019273 -0.02947 0.025019 0.033344 0.0027779 0.01249 0.0061757 0.012512 0.0082066 0.058607 0.045857 0.096983 -0.018243 -0.062348 0.050602 0.080369 -0.0034913 0.0033949 0.017413 0.010285
-0.007605 -0.00053193 0.0076459 0.0020013 0.0058064 0.020417 0.0087311 0.087757 0.025211 0.0093081 0.026434 0.023061 -0.0040991 6.6829e-05 0.0041552 0.0010498 -0.072891 0.009308 0.073947 0.020647 0.24845 0.18739 0.43443 0.37973 0.013914 -0.0011519 0.019059 0.0078096 -0.023734 0.002583 0.023734 0.0050637 -0.048892 -0.012159 0.049076 0.056464 0.23269 -0.15692 0.37981 0.55235 -0.0052204 -0.0055203 0.015411 0.010628 -0.026269 -0.01887 0.026391 0.022109 -0.0069065 -0.00070058 0.0069089 0.0047799 0.02008 -0.019834 0.02067 0.070724 -0.0065478 -0.012319 0.033014 0.017402 -0.00047486 -0.00060205 0.0011462 0.0016265
-0.00081546 0.00012786 0.0028347 0.0017855 0.031034 -0.022192 0.038209 0.036402 0.049292 -8.8603e-05 0.049416 0.010408 3.9099e-05 1.269e-05 3.9099e-05 2.1251e-05 4.114e-05 -0.0083035 0.020134 0.01559 0.29934 -0.10195 0.29934 0.18587 0.28503 -0.18484 0.28966 0.22644 0.00041833 2.8108e-05 0.00041833 0.00020535 0.010717 0.010447 0.017872 0.019003 0.24602 0.12576 0.26059 0.28897 0.31549 0.19282 0.31549 0.20209 0.0001677 -0.00015043 0.00055792 0.00036256 0.0017362 0.0023389 0.0032059 0.0030059 0.059589 0.014053 0.067064 0.027134 0.016067 -0.00036224 0.016255 0.005995 2.9443e-05 2.9443e-05 2.9443e-05 2.9443e-05
0.0016454 0.001304 0.0027416 0.0023852 0.041922 -0.0066404 0.045475 0.030739 0.039606 -0.018354 0.039606 0.019339 0 0 0 0 0.0054636 -0.00044974 0.017638 0.014985 0.23998 -0.034879 0.29881 0.16745 0.30249 -0.18435 0.30249 0.26546 0 0 0 0 -0.00011481 0.0050832 0.013958 0.010645 0.10419 -0.029779 0.16278 0.11975 0.44316 0.063089 0.44316 0.25763 0 0 0 0 -0.0010028 -0.00015361 0.0025313 0.0022476 0.03837 0.024245 0.040409 0.026551 0.036526 0.044526 0.036526 0.045355 0 0 0 0
0.0029208 -0.0019995 0.0033255 0.0033072 0.007944 0.0070746 0.028915 0.020358 0.060436 0.0085084 0.07084 0.018518 -0.010517 -0.013946 0.012755 0.02015 -0.0039376 0.0030571 0.023473 0.017709 0.17934 -0.080348 0.23829 0.15717 0.39212 -0.10052 0.4072 0.125 -0.013061 0.039094 0.017204 0.041022 -0.0038761 -0.0068245 0.011753 0.025046 0.16952 0.034522 0.20098 0.15154 0.43595 0.12209 0.4361 0.12843 0.00017725 -0.00030498 0.00017725 0.00030498 5.1559e-05 0.0005147 0.0021732 0.0025468 0.020038 -0.020306 0.034155 0.029118 0.069951 -0.011209 0.070046 0.012157 3.7115e-05 3.3736e-05 6.6031e-05 0.00012441
-0.0052455 0.0019343 0.0052502 0.017078 0.034324 0.047094 0.060016 0.11824 -0.02827 0.00051376 0.029705 0.0079131 0.00041742 0.0001641 0.00084552 0.00057214 -0.058779 -0.0019036 0.058981 0.052413 0.27692 -0.055827 0.46228 0.53257 -0.044493 0.046989 0.048118 0.048982 -0.006938 0.032281 0.011618 0.032455 -0.044298 0.01692 0.044591 0.038715 0.1807 0.047079 0.30576 0.47598 0.013169 -0.0010882 0.013549 0.0056613 -5.9831e-05 7.6028e-06 5.9831e-05 7.6028e-06 -0.0047069 -0.001143 0.0047133 0.003152 0.032116 -0.045444 0.086573 0.08491 0.0037288 -0.0010943 0.0037288 0.0018587 -4.2301e-06 0 4.2301e-06 0
-0.00038503 -0.0012261 0.0011151 0.0020897 0.018293 -0.014142 0.020095 0.020403 0.038987 0.026192 0.042237 0.031617 0.00092694 0.00030789 0.00092694 0.00030988 0.0049507 0.0076435 0.011162 0.018733 0.036346 -0.041311 0.16733 0.1315 0.44293 -0.011189 0.44293 0.12098 0.00018455 0.00011831 0.00061602 0.00058753 -0.001063 -0.0048587 0.016684 0.017224 0.043017 0.04597 0.13009 0.16191 0.46301 -0.027584 0.46733 0.21845 0.00062612 -0.00020798 0.00062612 0.00049446 0.00078152 -0.0013305 0.0010934 0.0017219 -0.00080441 -0.0049469 0.011673 0.012227 0.061614 0.0078071 0.063315 0.021931 0.00042299 -0.00024858 0.00042652 0.00032095
0.0019195 -0.00012568 0.0032753 0.0032108 0.023297 0.014719 0.024602 0.01894 0.056445 0.0061841 0.056626 0.0071881 -8.1088e-07 3.0176e-06 3.0176e-06 3.0176e-06 0.011328 0.0012503 0.020196 0.018304 0.4416 0.10581 0.45678 0.15514 0.065018 0.029242 0.067751 0.029897 0 0 0 0 0.0053264 -6.6983e-05 0.01859 0.013905 0.46674 -0.14764 0.48391 0.1886 0.079349 -0.012369 0.079349 0.027078 0 0 0 0 0.0024532 0.0020112 0.0057377 0.0045836 0.053326 0.07766 0.053398 0.078237 0.0049582 0.002533 0.0049582 0.002533 0 0 0 0
0.0015848 -0.0029527 0.0018709 0.0036008 0.0517 -0.028622 0.054348 0.035703 0.013436 -0.00032223 0.023246 0.014871 -6.3901e-05 0.0043487 0.0017925 0.0049195 0.021399 -0.0078786 0.029936 0.016938 0.3648 0.078656 0.3794 0.17396 0.15227 0.024427 0.15227 0.033423 0.00019039 -0.00033927 0.00025539 0.00048757 -0.016317 0.015458 0.021673 0.025418 0.52066 -0.11751 0.535 0.18909 0.056815 -0.011226 0.057761 0.021777 -1.8093e-05 3.3164e-05 9.1656e-05 0.00069468 0.00047342 -0.00020997 0.0020107 0.0026117 0.018898 -0.016297 0.026477 0.037139 0.060668 -0.031325 0.060693 0.035633 1.6057e-05 -9.9301e-05 3.7132e-05 0.00011668
-0.0010395 -0.0021621 0.0037277 0.003156 -0.014442 0.00098145 0.040091 0.034868 0.038098 -0.0083324 0.039311 0.037944 0.022127 0.0069983 0.022195 0.014219 0.0050028 -0.0064127 0.019123 0.024219 0.078996 0.19124 0.28505 0.27762 0.063923 0.31103 0.36928 0.37702 0.15529 0.0041576 0.15542 0.022791 0.030079 0.0094924 0.033646 0.04549 0.18095 -0.10874 0.21823 0.24055 0.070539 -0.068285 0.34436 0.19689 0.12218 -0.00082101 0.12218 0.030111 0.00062967 -0.0009447 0.0048843 0.004283 0.0089321 -0.012646 0.032284 0.03401 0.024395 -0.027894 0.046044 0.04654 0.014456 -0.012562 0.014518 0.013094
-0.00078546 0.0015885 0.0018314 0.0018549 0.01008 -0.0023086 0.01567 0.013161 0.0012996 -0.00051803 0.030646 0.013218 0.0016281 0.012163 0.0055993 0.012335 0.0030128 -0.0053947 0.013807 0.017744 0.030169 -0.057693 0.068189 0.13681 0.41769 0.031376 0.46045 0.2859 0.0052341 0.0046647 0.0055297 0.0058622 0.014798 0.0017833 0.015005 0.014409 -0.035127 0.061712 0.11772 0.15328 0.4416 0.035847 0.49049 0.10543 0.0011873 7.6004e-05 0.0015167 0.0014766 -0.00025346 0.0010406 0.00035841 0.0010487 0.0067775 0.00023636 0.012659 0.009574 0.065265 0.015253 0.065834 0.019444 0.00058466 0.00019957 0.00060134 0.00020876
-0.0083314 -0.00054997 0.0083944 0.0024163 0.041582 -0.015589 0.058207 0.055873 -0.02343 0.003438 0.023455 0.005637 -0.0037981 -0.0017268 0.0054646 0.0029063 -0.068061 -0.0055447 0.06962 0.043763 0.27039 0.020485 0.39533 0.25364 -0.17056 -0.059301 0.17593 0.076687 -0.027992 -0.0035746 0.02862 0.020742 -0.081485 -0.0038736 0.081579 0.057185 0.29811 -0.028491 0.33749 0.25429 -0.34366 -0.15685 0.35534 0.21057 -0.011653 0.0037644 0.013315 0.012455 -0.011946 0.0016304 0.011982 0.0044241 0.043041 0.033101 0.060405 0.042805 -0.029832 0.044113 0.029832 0.044213 -0.0024149 0.0056655 0.0030943 0.0058757
-0.0038506 -0.0013459 0.0039898 0.001846 0.0080106 -0.019615 0.047729 0.11725 0.024314 0.0093995 0.024356 0.0125 -0.00020885 0.00025656 0.00022433 0.00027305 -0.072592 0.003745 0.073526 0.035756 0.2566 0.25619 0.39955 0.37546 0.0098881 0.0010173 0.0098881 0.0037325 -6.1307e-05 -1.1597e-05 6.1307e-05 1.1597e-05 -0.024072 -0.014609 0.070171 0.095304 0.21319 -0.13297 0.51946 0.4344 0.00057951 0.00057951 0.00057951 0.00057951 -0.00014544 -1.9692e-05 0.00014544 4.5861e-05 -0.00014477 0.00038288 0.00014477 0.00038288 0.0043154 0.0243 0.01121 0.0243 0 0 0 0 -2.6801e-06 5.0257e-06 2.6801e-06 5.0257e-06
0.00036378 0.00095173 0.0022898 0.0019348 0.042605 0.0053581 0.050163 0.017512 0.01533 0.027758 0.056191 0.035415 0.0020764 0.0014331 0.0085321 0.008626 0.01997 -0.0020644 0.02218 0.020517 0.37576 0.11308 0.47877 0.15866 -0.16493 0.01708 0.33235 0.28172 0.065547 0.016178 0.071817 0.050298 0.0016171 -0.0058223 0.0193 0.016781 0.33435 -0.1025 0.35297 0.16498 0.14224 0.023949 0.19308 0.082252 0.0083505 0.025543 0.0095192 0.025745 0.00038388 0.00032754 0.00086585 0.0027044 0.06181 -0.001975 0.064108 0.029249 0.016662 0.0026185 0.016662 0.0047387 3.1226e-05 -6.8615e-05 5.5238e-05 8.5956e-05
2.2613e-05 -0.0014678 0.0012554 0.0014678 0.0065118 -0.0098374 0.010523 0.014145 0.026074 0.013864 0.029004 0.023881 0.0084871 0.004473 0.0088491 0.0045635 0.00038983 0.00035512 0.020736 0.012231 0.073813 -0.0089952 0.080931 0.11244 0.45602 0.082034 0.45602 0.2118 0.0017632 0.0011911 0.003093 0.0015882 -0.0088944 0.022031 0.018801 0.025769 0.065902 0.031723 0.1113 0.098077 0.47853 0.023333 0.47853 0.084349 0.001453 -0.00010963 0.0032929 0.0010594 0.0014761 -0.0016243 0.0016165 0.0018046 -0.014089 0.0028412 0.017808 0.0090106 0.066609 -0.006502 0.066609 0.011145 -0.0016444 -0.00080639 0.001741 0.0015512
0.00052103 -0.00060375 0.002123 0.0015304 0.040821 -0.010373 0.040833 0.021011 0.00015765 4.2363e-05 0.00015765 0.00015765 0 0 0 0 -0.0010744 -0.008388 0.021472 0.017126 0.48881 -0.053968 0.4936 0.20023 0.0019504 0.00016795 0.0019504 0.00062502 0 0 0 0 -0.0049422 0.02227 0.018145 0.022648 0.43869 0.1209 0.445 0.25055 0.0061704 -0.0013553 0.0061704 0.0030029 0 0 0 0 0.00021971 0.011396 0.0041237 0.011419 0.0053449 0.0041919 0.0058736 0.0045615 0.00077638 -0.00026525 0.001064 0.00031385 0 0 0 0
0.00020252 0.00074726 0.0013179 0.0023675 0.0019332 0.0097604 0.013636 0.014747 0.068107 -0.025196 0.071712 0.047425 0.00010027 -5.8013e-05 0.0001075 0.00013283 -0.0063932 -0.0045061 0.011765 0.011378 0.032241 -0.061899 0.10097 0.10511 0.43755 0.10031 0.46157 0.18603 9.8957e-05 0.0011193 0.00041421 0.003427 -0.010868 0.010483 0.021493 0.016073 0.042142 0.099342 0.15595 0.13709 0.39974 -0.11343 0.45199 0.20641 0.0022096 -0.0015673 0.0022995 0.0043976 -0.0023009 0.011628 0.003415 0.012996 -0.019641 0.098382 0.063116 0.098382 0.036705 0.065981 0.042231 0.066084 0.00014733 0.00044808 0.00014733 0.0008971
0.0015261 0.005299 0.0064672 0.0067053 -0.0037407 0.022191 0.033822 0.032769 -0.026373 0.010555 0.042762 0.032352 0.0031474 0.0070805 0.0071985 0.0090104 -0.038979 0.0018357 0.058598 0.030577 0.22652 0.039308 0.41907 0.33825 -0.21201 0.14874 0.22979 0.24214 -0.0072252 -0.015817 0.037653 0.04413 -0.042999 0.0075319 0.043093 0.023065 0.11336 -0.061429 0.33551 0.2544 -0.19818 -0.24081 0.26655 0.28665 -0.0038918 0.0027668 0.041434 0.031905 -0.014914 0.014712 0.014927 0.01472 -0.029665 0.023803 0.042875 0.052055 -0.01672 0.024875 0.041003 0.036875 0.0026549 0.0036608 0.0055408 0.0053579
-0.0013745 -0.0010503 0.0029717 0.0013381 -0.002806 0.007631 0.020621 0.016433 0.062549 0.026094 0.063741 0.032403 -0.008859 -3.5733e-05 0.017921 0.0033232 -0.0049966 -0.0027142 0.011709 0.014755 0.099349 -0.010762 0.15302 0.12801 0.3344 -0.0069768 0.50373 0.20027 0.014785 0.030611 0.043904 0.042217 -0.0093371 0.0066188 0.019668 0.013358 0.064159 -0.030633 0.12598 0.17237 0.47072 0.036803 0.47072 0.14472 7.3641e-05 -7.0217e-05 0.00030846 0.0006004 -0.0018753 0.0020468 0.0036612 0.0034219 0.00035999 0.00081151 0.016829 0.010701 0.066695 -0.02039 0.067179 0.041685 4.0207e-05 -0.00015019 4.0685e-05 0.00015436
0.0019758 0.00096195 0.0032745 0.002892 0.005856 0.011934 0.020582 0.022206 0.00091047 0.002971 0.0088413 0.018511 0.010528 0.0033114 0.010566 0.0046997 0.014386 -0.00078431 0.015466 0.01104 0.05642 -0.047723 0.14801 0.11016 0.36039 0.16286 0.41178 0.43015 0.027014 0.027696 0.027014 0.027721 0.0068753 0.010592 0.024739 0.01748 0.07986 0.039755 0.091406 0.079608 0.44166 -0.02705 0.44969 0.064377 3.4513e-05 0.00047601 3.4513e-05 0.00047601 -0.0071799 0.011532 0.0087204 0.011533 -0.0040613 0.029401 0.019479 0.041454 0.070073 0.049234 0.070226 0.051058 -9.6199e-07 -3.2003e-05 1.9273e-05 3.2003e-05
0.0032998 0.00062535 0.003531 0.0023418 0.0096089 -0.0030682 0.016999 0.023329 0.064918 -0.02282 0.065923 0.026415 -2.5724e-05 -2.398e-05 0.00013617 3.3115e-05 -0.0097429 0.0049885 0.015101 0.012444 0.076788 -0.051753 0.11742 0.13192 0.48291 -0.014977 0.48939 0.20691 0.00095356 -0.000398 0.001053 0.00055477 0.0021732 -0.0090855 0.033926 0.022015 0.11288 0.072406 0.11614 0.11392 0.4287 0.029258 0.4287 0.095925 0.00178 6.0172e-05 0.0020231 0.00048932 0.0013004 0.0035642 0.0049578 0.0040985 0.0058742 -0.010153 0.0097401 0.012611 0.065973 -0.0021523 0.066321 0.015459 0.00011365 -3.2621e-05 0.00011365 6.0347e-05
-2.3121e-05 -2.6495e-05 3.2693e-05 0.00045519 0.017076 0.024244 0.057842 0.057024 -0.010779 0.0019604 0.016452 0.0041266 -0.0045851 -0.00029103 0.0050286 0.0011019 -0.00036815 0.0010974 0.00054029 0.0028415 0.084915 -0.12876 0.35866 0.44649 -0.12425 -0.1149 0.19973 0.12031 -0.018143 -0.0011875 0.01858 0.014796 -0.00032702 -0.001328 0.00032702 0.0022324 0.042267 0.13132 0.29026 0.58437 -0.079793 0.11078 0.24023 0.14922 -0.0098728 0.02478 0.011776 0.02491 -6.6557e-05 0.00025673 6.6557e-05 0.00042881 0.017766 -0.03058 0.055446 0.084753 0.00094693 0.00020285 0.00096056 0.00021012 -0.0012757 0.00027838 0.0012939 0.00028877
0.0012582 0.0011233 0.006545 0.0032133 0.017275 0.0015199 0.034951 0.025041 0.018649 -0.012032 0.032464 0.03095 0.015508 -0.0080977 0.015508 0.0088172 0.024686 -0.007548 0.027506 0.03309 -0.23436 -0.13449 0.39837 0.33815 0.27533 -0.061639 0.27533 0.14521 0.02896 -0.027411 0.035034 0.040762 0.028267 0.0028844 0.034182 0.028972 -0.089613 0.1641 0.23966 0.35967 0.12778 0.093865 0.34261 0.29522 0.0057609 -0.013043 0.024888 0.019936 -0.0007184 -0.0011596 0.0022903 0.0026216 0.024907 -0.017046 0.06103 0.026001 -0.029233 -0.027135 0.036459 0.03588 0.004947 -0.0041608 0.0051009 0.0073277
-0.00080744 -0.0014331 0.0035066 0.0018349 0.0012126 -0.014677 0.009392 0.015377 0.032267 -0.0060209 0.037107 0.015984 0.00051134 0.0028585 0.0086327 0.0074052 -0.0055769 0.0029885 0.017312 0.035091 0.056089 0.0021392 0.1278 0.095063 0.44104 0.10381 0.44104 0.17702 -0.019839 -0.0035473 0.022564 0.01207 0.0030059 0.0044817 0.0091258 0.012013 -0.028184 0.129 0.13582 0.21983 0.45461 0.0032165 0.46829 0.10902 -0.033434 0.0019975 0.03345 0.038303 -0.00026957 -0.00093029 0.0021596 0.0021739 0.00072651 -0.012698 0.020243 0.014026 0.055721 -0.01618 0.058462 0.026506 0.00083884 -0.00048597 0.00087034 0.00059933
-0.0003869 -0.0040641 0.002014 0.0045538 0.017454 -0.042674 0.030676 0.04507 0.030357 -0.05811 0.046712 0.058332 -0.0074735 -0.0031965 0.015438 0.0087042 -0.01106 -0.0065088 0.020794 0.015451 0.026259 -0.046087 0.12188 0.15528 0.46199 0.038053 0.47053 0.22634 -0.062958 0.0071334 0.10038 0.033031 0.0051773 -0.0070022 0.023908 0.015121 0.073084 0.09449 0.12798 0.17598 0.36698 -0.037622 0.44817 0.16846 -0.036283 0.024009 0.056892 0.039082 0.0002836 0.0012141 0.0025615 0.0024031 0.0076445 -0.010457 0.02218 0.018882 0.021172 -0.033102 0.025397 0.036554 0.01077 -0.0036131 0.01077 0.0037531
0.0010997 -0.0017633 0.0033898 0.0020197 0.0026877 -0.012475 0.010564 0.012751 0.035515 0.0057247 0.037512 0.021779 -0.0033554 0.0022154 0.0055046 0.0045947 0.0019026 0.0038832 0.016 0.02327 0.052348 -0.00065041 0.10093 0.11965 0.4557 0.07392 0.4557 0.19819 -0.024685 -0.0031002 0.025784 0.014559 0.0076178 0.0072646 0.011587 0.012122 -0.034183 0.1088 0.12403 0.18473 0.46157 0.0013623 0.46157 0.086804 -0.037202 0.00083694 0.037764 0.027009 -0.00023466 -0.0012217 0.0013746 0.0023907 0.0044562 -0.0085045 0.020294 0.010512 0.051174 -0.013442 0.051767 0.022437 0.00035764 -0.00015381 0.0003915 0.00037218
-0.0011571 -0.0034929 0.0033348 0.0050222 0.0070528 0.017985 0.032199 0.037034 0.028161 -0.0048864 0.049974 0.042299 0.024985 -0.0064071 0.025911 0.0083829 -0.01854 0.01152 0.046228 0.043669 0.082358 0.030194 0.28982 0.28283 0.20798 -0.0048881 0.39638 0.38394 0.19087 0.013926 0.19093 0.049099 0.0014328 -0.0054604 0.032079 0.030371 0.1067 -0.050563 0.27414 0.22416 -0.033663 -0.034916 0.23862 0.27828 0.21962 -0.059527 0.21962 0.069218 -0.0081231 0.013919 0.012444 0.013919 0.00051176 0.019895 0.020162 0.032764 0.0077429 0.00030919 0.043279 0.038448 0.029018 0.018045 0.029038 0.01966
0.0045455 -0.0071905 0.0088674 0.0089283 -0.0042604 -0.047673 0.058248 0.05327 0.001083 -0.01441 0.028205 0.038961 -0.00019974 1.215e-05 0.0064988 0.0090558 -0.032102 0.0061772 0.039519 0.072437 0.31866 0.076649 0.48533 0.21996 -0.16578 0.11581 0.27431 0.17562 0.047671 0.014587 0.054096 0.042183 -0.008092 0.0024262 0.025823 0.028607 0.07039 -0.062634 0.27444 0.32547 0.097148 -0.10257 0.31861 0.33321 0.022127 0.004242 0.036807 0.037595 -0.00088611 -0.0036326 0.0043244 0.0043101 -0.0042221 0.0017405 0.047033 0.032775 0.035097 0.0062885 0.047341 0.029017 -0.00013337 -0.0013333 0.0036722 0.0040803
-0.0024901 0.0027124 0.0031054 0.0041538 0.0056361 0.022142 0.01819 0.031509 0.017393 -0.0093772 0.024968 0.029105 0.0061643 -0.0021635 0.0063336 0.0033834 -0.0012158 -0.00017229 0.011587 0.012104 0.054577 -0.0083609 0.15917 0.16262 0.18608 0.23941 0.28091 0.41117 0.052857 0.066947 0.053577 0.069291 0.0097882 0.021908 0.011827 0.03141 -0.028216 0.12301 0.13104 0.14834 0.47575 -0.0036518 0.51055 0.16216 0.0015281 0.00345 0.0064992 0.0045631 0.0044536 0.0016941 0.0047709 0.0032764 -4.3623e-05 0.030179 0.01453 0.047329 0.06305 0.048119 0.063075 0.048119 0.00013184 7.1391e-05 0.00019042 0.00015223
0.0012608 -0.0016716 0.001269 0.0016807 0.0036695 -0.0030016 0.011081 0.010176 0.037959 0.029965 0.040903 0.039381 0.0089277 0.0041712 0.0089325 0.0044265 -0.0010186 0.010321 0.0066139 0.013871 0.056291 -0.0064322 0.095291 0.085861 0.49184 -0.0043658 0.49184 0.17696 0.0024786 0.0012823 0.0025583 0.0012917 0.0024419 0.0035759 0.0081468 0.0090825 0.042125 0.057043 0.099758 0.13163 0.41893 0.021056 0.43379 0.19258 0.0023977 -0.0039473 0.0031224 0.0042213 0.00108 0.013259 0.009535 0.01328 0.00040478 0.072286 0.022662 0.082662 0.053043 0.04942 0.053583 0.062774 -0.00050891 0.00073295 0.00062318 0.001056
0.0022012 0.00090423 0.0024877 0.0035538 0.045347 0.031398 0.0461 0.039753 0.030829 0.039183 0.03186 0.039567 -0.0052044 -0.0011204 0.0065081 0.0037448 0.0054342 -0.0026548 0.018404 0.0079413 0.50065 0.045944 0.50106 0.1616 0.089475 -0.0033401 0.093707 0.025579 -0.042045 -0.016125 0.052691 0.03119 -0.020597 0.027871 0.02779 0.038471 0.37889 -0.036167 0.42543 0.15701 0.15249 -0.02164 0.15415 0.024675 -0.07512 0.0058924 0.075784 0.12148 -0.00030912 -0.00087518 0.002895 0.00093259 0.039313 0.0069933 0.045753 0.026907 0.028207 -0.010347 0.028275 0.010545 9.8817e-05 0.00017834 0.00026262 0.00025573
-0.00067964 -0.017583 0.002016 0.017595 -0.019884 -0.096689 0.042914 0.096907 0.02541 -0.081254 0.031007 0.081314 5.2834e-05 -7.3884e-05 5.2834e-05 7.3884e-05 -0.0095305 -0.010268 0.01925 0.017511 0.050492 -0.13983 0.12959 0.19802 0.37546 0.12911 0.44216 0.24305 0.00042897 0.00022239 0.00042897 0.00022239 -0.0035247 0.0030019 0.0080867 0.018245 0.064979 0.057968 0.10001 0.10629 0.37546 -0.13049 0.43005 0.27572 0.00020397 0.00022647 0.00020397 0.00022647 0.00078452 -0.00016272 0.001123 0.0016335 0.030356 0.050985 0.035659 0.05422 0.042801 0.079685 0.04302 0.079685 0 0 0 0
0.00059178 -0.0014424 0.0023531 0.0019709 0.0014614 -0.014259 0.010067 0.015496 0.054703 0.0061825 0.05943 0.026817 0.0004045 -0.00017484 0.00043504 0.00017484 0.005629 0.0035118 0.0084745 0.012198 0.025554 0.047022 0.037179 0.050443 0.47965 0.0026002 0.50387 0.20947 0.0044478 0.00096245 0.0045373 0.0020995 0.0088987 -0.00037689 0.0094106 0.0042906 -0.0048897 0.007153 0.054392 0.061671 0.46175 -0.028909 0.46302 0.13954 0.0019539 -0.0013722 0.0021549 0.0017344 0.0014534 -0.00016499 0.0020124 0.00083286 0.0053902 -0.00033984 0.0069481 0.01059 0.027378 -0.0015167 0.029327 0.019195 0.006723 -0.002213 0.0067428 0.0028098
0.0021957 -0.00038204 0.0029504 0.0014976 0.0076927 0.0018921 0.020881 0.020154 0.075148 -0.015013 0.076367 0.025588 0.00066564 1.3152e-05 0.00066564 0.00039155 0.017758 0.0044308 0.020618 0.017629 0.085199 -0.012534 0.09612 0.099818 0.45695 -0.0053902 0.45695 0.1211 0.00091291 0.00027277 0.0017928 0.0015412 0.015039 0.0053062 0.020116 0.020015 0.04808 0.00631 0.09385 0.1203 0.4686 0.04587 0.48521 0.166 0.0036135 -0.0010807 0.0037016 0.0018492 0.0017911 -0.0018507 0.0054714 0.0032174 -0.00059796 -0.0073644 0.015359 0.014631 0.059222 -0.060874 0.060075 0.062723 0.0029898 -0.00079765 0.0029959 0.0011843
-0.0020038 0.0009219 0.0031275 0.0056157 0.015335 0.014111 0.019194 0.02701 0.038401 0.039036 0.042145 0.043556 0.0061602 0.0059706 0.0061907 0.006079 0.011839 0.0014569 0.021593 0.0078065 0.027969 -0.036422 0.13443 0.067061 0.43575 -0.015457 0.43777 0.10646 0.0044819 0.00020003 0.0051053 0.0034944 0.023982 0.017465 0.025006 0.023582 -0.11587 0.19302 0.16401 0.29045 0.41655 0.016671 0.46305 0.12131 0.0034893 -0.00037054 0.0076247 0.0027469 0.0016688 -0.0032266 0.0023157 0.0037209 -0.0075913 -0.0049741 0.018423 0.010326 0.049755 0.0030528 0.050212 0.022041 0.0043095 -0.001822 0.0043317 0.0021302
-0.028593 -0.014409 0.030154 0.030646 -0.028359 -0.0027913 0.044325 0.037989 0.013544 0.010221 0.035152 0.061463 0.0012021 -0.002053 0.0061132 0.0066098 -0.022959 -0.046269 0.035005 0.048865 0.10587 0.20362 0.26093 0.29845 -0.071126 0.058745 0.32882 0.32228 -0.0085507 -0.013342 0.031526 0.033343 -0.010666 0.026509 0.040642 0.045087 0.17873 -0.11261 0.35678 0.29261 -0.20151 -0.035119 0.36478 0.2921 0.020152 0.014112 0.038041 0.037095 -0.0061969 0.020153 0.0077362 0.027867 -0.024647 0.066256 0.060425 0.090732 -0.029595 0.017447 0.050171 0.030218 -0.0024535 0.002725 0.0057265 0.0061548
-0.0028573 0.0045328 0.004947 0.0058252 0.013667 0.025896 0.037762 0.053147 -0.0055176 0.035238 0.060329 0.043965 -0.0032468 -0.00038799 0.0033331 0.0050471 -0.047756 0.011511 0.051226 0.028186 0.28555 -0.0066439 0.38911 0.29811 -0.13143 0.032564 0.32526 0.26643 -0.055466 -0.010317 0.058431 0.044852 -0.029355 -0.038521 0.042197 0.042817 0.11981 -0.1243 0.30905 0.219 0.0077984 -0.18048 0.27782 0.39766 0.011511 0.049175 0.021228 0.053524 -0.002344 0.0019846 0.002747 0.0020413 0.017055 0.0039634 0.019013 0.022677 0.024955 0.017294 0.028686 0.020413 0.0039709 0.00081566 0.0057003 0.0046509
-0.00026133 0.00021693 0.0014134 0.00057911 0.010951 -0.0011787 0.011656 0.006821 0.015476 0.038489 0.025632 0.041493 0.0076927 0.010716 0.0078354 0.011715 -0.0053231 0.0094058 0.01406 0.014295 0.12169 0.0028942 0.14487 0.12916 0.39256 0.01949 0.41526 0.156 -0.00027261 0.0023994 0.0020182 0.0025385 -0.0010259 -0.0076269 0.014068 0.0105 0.0067692 -0.002061 0.10528 0.066366 0.35017 -0.14675 0.49422 0.4211 0.023656 -0.057515 0.024804 0.060071 0.0004058 -0.00070284 0.0015164 0.0010527 0.0053068 -0.01054 0.0056622 0.016781 0.0044352 0.0022033 0.023001 0.012197 0.004419 0.00047445 0.0049791 0.0014968
0.004775 0.0010916 0.0057739 0.0040042 0.00030529 -0.032863 0.029172 0.045121 0.040264 -0.015173 0.042006 0.030175 -0.0060402 -0.00090007 0.0083652 0.0076151 0.013003 -0.016925 0.034341 0.046658 -0.077121 0.009401 0.28779 0.17723 0.25753 -0.073369 0.32012 0.38915 0.049928 0.071636 0.063372 0.088082 0.0010957 -0.0088768 0.023799 0.044641 0.18929 0.066249 0.34096 0.31758 0.15626 0.12617 0.27724 0.27452 0.15313 0.0028794 0.15313 0.035686 -0.0066119 0.0083971 0.010706 0.011189 0.038342 -0.0048988 0.055929 0.047643 0.042333 0.050379 0.048724 0.079698 0.020218 0.012996 0.020218 0.013004
-0.0028041 0.0020847 0.0050383 0.004801 0.0019994 -0.010946 0.04819 0.024001 0.039496 0.0046911 0.04775 0.024219 -0.0018087 0.0020414 0.0028889 0.0029726 0.01749 -0.040863 0.039848 0.055808 0.16064 0.19995 0.36228 0.30527 -0.03991 0.10619 0.31485 0.35202 0.025433 -0.035738 0.029422 0.041744 0.0041833 0.02633 0.026639 0.027594 0.35869 -0.035505 0.36073 0.16689 -0.19585 0.049019 0.2468 0.23135 0.018765 0.021038 0.041821 0.035244 -0.0072095 0.0055086 0.013681 0.01515 0.035072 -0.0007166 0.042809 0.019963 0.00011311 0.0038017 0.030986 0.031403 -0.0022194 -0.0020808 0.009532 0.005017
-0.0045425 -0.0028976 0.0049628 0.0043667 -0.017503 0.011172 0.12204 0.081821 0.015307 0.0027807 0.086101 0.072158 0.0069928 0.0036155 0.0092174 0.0042338 -0.027782 -0.012424 0.040662 0.050884 -0.051565 -0.21903 0.20758 0.43867 0.059581 -0.018522 0.25198 0.29004 0.0045915 0.0059105 0.028623 0.056722 -0.011816 0.025896 0.049512 0.046127 -0.18746 0.15239 0.22482 0.25229 0.27967 0.0041166 0.47099 0.17625 -0.00044968 0.0087589 0.022356 0.028317 -0.0015359 -0.00066821 0.012398 0.0065394 -0.026441 0.016592 0.032956 0.032251 0.0084674 0.020625 0.036391 0.047992 -0.00079281 -0.0042146 0.0025398 0.0073468
-0.00056657 -0.0013893 0.0024235 0.0044646 0.00074254 -0.0066432 0.062194 0.028431 0.004976 0.024567 0.041989 0.047588 0.0053966 0.015297 0.01066 0.016416 -0.00050218 -0.017998 0.041601 0.044895 -0.035565 -0.11271 0.44958 0.31557 0.19922 -0.06798 0.31468 0.36989 0.014469 -0.055194 0.045232 0.055571 -0.0031027 -0.007731 0.029643 0.048484 -0.066859 0.10119 0.21963 0.27781 0.20167 -0.049411 0.35098 0.2487 -0.017327 0.012207 0.039918 0.051081 -0.0058329 -0.00040534 0.0064714 0.0033552 0.027182 -0.006954 0.035491 0.03301 -0.011395 -0.00079826 0.039833 0.018902 -0.00064371 -0.0061248 0.007266 0.0065389
-0.0071066 -0.0019975 0.0078263 0.0028633 0.027046 -0.0029369 0.046136 0.029578 -0.0079598 0.0052269 0.022168 0.031734 0.0087764 -0.00019668 0.0093577 0.0052918 -0.019147 -0.022131 0.036039 0.078986 0.011297 -0.12346 0.37345 0.33779 0.11191 -0.16009 0.29465 0.30428 -0.00237 -0.018694 0.039041 0.031669 -0.022532 0.0088157 0.037899 0.038495 -0.15272 0.034091 0.26836 0.1368 0.29777 0.067473 0.35292 0.38869 -0.0049887 -0.0055013 0.050311 0.04073 -0.00036814 -0.00098832 0.0019159 0.0041265 0.0051291 0.016502 0.036147 0.037328 -0.0046351 -0.012234 0.029605 0.025094 0.0043595 -0.0013087 0.0055441 0.0024355
5.4568e-05 -0.0013837 0.0034857 0.0019509 -0.0032213 -0.0035499 0.028011 0.031669 0.033378 -0.01602 0.043294 0.020193 0.013621 0.0094539 0.015214 0.01059 0.024198 -0.0052655 0.049048 0.028439 -0.006509 -0.1768 0.1269 0.32563 0.16966 0.059986 0.32731 0.22856 0.077798 -0.011336 0.083039 0.039701 -0.031777 0.0082551 0.04204 0.015988 0.091381 0.22948 0.178 0.40609 0.16953 -0.072847 0.38484 0.35266 0.14669 0.065527 0.14676 0.075383 -0.0015999 -2.0755e-05 0.00258 0.0025594 0.0051851 -0.019246 0.039078 0.033402 0.0047568 -0.00011162 0.048749 0.045985 0.034477 0.0012254 0.034477 0.0045469
0.00083993 -0.0024646 0.0053058 0.0080507 0.008358 -0.014322 0.049485 0.044581 0.016451 -0.013369 0.056876 0.04032 0.0083121 -0.0058289 0.010905 0.013227 -0.020039 -0.0064632 0.037269 0.060896 -0.036201 -0.11308 0.23834 0.26181 0.1822 0.01758 0.48504 0.30761 0.0060201 -0.0054232 0.048616 0.047877 -0.023718 0.013845 0.06801 0.037493 0.084796 0.16782 0.25838 0.32431 0.12358 0.037301 0.37925 0.28947 -0.04316 -0.0076881 0.057059 0.040005 -0.0064328 -0.00081381 0.007748 0.005393 0.0081156 -0.0082052 0.041663 0.060286 -0.013342 -0.033766 0.028058 0.05809 0.0055294 -0.0017251 0.0073521 0.0056212
-0.0047906 -0.0047314 0.0055688 0.0054186 -0.0030575 -0.0077971 0.014254 0.017958 0.093471 -0.04894 0.096276 0.049256 5.7068e-05 0.00010356 0.00017807 0.00028184 -0.010187 -0.0061337 0.01241 0.016818 -0.020308 -0.12928 0.067466 0.14342 0.57275 -0.13663 0.58033 0.21842 0.012406 -0.036895 0.012633 0.036953 -0.0062955 -0.0078285 0.010225 0.013302 0.023732 -0.021257 0.17459 0.080657 0.13013 -0.14854 0.20355 0.24394 0.04409 -0.08566 0.044917 0.08566 -0.0018796 -0.0024343 0.0019394 0.0024382 0.0089097 -0.0087513 0.028458 0.018509 -3.6095e-05 -0.019596 0.0087152 0.025463 -0.00070218 -0.0011777 0.0022036 0.0022319
0.0035885 -0.00292 0.005698 0.0030508 0.02863 -0.039426 0.065197 0.047507 0.044361 -0.067496 0.061721 0.078951 0.013926 -0.0078697 0.014117 0.0079257 -0.015695 0.0039967 0.021549 0.045825 0.1809 0.033463 0.41437 0.16428 0.11296 0.039555 0.24161 0.16499 0.17315 0.0080116 0.17315 0.023041 -0.0029949 -0.023802 0.016806 0.031681 0.16014 -0.12126 0.24058 0.28845 0.30376 -0.12621 0.37386 0.31348 0.12233 -0.026513 0.12233 0.040277 0.0042969 0.0068997 0.0048717 0.0075561 -0.013234 0.043349 0.03921 0.073587 -0.0030224 -0.044046 0.034245 0.054511 0.020894 -0.0080474 0.021768 0.010765
0.0016557 -0.0040316 0.0037619 0.0052332 -0.030479 -0.042253 0.039772 0.051553 0.028507 -0.010401 0.0331 0.023138 -0.0020112 0.00030027 0.0038153 0.0034786 -0.021652 0.034413 0.032874 0.050234 0.22678 0.12362 0.41926 0.31746 -0.1261 0.14693 0.25265 0.31744 -0.02185 0.02453 0.051108 0.050959 -0.051766 -0.017815 0.078617 0.049241 0.14409 0.072968 0.35876 0.26308 -0.006812 -0.0043842 0.32739 0.26214 -0.0026883 0.02136 0.05246 0.026495 -0.0035642 0.021951 0.0084852 0.021951 -0.012428 0.04253 0.046392 0.050367 0.01475 0.05067 0.049971 0.069611 -0.00083032 -0.00035289 0.01041 0.0079936
-0.00012226 0.0012987 0.0042519 0.0082959 0.0051584 0.019615 0.043984 0.048645 -0.013085 0.02397 0.035341 0.03201 0.0040389 -0.00035527 0.0061363 0.0036797 0.0090738 -0.028578 0.035311 0.038835 0.066749 -0.048693 0.33761 0.38222 -0.028782 0.1206 0.19243 0.25129 -0.0069492 0.025015 0.064416 0.063365 0.013636 0.030384 0.028604 0.056991 0.12839 0.1253 0.47843 0.27853 -0.004109 0.01145 0.35011 0.28124 -0.0031207 0.027317 0.055433 0.052143 -0.0019102 0.0017151 0.0069182 0.010641 0.036106 0.080768 0.061403 0.094857 0.025556 0.096079 0.059756 0.098916 -0.0027639 0.021039 0.0041822 0.022311
0.00055729 -0.0019088 0.00098137 0.0022217 0.010894 0.0050692 0.019864 0.012081 0.00089053 -0.0039461 0.01367 0.014931 0.020222 0.0027144 0.02028 0.007197 0.0036954 0.013209 0.021277 0.017532 0.034087 -0.025624 0.10851 0.091393 0.38656 0.14244 0.48096 0.24883 0.028012 0.018944 0.028012 0.020143 0.0094759 0.00099706 0.016023 0.010975 -0.026609 0.11814 0.14248 0.14546 0.41685 -0.096222 0.46639 0.19979 0.00084163 0.0003478 0.0013446 0.0015274 0.003813 5.0746e-05 0.0047494 0.0022407 0.0033701 -0.0012145 0.026789 0.032845 0.053889 0.0502 0.054492 0.0502 0.00098529 -0.00016325 0.00098529 0.00033556
-0.0020089 -0.0041462 0.0088838 0.005237 0.0057864 -0.020296 0.027012 0.033107 -0.0012387 0.014614 0.056992 0.031708 -0.004072 0.0022555 0.0060403 0.0035228 -0.0072742 0.020877 0.028284 0.040366 0.18758 0.089549 0.30304 0.24794 -0.011097 0.075166 0.23229 0.27142 -0.027902 0.01598 0.037436 0.035304 -0.033705 0.027831 0.046732 0.045916 0.17454 0.074972 0.29949 0.36498 -0.19723 0.028266 0.3915 0.41097 0.02389 -0.0086636 0.045129 0.055861 -0.014515 0.0096834 0.014515 0.0096846 0.011511 0.088013 0.046145 0.088757 -0.023941 0.039424 0.034375 0.041907 0.0016233 0.0067222 0.0048191 0.0072181
0.0039209 0.0043964 0.004756 0.0065529 -0.0055247 -0.019469 0.022622 0.027982 -0.014617 -0.013268 0.030537 0.014151 0.011738 0.001282 0.012206 0.0045199 0.0064084 -0.0023946 0.024374 0.025379 0.088978 0.03189 0.29715 0.1993 0.12606 0.13348 0.37657 0.41408 0.1445 0.077525 0.14487 0.10387 -0.015972 -0.010199 0.022415 0.033201 0.18529 -0.10555 0.24396 0.17209 0.12645 -0.016199 0.31172 0.21868 0.21414 0.019716 0.21473 0.030004 -0.0066923 0.0021287 0.007341 0.0027841 -0.0049406 0.027369 0.046547 0.030737 0.13537 0.093097 0.13556 0.10975 0.00084708 0.0013844 0.0009022 0.0016702
0.0072579 -0.0021835 0.0082051 0.0036624 -0.011454 0.0115 0.032787 0.03149 -0.029642 0.0033495 0.0682 0.023677 0.017419 -0.0078787 0.01956 0.019633 0.0056877 8.8842e-05 0.026707 0.034816 0.14466 -0.13068 0.41001 0.34411 -0.047589 0.13723 0.27899 0.39942 -0.0022538 -0.028066 0.024488 0.031889 -0.022906 -0.016266 0.029883 0.036404 0.2297 0.037767 0.30726 0.33039 -0.087636 -0.13745 0.16985 0.26965 0.014765 0.030114 0.039865 0.048554 0.00258 0.0043273 0.0068724 0.0068811 0.011646 -0.003348 0.044942 0.037322 -0.0065415 -0.023623 0.061019 0.030054 -0.0016586 0.00062422 0.0034356 0.0072973
0.0013608 -0.0079908 0.0053383 0.010735 -0.00563 0.0027681 0.040252 0.051359 0.069905 -0.014128 0.079412 0.063663 0.01788 -0.023982 0.01788 0.025282 -0.018814 0.00084763 0.038744 0.064883 0.043762 -0.089318 0.33741 0.32272 0.20605 -0.011335 0.34671 0.15975 0.10613 -0.072742 0.11488 0.098286 -0.0081908 -0.0072946 0.034452 0.03432 -0.12053 -0.0064825 0.25096 0.23537 0.27176 0.015816 0.41206 0.34638 -0.019854 -0.020532 0.05559 0.037527 -0.00061313 0.0017715 0.0087233 0.0041632 -0.002549 0.040873 0.040322 0.056347 0.034838 -0.010983 0.052074 0.03314 -0.0075559 -0.0010803 0.0088442 0.0047087
-0.0047735 -0.004297 0.00613 0.0070846 0.0079311 -0.044262 0.02895 0.088003 0.018859 0.0079217 0.045838 0.042215 0.00086481 0.0035897 0.0064401 0.005261 -0.0038593 0.025363 0.011149 0.026229 -0.18745 0.16009 0.23413 0.19516 0.4133 0.017639 0.4521 0.21979 -0.038576 0.01387 0.044844 0.054224 -0.022847 0.06958 0.059748 0.078962 -0.068662 0.12876 0.21083 0.3022 0.067643 0.098381 0.19871 0.39867 -0.01593 -0.0064231 0.038324 0.061665 -0.033842 0.0022639 0.033919 0.004939 0.005557 0.017023 0.030647 0.026956 0.0080772 0.02945 0.031462 0.050454 -0.00033071 0.0022999 0.0026386 0.0034545
0.0023586 -0.0018972 0.0028979 0.0028285 0.0038968 -0.0010971 0.01867 0.016852 0.0031959 0.0093323 0.028145 0.015699 0.0054689 6.9222e-06 0.0079689 0.0025623 0.01477 0.010516 0.017936 0.016646 0.076645 -0.10898 0.21113 0.32327 0.18789 0.12414 0.29203 0.35065 0.053674 0.085355 0.054589 0.08578 0.020205 0.0091524 0.027856 0.019044 -0.068612 0.054421 0.23117 0.1781 0.3952 -0.15001 0.4457 0.25071 0.05298 -0.062827 0.053002 0.065438 -0.0017505 -0.002941 0.0039487 0.0063169 0.011729 -0.0050062 0.027003 0.017503 0.012017 0.0042775 0.027328 0.011846 0.0030634 -0.0012244 0.0064989 0.0033426
-0.0020175 0.0052859 0.0049635 0.0054775 0.021215 -0.025166 0.03347 0.037581 0.086797 -0.0017919 0.13278 0.040486 0.0042951 -0.0063276 0.0048445 0.0083982 -0.024037 -0.034693 0.040966 0.040287 0.18307 0.039149 0.25445 0.17804 0.082887 -0.1061 0.47325 0.28425 0.071357 -0.037879 0.086514 0.094384 -0.022478 0.027842 0.045791 0.047488 0.12779 -0.080457 0.26528 0.32817 -0.042081 -0.16503 0.33337 0.32917 0.082414 -0.042535 0.082798 0.053701 0.0017072 0.005218 0.0027974 0.0056889 -0.016147 0.058888 0.034115 0.065434 0.013497 0.025568 0.036641 0.041339 0.0078149 0.0094004 0.011139 0.014447
-0.0031133 -0.00041275 0.0080821 0.006149 -0.015291 -0.036494 0.031851 0.042822 0.025835 -0.037472 0.063732 0.058714 0.018272 -0.0098924 0.020309 0.014109 0.011876 0.0065003 0.062228 0.047424 0.022555 0.13606 0.30184 0.24282 0.017682 0.17416 0.34177 0.26598 0.067154 0.006191 0.092425 0.049752 0.0054305 -0.025538 0.051292 0.040391 -0.012629 -0.046126 0.37746 0.38793 0.076165 -0.13569 0.31352 0.35569 0.051603 -0.014717 0.095798 0.061812 -0.00051032 0.0075215 0.0065269 0.0092495 -0.0018445 0.0087988 0.046039 0.052228 0.0038471 -0.0033087 0.052164 0.050099 0.0058305 -0.0022445 0.011118 0.0078007
0.0028388 -0.0043156 0.0042368 0.0063348 0.030458 -0.031443 0.048259 0.031868 0.0097024 -0.018056 0.0097024 0.018264 0 0 0 0 -0.014789 -0.0070362 0.023043 0.017178 0.052294 -0.21096 0.22169 0.34099 0.30537 -0.24708 0.41936 0.36975 0.0075856 -0.0042525 0.0076214 0.005128 -0.015638 -0.0081396 0.03024 0.016763 0.094739 -0.066758 0.11589 0.10116 0.29996 0.0052279 0.37281 0.20178 0.011801 0.0013533 0.013022 0.005865 -0.00033709 7.6651e-05 0.0025009 0.0013532 0.00098764 0.016432 0.015449 0.020042 0.020793 -0.019786 0.023667 0.035183 0.0075522 -0.017949 0.0089211 0.018967
0.0070167 0.0010079 0.011852 0.0040022 -0.009032 0.0040193 0.035927 0.043769 0.0059683 -0.012515 0.068962 0.054361 0.043179 -0.0061967 0.043231 0.0065853 -0.00016452 0.0072671 0.031389 0.033371 0.070615 -0.088816 0.39962 0.3504 -0.0041433 0.046838 0.33088 0.43155 0.077949 -0.083073 0.084498 0.093798 -0.02615 -0.0083233 0.035984 0.036157 0.17458 0.016622 0.25068 0.26385 -0.092133 -0.042867 0.27739 0.22192 0.12802 0.041955 0.13797 0.11324 -0.0041039 0.0055585 0.0066862 0.0089275 -0.012771 -0.0051986 0.02708 0.038708 0.01725 -0.018151 0.052524 0.030049 0.011961 0.0034204 0.016292 0.005044
-0.0075367 -0.0052863 0.019025 0.0088739 -0.037692 -0.016752 0.045698 0.043585 0.023328 0.017909 0.034704 0.044573 0.00093008 0.00030899 0.0065694 0.004154 -0.060311 0.0004189 0.11426 0.087767 -0.098256 0.078906 0.3453 0.34175 0.20022 0.075352 0.29241 0.3221 -0.042562 0.02817 0.051628 0.037097 0.010896 -0.0049058 0.0418 0.026737 -0.22832 0.026115 0.25294 0.25368 0.20697 -0.015505 0.38579 0.27085 -0.020341 -0.044092 0.030608 0.052445 8.2281e-05 -0.004215 0.0028086 0.0075929 -0.017422 -0.033246 0.044146 0.049551 -0.0030141 -0.049482 0.036127 0.083086 0.0035873 -0.0031837 0.0040347 0.0053802
-0.0045814 -0.009456 0.0065826 0.012893 -0.0043855 -0.024957 0.048074 0.044876 -0.020751 -0.040134 0.054151 0.049205 -0.0020283 -0.0034824 0.0057855 0.0070202 -0.036722 0.0035263 0.047259 0.030355 0.16107 -0.036481 0.32414 0.27049 -0.10869 0.10536 0.32352 0.29855 0.037614 0.0018952 0.047386 0.051633 -0.040385 -0.015689 0.046941 0.051311 0.13647 -0.0904 0.26832 0.25992 0.035835 5.7285e-05 0.31952 0.50133 -0.020866 0.010956 0.07121 0.057785 0.0025121 0.0029359 0.0048147 0.0062105 -0.020859 0.010487 0.026682 0.054223 0.035854 -0.038124 0.078664 0.063474 -0.0041249 0.0026056 0.0084975 0.00974
-0.034128 -0.010104 0.034135 0.011984 -0.00024162 0.011309 0.055934 0.062903 -0.019235 -0.015976 0.032188 0.04175 0.0097995 -0.0026215 0.010323 0.0076448 -0.079855 -0.053567 0.08372 0.075732 -0.027984 -0.21875 0.27821 0.33292 -0.0031182 0.0064445 0.30541 0.27172 0.028695 0.006758 0.05583 0.04434 -0.026003 0.0058425 0.058853 0.042062 -0.20972 0.13315 0.31659 0.40594 0.20403 -0.029422 0.35341 0.21701 0.019829 0.0014775 0.043115 0.021711 -0.0022464 -0.005592 0.004361 0.0066678 0.0023408 -0.0038046 0.026766 0.027394 -0.0081107 0.006846 0.044563 0.030421 0.0037879 -0.0013613 0.0062069 0.0041823
-0.0010843 0.0042236 0.0024697 0.0065175 0.019611 0.027192 0.0208 0.032608 0.0041362 0.013329 0.020883 0.02004 0.00758 0.00080029 0.012393 0.0059948 -0.030397 0.0050327 0.042048 0.031873 0.13221 -0.051182 0.14487 0.13775 0.23851 0.069462 0.47054 0.24229 0.040497 0.068243 0.041409 0.068851 -0.0087482 5.7487e-05 0.032098 0.022163 0.019939 -0.098048 0.19606 0.21877 0.27767 -0.17961 0.42151 0.41304 0.084743 -0.038312 0.085214 0.038966 -0.0011598 -0.0017624 0.0025263 0.005048 0.012145 -0.010403 0.031168 0.021407 0.0097093 -0.016454 0.026612 0.027818 0.022162 -0.0059676 0.022511 0.008632
-0.00047266 -0.0053753 0.0035358 0.0054318 0.014346 -0.0001925 0.044792 0.027611 0.016951 -0.029709 0.034722 0.053573 0.00055654 -0.0012889 0.0043607 0.0068904 -0.040132 0.0041892 0.044803 0.054394 -0.11372 -0.090816 0.36817 0.45742 0.24549 -0.081706 0.27496 0.17498 -0.028886 -0.014112 0.061248 0.028285 0.012043 0.016123 0.042181 0.040781 -0.17486 0.12394 0.29656 0.29914 0.12774 -0.006613 0.27811 0.32421 -0.0017228 -0.01224 0.0545 0.036841 0.0045326 -0.0047445 0.0054051 0.0079611 -0.023334 0.0056193 0.068733 0.053945 -0.00045597 -0.002659 0.030817 0.021267 -0.00080184 0.0044366 0.0026293 0.0058048
-1.7392e-05 -0.0051705 0.0044755 0.010077 0.00040663 -0.031171 0.041733 0.042214 -0.032214 0.043834 0.052141 0.08317 0.0017213 -0.00021471 0.0029833 0.0071355 0.0072957 0.014448 0.025924 0.032694 0.047152 -0.039641 0.44096 0.24596 -0.016626 0.050462 0.24049 0.38866 -0.02061 0.044571 0.052406 0.061249 -0.00068648 -0.03887 0.031218 0.063855 0.097086 -0.13974 0.47044 0.2622 0.17248 0.00063775 0.21846 0.28466 0.022106 0.0045093 0.052173 0.07121 0.0017653 0.0024785 0.0032693 0.0050063 0.012808 0.035 0.027755 0.050928 0.0010372 -0.022722 0.045817 0.03655 0.0069659 -0.0046116 0.0090336 0.0065481
-0.00091027 -0.00043039 0.0033908 0.0036294 0.012714 0.0044411 0.026912 0.035733 -0.013235 -0.0063514 0.035727 0.036547 0.010928 -0.0065425 0.010935 0.010068 -0.0073713 0.0014847 0.025565 0.019901 0.0081375 -0.096159 0.15809 0.19314 0.17482 0.14641 0.30715 0.25907 0.034149 0.094526 0.06316 0.098681 -0.0099954 0.0045314 0.023416 0.020061 -0.054724 0.087889 0.18305 0.1944 0.48688 0.013564 0.48831 0.26932 0.010968 -0.0033601 0.01119 0.0097094 0.0019207 0.0039988 0.0054031 0.0071393 0.020306 0.063839 0.04447 0.070219 0.064977 0.12816 0.065888 0.12823 -9.2011e-05 0.00036601 0.0002951 0.00094211
-0.00062165 0.0010843 0.0039747 0.0062949 -0.00023636 0.037509 0.048446 0.077803 0.026354 -0.014562 0.040284 0.035453 -0.00078103 0.0032146 0.0047285 0.0049187 -0.001516 -0.015806 0.018838 0.018974 0.12111 -0.042496 0.26463 0.30859 0.18525 -0.0085611 0.28967 0.3027 -0.032117 0.019936 0.066975 0.073427 0.030986 0.0024577 0.056392 0.056179 -0.10778 0.03691 0.28827 0.35514 0.28128 0.0036517 0.39907 0.28203 0.066544 0.045058 0.092379 0.086181 -0.00055502 0.0059991 0.0085452 0.0070219 0.023121 0.011959 0.04028 0.042218 0.032937 0.02998 0.050897 0.047027 0.026566 0.0042938 0.026566 0.0074643
0.00061376 0.0040579 0.0064222 0.0079907 0.031545 0.035031 0.054577 0.062388 -0.0019854 0.0097235 0.063748 0.095742 0.02342 -0.017072 0.02342 0.017413 -0.023944 -0.022627 0.033694 0.047485 0.066353 -0.0072699 0.31364 0.231 0.05786 -0.058077 0.39802 0.39228 0.0049489 -0.028842 0.059778 0.077156 0.002987 0.010803 0.062384 0.033697 -0.14007 -0.044005 0.35074 0.26002 0.18387 -0.034609 0.32517 0.30329 0.012558 0.018732 0.07239 0.034696 0.0034997 0.032561 0.013537 0.032635 -0.041026 0.082213 0.075048 0.093018 -0.01727 -0.0020663 0.042745 0.036265 0.0067078 -0.005676 0.007339 0.0075594
-0.00019592 -0.0047149 0.001969 0.0048539 0.015226 0.0087855 0.040394 0.033327 0.015727 -0.0094862 0.042047 0.025322 0.0021868 0.0018713 0.0066931 0.0059958 -0.041262 0.0027737 0.047194 0.059856 -0.096279 -0.026352 0.34494 0.34628 0.23467 -0.15886 0.26788 0.20666 -0.01696 -0.026747 0.044465 0.028939 0.0088375 0.017687 0.045628 0.041395 -0.1794 0.046964 0.32387 0.31542 0.17363 0.053497 0.32659 0.37862 -0.02154 -0.0032653 0.070338 0.036357 0.0022609 -0.0047736 0.0069446 0.0080471 -0.024407 -0.0065269 0.053522 0.031941 0.0022907 -0.013917 0.024653 0.028988 -0.0012272 0.001707 0.0042427 0.0059075
-0.0028679 0.00059798 0.0029022 0.0024373 0.011229 0.0155 0.03949 0.032877 0.0034936 0.015312 0.019018 0.053887 0.0028052 0.00096535 0.0054521 0.012559 -0.019758 0.018239 0.024601 0.027112 -0.067954 -0.01776 0.17938 0.21003 0.3429 -0.073359 0.39767 0.30433 -0.024891 -0.017086 0.039449 0.068671 -0.022104 0.012668 0.047078 0.051616 -0.097259 0.21106 0.17696 0.26328 0.066361 0.12878 0.41441 0.40418 0.021071 0.00067613 0.054282 0.03771 0.0093422 0.0044632 0.010211 0.0094362 0.0014338 0.032257 0.028149 0.043805 -0.025298 0.02772 0.03687 0.033944 -0.0035253 -0.00045669 0.0039516 0.0031937
