-7.722e-05 -0.00015864 0.00012347 0.00023409 0.050195 -0.00043951 0.050667 0.0048947 0.026136 0.0016566 0.026142 0.006043 -5.1122e-05 -2.17e-05 5.9291e-05 7.396e-05 -0.00040527 2.1058e-05 0.00069794 0.0001172 0.46179 0.12413 0.46493 0.1276 0.040841 0.0081864 0.041712 0.015827 -0.00018082 1.0953e-05 0.00024741 0.00020975 -0.00021005 -9.6376e-06 0.00021005 0.00021005 0.19334 -0.19366 0.19644 0.24341 0.16588 -0.38586 0.16615 0.38612 0.0094064 -0.036299 0.010556 0.036299 0 0 0 0 0 0 0 0 -0.00022696 1.2633e-05 0.00022696 0.00018804 0.00076149 -0.0015067 0.00077085 0.0015941
0.0055806 0.0031496 0.0062502 0.0059433 -0.01428 -0.0070824 0.031734 0.018953 0.064959 -0.015038 0.065677 0.015466 0 0 0 0 -0.032184 -0.0034989 0.058434 0.035039 -0.15063 0.16889 0.32296 0.23138 0.45727 -0.06224 0.45835 0.083675 0.00011778 2.1391e-05 0.00011778 0.00011778 -0.0022336 0.029069 0.011591 0.039875 -0.045471 0.23781 0.2532 0.30538 0.14779 0.20141 0.1502 0.20231 -0.00023085 1.0592e-05 0.00023085 0.00023085 6.5625e-05 0.00020709 6.5625e-05 0.00020709 0.0005158 0.00037632 0.0005158 0.00037632 0 0 0 0 -1.2325e-07 -1.2325e-07 1.2325e-07 1.2325e-07
0.012188 -0.0017547 0.012236 0.0017843 0.0099725 -0.0025072 0.0099725 0.0025072 -0.00026304 0.00014628 0.00037139 0.00029676 6.6281e-05 6.0253e-05 0.00011033 9.5778e-05 0.013356 -0.0045818 0.01375 0.0051876 0.099058 -0.41842 0.10369 0.42254 0.19943 -0.20724 0.20036 0.21351 -0.0042454 -0.0013658 0.0042454 0.0015471 0 0 0 0 0.00049446 0.00049446 0.00049446 0.00049446 0.46364 0.096236 0.46364 0.096486 -0.014787 -0.0030662 0.01567 0.0055562 0 0 0 0 0.013522 0.0047095 0.013522 0.0047095 0.058261 0.0091756 0.058284 0.0092453 -0.002818 -0.00042598 0.0029451 0.00083765
-2.8709e-05 -2.8709e-05 2.8709e-05 2.8709e-05 0.071854 0.0089542 0.072244 0.0095297 0.0052962 0.001099 0.0052962 0.0012828 0 0 0 0 -0.00015648 6.5604e-05 0.00015648 6.5604e-05 0.46581 0.070419 0.46923 0.071854 0.033629 -0.029953 0.042259 0.037173 0.00017942 -0.00040706 0.00017942 0.00040706 -0.00036263 -5.5203e-05 0.00055109 0.00034342 0.20806 -0.21752 0.2101 0.21952 0.13092 -0.38831 0.14652 0.40059 0.017071 -0.041918 0.017071 0.041918 -5.3388e-07 8.2539e-06 4.2776e-06 1.6278e-05 0 0 0 0 0 0 0 0 0.0018019 -0.00092757 0.0020173 0.0017235
-1.4877e-05 -0.00058288 3.5456e-05 0.00058288 0.00017919 -0.0031884 0.00052449 0.0033333 0.00034132 -0.0010795 0.0009507 0.0011908 1.0074e-06 4.5027e-06 1.0074e-06 4.5027e-06 -0.001893 -0.053033 0.0070145 0.053607 0.078596 -0.38282 0.086728 0.39033 0.24745 -0.18648 0.24907 0.19231 0.00078284 -3.3396e-05 0.0012328 0.00044278 0.00019301 0.00012091 0.00033816 0.00013355 0.013654 0.011006 0.022394 0.014698 0.4745 0.11406 0.475 0.11575 4.5755e-05 4.4991e-05 0.00018005 0.00017283 0 0 0 0 0.052779 0.025873 0.053147 0.031965 0.020346 0.010555 0.020346 0.012158 -4.5524e-05 1.7433e-06 4.9414e-05 3.1601e-05
-0.0022133 0.0029162 0.0030814 0.0036445 0.021498 -0.01336 0.046627 0.025108 0.02162 0.0069477 0.029359 0.019376 0.00020812 -4.8771e-05 0.00020812 4.8771e-05 -0.034802 0.015224 0.04876 0.027253 -0.038836 0.057643 0.45758 0.26815 0.23714 -0.083746 0.29539 0.18062 0.00083925 0.00037666 0.0012261 0.00079807 -0.016292 -0.012142 0.046242 0.037005 -0.062082 -0.050178 0.36391 0.40315 0.2537 0.03815 0.30742 0.20642 0.00067286 -9.1571e-05 0.0011154 0.00053328 -0.0032332 -0.0046318 0.0043061 0.0060154 -0.010483 -0.0073656 0.03995 0.040483 0.03324 -0.017853 0.0807 0.036723 0.00024632 1.9537e-05 0.00024876 5.6046e-05
1.9183e-05 -0.00010454 4.9131e-05 0.00018834 -0.00033112 5.0961e-05 0.00045081 0.0012663 -0.0023547 0.0028834 0.0027795 0.0040943 -0.00048938 0.001693 0.00055126 0.001693 0.020977 -0.014386 0.027694 0.035912 -0.086328 -0.33369 0.12294 0.37182 0.18254 -0.19692 0.18956 0.20274 -0.0011532 0.0014459 0.001323 0.0015211 0.027459 -0.0022398 0.050878 0.030626 -0.14085 -0.026415 0.38108 0.31048 0.35614 0.061252 0.38782 0.10474 6.3787e-05 0.00055572 0.00087031 0.00068733 -0.00099155 0.0017626 0.0062972 0.0059741 -0.034795 0.018698 0.070379 0.030329 0.069509 0.011502 0.070129 0.011814 -4.3963e-05 9.2179e-05 0.00020269 0.00012545
0 0 0 0 0 0 0 0 0 0 0 0 2.6147e-05 5.5596e-05 6.0463e-05 7.3832e-05 0 0 0 0 0.19703 0.19998 0.19857 0.20761 0.11677 0.40152 0.11852 0.40363 0.016559 0.043532 0.016559 0.043768 5.1361e-06 2.9063e-05 0.00032253 0.00065597 0.47717 -0.097999 0.47717 0.097999 0.0064469 0.0082994 0.016949 0.013127 0.0026399 0.00085079 0.0026399 0.0019211 0 0 0 0 0.054947 -0.010507 0.055039 0.010537 0.020049 -0.0074775 0.022493 0.0082531 0.00037054 0.00017384 0.00037054 0.00022299
2.8275e-06 9.4336e-07 2.8275e-06 1.1774e-06 0 0 0 0 -1.5651e-06 -2.2572e-06 8.5871e-05 4.2153e-05 1.6453e-06 -5.6955e-06 5.2248e-06 5.6955e-06 0 0 0 0 0.20065 0.18077 0.202 0.22055 0.11072 0.39445 0.12535 0.4073 0.01631 0.0488 0.016914 0.049218 0 0 0 0 0.47131 -0.097319 0.47205 0.10784 0.02135 0.0039757 0.083816 0.046332 0.0021505 -0.0003255 0.0023947 0.0019289 -4.5585e-05 -1.2249e-05 4.5585e-05 4.5585e-05 0.05473 -0.0037384 0.054863 0.004197 0.022706 -0.0017303 0.022706 0.0033939 0.00014282 6.3166e-05 0.00019297 0.00012369
-0.0044471 -0.003199 0.0059152 0.0049438 -0.0089058 -0.01931 0.030054 0.041035 0.046729 -0.0074588 0.047605 0.010227 -1.3056e-05 -3.3664e-06 3.9309e-05 2.3905e-05 -0.032027 0.0022675 0.037381 0.054529 -0.10486 0.025783 0.28697 0.24376 0.44416 -0.063202 0.44768 0.078393 -7.5052e-06 -7.5052e-06 7.5052e-06 7.5052e-06 0.010677 0.022312 0.04087 0.047777 -0.13107 0.28806 0.23714 0.29587 0.26045 0.12782 0.26144 0.15675 -2.1857e-05 6.8468e-06 2.1857e-05 6.8468e-06 -6.5325e-05 7.6303e-05 0.00012246 0.00016505 0.00017119 0.00029081 0.00026813 0.0013826 -0.00022875 -0.0010026 0.00025718 0.0010026 -3.2057e-05 -0.00028124 5.9295e-05 0.00028124
-5.8046e-05 -0.0032137 0.004179 0.0066115 -0.020722 -0.034582 0.024033 0.039366 0.04432 -0.009656 0.044641 0.011415 -0.00024475 0.00025687 0.0004208 0.00029231 0.02088 -0.0083365 0.037074 0.032946 -0.1898 -0.11987 0.377 0.29099 0.36473 -0.056454 0.36693 0.077969 -0.001008 -8.9277e-05 0.0010401 0.00058333 -0.0018915 0.023188 0.034249 0.065614 0.047875 0.30896 0.11497 0.36769 0.14807 0.12413 0.28453 0.16765 -0.002627 -0.0021681 0.002627 0.0029418 -0.0054771 -0.003035 0.0054876 0.0036371 -0.008937 -0.081483 0.008937 0.081812 -0.013273 -0.10391 0.013341 0.10396 -0.0022455 -0.019229 0.0022572 0.01926
-0.0014195 -0.0098599 0.0025794 0.0098681 0.013859 -0.10281 0.016992 0.10304 0.0068525 -0.068504 0.0072719 0.068958 0.00039193 -0.0045659 0.00065682 0.0047712 -0.020671 -0.017169 0.041206 0.060585 -0.033171 0.051065 0.31332 0.41397 0.13895 -0.027729 0.3606 0.36813 -0.027012 -0.0016047 0.050312 0.016747 -0.015936 0.018911 0.051049 0.056125 -0.012984 0.019412 0.41636 0.16448 0.1321 0.039698 0.34554 0.20495 2.0779e-05 0.008476 0.030015 0.017894 0.0016109 -0.00088163 0.0063557 0.0064171 -0.018413 0.013539 0.048073 0.023083 0.033355 -0.0055692 0.061459 0.050801 -0.00038253 -4.9266e-05 0.0038381 0.0042244
0 0 0 0 0.048157 0.011333 0.04867 0.011482 0.026897 0.0074824 0.032034 0.010114 -0.00077352 0.00022125 0.0013084 0.00076342 -0.00035708 3.9884e-05 0.00035708 0.00017677 0.4672 0.099684 0.47123 0.12028 0.031183 -0.013275 0.061693 0.026141 -0.0053468 0.0036822 0.0068622 0.0040414 -8.1603e-06 -5.4117e-05 0.00056624 0.00056624 0.16763 -0.18364 0.17174 0.23302 0.12691 -0.4109 0.12845 0.41253 0.012522 -0.049109 0.015764 0.050934 0 0 0 0 0 0 0 0 -3.456e-05 0.00054138 0.00031899 0.00054138 -4.5644e-05 2.463e-05 0.00014777 5.3241e-05
-0.0044693 0.0017601 0.0044781 0.0026504 -0.020348 0.11096 0.020466 0.11336 -0.017587 0.14452 0.017731 0.14455 -0.0018565 0.020171 0.0018719 0.020181 0.021513 -0.025431 0.030218 0.038653 -0.076582 -0.23842 0.19496 0.26877 0.17469 -0.12067 0.18901 0.18509 -0.0036262 0.0096977 0.0040868 0.0096977 0.012178 -0.0068209 0.036671 0.022944 -0.2151 -0.040576 0.41268 0.24958 0.40699 0.047287 0.40884 0.071957 -0.00095172 0.0002716 0.0015593 0.00096909 0.000657 0.0038585 0.0031584 0.0091217 -0.023426 0.044282 0.040187 0.053045 0.066919 0.0091565 0.067058 0.0091732 -0.00025785 -0.00012839 0.00033062 0.00026685
0 0 0 0 0.042604 0.0053781 0.043053 0.0056699 0.012171 0.010951 0.050995 0.017172 0.0052649 0.0035993 0.00569 0.0044045 0.00025098 0.0001242 0.00025098 0.00039965 0.48227 0.13062 0.48515 0.13385 -0.032419 0.017714 0.10998 0.029037 -0.0042891 0.0023863 0.0091184 0.0049117 0.00032619 -0.00013744 0.00032619 0.00066129 0.46363 -0.09503 0.46584 0.099387 0.0083143 0.02586 0.10638 0.061752 0.00099228 0.0040581 0.0030785 0.00672 9.0136e-05 -2.3718e-05 9.0136e-05 6.2639e-05 0.064005 -0.011972 0.064463 0.012628 0.0074973 -0.0076805 0.0092147 0.0086175 9.886e-05 -0.00017054 0.00076142 0.00046636
-0.0037763 0.0007032 0.0044394 0.005021 -0.015761 -0.001771 0.03489 0.031689 0.053027 0.023119 0.066177 0.031065 0.00013302 7.9361e-05 0.00013575 8.6931e-05 -0.023512 0.01778 0.041166 0.029803 -0.10446 -0.064109 0.28008 0.27936 0.34123 -0.054843 0.34446 0.10832 0.0006977 1.9848e-05 0.0006977 0.00026245 0.015489 -0.0067051 0.022348 0.060941 -0.088036 0.31151 0.16581 0.50971 0.20013 0.1504 0.20013 0.25433 0.00011794 0.00011794 0.00011794 0.00011794 0 0 0 0 0 0 0 0 0 0 0 0 -1.9673e-05 -2.0884e-05 3.2391e-05 2.9282e-05
0.0010965 0.00059766 0.0089885 0.0044852 -0.0062938 -0.0093188 0.028707 0.021846 0.028848 0.001247 0.063513 0.036083 -0.00037739 -0.0013212 0.0020835 0.0030029 -0.0086698 0.004128 0.030947 0.054336 0.081179 0.02252 0.42278 0.27431 0.031625 0.096567 0.32222 0.31763 -0.024304 -0.028555 0.079159 0.050789 0.0043128 0.017876 0.037799 0.0348 0.027353 -0.021454 0.30711 0.32003 -0.039587 -0.16704 0.37237 0.33709 0.0063313 0.012371 0.060254 0.061828 0.00064037 -0.0084766 0.010276 0.01028 0.0021685 -0.006412 0.032484 0.064977 -0.0022327 0.0016514 0.066457 0.036961 0.0022996 -0.0036935 0.0050538 0.011824
-0.0055201 0.0011618 0.0063184 0.0032192 0.026087 -0.013975 0.062875 0.028056 0.012126 0.0026627 0.023483 0.020378 0.0039491 0.0005444 0.0047772 0.00080219 -0.023746 0.0037002 0.043759 0.014482 0.0341 0.0029123 0.34875 0.37389 0.10889 -0.11978 0.21201 0.24333 0.030107 0.0064341 0.03101 0.0091004 0.01852 0.0054624 0.077584 0.052355 -0.1463 -0.021664 0.35356 0.44059 0.25487 0.053798 0.36673 0.1843 0.0013269 0.00065632 0.0015802 0.0014665 0.0014161 0.0017067 0.015196 0.0053166 0.0093422 -0.02999 0.042034 0.045852 0.018533 0.00033646 0.050764 0.031693 0.00015516 -0.00011011 0.00018426 0.00015228
-0.0010839 -0.0025058 0.0029711 0.0034248 -0.047219 -0.013041 0.05551 0.053058 0.073635 -0.0064164 0.073635 0.010313 0 0 0 0 0.013913 -0.010414 0.034886 0.029985 -0.075396 -0.041146 0.24518 0.31759 0.33749 -0.027638 0.33749 0.088018 0 0 0 0 -0.016552 0.00052982 0.03231 0.060335 -0.079097 0.11563 0.31607 0.37113 0.3453 0.021926 0.40285 0.13764 0 0 0 0 -0.0027094 -0.0013172 0.010984 0.0045327 0.030391 -0.016773 0.044293 0.048323 0.015259 0.014343 0.063858 0.015937 0 0 0 0
0.0046716 -0.0022513 0.0078617 0.0043349 -0.013789 -0.0027577 0.027175 0.043445 0.02403 0.016477 0.05984 0.050268 0.000256 0.00012827 0.000256 0.00016695 -0.011243 0.0015322 0.041554 0.020188 -0.068074 -0.039726 0.37613 0.19037 0.21576 -0.09898 0.37427 0.25346 0.00031071 -0.00010871 0.00031071 0.00031071 -0.010276 -0.00022578 0.042866 0.065311 -0.024894 -0.0053658 0.33606 0.34352 0.1747 0.10318 0.39795 0.30712 0.0012642 4.4646e-05 0.0012642 0.00031071 -0.0032895 0.0054207 0.0040394 0.0089331 -0.0015923 0.054333 0.017827 0.061768 0.03232 0.02625 0.036091 0.036472 0 0 0 0
-0.0019257 -0.00051711 0.0077413 0.0058759 0.0088171 -0.0097905 0.039085 0.024811 0.035243 0.0034366 0.036253 0.010014 -0.00032552 0.00014813 0.0003953 0.00019436 -0.045224 0.0047127 0.057869 0.030427 0.012862 -0.057042 0.35216 0.39998 0.29695 -0.060336 0.38401 0.12313 -0.00034881 0.00019106 0.00043288 0.00019106 -0.0010409 0.028127 0.018682 0.047311 0.0055318 0.35359 0.089464 0.47956 0.13749 0.14534 0.13836 0.14534 0 0 0 0 5.4219e-05 -0.00044012 0.00016233 0.00055337 0.00031658 -0.00037255 0.00031658 0.00037255 0 0 0 0 -2.9824e-07 -2.9824e-07 2.9824e-07 2.9824e-07
-0.0049557 0.002294 0.0091428 0.0068188 -0.0081651 0.0024018 0.031604 0.048794 0.038301 -0.012056 0.059329 0.023156 9.9251e-05 1.5055e-05 0.00017606 5.5878e-05 0.030232 -0.0047759 0.04155 0.039811 -0.22617 0.0026576 0.37211 0.23329 0.37369 -0.0018793 0.37369 0.1618 0.00036307 9.0161e-05 0.00045509 0.00024255 0.0059491 0.014153 0.024559 0.059088 -0.071539 0.24318 0.16872 0.44479 0.18216 0.18453 0.18326 0.20308 -2.835e-05 1.8398e-06 2.835e-05 1.3441e-05 5.0162e-06 -1.6236e-05 7.3526e-06 1.6236e-05 1.3538e-06 -7.4542e-06 7.4542e-06 7.4542e-06 -3.0502e-06 -3.0502e-06 3.0502e-06 3.0502e-06 -0.00010362 -0.0001036 0.00019279 0.00016504
-0.00068238 0.00082327 0.0045865 0.0050846 0.020228 0.017249 0.057798 0.033765 -0.0080503 -0.010232 0.025222 0.021494 3.9783e-05 0.00046757 0.0074712 0.0032535 0.0039351 0.011847 0.053405 0.035601 -0.078283 -0.064579 0.39373 0.25825 0.098638 -0.044374 0.30219 0.332 0.024613 0.017841 0.037409 0.024129 -0.012303 -0.024974 0.037662 0.046964 -0.15745 -0.020019 0.35911 0.29141 0.23815 -0.013626 0.30449 0.35649 -0.02519 -0.029809 0.027784 0.078409 -0.0054119 -0.00040986 0.0075841 0.0033917 0.0081494 -0.017464 0.047288 0.062109 0.0040563 -0.0048487 0.051128 0.055595 -0.002851 -0.0022346 0.0036133 0.0065466
0.0021955 0.0026792 0.0069656 0.0058828 0.029338 -0.0030151 0.071307 0.027506 -0.017201 0.032943 0.050667 0.046904 0.0017508 -0.0054162 0.0037427 0.0078576 0.0031668 -0.03472 0.022423 0.050511 -0.027578 -0.11453 0.27299 0.4258 0.038801 -0.1028 0.29749 0.32527 -0.017434 0.019568 0.060106 0.061119 0.013067 0.0015912 0.034709 0.041099 -0.12587 -0.065035 0.25006 0.29191 0.20376 -0.10502 0.42423 0.27316 0.022329 -0.018229 0.051349 0.065541 -0.0068669 0.010185 0.007859 0.011607 0.0056418 0.02979 0.035336 0.060874 0.0037573 -0.006608 0.047331 0.06205 -0.0062628 -0.0052738 0.01496 0.010701
-0.0047151 -0.0040871 0.0053413 0.0061869 -0.02704 -0.019714 0.055902 0.048992 0.037393 0.00067065 0.075148 0.017572 0.00027222 3.576e-07 0.00030107 0.00017347 -0.025979 -0.019265 0.033286 0.04313 0.031274 -0.16042 0.10934 0.25996 0.26852 0.001151 0.39009 0.18934 -0.00016376 0.0002019 0.00085558 0.0011341 0.001025 0.0034248 0.023337 0.05558 -0.10338 0.072752 0.29946 0.30119 0.43181 -0.0093266 0.45675 0.065372 -0.00034048 4.2477e-05 0.00034048 0.00034048 -0.0022796 0.0040539 0.0040336 0.0047334 -0.033947 0.027955 0.047564 0.044003 0.066899 0.015175 0.070048 0.015528 0 0 0 0
0.012015 -0.0029991 0.0144 0.0073185 -0.009458 0.018203 0.055966 0.040728 0.014984 -0.015878 0.056473 0.035233 0.002907 0.0020141 0.0072226 0.0032869 0.003562 -0.0024441 0.069348 0.039403 -0.043699 -0.0021446 0.27856 0.23314 0.19823 0.0083171 0.47825 0.22037 0.0025773 0.0023197 0.022024 0.031477 -0.0038638 0.013921 0.035594 0.062761 0.033732 0.046352 0.42644 0.26103 0.087818 0.034142 0.36945 0.32195 -0.026321 -0.039816 0.070451 0.06268 0.0015823 0.0034465 0.0050556 0.0066002 0.0032041 0.0030056 0.050043 0.053753 -0.0091523 -0.021611 0.058403 0.049768 0.0014514 0.0042226 0.0092084 0.0090998
-0.00043007 0.0017749 0.005678 0.0050913 0.0046384 -0.001445 0.066783 0.041875 0.033099 -0.0084955 0.033099 0.010196 -0.0022129 0.00024351 0.0022129 0.00030423 0.019119 0.00465 0.046878 0.04467 -0.10747 -0.038945 0.32038 0.37488 0.32928 -0.054976 0.35592 0.13964 -0.012587 6.1808e-05 0.012587 0.00059946 0.0083362 -0.0091704 0.054485 0.038141 -0.13441 0.014808 0.25092 0.20454 0.39173 0.043548 0.40505 0.11639 -0.005355 0.0022511 0.00537 0.0022973 0.0018546 -0.0014893 0.0050101 0.0093618 -0.012185 0.041731 0.039021 0.069237 0.03978 0.0073391 0.039821 0.018095 -2.381e-05 -5.0425e-06 5.9694e-05 8.8828e-06
0.0014096 -0.0010609 0.010734 0.0047687 -0.0081841 -0.02991 0.072979 0.056229 0.04798 -0.031923 0.048261 0.032244 0.00019594 -0.00017875 0.00019917 0.00019862 -0.0089301 -0.012892 0.02043 0.056975 -0.042107 0.019418 0.28726 0.27989 0.25423 -0.029767 0.47414 0.16954 0.00064971 0.00015882 0.00064971 0.0011711 -0.0081994 0.025613 0.024986 0.03249 -0.14988 0.080651 0.35395 0.23994 0.3198 0.021759 0.37496 0.17557 0.0038932 -0.0020694 0.0045483 0.0023803 0.0013236 -0.00062045 0.0030269 0.0029354 -0.025205 -0.010981 0.030277 0.058425 0.017245 -0.0083446 0.034388 0.050838 0.0049621 -0.0014351 0.0049621 0.0022206
0.00084085 -0.00079218 0.0063697 0.0038699 0.022873 -0.034174 0.04437 0.048336 -0.009496 -0.026219 0.030471 0.040197 0.00075553 0.00221 0.0029737 0.0054831 0.029518 0.0088845 0.067592 0.052325 0.1367 0.11872 0.5026 0.25127 -0.15965 0.1593 0.3125 0.35463 0.0030043 0.01821 0.033054 0.058616 0.0048429 0.0061821 0.065058 0.05102 0.16266 -0.072381 0.3938 0.16138 -0.0083608 -0.017298 0.31487 0.14995 -0.024413 0.0093867 0.030279 0.046719 -0.00073992 -0.004203 0.0060735 0.0066453 0.030508 -0.024408 0.046244 0.027229 -0.00019705 -0.020721 0.059224 0.026458 0.00016653 -0.0010914 0.0013174 0.0013822
0.0014557 0.0063257 0.0027736 0.0098604 -0.0061789 -0.10185 0.026119 0.12223 0.019239 -0.013289 0.030769 0.019913 -0.02119 0.0066617 0.021202 0.0066756 -0.0069179 -0.015639 0.087104 0.079407 -0.04594 0.10872 0.30911 0.27203 0.32147 -0.07159 0.3934 0.11568 -0.094542 0.01432 0.094542 0.031238 -0.037918 0.037422 0.061066 0.049625 0.051641 0.13737 0.18792 0.44411 0.16021 0.13793 0.17554 0.19694 -0.12653 -0.0216 0.12653 0.0216 -0.006163 -0.022153 0.0061752 0.022153 0.010038 -0.14775 0.060478 0.15079 0.073379 -0.048253 0.077834 0.052362 -0.025329 -0.0060216 0.025329 0.0060216
-0.0027341 -0.0037945 0.0044517 0.010697 0.0056776 -0.021386 0.044744 0.060797 0.0068783 -0.00011148 0.070698 0.014531 -0.0068547 0.0011349 0.0068547 0.0011349 -0.0098822 -0.0056769 0.032768 0.04852 -0.1935 -0.02381 0.31134 0.22101 0.30838 -0.014315 0.51532 0.13959 -0.084561 0.08575 0.099607 0.08575 -0.013618 0.027413 0.038378 0.048531 -0.063352 0.23993 0.21967 0.32039 0.27092 0.091833 0.27596 0.10891 -0.0027473 0.004238 0.0039369 0.0058586 2.3746e-05 -0.0015389 0.0006603 0.0016047 0.0022394 -0.016128 0.007181 0.016619 -0.0059715 -0.017865 0.0073825 0.018852 -0.0061792 -0.01066 0.0061792 0.01066
-0.0023923 0.0015931 0.0053247 0.002566 0.0019616 0.025395 0.041798 0.030297 0.0017273 -0.0031643 0.041947 0.031222 -0.00011449 -0.010295 0.0035101 0.012436 -0.0042068 -0.023394 0.036239 0.054032 0.14184 -0.12384 0.32537 0.27926 -0.19613 0.093995 0.32842 0.29365 0.044587 0.0092461 0.049076 0.03351 -0.022574 0.0054985 0.055402 0.031683 0.12569 -0.036972 0.3175 0.25018 0.012555 -0.16902 0.29662 0.44924 0.001836 0.00082286 0.01674 0.05813 0.0030484 0.0010582 0.0038727 0.011215 0.0091671 -0.023719 0.046648 0.04832 0.011109 0.00092943 0.080404 0.055145 -0.0061358 0.005217 0.0075402 0.0097698
-0.0031799 0.0081845 0.0049971 0.010135 -0.017258 0.010279 0.054935 0.024464 0.030194 0.015491 0.074493 0.036309 -0.0037452 0.0020403 0.0044774 0.0045384 -0.015453 -0.014836 0.039589 0.032201 0.25058 0.12769 0.41796 0.30467 -0.079727 -0.05605 0.47903 0.13902 -0.0007406 0.0017973 0.024094 0.016499 -0.03208 0.021099 0.042297 0.031309 0.072313 -0.052421 0.41895 0.30588 -0.03403 -0.090357 0.26135 0.11813 0.011538 -0.014144 0.025634 0.01954 -0.00091986 -0.00049924 0.0022233 0.0020989 -0.015449 -0.0040077 0.037467 0.024118 -0.012065 -0.0026913 0.042049 0.020485 0.00037447 -0.0021617 0.0039234 0.0024655
-0.0013787 -0.002886 0.0025567 0.002886 0.0095097 -0.037607 0.010649 0.037607 0.00051234 -0.00051234 0.00052552 0.00052552 -1.4791e-05 4.601e-05 2.0393e-05 4.8431e-05 -0.05977 -0.024723 0.05977 0.027396 0.22732 -0.019457 0.33867 0.27387 -0.11213 -0.02921 0.2722 0.43545 0.023686 -0.042376 0.025346 0.069449 0.0032835 -0.0072517 0.070486 0.043794 0.18977 -0.019598 0.37771 0.24796 -0.12885 -0.066873 0.2454 0.35128 0.0026641 0.0081516 0.026095 0.02534 0.0011972 0.00087884 0.0069883 0.006722 0.01492 -0.0012454 0.030976 0.046698 -0.01858 0.00062288 0.041422 0.050535 0.0012643 0.0027085 0.0036026 0.0059134
0.0046856 -0.00099364 0.0095761 0.0045287 -0.003956 -0.0073949 0.024199 0.015269 0.0045897 -0.0056543 0.076715 0.015115 0.0033311 -0.00094067 0.0046791 0.0025355 0.011951 -0.011669 0.032401 0.032547 -0.086907 0.051431 0.39649 0.28131 0.20808 0.010756 0.507 0.18115 -0.0023861 0.0088409 0.037135 0.025611 -0.023207 0.0099407 0.032461 0.034931 -0.0096676 0.13877 0.40337 0.21493 0.11176 0.044231 0.28604 0.25638 -0.017373 -0.030894 0.030394 0.051594 -0.0037862 0.0021971 0.0047627 0.0075734 0.0099808 -0.03197 0.048246 0.058674 -0.020427 1.894e-05 0.033001 0.04271 0.0022375 0.0020715 0.0091518 0.005774
-0.00031925 -0.0032377 0.0033727 0.004332 -0.014748 0.012334 0.024306 0.0159 0.019612 0.012665 0.058776 0.024357 -0.0018185 0.00091306 0.0046205 0.0024277 5.7505e-05 -0.016347 0.025202 0.039248 0.094481 -0.12942 0.3455 0.27807 -0.024457 0.002852 0.44321 0.22243 -0.0092165 -0.019065 0.034082 0.074432 0.0074401 0.0024817 0.033287 0.042818 0.16124 0.0017095 0.47845 0.2249 0.02317 -0.0034473 0.24335 0.35886 -0.020055 0.0026688 0.023524 0.050945 0.0018123 0.0023419 0.0042274 0.0077246 -0.0045979 -0.023153 0.054611 0.064455 -0.006778 -0.021881 0.030556 0.07586 -0.0021207 0.00040907 0.0032419 0.0053789
0.0021888 0.0034177 0.0045896 0.0054679 0.012308 -0.0065066 0.035617 0.026397 -0.038639 -0.007171 0.04705 0.030614 0.0032041 0.0019562 0.004557 0.0058816 0.0092679 0.0080052 0.049716 0.05097 0.051209 -0.2043 0.30957 0.43871 0.14869 -0.013345 0.25416 0.26856 -0.020673 0.0097719 0.02472 0.042584 -0.04142 -0.00086209 0.065252 0.024374 -0.090799 0.26108 0.26159 0.36987 0.19004 0.059559 0.36012 0.15681 0.017169 0.004645 0.027177 0.019097 -0.0074431 -0.00082256 0.010082 0.0048475 -0.0032747 0.024638 0.047358 0.028228 -0.0033614 -0.026287 0.028885 0.064609 0.00046785 -0.0042484 0.0026423 0.0057142
-0.0029851 -0.00123 0.0064593 0.0048817 0.0083366 -0.010355 0.070423 0.038926 0.0098056 -0.0038908 0.042394 0.020322 -0.0013586 0.0024794 0.0049502 0.0048696 -0.031135 0.0087248 0.058482 0.023635 0.15062 0.010628 0.41233 0.23207 0.13321 0.077099 0.30007 0.22048 -0.04964 -0.0046494 0.058049 0.013948 0.041216 0.006077 0.062884 0.033698 0.045612 0.084504 0.37857 0.28691 -0.016388 -0.22261 0.31985 0.4012 -0.019174 0.013557 0.058574 0.036921 0.00013978 -0.0034584 0.0053475 0.0099779 -0.0079917 -0.0047976 0.041368 0.038036 0.0061917 0.012594 0.06683 0.049911 -0.0013693 -0.0058954 0.0029963 0.010515
-0.0022928 -0.0015338 0.0023219 0.0015461 -0.039773 -0.0275 0.051197 0.029267 0.02118 0.05411 0.049727 0.1094 -0.0015578 -0.0022059 0.012884 0.0057751 -0.025164 -0.0083395 0.02764 0.018596 -0.14486 -0.039244 0.32363 0.36983 0.16069 -0.075165 0.32741 0.31698 -0.014259 0.014727 0.049748 0.03073 -0.0010901 -0.044206 0.073027 0.052155 -0.18484 -0.023166 0.39463 0.24558 0.23293 -0.070987 0.32312 0.16369 0.019724 -0.010172 0.073915 0.035023 -0.0032975 0.0072105 0.0068958 0.0090242 -0.0033597 -0.033794 0.042666 0.058274 0.02051 0.013725 0.034023 0.020999 0.0055778 0.00027514 0.0074475 0.0052615
0.00079734 -0.0069976 0.0059279 0.012083 -0.050829 0.023487 0.054964 0.034633 0.075227 -0.0009687 0.075283 0.0069816 -6.8907e-05 -0.0001722 0.00021446 0.0001722 -0.031007 0.0016049 0.049805 0.075682 0.0054332 -0.048982 0.44499 0.25161 0.33172 -0.0073567 0.38399 0.11866 0.00033758 -0.00038079 0.0017677 0.0014317 -0.015842 0.047345 0.027262 0.083014 -0.063772 0.15248 0.19652 0.32211 0.25894 0.06948 0.40923 0.090093 0.00050183 0.00064544 0.00062562 0.00070506 -0.00014411 -0.0031786 0.0023474 0.0052985 0.00032425 -0.030766 0.021834 0.051009 0.022254 -0.0091115 0.06621 0.013258 -6.3438e-05 -0.00028526 0.00021823 0.00041707
2.8929e-05 -0.00074003 0.00022942 0.00074003 0.00054861 -0.0033726 0.00075241 0.0033726 0.00012635 -0.00012635 0.00012635 0.00012635 0 0 0 0 -0.036192 -0.028649 0.047425 0.060996 -0.035515 -0.14091 0.31932 0.29291 0.33218 -0.070771 0.33218 0.10255 0 0 0 0 0.0038771 0.015302 0.020959 0.055179 -0.1418 0.051048 0.37321 0.33964 0.35447 0.025695 0.3591 0.064275 0.00037033 -5.2066e-05 0.00038958 0.00019773 0.0019664 0.0040308 0.0033384 0.011569 -0.01223 0.027871 0.029234 0.041301 0.035628 0.0038604 0.036532 0.0063632 -6.2705e-06 -2.7465e-05 6.225e-05 3.4335e-05
0.0082976 0.0093287 0.0099562 0.01263 0.0036766 0.0068108 0.07087 0.060814 -0.01617 0.025816 0.061202 0.042857 -0.00035414 0.0049091 0.0074068 0.012056 -0.018261 -0.032319 0.048332 0.053455 0.26919 0.041913 0.32923 0.20632 -0.02261 0.030326 0.3924 0.14369 -0.043828 0.0080056 0.06288 0.065534 -0.021189 -0.0051928 0.051919 0.031879 0.28222 -0.14873 0.36563 0.19183 0.046665 -0.14127 0.44157 0.24758 -0.018767 0.01534 0.023072 0.02844 -0.00215 0.0011057 0.003959 0.0047419 0.029974 -0.0060255 0.050298 0.024383 0.012178 -0.0024161 0.063773 0.030152 -0.0023776 -0.00081291 0.0032332 0.0024771
-0.0047461 0.00046587 0.0084102 0.0027928 -0.018821 -0.0063409 0.066018 0.047192 0.044265 -0.0078246 0.0458 0.019299 8.5481e-05 1.7169e-05 0.00012249 8.4253e-05 -0.028237 0.0082656 0.05203 0.040383 0.00333 -0.0093984 0.32216 0.32759 0.24462 -0.043053 0.24766 0.16837 0.00088317 -5.0907e-05 0.00097978 0.00020627 -0.014872 -0.022544 0.031601 0.046862 0.0015696 -0.043798 0.26421 0.33638 0.25628 0.018338 0.57116 0.16805 0.00093555 7.6815e-05 0.0012172 0.00053887 -0.0075367 0.00123 0.0088184 0.0033207 0.021085 0.021314 0.075687 0.042727 0.025154 0.024111 0.030256 0.025229 2.1617e-05 2.9067e-05 3.6216e-05 2.9301e-05
-0.0013485 0.0023014 0.0044695 0.0035511 0.048066 -0.015681 0.06697 0.044042 -0.023919 0.023463 0.032761 0.028744 0.00042 -0.0027969 0.0066915 0.010263 -0.010622 -0.0078885 0.073286 0.050905 0.25321 0.049255 0.40675 0.25404 -0.07957 -0.043141 0.1561 0.2102 -0.0044274 -0.0053275 0.027496 0.067458 0.016211 -0.00064389 0.026228 0.041284 0.27499 -0.08333 0.39614 0.34987 -0.22543 -0.030551 0.24962 0.32829 0.0035191 0.016009 0.036399 0.046465 -0.0015824 0.0062644 0.0090109 0.0087931 0.031252 0.029296 0.066841 0.054092 0.0026755 -0.0047773 0.025155 0.026626 -0.0027058 -0.004461 0.0043472 0.0067801
7.5651e-05 1.2004e-06 0.00027423 7.0294e-05 -0.040133 -0.022909 0.069171 0.032041 0.013306 -0.034298 0.03613 0.055836 0.0001477 -0.0055475 0.0073903 0.010675 -0.064376 -0.031757 0.065222 0.031979 0.059451 0.049169 0.35858 0.35213 0.042295 0.26522 0.2094 0.40411 -0.021554 0.0014924 0.063319 0.044131 -0.048303 -0.016639 0.062563 0.028363 0.18207 0.035522 0.3503 0.17161 5.4338e-06 -0.097178 0.27353 0.37756 0.0005194 0.012927 0.058468 0.045541 -0.0026154 0.012513 0.0035889 0.012522 -0.015788 0.019527 0.031208 0.0297 0.0079015 -0.0024501 0.030612 0.034061 -0.0010655 0.0002907 0.0071974 0.0028759
-0.00012887 -0.00012095 0.00019096 0.0001566 -0.020875 -0.0030016 0.044833 0.034704 0.01257 0.0032615 0.025858 0.030955 -0.0033588 -0.0025756 0.0051056 0.0042883 -0.0071674 -0.0042373 0.0077302 0.0059057 0.059717 -0.099147 0.43013 0.18781 -0.13334 0.15214 0.33798 0.38146 -0.010779 0.00084221 0.016759 0.040369 -0.067099 -0.010052 0.067099 0.026481 0.12839 0.042495 0.23468 0.16904 -0.072458 -0.23586 0.35565 0.37634 0.0056104 -0.01031 0.022558 0.022289 -0.0010439 0.0015124 0.0010439 0.0015124 -0.0027602 0.052791 0.021296 0.056714 -0.020329 0.056963 0.040977 0.064726 -6.6475e-05 0.0023357 0.0047614 0.0056214
-0.0047233 0.0045786 0.0080177 0.0062355 0.016786 0.038803 0.043026 0.058353 -0.044943 -0.0067471 0.075019 0.059307 -0.0021807 0.002935 0.005166 0.0074306 -0.035153 -0.028446 0.052884 0.044131 -0.027311 -0.17568 0.47489 0.32348 0.096526 0.048775 0.4183 0.31727 -0.030945 0.023834 0.056197 0.065214 -0.0083116 0.012359 0.023029 0.035397 -0.064578 0.00034465 0.23942 0.18753 0.14472 -0.05662 0.35324 0.21737 0.0071316 -0.0061942 0.035853 0.071786 0.0018363 -0.0043975 0.0097292 0.0089501 0.019015 0.020511 0.050148 0.046223 -0.0034259 0.016915 0.060523 0.073363 0.0059379 0.011516 0.0059379 0.011516
-0.0042333 0.0042298 0.0061763 0.0099473 0.0086631 -0.0072128 0.045273 0.05101 -0.028018 -0.012486 0.075054 0.049698 -0.0010275 0.0057332 0.007469 0.0076286 -0.052903 -0.030944 0.072506 0.048396 -0.035954 -0.17153 0.47657 0.32145 0.063434 0.043246 0.38505 0.33082 -0.015027 0.030236 0.04986 0.084299 -0.020568 0.010233 0.033197 0.032044 -0.05517 0.044521 0.27251 0.20007 0.16475 -0.021775 0.33291 0.24644 -0.0031772 -0.021637 0.038002 0.061178 -0.0036944 -0.0010562 0.009103 0.0094748 0.0051399 -0.0084483 0.046661 0.03748 0.0055333 0.0020901 0.06991 0.055288 0.0051597 0.012056 0.0051597 0.012056
0.0050886 0.0087563 0.0083763 0.013866 0.0083289 0.021258 0.087408 0.061999 -0.011068 0.025705 0.051175 0.052136 0.00016649 0.0036881 0.0070331 0.011073 -0.010211 -0.026126 0.056921 0.053358 0.24472 -0.0093269 0.35882 0.16725 -0.0026039 0.029282 0.36915 0.10681 -0.037086 0.013499 0.051527 0.059702 -0.017047 -0.0036876 0.05648 0.022427 0.22513 -0.13888 0.34201 0.17641 0.10312 -0.16062 0.52563 0.24214 -0.015575 0.0094947 0.018164 0.022284 -0.0014363 0.0018146 0.0052418 0.0060826 0.019343 -0.0013452 0.034121 0.02015 0.018679 -0.0015913 0.059454 0.030672 -0.0021847 -0.0008018 0.0027693 0.0024882
-0.0049094 -0.0088312 0.0060991 0.011397 0.035724 0.0154 0.053691 0.039832 -0.021618 0.006222 0.069305 0.018807 0.0028507 0.00075974 0.0057464 0.0067374 -0.027344 0.018879 0.051377 0.049764 0.04523 -0.10561 0.50574 0.21741 0.11351 -3.9178e-05 0.22451 0.16874 -0.015352 0.018671 0.031978 0.025548 -0.027392 -0.0030319 0.040254 0.026155 0.054686 0.0058838 0.50831 0.25441 0.22016 0.098973 0.34903 0.21819 -0.011394 -0.002568 0.038502 0.020336 -0.0045073 0.0013884 0.012775 0.0040327 0.041015 0.0042735 0.066424 0.041459 -0.0067043 -0.03099 0.030316 0.049471 0.0003349 -0.0073404 0.006641 0.0099036
-0.00076853 -0.0038842 0.004933 0.0068175 0.015847 -0.014058 0.041779 0.035398 -0.021615 -0.009571 0.039947 0.02853 0.0048168 0.0025128 0.0057739 0.0085692 -0.034643 -0.012395 0.052832 0.024644 0.14127 -0.098612 0.32804 0.24845 -0.01071 0.028696 0.27389 0.37844 0.010294 0.0091544 0.026477 0.040206 -0.016891 0.003609 0.046077 0.056634 0.036744 0.0057072 0.29934 0.22793 0.092319 -0.11088 0.5377 0.30792 0.0048959 -0.030512 0.018384 0.038299 -0.0030927 0.011977 0.004388 0.011982 -0.025361 0.029725 0.061577 0.049025 0.015903 -0.0050227 0.032245 0.049017 -0.0052832 0.0014636 0.0061106 0.0025892
0.0025831 -0.0039859 0.0038295 0.0057955 -0.0094103 -0.049378 0.04757 0.076698 0.01509 -0.056863 0.020367 0.096822 -0.0030203 -0.0027305 0.0045766 0.0087306 0.024078 -0.01985 0.048786 0.037775 -0.073784 -0.11529 0.21723 0.35966 0.00028972 0.053804 0.3313 0.38147 0.0070466 0.0077519 0.031241 0.047502 -0.0044263 0.0013763 0.030398 0.022767 0.032356 0.064167 0.2921 0.3843 0.12845 0.077282 0.34589 0.34296 0.014011 0.030623 0.022444 0.032275 0.00055017 0.0027486 0.0025184 0.0052694 0.021625 0.048757 0.035201 0.063225 0.024952 0.037209 0.026032 0.038168 0.00010321 1.1306e-05 0.00010649 9.6846e-05
0.00048589 -0.0039531 0.0043695 0.011822 -0.012503 -0.0097265 0.030556 0.034536 0.012886 -0.014841 0.043619 0.041309 -0.0086443 -0.0043097 0.012972 0.0069486 -0.019194 -0.0013611 0.056602 0.042435 0.18887 0.013734 0.37153 0.19525 -0.065975 0.094025 0.29162 0.18412 -0.044198 0.038734 0.050408 0.042317 -0.0044418 0.00052492 0.019004 0.032991 0.13527 -0.002001 0.31612 0.37268 0.00027969 -0.10927 0.45679 0.35688 -0.04326 -0.037207 0.04716 0.060398 6.3676e-05 0.0021209 0.0074303 0.0084595 0.014458 -0.043887 0.062487 0.065601 -0.020427 -0.039027 0.053367 0.068906 -0.0030317 0.0013773 0.0066009 0.0090328
0.0025208 0.00020643 0.0081657 0.0050367 5.3867e-05 -0.012362 0.04187 0.025984 0.043604 0.0020036 0.044705 0.010477 -7.5198e-07 0.00014952 0.00021207 0.00017096 -0.0038847 0.0098402 0.038375 0.036123 -0.10579 0.067075 0.34354 0.14083 0.39356 -0.032 0.39762 0.048257 0.00040434 -0.00053664 0.00078435 0.00072619 -0.024049 -0.0049459 0.037937 0.051499 -0.16821 0.064228 0.32589 0.24505 0.38085 0.030613 0.39663 0.074221 0.0013805 -0.00038493 0.0018773 0.00099079 0.00032863 0.0024869 0.002932 0.012363 0.0030449 -0.0085464 0.023346 0.039731 0.029668 -0.0071698 0.069866 0.012548 -0.0001049 -2.1633e-06 0.00011725 0.0001209
-0.00062791 0.0072235 0.008067 0.0080185 0.023174 0.05634 0.033189 0.071793 -0.025994 -0.0017304 0.039546 0.074389 0.0020882 -0.00033234 0.012671 0.006068 0.045655 -0.014162 0.075094 0.03999 -0.096314 -0.20935 0.35026 0.2386 0.077844 -0.0092983 0.49196 0.27692 0.012788 0.022849 0.039061 0.044542 0.010334 -0.010213 0.038534 0.040578 -0.012327 0.0041102 0.42937 0.21081 0.18245 -0.0075534 0.313 0.1805 -0.029585 -0.012054 0.051337 0.03405 0.0086456 0.0033647 0.010652 0.0074398 -0.022607 0.024241 0.041203 0.043699 0.0089509 -0.0010279 0.046045 0.04808 0.0051911 -0.00060438 0.0075069 0.0031205
-0.00014468 -7.1678e-05 0.001873 0.0025994 -0.010519 -0.025894 0.027702 0.039739 0.041907 -0.013803 0.042094 0.01445 -6.3438e-05 0.00015639 8.4527e-05 0.00020128 -0.032176 0.0012252 0.059881 0.022493 -0.038762 -0.032938 0.35452 0.2091 0.32804 0.022873 0.32993 0.080791 -9.237e-05 0.00047813 0.0014386 0.00077826 -0.0093979 0.0063673 0.028258 0.024512 -0.21592 0.098879 0.36741 0.20694 0.41533 -0.015841 0.42074 0.036823 -0.00013917 0.00011285 0.0022466 0.0010128 -0.0032246 -0.0039601 0.0037781 0.0070252 0.0025983 -0.0019578 0.012602 0.038637 0.037747 0.0067907 0.044138 0.015602 0.00012137 -4.3253e-05 0.00019911 6.3179e-05
0.00080225 -0.018454 0.0015933 0.018506 0.0032528 -0.089655 0.012574 0.08986 -0.00076686 -0.073125 0.010459 0.073472 0.00093273 -0.010846 0.0012558 0.010859 -0.029573 0.016671 0.072287 0.049646 0.24536 0.042838 0.41158 0.3719 -0.14595 0.11386 0.31427 0.15121 0.014927 0.0031717 0.054738 0.045803 -0.032456 -0.0012752 0.088735 0.033665 0.049378 -0.007996 0.47942 0.19397 0.15611 -0.03733 0.25207 0.21289 -0.033224 0.015408 0.04722 0.02558 0.00044241 0.00076693 0.0055987 0.0032112 0.033961 -0.011483 0.079955 0.04007 0.0022921 0.0087956 0.038886 0.047635 -0.0023333 0.00054304 0.0058288 0.0039632
0 0 0 0 0.010052 0.03335 0.011229 0.034097 0.0038144 0.096246 0.0045744 0.096887 0.00069949 0.018222 0.00071133 0.018256 0 0 0 0 0.47143 0.040906 0.47248 0.051049 0.0046704 0.063336 0.046184 0.11434 0.0038032 0.0027831 0.0060741 0.010104 -7.0244e-06 -0.00018864 7.0244e-06 0.00018864 0.49114 -0.03437 0.4957 0.037634 -0.011258 -0.015172 0.0729 0.062249 0.0066322 0.0039895 0.0066322 0.0042739 -9.208e-06 3.1678e-05 9.208e-06 4.4438e-05 0.068534 0.0058246 0.069317 0.0083633 0.0072178 0.0058663 0.0072178 0.0059965 0.0001192 2.7469e-05 0.00026118 0.00015688
-0.0035983 -0.0034414 0.0091479 0.0068058 0.044052 -0.033934 0.060407 0.063149 0.0035117 -0.0010697 0.0040787 0.0028702 -6.2371e-06 2.3891e-06 6.2371e-06 2.3891e-06 -0.030547 -0.010945 0.039961 0.028068 0.025639 -0.059182 0.52472 0.28774 0.3557 -0.075852 0.35818 0.081785 0.0011866 -1.5051e-05 0.0011866 0.00042666 -0.005998 0.027218 0.039025 0.037297 0.083866 0.07272 0.30761 0.20657 0.29234 0.034022 0.31982 0.079878 0.0002558 -0.00017115 0.0002558 0.00040512 0.0019139 -0.0034202 0.0061576 0.006506 0.02137 -0.014447 0.065679 0.023186 0.016387 -0.012013 0.035446 0.01477 0.00010833 1.0821e-05 0.00010833 4.4837e-05
0.0060233 0.00084132 0.0085947 0.0047491 -0.0079853 0.032531 0.047512 0.043304 0.0048075 0.03359 0.07793 0.051828 -0.00096597 0.001866 0.0034463 0.0051485 0.038247 -0.017453 0.042715 0.029699 0.10095 0.0018708 0.48583 0.18756 -0.181 0.12818 0.29376 0.43745 0.0070262 -0.033434 0.016904 0.042728 0.040186 -0.016989 0.044286 0.022579 0.23126 -0.13434 0.43572 0.18027 -0.076401 -0.048407 0.11649 0.16634 -0.021105 0.032286 0.03858 0.054814 0.0046314 0.0020773 0.0070889 0.0034808 0.022929 0.018666 0.060315 0.053354 -0.022306 -0.048933 0.026179 0.062021 -0.00025789 -0.0056603 0.0040222 0.0091333
-0.00081183 6.0712e-05 0.0070597 0.0015682 0.027149 -0.017074 0.043786 0.030503 0.016994 0.010777 0.068891 0.044882 -0.0048934 -0.0039308 0.0051645 0.0047109 -0.02534 -0.0048489 0.058001 0.048262 0.19881 0.013141 0.42094 0.15577 0.016323 -0.055776 0.30275 0.16282 -0.034142 -0.049883 0.03519 0.094323 0.0027967 0.036472 0.03193 0.06571 0.19304 0.20272 0.25791 0.33306 -0.16612 0.13041 0.25849 0.47472 -0.0088001 0.054787 0.018759 0.056407 -1.4293e-05 0.00029507 0.00029805 0.00050498 8.3564e-05 0.0033126 0.0021682 0.0052798 7.2312e-05 0.0024216 0.0020898 0.0060108 6.0282e-05 -1.4593e-05 0.00030505 0.000416
0 0 0 0 0.067268 0.028613 0.068534 0.028962 0.0072903 0.0062526 0.010781 0.0077989 0.00016307 -0.00010458 0.00016307 0.00010458 0.00015484 6.7333e-05 0.00015484 0.00049192 0.46949 0.0093774 0.47326 0.08806 -0.019703 -0.040914 0.081328 0.04508 0.00022184 -0.0020906 0.0040465 0.0025285 4.6282e-05 -0.00014704 4.6282e-05 0.00014704 0.43325 0.010719 0.43691 0.05349 -0.028684 -0.038344 0.3215 0.17826 0.0017496 0.0012464 0.0042114 0.0022367 5.5812e-05 7.3075e-05 5.5812e-05 7.3075e-05 0.048742 0.01299 0.06122 0.016458 0.0075771 0.0035569 0.013927 0.0051972 -0.00018818 -4.3153e-05 0.00055626 0.00020306
0.00255 -0.0033232 0.0037298 0.004 0.0042079 -0.01608 0.0050461 0.017086 0.0006149 0.00011692 0.0006149 0.0006149 0 0 0 0 0.01064 0.0042343 0.070552 0.052226 0.035659 -0.11176 0.4443 0.26446 0.00017105 -0.16067 0.25876 0.48796 0.045608 -0.0074048 0.045684 0.043119 -0.02787 0.0004801 0.067514 0.078861 0.0493 0.095023 0.29429 0.25306 -0.095082 -0.055044 0.3504 0.20789 0.064271 0.0083499 0.064423 0.014413 0.0007746 -0.0058567 0.0031645 0.010482 0.010294 -0.031163 0.054579 0.061666 -0.0039875 0.014756 0.066314 0.02307 0.00069747 0.00022352 0.0007557 0.00050087
-0.0060855 -0.0035027 0.0090554 0.0068001 0.05043 -0.0011362 0.12668 0.040518 0.01315 -0.0022681 0.01315 0.0037285 -0.00013079 3.4951e-05 0.00013079 3.5868e-05 0.013014 0.0046247 0.045697 0.044633 0.20348 0.17752 0.57022 0.29298 0.18698 0.004788 0.18698 0.023293 -0.00015888 8.5313e-05 0.00015888 0.0001287 -0.0249 0.019461 0.037996 0.043363 0.22718 -0.085612 0.43807 0.33411 0.15507 -0.035004 0.15507 0.036313 -3.1169e-05 -2.0943e-06 3.1169e-05 1.5301e-05 0.00018582 -0.0017816 0.0023698 0.008433 0.010515 0.021556 0.01331 0.038526 0.015815 0.012366 0.015815 0.012366 -1.5289e-06 -5.3876e-06 2.8587e-06 5.3876e-06
0.0011653 0.0014308 0.0044445 0.0042812 -0.012671 0.022913 0.041434 0.041292 0.012633 -0.020323 0.054954 0.032831 0.0058028 -0.0065002 0.0068755 0.010728 -0.045436 -0.0047931 0.057292 0.034274 0.12516 -0.1017 0.20233 0.2205 -0.04039 0.033342 0.42346 0.31151 0.045483 0.018195 0.057587 0.034409 -0.055229 0.026664 0.075347 0.037302 -0.085129 0.029151 0.3715 0.40408 0.15595 -0.046133 0.40477 0.20208 0.043199 -0.031421 0.069325 0.060732 -0.0021805 0.0021161 0.0022377 0.0022579 -0.024353 0.023781 0.082434 0.067371 0.0089264 0.01677 0.069097 0.047665 0.0043353 0.0014552 0.01365 0.0043379
0.0041629 -0.0078567 0.0058443 0.0087493 -0.015882 0.0072983 0.076374 0.019043 0.018568 -0.015193 0.040126 0.02769 -0.0016671 -0.0011888 0.0049969 0.0035539 0.0080624 -0.01861 0.047848 0.059545 0.19195 -0.056248 0.33578 0.27076 -0.10813 0.055334 0.37846 0.2537 -0.013024 -0.0034559 0.040005 0.030869 0.0056763 0.0044581 0.068661 0.062063 0.23369 -0.043324 0.53496 0.26194 0.020979 0.12027 0.16502 0.23412 0.012178 0.039529 0.022021 0.039639 -0.0040334 0.011327 0.0050749 0.01135 0.041472 0.064395 0.04408 0.064675 0.0014854 0.0010885 0.0021226 0.0024066 4.3303e-05 0.00011557 4.3303e-05 0.00011557
-0.00040797 -0.0052507 0.00062501 0.0053066 0.0010582 -0.02542 0.0054085 0.047097 -0.00046971 -0.029829 0.011239 0.050072 -5.6708e-05 0.0014902 0.00024621 0.0014902 -0.012727 -0.0071306 0.035931 0.021688 0.068276 -0.023897 0.2623 0.22966 -0.00050811 0.04773 0.50262 0.23179 6.7194e-05 0.0004874 0.0012086 0.00092839 -0.026283 0.0087047 0.050563 0.054014 0.077513 -0.065223 0.30068 0.31658 0.03305 -0.05537 0.45122 0.36724 0.00040755 -0.00013235 0.00071456 0.00041065 -6.9146e-06 0.0041078 0.00088667 0.0041855 0.0020069 0.038066 0.0099359 0.056005 0.0014493 0.014449 0.0063029 0.037226 -0.00016278 -0.001969 0.00021488 0.0020039
0.002693 -0.0027278 0.0058292 0.0057279 -0.0088165 -0.017734 0.091026 0.053478 0.062865 -0.0030008 0.063437 0.023403 -0.00010497 -6.0957e-05 0.00010497 6.0957e-05 -0.012128 0.035891 0.047742 0.065291 -0.048811 0.073175 0.24379 0.44619 0.28541 -0.0048622 0.36572 0.11914 -0.00073986 4.8607e-05 0.0029319 0.00094868 -0.00092456 -0.014174 0.028527 0.068405 -0.10119 0.0065856 0.27731 0.3657 0.32638 0.027513 0.33533 0.10386 -0.0010622 0.0001793 0.0010622 0.00023851 -0.0013114 -0.0069606 0.0042875 0.0085686 0.0052062 -0.066989 0.050182 0.083495 0.037989 -0.01565 0.054315 0.016264 -6.8154e-05 -3.8295e-05 0.00018727 6.0419e-05
-0.0017566 -0.01052 0.0024992 0.01052 0.0067619 -0.032979 0.013599 0.047839 -0.0035948 0.020204 0.0053489 0.024533 -0.00098735 0.0057445 0.00098735 0.0057445 -0.013833 -0.0040575 0.054554 0.023566 0.00025127 0.0050341 0.26958 0.22038 0.057061 -0.08786 0.50599 0.24493 0.0040799 0.0022967 0.0051373 0.0043024 -0.036934 0.011817 0.047917 0.069058 0.089342 -0.10344 0.30317 0.36722 0.050902 -0.057373 0.40601 0.31776 0.00054247 -0.00038621 0.0016462 0.00073587 -0.00194 0.0017362 0.0020459 0.0036542 -0.0010914 0.062582 0.013923 0.069843 0.0012045 0.056618 0.041349 0.057746 -4.4651e-05 -5.4535e-05 5.2047e-05 8.3284e-05
-0.010195 -0.0043804 0.010265 0.0044235 0.022092 0.022364 0.057375 0.039072 -0.0035002 0.022759 0.036556 0.044593 0.00034547 0.0076258 0.0058476 0.014598 -0.053926 -0.010955 0.054423 0.021226 0.13752 -0.075182 0.43014 0.17907 0.23674 -0.059435 0.30896 0.23026 0.014059 0.0014056 0.02088 0.018978 -0.042384 0.012248 0.049777 0.040753 0.11835 -0.00074067 0.50003 0.26944 0.18976 0.0030944 0.33299 0.15681 -0.015068 -0.029007 0.052641 0.041321 -0.002865 -0.0012495 0.014847 0.0060678 0.0065936 0.020252 0.044108 0.066749 0.022803 0.0069503 0.049955 0.051449 0.0015412 0.0033904 0.0039559 0.0044513
0.002806 0.00082063 0.0040841 0.0060004 -0.041271 -0.008802 0.093034 0.06831 0.013195 0.057541 0.091184 0.081597 0.00054963 -0.0076184 0.007933 0.010677 -0.046195 -0.023764 0.086274 0.043416 0.21729 0.042182 0.4156 0.18635 -0.038047 -0.051006 0.26668 0.35151 -0.082147 0.013438 0.10756 0.036726 -0.027777 0.010993 0.056524 0.036561 0.20384 -0.082043 0.40449 0.23622 -0.14738 -0.026304 0.34916 0.2096 -0.017882 -0.0073379 0.069734 0.031543 -0.0054748 -0.0016303 0.0063696 0.006429 0.010849 -0.023225 0.036499 0.044771 -0.0019832 -0.010381 0.079786 0.025693 -0.0023231 0.0019958 0.0093207 0.011708
0.0057733 0.0033727 0.0093857 0.010282 0.0089423 -0.0021723 0.04224 0.043366 -0.015733 0.051728 0.030634 0.061101 0.0039166 0.0036723 0.0067644 0.0062216 -0.049655 0.0047908 0.06316 0.061185 0.31353 0.056699 0.3841 0.37524 -0.0073185 0.037651 0.11554 0.13344 -0.033765 -0.041607 0.041481 0.065493 -0.071284 0.036282 0.071284 0.036282 0.1869 0.036502 0.33018 0.25167 -0.21017 -0.17066 0.43032 0.22886 0.007916 0.0072516 0.052394 0.033083 -7.5801e-05 7.5801e-05 7.5801e-05 7.5801e-05 -0.012883 0.0087601 0.054294 0.027561 -0.033735 -0.01746 0.065313 0.027019 0.0035819 -0.001101 0.0078019 0.0053467
0 0 0 0 0.00054494 -0.00016245 0.00091152 0.0010647 0.072014 -0.0054483 0.078983 0.0083041 -0.00017323 -0.00023649 0.0010263 0.0010318 -0.00014558 -0.00042923 0.00014558 0.00042923 -0.0013692 -0.0032141 0.0037534 0.0075007 0.47698 -0.055198 0.50656 0.080424 0.0060188 0.0046943 0.0060837 0.0046943 -7.7764e-05 0.0003459 7.7764e-05 0.0003459 0.00012175 0.0031858 0.0049705 0.0031858 0.48765 0.02686 0.48765 0.08562 0.0023601 0.00095656 0.0024009 0.0013353 0 0 0 0 -0.00012784 -0.00028859 0.00036123 0.0006952 0.073839 0.0019546 0.073958 0.0032495 0.00022281 3.787e-05 0.00024113 0.00023575
0.0029512 -0.0022326 0.0057879 0.006113 -0.019757 0.032225 0.0399 0.049702 -0.032146 0.012547 0.061124 0.067357 0.0051281 -0.00046052 0.007716 0.0054739 0.059823 0.009194 0.068454 0.034972 -0.15994 -0.25883 0.30365 0.29649 0.072999 0.065076 0.32353 0.30827 -0.05171 0.026728 0.076935 0.0411 0.0056228 -0.0072209 0.023922 0.035102 0.0078909 -0.035019 0.36669 0.41414 0.20571 0.065363 0.31481 0.12044 -0.025193 0.013332 0.037045 0.032855 0.0012566 0.00018389 0.0059118 0.0063902 0.013157 0.019099 0.048693 0.035209 3.3675e-05 -0.042691 0.03717 0.047293 0.0018555 -0.0041909 0.0032628 0.0044112
-0.0011927 0.0037613 0.0087377 0.0074843 0.05195 -0.038967 0.069999 0.051594 0.00091756 -0.00063752 0.0018822 0.00067995 -0.0036632 0.00047445 0.0036638 0.00048683 -0.022558 0.0041953 0.038715 0.046166 0.38431 0.13695 0.61685 0.26207 0.023964 -0.0056097 0.024753 0.013224 -0.0061976 0.0042571 0.0063604 0.0044101 -0.032331 0.0064756 0.062297 0.040698 0.2465 0.029812 0.39665 0.34383 0.10283 -0.0015341 0.10283 0.023882 -0.00046534 -3.2195e-05 0.00073156 3.2195e-05 0.0015024 0.010286 0.0020498 0.010286 0.0046198 0.021418 0.0052924 0.021418 -4.7542e-06 -6.3429e-06 0.00038415 0.00031885 -6.7177e-05 -5.3994e-05 0.00012589 0.00016989
-0.00023215 -7.8357e-05 0.00028745 0.00017952 -0.032394 -0.025126 0.034374 0.026308 -0.027471 0.0048398 0.048928 0.059011 -0.00065326 -0.0039436 0.0049268 0.0079443 -0.02443 -0.02455 0.024985 0.02502 -0.039632 -0.099957 0.46662 0.32685 -0.039242 0.10605 0.1537 0.26361 -0.004653 0.023226 0.019245 0.04172 -0.05172 -0.027497 0.053731 0.052966 0.12047 -0.017603 0.48609 0.21832 0.20162 0.097044 0.34871 0.22605 -0.0051851 0.02876 0.034098 0.051128 -0.0041658 -0.00023696 0.012052 0.0047664 0.037591 0.0017158 0.047469 0.025361 -0.001714 -0.0068636 0.024201 0.044389 -0.0013575 -0.0044104 0.0059282 0.0092562
0.0070655 0.0034672 0.0089206 0.010979 -0.0030648 0.020871 0.041093 0.042975 0.014572 0.027615 0.0665 0.034171 0.00011812 0.00012482 0.00011812 0.00018463 -0.015259 0.011654 0.021117 0.025115 -0.11205 -0.10879 0.16727 0.23113 0.26529 -0.084654 0.36979 0.19561 8.7068e-05 0.00070251 0.0015001 0.0022152 -0.0090765 -0.028632 0.032122 0.050073 -0.060366 0.043829 0.37748 0.40061 0.27889 0.079501 0.45094 0.15033 0.00041154 6.2284e-05 0.00041154 6.2284e-05 -0.0013531 0.0034678 0.0039761 0.009352 -0.00036383 0.0084075 0.028862 0.024411 0.023786 0.0053761 0.063729 0.0095972 0.0001278 -7.0563e-06 0.0001278 2.0067e-05
0.0011931 0.0020959 0.0013561 0.0021761 -0.0038231 -0.0040222 0.0062234 0.01373 0.0022954 -0.029289 0.010238 0.032874 -0.00047489 0.00146 0.00047489 0.0014959 0.01502 -0.01912 0.019368 0.019543 -0.075787 -0.098543 0.40824 0.28929 0.14245 0.0088875 0.24361 0.21232 -0.059407 -0.012814 0.061031 0.029346 0.077495 -0.013573 0.077552 0.013573 -0.063128 0.11124 0.43293 0.37505 0.072711 0.035832 0.21106 0.42756 -0.053631 0.0079952 0.054964 0.010312 0.016654 -0.0030339 0.016654 0.0030339 0.00044277 -0.00025436 0.00112 0.00094708 -0.00051694 -0.00023106 0.0012577 0.00081807 -0.004846 0.00063022 0.004846 0.00081256
-0.0039963 -0.00092087 0.0064529 0.0059346 0.0033853 0.00093025 0.030179 0.044136 0.021044 0.016341 0.042745 0.032915 -0.0021134 -0.0024091 0.0052947 0.004967 0.0063384 0.026088 0.0631 0.054522 0.09312 0.057963 0.41008 0.39558 -0.10541 0.099761 0.33821 0.30532 0.046318 0.0028939 0.056494 0.037858 -0.034344 -0.031253 0.040129 0.04256 0.25023 -0.073819 0.28937 0.19506 -0.037631 0.0034962 0.4072 0.19932 0.020607 -0.0019522 0.039823 0.045023 -0.0018615 -0.00033715 0.0058194 0.0064291 0.014429 0.0049411 0.046752 0.016349 0.027977 -0.015504 0.049099 0.029444 -0.0017289 0.00077341 0.0035701 0.0050591
-0.00061096 0.0021539 0.0038906 0.0031671 0.0078812 -0.0096433 0.050451 0.032286 0.04053 -0.0031948 0.040698 0.0048924 -0.00013697 0.00014441 0.00022556 0.00015254 -0.028943 0.022491 0.035252 0.027471 -0.16236 0.13252 0.39248 0.19657 0.4177 -0.007842 0.42261 0.048535 0.0003907 -7.3232e-05 0.0013801 0.0008646 -0.006501 -0.032914 0.045117 0.04731 -0.06281 -0.087871 0.15888 0.28933 0.28929 -0.022064 0.41095 0.096555 0.00062958 -0.00067303 0.00069823 0.0013737 -0.0023114 -0.0035245 0.0037262 0.0054318 -0.0084496 0.010834 0.018332 0.021109 0.062379 -0.0068961 0.063062 0.010255 -2.6187e-05 8.1382e-06 2.6187e-05 2.6187e-05
2.8544e-05 -2.0066e-05 3.6691e-05 7.9672e-05 0.070883 0.031767 0.071411 0.03195 -0.00053988 0.0041222 0.020168 0.0062718 -0.00071252 0.00061554 0.0020181 0.0013621 0.00030754 -4.5862e-05 0.0003778 0.00045061 0.49724 0.024958 0.49815 0.082127 0.0025478 0.031169 0.070635 0.049089 -0.0014087 0.0029992 0.004804 0.0062971 0.00019943 0.00017347 0.00019943 0.00017347 0.46815 -0.039263 0.48711 0.050608 0.027491 -0.017466 0.038455 0.040591 -0.00083818 -0.001313 0.005627 0.0039139 0 0 0 0 0.073977 -0.011466 0.074087 0.014989 0.0016049 0.0018304 0.0063755 0.0027653 0.00051133 -8.6185e-05 0.00051249 0.00019812
3.1713e-05 -3.1209e-05 3.58e-05 4.7015e-05 0.074742 0.023882 0.075129 0.024055 -0.0059009 0.0044928 0.020659 0.0067607 0.00077907 0.00026759 0.0018419 0.00064261 0.00013019 -5.2997e-06 0.00013627 0.00015222 0.48164 0.034713 0.48368 0.1063 0.032161 0.022052 0.090034 0.051697 0.00055786 0.0031817 0.0026967 0.0059876 0.00012204 7.4931e-05 0.00014751 7.4931e-05 0.48392 -0.035959 0.49054 0.069287 0.020192 -0.02283 0.031679 0.037551 0.00015948 -0.0026521 0.0048815 0.0042184 0 0 0 0 0.075687 -0.012741 0.075982 0.015749 0.00093632 0.0017933 0.0095145 0.0023387 -0.0002484 -5.1457e-05 0.00077814 0.00027242
0.00023163 -0.0099017 0.0011143 0.0099173 -0.0074287 -0.071631 0.0098004 0.071631 0.014528 -0.035034 0.014528 0.035034 -1.5881e-07 1.5881e-07 1.5881e-07 1.5881e-07 -0.0091514 0.0019068 0.034852 0.029511 -0.025867 -0.077433 0.30384 0.35752 0.32336 0.038245 0.49203 0.11333 -0.0013019 -0.0014367 0.0013019 0.0014367 -0.00066565 0.0063201 0.049074 0.063291 0.0082285 0.20672 0.25588 0.28189 0.20775 -0.028275 0.35022 0.16858 -0.015629 -0.0018619 0.01664 0.0045932 0.0025286 0.0049985 0.0067389 0.0085815 -0.0088408 -0.028231 0.029351 0.050362 0.030046 0.012538 0.032023 0.016685 -0.0018619 0.00013514 0.0018619 0.0001368
-0.00059383 -0.0014089 0.0043132 0.012561 0.002534 -0.011225 0.072413 0.052094 0.008119 -0.006187 0.062453 0.043748 -7.6476e-05 -0.0083448 0.0034465 0.0095489 -0.015921 -0.0082656 0.038049 0.034849 0.0048079 0.033619 0.50577 0.44519 0.13456 0.060096 0.42485 0.20703 0.0095748 0.036924 0.034957 0.047048 -0.033804 0.0282 0.042749 0.071198 0.045573 -0.12914 0.27613 0.16547 0.13299 -0.03193 0.30973 0.14715 0.042272 -0.0039899 0.056393 0.021684 0.0014555 0.00090451 0.0062808 0.0048678 0.0018879 0.0033424 0.0462 0.020506 0.0077497 -0.014264 0.029297 0.023465 0.010653 -0.0022065 0.011779 0.002594
-0.0014008 -0.00026904 0.0089664 0.0054697 0.041701 0.0032043 0.06319 0.024877 -0.015255 0.0030014 0.015255 0.0030587 -0.017326 0.0015574 0.017326 0.0015574 -0.035289 0.00098981 0.049577 0.06455 0.39454 0.027488 0.60271 0.21714 -0.014862 0.0094874 0.024212 0.0118 -0.070785 0.066133 0.079172 0.066185 -0.016376 0.021022 0.067488 0.050683 0.28867 0.085155 0.46158 0.29184 0.0009336 0.00016645 0.0044309 0.0017754 0.00059812 -0.00043661 0.001004 0.0006723 0.00011212 0.00015669 0.00012025 0.0002688 2.4627e-05 -6.9227e-05 4.3408e-05 6.9227e-05 -0.00063702 -0.0010091 0.0010048 0.0018504 2.1583e-05 -3.1685e-05 0.00020008 0.0003414
-0.008195 -0.0077589 0.0087885 0.0077668 0.0078122 0.01013 0.042881 0.053002 -0.0066098 0.0093405 0.02846 0.045891 0.00086084 0.0038576 0.0045642 0.0050624 0.061296 0.0067349 0.080187 0.020958 0.17185 0.0031227 0.39154 0.22732 -0.11827 0.29797 0.26869 0.48482 -0.0058844 0.026014 0.065523 0.075914 -0.013675 0.014424 0.1127 0.042242 0.22155 0.0062813 0.36035 0.16351 0.10875 -0.0696 0.15365 0.22037 -0.02017 -0.0082203 0.030362 0.053423 -0.00038483 0.00021653 0.0071762 0.0073447 0.023659 0.016501 0.046055 0.045018 -0.01853 -0.039427 0.038473 0.059265 0.0044722 0.0063112 0.0074582 0.0079224
0 0 0 0 0.0697 -0.00040497 0.070364 0.0021433 0.0046086 -0.0012547 0.0055377 0.0023189 0.00013347 3.6156e-05 0.0001372 0.00016342 0 0 0 0 0.48561 0.059197 0.49359 0.077659 0.028295 0.010013 0.034859 0.016781 0.00036059 0.00064331 0.0017695 0.0011904 7.5238e-05 -2.9373e-05 7.5238e-05 2.9373e-05 0.48773 -0.042707 0.4923 0.073075 0.02754 0.00080671 0.02754 0.0079197 -0.0001689 0.00066176 0.00067759 0.0013031 4.3308e-06 8.1212e-06 4.3308e-06 8.1212e-06 0.069501 0.0021883 0.069501 0.0026255 0.0056801 6.5255e-05 0.0056801 0.0016592 -1.0355e-05 9.3568e-05 2.8412e-05 0.0001136
0.0044863 0.0046738 0.0055546 0.0056055 0.019976 0.00020136 0.059285 0.013621 0.0012923 0.0001842 0.0012923 0.0008749 0 0 0 0 -0.03398 -0.018873 0.049257 0.033859 0.31647 0.017882 0.57962 0.2876 0.0074013 0.00088625 0.0074013 0.0022629 0 0 0 0 0.0078654 -0.008757 0.034656 0.02738 0.29227 -0.0099872 0.54908 0.27447 0.0051121 -0.0011839 0.0051121 0.0027778 0 0 0 0 -0.0033562 0.0017299 0.0057093 0.0045026 0.043398 -0.0090598 0.065765 0.024107 0.0018004 0.00013929 0.0018004 0.00074975 0 0 0 0
-1.7506e-05 -6.1369e-05 3.8475e-05 0.0001493 0.05649 -0.007468 0.059344 0.015028 0.0075531 -9.7781e-05 0.016574 0.0039732 0.00052841 -0.0010313 0.00078174 0.0013152 -2.7692e-05 6.9927e-05 0.00090974 0.00027578 0.46644 0.016779 0.47263 0.059456 0.0022397 0.012142 0.14465 0.031959 -0.0054644 -0.00086335 0.009896 0.0040115 7.4601e-05 0.00012781 0.00056628 0.00043836 0.45502 0.024359 0.47647 0.046895 -0.080709 -0.09291 0.22458 0.10821 0.014011 -0.0093545 0.0319 0.014203 -0.00014463 -4.3343e-05 0.0001456 7.7276e-05 0.05476 0.0090803 0.066257 0.01076 -0.012181 0.011498 0.043268 0.014195 0.0041331 0.0021252 0.00482 0.0022859
0 0 0 0 0.070611 0.010368 0.070743 0.010525 0.005023 0.00062017 0.0050289 0.0007785 -5.1795e-05 1.982e-05 5.9238e-05 5.4851e-05 -8.1647e-05 0.00013155 0.0003868 0.0010689 0.49074 -0.0073341 0.49198 0.026844 0.029778 -0.0019659 0.029778 0.0094415 -0.00022705 -9.2115e-06 0.00027087 6.2522e-05 -0.00011172 -9.986e-05 0.00035903 0.00034804 0.49337 0.0013933 0.49762 0.047834 0.027697 0.0011488 0.029354 0.0083797 -0.00031974 -0.00021549 0.0003308 0.00022655 -0.00059299 0.0027679 0.00073488 0.0028922 0.064872 0.015649 0.066334 0.016057 0.0059039 -0.00012943 0.0060445 0.00096986 -0.00017512 5.186e-05 0.00018202 6.5272e-05
0.00044905 0.0057314 0.0026559 0.0080984 0.0023937 0.0091096 0.015387 0.053919 -0.05931 -0.01413 0.06843 0.030684 0.010425 0.0038209 0.014248 0.0060567 -0.0019484 -0.013022 0.024377 0.016687 0.08253 -0.064104 0.53154 0.31817 -0.14793 0.25703 0.29599 0.44543 0.021391 0.029145 0.043169 0.042567 -0.050513 -0.028247 0.070707 0.037445 0.1555 -0.031994 0.25282 0.11905 0.034821 -0.0088732 0.25047 0.16149 0.027075 -0.016908 0.049398 0.024968 -0.0013276 0.0024196 0.007464 0.0034775 0.027439 -0.0074786 0.05184 0.022333 0.0027268 -0.016013 0.018217 0.01642 -0.0062968 0.00018285 0.0077975 0.002081
-0.0025974 -0.0053739 0.0050815 0.0083181 0.049434 0.015918 0.094236 0.034969 0.001824 0.00013083 0.0049099 0.0016868 -0.00014751 -0.00012606 0.00025718 0.00043645 0.0048513 -0.0039469 0.019006 0.040068 0.40017 -0.040137 0.47217 0.1659 -0.00062108 0.0019393 0.018532 0.007429 6.8713e-05 -1.9292e-05 0.0002135 0.00026627 0.0058681 0.0093172 0.051818 0.047697 0.41741 -0.0015569 0.60267 0.1392 -0.0027943 -0.0013317 0.0065923 0.0059972 0 0 0 0 0.00092795 0.005683 0.0047889 0.010832 0.04569 0.023583 0.082632 0.027851 0.00026115 0.00032414 0.000858 0.00034133 -1.4253e-06 -5.1912e-07 1.4253e-06 7.9496e-07
-0.0063684 -0.00018326 0.0087815 0.0054331 0.059523 -0.011134 0.059616 0.014585 -0.00075766 0.00011326 0.0012424 0.00086436 0 0 0 0 -0.027437 0.0068128 0.03571 0.040363 0.46002 0.0094357 0.54563 0.11146 -0.00025957 -0.003312 0.011717 0.009966 0 0 0 0 -0.042532 0.028813 0.066615 0.049599 0.38184 0.084392 0.49684 0.23881 0.0059164 0.0014539 0.0098567 0.0042818 0 0 0 0 0.00081178 0.0042653 0.000883 0.0043063 0.0015495 0.0065804 0.0018071 0.0066876 7.9993e-06 2.9489e-05 0.00043888 0.00021544 0 0 0 0
-1.6058e-06 -2.366e-05 0.00013845 0.00014767 -3.7671e-05 0.00011729 0.00041057 0.00037668 -0.0026544 -3.505e-05 0.0026725 0.00019047 -0.017008 0.00029897 0.017035 0.00043562 -0.030342 -0.01151 0.051195 0.053703 0.28295 -0.11305 0.34629 0.51064 0.077848 -0.0072763 0.10954 0.023521 -0.11511 0.00063883 0.11516 0.0015788 0.0059082 0.0090268 0.046475 0.05702 0.19696 -0.015188 0.53871 0.30101 0.070272 0.00043887 0.10064 0.009953 -0.11288 0.0018247 0.11288 0.0023414 4.7227e-05 -0.00090354 0.0053536 0.0052067 0.025791 -0.0059397 0.072827 0.026412 0.020185 -7.782e-05 0.023492 0.0036313 -0.013706 0.0033075 0.013959 0.003664
-3.5644e-05 2.3331e-05 3.5644e-05 2.3331e-05 0.07291 0.0039166 0.073049 0.013109 0.0085253 0.00043603 0.0088695 0.0030365 0.00016406 -0.00041757 0.00017818 0.00044052 0.00024765 -0.00028862 0.00055675 0.00028862 0.49547 0.055318 0.50012 0.095106 0.046268 0.023735 0.062229 0.027397 -0.0024958 0.0018343 0.0037131 0.0039577 -0.0010376 0.00027711 0.0015689 0.0022261 0.46205 -0.047274 0.4648 0.10187 0.040971 -0.045429 0.088321 0.088208 0.0008573 -0.0091921 0.0038464 0.011261 3.7575e-05 -4.1604e-05 4.3807e-05 4.4432e-05 0.063146 -0.034997 0.064842 0.036717 0.020901 -0.0072546 0.027959 0.012964 -0.00084792 0.00020799 0.002352 0.0005989
-0.0028846 -0.0018006 0.0043793 0.005316 0.055742 0.010458 0.058893 0.056061 -0.0019285 -0.00037503 0.0029794 0.00061956 -0.018109 -0.0011451 0.018111 0.0011498 -0.045628 -0.006933 0.068357 0.053843 0.34107 0.032684 0.47588 0.22692 -0.014004 -0.00020654 0.027216 0.0040726 -0.1466 -0.00759 0.1466 0.0077593 -0.029341 0.0099132 0.046515 0.051711 0.3737 -0.048763 0.53546 0.22377 -0.025157 -0.0018143 0.036973 0.0085932 -0.15259 0.009714 0.15325 0.030461 -0.0060817 0.0021699 0.01067 0.0058039 0.045 0.0031462 0.055601 0.01953 -0.0012271 0.0013701 0.0018104 0.0017829 -0.0022311 0.0080576 0.0025955 0.0080576
0 0 0 0 0.066087 0.0039427 0.066751 0.0095435 0.0022697 0.0087452 0.011458 0.01648 0.00052115 0.0012185 0.00060462 0.0012213 -0.00034075 5.7123e-05 0.00034075 0.00052067 0.47435 0.004856 0.4775 0.0713 0.042444 0.024648 0.043313 0.028353 0.0024967 -0.0010292 0.0026569 0.0013954 3.2967e-05 -0.00011617 6.1641e-05 0.00011617 0.50602 -0.030352 0.507 0.034507 0.017859 0.001034 0.018583 0.0066901 0.0012385 3.3206e-05 0.0014697 0.0005483 3.3707e-05 6.2266e-05 8.0383e-05 6.2266e-05 0.074709 -0.0087489 0.075254 0.0090105 0.0033267 -6.0105e-05 0.0033381 0.0014615 4.8483e-05 -6.3408e-06 0.00026025 0.00024595
-0.006064 0.0044506 0.0076414 0.0051379 0.030901 0.019761 0.035753 0.028074 0.020144 0.0017965 0.020144 0.0028829 -0.00088332 -0.00015572 0.00088359 0.00018965 -0.0042424 -0.010855 0.062671 0.037284 0.27962 0.02478 0.47956 0.28 0.037111 0.01115 0.037975 0.013135 -0.013324 -0.0014128 0.013773 0.001944 -0.023502 -0.0010672 0.033159 0.061287 0.36971 -0.087666 0.60155 0.27939 0.0074862 -0.00063308 0.011217 0.0035056 -0.019138 -0.0026753 0.019138 0.0028201 3.5703e-05 0.0018007 0.0066582 0.0062667 0.044116 0.031533 0.067853 0.034658 0.00027427 0.00052366 0.00062874 0.00074146 -0.0029819 0.00063641 0.0029843 0.001011
0.010915 -0.0025807 0.010918 0.0041284 0.00049748 0.00066624 0.0013043 0.0012181 -0.010403 -0.029837 0.018934 0.030525 0.0010279 -0.0084902 0.0011744 0.0089402 0.016723 -0.019516 0.016749 0.019542 0.34586 -0.093337 0.35118 0.14248 -0.21465 0.0042297 0.37462 0.12595 0.0046874 0.01063 0.023432 0.021873 0 0 0 0 0.38303 0.028549 0.38303 0.028549 -0.18921 0.054273 0.31413 0.28328 -0.0050754 0.0027748 0.016328 0.049124 0 0 0 0 0.050324 0.0035896 0.050456 0.0046852 0.00032132 -0.00031179 0.00059683 0.00061165 -0.00010289 -4.3455e-05 0.00010289 6.9088e-05
-2.7571e-05 8.5681e-06 2.7571e-05 2.7571e-05 0.049318 -0.00501 0.049318 0.0086861 0.00073595 0.00011141 0.0010305 0.0007138 -0.0014846 -0.00034702 0.0017712 0.00091705 1.7628e-05 6.0037e-06 1.7628e-05 3.3057e-05 0.36542 -0.05861 0.46592 0.097445 -0.17502 -0.022012 0.28819 0.33437 0.021369 -0.014909 0.053502 0.037669 0.063275 0.024381 0.06329 0.024475 0.25804 0.17697 0.27564 0.23605 -0.18905 0.055019 0.25337 0.22649 0.0021191 0.023616 0.049577 0.02792 0.012073 -0.0026577 0.012073 0.0065712 0.010605 -0.034396 0.010605 0.034782 -0.00025582 -0.018195 0.0059983 0.018195 0.00043335 -0.0035468 0.0010199 0.0035468
5.6099e-05 -7.3451e-05 5.6099e-05 7.3451e-05 0.071458 -0.0066955 0.071749 0.0071689 0.0027424 6.4388e-05 0.0030187 0.00076769 6.1883e-05 0.00023188 8.7216e-05 0.00035166 0.00016021 0.00021339 0.00016021 0.00021339 0.49017 0.026153 0.49069 0.028693 0.032381 0.0049718 0.032381 0.0078175 -0.0010419 0.00060679 0.0010567 0.00094672 0.00032166 -0.00026094 0.0004566 0.00054263 0.49449 -0.012711 0.49715 0.021794 0.02747 -0.00057413 0.02747 0.0038699 -0.00022809 -6.1271e-06 0.00028714 6.38e-05 -8.2454e-05 7.6862e-05 9.9667e-05 0.00012775 0.073189 -0.010479 0.073744 0.010865 0.003774 -0.0011327 0.003774 0.001427 -4.6892e-05 -8.401e-06 4.6892e-05 9.5345e-06
-1.2588e-09 -1.3435e-06 2.1085e-06 1.8756e-06 0.026622 0.041278 0.026622 0.041278 0.010005 0.097008 0.010016 0.097036 0.00071465 0.012356 0.00076823 0.012359 0 0 0 0 0.47465 -0.00384 0.47553 0.028004 0.034797 0.016204 0.035937 0.021741 0.00051618 0.00096384 0.000896 0.0015174 9.2259e-05 -6.0152e-05 0.00023541 0.00025966 0.50053 -0.026503 0.50127 0.027172 -0.0048811 -0.027699 0.035171 0.035088 -0.0010741 -0.025633 0.0028329 0.025909 7.8622e-06 2.5299e-05 2.5299e-05 2.5299e-05 0.075044 -0.00032904 0.075205 0.00504 -0.020997 0.0068725 0.02431 0.0083629 0.00038085 0.0054385 0.0033438 0.0059415
0.00070902 -0.0031891 0.0083686 0.0088657 0.048192 -0.010911 0.088167 0.040376 -0.00017623 -3.9426e-05 0.00017623 3.9426e-05 -0.00092331 -0.0003018 0.0015867 0.00045365 -0.0082364 0.017071 0.038384 0.038092 0.37296 0.018408 0.51407 0.19559 -0.0020691 0.00032076 0.0020691 0.00063338 -0.006275 0.0022133 0.0089021 0.0038427 0.0084104 -0.016655 0.056747 0.053922 0.35695 -0.018762 0.53915 0.32537 0.0024344 -0.00016357 0.0024344 0.001195 -0.0023572 0.00087264 0.0032588 0.00204 -0.00037764 0.015027 0.0014503 0.015068 0.014664 0.073693 0.015222 0.073735 0 0 0 0 -2.285e-05 1.3349e-05 2.285e-05 1.5715e-05
-0.0049724 -0.011183 0.0086436 0.011183 0.0025512 -0.068282 0.037502 0.07258 0.044469 -0.026083 0.045869 0.026162 -0.00015125 1.0722e-05 0.00022559 0.00012423 0.020178 0.012475 0.084244 0.056828 0.0028503 0.072679 0.25746 0.38339 0.22929 -0.040494 0.43911 0.17534 -0.004838 -0.0012538 0.0064578 0.0021588 0.0087166 0.015381 0.045032 0.048053 -0.14609 0.011391 0.37273 0.22122 0.34103 0.020291 0.34103 0.1224 -0.004842 0.0013744 0.0049533 0.0020324 -0.00024223 0.0029307 0.0023538 0.006024 -0.015069 0.021274 0.029432 0.0718 0.038382 0.018372 0.038382 0.058981 -6.5355e-05 5.6089e-05 6.5355e-05 6.4103e-05
-0.0016952 -0.0015326 0.0043734 0.010784 -0.019054 -0.038793 0.029936 0.074129 0.061069 -0.0029189 0.06215 0.0067456 0.00016261 0.00010411 0.00016261 0.00012367 0.0070118 -0.034734 0.033175 0.072522 0.061886 0.029142 0.29989 0.31681 0.20904 -0.0086758 0.51208 0.081868 0.00071651 0 0.00071651 0 -0.010794 0.039613 0.021885 0.051243 0.10523 0.16701 0.28425 0.24765 0.11165 0.001202 0.50699 0.055121 0.00069791 -5.9834e-05 0.00069791 5.9834e-05 0.0053424 -0.011334 0.012386 0.015431 0.010573 -0.0306 0.032756 0.04711 0.019556 -0.0085751 0.068089 0.015664 4.7262e-05 -3.0608e-05 5.7619e-05 3.0608e-05
0.0017957 -0.0078401 0.0050739 0.015022 -0.028396 0.0029676 0.056366 0.089559 0.04444 0.016829 0.063778 0.035571 -0.0029672 0.0027368 0.0089858 0.003393 -0.0015039 0.015236 0.04069 0.057197 -0.027536 -0.065721 0.311 0.18806 0.14075 -0.059859 0.46667 0.2009 0.008018 0.016337 0.028169 0.023615 0.0015859 0.00019991 0.033366 0.030996 -0.10555 0.099978 0.34311 0.24791 0.27528 0.036366 0.41495 0.29065 -0.02027 -0.027767 0.03873 0.057078 -0.00084098 0.0059878 0.0070219 0.0078516 0.034546 -0.00068422 0.069747 0.038974 -0.027408 0.0018603 0.044274 0.040174 -0.0014323 0.0010122 0.015467 0.0058116
8.5227e-06 6.3029e-05 7.0195e-05 8.8999e-05 -0.00020389 0.00032092 0.00023323 0.00032092 -0.046292 0.00036414 0.046488 0.0015274 0 0 0 0 0.003418 0.0012993 0.028255 0.059965 0.22714 -0.088825 0.36443 0.27048 -0.31353 0.0023733 0.32076 0.0075161 0 0 0 0 -0.0047724 -0.013416 0.030953 0.04079 0.23105 -0.053057 0.4778 0.21792 -0.29351 0.031632 0.30598 0.034184 0.001161 0.027732 0.0052902 0.027738 -0.00092938 0.001978 0.0014614 0.0045872 0.032269 0.021468 0.061905 0.028563 -0.0019429 0.0043058 0.0031246 0.0045357 -0.002176 0.0036156 0.0034493 0.0036237
-0.0081588 0.0011623 0.014185 0.0043355 0.071993 -0.00075621 0.090452 0.019305 0.00057279 0.00037276 0.0010849 0.00089197 0 0 0 0 0.0049762 -0.0064235 0.055639 0.051386 0.33062 0.1098 0.60002 0.22596 0.0070832 -0.00047671 0.016814 0.018818 0 0 0 0 0.058151 0.00078306 0.083374 0.067798 0.26825 -0.047596 0.51488 0.28847 0.0045643 -0.0085043 0.019765 0.016542 0.00077686 -0.00011067 0.00077686 0.00017964 -0.003316 0.0020642 0.003962 0.0052904 0.0285 0.0094827 0.083597 0.029069 0.00086164 0.0012837 0.002198 0.0033037 0.00011783 -0.00013912 0.00018842 0.00015676
-9.1324e-05 9.4567e-06 9.1324e-05 6.5383e-05 8.7974e-05 -0.00015107 0.00052167 0.00015107 0.070882 0.00076105 0.071051 0.0027514 0.00013081 0.00021975 0.0001446 0.00021975 -0.00022412 -5.3014e-05 0.00022412 0.00018082 0.00038039 -0.00037234 0.0029823 0.0011612 0.49352 -0.0055045 0.49458 0.051863 0.00019608 -0.00015938 0.00082235 0.00015938 -0.00012975 7.2205e-05 0.00020722 0.00062067 -0.00077345 0.00034971 0.0049178 0.0011966 0.4877 0.016516 0.49762 0.048827 0.0024792 -0.00055041 0.0025298 0.00063479 1.755e-05 1.7544e-06 0.0001198 5.4172e-05 -0.00036967 -8.3011e-05 0.0010484 0.00057307 0.071507 -0.003011 0.075356 0.0063104 0.00076849 -2.7005e-05 0.00076849 0.00010523
0.0026184 -0.00066626 0.0069732 0.0078093 0.052597 0.016244 0.064958 0.046249 -0.0013156 -0.00042812 0.0013156 0.0004887 -0.00089625 -0.00049404 0.0018268 0.0014234 -0.020472 -5.0684e-05 0.066158 0.052542 0.34654 -0.054667 0.50827 0.20521 -0.013373 0.0008083 0.017152 0.0082169 -0.033035 -0.00061473 0.042588 0.021808 -0.02237 0.010442 0.038791 0.030605 0.36144 0.056508 0.57661 0.28774 -0.0058891 0.0028577 0.008184 0.0041102 -0.01581 0.0068449 0.020182 0.012117 -3.2705e-05 0.007114 0.00042134 0.0072296 0.0068826 0.031991 0.0084033 0.031999 0 0 0 0 -0.0054625 -0.001924 0.0054633 0.0019248
-0.00013013 -0.00010617 0.00013013 0.00017043 0.078816 0.0066105 0.079867 0.010919 0.0044853 0.0025874 0.0044853 0.0034865 0.00021164 -0.00013392 0.00021164 0.00013857 -0.00073427 0.00012936 0.0024524 0.0013488 0.49673 0.055248 0.49853 0.06216 0.038372 0.014955 0.039919 0.020041 0.00048326 0.00042464 0.00048326 0.00042464 2.6853e-05 0.00016066 0.0013973 0.0014502 0.47642 -0.029647 0.4828 0.057898 0.03842 -0.024095 0.03842 0.027797 0.00053244 -0.0011354 0.00070824 0.0011494 -0.00013496 -0.0001706 0.00038295 0.00033706 0.050015 -0.03711 0.050582 0.038508 0.018576 -0.044881 0.018648 0.044881 0.00034553 -0.0042331 0.00079537 0.0042331
-3.7125e-05 1.7155e-05 6.3841e-05 6.3841e-05 0.06358 -0.0043432 0.063586 0.0050573 0.002041 0.00052341 0.0020491 0.0009976 1.1084e-05 9.3589e-06 5.49e-05 7.5316e-05 -0.0001247 2.9353e-05 0.00021445 0.00021445 0.4653 3.9942e-05 0.46565 0.024852 -0.14451 0.0046973 0.15737 0.11484 0.0026218 0.0040588 0.019997 0.05859 0.0033784 0.020838 0.010732 0.020838 0.45783 0.058783 0.47791 0.11796 -0.11766 -0.016731 0.13275 0.04412 0.007875 -0.01027 0.015625 0.039205 0.0073475 0.0040315 0.007406 0.0040742 0.00456 0.027944 0.012972 0.028126 -0.021532 0.0011839 0.027485 0.0053041 0.00010123 0.0014609 0.0034636 0.0037895
1.68e-05 1.9142e-05 5.1757e-05 5.608e-05 0.046548 -0.0023602 0.046548 0.0039377 0.0019691 1.9555e-05 0.0020398 0.00069682 -4.2869e-05 -2.583e-05 8.9537e-05 0.00013491 0.00019389 -0.0001503 0.00045822 0.00066561 0.36312 -0.019355 0.36972 0.030673 -0.24901 -0.011315 0.32687 0.34383 0.0021163 0.00068882 0.049722 0.057404 -0.0035646 0.04041 0.016587 0.040615 0.36434 0.042357 0.3739 0.096064 -0.18603 -0.012008 0.28453 0.14877 -0.011664 -0.010337 0.031077 0.030064 0.0034466 0.0016545 0.0037656 0.0018338 0.00066714 0.0031014 0.0012592 0.0031634 -0.034932 0.0076253 0.060554 0.025589 0.00085935 0.0027208 0.0035291 0.0059104
