0 0 0 0 0.035151 0.0090332 0.035151 0.0090332 0.042209 0.012483 0.042209 0.012483 0 0 0 0 0 0 0 0 0.50345 0.11965 0.50345 0.11965 0.0075239 0.0063703 0.0075239 0.0063703 0 0 0 0 -0.0038352 0.0054246 0.0077618 0.018078 0.23243 -0.1947 0.25121 0.21037 0.2376 -0.26265 0.2376 0.26265 0 0 0 0 -3.7737e-05 -9.0224e-05 8.1862e-05 0.00010445 0.00064283 0.00059646 0.00064283 0.00059646 0.052676 0.0168 0.052676 0.036284 -9.9375e-06 -0.00017348 2.7127e-05 0.00033544
0 0 0 0 0.035084 0.011563 0.035084 0.011563 0.040007 0.013318 0.040007 0.013318 0 0 0 0 0 0 0 0 0.48065 0.12693 0.48065 0.12693 0.011199 0.001412 0.011199 0.0082094 0 0 0 0 0 0 0 0 0.2277 -0.20911 0.2277 0.21041 0.1842 -0.34567 0.1842 0.34567 0.0059363 -0.0096233 0.0059363 0.0096233 -1.1317e-06 5.1072e-07 1.1317e-06 5.1072e-07 0.00014193 -0.00014193 0.00014193 0.00014193 0.0018737 -0.0031466 0.0020156 0.0031466 0.0070074 -0.010322 0.0070074 0.010329
0.00054139 0.00073623 0.00064991 0.00073637 -0.0012177 0.0023823 0.0012504 0.0023823 0.033289 -0.011564 0.033289 0.021152 0.0017758 0.00053314 0.0017784 0.0018731 0.003392 -0.0072861 0.0049607 0.020774 0.20922 0.16141 0.25016 0.20575 0.19094 0.34881 0.19094 0.34881 0.00012176 0.00021098 0.00012176 0.00021098 0 0 0 0 0.49285 -0.079896 0.49285 0.079896 0.0008351 -0.00061073 0.0008351 0.00061073 0 0 0 0 0 0 0 0 0.054516 -0.0091061 0.054516 0.0091061 0.020872 -0.0074462 0.020872 0.0074462 0 0 0 0
0 0 0 0 0.045619 0.010002 0.045619 0.010002 0.029287 0.0087496 0.029287 0.0087496 0 0 0 0 0 0 0 0 0.48403 0.1084 0.48403 0.1084 0.004328 0.0017288 0.004328 0.003917 0 0 0 0 -1.2164e-05 3.4071e-06 1.2164e-05 3.4071e-06 0.22038 -0.20129 0.22038 0.20363 0.18883 -0.35401 0.18883 0.35401 0.0061609 -0.0075326 0.0061609 0.0075326 -0.00020072 0.00013113 0.00023793 0.00029778 0 0 0 0 0.002113 -0.001959 0.002113 0.001959 0.008388 -0.010293 0.008388 0.010293
0 0 0 0 0.069611 -0.0026502 0.069611 0.0040208 0.0021036 1.9183e-05 0.0021036 0.00033625 0 0 0 0 0 0 0 0 0.46183 0.093866 0.46199 0.095227 0.0083039 0.00094015 0.0088034 0.0028053 0 0 0 0 8.3552e-06 9.5269e-05 8.3552e-06 9.5269e-05 0.20054 -0.19157 0.20115 0.21074 0.037958 -0.43064 0.041311 0.43409 0.001441 -0.057816 0.0023729 0.057841 -8.1166e-06 -4.0713e-05 2.4297e-05 8.8217e-05 0.00013665 -0.0004594 0.00022778 0.00054702 -0.00013635 -0.0005937 0.00021596 0.00067331 1.6297e-05 -9.5393e-05 1.6297e-05 9.5393e-05
-0.00043073 -0.00016769 0.00046874 0.00034826 -5.4606e-06 -1.0572e-05 3.0067e-05 3.0067e-05 5.4867e-05 5.4867e-05 5.4867e-05 5.4867e-05 0.002177 0.0024166 0.002177 0.0024166 -0.0013869 -0.00055015 0.0015705 0.0014359 0.18881 0.19058 0.1891 0.22536 0.10927 0.41505 0.10927 0.41505 0.021002 0.033333 0.021002 0.033333 0 0 0 0 0.47325 -0.084844 0.47325 0.085009 0.00037456 -0.00015704 0.00037456 0.00015704 0 0 0 0 0 0 0 0 0.058263 -0.012463 0.058263 0.012537 0.014411 -0.0057812 0.014411 0.0057812 0 0 0 0
0.0020961 -0.0025603 0.0020961 0.0025603 0.050036 -0.052886 0.050036 0.052886 0.0001517 -0.00031036 0.0001517 0.00031036 0 0 0 0 0 0 0 0 0.17488 -0.14417 0.17488 0.14417 0.38098 -0.20017 0.38098 0.20039 0 0 0 0 0 0 0 0 0.11641 0.055659 0.11684 0.055659 0.44624 0.18811 0.44624 0.18811 0 0 0 0 0 0 0 0 0.079036 0.024459 0.079036 0.024459 0.00076173 0.00044046 0.00076173 0.00044046 0 0 0 0
7.8675e-05 -3.187e-05 7.8675e-05 3.187e-05 0.071821 -0.042142 0.07209 0.042192 0.00067011 -0.00038295 0.00067011 0.00038295 0 0 0 0 0 0 0 0 0.16646 -0.10082 0.16646 0.10082 0.41668 -0.17921 0.41668 0.17921 0 0 0 0 0 0 0 0 0.15997 0.10385 0.15997 0.10549 0.41945 0.17059 0.41945 0.17523 0 0 0 0 0.00041679 0.00040297 0.00041679 0.00040454 0.06656 0.050794 0.066568 0.0512 0.0010161 0.0019462 0.0016758 0.0021868 0 0 0 0
0.00085697 -0.00070955 0.00085697 0.00070955 0.062445 -0.054474 0.062445 0.054474 0.00116 -0.0010519 0.00116 0.0010962 0 0 0 0 0 0 0 0 0.14295 -0.10064 0.14295 0.10131 0.41775 -0.18116 0.41775 0.18214 0 0 0 0 0 0 0 0 0.12195 0.067626 0.12214 0.068262 0.44348 0.1787 0.44348 0.17898 0 0 0 0 1.1633e-05 5.7574e-06 1.1633e-05 1.1633e-05 0.075425 0.033546 0.075425 0.033555 0.0012453 0.00060562 0.0013295 0.00072725 0 0 0 0
0.0014121 0.00035322 0.0018409 0.0012323 -0.0036701 0.0033686 0.0071517 0.010045 0.0015537 -0.0013242 0.0049171 0.0079723 -6.0572e-05 -0.00040934 0.00046065 0.0013904 -0.0068867 0.0033536 0.026101 0.012516 0.090264 0.083322 0.22649 0.39213 -0.047909 0.093395 0.56283 0.16203 0.008346 0.017028 0.049307 0.027536 -0.0032173 -0.0098744 0.0061197 0.010039 0.12512 -0.097546 0.34878 0.28533 -0.12759 -0.12652 0.37548 0.12904 0.0088708 -0.028279 0.029488 0.028279 0 0 0 0 0.00019324 -0.0073009 0.0041971 0.0073009 -0.00088228 -0.0017133 0.0011625 0.0018415 0 0 0 0
0 0 0 0 0 0 0 0 0 0 0 0 7.7798e-05 4.2237e-05 7.7798e-05 6.5994e-05 0 0 0 0 0.19868 0.13994 0.19868 0.14081 -0.18125 0.099346 0.21389 0.19056 0.036647 0.008694 0.04845 0.060237 0.00099637 0.0011763 0.00099637 0.0011763 0.25552 0.029803 0.41652 0.24489 -0.10866 0.10683 0.45865 0.45118 -0.0057088 -0.0031471 0.036425 0.034045 0.0060851 0.0054954 0.0064302 0.012929 -0.0084954 -0.015516 0.074706 0.04304 -0.020448 -0.010325 0.026927 0.029552 0.00053642 -0.0014384 0.0022222 0.0014456
-0.0014747 0.0066348 0.0050135 0.008299 -0.0050831 0.0026948 0.013812 0.014173 -9.0604e-05 0.0085743 0.0050079 0.0085743 -0.00057666 0.00071237 0.00059044 0.00072489 -0.0114 -0.030198 0.054796 0.039012 0.25837 0.014364 0.31568 0.29623 -0.13517 0.13379 0.51334 0.23808 -0.031482 0.021941 0.067184 0.031664 0.00026707 -0.00015685 0.00032763 0.00015685 0.18152 -0.082273 0.19337 0.26811 -0.15691 -0.24445 0.27922 0.24537 -0.0066001 -0.030312 0.046705 0.035877 0 0 0 0 0.00019107 -0.00039091 0.00019107 0.00039091 -0.00015825 -0.00094007 0.00035809 0.00094007 0 0 0 0
0.00028578 -3.6506e-05 0.00028578 8.2256e-05 0.0054228 0.0027493 0.035852 0.030609 -0.011291 0.014582 0.011291 0.014582 0 0 0 0 0.0013422 0.00070579 0.0013863 0.00091998 0.12994 -0.036762 0.24066 0.49277 -0.16048 0.0031394 0.20651 0.2349 -4.8699e-05 0.00073236 0.00022456 0.00073236 0.0019624 4.1343e-05 0.0020011 0.0012764 0.14248 0.0096034 0.20803 0.26423 -0.028023 0.15422 0.20298 0.58607 -0.017112 0.017515 0.03846 0.026019 0.00022705 -1.3538e-05 0.00023217 2.3941e-05 0.032787 -0.003448 0.035264 0.021869 -0.024804 -0.033242 0.044296 0.049371 0.0003741 -0.0043174 0.0044506 0.0043379
0.00044593 -0.00013691 0.00044593 0.00018679 0.029311 0.01174 0.034928 0.057409 -0.038182 0.0014688 0.038182 0.017474 0 0 0 0 0.0019007 -0.00034488 0.0019007 0.00034488 0.24732 -0.082848 0.2583 0.28757 -0.23467 0.2917 0.28838 0.38209 -0.00036452 0.00023909 0.00036452 0.00023909 0.0004257 -0.00020807 0.0004257 0.00020807 0.093078 -0.02694 0.21446 0.19289 -0.031583 -0.33796 0.24112 0.37219 -0.0015937 0.00034138 0.001666 0.00088323 3.4922e-06 3.4922e-06 3.4922e-06 3.4922e-06 -5.2619e-05 -0.00065454 0.00081955 0.00087489 0.0002629 -0.00093973 0.00074718 0.0011383 -4.3265e-05 -9.8155e-05 4.3265e-05 9.8155e-05
0.00030205 -6.1454e-05 0.00030205 7.8581e-05 0.018643 0.010798 0.038827 0.052406 -0.019896 -0.017674 0.034471 0.10815 -0.0010271 -0.00040054 0.0010682 0.00077424 0.00045789 -0.00032199 0.00045789 0.00038414 0.15332 -0.076162 0.16049 0.27587 -0.073161 -0.085043 0.23529 0.57007 -0.0035461 0.001463 0.0045297 0.0019988 7.1103e-05 0.00022299 7.1103e-05 0.00022299 0.1778 0.0052582 0.21008 0.22946 -0.10678 0.043364 0.21285 0.51159 -0.014546 0.0011939 0.014559 0.0019331 0.00011704 -1.6305e-05 0.00011704 5.5573e-05 0.024972 0.013345 0.025217 0.044538 -0.016672 0.029275 0.026055 0.056134 -0.00063828 2.5375e-05 0.00098495 0.0004545
0.002388 0.00021367 0.0024237 0.00050671 0.0063918 0.021822 0.038033 0.071486 -0.011734 -0.0079895 0.041099 0.06351 -3.7504e-05 1.1591e-06 3.7504e-05 4.6167e-05 0.010087 -0.00085691 0.010092 0.0024828 0.099134 -0.040581 0.29037 0.30992 -0.14209 0.048484 0.26719 0.29026 -0.00088811 0.000798 0.00088811 0.000798 0.0086408 -0.00010499 0.0087305 0.0017973 0.1116 -0.014874 0.18708 0.45296 -0.11023 -0.053993 0.2601 0.523 -0.0014127 -0.00074228 0.0014127 0.00083186 0.00093983 -5.9904e-05 0.00094815 0.000302 0.016171 0.025864 0.025947 0.050007 -0.022367 0.02112 0.032327 0.037403 0 0 0 0
0 0 0 0 0.00022409 0.00034165 0.00022409 0.00034165 0.0021323 0.0027615 0.0021441 0.0027733 0.00030777 0.0041751 0.0026085 0.0041996 -7.6715e-05 0.00022379 0.00010267 0.00022379 0.014295 -0.00028555 0.014295 0.0081746 0.18706 0.11309 0.48014 0.30403 -0.023628 -0.011893 0.024048 0.016786 0.0044065 0.016264 0.019258 0.017921 0.11744 0.17952 0.29122 0.38411 0.035785 -0.03958 0.47761 0.32297 -0.026873 0.01069 0.035363 0.069737 -0.0023805 0.00097722 0.0094348 0.0050632 -0.017035 -0.01468 0.056555 0.03569 -0.002567 -0.01018 0.01424 0.013072 -3.8711e-05 -5.3158e-05 0.0001354 0.0001155
-1.2721e-05 -5.7115e-06 1.2721e-05 8.5381e-06 8.3748e-05 0.00086005 8.3748e-05 0.00086005 -0.0001453 0.0001453 0.0001453 0.0001453 0 0 0 0 8.3748e-05 0.00037434 8.3748e-05 0.00037434 0.13922 0.062459 0.2311 0.1975 -0.16452 0.037916 0.16452 0.14775 0 0 0 0 0.0012253 -5.3151e-05 0.0012253 0.00049439 0.28181 -0.019576 0.29602 0.16676 -0.19242 0.24186 0.37464 0.60281 -0.0041307 0.0014041 0.0041307 0.0021002 0.00012665 -1.1107e-05 0.00012665 1.1107e-05 0.025088 -0.0072443 0.026007 0.016837 -0.015129 -0.036002 0.074081 0.060983 -0.00036789 -0.00041852 0.00036789 0.00044119
6.7254e-05 7.4917e-05 7.3637e-05 7.4917e-05 0.00064492 0.0051093 0.0016156 0.0051093 0.0025083 0.0047127 0.0031269 0.0050518 -0.00055348 0.001502 0.0016705 0.0023256 0.00056144 2.3493e-05 0.00078737 0.00078825 0.06585 -0.034571 0.069982 0.12365 0.12841 0.077424 0.6809 0.31296 0.0031664 -0.014886 0.05747 0.046318 0.00050889 -6.5397e-05 0.00086282 0.00071724 0.084361 0.036206 0.084822 0.10353 0.062856 -0.093919 0.52572 0.262 -0.0045963 -0.0037924 0.0065027 0.0059485 6.6548e-05 -3.759e-05 0.00011253 3.759e-05 0.00034338 -0.0073607 0.0048238 0.0074344 -0.00077725 -0.0035764 0.00089537 0.0037731 -2.827e-05 -2.827e-05 2.827e-05 2.827e-05
0 0 0 0 0.00058761 2.1881e-05 0.00058761 2.1881e-05 0.026472 0.01135 0.060016 0.054566 -0.0026433 -0.0014888 0.003256 0.0019288 0 0 0 0 0.16576 0.18107 0.23575 0.25915 -0.098751 0.079299 0.32785 0.38595 -0.0050713 -0.0024098 0.0050713 0.0024098 0 0 0 0 0.26197 -0.098658 0.31804 0.3155 -0.26884 -0.19786 0.26884 0.27075 -0.0012149 -0.00063931 0.0012149 0.00063931 0 0 0 0 0.00080866 -0.012216 0.025333 0.012216 -0.002343 -0.0022596 0.0025013 0.0022596 0 0 0 0
0 0 0 0 0.021078 0.0048642 0.021078 0.011065 -0.0020473 0.013092 0.058321 0.050078 -0.0013667 -0.00049952 0.0013667 0.00049952 0 0 0 0 0.27563 0.016501 0.27563 0.24883 -0.22077 -0.12566 0.29372 0.28217 -0.0031345 -0.00010835 0.0031345 0.00048866 0.0018435 0.0010563 0.0018435 0.0010563 0.16364 0.14278 0.38695 0.42479 -0.18861 -0.00012751 0.23452 0.26078 -0.0026103 -0.00055788 0.0026103 0.00055788 0.00054779 -0.00031145 0.00054779 0.00031145 -0.0043021 -0.053476 0.061839 0.066674 -0.0197 -0.010491 0.023333 0.013206 -0.00014723 -4.3056e-05 0.00014723 4.3056e-05
0.00041849 -0.00014825 0.00042227 0.00028806 0.0041298 -0.0036571 0.015744 0.0096683 0.01416 -0.023726 0.062936 0.092016 -0.0019513 -0.00045792 0.0020255 0.0012946 0.00089536 -0.00017471 0.0013332 0.00082342 0.16751 -0.036953 0.17125 0.10462 0.05237 0.02824 0.18034 0.69059 0.0031735 0.030915 0.034232 0.074023 0.0010185 -0.00072672 0.0010185 0.00072672 0.01327 0.0037297 0.015489 0.014162 0.11763 -0.10302 0.51305 0.31912 0.0010675 -0.048724 0.010646 0.051682 5.3045e-05 -1.1867e-05 5.3045e-05 1.1867e-05 0.0037318 -0.0013055 0.0038558 0.0019642 -0.0022329 -0.013528 0.020749 0.013528 2.5137e-05 -0.00015145 8.3954e-05 0.00015618
0.0022225 -0.00029997 0.0024016 0.00081609 0.014662 -0.015409 0.022401 0.02562 -0.0067638 -0.036895 0.016318 0.063093 -0.002575 9.3009e-05 0.0031168 0.0019669 0.0044963 -0.002335 0.0052432 0.002985 0.20531 0.079508 0.22206 0.15241 0.083911 -0.0068581 0.20124 0.48926 -0.025192 -0.0060695 0.032109 0.071301 0.0078907 0.0013516 0.0080092 0.0045942 0.20708 -0.048194 0.25913 0.16287 -0.14846 -0.084337 0.57445 0.27446 -0.01439 -0.023969 0.022698 0.027982 0.00050846 0.00021955 0.00084188 0.00045378 0.0025074 -0.022208 0.013118 0.027418 0.0028254 0.012302 0.016281 0.020072 -0.0039363 0.0030884 0.0039688 0.0040815
0 0 0 0 0.00088837 0.0002863 0.00088837 0.00062767 -0.00015214 0.0016929 0.0015473 0.0016929 0.0013971 0.00046043 0.0015252 0.0012623 0.00026486 0.00026486 0.00026486 0.00026486 0.019774 -0.0025954 0.020855 0.013058 0.18543 0.078874 0.46564 0.45042 -0.00098377 0.013351 0.068001 0.070002 0.0046512 0.019865 0.015201 0.024024 0.08824 0.15666 0.14698 0.27523 0.08907 0.011126 0.49751 0.33087 -0.019799 -0.016 0.075807 0.061735 0.0084749 -0.0039136 0.011017 0.0068877 0.018882 0.0086985 0.091932 0.057917 -0.043625 -0.0051499 0.077078 0.049345 0.0005353 9.7394e-05 0.0019398 0.0015295
-0.0035261 0.0058387 0.0070705 0.0098351 -0.0028687 0.015226 0.012006 0.024987 -0.0033439 0.0071005 0.0077186 0.011068 -5.5208e-05 0.00031429 0.00016726 0.00031429 7.4233e-06 -0.028311 0.050317 0.041021 -0.041309 -0.10535 0.34952 0.24598 0.076942 0.1194 0.33713 0.44403 0.0054979 0.017397 0.03894 0.031747 -0.00020066 -0.00074744 0.00022683 0.00074744 0.10989 0.012636 0.11148 0.05805 0.084829 -0.082907 0.53768 0.35274 0.036823 -0.013382 0.070268 0.045061 0 0 0 0 0.0010898 -0.00086366 0.0010898 0.00086366 2.6938e-05 -0.0058095 0.0025929 0.0058095 -0.00011392 -6.4133e-05 0.00011392 6.4133e-05
0 0 0 0 0.0093227 -0.0045836 0.0093227 0.00466 0.065512 -0.017116 0.065512 0.017135 0 0 0 0 0 0 0 0 0.00032484 -0.00078486 0.00032484 0.00078486 0.4937 -0.016437 0.4937 0.043111 0 0 0 0 0 0 0 0 0.00326 0.00064708 0.00326 0.0011727 0.46253 -0.12119 0.46262 0.23888 0.0031266 -0.024739 0.0031819 0.024739 -7.7985e-05 0.00017159 0.00012691 0.00020022 9.4341e-05 -2.7995e-06 0.0003523 0.00062619 0.00011416 -0.0017492 0.00039284 0.0017492 0.0013873 -0.0040579 0.0014308 0.0040579
0 0 0 0 0.010062 -0.0053647 0.010088 0.0066476 0.026149 -0.027643 0.054608 0.087999 -0.0027951 -0.0060424 0.0087826 0.0079873 0 0 0 0 0.18876 0.14615 0.2479 0.18718 -0.050185 0.054959 0.34845 0.57025 -0.0023217 -0.0029903 0.011618 0.0079434 0 0 0 0 0.11523 -0.14153 0.24859 0.2226 -0.081009 -0.21919 0.28202 0.32046 -0.0014184 -0.0030051 0.0016745 0.0031584 0 0 0 0 0.0012735 -0.0013213 0.0012735 0.0013213 -0.0013493 -0.001676 0.0013493 0.001676 7.911e-06 -2.5456e-05 2.5456e-05 2.5456e-05
-0.0014418 -0.017403 0.0014418 0.017403 0.012542 -0.079946 0.045922 0.079966 0.023145 -0.015647 0.023145 0.015762 0 0 0 0 -0.00047735 -0.001201 0.000534 0.001201 0.0052823 -0.0050777 0.0056322 0.0050777 0.4775 -0.075243 0.4775 0.08519 0 0 0 0 0.0011777 0.0013366 0.0012855 0.0013366 0.0055326 0.0040102 0.010217 0.0073796 0.47392 -0.039636 0.47392 0.24532 0.00033995 -0.00033995 0.00033995 0.00033995 0.0045344 0.0016402 0.004605 0.0024414 -0.010764 0.0052356 0.010764 0.010908 0.010766 -0.026166 0.010766 0.026166 0.0039269 -0.015545 0.0039269 0.015545
-0.0003627 -0.00061658 0.0003627 0.00061658 0.025123 -0.018249 0.025139 0.018249 0.049571 -0.018946 0.049571 0.018946 0 0 0 0 0 0 0 0 0.0021203 -0.00047717 0.0021203 0.0011331 0.48797 -0.041062 0.48797 0.057385 0 0 0 0 -1.0525e-05 0.00015589 2.2501e-05 0.00015589 0.003258 0.00077137 0.0033487 0.0021344 0.47452 -0.086828 0.47452 0.22912 0.0023915 -0.0078358 0.0023915 0.0078358 -0.00066035 0.0013744 0.0016623 0.0014609 -0.00067378 0.0012902 0.0012801 0.0020023 0.0047345 -0.010501 0.0048655 0.010501 0.0018224 -0.014097 0.0018231 0.014097
3.1876e-05 0.006328 0.0049173 0.0079983 -0.0023829 0.00093776 0.0062156 0.015649 -0.0021568 0.004544 0.0084309 0.01331 0.00034872 0.0015123 0.0006886 0.0015457 -0.02445 -0.029879 0.072768 0.056706 -0.094968 -0.088093 0.3655 0.38811 0.17623 0.10108 0.31855 0.44285 -0.030244 0.016426 0.092161 0.028055 -0.00076634 -0.0012926 0.00081115 0.0013235 0.012702 -0.010482 0.020006 0.014472 0.19387 -0.10698 0.44044 0.30043 -0.0015893 -0.022617 0.056624 0.032808 0 0 0 0 0.00058563 -0.00013074 0.00058563 0.0003084 0.00019976 -0.002305 0.0011149 0.0023498 -0.00013254 -7.5918e-05 0.00013254 7.5918e-05
0.00016976 -0.0028247 0.0013035 0.0035276 0.012252 -9.875e-05 0.046751 0.091874 -0.026933 0.0042768 0.035084 0.012321 -0.00019897 0.00018959 0.00023503 0.00021951 -3.6843e-05 -0.00011935 6.3357e-05 0.00011935 0.25946 -0.14093 0.31695 0.23825 -0.14684 0.17806 0.38844 0.44523 -0.0058421 0.004083 0.01606 0.0094504 0.00039267 2.6384e-05 0.00039267 0.00019276 0.13897 0.0068904 0.1909 0.22788 0.029506 -0.22615 0.24052 0.34183 -0.0094876 0.017911 0.050619 0.032814 0 0 0 0 0.00035424 -0.00032238 0.00035424 0.00032238 0.020092 0.0011392 0.021221 0.018069 -0.0012714 0.0024788 0.0067218 0.012656
0.00011448 -0.00016643 0.00014352 0.00017555 0.03098 0.0082615 0.03137 0.026392 -0.0088062 0.010017 0.023185 0.10909 -0.0034983 -0.0003928 0.0043209 0.0018109 -6.8615e-05 -4.235e-05 9.1961e-05 0.00023318 0.19238 -0.0041304 0.19238 0.062434 0.0016611 -0.018547 0.16094 0.80871 -0.032314 0.0058715 0.03451 0.017238 0 0 0 0 0.14981 -0.034592 0.14981 0.083269 -0.033654 -0.1281 0.24341 0.30066 -0.037966 -0.00098855 0.038341 0.024734 0 0 0 0 0.00071513 -0.00021726 0.00071513 0.00021726 0.0047054 -0.0059157 0.0047054 0.0061232 -0.0023984 -0.0028477 0.0024101 0.0028679
3.8864e-05 -1.2078e-05 3.8864e-05 3.8864e-05 0.060412 0.015802 0.060412 0.032776 -0.058502 0.03283 0.058502 0.03283 0 0 0 0 0 0 0 0 0.25154 -0.029435 0.33113 0.22563 -0.27822 -0.062626 0.27822 0.21809 0 0 0 0 0 0 0 0 0.30729 0.0010646 0.30729 0.066327 -0.31193 0.069657 0.35312 0.34261 0 0 0 0 0 0 0 0 0.054134 0.0068034 0.058757 0.022196 -0.055865 -0.015056 0.055865 0.022601 0 0 0 0
0 0 0 0 0.00021406 0.00021406 0.00021406 0.00021406 0.00064882 0.0040608 0.0025402 0.0040608 0.00027939 0.00041164 0.00035957 0.00041164 0 0 0 0 0.012915 -0.0012129 0.012915 0.0075071 0.24073 0.047702 0.47304 0.42086 -0.033242 0.034138 0.059595 0.041061 0.00034182 0.00034182 0.00034182 0.00034182 0.13573 0.16335 0.19377 0.22246 0.067788 0.036683 0.49141 0.36081 -0.018937 -0.024827 0.056965 0.051881 0.00078421 0.00013228 0.00078421 0.0003486 -0.0049624 -0.028887 0.073694 0.065339 -0.0014478 -0.034834 0.03128 0.039043 -0.0014323 -0.0012943 0.0014907 0.0012953
4.9139e-05 -2.4662e-05 4.9139e-05 9.1776e-05 0.017155 -0.018846 0.019994 0.05333 0.0039553 -0.039645 0.046138 0.091179 -0.0038823 0.002708 0.0051282 0.010717 -2.6185e-05 -0.00014862 0.00014862 0.00014862 0.0066666 -0.0074172 0.0082735 0.010551 0.18444 -0.10619 0.34941 0.61941 -0.016241 -0.022742 0.05977 0.069619 0 0 0 0 0.0044565 -0.0026161 0.0044565 0.0046613 0.17434 0.075319 0.45344 0.4165 -0.0087525 0.0083602 0.052472 0.068132 2.2263e-05 4.504e-05 3.5961e-05 4.5912e-05 -0.00047361 0.0043256 0.0040207 0.0054909 0.011142 0.0055717 0.014698 0.0093754 -0.0027464 0.0048239 0.0052926 0.0064378
0.00064046 -0.00069612 0.0018737 0.0016751 0.010703 -0.032953 0.041416 0.078296 -0.0071109 -0.011518 0.054756 0.055081 -0.00050348 -0.00045495 0.00050348 0.00061073 0.0021635 -0.0015748 0.0027712 0.0019114 0.11383 -0.014608 0.19883 0.13311 0.036999 0.047356 0.29938 0.63459 -0.029268 0.010229 0.036596 0.067534 0.00090974 -0.00015711 0.0011138 0.00084008 0.015122 -0.014236 0.082984 0.050923 0.1498 0.0026509 0.32395 0.5053 -0.014162 -0.0053587 0.051377 0.048123 8.2053e-05 -3.1925e-05 0.00021101 9.9688e-05 0.0019178 -0.0016516 0.003119 0.0024627 0.039116 -0.038093 0.063121 0.076135 -0.0016304 0.011698 0.0047773 0.026734
2.8909e-05 4.7151e-05 0.00012293 0.00013412 0.0043517 0.0046564 0.0055519 0.005333 -0.0033252 0.012624 0.0058442 0.012848 1.4529e-05 0.00019791 9.9614e-05 0.00020451 0.00024124 -0.00041382 0.00084248 0.00072592 0.052239 -0.014301 0.058764 0.028023 0.074086 -0.0062926 0.44711 0.40187 -0.0061675 0.01718 0.011006 0.018062 0.00093631 -0.00027696 0.00093631 0.00027696 0.014172 -0.0058542 0.015759 0.0070554 0.27505 0.045611 0.49108 0.52892 0.022148 0.021037 0.052522 0.14672 0 0 0 0 0.00025651 -0.00028223 0.0003546 0.00028223 0.0022035 -0.0092686 0.0060079 0.0096247 0.0013728 0.00011568 0.001629 0.0018295
0.00013016 -0.00010584 0.00013016 0.00010584 0.0047646 -0.0024896 0.0059936 0.0058741 0.027033 0.070793 0.040347 0.10466 -0.004607 -0.0022513 0.0076017 0.0070477 0 0 0 0 0.053504 -0.010121 0.053504 0.020838 0.13009 -0.14721 0.36036 0.66683 -0.031006 0.031367 0.03658 0.040109 0.00031845 0.00031272 0.00031845 0.00031272 0.0061556 0.0071215 0.0066824 0.01089 0.18239 0.038329 0.35539 0.41435 -0.010791 -0.010279 0.048635 0.057954 0.00012875 -3.9659e-05 0.00012875 3.9659e-05 0.029686 0.01371 0.032093 0.039988 0.0059073 -0.0072436 0.028342 0.1143 -0.0031686 -0.0079477 0.0053234 0.022203
-0.00015409 -0.00070477 0.00047623 0.00070477 0.020462 0.015897 0.07703 0.075364 -0.020312 0.038655 0.069227 0.072736 0.00049348 -0.00025357 0.0014486 0.0017732 -1.9356e-05 -4.913e-05 3.157e-05 4.913e-05 0.039517 -0.11702 0.093687 0.12353 0.1816 -0.073672 0.52694 0.49882 -0.011382 0.034481 0.057182 0.07528 0.0002432 3.7881e-05 0.0002432 0.0001219 0.011438 0.0023113 0.0122 0.010098 0.17511 -0.075556 0.41641 0.3788 0.0040392 -0.036705 0.050468 0.060774 0 0 0 0 0.00049737 -0.00086585 0.00049737 0.00086585 -8.8466e-05 -0.00089809 0.0004859 0.00097198 0.0018025 -0.0019454 0.0024466 0.0022596
4.5569e-05 1.1319e-05 0.00014502 9.6318e-05 0.0068016 0.0048999 0.016044 0.0064635 0.014621 0.017158 0.055773 0.041383 0.0010926 -0.0045958 0.0052054 0.012833 0.004057 -0.00026368 0.0042181 0.0011956 -0.0072321 -0.00057593 0.097556 0.053382 0.18064 -0.078315 0.3582 0.52994 0.0075363 0.04445 0.040887 0.073688 0.0042728 0.00086876 0.0042728 0.0027226 0.055162 0.012981 0.1733 0.059517 0.097831 0.16277 0.46091 0.46786 6.9609e-05 -0.045845 0.043055 0.075158 0.0011218 0.00027813 0.0011666 0.00063164 0.026585 0.0093049 0.037459 0.02111 -0.0082385 -0.01651 0.049346 0.072593 -0.0050908 -0.0029028 0.0051042 0.003045
6.3367e-05 -7.6847e-05 0.00020924 0.00015211 0.01042 -0.014764 0.011063 0.023542 0.0063813 -0.015429 0.027287 0.073639 -0.001541 -0.0024953 0.0034429 0.0056629 -2.7591e-05 -0.00010823 0.00019198 0.0002576 0.00082036 -0.0030229 0.0016856 0.0040005 0.20688 -0.11437 0.32349 0.60226 -0.020923 -0.011127 0.054513 0.090524 0 0 0 0 0.0040888 0.00080243 0.0040888 0.0021034 0.18136 0.095161 0.36105 0.52893 -0.037506 0.0013576 0.040416 0.03946 0 0 0 0 0.0010009 8.5384e-05 0.0010009 0.00025387 0.014957 0.00010296 0.015248 0.014124 -0.0072913 0.0018732 0.0072974 0.0045179
0.00027077 4.5146e-06 0.00027077 4.5146e-06 0.020786 0.028187 0.039735 0.055846 -0.025131 0.0090855 0.027613 0.036775 0 0 0 0 0.0015302 -0.00031141 0.0015302 0.00053514 0.19065 -0.090752 0.33851 0.29012 -0.21582 -0.033857 0.31047 0.40784 0 0 0 0 0.00068312 1.0564e-05 0.00092935 0.00049701 0.23047 0.054879 0.31862 0.25697 -0.26102 0.035141 0.26394 0.25622 0 0 0 0 0.00020411 2.953e-05 0.00020411 2.953e-05 0.030949 0.019343 0.038565 0.051807 -0.037024 0.00086523 0.037105 0.028961 0 0 0 0
0.0061515 0.0019913 0.016626 0.0053542 -0.0015389 0.0030005 0.045864 0.019769 -0.0088217 0.093225 0.026486 0.097372 -5.5596e-05 0.00042835 0.0011896 0.0016136 0.024758 -0.025262 0.036678 0.034356 -0.054354 -0.07157 0.15281 0.16342 0.31186 -0.087004 0.47874 0.40762 -0.069386 0.010911 0.14068 0.035716 -6.6715e-05 -0.00018343 7.9613e-05 0.00018343 0.13599 0.009163 0.13716 0.063067 0.066395 -0.081959 0.41699 0.40103 -0.01148 -0.02936 0.031706 0.029999 0 0 0 0 0.00057636 -0.00069322 0.00057636 0.00069322 0.0001103 -0.0017299 0.0014122 0.0019838 -9.3566e-05 -5.4788e-05 0.0001447 8.4262e-05
0.00012396 -3.4072e-05 0.0003516 0.0002877 0.010814 -0.015354 0.019147 0.031302 -0.011008 -0.0052442 0.027018 0.024569 -0.0012055 0.00058608 0.0013684 0.00090296 -3.1975e-05 -0.00068947 0.0018192 0.0014249 0.0028728 0.008793 0.08941 0.031864 0.17094 -0.061023 0.32874 0.53118 -0.055447 0.0067811 0.063059 0.033551 -0.00020549 0.00011694 0.0010395 0.00038292 -0.0056157 0.0052988 0.13271 0.032933 0.17406 0.042386 0.37668 0.59391 -0.012513 0.0012369 0.045833 0.062997 4.5954e-05 1.9164e-05 8.128e-05 0.00010065 0.0020305 -0.0056142 0.016183 0.010531 0.019281 0.022501 0.028166 0.047137 0.0013709 0.0043537 0.005903 0.016315
-0.0015661 0.0011091 0.016706 0.0070464 0.0012662 0.045267 0.068705 0.088951 -0.010921 0.036459 0.068138 0.054256 -0.0021891 0.0043938 0.0034036 0.0058603 -0.0045502 -0.025256 0.044261 0.028187 0.10657 -0.20974 0.25854 0.28295 0.0678 -0.025276 0.57286 0.3674 -0.0014548 0.0069904 0.072612 0.060814 -2.8248e-05 -0.00028128 0.00014961 0.00028128 0.0054663 -0.0025302 0.0054663 0.0090254 0.10207 -0.17258 0.41098 0.27987 0.027746 -0.027258 0.049161 0.035979 0 0 0 0 0.00026714 -0.00050502 0.00026714 0.00050502 -6.501e-05 -0.00076585 0.0009639 0.000932 4.836e-05 -0.00019632 7.8344e-05 0.00019632
2.8008e-05 -7.5492e-06 2.8008e-05 7.5492e-06 0.021447 -0.0056259 0.021911 0.0084972 0.0044912 -0.021085 0.042103 0.069146 -0.0045307 0.0035743 0.0057968 0.0046966 0.00054298 -8.0715e-05 0.00054298 0.00059836 0.11879 -0.053181 0.14133 0.2583 0.064305 -0.085047 0.42943 0.63474 -0.0092652 -0.0020314 0.079685 0.071736 6.3473e-05 -0.00028371 6.3473e-05 0.00028371 0.0051298 -0.0091313 0.0078386 0.010724 0.2153 -0.020253 0.3017 0.33906 -0.0089894 0.0070224 0.044044 0.14013 0 0 0 0 2.3016e-05 9.0039e-06 2.3016e-05 2.3016e-05 0.021749 -0.016923 0.045323 0.018402 -0.0045008 -0.0027414 0.0058151 0.0037672
0 0 0 0 0.071194 0.00248 0.071391 0.003244 -0.0005216 0.0093632 0.00116 0.0093632 0.00013826 0.0011506 0.00015316 0.0011506 0 0 0 0 0.49498 0.021738 0.49498 0.022619 0.00028835 -0.00028835 0.00028835 0.00028835 0 0 0 0 0.00012157 1.1132e-05 0.00012157 0.00012157 0.49324 -0.021024 0.49363 0.023504 0.0014368 0.00010381 0.0014368 0.00033403 0 0 0 0 0 0 0 0 0.072768 -0.0052667 0.072895 0.0063314 0.00019377 2.6182e-05 0.00019377 0.00011928 0 0 0 0
3.2329e-05 0.00012886 0.00010236 0.00013572 0.0073756 -0.0010419 0.0091674 0.00472 0.0050112 -0.00081458 0.033127 0.020373 0.006271 -0.0065958 0.015009 0.014235 0.00087804 0.00021814 0.0010861 0.00061327 0.0054079 0.015135 0.116 0.047934 0.22481 -0.06429 0.32338 0.5651 -0.017765 0.038988 0.033334 0.10348 0.0015995 0.00056479 0.0017754 0.0013027 5.3918e-05 -0.00625 0.1095 0.036494 0.15883 0.082548 0.41462 0.48965 -0.037742 -0.048542 0.051482 0.085444 5.3431e-05 -8.0061e-05 0.00030923 0.0002945 0.016399 0.014279 0.030692 0.023437 -0.0013314 0.052484 0.053246 0.10566 -0.0017811 -0.00017778 0.0017811 0.00088419
0.00030735 5.7885e-05 0.00030775 0.00015682 0.030319 -0.01525 0.037742 0.037248 -0.015372 -0.029857 0.033542 0.093411 -0.0024785 -0.0011133 0.0024785 0.0018901 0.0010879 -0.0001835 0.0010879 0.00051097 0.033406 -0.0043519 0.11421 0.029943 0.071552 -0.04923 0.3004 0.53057 -0.012184 0.0016344 0.012184 0.0059431 0.001778 -0.000272 0.001778 0.000272 0.076388 -0.012339 0.095643 0.051629 0.081055 0.099812 0.34544 0.64999 -0.017609 0.024091 0.019983 0.029099 0.00018592 -3.1443e-05 0.00018592 3.1443e-05 0.01079 0.0036341 0.011044 0.0050382 0.021453 0.014061 0.04502 0.094226 -0.0026839 -0.0078563 0.0072708 0.0090462
0.00029332 0.00012168 0.0003034 0.00018561 0.028617 0.0046971 0.033662 0.031474 -0.010268 -0.016598 0.036025 0.10862 -0.0012471 3.2494e-05 0.001311 0.0007175 0.0024473 0.00041418 0.0027313 0.0018942 0.11891 -0.033552 0.18993 0.12581 0.032209 -0.039144 0.23398 0.68098 -0.016156 0.052691 0.039695 0.079958 0.00098462 -0.0010876 0.0023617 0.0012964 -0.0018416 -0.028385 0.055674 0.038821 0.23568 0.039629 0.32866 0.44196 1.6438e-05 -0.039439 0.02991 0.093641 8.0452e-05 -4.4542e-05 0.00012025 9.9888e-05 0.0026513 0.0050724 0.008982 0.0086868 0.018501 -0.027801 0.06317 0.043707 -0.0018912 4.7378e-05 0.0022083 0.00090483
0 0 0 0 0.039 0.001144 0.039039 0.0035591 0.051409 0.0019119 0.051409 0.003396 0 0 0 0 0 0 0 0 0.46144 0.047281 0.46144 0.049041 0.16182 0.030695 0.16182 0.03433 0 0 0 0 0 0 0 0 0.46804 -0.049266 0.46804 0.052037 0.15522 -0.035478 0.15522 0.038895 0 0 0 0 0 0 0 0 0.013134 -0.0061111 0.013134 0.0062473 0.075651 -0.016704 0.075651 0.016966 2.7355e-06 -2.7355e-06 2.7355e-06 2.7355e-06
0 0 0 0 0.00088143 0.00088143 0.00088143 0.00088143 0.010146 0.020234 0.022387 0.026784 -0.00080696 -0.0047713 0.0038112 0.0082671 0 0 0 0 0.01834 -0.0049686 0.01834 0.010187 0.23322 0.007184 0.4589 0.56685 -0.035598 -0.0080527 0.037657 0.031377 0 0 0 0 0.021027 0.0040528 0.021027 0.0090288 0.12997 -0.070435 0.4034 0.46908 -0.0029998 -0.0056868 0.011203 0.0058794 0 0 0 0 0.00092441 -0.00044127 0.00092441 0.00067176 0.0029754 -0.017258 0.029269 0.017258 7.3598e-06 -0.0002166 5.0545e-05 0.0002166
-3.1867e-05 -5.6169e-05 4.0664e-05 5.8492e-05 0.046317 0.023971 0.046992 0.02422 -0.00027412 0.075647 0.0066351 0.075647 0.001948 0.0078667 0.0020583 0.0078667 0 0 0 0 0.49248 0.016324 0.49248 0.017816 0 0 0 0 0 0 0 0 0 0 0 0 0.49257 -0.022981 0.49257 0.023926 0 0 0 0 0 0 0 0 0 0 0 0 0.073188 -0.0082188 0.073188 0.0082188 0.00024508 -0.00013851 0.00024508 0.00014692 0 0 0 0
0 0 0 0 0.072851 0.0019828 0.072851 0.0038295 0.00039526 0.00014116 0.00039526 0.00014116 0 0 0 0 0 0 0 0 0.49315 0.036599 0.49315 0.07345 0.00027612 -0.00088146 0.00027612 0.00088146 0 0 0 0 0 0 0 0 0.49026 -0.035866 0.49026 0.065082 0.0041488 -0.00038678 0.0041488 0.0010846 0 0 0 0 4.9204e-05 4.2707e-05 5.0616e-05 4.2707e-05 0.070243 0.0041025 0.070243 0.0087716 0.0013499 -0.00013599 0.0013499 0.00067929 0 0 0 0
-3.1135e-05 6.9931e-05 4.5339e-05 6.9931e-05 0.0017602 0.0012735 0.001871 0.0012735 0.011916 -0.008088 0.047689 0.037208 -0.00035768 0.00035761 0.00035871 0.00037153 0.00040796 0.00069247 0.00098468 0.0011648 0.025113 0.016188 0.025446 0.019653 0.16664 -0.0094974 0.34911 0.50133 -0.00075589 0.014221 0.048817 0.061467 0.001013 0.0011051 0.0022949 0.0014296 0.027506 0.028751 0.10432 0.050845 0.13759 0.17886 0.32044 0.627 -0.028054 -0.014147 0.046032 0.05589 0.00043143 -9.8157e-05 0.0004454 0.00015751 0.012039 -0.0056605 0.021075 0.014325 0.01901 -0.056056 0.038856 0.1127 -0.0086946 0.0030119 0.0087399 0.0058491
0 0 0 0 0.072622 0.0046728 0.072622 0.0048115 0.00024163 7.6056e-05 0.00024163 7.6056e-05 0 0 0 0 0 0 0 0 0.4931 0.018069 0.4931 0.022266 0.00030153 -0.00030153 0.00030153 0.00030153 0 0 0 0 0 0 0 0 0.49506 -0.033618 0.49506 0.03402 0.003118 -0.00021995 0.003118 0.0006778 0 0 0 0 0.0013999 0.0026943 0.001407 0.0026943 0.057607 0.039833 0.057624 0.039833 0.00033889 9.9106e-05 0.00033889 9.9106e-05 0 0 0 0
8.9385e-05 -2.6307e-05 8.9385e-05 5.1985e-05 0.071092 0.0049376 0.071182 0.0053712 0.00056053 0.00027358 0.00073593 0.00044036 0 0 0 0 0.00027667 -1.2694e-05 0.00027667 0.00027667 0.49033 0.040181 0.49099 0.065181 0.0017284 0.00064236 0.0032104 0.0025551 0 0 0 0 0.00013833 6.347e-06 0.00013833 0.00013833 0.49264 -0.036969 0.49264 0.074936 0.0015834 -0.00085094 0.002793 0.0021635 0 0 0 0 0 0 0 0 0.07067 -0.002276 0.07067 0.0077393 0.00031081 0.0001104 0.0004428 0.00013143 0 0 0 0
1.2191e-06 -1.2191e-06 1.2191e-06 1.2191e-06 0.0064669 -0.0035031 0.0066526 0.0036403 0.07174 -0.019065 0.07174 0.019244 0 0 0 0 0 0 0 0 0.0052786 -0.002033 0.0052786 0.0047464 0.49143 -0.054157 0.49143 0.055596 0 0 0 0 0 0 0 0 0.00094843 0.00046746 0.00094843 0.00046746 0.49277 0.031109 0.49277 0.038071 0 0 0 0 -7.7561e-08 7.7561e-08 7.7561e-08 7.7561e-08 0.0030823 0.0012658 0.0030823 0.0014409 0.073771 0.019496 0.073771 0.019908 0 0 0 0
0 0 0 0 0.0015283 0.00077899 0.0015283 0.00077899 -7.8018e-05 0.01574 0.01402 0.01574 0.00045351 -0.00098413 0.00082581 0.0014014 0 0 0 0 0.032923 -0.0067728 0.032923 0.019246 0.1319 0.044993 0.58456 0.52252 -0.0056969 -0.00034625 0.0056969 0.0023956 0 0 0 0 0.020936 0.0047294 0.020936 0.019914 0.10888 -0.028803 0.49818 0.30519 -0.0037487 -0.00018431 0.0037487 0.0010196 0 0 0 0 0.0025772 0.00030523 0.0025772 0.0013963 0.016928 -0.0016578 0.068351 0.046687 -0.00074708 8.5621e-05 0.00074708 8.5621e-05
-0.00023045 0.00043516 0.0077446 0.0088631 -0.017643 0.037346 0.026396 0.0489 -0.0051921 0.0084919 0.0062665 0.015516 -0.00012811 0.00031429 0.00013398 0.00031429 0.0089586 -0.02642 0.041659 0.033858 -0.0073193 -0.22362 0.39662 0.36163 0.079442 0.086219 0.52207 0.27193 0.014412 0.036397 0.047993 0.046087 -9.6835e-05 -0.00034124 0.00018106 0.00034124 0.0022074 -0.00036585 0.0022074 0.0013709 0.13342 -0.15886 0.38606 0.29683 0.024597 -0.04041 0.04918 0.042657 0 0 0 0 0 0 0 0 0 0 0 0 0 0 0 0
0 0 0 0 0.071084 -0.0001561 0.071106 0.00746 0.00051504 7.7953e-05 0.00051504 7.7953e-05 0 0 0 0 0 0 0 0 0.49339 0.015018 0.49339 0.033849 0.00012038 0.00012038 0.00012038 0.00012038 0 0 0 0 0 0 0 0 0.49192 -0.027834 0.49192 0.076879 0.0020088 -0.001251 0.0020088 0.0017114 0 0 0 0 1.2206e-06 1.2206e-06 1.2206e-06 1.2206e-06 0.073459 -0.0057842 0.07347 0.010316 0.001052 -4.9751e-05 0.001052 0.00024394 0 0 0 0
0 0 0 0 0.00020142 4.5062e-05 0.00020142 4.5062e-05 0.071478 -0.00092494 0.071478 0.0090702 0 0 0 0 0 0 0 0 0.0025708 0.00030995 0.0025708 0.00030995 0.49179 0.01013 0.49179 0.087534 0 0 0 0 0 0 0 0 0.0051643 0.00056157 0.0051643 0.00080904 0.49194 -0.011354 0.49208 0.067096 0.00010748 -4.5062e-05 0.00010748 4.5062e-05 0 0 0 0 0.00054243 -0.0001832 0.00054243 0.00020593 0.0681 -0.0049571 0.068384 0.0058379 7.8245e-05 1.6123e-06 7.8245e-05 4.1214e-06
0 0 0 0 0.00067472 9.5498e-05 0.00067472 9.5498e-05 0.027987 0.0074975 0.028966 0.017702 -0.0055512 0.0020621 0.0089138 0.006638 0 0 0 0 0.03167 -0.0037367 0.03167 0.021463 0.21217 -0.018802 0.35411 0.52536 -0.050144 -0.00081551 0.056755 0.078317 0 0 0 0 0.0051498 -0.00077928 0.0051498 0.0030311 0.22717 0.034999 0.44275 0.52664 -0.038357 -0.020371 0.052014 0.027751 0.00016728 9.0913e-05 0.00016728 0.00010213 0.0017645 0.020428 0.018809 0.021243 0.0044225 -0.0052634 0.043748 0.043719 -0.00013814 0.00010628 0.0019334 0.0009545
0 0 0 0 0.0006439 -0.00010269 0.0006439 0.00016295 0.070736 0.0065185 0.070868 0.0083708 0 0 0 0 0 0 0 0 0.0058605 -0.00043634 0.0058605 0.0030682 0.49099 -0.0054257 0.49282 0.043655 0 0 0 0 0 0 0 0 0.0038175 0.00032652 0.0043957 0.0022597 0.49519 0.0055376 0.49616 0.044288 0 0 0 0 0 0 0 0 0.00076114 1.6148e-05 0.00076114 0.0003179 0.072212 0.0014572 0.072212 0.0077523 0 0 0 0
0.00041806 -0.00071951 0.00041978 0.00071951 0.068661 -0.018587 0.06868 0.026857 0 0 0 0 0 0 0 0 0 0 0 0 0.49378 0.03502 0.49378 0.036303 0.00067302 0.00021766 0.00067302 0.0011388 0 0 0 0 0 0 0 0 0.49319 -0.028817 0.49319 0.031475 0.0018569 -0.00032679 0.0018569 0.00079256 0 0 0 0 0 0 0 0 0.074011 -0.0053028 0.074011 0.005392 0.0002057 1.844e-05 0.0002057 0.0001363 0 0 0 0
0.0033055 -0.0069145 0.0033055 0.0069145 0.036902 -0.051111 0.036902 0.051111 0 0 0 0 0 0 0 0 0 0 0 0 0.49611 0.0044785 0.49611 0.059324 0 0 0 0 0 0 0 0 0 0 0 0 0.49224 -0.016253 0.49224 0.017628 0 0 0 0 0 0 0 0 0 0 0 0 0.073911 -0.0052545 0.073911 0.0052832 3.541e-05 -1.2451e-05 3.541e-05 3.541e-05 0 0 0 0
0 0 0 0 0.072361 0.0087323 0.0724 0.0087548 0.00040125 0.0001196 0.00062186 0.0001196 0 0 0 0 0 0 0 0 0.4976 0.022591 0.4976 0.054069 0.0039199 -0.00067397 0.0039199 0.00067397 0 0 0 0 0 0 0 0 0.48932 -0.015481 0.48932 0.043921 0.0045072 -0.0027249 0.0053606 0.0049282 0 0 0 0 0 0 0 0 0.054324 -0.012553 0.054366 0.018443 0.0090835 -0.038668 0.0096718 0.038752 0.00067784 -0.0023459 0.00069572 0.0023459
0 0 0 0 0.069201 -0.0013876 0.069201 0.0064178 0.0058965 0.00019237 0.0058965 0.0026231 0 0 0 0 0 0 0 0 0.49691 0.018794 0.49691 0.037806 0.018893 0.0027678 0.019407 0.0041359 0 0 0 0 0 0 0 0 0.48906 -0.021096 0.48906 0.071364 0.026513 -0.0073536 0.027026 0.010938 0 0 0 0 -6.9472e-08 1.5609e-05 3.5218e-06 1.5609e-05 0.063342 0.0034625 0.063406 0.010016 0.011287 -0.00047178 0.011287 0.0041311 0 0 0 0
0 0 0 0 0.00060501 0.00014841 0.00060501 0.0001907 0.029145 0.017091 0.038692 0.04582 -0.0045409 -0.0027082 0.007224 0.0053595 0 0 0 0 0.011327 -0.001372 0.011327 0.0055439 0.23885 0.050726 0.48469 0.44123 -0.038462 -0.0089627 0.048421 0.02716 0 0 0 0 0.00099062 0.045618 0.030545 0.047823 0.1571 -0.090443 0.41253 0.51391 -0.004393 -0.004015 0.022425 0.0041328 1.6451e-05 5.7849e-06 1.6451e-05 1.6451e-05 0.04036 0.032655 0.06825 0.074899 -0.029325 0.039657 0.082252 0.076286 -0.0019824 -0.00016061 0.0019824 0.00082558
0 0 0 0 0.00234 -0.00022723 0.0023921 0.0017996 0.074725 -0.011307 0.075094 0.013891 0 0 0 0 0 0 0 0 0.0098066 -0.0041685 0.01227 0.01261 0.47887 -0.064525 0.4887 0.067769 0.0013225 -0.00045013 0.0013225 0.00077668 0 0 0 0 0 0 0 0 0.49016 0.063936 0.49016 0.12247 0.0011406 0.00057512 0.0011406 0.00067096 0 0 0 0 0.00033302 0.00016626 0.00033302 0.00021665 0.074945 -0.00071632 0.075032 0.016433 1.3516e-05 -5.9939e-05 1.6993e-05 6.7943e-05
-0.00011452 -2.637e-05 0.00011452 5.2562e-05 0 0 0 0 0.035229 -0.009071 0.052438 0.034805 -0.0087534 -0.0020082 0.0087534 0.0035248 -7.3581e-05 -2.2565e-05 7.3581e-05 2.2565e-05 0.0017215 -0.00026815 0.0017215 0.00086286 0.21247 0.055129 0.48995 0.36618 -0.022041 -0.0048043 0.022041 0.0049772 0 0 0 0 0.18741 0.028651 0.18741 0.10182 -0.032003 0.057783 0.42324 0.54349 -0.011308 -0.0030982 0.011308 0.0030982 0 0 0 0 0.0042359 0.0011273 0.0042359 0.001916 0.013028 -0.013567 0.097768 0.025677 -0.0004302 -0.00015453 0.0004302 0.00015453
0 0 0 0 0.0018215 -0.00012332 0.0018215 0.00098254 0.022561 0.0056226 0.078828 0.068446 -0.0023199 3.6507e-05 0.0023199 0.00023624 0 0 0 0 0.0089681 -0.0026679 0.0089681 0.0051415 0.14573 -0.011998 0.53392 0.20458 -0.0082481 -0.00083485 0.0082481 0.0010473 0 0 0 0 0.14207 0.019013 0.14207 0.084563 -0.0093202 0.040925 0.38631 0.65835 -0.0046078 -0.00028493 0.0046078 0.0013464 0 0 0 0 0.00015988 -0.00015988 0.00015988 0.00015988 0.017007 -0.020939 0.07476 0.035265 -0.00037494 -0.0003261 0.00037494 0.0003261
0 0 0 0 0.0015418 -0.00018868 0.0015849 0.00068029 0.074721 -0.0151 0.074729 0.015297 0 0 0 0 0 0 0 0 0.007068 -0.0019422 0.007068 0.0050554 0.48472 -0.024127 0.4866 0.039732 0.00018019 2.8067e-05 0.00018019 9.0316e-05 0 0 0 0 0.00024679 0.00024679 0.00024679 0.00024679 0.50036 0.038472 0.50036 0.044575 4.9064e-05 -0.00011131 4.9064e-05 0.00011131 0 0 0 0 0.001222 0.00013918 0.001222 0.00064047 0.062348 -0.034257 0.06241 0.034369 0.00013395 -0.00021893 0.00015255 0.00035108
0.00018287 -0.00011369 0.00018327 0.00016069 0.066716 -0.0019881 0.067533 0.013173 0.0003108 -0.00014371 0.00085267 0.00014371 0 0 0 0 0.00051996 0.00025934 0.00086806 0.00071697 0.48805 -0.0011143 0.4894 0.099378 0.0061536 -0.00077678 0.0061536 0.0082531 0 0 0 0 -0.00029173 0.00011766 0.0016227 0.0016042 0.49302 -0.0080504 0.49402 0.094783 0.011189 0.00046042 0.011189 0.0060909 0 0 0 0 0.0037663 0.0059044 0.0039493 0.0059253 0.038006 0.042404 0.038249 0.042509 0.0014505 0.0004112 0.0014505 0.0006222 0 0 0 0
8.2122e-05 -4.7122e-05 0.0001433 9.6426e-05 0.078137 0.0012762 0.078201 0.0070011 0.0015925 -0.0017259 0.0015925 0.0021782 0 0 0 0 0.0012334 0.0021538 0.0021555 0.0024141 0.47703 0.079366 0.48092 0.083361 0.0098709 0.0059316 0.0098709 0.0059316 0 0 0 0 0.00080945 -0.0018769 0.0013842 0.002496 0.49193 -0.084928 0.49463 0.091915 0.0029946 -0.0016123 0.0029946 0.0019217 0 0 0 0 0.00015393 -2.7229e-05 0.00020323 0.00015569 0.079752 -0.010198 0.079798 0.012364 0.0019223 0.00010833 0.0019223 0.0011251 0 0 0 0
9.1129e-05 -0.00012803 0.00016727 0.00017367 -0.00017168 0.0018827 0.016228 0.0040631 0.031739 -0.038271 0.049821 0.10396 0.0022741 -0.0021555 0.0088983 0.021228 0.0012048 8.8185e-05 0.0013177 0.00043392 -0.0031245 0.0028209 0.13463 0.042567 0.20583 -0.0017675 0.36179 0.3379 -0.028608 -0.007521 0.060944 0.038224 0.0014939 0.00054507 0.0014939 0.00062049 0.0030591 -0.01263 0.11981 0.040732 0.22186 0.09838 0.40884 0.63718 -0.046442 0.024616 0.046442 0.067524 0.0001189 2.1087e-05 0.00015923 8.6062e-05 0.0003337 0.005056 0.016476 0.0090039 0.026541 -0.028328 0.04806 0.085823 -0.0059888 -0.015876 0.0060024 0.019071
0 0 0 0 0.00050047 0.00038877 0.0005123 0.00048144 0.051069 0.015411 0.051081 0.016553 0.00062921 0.00025217 0.00065368 0.00040535 0 0 0 0 0.01327 -0.0018799 0.01327 0.0043669 0.48874 0.011173 0.4941 0.12436 0.00032751 0.0011598 0.0011526 0.0014268 0 0 0 0 0.0017757 -0.00054628 0.0020701 0.0016013 0.48982 0.0050466 0.49017 0.075753 0.0017883 -0.00041542 0.0017883 0.00093924 0 0 0 0 0.00010335 -8.6524e-05 0.00028935 0.00058004 0.067932 -0.0014706 0.068276 0.0073025 0.00028771 -0.00014877 0.0003079 0.00028551
0 0 0 0 0.07569 0.01097 0.07569 0.011432 0.00093403 -8.3372e-05 0.0010784 0.00047726 0 0 0 0 0.0003892 -3.3514e-05 0.0003892 0.00012472 0.49098 0.015523 0.4916 0.064684 0.0064257 0.00015196 0.0066542 0.00062824 0 0 0 0 0 0 0 0 0.49466 -0.0072487 0.49466 0.031966 0.0032136 2.2804e-05 0.0032136 0.0015935 0 0 0 0 0 0 0 0 0.072535 -0.00010982 0.072535 0.0066773 0.00011721 9.5959e-05 0.00045786 0.00010603 0 0 0 0
4.4473e-05 -1.3201e-05 4.4473e-05 3.8684e-05 0.071129 0.00025776 0.071129 0.0072447 0.00070936 -0.00012701 0.00070936 0.00017486 0 0 0 0 0 0 0 0 0.49199 0.0063995 0.49199 0.06726 0.0021996 0.0004933 0.0028254 0.0004933 0 0 0 0 0 0 0 0 0.49332 -0.0032582 0.49332 0.061803 0.0019422 0.00028547 0.0019422 0.00028547 0 0 0 0 0 0 0 0 0.072317 -0.005988 0.072317 0.009303 0.00048935 -0.00013204 0.00071068 0.00015887 0 0 0 0
0 0 0 0 0.075371 0.0041732 0.075371 0.0061527 0.00071911 -7.8221e-05 0.00072912 0.00024093 0 0 0 0 0.00046576 4.5353e-05 0.00046576 4.5353e-05 0.49137 0.030269 0.49137 0.03099 0.0056542 0.0004241 0.0062095 0.0014096 0 0 0 0 0.00022915 -7.1781e-05 0.00022915 7.1781e-05 0.49564 -0.022404 0.49564 0.030899 0.0035264 -0.00022534 0.0035264 0.0011541 0 0 0 0 0 0 0 0 0.073793 -0.0039745 0.073793 0.0061058 0.00013302 8.9e-05 0.0004718 0.00011188 0 0 0 0
0 0 0 0 0.0012019 -6.3893e-06 0.0012019 0.00048596 0.071291 -0.0035536 0.07145 0.0061518 0 0 0 0 0 0 0 0 0.0062898 -0.0012878 0.0062898 0.0022702 0.49317 0.0039906 0.4948 0.044665 0 0 0 0 0 0 0 0 0.0048943 0.0007322 0.0048943 0.0024257 0.49236 -0.0077767 0.49236 0.064727 0.0001521 -6.9786e-06 0.0001521 0.0001521 0 0 0 0 7.954e-05 -7.954e-05 7.954e-05 7.954e-05 0.072147 0.0035012 0.072147 0.0071114 0 0 0 0
0 0 0 0 0.071889 0.0016796 0.071936 0.0088863 0.00075402 6.0533e-05 0.00075402 8.2919e-05 0 0 0 0 0 0 0 0 0.49217 0.025665 0.49217 0.045962 0.0013589 -0.00047502 0.0018223 0.0015786 0 0 0 0 0 0 0 0 0.49427 -0.029032 0.49427 0.050258 0.00178 0.00075962 0.00178 0.00075962 0 0 0 0 0 0 0 0 0.071693 0.003459 0.071693 0.0069119 5.0618e-05 -1.8436e-05 5.0618e-05 2.8232e-05 0 0 0 0
0 0 0 0 0.00054593 -7.0966e-05 0.00054593 0.00011845 0.070872 -0.0013928 0.070872 0.0051625 1.4248e-05 5.9885e-06 1.4248e-05 5.9885e-06 0 0 0 0 0.00053878 -0.00018076 0.00053878 0.00053878 0.49491 -0.0072992 0.49491 0.036442 0.00022813 -7.1463e-05 0.00022813 7.1463e-05 0 0 0 0 0.0001131 0.00036107 0.0001131 0.00036107 0.4921 0.0066668 0.49315 0.054416 1.488e-05 6.7501e-05 0.00015781 0.00015781 0 0 0 0 0.00034602 6.5419e-05 0.000593 0.00028166 0.071389 -9.1151e-07 0.071389 0.010232 0 0 0 0
0 0 0 0 0.0016092 0.0010366 0.0016234 0.0015886 -0.0011418 0.0015876 0.0018271 0.0023543 -0.00025152 0.00012812 0.00025152 0.00012812 0.0002339 -1.0732e-05 0.0002339 0.0002339 0.0458 -0.0025528 0.046536 0.025177 0.053215 -0.0074734 0.43065 0.34424 0.0044317 0.027427 0.089009 0.052185 0.0002022 0.00048569 0.0002022 0.00082318 0.024463 0.0013491 0.025848 0.013694 0.26727 0.074347 0.37603 0.65202 -0.030187 -0.00084502 0.06242 0.14564 5.6516e-05 2.5105e-05 9.1279e-05 5.8492e-05 0.0055637 0.00045494 0.0063328 0.0020551 0.020427 -0.014877 0.046539 0.048525 -4.3073e-05 0.0070943 0.006857 0.022613
5.1203e-05 -1.453e-05 5.1203e-05 2.7168e-05 0.0011194 -1.7769e-05 0.0012815 0.00036436 0.072027 0.00048701 0.072159 0.01029 -6.4741e-06 -6.0474e-05 0.00010096 6.0474e-05 0 0 0 0 0.0028034 1.1303e-05 0.0047743 0.002993 0.49446 -0.020357 0.49517 0.079817 0.0012968 5.385e-05 0.0013628 0.00056872 0 0 0 0 0.0043126 0.00039173 0.0055983 0.0030034 0.48478 0.00807 0.48849 0.091238 0.0013076 0.00013792 0.0013076 0.00091503 -7.2011e-06 9.3082e-05 3.3592e-05 9.7061e-05 0.0097289 0.012973 0.011047 0.013216 0.065166 0.028841 0.066067 0.029861 0.00014543 1.1311e-05 0.00014543 1.3964e-05
0 0 0 0 0.074402 0.0091958 0.074402 0.010146 0 0 0 0 0 0 0 0 0 0 0 0 0.49476 0.0098661 0.49476 0.018311 0 0 0 0 0 0 0 0 0 0 0 0 0.49401 -0.007818 0.49401 0.016088 0 0 0 0 0 0 0 0 0 0 0 0 0.071811 7.6188e-05 0.071811 0.0028941 0 0 0 0 0 0 0 0
0 0 0 0 0.071155 0.0010579 0.071155 0.0015619 0 0 0 0 0 0 0 0 0 0 0 0 0.49187 -0.0030255 0.49187 0.010123 0 0 0 0 0 0 0 0 6.8354e-05 6.8354e-05 6.8354e-05 6.8354e-05 0.49549 0.040924 0.49549 0.10186 0 0 0 0 0 0 0 0 0.006808 0.014772 0.0068143 0.014772 0.016398 0.029649 0.016398 0.029649 0 0 0 0 0 0 0 0
0.00060028 -0.0011775 0.00060028 0.0011775 0.068463 -0.016993 0.068463 0.026413 0 0 0 0 0 0 0 0 0 0 0 0 0.49369 0.017374 0.49369 0.017374 0 0 0 0 0 0 0 0 0 0 0 0 0.49531 -0.011923 0.49531 0.01239 0 0 0 0 0 0 0 0 0 0 0 0 0.072798 -0.0023369 0.072798 0.0024297 0 0 0 0 0 0 0 0
5.66e-05 0.00010171 5.66e-05 0.00010171 0.020723 -0.018416 0.035538 0.060048 -0.019801 -0.0060362 0.035598 0.041514 0 0 0 0 0.00098766 0.0002043 0.0010689 0.0010877 0.15472 -0.016958 0.20421 0.15256 0.023094 0.16838 0.2263 0.61124 -0.027792 0.032776 0.030323 0.043351 0.0010351 -0.00046623 0.0010351 0.00046623 0.030851 -0.017554 0.040607 0.050602 0.13274 -0.20353 0.50079 0.34684 -0.0059682 -0.031815 0.030377 0.037861 0.00011428 -3.3422e-05 0.00011428 3.3422e-05 0.0083551 -0.0011563 0.0084441 0.0015794 0.017798 0.010858 0.032785 0.049838 -0.0099419 0.0028472 0.01023 0.0055726
0 0 0 0 0.073997 0.0075668 0.073997 0.010895 4.0104e-05 1.7332e-05 4.0104e-05 4.0104e-05 0 0 0 0 0.0001309 -1.1986e-05 0.0001309 0.0001309 0.49196 0.0067436 0.49196 0.058098 0 0 0 0 0 0 0 0 0 0 0 0 0.49409 -0.016215 0.49464 0.04229 0.0016953 -0.00059365 0.0016953 0.00059365 0 0 0 0 1.2567e-06 1.2567e-06 1.2567e-06 1.2567e-06 0.072355 0.0036473 0.072355 0.0073525 0.00050993 7.7823e-05 0.00050993 0.00029867 0 0 0 0
0 0 0 0 0.071861 0.00077274 0.071861 0.01022 0.00018715 0.00011999 0.00028007 0.00011999 0 0 0 0 0 0 0 0 0.49198 -0.00075519 0.49198 0.040815 0.0023309 0 0.0023309 0 0 0 0 0 0 0 0 0 0.49479 -0.0035651 0.49479 0.062339 0.0050628 -0.00069373 0.007931 0.0021631 0 0 0 0 3.2541e-05 1.1719e-05 3.2541e-05 1.1719e-05 0.070593 -0.0011277 0.071423 0.0087976 0.00094484 4.1873e-05 0.00094484 0.00020308 0 0 0 0
0 0 0 0 0.071129 -0.0057414 0.071129 0.008808 0.00040053 -0.00021298 0.00054599 0.00021298 0 0 0 0 0 0 0 0 0.49141 0.0048913 0.4933 0.0423 0.0064471 -8.9538e-05 0.0080102 0.0013717 0 0 0 0 0.0003922 3.3772e-05 0.0003922 0.00012568 0.4953 0.0014841 0.4953 0.04424 0.0034237 0.0011027 0.0034237 0.0011027 0 0 0 0 1.7686e-05 5.4961e-06 1.7686e-05 1.7686e-05 0.071939 -0.0029782 0.071939 0.0053471 0.00024523 -0.00014356 0.00024523 0.00023597 0 0 0 0
0 0 0 0 0.073122 -0.00069669 0.073122 0.0090892 0.00028936 -9.794e-05 0.00028936 0.00021842 0 0 0 0 0 0 0 0 0.4944 0.015475 0.4944 0.035664 0.0014992 0.00041123 0.0014992 0.00041123 0 0 0 0 0 0 0 0 0.4942 -0.0069314 0.4942 0.010623 0.00082304 -0.0003443 0.00082304 0.00082304 0 0 0 0 0 0 0 0 0.071455 0.00019027 0.071455 0.0022599 0.00020377 4.5587e-05 0.00020377 4.5587e-05 0 0 0 0
0 0 0 0 0.0015634 0.00020228 0.0015634 0.0008799 0.074806 -0.0023525 0.076297 0.0082637 0.00069308 0.00033366 0.00069308 0.00058292 0 0 0 0 0.0051469 -0.002431 0.0087296 0.0094818 0.49272 -0.062341 0.49272 0.098712 0.0015258 -0.00089168 0.0022651 0.0031233 0 0 0 0 0.005053 0.0013391 0.0064756 0.0039655 0.48657 0.044886 0.48722 0.0567 0.0029317 0.0017659 0.0029317 0.001971 0 0 0 0 0.0017415 0.00031759 0.0029911 0.0022953 0.068162 -0.0058268 0.069894 0.0073246 0.00059626 -0.00024132 0.00064081 0.00029325
1.2798e-06 -1.2798e-06 1.2798e-06 1.2798e-06 0.071725 0.0041796 0.071725 0.0072497 0.00066894 2.5913e-06 0.00066894 0.00018647 0 0 0 0 0 0 0 0 0.49092 -0.010474 0.49092 0.036513 0.0036617 0.0002772 0.0036617 0.0017955 0 0 0 0 0 0 0 0 0.49504 0.011978 0.49504 0.073923 0.00031619 0.00031619 0.00031619 0.00031619 0 0 0 0 2.6713e-05 8.6702e-06 2.6713e-05 1.4519e-05 0.071399 -0.0051866 0.071399 0.014279 0.00030893 -0.00028049 0.00030893 0.0002999 0 0 0 0
-7.3424e-07 -1.2539e-05 2.4611e-06 1.2539e-05 0.082921 -0.028906 0.082921 0.028917 0.0075087 -0.0055568 0.0075087 0.0056992 0 0 0 0 0 0 0 0 0.20106 -0.039358 0.20106 0.043324 0.44783 -0.034811 0.44783 0.039064 0 0 0 0 0 0 0 0 0.21181 0.033094 0.21234 0.036117 0.4398 0.035268 0.4398 0.03846 0 0 0 0 0 0 0 0 0.080468 0.022739 0.080468 0.022874 0.011758 0.0068788 0.011758 0.0068788 0 0 0 0
0 0 0 0 0.00058944 0.00031862 0.00058944 0.00031862 0.06971 0.0094107 0.069804 0.010064 6.0304e-06 1.165e-05 6.0304e-06 2.6955e-05 0 0 0 0 0.0043493 -0.0003482 0.0043493 0.0022186 0.49407 -0.008734 0.49432 0.048424 8.1e-05 -8.1e-05 8.1e-05 8.1e-05 0 0 0 0 0.0035237 -0.00080639 0.0035237 0.0025641 0.49298 0.00061243 0.49347 0.051627 0.00055849 3.2336e-05 0.00055849 3.2336e-05 0 0 0 0 0.00020869 -4.6688e-05 0.00020869 4.6688e-05 0.070334 -0.002369 0.070334 0.0034301 0 0 0 0
0.00036101 2.5226e-05 0.00043335 0.00039907 0.065292 -0.0088286 0.065352 0.01754 0.00029137 -0.00040893 0.00029137 0.00051455 0 0 0 0 0.0022505 0.00074901 0.0023714 0.0025281 0.48492 -0.00037655 0.50412 0.080716 0.020108 0.0041562 0.023429 0.01643 0 0 0 0 0.002193 -0.0013101 0.0028839 0.0022488 0.4864 0.0024983 0.49391 0.064502 0.012259 -0.0046901 0.013218 0.011424 0 0 0 0 0.00021632 0.00029675 0.00038805 0.00035676 0.065722 0.0084197 0.065932 0.0089551 0.0016031 0.00082062 0.0016031 0.00082062 0 0 0 0
0 0 0 0 0.072913 0.00011507 0.072913 0.0038825 0.00042982 3.6084e-05 0.00042982 5.5392e-05 0 0 0 0 0 0 0 0 0.49295 0.0059297 0.49295 0.046037 0.0017997 0.00039922 0.0021624 0.00039922 0 0 0 0 0 0 0 0 0.49461 -0.002709 0.49461 0.041258 0.0027866 -0.00061002 0.0035758 0.00061002 0 0 0 0 1.2734e-06 1.2734e-06 1.2734e-06 1.2734e-06 0.071276 -0.0011834 0.071299 0.0040328 0.0009048 9.6697e-05 0.0012778 0.00016787 0 0 0 0
-0.0016263 -0.00084573 0.0016263 0.00084573 0.00019892 0.00019892 0.00019892 0.00019892 -7.9411e-05 0.0013716 7.9411e-05 0.0013716 0.014777 -0.013605 0.014777 0.015038 -0.00016111 8.1273e-05 0.00016111 0.00016111 0.0034558 -0.00071945 0.0034558 0.00071945 0.14433 0.069133 0.55296 0.38695 -0.0073258 0.00031914 0.0073359 0.0032327 -0.029319 0.010969 0.029319 0.010969 0.0058273 0.00098434 0.0058273 0.0018935 0.1375 0.036735 0.62979 0.29812 -0.0039206 -0.00074181 0.0039206 0.00074181 -0.0066143 -0.001262 0.0066143 0.001262 0.0016711 0.00076396 0.0016711 0.0012226 0.018069 -0.001563 0.095306 0.023465 -0.0005147 9.3054e-05 0.0005147 0.00010764
0 0 0 0 0.00020421 4.5686e-05 0.00020421 4.5686e-05 0.071364 0.0022747 0.071364 0.0065103 0 0 0 0 0 0 0 0 0.0025788 -0.00034182 0.0025788 0.00091516 0.49478 -0.01786 0.49478 0.041484 0 0 0 0 0 0 0 0 0.0015459 0.00013312 0.0015459 0.00049537 0.49333 0.010965 0.49333 0.027784 0 0 0 0 0 0 0 0 0 0 0 0 0.072025 0.003256 0.072025 0.0079737 0 0 0 0
0.00012719 -0.00071177 0.00012719 0.00071177 0.039303 0.006663 0.040792 0.010757 -0.039749 0.020063 0.039749 0.020063 0.0012321 9.5037e-05 0.0012321 0.00069509 0 0 0 0 0.31735 -0.0006177 0.31735 0.03279 -0.314 -0.03231 0.314 0.10965 0.06486 0.010692 0.06486 0.016565 0 0 0 0 0.36412 0.0045561 0.36412 0.091174 -0.36649 0.0092433 0.36649 0.15082 0.033479 -0.01882 0.033479 0.019823 0.00045566 0.011889 0.00048278 0.011889 -0.01558 0.019899 0.023506 0.036203 -0.0037155 -0.011698 0.0075115 0.011698 0.002881 0.00091243 0.002881 0.00091243
0 0 0 0 0.0015911 0.00071729 0.0015911 0.0015274 0.084594 -0.016042 0.085498 0.017634 6.6998e-05 5.996e-05 0.00032501 0.00026006 0 0 0 0 0.01408 -0.0043035 0.01408 0.0075272 0.4833 -0.065289 0.48688 0.081612 0.0022714 -0.0005588 0.0028919 0.0016909 0 0 0 0 0.0050095 0.0025728 0.0071936 0.0065759 0.48795 0.047822 0.49009 0.093554 0.0039324 -0.00042195 0.0052583 0.0035848 0 0 0 0 0.002235 -0.00039284 0.0024199 0.0015365 0.079334 0.013202 0.081143 0.018675 0.00033376 8.0815e-05 0.00033376 0.00027274
0 0 0 0 0.0013116 -0.00011129 0.0013116 0.00055477 0.076496 -0.0032242 0.076496 0.0076441 0.00014661 -9.403e-05 0.00014661 9.403e-05 0 0 0 0 0.00049493 -0.00049493 0.00049493 0.00049493 0.49415 -0.040844 0.49591 0.046035 0.0024757 -4.9166e-05 0.0031012 0.0016621 0 0 0 0 0.010464 0.002255 0.010464 0.0071142 0.48737 0.036712 0.48986 0.059483 0.001792 3.6905e-05 0.0036714 0.0036694 0 0 0 0 0.00085126 0.00075434 0.00089483 0.00095234 0.075329 0.010044 0.075329 0.012932 0.00040035 -9.9828e-05 0.00040562 0.0002611
0 0 0 0 0.00019574 -5.5545e-05 0.00019574 0.00010386 0.070458 0.0058602 0.070458 0.0086477 0 0 0 0 0 0 0 0 0.00095019 -0.00010613 0.00095019 0.00047039 0.49246 -0.0041239 0.49246 0.058626 0 0 0 0 0 0 0 0 0 0 0 0 0.49565 -0.0007158 0.49565 0.035145 0 0 0 0 0 0 0 0 0 0 0 0 0.065163 -0.012334 0.065269 0.014993 0.00068818 -0.0023325 0.00069557 0.0023325
0 0 0 0 0.070767 -0.0066727 0.070767 0.011037 0.00030356 8.5693e-07 0.0003135 1.9864e-05 0 0 0 0 0 0 0 0 0.49512 0.011072 0.49512 0.041325 0.00083943 0.00023513 0.00083943 0.00023513 0 0 0 0 0 0 0 0 0.4927 -0.0046081 0.4927 0.042565 0.00050682 -0.00028383 0.00075409 0.00075409 0 0 0 0 0 0 0 0 0.063558 -0.02 0.063566 0.020141 0.0049473 -0.026583 0.0051035 0.026583 0.00049291 -0.0015931 0.00053027 0.0015931
0 0 0 0 0.071735 0.0022054 0.071735 0.0032624 0 0 0 0 0 0 0 0 0 0 0 0 0.49453 0.0012773 0.49453 0.010689 0 0 0 0 0 0 0 0 0 0 0 0 0.49492 -0.0062722 0.49492 0.012457 0 0 0 0 0 0 0 0 0.00025903 0.0005761 0.00025903 0.0005761 0.070925 0.0060655 0.070925 0.016825 0 0 0 0 0 0 0 0
0 0 0 0 0.00080581 -1.1092e-05 0.00081447 0.00019485 0.069863 0.0041902 0.069863 0.0092627 4.726e-06 1.8488e-06 4.726e-06 4.726e-06 0 0 0 0 0.011751 -0.0010444 0.0124 0.010296 0.49058 0.0068566 0.49261 0.076859 0 0 0 0 0 0 0 0 0.011315 0.0015723 0.011315 0.0035216 0.49093 0.0016629 0.49698 0.046767 2.0628e-05 -9.2204e-05 2.0628e-05 9.2204e-05 0 0 0 0 0.00079004 -0.00020057 0.00094773 0.00045253 0.070262 -0.0046607 0.070522 0.0069557 0.00015762 -4.943e-05 0.00015762 7.6659e-05
0.00035867 -9.568e-05 0.00038599 0.00037405 0.07995 0.00096326 0.080018 0.022619 0.0018392 0.0012101 0.0026412 0.0035477 3.5289e-06 3.5289e-06 3.5289e-06 3.5289e-06 0.00070107 -3.8267e-05 0.0057172 0.0030908 0.48009 0.054975 0.48055 0.093207 0.0049877 0.0028527 0.0058596 0.0059121 0 0 0 0 0.00049463 -1.9614e-06 0.0016132 0.0013422 0.49689 -0.0452 0.49803 0.058839 0.0064811 -0.0017576 0.007353 0.0076203 0 0 0 0 0.00016001 -9.244e-05 0.00023467 0.0002865 0.078641 -0.01103 0.079305 0.01439 0.00063035 -0.00015031 0.00093221 0.00069008 1.8234e-05 -6.6413e-06 1.8234e-05 1.017e-05
0 0 0 0 1.6936e-05 -6.6256e-06 1.6936e-05 1.6936e-05 0.071974 -0.0044924 0.071974 0.0068823 -2.2307e-05 -1.8572e-05 8.3012e-05 1.8572e-05 0 0 0 0 0.00058616 0.0018712 0.00058616 0.0018712 0.49766 -0.0008046 0.49896 0.049176 -1.3703e-05 5.0995e-05 5.0995e-05 5.0995e-05 0 0 0 0 0.0034262 -0.0012001 0.0034262 0.0029072 0.48948 -0.00077281 0.48973 0.034125 0.00011141 -4.6707e-05 0.00011141 4.6707e-05 0 0 0 0 0.00045501 9.9967e-05 0.00045501 0.00037202 0.070207 -0.0038965 0.070224 0.0051721 6.7398e-05 5.5863e-06 6.7398e-05 1.7976e-05
0 0 0 0 0.00081401 3.1176e-05 0.00081401 0.0001497 0.073654 -0.0074548 0.073654 0.0086893 0 0 0 0 0 0 0 0 0.0019147 -0.00058719 0.0019147 0.00058719 0.49345 -0.016058 0.49345 0.030503 0 0 0 0 0 0 0 0 0.0021264 0.0015701 0.0021264 0.0015701 0.49389 0.025323 0.49389 0.034674 7.6538e-05 -1.3901e-05 7.6538e-05 7.6538e-05 0 0 0 0 0.0020739 6.6269e-05 0.0020739 0.00051337 0.07399 0.0093041 0.07399 0.0093823 0 0 0 0
0 0 0 0 0.0044116 -0.0010932 0.0044524 0.0018181 0.076518 -0.021306 0.077024 0.024528 0.00015691 -0.00012757 0.00016125 0.00018562 0 0 0 0 0.002476 -0.0013616 0.002476 0.0013616 0.49228 -0.013429 0.49228 0.06211 0.0037208 -0.0014588 0.003863 0.0045418 0 0 0 0 0.0054181 0.0028373 0.0054181 0.0038158 0.49006 0.015881 0.49392 0.035635 0.0029355 0.00034265 0.0062233 0.0054733 0 0 0 0 0.0012953 -0.00055586 0.0012953 0.00085395 0.077248 0.013235 0.077718 0.018611 0.00050933 0.00012294 0.00055894 0.0004255
0 0 0 0 0.00034904 -0.00033498 0.00034904 0.0003884 0.063053 7.2607e-05 0.06355 0.014446 0.0001355 6.1533e-05 0.0001898 0.00015875 0 0 0 0 0 0 0 0 0.47294 0.056257 0.47294 0.061423 0.001277 0.00072176 0.001277 0.00097042 0 0 0 0 0.0033363 0.0018585 0.0033363 0.0018585 0.49873 -0.043192 0.50313 0.17239 0.0024953 -0.0015587 0.0030071 0.0019697 0 0 0 0 0.0013447 -0.00075586 0.0013447 0.00075586 0.040817 -0.017581 0.040874 0.018189 0.0029041 -0.0010875 0.002981 0.0015444
0.0001063 -0.00010236 0.00010792 0.00016188 0.0039759 -0.0077494 0.0045438 0.0082722 0.079044 -0.0371 0.079947 0.039039 0.00063478 0.0001541 0.00070003 0.00058068 0 0 0 0 0.0028841 -0.0024915 0.0070255 0.007293 0.48922 -0.01427 0.49227 0.070991 0.00030361 -0.00374 0.0077118 0.0056134 0 0 0 0 0.0097063 0.0047929 0.013016 0.0088933 0.48455 0.015629 0.48864 0.1082 0.00038967 0.0039995 0.004594 0.0056288 0 0 0 0 0.00020599 -0.00088711 0.00080867 0.0013171 0.074365 -0.0020308 0.074404 0.012134 0.00011687 -0.00015584 0.00059185 0.00038274
8.6366e-07 -3.1259e-05 6.903e-06 3.1259e-05 2.8997e-05 -0.00094767 0.00038524 0.00094767 0.060004 0.020615 0.061823 0.020797 0.001136 0.0044326 0.0011599 0.0044326 0 0 0 0 0 0 0 0 0.4959 0.0030562 0.4959 0.0088568 0 0 0 0 0 0 0 0 0 0 0 0 0.49371 -0.012058 0.49371 0.012401 0 0 0 0 0.00017055 0.0016939 0.00025651 0.0016939 0.010243 0.02667 0.010243 0.02667 0.060692 0.038352 0.060692 0.038447 0 0 0 0
-8.7395e-06 3.2523e-05 3.2523e-05 3.2523e-05 0.07436 0.011662 0.074455 0.014178 1.7096e-05 6.6879e-06 1.7096e-05 1.7096e-05 0 0 0 0 0.00047034 -4.3282e-06 0.00053565 9.8621e-05 0.49678 0.0016733 0.49932 0.052062 0.00032429 -0.00032429 0.00032429 0.00032429 0 0 0 0 0.00048417 -4.7146e-05 0.00048417 4.7146e-05 0.48861 0.0037791 0.48986 0.036369 0.0034254 -0.00021919 0.0036843 0.0014593 0 0 0 0 6.9173e-05 2.0885e-05 6.9173e-05 3.2883e-05 0.069301 0.0049879 0.069301 0.0084498 0.00045034 -7.0519e-06 0.00045034 0.00020177 0 0 0 0
0 0 0 0 0.072219 0.0016576 0.072219 0.0019469 0 0 0 0 0 0 0 0 0 0 0 0 0.49227 0.007854 0.49227 0.013805 0 0 0 0 0 0 0 0 0 0 0 0 0.4963 -0.023841 0.4963 0.03383 0 0 0 0 0 0 0 0 0.0019086 0.0044173 0.0019111 0.0044173 0.051325 0.049973 0.051325 0.049973 0 0 0 0 0 0 0 0
0 0 0 0 0.072767 0.0037379 0.072767 0.0037379 0 0 0 0 0 0 0 0 0 0 0 0 0.49583 0.0082496 0.49583 0.011004 0 0 0 0 0 0 0 0 0 0 0 0 0.49238 -0.0021539 0.49238 0.0094905 0 0 0 0 0 0 0 0 -6.1889e-06 1.2195e-05 8.0017e-06 1.2195e-05 0.055559 -0.038149 0.055559 0.038149 0.014316 -0.038874 0.014316 0.038874 0.00048254 -0.00055722 0.00048254 0.00055722
1.4339e-05 -6.0268e-06 1.4339e-05 6.0268e-06 0.071455 0.00053946 0.071455 0.011816 0.00039344 9.5317e-05 0.00039344 0.00012626 0 0 0 0 0 0 0 0 0.49264 0.0014037 0.49264 0.031212 0.005025 0.00027059 0.005025 0.00134 0 0 0 0 0 0 0 0 0.49454 -0.0030428 0.49454 0.05944 0.0014327 0.0002373 0.0014327 0.0002373 0 0 0 0 0 0 0 0 0.072441 -0.00058655 0.072441 0.0076151 5.0415e-05 -8.1912e-05 8.337e-05 0.00010109 0 0 0 0
