-0.00011959 8.1308e-05 0.0001464 0.00010468 0.016816 0.0095134 0.019547 0.010166 0.051106 0.013074 0.051174 0.013188 2.1697e-05 6.7428e-06 2.1697e-05 2.1697e-05 -0.0025047 -0.0041595 0.0026979 0.0042506 0.429 0.11723 0.44315 0.13652 0.02916 -0.0018548 0.032933 0.028721 0.0002613 -8.284e-05 0.0002613 0.0002613 -0.0034497 0.025304 0.010562 0.029421 0.21177 -0.13944 0.29559 0.25025 0.057353 -0.38008 0.24285 0.38301 0.014611 -0.017744 0.014611 0.017744 -0.0025025 -0.00061564 0.0030269 0.0013109 -0.021402 0.017837 0.026559 0.038075 -0.0036275 0.014925 0.011179 0.062769 0.0055476 -0.0074026 0.0066945 0.013148
-0.0015955 0.00011194 0.0037829 0.00097407 0.063225 -0.047945 0.06632 0.049451 -0.033903 -0.077944 0.044638 0.089315 -0.0015947 0.0024501 0.0047332 0.013971 -0.012676 0.0010692 0.031645 0.0039772 0.25553 0.091651 0.30974 0.16089 -0.0087796 0.091183 0.29554 0.30884 0.0012366 -0.00053215 0.022112 0.019192 -0.013368 -0.00032112 0.032693 0.004698 0.20835 -0.13968 0.26056 0.14439 -0.047006 -0.013145 0.323 0.54428 0.0063228 0.013249 0.02094 0.1112 -0.0022357 -3.195e-05 0.0050994 0.00093913 0.0055603 0.004854 0.011844 0.0063306 0.074329 0.016343 0.074329 0.016343 0 0 0 0
0.00060315 0.0021167 0.001529 0.0024365 0.050811 -0.030699 0.055109 0.031572 0 0 0 0 0 0 0 0 -0.0093305 -0.0055537 0.018041 0.010744 0.43814 0.027909 0.45579 0.078533 0.0012991 -0.00025109 0.0012991 0.00084681 0 0 0 0 0.0091153 0.0064316 0.017275 0.014881 0.12383 -0.048454 0.32662 0.36319 0.18244 -0.25194 0.19515 0.43468 0.014416 -0.018272 0.014416 0.018272 0.007428 7.7252e-05 0.0078163 0.0046407 0.0015178 -0.0090791 0.038626 0.018834 -0.0081253 0.0073092 0.023777 0.023198 0.0030062 -0.0014885 0.0074113 0.0085116
-0.0046465 -0.0035432 0.0046841 0.0035664 -0.017607 0.0062073 0.022682 0.035187 0.027548 0.023689 0.028927 0.030376 0.0085469 0.005704 0.0085666 0.0060849 -0.0093457 -0.016082 0.015667 0.022764 0.2611 0.17066 0.28425 0.26639 0.19723 0.28493 0.2103 0.28493 0.0023662 0.0026291 0.0023786 0.0026291 -0.0011504 0.0026542 0.0023947 0.004171 0.48883 -0.062948 0.48883 0.077984 0.011686 -0.0021495 0.011686 0.0076247 0 0 0 0 0.00020585 -0.00010698 0.00028311 0.00046302 0.071485 -0.0095355 0.071846 0.0099344 0.004758 -0.0010067 0.0048512 0.0026854 0 0 0 0
-0.0011837 0.00040818 0.0022538 0.0071311 0.061056 -0.0013152 0.087144 0.017837 0.0093673 -0.00063496 0.0093673 0.0028413 0 0 0 0 -0.058984 0.0021733 0.060251 0.010767 0.45823 0.10707 0.51524 0.14062 0.019324 0.0070126 0.019324 0.0070126 0 0 0 0 -0.030358 -0.024777 0.03106 0.035015 0.25563 -0.21577 0.28291 0.23067 0.22122 -0.24872 0.22122 0.24908 0.00014225 -5.9638e-05 0.00014225 5.9638e-05 -0.00017632 0.0003464 0.00017632 0.00045079 0.00022884 -0.0010457 0.0015841 0.0038313 0.025149 -0.025253 0.025202 0.025749 0.0055394 -0.0047619 0.0055394 0.0047687
0.00099029 0.0023179 0.0088018 0.0041058 -0.01201 0.005209 0.023898 0.025984 0.024017 -0.0026478 0.070872 0.019885 0 0 0 0 0.023194 -0.018367 0.069705 0.022311 -0.13581 -0.12468 0.19953 0.19855 0.24911 0.005549 0.55042 0.15263 0 0 0 0 0.029984 -0.0045232 0.057591 0.029214 -0.17217 0.0086604 0.23801 0.33654 0.30943 -0.083575 0.3997 0.13004 0.0017395 -0.0018127 0.0017395 0.0018127 -0.00039723 0.00097907 0.00042666 0.0010731 -0.0026943 0.0039383 0.0027165 0.0044557 0.0056058 -0.005018 0.0063745 0.008932 0.0083025 -0.0094936 0.0083054 0.0095625
0.00081166 0.0018618 0.0017162 0.0036532 -0.03093 0.011304 0.032336 0.012355 0.02363 0.010927 0.037798 0.017304 0.0016932 -0.00011555 0.0016932 0.00019779 -0.0053687 0.0030308 0.0070127 0.0047615 -0.23773 -0.09005 0.30453 0.10643 0.2711 -0.031356 0.38466 0.16962 0.0046069 0.0010027 0.0051025 0.001345 -0.010258 -0.0062791 0.020816 0.011693 -0.31664 -0.036998 0.31664 0.088707 0.40709 -0.012378 0.41291 0.15033 0.013906 -0.0058174 0.014014 0.0065763 -0.0039918 -0.0046181 0.0043476 0.0050433 -0.027346 0.0065916 0.037939 0.019216 0.02978 -0.0065182 0.037951 0.0085643 0.0094633 -0.001575 0.0094633 0.0028679
0.0035338 -0.002133 0.0099275 0.0035827 -0.025251 -0.0057566 0.034618 0.029361 0.014207 0.071602 0.02865 0.074576 -0.00030448 0.0014062 0.00080677 0.001721 -0.04919 -0.0017783 0.062071 0.011793 0.0972 -0.034838 0.17581 0.11272 0.4108 -0.048116 0.42399 0.21829 -0.0087631 0.03527 0.0091738 0.035554 -0.072609 -0.011391 0.07598 0.013638 0.26527 0.22214 0.2911 0.25231 0.26176 0.19545 0.26683 0.24272 0.0010428 -1.9074e-05 0.0014458 0.00080651 -0.001074 0.0028888 0.0098417 0.004617 0.04224 0.040998 0.042559 0.040998 0.0080731 0.004731 0.0080731 0.004731 0 0 0 0
-0.0011288 0.0025948 0.0031067 0.0032265 0.0048074 0.011124 0.051257 0.026442 0.05419 -0.0054786 0.05419 0.0054786 0 0 0 0 -0.01804 -0.0090346 0.021554 0.011651 0.26913 0.059847 0.56215 0.22128 0.13543 0.036906 0.13543 0.043204 0 0 0 0 -0.019976 -0.017764 0.031553 0.034097 0.35509 -0.097393 0.55245 0.14108 0.13111 -0.026545 0.13111 0.041232 0 0 0 0 -0.0003831 0.0046215 0.0025641 0.0046292 0.017348 -0.0014142 0.057509 0.017813 0.045924 -0.0054367 0.045924 0.009952 5.5267e-06 -2.1621e-06 5.5267e-06 5.5267e-06
0.00028409 -0.0023912 0.00088932 0.0027429 0.059367 -0.024935 0.060749 0.026555 0.0011268 0.00028289 0.0011557 0.00064852 1.9231e-06 1.9231e-06 1.9231e-06 1.9231e-06 0.00080138 -0.001512 0.0032229 0.0031568 0.50777 0.0053277 0.51842 0.081589 0.014243 -0.003787 0.014243 0.0096273 0.00038534 -0.00052349 0.00038534 0.00052349 0.0018469 -0.0032774 0.0051712 0.0040312 0.33886 -0.061012 0.35068 0.22807 0.10219 -0.23546 0.12516 0.28175 0.0084284 -0.017202 0.0085299 0.01809 0.00063021 -0.00012045 0.0010643 0.00066686 0.027977 0.0083309 0.03024 0.015524 -0.0064316 0.0086846 0.0068697 0.011574 0.00083491 -0.001159 0.0021925 0.0044423
-0.00091313 0.0080886 0.0018203 0.0083848 -0.011109 0.013868 0.015416 0.023595 0.0051208 0.005901 0.0066548 0.01282 0.0053449 0.01096 0.0053542 0.011049 0.0098322 -0.0021372 0.017876 0.047378 -0.067908 0.0068639 0.2997 0.16509 0.31071 0.097065 0.31071 0.3505 0.0022065 0.0038849 0.0023105 0.0038849 0.0034756 0.00093363 0.019451 0.016763 -0.21154 0.10781 0.3181 0.16342 0.41303 0.00089795 0.41303 0.10864 0 0 0 0 0.001522 -0.00048446 0.0023013 0.0018367 -0.035972 -0.010357 0.039387 0.019573 0.059161 -0.0016777 0.059161 0.010524 0 0 0 0
-0.0030966 0.0017022 0.0033744 0.0044191 0.051654 -0.017042 0.071688 0.028628 0.00055957 -0.00019579 0.00055957 0.00019579 0 0 0 0 -0.0051661 -0.00043587 0.01483 0.011967 0.29169 0.060945 0.57336 0.18122 0.0096748 0.0014377 0.0096748 0.0037155 0 0 0 0 -0.021266 -0.010888 0.033922 0.036776 0.36347 -0.083454 0.61265 0.12008 0.017596 -0.0048771 0.017596 0.0048771 0 0 0 0 -0.0007848 0.0017563 0.0015053 0.004062 0.025428 -0.0035702 0.066568 0.020014 0.016843 -0.025376 0.016843 0.02757 0.0001921 -0.00033606 0.0001921 0.00033606
-0.0059347 0.0029356 0.005971 0.0029451 0.048559 -0.0037215 0.051678 0.022953 0.015946 -0.005138 0.016 0.0054981 0 0 0 0 -0.0059743 0.0031767 0.019771 0.030035 -0.085229 -0.0080227 0.18596 0.16798 0.45494 -0.10948 0.45494 0.10948 0 0 0 0 -0.0015263 0.012215 0.01098 0.015897 -0.13422 0.011649 0.28231 0.13953 0.41083 0.092835 0.41083 0.094317 0 0 0 0 -0.003035 -0.0021024 0.0045312 0.0030265 0.025209 0.00066991 0.090082 0.019584 0.031432 -0.0083251 0.031432 0.015678 0 0 0 0
-0.00068054 0.007785 0.0014236 0.0077909 0.024629 0.0066212 0.052828 0.023197 0.034778 -0.010568 0.034787 0.01376 0 0 0 0 -0.017026 -0.0076725 0.02089 0.012647 -0.1449 0.035322 0.20897 0.17097 0.4208 -0.10276 0.4208 0.10309 0 0 0 0 0.0039945 0.0054907 0.019542 0.014928 -0.20641 0.0030904 0.29472 0.16073 0.4065 0.11143 0.4065 0.11667 0 0 0 0 -0.0010611 -4.6562e-05 0.0024542 0.0044101 0.002852 -0.011787 0.066871 0.01997 0.044369 -0.012212 0.044369 0.012233 0 0 0 0
-0.00099186 -0.0005577 0.0061715 0.002921 0.054521 0.0085826 0.055038 0.021827 0.017202 -0.0015925 0.023116 0.011405 8.2242e-05 3.4118e-05 8.6927e-05 4.4942e-05 -0.068701 0.023014 0.071119 0.023089 0.42552 0.094526 0.42552 0.21119 0.11881 0.072636 0.12613 0.11467 0 0 0 0 -0.073924 0.01364 0.073941 0.021558 0.4508 -0.12613 0.4891 0.17277 0.046199 -0.0049163 0.051078 0.022802 -0.00017066 -4.2671e-05 0.00063507 0.00031175 -0.010997 -0.0007158 0.011126 0.001584 0.050812 -0.0093781 0.086499 0.019094 0.028304 -0.0020747 0.028364 0.0047386 0.00011433 -3.1772e-05 0.00011433 8.1646e-05
5.6535e-05 -0.00014332 0.00039154 0.00032146 0.057457 0.0040289 0.059637 0.021792 -0.049487 0.011588 0.062194 0.020053 5.3298e-06 -2.0124e-05 0.00029631 0.00017227 -0.00060419 -7.3195e-05 0.0038435 0.0035469 0.40602 0.0073599 0.45648 0.17168 -0.35763 -0.025829 0.43333 0.13418 -0.00029743 0.00014013 0.0022817 0.0025197 -0.0013966 0.00072321 0.0040471 0.0048282 0.20766 -0.078473 0.23113 0.13008 -0.19848 -0.11475 0.20939 0.17613 0.00023143 -0.0011591 0.0018222 0.010203 -0.0069836 0.013197 0.0069864 0.0132 -0.0097187 0.018963 0.011986 0.019875 -0.00097536 -0.00045516 0.0026789 0.0029252 0.00016917 -2.7576e-05 0.00030257 0.00041513
0.0020728 -0.0020469 0.0027586 0.002961 -0.0093421 -0.0042222 0.010471 0.0045955 -0.0047504 -0.00027087 0.010966 0.0084548 0.0095102 0.0034121 0.01353 0.0059674 0.0077226 -0.020859 0.012028 0.024363 0.1041 -0.26613 0.13047 0.27936 0.23527 -0.074899 0.38837 0.29531 -0.07449 -0.055181 0.083855 0.064236 -0.0017976 -0.0012779 0.0026966 0.0082383 -0.02258 -0.017598 0.041913 0.045528 0.19784 -0.18514 0.59408 0.26526 -0.0034264 -0.0036079 0.01021 0.009447 -0.00036121 -0.00021883 0.00047801 0.00044515 -0.0025751 -0.0025846 0.0098757 0.010822 0.013358 0.009199 0.01452 0.011333 4.8571e-06 -0.00012542 0.00048713 0.00026139
-7.3594e-05 -1.6465e-05 7.3594e-05 1.6465e-05 -0.014994 -0.0066499 0.08759 0.022348 0.0088985 0.022957 0.015989 0.023944 -0.0047844 0.0032901 0.0049804 0.0033544 -0.0010711 -6.9852e-06 0.0010711 0.00053599 -0.034307 0.07877 0.57667 0.16127 0.05594 0.0084054 0.15096 0.13452 -0.016172 0.011684 0.021892 0.028491 -0.0090618 -0.0020936 0.0090618 0.0027463 0.0086571 -0.13244 0.68188 0.20412 0.0053732 -0.044674 0.13891 0.13705 -0.024352 -0.015787 0.036363 0.022296 -0.0021711 -0.00078149 0.0021723 0.0016098 -0.031473 0.012139 0.052571 0.031519 0.027824 -0.022449 0.041001 0.056397 -0.0036922 0.00082005 0.006043 0.0079642
0.00032705 -0.00023246 0.00036683 0.00032181 0.00099459 0.00088362 0.012033 0.012902 0.065992 -0.024244 0.071219 0.031003 1.9061e-06 1.9061e-06 1.9061e-06 1.9061e-06 0.0068177 0.0081826 0.0070503 0.0083513 -0.01991 -0.025533 0.10773 0.1376 0.39335 0.067953 0.46104 0.14956 0 0 0 0 -0.007048 -0.0090006 0.016286 0.023729 0.12924 0.082303 0.24704 0.30186 0.15704 -0.035952 0.39311 0.42166 0.021649 -0.033148 0.029047 0.036183 0.0011356 0.010591 0.0034181 0.01066 -0.02124 0.067958 0.042912 0.10385 0.02973 -0.0087548 0.055479 0.043223 -0.0030205 0.00064779 0.0097786 0.0092599
-1.2372e-05 0.00070009 0.00037791 0.00097314 -0.00068155 -0.0017192 0.0028231 0.0048855 0.0023753 -0.0015049 0.002812 0.0050563 0.00030015 -0.00045311 0.00048821 0.00091592 -0.0042784 -0.002004 0.0068213 0.0045517 0.18933 0.22176 0.20724 0.25655 0.10894 0.42263 0.12208 0.45213 -0.010401 0.073971 0.013652 0.079838 -0.036568 0.023232 0.047597 0.028259 0.34479 -0.09724 0.38799 0.20307 0.15 -0.011388 0.1512 0.032553 0.0021234 -0.0049108 0.0052059 0.0067682 -0.0071628 -0.00095891 0.0075943 0.0039827 0.05988 -0.0098443 0.081513 0.013816 0.0034976 -0.02653 0.01431 0.02681 0.00084678 -0.0057608 0.0027593 0.0074656
-0.0015049 0.0038895 0.0032591 0.0039955 0.046054 -0.0048351 0.071439 0.017397 0 0 0 0 0 0 0 0 0.003547 -0.0031322 0.016881 0.017646 0.2708 0.04499 0.58768 0.17846 0.0013456 0.00020028 0.0013456 0.00092023 0 0 0 0 -0.0067444 0.00035616 0.023802 0.039063 0.32562 -0.068037 0.62063 0.15946 0.0042587 -0.0045533 0.0042587 0.0045533 0 0 0 0 0.0010725 -0.0089796 0.0018167 0.0093813 0.0022989 -0.036088 0.029658 0.038199 0.041585 -0.06483 0.041596 0.065216 0.00011485 -7.8153e-05 0.00011485 7.8153e-05
-0.0062615 0.0051078 0.006318 0.005151 0.0047421 -0.0097068 0.022858 0.020071 0.037602 0.0027667 0.037642 0.01811 0.0010504 -0.00059048 0.0028512 0.0019571 -0.0071033 0.0057323 0.023576 0.013929 -0.20361 0.050547 0.29135 0.10094 0.33424 -0.035287 0.34188 0.15157 0.023721 0.012328 0.027772 0.030904 -0.0016496 0.0047155 0.0063981 0.0069417 -0.29864 0.15184 0.35473 0.17931 0.37187 0.02901 0.39162 0.1812 0.0059287 0.0020607 0.0078194 0.0068815 -0.00029414 -0.0004664 0.00039791 0.0004932 -0.028011 0.0076597 0.041749 0.012985 0.010861 -0.0081152 0.037351 0.015207 0.0064437 -0.0011496 0.0064453 0.0013689
0.00087681 0.00089069 0.0049353 0.0020197 -0.0082618 -0.0038758 0.010685 0.0076131 0.053279 0.003321 0.056479 0.0093586 6.3117e-06 2.8057e-05 6.5939e-05 6.5939e-05 -0.010865 -0.0086844 0.01443 0.013341 -0.026075 -0.02962 0.027935 0.032513 0.41672 -0.04389 0.46928 0.18113 0.015323 -0.018533 0.015323 0.018533 -0.0031869 -0.0036726 0.0032413 0.0036726 0.094096 0.28022 0.19986 0.31171 -0.076504 0.027451 0.28077 0.47601 0.049416 -0.03607 0.055055 0.09992 0.0040552 0.00095089 0.0043263 0.0019736 -0.012711 -0.0212 0.051295 0.029297 0.020965 -0.0055545 0.039894 0.017676 0.0010116 -0.00031796 0.0027472 0.002526
-0.0016335 0.0012648 0.0027453 0.0014401 0.025371 0.011085 0.0747 0.026711 0.023537 0.0096166 0.025003 0.01676 -9.8629e-06 -3.6703e-05 3.6703e-05 3.6703e-05 -0.0044219 -0.0024208 0.0062068 0.0032944 -0.08972 -0.035688 0.30036 0.093063 0.37448 -0.063904 0.37448 0.069153 0.00021507 -3.3592e-07 0.00046888 0.00016808 0.0078114 -0.01439 0.015068 0.044719 -0.08882 -0.047278 0.40666 0.13428 0.43919 0.047847 0.4396 0.049703 9.2309e-05 9.2309e-05 9.2309e-05 9.2309e-05 -0.0038481 5.758e-05 0.0038481 0.00096579 0.03056 0.014411 0.06027 0.019744 0.027524 0.0075694 0.027755 0.0077096 0 0 0 0
-0.00054988 0.00050494 0.0038292 0.0012513 0.022876 -0.0064896 0.039485 0.010246 0.053748 -0.011085 0.053781 0.011268 7.7748e-06 4.1461e-06 7.7748e-06 4.1461e-06 -0.016411 0.0012239 0.03234 0.0073489 0.1345 -0.069558 0.16983 0.10781 0.42081 -0.099163 0.42081 0.14014 0 0 0 0 -0.017935 0.015974 0.028489 0.017429 0.049536 0.029545 0.1581 0.11159 0.48508 0.082536 0.48508 0.10252 5.8816e-05 -0.00020112 5.8816e-05 0.00020112 -0.0023737 0.00047944 0.0052886 0.0021222 -0.0043709 -0.0078179 0.016457 0.0089812 0.065244 -0.038347 0.065425 0.049223 0.0015554 -0.00254 0.0015637 0.0026626
-0.0092727 0.0095995 0.0092764 0.0096216 0.024661 -0.015136 0.050919 0.043639 -0.027096 -0.024221 0.034695 0.0526 0.01222 -0.0031131 0.012232 0.010424 -0.014379 0.0052384 0.014379 0.0052384 0.057495 0.11264 0.65106 0.209 -0.080513 0.11681 0.19923 0.19444 0.030254 0.0027896 0.098529 0.028081 -0.00085639 4.7761e-05 0.00085639 0.0002536 -0.033156 -0.070495 0.50681 0.22749 0.024173 -0.029861 0.15281 0.15771 -0.013701 -0.0027917 0.095524 0.025056 0 0 0 0 -0.057616 0.0081362 0.076777 0.032542 0.0089102 -0.07012 0.024059 0.070795 0.0076601 -0.00052225 0.012948 0.0074429
5.5944e-05 -0.00047057 0.00048827 0.00047118 0.0026601 -0.0038954 0.0050598 0.0050108 0.048095 -0.0072605 0.049455 0.02983 -0.00018172 -0.00016191 0.00030637 0.0049509 -0.00072977 -0.0026923 0.0016095 0.0048767 0.011502 -0.020107 0.031777 0.021882 0.3485 -0.049639 0.37514 0.068916 -0.00089917 -0.0077103 0.0023826 0.0091917 -0.0017106 0.0047836 0.0031597 0.017978 0.13506 0.056044 0.15428 0.23209 0.26344 0.03785 0.27549 0.68481 -0.00018468 0.0062073 0.0033053 0.085488 0.0001604 -0.00019266 0.00033261 0.00061366 0.00073251 0.00017936 0.0022955 0.0025614 0.0011394 0.0015584 0.0044484 0.0058899 0.0009308 -0.0051827 0.0009308 0.0056611
-0.0083162 -0.0080525 0.0084805 0.0083055 0.032843 0.0043967 0.093115 0.055782 0.01472 -0.012416 0.023691 0.040112 -0.00033688 0.0015991 0.0024933 0.0035328 -0.020271 -0.025324 0.050633 0.048006 0.37017 0.15924 0.45799 0.17684 -0.071883 0.078244 0.16079 0.14576 0.02291 0.0032325 0.036653 0.01206 0.068757 0.044269 0.07037 0.047289 -0.042997 0.094207 0.31392 0.32112 0.0047418 -0.20892 0.14505 0.45907 -0.012697 -0.047414 0.022189 0.054309 0.012657 -0.0065435 0.012924 0.0068271 -0.005482 -0.0027566 0.017754 0.012674 -0.042831 0.014079 0.042933 0.045046 -0.00093234 0.00013314 0.008766 0.0070495
-0.0062282 0.00191 0.0079236 0.0029622 0.034685 -0.013512 0.03877 0.015345 0.012275 -0.013127 0.012556 0.01608 0.00099439 -0.0022847 0.0010234 0.0027897 -0.035278 -0.018525 0.052156 0.023554 0.21931 -0.002328 0.36999 0.16611 -0.02117 0.0099682 0.2014 0.44764 0.035084 -0.0072004 0.040169 0.03209 -0.037171 0.006706 0.037171 0.0077051 0.33048 0.024393 0.58229 0.15977 -0.026299 0.11684 0.10607 0.14801 0.011397 0.015037 0.024397 0.018113 -0.0094592 0.0055282 0.0094592 0.0055305 0.034854 -0.016604 0.063741 0.02564 0.016235 -0.0059837 0.016422 0.0090506 0.0002426 0.00078569 0.00068244 0.00080633
-0.0030413 -0.0054828 0.0030413 0.0054828 0.0088622 -0.00047734 0.092619 0.04322 -0.0011445 0.0080912 0.026492 0.018406 -0.0050082 -0.0021282 0.0059481 0.0036654 -0.088427 -0.01391 0.088552 0.054443 0.25164 -0.0064176 0.43781 0.11469 0.062688 0.036639 0.13954 0.16694 -0.038406 -0.025698 0.041016 0.041032 -0.026703 -0.047082 0.043559 0.064079 0.20037 0.13203 0.34181 0.31372 -0.15473 -0.16041 0.19359 0.49855 -0.0082558 -0.020224 0.086792 0.057432 -0.0010488 0.00050044 0.001059 0.0005076 0.040861 -0.044708 0.045469 0.047662 -0.04837 -0.01856 0.050299 0.027028 0.012318 0.0046135 0.012318 0.0051638
-0.010627 0.00085851 0.010627 0.0098571 -0.017443 0.0038613 0.026492 0.020027 0.035783 -0.013316 0.047919 0.033327 0.00095261 -0.00040741 0.0016567 0.0027364 -0.021722 0.010228 0.021889 0.018456 -0.38939 -0.042276 0.40653 0.24563 0.23739 0.066437 0.35116 0.15006 0.0056881 0.01137 0.023247 0.069094 -0.010395 -0.08959 0.011484 0.093405 -0.071332 -0.098428 0.14354 0.19827 0.37138 -0.029932 0.3894 0.1298 0.00088851 0.014278 0.0082042 0.014477 -1.3311e-05 0.00028223 0.0002702 0.00032273 -0.0037967 0.0081386 0.0041598 0.0082599 0.0088054 -0.013621 0.013525 0.019295 0.0060941 -0.01313 0.0062934 0.013584
0.00014065 -1.3783e-05 0.00019261 8.6554e-05 0.05292 0.00032242 0.061039 0.0025302 -0.016308 -2.8446e-05 0.017073 0.00025213 0.0017529 -0.00050244 0.0019045 0.00050244 -0.00022302 0.00020773 0.0023227 0.0018839 0.36967 0.014828 0.42034 0.033795 -0.1939 -0.11499 0.20513 0.11958 -0.0050617 -0.013125 0.010016 0.017836 0.00033617 -0.00043298 0.0015277 0.0023379 0.32823 0.023351 0.36518 0.045101 -0.34247 -0.17422 0.3695 0.18443 -0.0032218 8.8256e-05 0.0040647 0.0033286 -0.00021677 4.8674e-05 0.00038572 0.00016474 0.0071664 -0.011692 0.084446 0.017726 -0.015469 -0.0060846 0.021214 0.010759 -0.00035304 0.00021924 0.00058138 0.00025661
-0.00080624 8.1088e-05 0.00080624 0.0002185 -0.028776 0.0099225 0.11899 0.023181 0.03197 0.02499 0.037985 0.046096 -0.0014196 -0.0024941 0.002238 0.0053758 -0.076093 -0.01872 0.076093 0.01872 0.16439 0.016437 0.58167 0.25249 0.046387 0.036196 0.14503 0.08489 0.010459 0.0044036 0.020576 0.01699 -0.10825 0.011358 0.10825 0.011485 0.20087 -0.036221 0.46249 0.21593 0.075132 -0.093873 0.15762 0.36023 -0.0046134 0.0094931 0.027324 0.021285 -0.0040035 0.001439 0.004006 0.0014921 -0.021436 -0.016629 0.055141 0.029832 0.039093 -0.020522 0.039243 0.020741 -0.00053654 -0.002915 0.0013556 0.0030355
-0.0021142 0.00069643 0.0026507 0.0014198 0.03568 0.0042206 0.074127 0.028368 0.015652 0.00037545 0.015926 0.010501 3.8079e-05 1.0233e-05 3.8079e-05 3.8079e-05 -0.0028509 -0.0099441 0.0065492 0.010426 -0.080114 -0.057225 0.35627 0.10055 0.39662 -0.057319 0.39662 0.061417 0.00050328 3.7718e-05 0.00050328 0.00032855 0.0042203 -0.0056973 0.015612 0.0518 -0.026174 -0.0054222 0.34387 0.1523 0.42652 0.053442 0.42675 0.054874 0 0 0 0 -0.0032181 -0.00029958 0.0032181 0.00048464 0.038746 0.0079796 0.073865 0.014835 0.018703 0.0070742 0.019126 0.0070742 0 0 0 0
-0.00097251 -8.2376e-05 0.0012674 0.0015184 0.0022746 0.020993 0.0085919 0.034121 0.0065188 0.011631 0.014305 0.024559 0.0088414 0.0072308 0.0089863 0.0073659 -0.023661 0.034109 0.023661 0.034109 0.029823 0.077083 0.3797 0.26475 0.099275 0.11036 0.47675 0.2095 0.00025743 0.00025743 0.00025743 0.00025743 -0.00015398 -1.41e-05 0.00015398 0.00015398 -0.021877 -0.057155 0.43792 0.20385 0.054705 -0.077331 0.43749 0.17482 0 0 0 0 0 0 0 0 -0.047628 0.00032069 0.055828 0.0066719 0.047879 0.0079967 0.058338 0.010504 0 0 0 0
0.00024393 -0.00087985 0.00028807 0.00087985 0.0013313 -0.0077295 0.0016654 0.0077496 0.00067415 -0.0033504 0.0036322 0.0057682 0.0084809 0.0070871 0.0086299 0.0073245 0.027652 -0.0026977 0.055032 0.037094 -0.22252 0.10143 0.28217 0.31314 0.36056 0.080403 0.37138 0.27923 0.0048882 0.0072436 0.0048882 0.0072436 0.013578 0.010655 0.080116 0.019181 -0.0017136 0.044992 0.14747 0.12435 0.12245 0.00068572 0.55049 0.17771 0 0 0 0 -0.0019542 0.00038675 0.0095108 0.0045405 0.0066018 -0.0023848 0.024588 0.028856 0.014261 0.014926 0.076145 0.025034 0 0 0 0
0.00055906 1.2096e-06 0.00055906 0.0001522 0.02925 0.0032079 0.058228 0.047066 -0.027229 -0.0025454 0.049489 0.029554 0.00027092 8.7752e-05 0.00050773 0.00019206 0.0017622 0.00020125 0.0025591 0.0018897 0.15807 -0.019022 0.56531 0.16086 -0.15105 0.016294 0.33728 0.038266 0.0015138 -4.3836e-05 0.0023397 0.0014328 -0.00043602 0.00064297 0.0019556 0.0016156 0.14232 0.02824 0.53966 0.13117 -0.12804 -0.008501 0.33896 0.084551 8.5746e-05 0.0002542 0.0018596 0.0013743 8.9941e-07 -9.8963e-05 0.0002118 0.00030582 0.020123 -0.004845 0.091549 0.0087872 -0.018366 -0.0035244 0.053863 0.013124 -3.1133e-05 -8.3819e-05 0.00024971 0.00034439
0.00010247 3.0403e-05 0.00028062 0.00024051 0.01519 0.0025453 0.016179 0.0042616 -0.0056821 -0.00092849 0.074425 0.013466 -0.0017728 8.3966e-05 0.0018413 0.0003549 0.0012703 -0.01519 0.0055116 0.017666 0.23641 0.050807 0.24146 0.084696 -0.2173 -0.062806 0.53569 0.11218 -0.0077532 -0.0023137 0.0082423 0.0036568 0.001843 0.0033842 0.006008 0.020198 0.22877 -0.1198 0.24138 0.32262 -0.19722 -0.1094 0.22734 0.21142 0.019877 0.047603 0.02295 0.049531 0.0023074 0.0086384 0.0036886 0.0086384 0.033353 0.11629 0.033802 0.11629 0.056644 0.22295 0.056716 0.22295 0.0055128 0.017091 0.0055128 0.017091
-0.018564 -0.017007 0.018573 0.017007 -0.025995 -0.030644 0.025995 0.031046 -0.0063244 -0.0056445 0.0063244 0.0061616 -0.00058867 -0.00035618 0.00065964 0.00080142 -0.027146 -0.029535 0.028271 0.036455 0.09957 0.12373 0.21929 0.31265 -0.091619 0.17407 0.11817 0.2602 0.0019091 0.013007 0.0049208 0.018761 0.0013158 0.0035327 0.0027141 0.0047099 0.40886 0.0014603 0.41359 0.152 -0.34681 0.083183 0.41213 0.16892 0.0010428 0.00074647 0.0021769 0.0035878 0.00032932 -0.00017098 0.00041625 0.00040746 0.028975 -0.012397 0.02956 0.016092 -0.0076287 0.0018247 0.097165 0.0319 2.651e-06 0.00010948 0.00049142 0.00035966
-0.0070471 0.010579 0.0070471 0.010579 -0.019141 0.025207 0.028965 0.027447 0.040626 0.0039022 0.040762 0.02985 0.0022513 0.0019775 0.0023343 0.0025479 -0.059981 -0.017008 0.059981 0.019832 -0.23393 -0.097694 0.31719 0.14759 0.31928 -0.056537 0.34386 0.10082 0.0097443 -0.0071486 0.010017 0.0092059 -0.090336 0.0021782 0.090336 0.014676 -0.30463 0.039369 0.3421 0.10091 0.36096 -0.052832 0.4041 0.10724 -0.012784 -0.037398 0.021584 0.057835 -0.010176 0.0030879 0.010188 0.0037026 -0.053639 -0.0050665 0.061556 0.019719 0.042258 0.013669 0.049681 0.034675 0.0037626 0.0070664 0.0038416 0.0072229
-0.0069896 0.00012235 0.0071666 0.0037015 0.048756 0.021611 0.082337 0.030954 0.0086743 -0.0014046 0.034281 0.031345 0.0029334 -0.002213 0.0051813 0.0038406 0.02256 0.017079 0.038412 0.050876 0.35048 0.18583 0.52258 0.20429 -0.06386 0.082779 0.16589 0.10738 0.0081703 -0.0018682 0.033247 0.020608 0.035026 0.039415 0.040051 0.03948 -0.012957 0.047592 0.41683 0.26963 0.076099 -0.23823 0.14796 0.31991 0.0026604 -0.0084221 0.030425 0.039957 0.0042066 -0.0003804 0.0049522 0.0022908 -0.01729 0.012742 0.019416 0.016364 -0.04215 0.059159 0.047034 0.073729 -0.00010832 -0.0042565 0.0029953 0.008992
-0.00637 0.00070432 0.0063763 0.004881 -0.031377 -0.0011282 0.038418 0.027276 0.033243 -0.0084526 0.046494 0.031258 0.00046941 2.742e-05 0.0016208 0.0034089 -0.010578 -0.04517 0.010747 0.053345 -0.42819 -0.18566 0.42819 0.38038 0.25319 0.063258 0.33202 0.1388 0.0080261 0.012504 0.018428 0.049759 -0.0085569 -0.036276 0.0093722 0.040454 -0.029078 0.015671 0.081294 0.084599 0.30048 -0.080653 0.32133 0.14734 0.0073899 -0.0036588 0.0096569 0.024741 -3.0377e-05 0.00024193 0.00024377 0.00031874 -0.001684 0.0022741 0.0022315 0.0026448 -0.0031172 0.004293 0.003982 0.0047685 0.0029674 -0.0079534 0.0031408 0.0084434
0.00023127 0.00032428 0.00033007 0.00036156 0.073458 0.004718 0.07442 0.011574 -0.062028 -0.0025292 0.085336 0.0195 -0.00014693 -0.00011579 0.0003605 0.0002952 0.0037613 -0.00084331 0.0037613 0.0014302 0.38613 0.014587 0.39706 0.1601 -0.35076 -0.030714 0.38898 0.14063 0.00082088 0.00022221 0.0027559 0.0031136 0.0041932 0.00052344 0.0045667 0.0017259 0.25585 0.019818 0.27063 0.09319 -0.23402 -0.0015384 0.36629 0.070715 0.0019255 9.3448e-05 0.002918 0.0016801 7.04e-05 0.0002872 0.00050864 0.00032415 0.038678 -0.011949 0.04715 0.024069 -0.035039 -0.0010196 0.046295 0.010207 3.5762e-05 4.7519e-05 0.00026741 0.00019341
-0.00013782 -0.00021992 0.00021492 0.00025702 0.053267 -0.00099579 0.060258 0.0028553 -0.0091885 -0.00047477 0.0098107 0.0005614 -0.0038011 -0.0024102 0.004119 0.0024186 0.00057246 0.0010878 0.0016687 0.0020384 0.366 -0.0069029 0.42472 0.014257 -0.19791 -0.1072 0.20678 0.11199 -0.0087706 -0.007338 0.012928 0.010396 0.00066015 -0.0012929 0.0018691 0.0015678 0.35817 0.014601 0.41107 0.022117 -0.3273 -0.1345 0.34699 0.14506 -0.00053284 -0.00017375 0.0029123 0.0030306 -0.0002445 0.00010099 0.00031616 0.00013576 0.033706 -0.0084674 0.056168 0.0087372 -0.036579 -0.010251 0.040503 0.01228 -0.00018069 0.00020769 0.00024747 0.00022548
-0.0092907 0.0030467 0.0095938 0.003545 0.068766 -0.0024469 0.070273 0.012457 0.00022874 0.00010535 0.00043944 0.00010535 0 0 0 0 -0.047605 0.00021676 0.047605 0.0058565 0.43441 0.023711 0.47959 0.074888 0.0032656 -0.0010494 0.0043425 0.0024919 0 0 0 0 -0.028445 -0.026763 0.029398 0.032378 0.49202 -0.0080191 0.5314 0.16328 0.0067726 0.00079195 0.0089183 0.0052457 0 0 0 0 0.00092431 0.00092632 0.0030998 0.0016689 0.044869 0.026999 0.045155 0.030066 0.0012709 -0.00030173 0.0019899 0.00050473 0 0 0 0
-0.00638 0.0016879 0.007566 0.0034939 0.040274 0.0019262 0.04443 0.025355 0.024714 0.0039761 0.024714 0.0073556 4.6293e-05 0.00065408 0.00057476 0.0015098 -0.045846 -0.00043116 0.048009 0.022668 0.39692 -0.021941 0.4935 0.099393 0.054089 -0.11866 0.084358 0.12978 0.0090338 -0.030043 0.011663 0.030995 -0.063337 -0.0047212 0.066229 0.017396 0.22679 -0.066765 0.37262 0.16044 -0.010623 -0.14025 0.18285 0.48049 0.017031 0.010905 0.018852 0.094576 -0.010976 -0.0032405 0.011008 0.0041619 0.044666 0.038789 0.04861 0.040877 0.026891 0.032546 0.030912 0.037168 0.00062152 -0.0013534 0.0020968 0.002847
-0.0027695 0.00042027 0.00415 0.0011296 0.005327 -0.02563 0.064511 0.03133 0.037797 0.028693 0.045048 0.032673 0.0033909 0.0032764 0.0033909 0.0034227 -0.041563 0.0037846 0.044489 0.013919 0.3326 0.046642 0.40329 0.15937 0.19566 0.083602 0.21632 0.11226 -0.011904 0.00096074 0.017333 0.023149 -0.084011 0.017533 0.084863 0.036767 0.42731 -0.11585 0.4991 0.13504 0.17026 0.01616 0.21996 0.096198 0.0043502 0.0037405 0.0078336 0.0077719 -0.013591 0.0051831 0.013596 0.0066661 0.029445 0.026255 0.059688 0.035581 0.050283 -0.0028346 0.050908 0.0090217 0.00063754 -0.0010428 0.00067299 0.0011205
-0.0012734 0.0018664 0.0037641 0.0021414 0.053969 -0.017491 0.053969 0.040173 0.003799 -0.0018654 0.0038249 0.0055195 -1.1816e-05 -4.1548e-05 4.8015e-05 5.1772e-05 -0.012985 0.0022036 0.028185 0.026023 0.35367 -0.053044 0.37473 0.24793 0.19083 -0.013118 0.1912 0.14927 9.4399e-05 9.4399e-05 9.4399e-05 9.4399e-05 -0.052261 0.038172 0.059721 0.044053 0.38037 -0.026345 0.55514 0.16535 0.16325 0.014254 0.1634 0.093091 4.6727e-05 -4.6727e-05 4.6727e-05 4.6727e-05 8.5762e-05 0.0010048 0.0018439 0.0017767 -0.0056798 0.0012587 0.061282 0.039534 0.05383 -0.025714 0.053924 0.025868 5.0812e-05 2.0575e-05 5.0812e-05 3.8471e-05
-0.0021822 0.0017901 0.0037717 0.0021697 0.054201 -0.0078588 0.054201 0.038391 0.0030578 0.0018369 0.003119 0.0082372 -2.6911e-07 1.4421e-05 1.3911e-06 1.4959e-05 -0.015056 0.0028965 0.028505 0.027174 0.37278 -0.047323 0.39289 0.26155 0.16135 -0.0089961 0.1622 0.11913 0.0002666 4.1526e-05 0.0002666 0.00013362 -0.054888 0.037022 0.062874 0.043173 0.38311 -0.035308 0.54494 0.20099 0.15471 0.012915 0.15485 0.075872 4.6049e-05 -4.6049e-05 4.6049e-05 4.6049e-05 -0.00032462 0.00044091 0.0018341 0.0012931 0.0098055 -0.0010107 0.070823 0.03931 0.040233 -0.019112 0.040325 0.020192 4.8224e-05 2.2128e-05 4.8224e-05 3.9764e-05
6.7245e-05 0.00018427 0.00022305 0.00039061 0.040143 0.008266 0.043298 0.047328 -0.034492 -0.0019192 0.035785 0.033856 -1.7548e-06 -2.8958e-06 0.00018248 0.00020148 -9.893e-05 9.768e-06 0.0015889 0.0013942 0.14812 -0.020064 0.56928 0.11989 -0.13376 -0.00895 0.19904 0.062405 0.00058198 -0.00062084 0.0021432 0.0014235 -0.00012472 -0.00025671 0.00089213 0.0019897 0.15138 0.03836 0.62744 0.19065 -0.14276 -0.0054092 0.27826 0.08954 3.113e-05 0.00029104 0.0013784 0.0019793 -1.9197e-06 -4.544e-05 0.00017653 0.00021017 0.036845 -0.023287 0.046639 0.034408 -0.033681 -0.0036099 0.03635 0.016791 -0.00010884 0.00014026 0.00018769 0.0002612
0.0057545 -0.0050848 0.0057545 0.0060801 0.0081173 -0.02411 0.010149 0.02413 0.0022847 -0.0025404 0.0026856 0.0026519 5.0722e-05 1.327e-05 0.00012115 5.7157e-05 -0.0019223 -0.02948 0.017218 0.038811 0.42234 -0.06803 0.44507 0.367 0.10935 -0.014152 0.10935 0.08991 -2.3609e-05 8.7856e-05 8.7856e-05 8.7856e-05 0.0052055 -0.009832 0.013221 0.022839 0.38631 -0.10104 0.41316 0.15985 0.14761 -0.096056 0.18644 0.10118 0.00019193 -8.0469e-05 0.00019193 8.0469e-05 -0.0068889 0.0066673 0.0076397 0.0072709 0.058296 -0.032552 0.062271 0.04096 0.044578 0.015514 0.045048 0.029431 0.00041811 -0.00014536 0.00047053 0.00018074
-0.011919 -0.0049558 0.011922 0.0049558 -0.022494 -0.021134 0.046902 0.036473 0.010764 0.0098915 0.073488 0.056048 0.0043413 0.0018216 0.0043804 0.0022364 -0.14284 -0.017262 0.14284 0.023365 0.11044 -0.14068 0.30237 0.21453 0.23179 0.024281 0.51796 0.15237 0.011155 0.0034206 0.011777 0.0041243 -0.1506 0.0018646 0.15072 0.019557 -0.046143 0.065833 0.16067 0.089225 0.39198 -0.10722 0.39198 0.13118 0.0033164 -0.016311 0.029192 0.033633 -0.015214 0.00035147 0.015214 0.0030682 -0.0077116 0.011482 0.033321 0.019158 0.020147 0.013332 0.040527 0.020899 -8.3824e-05 0.00015331 0.003728 0.0089929
6.3696e-05 0.00033243 0.00025566 0.00076348 0.0092518 0.011473 0.011179 0.013025 0.004199 0.023987 0.070469 0.029769 -0.001661 0.00022629 0.0017603 0.00184 0.0013832 0.00061929 0.0026581 0.0024967 0.36159 0.055608 0.37128 0.066527 -0.27525 -0.030115 0.40761 0.14674 0.0001284 0.00094104 0.0013023 0.0042094 0.00044158 0.00085987 0.0011996 0.002271 0.32764 -0.023476 0.33035 0.085974 -0.25957 0.0033919 0.38351 0.067539 0.00029779 0.0011779 0.001101 0.0012794 6.0418e-05 0.00027322 0.00017537 0.00031984 0.043012 -0.0038146 0.04402 0.016966 -0.035866 -0.014319 0.05488 0.021783 -0.00021253 -0.00014406 0.00034314 0.00030523
-0.011099 0.0013242 0.011195 0.0017361 0.033874 -0.011435 0.045734 0.0135 0.015848 0.00017906 0.015848 0.0035553 -0.00071771 -0.00021622 0.0010694 0.0015732 -0.098019 0.0042876 0.10349 0.0077422 0.25006 0.0032461 0.43939 0.23787 0.035879 0.042115 0.21929 0.42144 0.010465 -0.010551 0.01906 0.014591 -0.11054 0.030942 0.11058 0.031119 0.26695 0.0030975 0.5173 0.18169 0.045396 0.034865 0.076234 0.059742 -0.0038915 0.0041195 0.025048 0.01472 -0.00079776 0.00044682 0.00080646 0.00069752 -0.061313 0.012855 0.066895 0.050765 0.056963 -0.040297 0.064207 0.041486 -0.0026188 -0.0015787 0.0047354 0.00493
-0.018246 -0.0016928 0.018276 0.0033742 0.050674 0.0184 0.054983 0.02089 -0.0077292 0.014749 0.026928 0.029796 -4.1913e-05 -0.0020723 0.0039768 0.0024086 -0.028088 -0.022738 0.10309 0.039808 0.26423 -0.038957 0.4061 0.3153 0.0091495 -0.0764 0.27954 0.32228 0.017065 0.010383 0.028221 0.017086 0.00014446 0.010245 0.05242 0.016578 0.22004 -0.018298 0.43755 0.21321 0.032717 0.067291 0.16129 0.34185 0.028604 -0.0050813 0.045007 0.023345 0.0094124 0.0049604 0.010803 0.0080092 0.03857 -0.016352 0.068642 0.03816 -0.0066401 -0.031383 0.01917 0.044175 -0.0010772 -0.0088724 0.0045761 0.0091919
-0.0058784 -0.0043139 0.0073513 0.0077715 -0.024874 -0.0049552 0.067631 0.053838 0.059178 0.018498 0.074175 0.028452 -0.0032915 0.0031375 0.0033224 0.0034964 -0.011588 -0.012126 0.047789 0.088602 0.12886 0.10021 0.45157 0.40617 0.010947 0.014989 0.27306 0.21191 -0.0069775 -0.008568 0.01507 0.011402 -0.0035507 0.046482 0.01302 0.050929 0.083813 0.032323 0.33521 0.4777 -0.1479 -0.03893 0.22077 0.14846 0.012311 -0.020009 0.045636 0.033709 -0.00031109 -0.0031073 0.00099026 0.0032213 -0.015548 0.00065001 0.023169 0.014333 0.010904 -0.011505 0.029102 0.038513 -0.0015717 0.008857 0.0036212 0.0088889
0 0 0 0 -0.023355 -0.015943 0.10465 0.026214 0.0079622 0.0076807 0.020533 0.012267 -0.00045658 0.001403 0.0031747 0.0022338 -0.0034892 -0.00017707 0.0035214 0.001816 -0.24701 0.026303 0.4978 0.2161 0.21196 -0.09645 0.28481 0.19183 -0.021959 -0.03768 0.036314 0.042882 -0.0054383 -0.070341 0.0064449 0.072733 0.048956 -0.17388 0.38299 0.25498 0.094137 0.090927 0.18637 0.36829 -0.0253 0.026853 0.035757 0.031317 -7.2153e-05 0.00041308 0.00027121 0.00043849 -0.0038066 0.0032781 0.0039545 0.0034179 0.018849 -0.055618 0.02096 0.059709 -0.0028793 -0.0076879 0.0030381 0.0078822
0.0027322 -0.00387 0.0059741 0.0055689 -0.011559 -0.042474 0.043113 0.042474 0.023078 0.013279 0.045982 0.049658 -0.0047461 0.0064904 0.0048288 0.0079418 -0.058259 0.031821 0.058259 0.035117 0.24076 -0.025137 0.42824 0.18941 0.12059 0.042156 0.25444 0.13491 0.00085584 0.0046227 0.020702 0.026477 -0.035543 0.049728 0.035543 0.050111 0.16623 0.027652 0.69586 0.19616 0.080699 0.0068698 0.13128 0.089572 -0.0010051 -0.0025306 0.020091 0.010077 -0.0015467 0.00018424 0.0015467 0.00031149 -0.017001 -0.011469 0.074547 0.025324 0.017392 -0.03164 0.031745 0.040577 0.0036577 -0.00049564 0.0042926 0.0032484
0.00011061 0.00016157 0.00017439 0.00020013 -0.00095849 0.00010105 0.0037143 0.0034062 0.021686 0.0039833 0.086331 0.014141 -0.0010044 -9.7321e-05 0.0023943 0.0013484 0.00038654 -0.0024678 0.0022784 0.0033502 -0.0050854 -0.0085651 0.028164 0.028806 0.18218 -0.037255 0.61502 0.18451 0.0017716 -0.0060853 0.034339 0.022698 -0.00076695 2.4987e-05 0.0044321 0.0038253 0.0015313 -0.020924 0.034254 0.031492 0.19411 0.036017 0.66759 0.2147 0.0061946 0.0039546 0.037496 0.01959 0.0003117 -0.00011587 0.00045619 0.00054621 -0.0018922 0.0059424 0.0035823 0.0076077 0.015734 -0.014073 0.065723 0.036764 -0.0012626 -0.0018323 0.0017948 0.0029087
-0.011688 -0.01369 0.011724 0.013717 -0.02346 -0.045261 0.054727 0.066951 0.039364 0.040099 0.040713 0.043616 -0.0027332 0.0070993 0.0040416 0.0071236 -0.026727 -0.0046062 0.0701 0.049305 0.11705 0.27748 0.37058 0.52187 0.26142 0.00063103 0.26205 0.20802 0.0004806 0.0062751 0.0070208 0.0066337 0.051695 0.035761 0.058638 0.040459 -0.14461 0.082321 0.18125 0.29223 0.22499 0.042392 0.24047 0.16244 -0.0060298 -0.01205 0.0095829 0.020685 0.0041043 0.00017867 0.0049159 0.0031291 -0.0062604 0.0033775 0.015732 0.021951 0.00044005 0.00071217 0.016037 0.010814 -0.0035814 0.0012912 0.0052358 0.0041029
0.00052951 -0.0029337 0.0035144 0.0077581 -0.0011057 0.018251 0.043598 0.025914 0.063697 -0.0071032 0.063798 0.010743 0.00014096 -2.5186e-05 0.00014096 2.8609e-05 -0.011555 0.010863 0.016115 0.013682 -0.07281 0.03728 0.33515 0.064668 0.40484 -0.0030566 0.40857 0.041019 0.00096023 0.0001876 0.00096023 0.0001876 -0.0155 -0.0037927 0.015537 0.011858 -0.15114 -0.066612 0.17411 0.095478 0.47022 0.015519 0.47036 0.091279 0.00056716 -8.7743e-05 0.00056716 0.00021067 -0.0013479 -0.0067994 0.0022248 0.0077224 -0.0053143 -0.0050415 0.01981 0.018345 0.07999 0.011741 0.080075 0.013711 1.8681e-05 1.4046e-05 5.7472e-05 3.9748e-05
0.0042194 0.00015246 0.0050268 0.0010316 0.0045651 -0.0029859 0.0063298 0.0097569 -0.0081275 -0.0021588 0.020243 0.011904 -0.0027415 -0.00085235 0.0049818 0.0012919 0.04148 -0.030826 0.04148 0.032557 -0.034681 -0.061497 0.25842 0.53436 0.12058 -0.077636 0.16537 0.22309 -0.026081 0.024488 0.028062 0.033238 0.047583 -0.014947 0.051848 0.038568 0.11676 -0.034717 0.16357 0.57079 0.18836 0.14282 0.1926 0.25233 -0.004052 -0.0059679 0.0048919 0.0074843 0.00033596 -0.0042093 0.0045206 0.0042514 0.036575 -0.022857 0.03701 0.024032 0.01077 -0.015504 0.0122 0.01711 -0.0008119 -0.0039 0.0012276 0.0041271
-0.004976 0.0015795 0.0050545 0.0026673 0.052311 0.021093 0.052311 0.039078 0.0065974 0.013602 0.0065974 0.015257 3.7292e-05 0.00010994 6.8337e-05 0.00011752 -0.029278 0.010974 0.037884 0.030465 0.39397 -0.063333 0.39958 0.26383 0.11591 -0.011217 0.11708 0.061146 0 0 0 0 -0.031893 0.029432 0.046326 0.039196 0.34619 -0.011043 0.59873 0.22011 0.11155 0.011276 0.11155 0.050942 0 0 0 0 -0.00028845 -0.0013445 0.0017055 0.0018397 0.0078198 -0.01193 0.070521 0.024786 0.038964 -0.010746 0.038964 0.011357 0 0 0 0
5.0846e-05 -0.0001272 0.00024327 0.00028297 0.052199 0.0063786 0.055475 0.014514 -0.046263 -0.004495 0.05394 0.014375 2.7772e-05 -1.3238e-05 0.00025392 0.00029893 -7.4636e-05 -0.00010217 0.0011781 0.0022339 0.24656 -0.030387 0.45644 0.14326 -0.23001 -0.011221 0.26999 0.089335 -0.00025397 -0.00077874 0.0016439 0.00284 0.00030631 0.00025806 0.0017502 0.0016171 0.36273 0.02989 0.37587 0.10366 -0.32727 0.052249 0.33689 0.14969 -0.00081872 0.00056307 0.0020347 0.0032002 0.00012583 -0.00057099 0.00031938 0.00060941 0.08622 -0.027539 0.089379 0.035604 -0.078465 -0.015556 0.096549 0.027352 2.2059e-05 -0.00016321 0.00054307 0.00055916
-0.022994 -0.0039481 0.023039 0.0041049 0.0063697 -0.0075535 0.034482 0.013293 0.059323 0.0035853 0.077962 0.019993 0.0020514 0.0011547 0.0020864 0.0019442 -0.085342 -0.0070893 0.094397 0.029915 -0.13029 0.14062 0.25067 0.14409 0.44296 -0.094445 0.46586 0.14547 0.01218 -0.022058 0.045425 0.042856 -0.035273 0.0021223 0.056159 0.032917 -0.11778 0.051416 0.34668 0.17649 0.27582 0.14507 0.28522 0.18759 -0.0011881 0.0069595 0.039886 0.07493 -0.0064422 -0.0021386 0.0074635 0.0036661 0.009047 -0.016638 0.046237 0.019598 0.039295 0.00033251 0.05508 0.014981 0.0034786 0.00080224 0.0035146 0.0015251
-0.013577 -0.0034314 0.015215 0.0034523 0.030184 0.010756 0.032405 0.014248 0.02052 0.0067532 0.020841 0.012034 0.00050753 0.001013 0.00085563 0.0016413 -0.051078 -0.007996 0.062307 0.022777 0.23983 -0.026293 0.43099 0.073371 0.11488 0.019911 0.11488 0.043562 0.0074994 0.0037385 0.0075403 0.0048012 -0.032823 -0.018598 0.074793 0.028242 0.24254 -0.025391 0.50506 0.15671 0.073873 -0.13896 0.14432 0.55031 0.020916 -0.016196 0.021032 0.025598 -0.0021755 0.00090165 0.011093 0.003427 0.050353 0.0173 0.076875 0.021469 -0.021155 -0.00092845 0.032165 0.053853 0.0040518 0.0020496 0.0070314 0.0033976
7.2834e-05 0.00015074 0.00035786 0.00028506 0.027964 0.0099897 0.092941 0.063182 -0.026035 0.0026992 0.056913 0.039354 -1.5565e-05 4.5568e-05 0.00034851 0.00020546 -0.00015671 -0.00049028 0.0017379 0.0022761 0.24942 -0.058149 0.54464 0.14729 -0.21802 0.037731 0.30831 0.085029 -0.00039678 -0.00069784 0.0015266 0.0017811 0.00049014 0.00070396 0.0030377 0.0024062 0.21605 0.05515 0.51352 0.14971 -0.1845 -0.036064 0.20675 0.13272 -0.00033108 0.00064103 0.0021125 0.0018438 -5.4466e-05 -3.5521e-05 0.00021839 0.00023281 0.02702 -0.0047587 0.098274 0.018355 -0.025408 0.00035835 0.049557 0.020673 0.00026931 -6.258e-05 0.00043805 0.00037145
-0.0010703 0.00051729 0.001074 0.00057539 -0.021354 -0.012774 0.054367 0.020086 0.0095255 -0.014863 0.054951 0.034964 0.0055852 0.0025356 0.0056164 0.0025356 -0.020584 -0.008612 0.02488 0.010909 -0.305 -0.082113 0.32307 0.10444 0.43969 0.040928 0.44487 0.18211 0.010239 3.4799e-05 0.010264 0.0027667 -0.02773 -0.024609 0.028238 0.024828 -0.16783 -0.011038 0.25049 0.10891 0.30742 -0.05996 0.33327 0.1543 0.042091 -0.010086 0.042153 0.020428 0.0026407 0.0046731 0.0036974 0.0064733 -0.035852 0.011697 0.04284 0.01395 0.031785 -0.0045479 0.034889 0.0093692 0.0099432 -0.0022143 0.0099432 0.0027813
-0.0051169 0.0027925 0.0051931 0.0037415 0.011675 0.0089348 0.042929 0.036754 -0.012977 0.061458 0.017703 0.063866 -3.8915e-05 0.0079315 0.002227 0.0088201 -0.031056 0.0089763 0.033863 0.024458 0.024784 -0.031454 0.43666 0.11276 0.16923 -0.0071397 0.17929 0.10251 -0.0020118 0.022414 0.0091012 0.022414 -0.01408 0.013835 0.022249 0.017715 -0.30444 0.14757 0.39072 0.19489 0.42605 0.064207 0.43318 0.11327 0.0038441 0.0072571 0.0050319 0.010586 -0.00079119 -0.0010218 0.0036827 0.0015732 -0.0491 -0.00014506 0.054987 0.0080533 0.065357 0.0075054 0.072108 0.011787 0.00053535 0.00067766 0.00064299 0.00081081
-0.00059135 0.00285 0.0058929 0.0029669 0.07099 -0.00016925 0.076919 0.018928 0.0017578 -0.00027161 0.0017825 0.00057351 0 0 0 0 -0.020269 -0.0033459 0.056881 0.024426 0.44679 0.045707 0.49488 0.096182 0.014694 -0.00079693 0.015485 0.0066129 0 0 0 0 -0.023755 -0.024752 0.042616 0.029622 0.46544 -0.038981 0.4762 0.23891 0.055594 -0.014614 0.058832 0.029774 0.00025902 -4.0346e-05 0.00025902 0.00012983 -0.0043023 0.0011304 0.0061061 0.0017529 0.041417 -0.037092 0.052612 0.040825 0.040114 -0.042127 0.040626 0.043136 0.00026012 -0.0001331 0.00026012 0.00014084
-0.011599 -0.0047977 0.011604 0.0052013 0.0039943 0.032715 0.060889 0.051584 0.012756 0.070257 0.019899 0.073365 -0.0003406 0.011587 0.0018919 0.011713 -0.12507 -0.027258 0.12529 0.027385 0.27872 -0.0049254 0.42861 0.072605 0.12949 0.016272 0.12988 0.046922 -0.00059655 0.005203 0.0051423 0.0053962 -0.091814 -0.015032 0.11237 0.019928 0.24505 -0.026443 0.52243 0.24692 0.16742 -0.18229 0.23288 0.3108 0.0013918 -0.01047 0.01623 0.020527 -0.017525 0.0021626 0.017525 0.0023797 0.046349 0.017045 0.088199 0.024171 0.00019915 0.04644 0.017035 0.04737 0.0029429 0.0009134 0.0049647 0.0013974
0.0026697 -0.009769 0.0030282 0.0097853 0.037355 -0.10512 0.037365 0.10517 0.0035062 -0.0037253 0.0036612 0.0037253 4.0057e-06 -4.1414e-06 5.9095e-05 3.9862e-05 -0.00011891 -0.0048575 0.0013258 0.0050584 0.099977 -0.063948 0.10698 0.068295 0.49478 -0.05352 0.49478 0.056762 0.0002938 0.00040837 0.00053925 0.00050881 0.001803 -0.0026544 0.0022568 0.0027701 0.20979 0.034461 0.2147 0.073581 0.4029 -0.011524 0.4029 0.13524 0.0003953 -0.0005863 0.0003953 0.0005863 0.00021571 -0.00031258 0.00053011 0.00039585 0.041452 0.033946 0.043008 0.035689 0.017036 -0.020933 0.029572 0.03835 0.0019777 -0.002662 0.0020355 0.0027713
-0.0081948 0.0039719 0.008443 0.0042853 0.0071618 -0.0056974 0.023688 0.013219 -0.0045204 0.0013043 0.020899 0.015723 0.0065119 -0.00070186 0.0065119 0.0057991 -0.027692 0.011019 0.038705 0.020627 -0.14509 -0.0014234 0.3479 0.11729 0.20536 0.026977 0.22605 0.14129 0.050602 0.042202 0.052256 0.04352 -0.0071181 0.006827 0.022483 0.014084 -0.29875 0.02118 0.40842 0.05514 0.42363 0.046751 0.42363 0.2619 0.023596 -0.0071883 0.026256 0.028152 -0.0012481 -0.00058154 0.0012525 0.00072989 -0.034437 0.019062 0.073911 0.021266 0.067438 0.053931 0.067438 0.069924 0.0020546 0.0062447 0.0024305 0.0064309
-0.0062997 0.0033706 0.0085919 0.005112 0.039057 -0.010175 0.039686 0.031293 0.0059195 0.026839 0.0092524 0.026839 -0.0045781 0.0030885 0.0056522 0.003104 -0.04413 0.031779 0.048259 0.032946 0.27326 0.028365 0.54646 0.17691 0.075487 0.035238 0.080629 0.050452 -0.037867 0.00073465 0.044912 0.0088328 -0.0094993 -0.0059095 0.02588 0.014344 0.14186 -0.0029781 0.68261 0.15739 0.094736 -0.048193 0.10177 0.066277 -0.070239 -0.028818 0.075464 0.029399 -0.0058142 -0.010503 0.0071122 0.011525 0.03304 -0.014654 0.043961 0.051612 -0.0089812 -0.053036 0.016606 0.053276 -0.0095599 -0.0061718 0.010271 0.0066316
-0.0040809 -0.0025204 0.0042188 0.0034523 0.0063646 -0.0046619 0.02266 0.015348 0.041987 -0.0043444 0.056511 0.019129 0.000466 0.00018706 0.000466 0.00019081 -0.044604 0.017594 0.044902 0.020778 0.030113 -0.090542 0.17699 0.10536 0.41395 0.01633 0.4698 0.087667 0.00036399 -0.00080982 0.0010664 0.00097425 -0.059246 0.00035162 0.059327 0.0072641 -0.017986 0.052468 0.17336 0.084234 0.46504 -0.0067278 0.50723 0.057154 0.0012017 0.00045102 0.0016983 0.00084046 -0.0063276 -0.0028661 0.0086107 0.0053099 -0.0066436 0.002874 0.039037 0.024007 0.069674 0.025477 0.069683 0.025488 3.6104e-05 6.6041e-05 8.394e-05 6.6041e-05
0.00028186 4.0853e-06 0.0003136 0.00031165 0.013234 0.0034184 0.01626 0.017465 0.0061176 0.005192 0.1427 0.067007 0.00033233 -0.00012282 0.00046015 0.0004189 0.00078654 0.00047467 0.0019713 0.0025372 0.21457 -0.0050591 0.23964 0.082889 -0.10092 -0.028325 0.63766 0.11713 0.0032488 -0.00038059 0.0039323 0.0017974 0.00010468 -0.00027178 0.001686 0.0018595 0.24657 0.017466 0.25671 0.092671 -0.13888 0.023038 0.45726 0.21736 0.0021477 0.00083671 0.0034024 0.00449 1.6066e-05 1.9289e-05 0.00022552 0.00024855 0.0099158 -0.012023 0.013283 0.015268 0.005836 -0.019074 0.13526 0.038381 0.00012446 -0.00014002 0.00033515 0.00042951
-0.0011371 -0.00070424 0.0011606 0.0011431 -0.055454 -0.038857 0.057523 0.040162 0.045862 0.011555 0.057963 0.020928 0.00076449 0.00048221 0.0015772 0.0016994 -0.019543 -0.010981 0.021093 0.012077 -0.16901 -0.10792 0.47111 0.12269 0.36944 -0.015032 0.36944 0.097192 -0.0054618 0.00053656 0.016941 0.010742 -0.0013673 -0.02003 0.020192 0.021874 -0.092118 0.012762 0.41463 0.090735 0.32436 0.018149 0.32436 0.11564 -0.01059 -0.0070548 0.019445 0.017839 0.0054646 -0.0083454 0.006086 0.0091837 0.0079896 -0.0079379 0.060514 0.020687 0.038614 -0.014325 0.038723 0.018588 -0.00053955 0.0021935 0.0030774 0.0033622
7.7343e-05 -0.00051458 0.0003137 0.00059205 0.0075379 0.011026 0.011071 0.016707 -0.00091848 -0.0052263 0.067823 0.050967 0.00030861 -0.00071501 0.0005218 0.0010228 0.0011388 0.0010681 0.0022609 0.0077919 0.1002 -0.0062288 0.33012 0.14996 -0.028788 -0.010388 0.58551 0.21116 -0.0015595 0.002487 0.0051625 0.0039228 -0.00092943 0.00061944 0.0025093 0.0022504 0.080332 0.011437 0.28135 0.092749 -2.3072e-05 0.026226 0.58117 0.15348 0.00057733 0.00071959 0.0046618 0.0034667 1.7043e-05 0.00020523 0.0002019 0.00031058 0.001238 -0.0028002 0.027203 0.006288 0.0086656 -0.0050418 0.068267 0.015862 -0.00013531 -1.6744e-05 0.00036669 0.00047174
-0.0058294 -0.00050008 0.01298 0.0011758 0.035685 -0.0017597 0.06709 0.01967 0.053433 0.0054982 0.054837 0.0075622 0.00099187 -0.0018924 0.0020183 0.0026068 -0.004616 0.010194 0.091072 0.025692 -0.012242 0.051938 0.24853 0.13711 0.42862 -0.21408 0.45173 0.23877 -0.01673 -0.026791 0.04697 0.076477 -0.022748 0.0083883 0.065515 0.023799 -0.0015795 0.13428 0.30568 0.23574 0.23439 0.12071 0.31866 0.18609 0.0015325 0.027399 0.032301 0.088585 -0.0073307 -0.0024717 0.009531 0.0042557 0.006041 -0.021106 0.030919 0.023067 0.051005 0.00063268 0.052087 0.014504 0.0030753 0.00036449 0.0031199 0.0013839
-0.00021341 0.00035339 0.00059251 0.00059939 0.00037945 -1.3101e-06 0.0033465 0.0029134 0.033238 0.030934 0.10343 0.04051 -0.0033897 0.0035195 0.0087378 0.0058675 0.00095317 0.0004966 0.0017615 0.0020696 0.0070369 0.010891 0.018119 0.01891 0.19519 -0.026327 0.59955 0.19763 -0.024463 -0.0082921 0.074774 0.029759 0.00054979 0.0018798 0.0012805 0.0021769 0.0077495 0.0056552 0.021185 0.026308 0.17946 -0.0099868 0.62752 0.31363 -0.014459 0.0023678 0.063051 0.022974 9.3476e-05 -4.5044e-05 0.00017163 0.0002667 -0.00011193 -0.00056065 0.002813 0.0049343 0.021984 0.012712 0.089094 0.032498 -0.00058989 -0.0004011 0.0062164 0.0021733
-0.00053377 -0.00033715 0.0025786 0.0014175 0.059536 0.0030028 0.062443 0.011984 0.0020621 0.00095424 0.0024548 0.0012258 0 0 0 0 -0.010186 -0.016136 0.029083 0.018772 0.47517 0.034521 0.49358 0.098897 0.0026836 -0.0045461 0.0045977 0.0053103 0 0 0 0 -0.002408 -0.0022578 0.022344 0.0050601 0.49413 -0.048908 0.49779 0.069816 0.0078582 0.00018034 0.011316 0.0099894 4.8185e-05 -4.8185e-05 4.8185e-05 4.8185e-05 -0.001852 0.0018626 0.0054258 0.0023487 0.070587 0.011045 0.070726 0.012222 0.0016806 3.3304e-05 0.0018146 0.0005496 0.00011887 4.4262e-06 0.00011887 4.4262e-06
-5.581e-05 5.1495e-05 0.00023984 0.00021377 -0.0043708 -0.0012804 0.0078623 0.003118 0.022871 0.030537 0.13438 0.03426 0.0026493 0.0016477 0.010883 0.0026456 -7.221e-05 -0.00010747 0.00081124 0.0010188 0.0019923 0.0042838 0.026805 0.023628 0.11295 -0.053465 0.62774 0.28576 0.013146 -0.0041276 0.05569 0.016729 -0.00041458 0.0001109 0.001769 0.0023244 -0.0092187 -0.0025126 0.033444 0.024216 0.16764 0.040519 0.60552 0.27192 0.0032327 0.0039547 0.032267 0.021439 3.4716e-07 -0.00034996 0.00041612 0.00045278 0.00050708 -0.0031982 0.0037281 0.0053938 0.02404 -0.012722 0.086949 0.027771 -0.0024277 0.00054853 0.0088683 0.0024432
-0.0042876 -0.0022956 0.0052435 0.003277 0.042149 -0.0095159 0.05498 0.016744 0.032715 0.0040676 0.033477 0.0076737 0.0015659 -0.0018501 0.0017864 0.0019648 -0.043278 -0.0018225 0.046687 0.017056 0.41352 0.04415 0.49974 0.077554 0.027441 -0.11704 0.14639 0.1276 -0.0099176 -0.059819 0.019194 0.060628 -0.047853 -0.0028969 0.054246 0.014355 0.2699 -0.043695 0.39311 0.12532 -0.068991 -0.15165 0.20965 0.40202 0.015685 0.039606 0.024178 0.054301 -0.0063285 -0.0026577 0.0063285 0.0033597 0.042268 0.031063 0.047314 0.035884 0.028795 0.03375 0.029963 0.033783 -0.00014283 0.0045004 0.0017645 0.0049631
-0.011013 -0.0045863 0.011057 0.0053101 0.06437 0.0064027 0.09096 0.021123 0.017986 0.0036042 0.033337 0.01485 -0.001753 0.00088866 0.0030509 0.0048866 -0.058979 -0.014569 0.078821 0.024116 0.42984 0.12804 0.42984 0.19904 0.03943 0.039802 0.22917 0.16132 0.0032579 0.0036072 0.030696 0.064313 0.011766 -0.021807 0.080448 0.029847 0.41149 -0.056454 0.41149 0.11412 0.01544 -0.057026 0.19922 0.20766 -0.010341 0.013659 0.023344 0.054287 0.0043145 -0.0032366 0.0073169 0.0045677 0.041534 -0.019101 0.052174 0.037633 0.037768 -0.0083254 0.037842 0.010128 0.00061106 -0.0017164 0.00069857 0.0017181
-0.0039015 -0.0078194 0.0040034 0.0078915 -0.026619 -0.0046629 0.030291 0.0097956 0.071449 0.0064884 0.077133 0.010897 -0.0029158 -0.00096927 0.0040574 0.0071737 -0.029928 0.01426 0.036879 0.02503 -0.079436 0.061091 0.15823 0.095106 0.39521 -0.038518 0.42141 0.092456 -0.01671 0.0088958 0.020244 0.018614 -0.032235 -0.026637 0.034663 0.02734 0.22242 0.085148 0.30803 0.20484 0.070673 0.037528 0.60389 0.12451 0.0049387 0.00030185 0.013653 0.014929 0.00088268 0.0022351 0.0017011 0.0028931 0.042646 0.02894 0.042779 0.02894 -0.024158 0.020004 0.047918 0.040586 0.0011552 -0.0054857 0.0033742 0.0090551
0.00071618 0.0019598 0.0021483 0.0021977 0.016976 0.0093402 0.056796 0.035868 0.0389 -0.039367 0.039953 0.039602 -0.0020879 -0.0043576 0.0023201 0.0043691 -0.011373 -0.010808 0.028673 0.01495 0.2949 0.011699 0.45321 0.17577 -0.047106 0.21182 0.17899 0.4072 0.0055406 0.023166 0.019 0.076324 -0.0108 -0.0063052 0.029058 0.021576 0.42146 -0.0092583 0.43726 0.090248 0.067042 0.045876 0.11211 0.073301 0.0085556 0.012998 0.0094532 0.013179 0.0014498 0.000395 0.0017266 0.00093278 0.044354 -0.021124 0.050056 0.025229 0.030613 -0.022722 0.030849 0.030089 0.00046497 -0.00022415 0.00088596 0.0017805
-0.000261 0.00013885 0.00046205 0.00052812 -0.00027615 0.0014107 0.0024636 0.0028773 -0.0011852 0.0011685 0.0045611 0.0028994 -0.00018236 -0.00041639 0.00053367 0.0009438 -0.00070275 0.00026279 0.0043018 0.0038646 -0.027224 -0.022821 0.036953 0.032118 0.2431 0.016852 0.65902 0.44846 -0.038472 0.060891 0.039665 0.064305 -0.00060769 -0.00069335 0.0020652 0.0017704 -0.0083003 0.0011014 0.05884 0.034071 0.21059 0.024743 0.37271 0.28907 0.0098889 -0.035493 0.099679 0.07605 -0.00052784 -0.00044511 0.0006318 0.00050183 0.0035817 0.0037668 0.0073623 0.0076513 0.010608 -0.014048 0.021252 0.019633 0.0018429 -2.4434e-05 0.0044589 0.005195
-0.00012564 -0.00013703 0.00023202 0.00018379 0.0051763 -0.012024 0.028112 0.028616 0.0083484 0.0023449 0.057056 0.022424 0.00058359 0.00035631 0.00090079 0.00091119 -0.00064944 -7.4901e-05 0.0029548 0.0030401 0.04845 0.016421 0.34136 0.13407 0.017139 -0.037955 0.37308 0.25735 0.0024844 -0.00023932 0.0029142 0.0019544 -0.00078832 0.00034949 0.0014753 0.0018985 0.10445 0.030188 0.43203 0.13904 -0.068777 0.026145 0.62181 0.17313 0.00042014 6.0223e-05 0.0020725 0.0010734 5.776e-05 -0.00018489 0.00032172 0.00054022 0.0030735 -0.0089774 0.039786 0.018967 -0.0041785 0.0095459 0.079342 0.042266 2.0381e-05 7.4431e-05 0.00016471 0.00019899
-3.9618e-05 0.00015217 0.00018844 0.00032762 0.00056812 -0.00056693 0.0042632 0.0028145 0.070879 -0.0025548 0.074524 0.0081334 4.7384e-05 -3.488e-05 0.00012794 0.00011234 -0.0044919 -0.00033534 0.0062251 0.0041929 0.0084056 -0.014291 0.051818 0.029691 0.46697 -0.016488 0.48098 0.066594 0.0024081 0.00049283 0.0026077 0.0013574 -0.0020536 -0.0010997 0.0071048 0.0028277 -0.0012483 -0.0031442 0.043654 0.035176 0.50299 0.026598 0.50513 0.10131 0.00014969 -0.00014969 0.00014969 0.00014969 -0.00076799 -0.00043036 0.0021589 0.00094724 0.0077897 0.0018156 0.010658 0.0052938 0.065249 -0.0010701 0.065676 0.01251 0.00014641 -0.00010179 0.0002191 0.00018704
