-0.0012306 0.00017804 0.0014636 0.00085054 0.01671 -0.010042 0.036144 0.013467 0.049286 -0.011246 0.049286 0.011419 0 0 0 0 2.5493e-05 -0.0038795 0.0054075 0.0102 -0.095828 0.031528 0.10526 0.0867 0.49399 -0.10623 0.50391 0.12081 0 0 0 0 0.0084973 0.03724 0.01427 0.045072 0.086577 0.364 0.10785 0.37761 0.17117 0.20435 0.17117 0.20494 0 0 0 0 4.3291e-05 9.7884e-05 4.3291e-05 9.7884e-05 -3.3297e-05 0.0005751 3.3297e-05 0.0005751 8.3409e-05 8.3409e-05 8.3409e-05 8.3409e-05 0 0 0 0
2.4659e-05 -6.2465e-05 2.7494e-05 6.2465e-05 1.5653e-05 -8.6188e-05 8.6188e-05 8.6188e-05 0 0 0 0 0 0 0 0 0.0017556 -0.057641 0.010224 0.059601 -0.016758 -0.39572 0.059637 0.51359 0.19735 -0.18993 0.20839 0.2193 0.00052293 -5.092e-05 0.00052293 5.092e-05 -0.0051958 5.3306e-05 0.0089931 0.007754 0.0048315 0.010609 0.085234 0.055186 0.42465 0.098017 0.42885 0.098742 0.00025728 8.0592e-05 0.00025728 8.0592e-05 0.00050131 -0.00030588 0.00097442 0.0015661 0.00074216 -0.000423 0.014978 0.0085924 0.062003 0.0048784 0.062265 0.0051856 0 0 0 0
-5.524e-05 0.0010747 0.00047867 0.0023428 0.018826 -0.0066848 0.025595 0.011721 0.054029 -0.0075927 0.054029 0.0075927 0 0 0 0 0.00019349 0.0014216 0.0051549 0.0076098 -0.031644 0.01836 0.041719 0.029441 0.48754 -0.1072 0.48754 0.1072 0 0 0 0 0.0083856 0.039421 0.013204 0.040329 0.10087 0.38746 0.12003 0.39544 0.19484 0.20001 0.19484 0.20001 0 0 0 0 3.9872e-05 6.626e-05 3.9872e-05 6.626e-05 0 0 0 0 0 0 0 0 0 0 0 0
-0.00074534 -0.00010272 0.001478 0.00061074 0.013914 -0.0023744 0.023644 0.0066107 -0.002883 -0.00087025 0.0061843 0.0078099 0.00074476 -0.00070889 0.0026137 0.0010952 -0.012541 0.0047509 0.013019 0.0053211 0.23851 0.13003 0.26823 0.26029 -0.017117 0.32625 0.03363 0.40519 -0.0068335 0.0458 0.019025 0.051809 -0.0088527 -0.00014331 0.0091053 0.0042933 0.46817 -0.076005 0.50126 0.14992 0.0038145 0.0030823 0.0076505 0.0051057 -0.0013433 0.0046209 0.0014425 0.0046209 -0.00048616 0.00051625 0.00085669 0.00082952 0.06433 0.0010216 0.069247 0.00329 0.00031193 0 0.00031193 0 0 0 0 0
0.00038761 0.00014744 0.0014641 0.00052473 0.061382 -0.018681 0.064763 0.020139 0.014183 -0.0076843 0.014183 0.0077066 0 0 0 0 0.00057243 0.0025444 0.0068467 0.0063497 -0.0006318 -0.022858 0.076725 0.095887 0.49315 -0.14031 0.49315 0.14031 -0.00011133 2.4319e-05 0.00029348 0.0018126 -0.0064987 -0.0058474 0.0072522 0.0064831 0.2146 0.23948 0.22504 0.25951 0.27553 0.1909 0.27553 0.19122 0.00010103 0.00010103 0.00010103 0.00010103 0.0060701 0.0066295 0.0068216 0.0072373 0.024355 0.027553 0.024355 0.027558 0.00036131 0.00015926 0.00036131 0.00015926 0 0 0 0
-9.3102e-05 -0.00049357 0.00053835 0.0006468 0.058961 -0.025286 0.065109 0.02545 0.00071971 -0.00025801 0.00071971 0.00025801 -3.8958e-05 -6.0066e-05 3.8958e-05 6.0066e-05 -0.010756 -0.0027176 0.012543 0.0046449 0.45182 0.04426 0.48503 0.079865 -0.0027086 -0.029955 0.036822 0.035646 -0.027413 -0.05707 0.02784 0.057501 -0.014609 -0.00061345 0.014873 0.0047426 0.20864 -0.16109 0.29832 0.27171 -0.099988 -0.35992 0.11811 0.37873 -0.012376 -0.0052638 0.013016 0.0087886 -0.001382 0.00088738 0.0014491 0.00098403 0.0052639 -0.0074481 0.029637 0.01062 0.0056107 -0.0023996 0.0090968 0.0042402 -0.0017617 0.00031214 0.0017769 0.00077499
0.00051271 1.9783e-05 0.0010386 0.00068209 0.063234 -0.034225 0.063946 0.034983 0.00058757 -0.00046139 0.00058757 0.00046139 0 0 0 0 0.0027449 -0.001098 0.0055591 0.0036885 0.16581 -0.11789 0.24182 0.17796 0.34175 -0.24278 0.34175 0.24278 0.00010945 -0.00010945 0.00010945 0.00010945 -0.0045031 -0.0022014 0.0080043 0.0077245 0.10465 0.0062632 0.16736 0.082244 0.42543 0.20934 0.42543 0.20934 0.00031876 9.9851e-05 0.00031876 9.9851e-05 0.00030731 -0.00036586 0.0040285 0.00074276 0.058477 -0.00054935 0.078018 0.0087439 0.025374 -0.0034334 0.025374 0.0037521 0 0 0 0
0.0023934 -0.0025823 0.0048487 0.0061064 0.001866 -0.0050464 0.0086723 0.010811 0.026467 -0.004772 0.047429 0.012407 0.0001291 8.1682e-06 0.0001291 3.7212e-05 -0.023375 0.011199 0.023465 0.011371 0.22505 0.10902 0.29722 0.22039 0.12912 0.31969 0.19973 0.341 0.0002992 8.373e-05 0.0002992 0.00022738 -0.0069133 -0.00081532 0.0072524 0.0027983 0.43848 -0.055605 0.55246 0.11204 0.00049033 -0.00020557 0.00049033 0.00020557 0 0 0 0 -0.0010942 0.00094833 0.0016521 0.0015435 0.057293 0.007307 0.062505 0.015852 0.00090265 -0.00020035 0.00090265 0.00030269 0 0 0 0
0.001204 3.8762e-06 0.0042792 0.0010737 0.07263 -0.028139 0.077564 0.031703 0.0027191 -0.0015198 0.0027191 0.0015198 0 0 0 0 -0.0073564 0.004033 0.01337 0.0083558 0.10359 -0.059844 0.14342 0.078369 0.43408 -0.19552 0.43408 0.19583 0 0 0 0 -0.0074624 0.0016237 0.010167 0.0038688 0.13763 0.017591 0.20805 0.072449 0.40665 0.19817 0.40665 0.20232 0 0 0 0 -0.0026671 -8.2998e-05 0.0027216 0.00052305 0.075965 0.0050155 0.084248 0.011587 0.0088345 0.0016179 0.0088345 0.0017799 0 0 0 0
-0.0014399 0.00022954 0.0015797 0.00034089 0.016312 0.0097724 0.034307 0.032706 -0.0079362 -0.0015059 0.03173 0.055994 -0.0019931 -0.0028081 0.0052424 0.012809 0.0017254 -0.0003953 0.0088965 0.0052235 0.12962 0.012655 0.39369 0.1582 -0.023346 0.087268 0.33946 0.43376 -0.023617 0.0018533 0.051223 0.051539 0.014075 -0.0070588 0.015081 0.0084658 0.19317 -0.048911 0.32339 0.12854 -0.092869 -0.13535 0.46062 0.26522 -0.0066394 0.0064437 0.064065 0.058138 0.00039626 0.00016235 0.00078725 0.00060754 -0.0011097 -0.0017118 0.0074792 0.0052784 -0.0002978 -0.0012768 0.0040034 0.0030267 0.00041071 -0.00090025 0.0010817 0.0023477
0.00048998 0.0001719 0.0012496 0.0012744 0.056546 -0.0013925 0.059305 0.0084224 2.4031e-05 1.2815e-05 2.4031e-05 1.2815e-05 0 0 0 0 0.0054681 -0.0018066 0.0080698 0.0048112 0.4297 0.060621 0.48103 0.14931 0.00031881 -0.0010178 0.00031881 0.0010178 0 0 0 0 -0.0051457 0.0017075 0.009455 0.0045343 0.1497 -0.16379 0.22669 0.29746 0.10225 -0.39589 0.14621 0.41375 0.0032472 -0.00052838 0.0032472 0.00086587 0.0012244 -1.6491e-05 0.0019046 0.0010901 -0.003706 -0.0025256 0.010653 0.0061997 0.02767 0.0016553 0.03273 0.0065573 0.0003493 2.8867e-05 0.0003493 4.364e-05
0.0021285 0.00058497 0.0038767 0.00092653 0.07705 -0.0035302 0.094209 0.0082134 0.0079666 -0.0029721 0.0079666 0.003046 0 0 0 0 0.0091432 0.0069505 0.013299 0.0076788 0.053004 0.03071 0.21063 0.12402 0.455 -0.19322 0.455 0.22405 0.0006812 -0.00021462 0.0006812 0.00021462 0.0070789 0.00039001 0.019584 0.010859 0.16561 0.10837 0.21632 0.15055 0.31313 0.22386 0.31415 0.22424 0.00071057 0.00022259 0.00071057 0.00022259 -0.0066372 -0.0035756 0.0095119 0.0048368 0.072532 0.034372 0.072588 0.035771 0.0016139 0.00082056 0.0016139 0.00085603 0 0 0 0
0.00018337 0.00082995 0.00063746 0.0011114 -0.0039108 -0.0031051 0.0051336 0.0050649 0.0036875 0.00064721 0.0047155 0.0030724 0.00040988 1.3605e-05 0.00069907 0.00029147 -0.0045484 -0.0027106 0.0050983 0.0035783 0.067562 0.079864 0.12272 0.20818 0.056491 0.17399 0.27228 0.34312 -0.0099083 0.03195 0.066402 0.035881 -0.0016325 -0.0024871 0.0049919 0.0052881 0.11536 0.0021678 0.29321 0.27979 0.046349 -0.027697 0.60575 0.37271 -0.00073363 -0.014419 0.032454 0.049425 0.00053165 0.00040079 0.001037 0.00073064 0.010025 0.007605 0.034228 0.037683 0.0027861 -0.021866 0.028064 0.063596 -9.6947e-05 -0.0058094 0.0030207 0.010491
-0.002881 0.00039013 0.002881 0.0004923 0.077732 -0.0026834 0.091261 0.011794 0.012523 -0.005984 0.012523 0.0060496 0 0 0 0 -0.0087563 0.0034837 0.0091369 0.0080558 0.097894 0.038885 0.22428 0.10395 0.43611 -0.18035 0.43652 0.18035 0 0 0 0 0.00065998 -0.0054981 0.0090912 0.0075866 0.14879 0.034684 0.26122 0.11741 0.36191 0.1992 0.36191 0.19969 0 0 0 0 0.002722 0.00081526 0.0065718 0.0021578 0.074248 0.024935 0.10698 0.046422 0.0019348 0.00092689 0.0019348 0.00092689 0 0 0 0
-0.0011106 -0.001817 0.0029925 0.0023285 0.005143 -0.0010725 0.016798 0.015228 0.057224 -0.0082424 0.057224 0.0091087 0 0 0 0 -0.0026598 -0.0030254 0.0047214 0.0056716 -0.06103 -0.055851 0.075434 0.072582 0.4959 -0.078707 0.4959 0.088623 0 0 0 0 -0.0044159 0.00083642 0.0063036 0.0036143 0.0079024 0.03514 0.13789 0.073863 0.4459 0.11086 0.44601 0.12082 -0.0040933 -0.011187 0.0048249 0.01132 -7.7821e-05 -2.1088e-06 0.00079122 0.00053443 0.0060208 -0.00050799 0.033687 0.016969 0.022017 -0.08568 0.029673 0.088809 -0.0034153 -0.0086116 0.0034604 0.0086741
-0.00017748 1.6375e-05 0.00039025 0.00037807 -0.0022223 -0.024811 0.026112 0.040518 0.0084985 -0.031561 0.053331 0.045533 -0.0020869 -0.0033826 0.0060533 0.0037305 3.4855e-05 -0.00053908 0.002324 0.0033629 0.12385 0.095128 0.20102 0.2781 -0.090326 0.076811 0.35334 0.48848 -0.017051 -0.0018082 0.059943 0.029964 2.6755e-05 -0.0019534 0.0017217 0.0025163 0.093733 -0.09097 0.23098 0.3209 -0.037419 -0.03134 0.38989 0.36251 -0.011597 0.0060175 0.041535 0.026107 -0.00053603 0.00034684 0.00060278 0.00064263 0.015589 -0.0042685 0.028177 0.039556 -0.0042368 -0.003694 0.031862 0.032353 -0.0021047 0.00063189 0.0047848 0.004915
-0.0018058 0.00082043 0.0019843 0.0010103 -0.010987 0.004024 0.01887 0.0084509 0.08673 -0.00084031 0.086906 0.0046214 0 0 0 0 -0.0053812 0.0038003 0.013336 0.009491 -0.046219 0.07129 0.096758 0.10666 0.51458 -0.089991 0.51644 0.11065 0 0 0 0 -0.0018382 0.0069839 0.012773 0.011937 -0.040961 0.055634 0.091556 0.12708 0.41603 0.051478 0.42526 0.10356 0.0003869 -9.0081e-05 0.0003869 0.00020032 0.0001177 -0.0012251 0.00079072 0.0018182 -0.0027635 -0.0076718 0.014721 0.0099558 0.057403 -0.00038514 0.059183 0.0075405 0.0001166 -5.7757e-06 0.0001166 8.8447e-06
-0.00082313 -0.00074139 0.0016962 0.0010912 -0.0028633 0.0026174 0.014129 0.0081902 0.058705 0.0061968 0.061244 0.0099787 0 0 0 0 0.0016854 -0.01367 0.0051824 0.016435 0.013062 -0.10318 0.043155 0.13041 0.44144 -0.043439 0.44345 0.10861 0.00074166 -4.7075e-05 0.00074166 0.00022869 0.00036959 0.00023351 0.0026968 0.004284 0.001695 -2.208e-05 0.035107 0.033405 0.51349 0.071419 0.51567 0.081548 0.00041623 6.8941e-05 0.00041623 6.8941e-05 -0.00038634 0.001142 0.00046801 0.0012126 -0.0028429 0.0061138 0.0062671 0.0075587 0.080694 0.0081177 0.080694 0.0083351 0 0 0 0
0.0013659 0.0010499 0.0016378 0.0018347 0.00049351 0.00094059 0.0067934 0.0035295 0.0023548 0.00098761 0.0043649 0.0022898 0.0013287 0.0038042 0.0017718 0.0042837 -0.0025853 0.0016327 0.0072187 0.0057457 0.20857 0.064081 0.25012 0.16404 0.031521 0.15515 0.4158 0.34946 -0.023479 -0.016948 0.066267 0.051863 -0.0093978 -0.010791 0.013327 0.013317 0.1944 -0.041764 0.22035 0.29618 -0.045634 -0.12028 0.25046 0.51147 0.0022852 0.011651 0.029407 0.083841 0.0021119 0.0019943 0.0024431 0.0026315 0.011105 -0.0052329 0.014786 0.0090695 0.0082088 -0.010152 0.024959 0.089897 0.00087839 -0.0011031 0.0024658 0.0073651
0.00025328 -0.00016857 0.00039575 0.00032214 0.022209 0.0019983 0.032245 0.050187 -0.0044736 0.0055459 0.042639 0.049019 -0.0031945 -0.0001258 0.010184 0.004224 0.00045208 6.607e-05 0.002643 0.002079 0.02958 0.1138 0.31118 0.32937 0.010913 -0.033898 0.43498 0.16842 -0.0014004 0.00071667 0.040584 0.031736 0.00077331 -0.0012771 0.0041378 0.0031416 0.18292 -0.10243 0.22838 0.3318 -0.14444 -0.0044337 0.40221 0.38154 0.0084838 -0.0057135 0.049231 0.014581 -5.2576e-05 -0.00043211 0.0004646 0.00080873 0.020595 0.018971 0.039175 0.061997 -0.013416 0.033234 0.047579 0.062437 0.0033938 0.0012208 0.0073464 0.0048926
-0.0058301 -0.0024712 0.0066565 0.0025548 0.039103 0.0080877 0.040454 0.016559 0.0058091 0.021245 0.066379 0.052321 -0.0017697 0.0028635 0.0053891 0.0061979 0.0008398 0.0056897 0.019262 0.013951 0.38914 -0.024642 0.3907 0.2506 -0.20087 -0.12101 0.31361 0.35295 0.01147 -0.0072985 0.046053 0.04159 -0.0015455 -0.0065182 0.018749 0.0091022 0.15353 -0.047594 0.23858 0.25287 0.0068712 -0.12109 0.19364 0.36478 0.0059191 -0.012122 0.049283 0.031879 -0.0050607 8.8773e-05 0.0058454 0.001195 0.0028566 0.0028615 0.026826 0.0082994 0.0020918 -0.0097755 0.037386 0.015114 -0.00022017 -0.00038944 0.00059617 0.00060835
0.00038131 -8.9302e-05 0.00040205 0.00091344 0.022289 0.0091528 0.025391 0.017144 -0.010259 0.031378 0.040765 0.065772 0.0043772 -0.0020526 0.009445 0.0053535 0.00082814 -0.0019222 0.0038683 0.0032304 0.158 -0.022084 0.17346 0.14965 -0.11266 -0.012645 0.36839 0.52667 0.031288 0.0016896 0.050306 0.033472 0.0011467 0.00055139 0.0024834 0.005406 0.08043 0.0096287 0.31187 0.14213 0.011667 -0.0037325 0.41777 0.41169 0.032197 0.0056507 0.05714 0.042396 0.00052765 0.00037031 0.00081243 0.00053076 0.0073937 -0.0038328 0.054515 0.022538 0.0019663 -0.015198 0.050975 0.043503 0.0034934 -0.00053404 0.0071664 0.0041643
-0.0013205 0.00025609 0.0015494 0.00098233 0.0083546 -0.0062696 0.021817 0.0075751 0.01355 -0.020668 0.017923 0.023007 -0.00066856 -1.0539e-05 0.0016732 0.0017475 -0.017965 0.0012772 0.018223 0.0046545 -0.046905 0.018751 0.081646 0.038036 0.4577 0.028104 0.47669 0.25774 -0.0025168 0.029176 0.0038989 0.029231 -0.015146 0.00026306 0.015899 0.0036654 -0.043393 0.016777 0.053584 0.033119 0.4769 0.062219 0.47727 0.071116 8.2064e-05 8.2064e-05 8.2064e-05 8.2064e-05 -0.00096067 0.0001599 0.0012213 0.00053607 -0.0090029 0.0043371 0.015676 0.0071967 0.069026 0.0087713 0.069052 0.0089436 0 0 0 0
-0.00099995 0.0015538 0.015468 0.0057519 -0.008423 -0.0027006 0.035551 0.018745 0.016216 0.02044 0.036314 0.032829 0.00087736 0.0015712 0.0013831 0.0020656 -0.015487 -0.0077325 0.023873 0.014379 0.18622 0.060563 0.21821 0.31339 -0.041968 0.15536 0.19436 0.45108 -0.014406 0.010998 0.02795 0.076356 -0.010937 -0.0095641 0.034206 0.012051 0.30802 0.0023229 0.30909 0.18993 -0.13072 -0.029852 0.31918 0.4184 -0.0091689 -0.002974 0.037642 0.032318 -0.002885 -0.00011025 0.0043353 0.0011913 0.034996 -0.010799 0.038791 0.023818 -0.006987 -0.033128 0.040006 0.062023 0.0016043 -0.0033837 0.0069186 0.0051574
0.00094594 0.00081582 0.002876 0.00084477 0.0028343 0.0041182 0.0070313 0.0045741 0.067927 -0.0088053 0.067927 0.0088053 0 0 0 0 0.0027683 -0.0054701 0.014371 0.012702 0.0078061 -0.045139 0.067405 0.11007 0.44508 -0.033465 0.46402 0.053616 0 0 0 0 -0.0010996 0.0048168 0.0089817 0.0050846 -0.017244 -0.0013611 0.079862 0.058675 0.45496 -0.095134 0.47201 0.31889 0.001201 -0.034209 0.01352 0.034209 -0.00044478 0.00015286 0.00059641 0.00046814 -0.002472 0.0023684 0.012001 0.0063149 0.0011463 -0.001062 0.018248 0.0050878 0.0062753 0.00029932 0.0062753 0.00083143
0.0011349 -5.5465e-05 0.0021306 0.00071817 0.027178 0.0055906 0.028205 0.017186 -0.0064592 -0.010547 0.066857 0.054168 0.0045423 0.0013557 0.012884 0.0023609 0.007363 0.001027 0.0088239 0.0041605 0.20946 0.032613 0.2736 0.21784 -0.12587 0.00082525 0.41824 0.3107 0.026091 -0.0038495 0.10444 0.022172 0.0017845 -7.6899e-05 0.0054539 0.0049592 0.23797 -0.068099 0.27614 0.27698 -0.11387 -0.0096302 0.17404 0.51229 0.0040648 0.0024266 0.028523 0.01936 0.0015351 -0.00075968 0.0019358 0.00079607 -0.00296 -0.0015683 0.0066528 0.0086802 0.0083729 -0.024477 0.027521 0.025579 0.00013067 -0.0055853 0.0014856 0.0057432
-0.0010254 0.00012303 0.0011849 0.00068552 -0.00088721 0.0034423 0.006041 0.0060117 0.068311 0.0094907 0.068963 0.010471 0 0 0 0 -0.0022648 -0.011602 0.0046515 0.022581 -0.013878 -0.069538 0.02406 0.12917 0.46431 -0.026934 0.46431 0.04263 0 0 0 0 0.0023006 0.0050081 0.0044983 0.0061343 -0.011372 0.01154 0.043049 0.0345 0.50833 0.019616 0.50833 0.031726 0 0 0 0 -0.00060705 -0.00039088 0.0010686 0.00067404 -0.0033455 0.0014932 0.010694 0.0054167 0.076931 0.0035975 0.076931 0.0039509 0 0 0 0
-0.00057317 0.0033791 0.0019627 0.0035759 0.00011868 -0.0003437 0.0044901 0.0021061 0.0017049 0.0026183 0.0034075 0.002923 0.00037917 0.00028336 0.00083093 0.00038675 0.012017 -0.0046637 0.033575 0.047282 -0.14023 -0.019113 0.35959 0.30576 0.14845 0.071218 0.34413 0.20639 -0.018218 0.017054 0.045368 0.021774 0.010889 0.0043956 0.020928 0.065465 -0.1546 -0.0053575 0.24635 0.31853 0.16633 -0.079673 0.22308 0.52652 -0.010673 -0.0070251 0.031119 0.045434 0.00060711 0.0014124 0.0038894 0.0084208 -0.013021 0.020412 0.028298 0.050412 0.010194 -0.00029435 0.030621 0.044832 -0.00076915 -0.0031942 0.0035751 0.006816
0.00097121 -0.00063187 0.0011666 0.0010035 0.050652 -0.044882 0.052294 0.04592 0.0014341 -0.00075464 0.0014341 0.00075464 0 0 0 0 -0.0049801 -0.00075128 0.0088031 0.0065138 0.43691 0.042702 0.49464 0.15109 0.039901 0.0074277 0.039901 0.018728 0 0 0 0 -0.0097647 0.0001627 0.0098311 0.0026786 0.48191 -0.0662 0.5219 0.097996 0.0051166 -0.0012228 0.0051166 0.0014971 0 0 0 0 -0.002103 0.00062302 0.0021214 0.00064864 0.051291 -0.0073655 0.062778 0.0124 0.020918 -0.0071899 0.020918 0.0071899 0 0 0 0
0.0011129 -0.00016079 0.0018368 0.00035693 0.028654 0.0047444 0.032719 0.022862 -0.013259 0.014133 0.067116 0.046256 0.0043079 0.0022353 0.01301 0.004541 0.0048319 0.0014245 0.0064704 0.003176 0.1467 0.027132 0.30837 0.1567 -0.07164 0.0050224 0.38015 0.28517 0.024596 -0.0056388 0.085389 0.026405 0.0029291 -0.002226 0.005561 0.0043906 0.26647 -0.022996 0.3506 0.34788 -0.18281 -0.0081166 0.26643 0.41406 0.022777 -0.00084753 0.095182 0.010043 0.00034926 0.00042694 0.00057715 0.00092245 0.017012 -0.018746 0.033054 0.024427 -0.00492 -0.02809 0.052206 0.039263 0.0026494 -0.0012459 0.012373 0.0031714
0.00076876 -0.00060119 0.0012384 0.00068344 0.025971 0.020912 0.027674 0.038029 -0.01074 0.02317 0.058058 0.082924 0.0037869 -0.00070948 0.01576 0.0042717 0.0065862 -0.0023063 0.01072 0.0042616 0.19725 -0.080364 0.24057 0.21676 -0.10242 -0.044639 0.41825 0.42504 0.027174 0.010562 0.10511 0.016246 0.006418 0.00056323 0.010291 0.0037108 0.14906 0.054065 0.3265 0.26515 -0.021879 0.0031556 0.27684 0.40108 0.0082168 -0.010661 0.055137 0.023248 0.0007551 2.421e-05 0.00099904 0.00053842 0.04467 -0.014708 0.046641 0.047271 -0.030015 0.0027477 0.045756 0.033116 0.0026828 -0.00069018 0.012239 0.0015138
9.7746e-05 7.8438e-05 0.00028676 0.00037371 0.024986 -0.0082065 0.047277 0.031972 -0.012288 0.006482 0.056962 0.032593 -0.0033112 0.00013973 0.010847 0.001969 0.00089026 -0.00063984 0.0029484 0.0033933 0.067435 0.019911 0.31674 0.31907 0.047126 -0.039665 0.26767 0.32255 -0.028932 -0.0066534 0.076989 0.012804 0.00042468 0.00043108 0.0024277 0.0018978 0.093383 -0.039373 0.23948 0.35533 -0.023129 0.0049183 0.26287 0.56293 -0.02875 0.0028438 0.051686 0.049984 -3.568e-06 -0.00039085 0.00036088 0.00063614 0.029857 0.012098 0.040622 0.042439 -0.014519 0.018357 0.036988 0.070074 -0.0027652 -0.00092758 0.0076671 0.0062564
-0.005331 0.0034153 0.0056934 0.0035563 0.034817 0.032012 0.037498 0.032054 -0.023771 0.031276 0.04392 0.031424 -0.00020177 0.0027045 0.0035047 0.0027045 -0.06878 0.011609 0.076523 0.018789 0.30551 0.11789 0.42123 0.23702 -0.21196 0.12778 0.28773 0.34909 -0.015919 -0.00013566 0.028682 0.025413 -0.023564 0.0095858 0.03647 0.011493 0.21879 -0.080969 0.31454 0.24622 -0.14932 -0.064451 0.28002 0.1976 -0.046244 0.0096425 0.048448 0.016827 0.0026953 -0.0012413 0.0032443 0.0017835 0.0082243 0.0125 0.046923 0.029027 -0.012294 0.011179 0.043316 0.029494 -0.0041673 0.0010572 0.0046372 0.001574
-0.0010877 0.00031074 0.0015293 0.00069548 0.010192 -0.0024292 0.039283 0.0090657 0.00214 0.0020853 0.011451 0.0087547 -9.933e-05 0.00097588 0.0044547 0.0016991 -0.0049946 -0.0016177 0.0051534 0.0026143 -0.12334 0.025939 0.1356 0.051568 0.46211 0.06242 0.46602 0.22125 0.00096361 0.027765 0.0031893 0.027765 -0.008524 0.0031686 0.0098859 0.0058122 -0.067397 0.037699 0.079849 0.04133 0.43184 -0.0016493 0.51592 0.043617 0 0 0 0 -0.0012001 -0.0010911 0.0019157 0.0022212 -0.00062599 0.0038445 0.0093662 0.011497 0.049 0.014016 0.062759 0.017271 0 0 0 0
0.00022618 0.0011569 0.0011271 0.0011863 0.0022439 0.0088911 0.0095826 0.012534 0.061055 -0.015044 0.061055 0.015044 0 0 0 0 -0.00017955 -0.0050634 0.0069016 0.0083971 -0.022824 -0.066346 0.07027 0.075127 0.44174 -0.090854 0.48229 0.099978 0 0 0 0 -0.0019955 0.002062 0.0054077 0.0034039 -0.024289 -0.0014674 0.093049 0.047361 0.39937 -0.054715 0.48954 0.33226 -0.012544 -0.04822 0.013343 0.048852 9.8424e-05 0.00063713 0.00040535 0.00091989 -0.0037855 0.0052185 0.018865 0.0097511 0.0051262 -0.00031741 0.020523 0.0064871 -0.00042773 -0.00040758 0.0014259 0.00098045
-0.000526 0.00064268 0.0013472 0.0009371 0.017497 0.0048963 0.017637 0.0065643 0.015717 -0.002475 0.016793 0.038304 -0.0039879 -0.00028537 0.0039879 0.0079628 -0.0099302 -0.0041594 0.014834 0.016176 0.26347 0.054845 0.26453 0.15227 -0.01866 0.00069499 0.22022 0.33558 -0.014294 -0.020091 0.044136 0.036071 -0.037121 0.0096565 0.038453 0.014605 0.28323 -0.041933 0.45197 0.20019 0.0071336 0.13399 0.16872 0.51203 0.0096674 0.043511 0.023901 0.067251 -0.0067053 0.0020169 0.0076225 0.0022257 -0.0010658 0.003571 0.063264 0.024983 0.045796 -0.062594 0.050893 0.084339 -0.0024153 -0.00070291 0.0035428 0.0023013
-0.0033074 0.00031104 0.0038736 0.00091988 0.027565 0.0044686 0.036903 0.0085912 0.0040781 0.0065923 0.021636 0.011679 0.0001299 -0.0004355 0.00088347 0.0019499 -0.0093515 0.0013379 0.012426 0.0083256 0.054621 -0.041263 0.17271 0.066569 0.14772 -0.16269 0.19859 0.19532 -0.0039744 -0.0037546 0.01245 0.014734 -0.022962 0.0027181 0.023186 0.0048675 -0.090209 0.027404 0.10464 0.039484 0.52889 0.20173 0.53447 0.42722 -0.0023769 0.067588 0.004175 0.067714 -0.0028318 0.00045295 0.0028974 0.00066179 -0.0097022 0.0063079 0.010048 0.0075928 0.072109 -0.00018969 0.075711 0.0062515 0.00020573 3.8209e-05 0.00020573 0.00015214
-0.00022989 0.00087489 0.00060573 0.0012553 -0.0028534 0.0079575 0.0070112 0.0079575 0.064919 0.0042204 0.070074 0.0043973 0 0 0 0 -0.0035382 -0.0066037 0.0097542 0.0080585 -0.023305 -0.056811 0.10888 0.058121 0.48342 -0.016389 0.48742 0.026509 0 0 0 0 0.0011171 0.00095217 0.0062859 0.010594 -0.0080197 0.023948 0.071936 0.045347 0.4903 0.013121 0.49072 0.016792 0 0 0 0 -0.00080019 0.00057133 0.00084653 0.00072508 -0.0017341 0.0032158 0.0058622 0.0065951 0.068449 0.00113 0.068449 0.0065102 0 0 0 0
-0.00057562 -0.00020273 0.00075036 0.00051811 -0.0092517 0.0014189 0.029414 0.012738 0.068231 0.012925 0.069727 0.040551 0.00038922 0.004157 0.0006892 0.004157 -0.01006 -0.00011467 0.010913 0.0058386 -0.082414 0.034772 0.092681 0.041695 0.52103 -0.03429 0.52103 0.035216 0 0 0 0 -0.0091056 0.0051335 0.014815 0.011351 -0.038449 0.059251 0.071457 0.094713 0.43069 0.022719 0.44949 0.083477 0 0 0 0 -0.00012641 -0.00099507 0.00084 0.0013244 -0.006197 -0.0084822 0.02031 0.009247 0.064806 0.0011161 0.064806 0.0044519 0 0 0 0
-0.0011811 -0.00016448 0.0016292 0.00048246 -0.0084224 -0.003207 0.02074 0.005232 0.058103 0.0073084 0.058255 0.010298 1.2043e-05 6.4222e-06 1.2043e-05 6.4222e-06 -0.00013439 -0.0029081 0.0062574 0.0063198 -0.10353 -0.010968 0.13569 0.048388 0.4572 -0.0013269 0.4572 0.057835 0 0 0 0 0.0022334 -0.0015568 0.0053656 0.010581 -0.10205 -0.00031774 0.10205 0.085363 0.45167 -0.0035875 0.53687 0.059794 0 0 0 0 -0.00034603 0.0060322 0.00095688 0.0072934 -0.002088 0.062716 0.0070377 0.062792 0.042655 0.03002 0.054412 0.040529 0 0 0 0
0.00056027 -0.001551 0.0010266 0.0016306 0.030722 -0.0063197 0.054267 0.02415 0.00096799 -0.016573 0.054542 0.069396 0.0036428 0.0037721 0.0078495 0.0071819 0.0034777 -0.0044303 0.0088097 0.01481 0.25902 0.094695 0.36716 0.21815 -0.013057 0.12564 0.39112 0.40714 0.029827 -0.017185 0.07864 0.033302 0.012242 0.0081677 0.012737 0.010587 0.17806 -0.12431 0.22947 0.18224 0.027989 -0.26004 0.28409 0.29345 -0.042115 -0.040904 0.07517 0.071993 4.1633e-05 -0.00042648 0.0017004 0.0016343 -0.0091923 -0.023901 0.011693 0.023901 -0.0017923 -0.019113 0.011833 0.020004 -0.0018892 0.0012156 0.0035518 0.0022584
-0.0096622 0.0069871 0.010693 0.01053 0.031684 0.015776 0.035012 0.026657 -0.0015697 0.019865 0.024645 0.058926 -0.00012178 -0.002068 0.0077487 0.0083475 -0.051327 -0.020711 0.057659 0.039901 0.29717 0.064966 0.30965 0.19325 -0.08843 -0.024285 0.25292 0.19792 -0.036171 -0.0056657 0.058041 0.011439 -0.018922 0.049164 0.051404 0.073961 0.11703 -0.17644 0.29798 0.21849 -0.034108 -0.22198 0.46234 0.30638 0.01404 0.029249 0.083535 0.052294 -0.0045235 0.0057046 0.0045235 0.0057046 -0.086861 0.15401 0.086861 0.17127 0.016299 0.049862 0.060183 0.06831 0.022864 0.011852 0.022864 0.011852
-0.00036006 -0.0029467 0.00092144 0.0030354 -0.0020728 -0.025651 0.009932 0.026577 -0.00045735 -0.022856 0.0050635 0.024088 0.00089738 -0.0019745 0.0012474 0.0024377 -0.017645 -0.007401 0.020399 0.033511 0.030515 -0.010479 0.076857 0.32189 0.13796 0.24063 0.27126 0.46235 -0.013835 0.099605 0.018552 0.10867 0.0066009 0.015901 0.011415 0.028314 0.026468 0.12786 0.068462 0.14174 0.41922 0.010438 0.50477 0.14235 0.00037898 0.0034323 0.0033907 0.0042635 0.00023566 -0.00057414 0.0014131 0.00068537 -0.0050945 -0.0094858 0.0095915 0.010317 0.034189 -0.026366 0.037442 0.026497 0.0046243 -0.0026653 0.004741 0.0026756
2.0311e-05 -0.0010811 0.0055511 0.0060327 0.0012164 -0.00093465 0.025562 0.050314 -0.0069504 0.010659 0.027944 0.03157 0.0034651 0.0035916 0.0077679 0.0094129 0.00033212 0.01241 0.046059 0.049395 0.071176 -0.033364 0.26829 0.38074 -0.017524 0.067845 0.38863 0.33902 0.0098535 0.0039823 0.035907 0.041193 -0.019359 0.0062836 0.039683 0.040254 0.045179 0.087486 0.44595 0.31401 -0.063459 -0.13809 0.28984 0.26295 -0.013498 -0.02191 0.014998 0.024275 -0.0053892 -0.0023306 0.010943 0.0055799 -0.011858 -0.034421 0.036091 0.038474 -0.001925 -0.00051439 0.0038936 0.0021623 -0.00017022 -0.00024529 0.000787 0.00046884
0.00076664 -5.2396e-05 0.0025934 0.001501 -0.011945 -0.0063299 0.034568 0.008692 0.05225 0.0054789 0.062257 0.012008 7.8671e-05 3.0767e-05 7.8671e-05 4.2675e-05 -0.0069746 0.0018077 0.03387 0.0096597 -0.14516 0.0068422 0.29777 0.039652 0.45782 -0.024865 0.45782 0.063459 0 0 0 0 -0.0047452 0.0035066 0.013282 0.0072306 -0.15514 0.030599 0.19984 0.035232 0.43406 0.038825 0.43406 0.039811 0 0 0 0 0.0010457 -0.00053755 0.0038313 0.00082137 -0.021267 0.002371 0.026797 0.003435 0.061726 0.0062083 0.061726 0.0062593 0 0 0 0
-0.0023969 -0.00025043 0.0023969 0.000487 0.074035 0.012587 0.075328 0.014585 0.0030073 0.0015917 0.0030073 0.0016476 0 0 0 0 -0.011513 0.0037568 0.011583 0.0047678 0.48888 0.05571 0.53815 0.065913 0.0016473 6.3499e-05 0.0016473 0.00086518 0 0 0 0 0.0049003 0.0049918 0.010323 0.0076714 0.41156 -0.009886 0.49235 0.17454 0.028405 -0.0054237 0.028405 0.011796 0 0 0 0 -0.0010856 -0.0013981 0.0054622 0.003572 0.048892 0.036116 0.048892 0.03985 0.00078775 0.00065346 0.00078775 0.00065346 0 0 0 0
-0.0017303 0.00016788 0.0021423 0.0016051 0.0043491 0.0092759 0.023466 0.015085 0.0086188 -0.0022322 0.043682 0.032418 -0.001818 0.0054995 0.0038385 0.010091 0.0038835 -0.0071193 0.0093849 0.014749 0.08507 0.079673 0.38208 0.21876 0.02303 0.10252 0.40536 0.3986 -0.014528 0.00072777 0.041144 0.059075 0.0016823 -0.0072108 0.0050804 0.0090276 0.16718 -0.024744 0.37462 0.21973 -0.037443 -0.0035106 0.363 0.29566 0.0335 0.0084623 0.047226 0.026274 0.0011582 0.00051021 0.001288 0.00079783 0.019277 0.009731 0.055098 0.02414 -0.004929 0.0070573 0.038277 0.024541 0.0045416 -0.0027472 0.010335 0.0080337
0.0006344 0.0018414 0.0016957 0.0030535 -0.017375 0.013297 0.026867 0.016757 0.070984 -0.021885 0.070984 0.022015 0 0 0 0 0.0035403 -0.0060518 0.014351 0.021026 -0.08796 -0.06211 0.14418 0.12876 0.41051 -0.010941 0.47296 0.093821 0 0 0 0 0.0028065 0.015781 0.015152 0.049355 0.040448 0.03513 0.18817 0.15214 0.35248 0.041856 0.57308 0.057136 0 0 0 0 0.00080451 0.0019195 0.00080451 0.0019195 -0.0063472 0.059794 0.038628 0.068089 0.026846 0.041575 0.026846 0.041575 0 0 0 0
0.00059696 -0.00041174 0.0016528 0.00087906 -0.0038601 -0.0045166 0.010382 0.0068971 0.078095 4.0843e-05 0.078329 0.0023695 0 0 0 0 0.00034561 0.0032845 0.0049059 0.0095193 -0.013328 0.016082 0.045205 0.03075 0.51056 -0.038619 0.51056 0.049444 0 0 0 0 -0.006107 0.0067257 0.0063625 0.0073515 0.0020746 0.057538 0.03694 0.073736 0.46605 0.025969 0.46605 0.038594 0 0 0 0 -0.00038962 -0.00321 0.00079254 0.0034584 -0.0042312 -0.021931 0.0055848 0.024294 0.07159 -0.013194 0.07227 0.014337 0 0 0 0
0.00017218 -3.4627e-05 0.00099228 0.0011077 0.00089198 -0.0013939 0.013046 0.014778 0.048552 -0.0062511 0.055376 0.024866 9.3195e-05 -8.1733e-06 9.3195e-05 8.1733e-06 -0.0097774 -0.00062052 0.012892 0.0069374 -0.02196 -0.049094 0.12787 0.062167 0.42174 0.001109 0.43091 0.062348 0.00064719 0.0001139 0.00064719 0.00027624 -0.010598 -0.0011833 0.012982 0.0065536 -0.06703 -0.030985 0.15574 0.091223 0.51668 -0.0084233 0.51939 0.11236 4.2681e-05 -4.2681e-05 4.2681e-05 4.2681e-05 -6.6979e-05 -0.00073989 0.00094401 0.0012057 -0.020168 -0.00056108 0.021037 0.0070126 0.082561 -0.0016912 0.084485 0.0061539 3.9061e-05 2.2715e-05 3.9061e-05 3.9061e-05
0.00068997 -7.1908e-05 0.0014616 0.0005538 0.035935 -0.00076166 0.046128 0.0070141 -0.011006 0.024244 0.056961 0.072216 -0.0084141 -0.0051462 0.017337 0.0068111 0.0038563 0.00071932 0.0052093 0.0030562 -0.011436 -0.0065329 0.061669 0.046592 0.20297 -0.060969 0.39156 0.5838 -0.02704 -0.00083229 0.076769 0.053329 0.00045793 -0.0016297 0.0033278 0.004295 0.0087967 -0.014793 0.024614 0.036493 0.18532 0.013944 0.46215 0.40452 -0.0051175 0.018059 0.06561 0.087213 0.00010959 -0.00031647 0.00070085 0.00062801 -0.00096103 -0.002438 0.0040416 0.0074604 0.026199 -0.030765 0.044764 0.042077 -0.0041504 -0.0053381 0.017822 0.0072282
0.00025155 0.00022543 0.0005897 0.00044374 -0.026522 0.00024124 0.026522 0.0031946 0.06106 -0.00065047 0.061103 0.0065661 0.0004025 -4.0639e-05 0.0004025 0.00012239 0.0081039 -0.00096725 0.011836 0.0064575 -0.18512 0.019102 0.18631 0.040045 0.43782 -0.0041038 0.44605 0.07495 0.00095612 0.00081149 0.0012694 0.0013642 0.0011031 -0.00076751 0.0089719 0.0028565 -0.16663 0.055163 0.18602 0.068168 0.42485 0.043393 0.50685 0.078322 0.00062103 -0.0002553 0.00062103 0.0002553 -0.00046279 0.00023458 0.00062231 0.00032552 -0.0043144 0.0025295 0.0061739 0.0048275 0.038618 0.0037368 0.078031 0.018488 0.00032401 -5.485e-05 0.00032401 0.00011587
0.0018809 0.0013787 0.0048489 0.0024835 0.010729 -0.019937 0.049968 0.025659 -0.020883 -0.0076921 0.037609 0.036339 -0.0012447 -0.00032663 0.0017098 0.00068496 0.006437 0.0021455 0.043356 0.028145 0.0034266 0.054021 0.35282 0.16033 -0.067634 -0.06692 0.27634 0.27012 -0.0047231 0.0050569 0.0060079 0.0076637 0.0053191 -0.0090118 0.053171 0.026068 0.027958 -0.02828 0.37028 0.33742 0.0037412 0.10834 0.39576 0.49818 -0.0029052 0.0038292 0.0068485 0.0067194 -0.00078139 0.0040055 0.0023928 0.0074056 -0.0043251 -0.023902 0.027223 0.03334 -0.006248 -0.027076 0.025559 0.043588 -0.002045 -0.001897 0.0032799 0.0021584
0.0014642 0.000434 0.0019403 0.0011396 0.018714 -0.012285 0.020914 0.03677 0.012804 -0.0049293 0.05158 0.10558 -0.0012938 -0.0036978 0.0072069 0.0084476 0.016959 -0.0037873 0.01892 0.0064622 0.18173 0.013069 0.24153 0.20458 -0.097014 -0.040252 0.29324 0.26342 0.019278 0.0089214 0.040605 0.048078 0.015931 0.0021971 0.023058 0.013336 0.082175 -0.066156 0.4436 0.14261 0.089224 -0.06584 0.49057 0.42132 0.018149 0.015115 0.039733 0.053081 0.00042078 0.0018655 0.0036362 0.0022552 0.019508 0.0013632 0.032579 0.024155 0.001486 0.041842 0.069261 0.071915 0.002311 -0.0026282 0.0059862 0.013949
0.00037095 -0.00073241 0.0040828 0.007323 -0.0090254 0.0016669 0.061527 0.029633 0.028379 -0.015931 0.057367 0.048339 -0.00422 0.0012009 0.0060312 0.005777 -0.045254 -0.0029337 0.073737 0.03266 0.10117 -0.063584 0.31066 0.22455 0.12743 0.01652 0.23575 0.24005 -0.001798 -0.00048534 0.017001 0.036334 -0.01953 -0.0088218 0.054295 0.036885 0.0018245 0.13037 0.45792 0.37574 0.20812 0.00068327 0.38245 0.32044 -0.0087096 -0.0024468 0.031603 0.06217 -0.0011696 0.002538 0.0063378 0.005041 0.0021031 -0.051352 0.044148 0.08203 0.015394 -0.00073108 0.03839 0.065238 -0.0018823 -0.0042479 0.0039352 0.0079777
0.00013204 -0.0011909 0.0020527 0.001245 0.024957 0.0017428 0.025313 0.013242 0.002609 -0.017276 0.04385 0.084237 -0.0021609 -0.0040966 0.007904 0.0076831 0.011921 -0.0036257 0.020762 0.005894 0.2753 -0.028872 0.28037 0.1782 -0.12842 0.016423 0.38956 0.35743 -0.0076869 0.013086 0.056247 0.036681 0.010411 0.0029508 0.014761 0.0050526 0.1676 0.052325 0.29643 0.29113 -0.057254 -0.048162 0.42099 0.29762 0.03025 -0.0086146 0.071139 0.036292 0.00047783 -0.00032116 0.00084951 0.0007297 0.040874 0.00588 0.043648 0.076484 -0.028497 -0.0015547 0.082339 0.027172 0.00094329 -0.0017921 0.0077083 0.0029191
-0.0017656 0.00061959 0.0022704 0.0023011 0.012937 -0.0082991 0.047544 0.029879 0.0045619 -0.0043573 0.015212 0.010074 -0.0014866 0.00030068 0.0027249 0.001414 -0.0028988 0.0023901 0.0048524 0.0032658 -0.16884 0.053565 0.18245 0.062351 0.28258 0.14574 0.33152 0.30723 -0.00097186 0.066013 0.01552 0.071534 -0.006165 -0.0018169 0.0068694 0.0037521 -0.12976 0.015983 0.13598 0.041237 0.4517 -0.090447 0.57152 0.16963 0.00010658 0.00010658 0.00010658 0.00010658 0.00010005 0.00024207 0.0010664 0.00056788 -0.0093259 0.0041887 0.010205 0.0056615 0.051504 0.0038423 0.066973 0.010362 1.7102e-06 -1.7102e-06 1.7102e-06 1.7102e-06
0.00094436 0.0010072 0.0020458 0.0013311 -0.018989 0.0067027 0.024092 0.0079994 0.023456 0.002132 0.023513 0.00444 0.00059374 0.0096058 0.0042591 0.0096164 0.004782 0.0018312 0.0076027 0.0099993 -0.20297 0.034679 0.26177 0.14136 0.2604 0.042131 0.32337 0.21705 0.0012711 -0.017924 0.033238 0.055522 0.00065073 -0.0061248 0.015949 0.011997 -0.28414 0.098833 0.34634 0.12448 0.35394 0.0052397 0.45786 0.25877 0.0010452 0.031657 0.025243 0.0822 0.0017322 -0.00013728 0.0018156 0.00062084 -0.0050263 0.0052868 0.015061 0.0063556 0.0043438 0.011352 0.055836 0.018628 0.0048023 -0.0039227 0.0071935 0.0067215
-0.008373 0.0024584 0.0090512 0.0027195 0.031633 0.012264 0.079056 0.017453 0.026986 -0.034343 0.064246 0.089157 -0.00059625 -0.0020448 0.0028361 0.0059868 -0.0027218 0.0021088 0.017465 0.0069136 0.10996 0.07675 0.45454 0.18254 -0.012666 -0.011883 0.41582 0.28641 0.014281 -0.0081829 0.043028 0.032565 -0.0065673 0.0037453 0.011779 0.0058243 0.026739 0.044283 0.34281 0.39347 0.0077983 0.071643 0.24921 0.3031 -0.0049237 -0.015509 0.033942 0.052192 0.00099079 -0.00068796 0.00099986 0.00093964 -0.0022848 -0.0036668 0.035728 0.026028 -0.0056463 -0.041932 0.046168 0.12819 0.006648 0.0054359 0.0084962 0.019387
0.0011875 -0.00059809 0.0019575 0.0031023 0.016302 0.022253 0.04241 0.045085 0.00772 0.02714 0.073703 0.056388 0.0021475 0.0048363 0.003498 0.0072216 -0.00093372 -0.017288 0.0060615 0.017689 0.31001 0.055783 0.31753 0.24009 0.043175 0.087056 0.38758 0.32955 -0.012579 -0.023582 0.060844 0.050154 0.015997 0.012239 0.017982 0.016429 0.14838 -0.13688 0.2251 0.21225 0.016185 -0.32221 0.24893 0.36627 -0.035698 -0.05076 0.057586 0.068364 -0.00049718 -0.0021664 0.0015779 0.002974 -0.0090402 -0.027721 0.012213 0.028753 0.0095852 -0.0036867 0.017994 0.019518 0.0048346 0.0081648 0.0056918 0.0087105
0.00030348 0.0008076 0.0016592 0.00097356 0.0036677 0.00056175 0.0093874 0.0078688 0.062737 -0.0016429 0.072795 0.0021819 2.4576e-05 -2.4576e-05 2.4576e-05 2.4576e-05 0.0019832 0.0027255 0.0081723 0.0092119 0.0086644 -0.020679 0.028804 0.047958 0.44495 -0.010749 0.52349 0.015125 0.00026408 7.3972e-05 0.00026408 7.3972e-05 -0.00073728 0.0018335 0.004621 0.0070376 -0.0095502 0.014164 0.027801 0.088399 0.4515 0.00045333 0.53982 0.02161 0.00013395 -5.616e-05 0.00013395 5.616e-05 -0.00023078 -0.0013337 0.00060552 0.0015307 0.0027193 0.014419 0.0084842 0.017145 0.063184 0.013137 0.069121 0.014868 9.0679e-06 -6.8881e-05 8.9235e-05 0.00020113
-0.0022093 0.00088499 0.0038056 0.0020608 0.00054926 -0.0045851 0.036687 0.037068 0.0024386 -0.0061927 0.015875 0.015639 0.015325 -0.0011388 0.015325 0.0015159 -0.0021613 -0.0067905 0.017383 0.015471 -0.16266 0.037343 0.16823 0.051349 0.41603 0.11756 0.50537 0.25968 0.034514 0.02038 0.034514 0.02038 -0.019121 -0.010114 0.03442 0.024353 -0.0074091 0.0055368 0.12328 0.062317 0.39904 0.010476 0.47378 0.097782 0 0 0 0 -0.0027756 -0.001208 0.0032141 0.0012128 0.0045231 -0.0078514 0.021541 0.0078514 0.060163 -0.0049518 0.069265 0.006153 0 0 0 0
-0.0017544 0.00093191 0.0021921 0.0010438 0.021289 0.00069238 0.021289 0.0032045 -0.0082582 0.009344 0.0097078 0.009344 0.00061753 0.0010785 0.0020853 0.0011407 -0.021088 0.015959 0.02749 0.017768 0.22251 0.069497 0.22409 0.12747 0.011936 0.047061 0.2086 0.30897 -0.0022744 -0.003527 0.020515 0.047154 -0.037445 0.010692 0.043428 0.016149 0.27606 -0.064352 0.49169 0.18829 0.062111 0.078918 0.21651 0.54734 -0.022865 0.03668 0.029529 0.070389 -0.00014988 -7.2152e-05 0.0016792 0.00070435 0.0082426 0.021974 0.052052 0.026409 0.019786 -0.0070678 0.034999 0.031788 -0.0033087 -0.0019314 0.0046803 0.0039798
-0.0043858 -0.001164 0.0075908 0.0049185 0.0060621 0.00097946 0.040565 0.037826 -0.0067137 0.0032244 0.053833 0.05758 -0.0020761 -0.0019615 0.0065063 0.004565 -0.0044984 0.01082 0.042525 0.064521 -0.028008 0.041483 0.41269 0.38355 0.067429 -0.0070547 0.36163 0.18325 -0.010148 0.0077612 0.027692 0.043516 0.01829 -0.0055448 0.072129 0.022238 -0.1321 0.0012552 0.47325 0.092455 0.11438 0.061186 0.40722 0.20173 -0.014415 -0.0061704 0.051265 0.027469 0.003291 9.0096e-05 0.0082125 0.0022807 -0.016037 -0.0098722 0.047531 0.018168 0.011861 -0.001488 0.070066 0.038783 -0.0012903 0.00013892 0.0052865 0.0029297
9.3066e-06 0.00092923 0.0009856 0.0022707 -0.0053059 0.002865 0.010045 0.038798 -0.0017975 -0.0027141 0.014326 0.02574 0.0013172 -0.0012545 0.0013701 0.001473 0.0086777 -0.0078538 0.012283 0.009677 -0.00086677 -0.081495 0.03469 0.12817 0.35992 0.13764 0.46701 0.21504 -0.021817 0.072739 0.027244 0.079145 -0.001347 0.0035417 0.0067661 0.008556 0.010473 0.053749 0.049964 0.06784 0.48209 -0.030016 0.50264 0.053592 0 0 0 0 -2.437e-05 0.021398 0.00025601 0.021398 -0.0045238 0.12676 0.0064659 0.12676 0.024917 0.081917 0.031234 0.082011 0 0 0 0
-0.0026072 0.0007105 0.0034883 0.00088285 0.077658 -0.0010128 0.091439 0.0097743 0.00037335 0.00010242 0.00073574 0.00024067 0 0 0 0 -0.0015355 0.0093838 0.010021 0.020233 0.46062 0.083172 0.5475 0.20505 0.0036647 -0.0019463 0.005973 0.0041241 0 0 0 0 0.0031692 -0.007689 0.014023 0.0097697 0.40785 -0.046521 0.47925 0.11908 0.017782 -0.0024138 0.017782 0.0064121 0 0 0 0 -0.0012821 -0.00087563 0.0034984 0.0013097 0.067909 0.0045728 0.073074 0.022756 0.0024729 0.00035186 0.0031384 0.0012297 0 0 0 0
-0.0032612 6.6331e-05 0.0065013 0.0032028 0.016507 0.010737 0.045394 0.025521 0.0016459 0.010007 0.043932 0.019082 -0.0020003 -0.0025537 0.0036241 0.006101 -0.028147 0.0030853 0.048631 0.027681 0.10029 -0.0065 0.42017 0.20104 0.039645 -0.040137 0.44441 0.12668 -0.019177 0.0012314 0.031982 0.037009 0.0080641 0.0024112 0.033476 0.040538 0.11732 -0.090679 0.40938 0.32955 -0.14218 -0.1318 0.31281 0.31247 -0.0094479 -0.017914 0.038648 0.03898 0.0016608 -0.0037725 0.0049559 0.0049813 0.0044422 -0.0068241 0.022653 0.045139 0.0092084 0.0011339 0.023182 0.054969 0.00044137 0.002588 0.002794 0.0059641
-0.0010983 -0.0071 0.0024999 0.0098671 0.0069115 -0.021723 0.012448 0.083644 0.029816 -0.030018 0.030242 0.061687 0.0010306 -0.00087456 0.0010306 0.00087456 -0.014678 0.015111 0.023366 0.02735 -0.0026161 -0.043904 0.17769 0.28623 0.094652 -0.025764 0.1751 0.15301 0.10149 -0.0012512 0.10149 0.020017 -0.01276 -0.0024518 0.026641 0.016515 -0.14888 0.066512 0.16557 0.08548 0.47807 0.11174 0.59628 0.3425 0.010755 0.010995 0.010755 0.010995 -0.0070749 0.00075685 0.0082408 0.0032078 0.0042243 -0.0036602 0.024985 0.015797 0.047187 0.002139 0.056858 0.021512 1.9266e-06 -1.9266e-06 1.9266e-06 1.9266e-06
0.00073473 -0.0049933 0.0044432 0.010889 0.011794 -0.023315 0.047671 0.050528 -0.015628 -0.012363 0.035123 0.047727 0.0059517 -0.0037817 0.0077682 0.0071876 0.0045234 -0.0062338 0.010823 0.037518 0.083754 -0.084191 0.28314 0.3307 -0.076153 -0.094898 0.18262 0.45907 0.025282 -0.015184 0.038272 0.063909 0.012389 0.014392 0.018901 0.072454 0.056996 0.093404 0.2293 0.33159 -0.05425 0.074468 0.24682 0.505 0.0018652 0.016272 0.030089 0.091866 -0.0017929 -0.0014635 0.0042338 0.0054854 0.016303 0.015177 0.029985 0.039261 -0.012736 0.011456 0.026298 0.034512 0.0017291 0.00063411 0.00412 0.0049766
0.00017973 -0.0020429 0.0012498 0.0021489 0.059846 0.0029613 0.062349 0.013211 -0.020891 0.040236 0.026001 0.040807 -0.00085593 0.015323 0.0031697 0.015986 0.00043652 0.0039107 0.0064643 0.0080671 0.48574 0.042586 0.49174 0.079193 0.0076983 0.0034197 0.0096107 0.0051541 -0.00015079 0.00064944 0.00015079 0.00064944 -0.00048399 0.022396 0.0059865 0.027725 0.45603 0.0074975 0.5106 0.15208 0.01659 -0.0025276 0.01659 0.0042222 0 0 0 0 -0.00023751 0.0050806 0.00039505 0.0050972 0.0074501 0.05978 0.016854 0.05978 0.0017638 0.00081285 0.0017638 0.00081285 0 0 0 0
0.0025183 4.8782e-05 0.0029389 0.0005316 0.010706 -0.0069431 0.05394 0.012516 0.046476 0.011677 0.046476 0.012199 1.6481e-05 6.9269e-06 1.6481e-05 6.9269e-06 0.018746 0.002738 0.026414 0.0075558 0.30342 0.011546 0.53442 0.082107 0.15924 0.022284 0.15967 0.032953 0 0 0 0 -0.0021613 0.0024254 0.02437 0.0044046 0.40999 -0.042481 0.59272 0.062473 0.091301 0.0082671 0.091301 0.011719 0 0 0 0 -0.00071025 0.00040134 0.0016497 0.0004694 0.059748 0.01132 0.085644 0.014002 0.010149 0.00046587 0.010149 0.0019407 0 0 0 0
0.0064826 0.0023752 0.0075099 0.0032451 -0.021193 0.0067548 0.037008 0.04845 0.021391 0.00030457 0.06959 0.023062 0.00023274 0.0007283 0.0098046 0.0039438 -0.016022 0.014018 0.0717 0.031217 -0.1039 0.056331 0.37179 0.31104 0.19052 -0.037509 0.33307 0.17069 -0.0014485 0.0002694 0.053239 0.027584 0.038251 -0.012628 0.078844 0.021971 -0.12294 0.0014772 0.43355 0.32193 0.095816 0.053629 0.39658 0.22393 0.012469 -0.00077522 0.086991 0.022236 0.0025887 -0.00092276 0.0028167 0.0017828 0.0021746 -0.0097009 0.062898 0.034591 -0.010714 -0.015264 0.043778 0.047634 0.0057951 -0.0073785 0.011525 0.0091587
0.00017541 -0.00028416 0.0011424 0.0014705 0.019544 0.012418 0.03548 0.023142 -0.017197 0.011936 0.057794 0.040017 0.002995 -0.0013378 0.0091805 0.0083179 0.0030295 -0.0093 0.0070064 0.010791 0.19442 0.019044 0.25932 0.12583 -0.1073 0.020544 0.30895 0.2358 0.022532 0.00010966 0.056584 0.053 0.0091949 0.0041192 0.011969 0.010533 0.089748 0.045487 0.37955 0.41198 -0.06538 0.020521 0.44052 0.40087 0.045576 -0.004435 0.062591 0.036163 0.0012534 0.0010382 0.0013406 0.0011764 0.016718 0.0050984 0.073968 0.034722 -0.013476 -0.001641 0.042219 0.032654 -0.00068077 0.0024172 0.0056436 0.0041969
0.00096436 0.0011786 0.0024412 0.0020127 -0.021373 0.0079251 0.029073 0.0087409 0.027579 0.0090803 0.031748 0.010947 -0.0031715 0.0058184 0.0047097 0.0058562 0.015637 0.0042068 0.020288 0.01545 -0.25665 0.079094 0.32428 0.17057 0.33573 -0.0093836 0.41366 0.27549 -0.0087641 0.038383 0.024265 0.067577 0.021821 -0.014168 0.024094 0.016773 -0.143 0.067946 0.24757 0.095501 0.26257 0.093266 0.4044 0.28014 -0.0058407 -0.020214 0.034698 0.039553 0.0038362 -0.0013593 0.0078932 0.0032845 0.0085892 0.00071744 0.013598 0.0070327 0.0049102 0.0018779 0.043757 0.020341 0.0010634 0.0017637 0.003331 0.0041559
-0.00014066 0.00043673 0.0031309 0.00093164 0.066058 0.0036355 0.079398 0.0079447 0.001988 0.00042717 0.001988 0.00047857 0 0 0 0 0.0026591 0.0020398 0.013097 0.0076993 0.43971 0.048735 0.48871 0.072341 0.005353 0.00076875 0.005353 0.0029151 0 0 0 0 0.0030467 -0.015855 0.0047571 0.018739 0.49151 -0.075263 0.5159 0.14697 0.0059358 -0.0032172 0.0079233 0.0070792 0 0 0 0 -0.00027414 -0.0004936 0.00061367 0.00069309 0.077579 -0.0016609 0.085428 0.004349 0.00087352 0.00063991 0.00092986 0.00087042 0 0 0 0
0.00098207 -0.00097868 0.0033916 0.0010971 -0.011127 0.0028781 0.012315 0.0048256 0.058671 0.0037283 0.071716 0.0068227 0 0 0 0 0.020157 -0.0088326 0.027695 0.01392 -0.032223 -0.025502 0.062444 0.071179 0.37526 0.010506 0.4515 0.10251 0 0 0 0 0.024609 -0.0029786 0.02614 0.0047378 -0.054844 -0.02984 0.097434 0.052499 0.45365 0.0043304 0.61762 0.064136 0 0 0 0 0.0030497 0.0063282 0.0032292 0.0066913 -0.0016454 0.050965 0.0065363 0.052521 0.05307 0.032735 0.065792 0.032735 0 0 0 0
-8.7215e-05 -0.0025482 0.00074245 0.0029352 -0.0025466 -0.011717 0.0037335 0.015658 0.069285 -0.0031367 0.069285 0.0054716 0 0 0 0 8.5218e-05 0.0048054 0.0033745 0.0056115 -0.016753 -0.0029637 0.050506 0.035084 0.49303 -0.0082917 0.49303 0.017117 0 0 0 0 -0.0004246 -0.00037746 0.0037392 0.0054799 -0.010664 0.01433 0.068477 0.04376 0.48461 0.0098662 0.49739 0.016096 0 0 0 0 -1.8267e-05 0.00016711 0.00077328 0.00069845 -0.0035453 0.0012501 0.0064202 0.0038844 0.06942 0.0014584 0.06942 0.0024536 0 0 0 0
0.0011476 -2.6126e-05 0.0018339 0.001448 0.04009 0.019024 0.042256 0.025768 -0.0081545 0.021237 0.049839 0.07231 0.0026392 0.0014234 0.013473 0.0078529 0.020057 -0.0023796 0.027008 0.0074265 0.20158 -0.063566 0.27661 0.2835 -0.090104 -0.085681 0.3717 0.30031 0.021433 0.016017 0.052782 0.070454 0.016519 0.002431 0.025098 0.013817 0.18427 -0.014824 0.30695 0.22893 -0.00061153 0.048422 0.42148 0.35437 0.015269 0.012384 0.062913 0.047825 -0.00047687 0.0016095 0.0032508 0.0026386 0.0012777 7.6331e-05 0.093687 0.021935 0.03241 -0.057173 0.081824 0.13159 0.0053254 -0.0080311 0.0064372 0.014702
-0.00074962 -0.00026351 0.0012579 0.0010206 0.0035202 0.010009 0.0088403 0.011885 0.0067647 0.010718 0.0096013 0.015186 -0.0014544 -0.003043 0.0016672 0.003435 0.0026917 8.6246e-05 0.0057844 0.0094119 0.018842 -0.012515 0.03985 0.048899 0.1923 0.044596 0.30121 0.43058 -0.031917 0.038879 0.069813 0.095935 0.0018226 -0.0029496 0.0047979 0.0066932 0.033748 -0.0025257 0.05119 0.057646 0.18106 0.089674 0.49546 0.57886 -0.018628 -0.025679 0.090105 0.0562 -0.00014564 -6.4315e-05 0.0015369 0.00076173 0.027388 -0.0022056 0.032321 0.021625 -0.010633 -0.024064 0.075737 0.11439 -0.00027191 -0.0047255 0.0086619 0.010553
0.00092431 -0.00093629 0.0014983 0.0022445 -0.0055077 0.01122 0.053411 0.028864 0.01554 0.032878 0.031143 0.052475 -0.0012981 0.0010679 0.0035011 0.0049959 0.00086889 0.0022263 0.0099592 0.017937 -0.062312 3.334e-06 0.36911 0.23257 0.22816 0.041717 0.52565 0.20873 0.0015682 0.023868 0.018868 0.031185 0.041361 0.010252 0.049476 0.023481 -0.11436 0.073113 0.3765 0.15917 0.22854 -0.046425 0.36941 0.17026 -0.033789 -0.011752 0.042733 0.030528 0.00039379 -0.0014594 0.00067595 0.0017257 0.020628 -0.019359 0.026802 0.038557 -0.016417 -0.012044 0.026127 0.048843 0.00072783 -0.0057849 0.0047711 0.0096353
0.0003724 -0.0002406 0.0013995 0.00080624 0.0022139 -0.00099799 0.0036875 0.0077545 0.024759 -0.049096 0.10261 0.080417 -0.0063097 -0.0041653 0.0096488 0.012587 0.0053076 -0.0025472 0.013341 0.0066168 0.016156 -0.0064211 0.04297 0.046944 0.20236 0.014473 0.4044 0.43775 -0.017788 0.0003013 0.087349 0.069503 0.0059049 0.00030816 0.013699 0.008923 0.011636 -1.3038e-05 0.032993 0.045432 0.17173 -0.058066 0.4848 0.51735 0.0066972 -0.005674 0.081417 0.086916 0.00090955 0.00044159 0.0017867 0.00070173 0.00044995 -0.0010556 0.0054368 0.0048627 0.025879 0.042406 0.064518 0.070375 -0.0021874 0.0096741 0.0089481 0.025911
-0.00043834 0.0013166 0.0020405 0.0014506 -0.0022452 0.017608 0.063971 0.02933 0.015314 -0.015789 0.094425 0.056929 0.0019461 -0.0058657 0.0042693 0.0075522 -0.0011189 -0.0032997 0.012262 0.013011 0.17015 0.09899 0.38289 0.17578 -0.16312 0.061587 0.5137 0.17372 -0.003129 0.0030853 0.0064104 0.01119 -0.010981 -0.0040939 0.017138 0.0090168 0.19973 -0.072319 0.3673 0.11404 -0.14165 -0.0074967 0.45465 0.1263 -0.0073183 -0.0035414 0.01194 0.012753 -0.0029476 -0.0023968 0.0049327 0.0044211 0.017658 -0.00049708 0.033025 0.028961 -0.0016893 0.0070894 0.036998 0.017353 -0.001501 -0.0012006 0.0019897 0.0017251
-8.1664e-05 -0.0010907 0.00095493 0.0014352 -0.0058027 -0.0062561 0.012533 0.0089028 0.048814 -0.0044532 0.053294 0.010771 0 0 0 0 0.0036811 -0.0040297 0.01062 0.0056689 -0.073756 -0.02114 0.13217 0.052734 0.42119 0.0024745 0.45339 0.061822 0 0 0 0 -0.001367 -0.0024119 0.0073453 0.0098307 -0.072315 -0.01212 0.082665 0.049754 0.449 0.0090612 0.58512 0.056941 0 0 0 0 0.00078485 0.008536 0.0010216 0.010862 0.0027706 0.075545 0.0044077 0.077457 0.034237 0.042824 0.048238 0.042936 0 0 0 0
-0.0044019 0.0044107 0.0086836 0.013127 -0.00039803 0.010231 0.03955 0.02674 0.015969 -0.008129 0.042415 0.026931 -0.001568 -0.00079234 0.0036899 0.0058563 -0.015973 0.001315 0.054124 0.063276 0.098059 -0.037064 0.26154 0.35935 -0.046689 0.15254 0.17444 0.38627 -0.0086615 0.002748 0.03809 0.024528 0.0034471 0.0070513 0.04292 0.045508 0.060354 0.015346 0.35365 0.37915 -0.042766 -0.098082 0.17714 0.4783 0.0089434 -0.012294 0.062479 0.05415 -0.0047689 -0.00095645 0.01045 0.013876 0.0044567 0.01983 0.038153 0.08741 -0.0059798 -0.013396 0.030171 0.070644 0.0017401 0.0029254 0.0046506 0.01326
-0.00084645 -0.00068218 0.0012261 0.00089954 0.0055773 -0.0042018 0.011891 0.0078293 0.045548 0.010923 0.045548 0.012712 0 0 0 0 -0.0023428 -0.00063227 0.016991 0.0058937 0.28802 0.0083994 0.54587 0.093215 0.11389 0.030018 0.11389 0.031211 0 0 0 0 0.011476 0.0057324 0.031811 0.0082407 0.38266 -0.026559 0.64335 0.064796 0.018902 0.0013171 0.018902 0.0024051 0 0 0 0 0.00050357 0.0004341 0.0010166 0.00072634 0.05132 0.0044781 0.08708 0.0053041 0.0027819 -1.0246e-05 0.0027819 0.00032748 0 0 0 0
0.0017708 -0.0070049 0.0056942 0.018157 0.017132 0.012264 0.034123 0.12374 -0.0065553 -0.00055807 0.046422 0.063524 -0.00017742 0.0025214 0.0025566 0.013497 0.039568 0.0041262 0.044098 0.062683 -0.032019 -0.064831 0.32494 0.35293 0.036968 -0.04336 0.38555 0.2835 -0.0044951 -0.00019024 0.041183 0.078611 0.016993 -0.011508 0.031855 0.015705 -0.07798 -0.022225 0.34893 0.14113 0.22943 0.088075 0.45286 0.23215 0.011088 0.031279 0.02938 0.043606 -0.0004947 -6.3255e-06 0.0021236 0.0013682 0.013646 -0.028697 0.051137 0.040999 0.029465 -0.011512 0.047728 0.10605 0.00044507 -0.0095707 0.0038329 0.01158
-0.00025449 -1.8221e-05 0.0012041 0.0015235 0.0088176 0.074782 0.015909 0.081157 -0.0030292 0.058455 0.021201 0.063961 -0.00028045 0.0067809 0.0021916 0.0068171 0.031359 0.0087101 0.032704 0.027173 0.052854 0.0013434 0.17402 0.45755 0.0042584 0.02447 0.38702 0.37109 -0.013595 -0.010675 0.05541 0.053132 0.036714 -0.004041 0.03886 0.018286 0.0039775 -0.095049 0.079199 0.41591 0.037921 -0.075814 0.26945 0.40056 -0.014918 0.0042218 0.037255 0.045199 0.0056668 0.00063734 0.0058556 0.0033488 -0.0091009 -0.0091803 0.037203 0.026516 0.0079217 0.0079736 0.026898 0.034747 -0.00045512 -0.0011611 0.0034269 0.0029217
2.0406e-05 0.0004488 0.00063412 0.0021915 -0.0040214 0.01508 0.0076828 0.027163 0.0015917 0.043853 0.045818 0.056852 -0.0011812 -6.716e-05 0.0034196 0.0033804 -0.0017275 -0.011946 0.0067473 0.012768 0.016435 -0.084255 0.0461 0.084255 0.43636 0.04274 0.46576 0.11215 -0.02268 0.049288 0.024044 0.049376 0.0015259 0.0059465 0.0070257 0.010591 -0.0049555 0.041105 0.050336 0.064192 0.50853 0.0051815 0.50853 0.098399 0 0 0 0 -0.00021651 0.0060575 0.00068399 0.0063994 -0.0035359 0.035221 0.006273 0.040898 0.055695 0.011908 0.061697 0.037998 0 0 0 0
1.2991e-05 -0.00012772 0.00089716 0.00061269 0.0057076 0.0024896 0.010334 0.0060886 0.020521 0.0071212 0.046903 0.068449 -0.0025978 0.00054753 0.0069137 0.010346 0.016725 0.0013592 0.024885 0.0057936 -0.017103 -0.012366 0.066188 0.063737 0.11954 -0.051595 0.52313 0.38931 0.0065055 0.0022334 0.07853 0.068574 0.0087781 0.00068668 0.017504 0.0072231 -0.028422 0.0072896 0.084841 0.079086 0.13548 0.017471 0.59498 0.36291 -0.012101 -0.0095706 0.071912 0.043751 0.00098797 -0.00037707 0.0021951 0.0017372 0.0054952 -0.002355 0.017388 0.016929 0.0016453 -0.0025734 0.039198 0.026232 0.00098264 0.0011702 0.0053574 0.0060445
0.0002834 -0.00019456 0.00073461 0.00060059 -0.0043172 -0.00018503 0.012241 0.0063977 0.070738 -0.0020937 0.074251 0.0026446 0 0 0 0 0.0078867 0.0019726 0.018013 0.0076157 -0.015463 0.0088981 0.094015 0.04954 0.46884 0.001107 0.53044 0.022847 0 0 0 0 0.0020881 0.0012698 0.0067398 0.0072261 -0.019879 -0.0015203 0.052172 0.046043 0.46608 0.0099899 0.49249 0.021916 0 0 0 0 -0.00090454 0.00021221 0.0014879 0.00089567 0.00065154 0.0024464 0.0068654 0.0088437 0.065172 0.0021351 0.073415 0.0044106 0 0 0 0
0.00037533 -4.8529e-05 0.00064839 0.00020247 -0.0012213 0.0070205 0.0053209 0.00748 0.06873 0.0047939 0.079383 0.0062326 0.00022332 -2.1788e-06 0.00022332 2.1788e-06 0.00076513 -0.0027776 0.0033165 0.010429 -0.0055729 -0.062375 0.042831 0.084637 0.46849 -0.018167 0.5043 0.029479 0.0018249 0.0001625 0.0018249 0.0001625 0.0029781 0.0020716 0.0082413 0.0091518 -0.0075459 0.063483 0.043005 0.079187 0.47055 0.018333 0.50443 0.039539 0.001881 -0.00012457 0.001881 0.00037132 0.0040777 -0.0051192 0.005428 0.0067312 -0.0014217 -0.0041661 0.01084 0.0098578 0.070144 -0.0015278 0.072734 0.002923 0.00022185 4.3676e-05 0.00022185 4.3676e-05
-0.00019479 -0.00037205 0.001659 0.0010434 0.0051047 0.00086572 0.015338 0.006839 0.024113 0.046916 0.034427 0.12785 0.00049946 0.0037225 0.0059496 0.013333 0.0053826 -0.006793 0.01168 0.010011 0.033413 -0.010414 0.1257 0.058285 0.17846 -0.058223 0.50305 0.36682 -0.00068927 -0.025904 0.075484 0.058105 0.0048473 -0.0047264 0.01373 0.0077595 -0.0088634 -0.0093791 0.14647 0.099908 0.19163 -0.022812 0.51418 0.39909 0.029134 0.035032 0.067619 0.097576 0.0036929 0.0029291 0.0055569 0.0030066 -0.0082855 0.0064531 0.015066 0.015222 0.021848 -0.0067976 0.11415 0.04345 0.009861 -0.011072 0.013724 0.01917
0.0035428 -0.00066947 0.008081 0.0030902 -0.013018 -0.024055 0.058276 0.040418 0.0056042 -0.037858 0.049145 0.045658 0.00013864 0.0013918 0.0051348 0.005645 0.031606 -0.0071597 0.085677 0.072018 -0.16148 0.052382 0.45628 0.2256 0.14481 0.055374 0.41406 0.20362 -0.022752 -0.012548 0.058146 0.030144 -0.010757 0.016798 0.078298 0.054078 -0.017391 -0.008919 0.37461 0.25741 0.041629 -0.020814 0.43191 0.15405 -0.025214 0.011061 0.061506 0.035121 -0.0091323 -0.0036415 0.01976 0.0067004 0.019508 -0.0078582 0.056134 0.018364 -0.016318 -0.00061394 0.068024 0.025364 0.00027951 -0.0015092 0.0062718 0.0046669
-0.0029991 0.0001038 0.0063651 0.0035668 -0.0021348 -0.0013374 0.052194 0.051362 -0.0032515 0.0010785 0.07131 0.022059 0.0038802 -0.0017526 0.0099451 0.0084823 0.0050556 -0.0046395 0.030695 0.031123 0.045948 -0.011765 0.30554 0.30711 -0.0042588 0.010902 0.45444 0.27079 -0.033279 -0.006971 0.056989 0.043678 -0.011585 0.013467 0.028752 0.028263 0.040735 -0.011909 0.36162 0.25149 -0.010877 -0.027515 0.42322 0.34407 -0.0061784 0.0062755 0.072016 0.027303 -0.0014836 0.00092959 0.004592 0.0038293 0.0024187 0.0088626 0.058323 0.034365 -0.0050746 0.018855 0.051929 0.022676 0.0020186 -0.0037612 0.0063223 0.011418
-0.004062 0.0020832 0.0047476 0.0025212 -0.0023412 0.0016544 0.056531 0.017316 0.024214 0.018914 0.091321 0.047079 0.00075618 -0.00079084 0.0064421 0.0066766 0.001498 -0.00012421 0.017032 0.0073503 0.024708 0.02558 0.47885 0.18024 0.018163 -0.0007374 0.36445 0.46683 0.0026845 -0.012196 0.040965 0.046333 -0.0031196 0.0029053 0.0068797 0.005035 -0.080208 0.05873 0.18463 0.14255 0.11201 0.035555 0.3656 0.38101 0.0076716 0.0115 0.043249 0.032761 0.00073451 -0.00035396 0.00079283 0.0006223 -0.0044071 0.0057843 0.0070113 0.0084588 0.00060768 0.0048392 0.049256 0.058101 0.0051337 -0.00045487 0.01156 0.0082888
0.0047233 -0.0011685 0.016956 0.0074386 -0.010083 0.013804 0.048446 0.084282 0.010275 -0.012016 0.042315 0.042681 -0.0020991 -0.0014726 0.0059208 0.0090089 -0.007796 0.015653 0.12623 0.027042 -0.013065 0.042172 0.31303 0.34893 0.02413 0.24999 0.22658 0.42507 0.0058456 0.03844 0.04968 0.064216 0.015199 -0.020961 0.050335 0.042907 0.094269 -0.062121 0.39474 0.27561 0.043521 -0.12888 0.28736 0.27894 0.014964 -0.0048682 0.053516 0.022841 0.0027159 -0.0011573 0.010591 0.0049606 -0.019487 -0.005828 0.056045 0.04865 0.014457 -0.025599 0.040452 0.055119 0.0044097 -0.0026673 0.017106 0.0051832
0.00038976 0.00014905 0.0011884 0.0016689 0.057355 -0.0018226 0.069188 0.027356 0.00065966 -5.6301e-05 0.00065966 5.6301e-05 0 0 0 0 0.0029677 -0.0059231 0.018701 0.0065895 0.42941 0.02533 0.50152 0.077197 0.0019598 0.00058584 0.0019598 0.00089503 0 0 0 0 -0.011404 -0.00029027 0.012821 0.0095927 0.46556 -0.031175 0.56086 0.079197 0.0011797 -0.00028248 0.0011797 0.0008705 0 0 0 0 -4.8839e-05 0.0040594 0.001249 0.0052592 0.058344 0.019042 0.070195 0.022936 9.7678e-05 9.7678e-05 9.7678e-05 9.7678e-05 0 0 0 0
0.0068309 0.0014718 0.0069909 0.0044863 -0.00073798 0.0065489 0.042243 0.09898 -0.0017669 0.0044619 0.042213 0.034501 0.00059212 -0.0060161 0.0049093 0.010547 0.021254 -0.0056803 0.0228 0.032234 0.023179 -0.046612 0.28656 0.49374 -0.0080536 -0.070127 0.38029 0.22974 0.0028575 0.0080914 0.041173 0.047305 0.0014668 -0.00132 0.010973 0.0065708 -0.028596 -0.066082 0.39964 0.1973 0.16977 0.098466 0.34013 0.27244 0.016302 0.023021 0.021642 0.056399 -0.00036895 -0.0010904 0.0023476 0.0014125 0.0061924 -6.8776e-05 0.047119 0.02721 0.021322 -0.036752 0.052479 0.058735 0.002863 -0.0054671 0.0048542 0.010159
0.00044017 -0.00093535 0.0012673 0.0014285 -0.0051692 -0.0020306 0.010011 0.02857 0.0093561 0.039376 0.046208 0.047032 0.0031631 0.0058251 0.013081 0.011101 0.0036378 -0.0048262 0.0079348 0.0081935 -0.027944 -0.077293 0.076653 0.085082 0.18147 0.02863 0.46693 0.32584 0.0065129 -0.016386 0.10689 0.042531 0.0022534 -0.0043496 0.0090679 0.010514 0.13136 0.043904 0.15786 0.12229 0.1466 0.02515 0.57398 0.40736 -0.053915 0.020588 0.071122 0.070423 0.0013479 -0.00035514 0.0021212 0.0019959 0.0079622 0.0028002 0.010555 0.0065713 0.030148 -0.017372 0.084263 0.048377 -0.00069177 0.0036501 0.0075325 0.0097824
-0.0060369 0.0014076 0.0061995 0.0022808 0.052106 -0.011203 0.056084 0.017569 -0.0083934 0.0038022 0.025884 0.0080381 -0.0020109 -0.00058828 0.0044982 0.001855 -0.031892 -0.0020531 0.037709 0.011791 0.3432 0.024431 0.38667 0.072555 -0.052621 0.015497 0.12405 0.097299 -0.010772 -0.00044249 0.023644 0.022164 -0.024383 -0.00074406 0.031389 0.0069294 0.35585 -0.0056787 0.44862 0.2249 -0.045599 0.21916 0.14691 0.44284 -0.0078188 0.0031236 0.042154 0.028618 -0.0018083 -0.00064239 0.0021464 0.0012618 0.12147 -0.014185 0.14344 0.026156 -0.0017273 0.011125 0.012604 0.014415 -0.0025866 0.018298 0.0025866 0.018298
-0.0010204 0.0035415 0.0075599 0.0049023 0.010677 0.0076457 0.055267 0.040743 -0.0096164 -0.00083154 0.072152 0.022304 -0.0029741 0.0063778 0.0050495 0.0064956 0.008074 -0.03139 0.035259 0.063772 0.031249 0.017867 0.27676 0.23665 -0.10856 0.12969 0.46496 0.32842 0.02203 -0.0027458 0.067535 0.050658 -0.0045023 0.014296 0.032768 0.038338 -0.001322 -0.038255 0.40185 0.32761 0.091786 -0.094531 0.33672 0.25227 -0.034252 0.0016623 0.053411 0.06949 0.0038574 -0.0016193 0.0047194 0.0027068 -0.00060727 0.01281 0.033469 0.056371 0.011145 0.024995 0.056702 0.060844 -0.0065939 -0.00059855 0.0081944 0.0033155
0.0014112 0.0010797 0.0023086 0.0014469 -0.011792 0.015347 0.024156 0.016284 0.036938 0.02203 0.037441 0.022969 -0.005576 0.0063247 0.0060179 0.007042 0.0023178 -0.0067048 0.009575 0.0176 -0.18291 0.054771 0.31498 0.17795 0.3446 -0.053817 0.43055 0.28997 0.0017015 0.036428 0.019194 0.071699 0.011057 -0.00030476 0.014193 0.0060078 -0.11164 0.099333 0.31968 0.11224 0.23067 0.047839 0.39317 0.27171 0.0071167 -0.022237 0.042045 0.032852 0.001683 0.00010622 0.0017291 0.0010181 -0.0069521 0.0058237 0.01667 0.0092162 0.014654 0.018023 0.037944 0.042103 0.0015962 -0.0027967 0.0035268 0.0099348
-0.0047713 0.0025108 0.012729 0.013026 -0.00040922 -0.02821 0.075061 0.089703 -0.00089567 -0.0099581 0.080397 0.016467 0.0022757 0.00013152 0.0032961 0.00077771 -0.043389 -0.024886 0.095866 0.063337 -0.15834 -0.078003 0.61437 0.28323 0.26622 -0.006937 0.3277 0.075087 0.0019234 -0.00053833 0.0095943 0.0079182 -0.042444 0.017701 0.074902 0.086464 -0.12301 -0.05936 0.22019 0.19622 0.26726 -0.013102 0.29212 0.082664 -0.0052148 -0.0029846 0.0087649 0.0053564 -0.0033022 -0.0025383 0.0055993 0.0045406 -0.0057575 0.015735 0.012935 0.023188 0.031891 0.017415 0.04284 0.026613 -0.001652 0.0013146 0.0023425 0.0013959
-0.0039342 0.0036787 0.0062377 0.0080501 0.00059695 -0.0037695 0.046903 0.048311 -0.0026529 0.025089 0.068401 0.075016 -0.0012166 -0.0013107 0.0044421 0.0027421 -0.027618 -0.0078883 0.052021 0.067182 0.075425 -0.052335 0.32233 0.18095 -0.02572 -0.03504 0.35353 0.28273 0.00074121 0.00034685 0.011369 0.0032565 -0.012557 0.013644 0.034494 0.054568 0.038188 0.02176 0.35804 0.20621 -0.08148 -0.095276 0.62093 0.18176 -0.0048223 -0.00053034 0.016797 0.0022658 -0.0058075 -0.0028309 0.0086106 0.011887 -0.00043835 -0.028238 0.058041 0.059933 -0.0048332 -0.012107 0.06261 0.019619 -0.00015147 3.4131e-05 0.0027146 0.00041373
-0.00011364 -0.00066514 0.0011595 0.0010224 0.019157 0.018021 0.05532 0.02778 0.11089 -0.095391 0.11789 0.1549 -0.0043124 -0.026839 0.004443 0.027018 -0.011266 0.0098875 0.014912 0.013847 -0.065387 -0.046274 0.47873 0.22903 0.2058 -0.099562 0.30678 0.21121 -0.015942 -0.012048 0.016253 0.023524 -0.014261 -0.0084406 0.017703 0.011482 -0.14227 0.14067 0.48993 0.18436 0.22021 0.0090917 0.28363 0.069571 -0.013455 0.002469 0.013605 0.017449 -0.0045126 -0.0017365 0.0056204 0.0025125 0.00016703 -0.0057072 0.039122 0.01176 0.013749 0.0040368 0.049108 0.010033 -0.0013625 -0.00042979 0.0019781 0.0011137
-0.0015609 -0.00098615 0.0022471 0.0013535 0.059714 -0.0054215 0.066034 0.01477 0.0014323 -0.00012895 0.0014323 0.00012895 0 0 0 0 -0.0064184 -0.0040425 0.020641 0.00623 0.45511 0.014787 0.49873 0.080553 0.0045212 0.0013295 0.0045212 0.0020337 0 0 0 0 -0.0021159 -0.0010539 0.013511 0.0071405 0.4668 -0.020315 0.54247 0.054952 0.0058073 -0.00093039 0.0058073 0.0013753 0 0 0 0 -0.0016702 0.0001157 0.0017732 0.0024366 0.070686 -0.0020066 0.087063 0.012751 0.00098528 0.00027176 0.00098528 0.00027176 0 0 0 0
-0.00016868 0.0016415 0.0040632 0.0066045 -0.0021533 0.018954 0.048603 0.045213 0.0042896 0.020195 0.064604 0.035363 -0.0025221 0.0036891 0.0088362 0.006569 -0.00346 -0.0012406 0.027818 0.046369 0.0066394 -0.0073957 0.29898 0.28724 0.0711 -0.020046 0.53523 0.22922 -0.026981 0.0060648 0.05712 0.06022 -0.016041 -0.0066896 0.036541 0.04461 -0.041398 0.018792 0.32784 0.25069 0.078298 -0.037272 0.47463 0.1724 -0.015408 -0.013253 0.048248 0.056883 0.0043046 0.0032281 0.0051431 0.0061412 0.0077839 -0.015783 0.033253 0.059542 -0.0084306 -0.0036517 0.1079 0.027359 -0.0022658 0.00046997 0.0077348 0.0042066
-0.0065128 0.0049779 0.0066336 0.0053971 0.0058671 0.0094113 0.087763 0.027411 0.029575 0.018428 0.096567 0.078929 0.00086342 -0.00091807 0.004939 0.005359 -0.0081033 0.0074444 0.016299 0.016109 0.010301 0.053198 0.42886 0.27655 0.076736 0.037693 0.39332 0.36956 -0.000328 0.01507 0.035875 0.078789 -0.00031464 -0.0024113 0.0088018 0.0066616 -0.079817 0.076891 0.14051 0.13599 0.14064 -0.034414 0.46253 0.3273 -0.0022651 -0.013739 0.067091 0.070425 0.0011564 0.00013125 0.001354 0.0008289 -0.0026798 0.0042197 0.0078607 0.0067469 0.00045667 -0.0055911 0.024925 0.026072 0.0012119 0.0073501 0.011021 0.013853
0.0014393 0.0013771 0.0025497 0.0027444 -0.00015939 -0.0027862 0.013773 0.018817 0.024621 0.0016394 0.037766 0.027218 -7.263e-05 1.8999e-05 0.0037664 0.0063896 -0.0085762 0.012365 0.017627 0.017122 0.0060757 0.0041426 0.2211 0.19916 0.13659 0.11238 0.38736 0.35313 0.018608 0.017173 0.045252 0.064117 0.005184 -0.0060428 0.006896 0.028766 0.057081 0.13378 0.30786 0.21993 0.138 -0.036304 0.48927 0.39375 0.012108 0.020461 0.034646 0.038166 -0.00036887 -0.0019558 0.0012499 0.0021231 0.038864 -0.015093 0.04644 0.027648 -0.012868 0.0085087 0.052556 0.057716 0.0021672 -0.00375 0.0058079 0.0057736
0.00068702 0.0030871 0.0014934 0.0034898 0.01093 0.017789 0.01733 0.029731 0.05451 0.0068464 0.093112 0.008291 0 0 0 0 -0.0012635 -0.0039031 0.0082211 0.013624 0.025056 -0.027131 0.14682 0.147 0.40966 0.0076759 0.50119 0.068657 7.2875e-05 -0.00032574 7.2875e-05 0.00032574 0.00626 0.0032667 0.011 0.014475 0.037145 0.064393 0.11124 0.090813 0.34419 -0.096412 0.5583 0.17349 -0.006054 -0.054708 0.0073635 0.055371 -0.00034238 -0.0020527 0.0017355 0.0066682 -0.0097293 -0.047711 0.012596 0.051276 -0.01816 -0.057927 0.046502 0.068658 0.00098217 5.1873e-05 0.0011405 0.0025715
0.0025342 7.1265e-05 0.0040531 0.001693 0.028535 0.039384 0.049537 0.066672 -0.018173 0.035337 0.096019 0.054097 -0.0027732 0.003895 0.0088171 0.0094036 0.036574 0.0080191 0.037264 0.021202 0.044971 0.037382 0.14515 0.49227 0.030125 0.042712 0.40962 0.32132 -0.018186 3.5733e-05 0.064644 0.056315 0.033987 -0.0040545 0.03442 0.018249 0.028394 -0.09407 0.16484 0.38735 0.024762 -0.095403 0.24795 0.39265 -0.013543 -0.0055438 0.0367 0.042626 0.0044414 -8.2609e-05 0.0046213 0.0025553 -0.0014035 -0.01696 0.044884 0.037821 0.017827 0.023724 0.034917 0.031636 -0.0035616 -0.0013682 0.0087817 0.0028916
0.0011637 -0.00066892 0.0013694 0.00080728 0.017677 0.00022669 0.024103 0.01092 -0.016099 -0.022013 0.0502 0.058432 -0.002276 -0.0059281 0.0058198 0.015933 -0.0056214 0.0035453 0.01041 0.00728 0.16875 -0.053698 0.18897 0.22093 -0.11587 -0.0029601 0.3289 0.48978 -0.011683 0.017481 0.032089 0.08419 -0.0042756 0.00031259 0.011388 0.0072807 0.17867 0.037686 0.3173 0.23346 -0.084548 0.14855 0.25409 0.44234 -0.0084916 -0.0091855 0.05318 0.10089 0.0023756 -0.0015115 0.0025149 0.0017234 0.037138 -0.0071179 0.061134 0.020435 -0.0054866 -0.027565 0.080754 0.037209 -0.0074164 0.0011367 0.01109 0.0053832
-0.0050836 0.0032999 0.0054041 0.0035952 0.033852 -0.012805 0.099182 0.043332 0.032732 -0.033691 0.071118 0.070218 -0.0044864 -0.0045941 0.0066728 0.0061432 -0.019988 0.014343 0.030858 0.01987 0.10097 0.027447 0.37215 0.27974 0.044992 0.077302 0.32164 0.42562 -0.00057591 -0.021532 0.034598 0.044395 -0.00068574 0.0030571 0.011902 0.0072945 0.11828 0.099311 0.24506 0.35145 -0.076607 -0.090317 0.34886 0.28822 0.020618 0.016347 0.069992 0.083382 0.00055594 -0.0010347 0.00062023 0.0012531 0.00082174 -0.005343 0.0077756 0.011042 0.00044278 0.003551 0.067836 0.068077 -0.0023025 -0.0036618 0.0078319 0.013207
0.002105 -0.0012399 0.0022978 0.0015995 0.024596 -0.0053787 0.031283 0.035469 -0.0040769 -0.00039754 0.033496 0.060788 -0.0022014 0.004617 0.014989 0.013057 0.012363 0.0050009 0.012409 0.0090209 0.14311 0.062087 0.34608 0.15819 -0.068165 -0.10854 0.31521 0.36758 0.010294 -0.00067058 0.037384 0.048146 -0.0034027 -0.014235 0.0066526 0.016019 0.23388 -0.12907 0.30832 0.29365 -0.046724 0.10228 0.39877 0.34482 0.022158 0.026708 0.0417 0.063831 -0.000646 0.00078187 0.0027361 0.0027026 0.019009 -0.0012491 0.07739 0.018862 0.038358 0.017527 0.060698 0.067693 0.00028281 -0.00079303 0.0038171 0.0080269
-0.0013156 -0.00095499 0.0096809 0.0085608 0.035957 0.020399 0.056841 0.065848 -0.014239 0.0045703 0.041648 0.087632 -0.00046058 -0.0022085 0.0058371 0.0062106 -0.028476 0.0091165 0.054786 0.03444 0.27693 -0.0035346 0.43041 0.29634 -0.11414 0.084005 0.22954 0.34425 -0.013218 0.037982 0.05556 0.081226 -0.04453 0.013052 0.084865 0.030162 0.11559 -0.023563 0.38313 0.25183 -0.057164 -0.16049 0.25036 0.28373 0.003733 -0.046985 0.0497 0.061555 -0.0020045 -0.00044072 0.0077847 0.0092741 0.0010837 -0.0038418 0.025106 0.036679 -0.0099655 -0.0081052 0.033254 0.069706 0.0011941 0.0032161 0.0039582 0.0056263
-0.00092446 -0.0016916 0.002367 0.0020358 0.034216 0.035133 0.038931 0.044401 -0.015492 0.016188 0.030706 0.082235 0.00016086 -2.074e-05 0.0017679 0.0045268 0.01267 -0.0073131 0.026738 0.0080557 0.19053 -0.022306 0.45305 0.31808 -0.06579 0.035772 0.25372 0.24965 -0.012467 0.0081109 0.049641 0.033064 0.014035 0.0028272 0.019564 0.007865 0.14482 -0.031335 0.47584 0.25811 0.0074912 -0.092866 0.24565 0.32728 -0.023914 -0.00054382 0.044607 0.015649 0.00039685 -6.0507e-05 0.0015225 0.0014741 0.019915 0.00059469 0.056752 0.075355 -0.0063602 -0.0026383 0.023067 0.032192 0.0020669 -0.0024869 0.0046481 0.0030184
-0.00044267 3.3394e-05 0.00059526 0.00032685 0.0012273 -0.0016561 0.016076 0.0098801 0.049566 0.018056 0.058299 0.028781 0.00059199 0.00028267 0.00059199 0.00032054 -0.016993 -0.0020742 0.017221 0.0049565 0.0039283 -0.010406 0.14104 0.03813 0.45919 0.024225 0.49509 0.039518 3.9257e-05 3.9257e-05 3.9257e-05 3.9257e-05 -0.0015573 0.00078767 0.018648 0.0042111 0.03095 0.025638 0.11511 0.058016 0.41545 -0.0039271 0.55905 0.016297 0 0 0 0 -0.0010089 0.00044839 0.002127 0.00061263 0.0016869 0.0043008 0.011431 0.0048791 0.059631 -0.0032974 0.067912 0.0070979 9.0956e-07 -4.0656e-06 9.0956e-07 4.0656e-06
-0.00085825 0.00029409 0.0016379 0.00057359 0.075022 -0.0029822 0.076712 0.0067486 0 0 0 0 0 0 0 0 0.0013747 0.0069155 0.0065079 0.010437 0.46937 0.047075 0.48554 0.056279 0.0017404 -0.001055 0.0017404 0.0023108 0 0 0 0 -0.00014803 -0.011399 0.0030814 0.018648 0.49055 -0.064545 0.51354 0.076243 0.0032927 0.0011158 0.0032927 0.0011158 0 0 0 0 -0.00060372 0.00043438 0.00078171 0.00058727 0.075217 0.0098191 0.077427 0.01319 0 0 0 0 0 0 0 0
0.0011239 5.5274e-05 0.0036812 0.00064536 0.00011794 0.030919 0.054553 0.04235 0.036587 0.0080857 0.076926 0.061711 -0.0024539 0.005823 0.0046816 0.011689 -0.0033715 0.0019525 0.009879 0.0041934 -0.15893 0.064251 0.4153 0.26674 0.33887 -0.081247 0.39712 0.18721 -0.0070823 -0.030313 0.024191 0.046044 0.013011 0.011696 0.037403 0.055855 -0.013391 -0.029976 0.2952 0.33718 0.044159 0.0089897 0.3253 0.23557 -0.0080708 0.0013691 0.028195 0.045839 -0.0055881 -0.0049395 0.0098562 0.016262 0.016527 0.025008 0.044603 0.09878 -0.0049323 0.025488 0.023952 0.06688 -0.0018309 -0.00025181 0.0077518 0.0061767
-0.00031823 -0.011263 0.002124 0.01158 0.0030975 -0.085537 0.0051762 0.091749 0.053337 -0.040569 0.054379 0.042758 0 0 0 0 -0.0041451 0.0044814 0.029099 0.0062582 0.020622 0.040444 0.057334 0.055469 0.5123 -0.010388 0.51341 0.042378 0 0 0 0 -0.0098067 0.0023041 0.019833 0.014534 0.040298 0.019743 0.083595 0.087129 0.43715 -0.017314 0.45731 0.08713 0 0 0 0 -0.001457 0.0007387 0.0021984 0.00081544 0.00065579 -0.0037427 0.0095565 0.0074411 0.072378 0.0044438 0.079177 0.016632 -3.6475e-05 -0.00068257 0.00016035 0.00068257
-0.00090804 0.0012169 0.0014962 0.0013435 0.066398 0.0069119 0.076997 0.0087979 0 0 0 0 0 0 0 0 -0.010373 -0.0055522 0.014468 0.0072152 0.43481 0.0026929 0.48814 0.070208 0 0 0 0 0 0 0 0 -0.0038269 -0.0034192 0.010582 0.0080757 0.46153 -0.01671 0.57642 0.034276 0 0 0 0 0 0 0 0 0.0011352 0.016055 0.0011511 0.016055 0.022448 0.0648 0.022485 0.0648 0 0 0 0 0 0 0 0
-0.0020325 -0.00073326 0.0039864 0.00087459 0.064316 -0.0015864 0.067493 0.012481 0.00080246 0.00023011 0.00080246 0.00045242 0 0 0 0 0.00014013 -0.0024473 0.013611 0.0098089 0.44143 0.0053306 0.50632 0.047065 0.0057548 -0.00036917 0.0057548 0.00036917 0 0 0 0 -0.013303 0.0021192 0.013526 0.010754 0.46684 0.0060987 0.55268 0.063681 0.0067874 0.00029549 0.0067874 0.0029307 0 0 0 0 -0.00045742 0.0021045 0.00074598 0.0039166 0.059232 0.007999 0.069822 0.027845 0.00036948 7.6136e-06 0.00036948 1.9462e-05 0 0 0 0
-0.004437 -4.9753e-05 0.0044941 0.00068639 0.071465 0.0066145 0.07699 0.016115 0.0010014 0.00094699 0.0012439 0.0012472 0 0 0 0 -0.029211 0.0089177 0.031982 0.010807 0.45162 0.033412 0.54892 0.094269 0.010199 -0.0019363 0.010199 0.002819 0 0 0 0 -0.00018534 0.00026045 0.0034185 0.0032574 0.37593 0.018958 0.55099 0.13134 0.011401 -0.0019526 0.01231 0.006735 0 0 0 0 -0.00054878 -0.00025711 0.00057123 0.00047565 0.053686 -0.0030312 0.071642 0.011888 0.00078625 0.00054135 0.0015401 0.001342 0 0 0 0
0.00034681 -0.00069398 0.0009089 0.0037023 0.00036163 -0.0097981 0.0046467 0.02787 0.074546 -0.012741 0.075883 0.019565 0 0 0 0 0.0043844 0.0027846 0.0077784 0.0065446 -0.0018067 0.022025 0.04408 0.067482 0.4907 0.015677 0.51352 0.058087 0 0 0 0 0.0043822 -0.00059184 0.0074577 0.0068809 0.0031741 0.0064161 0.056686 0.081436 0.47319 -0.014181 0.47527 0.062618 0 0 0 0 0.000198 0.00048015 0.00078896 0.00058667 0.0032262 0.0027028 0.003666 0.0043313 0.06273 0.0044096 0.063342 0.007451 0 0 0 0
-6.1242e-05 -0.00093378 0.0015045 0.002261 0.058225 -0.0043143 0.062551 0.018871 0.0012163 -9.9216e-05 0.0012163 0.00033754 0 0 0 0 -0.019411 -0.0054234 0.027561 0.0056184 0.46852 -0.035566 0.47385 0.12219 0.0050375 0.00149 0.0050375 0.0023992 0 0 0 0 -0.010952 -0.0022885 0.026622 0.0064312 0.48626 0.023396 0.51659 0.11257 0.0037403 -0.0004024 0.0037403 0.0004024 0 0 0 0 -0.0018828 8.9836e-05 0.0021199 0.0013699 0.075045 -0.010244 0.086286 0.01355 0.0010039 1.2091e-05 0.0010039 0.00068932 0 0 0 0
0.00073813 -0.00024306 0.0013456 0.00063661 0.013389 0.034756 0.049465 0.081771 0.0085679 0.04251 0.023767 0.16641 0.0012966 0.00061132 0.0084011 0.015004 0.00319 0.0013386 0.014582 0.007543 0.17553 0.098414 0.27111 0.3423 0.0057926 -0.072625 0.37472 0.36197 -0.0088967 -0.017278 0.052693 0.050272 0.0072499 -0.0019683 0.027206 0.0070297 0.15942 -0.13463 0.36524 0.24935 -0.077079 -0.032464 0.36829 0.18658 0.039996 0.018852 0.057289 0.045906 0.0026763 0.00024444 0.0034539 0.0021098 0.0091432 -0.026885 0.066411 0.037273 0.014587 -0.020577 0.094687 0.063152 0.0045361 0.0052993 0.0059607 0.01021
-0.0014579 -5.3828e-05 0.0039944 0.00046767 -0.0027303 0.02567 0.07622 0.03958 0.037044 0.034198 0.062681 0.067897 7.5619e-05 0.0041199 0.0048142 0.0092814 -0.028334 0.0024147 0.041449 0.0085255 -0.052944 0.098826 0.44024 0.2354 0.24517 -0.068141 0.34171 0.29116 0.0012143 -0.00037001 0.012944 0.032074 0.014469 0.008689 0.025998 0.037266 -0.061368 -0.050448 0.33842 0.33148 0.095792 0.019115 0.38581 0.1893 -0.012486 -0.016686 0.039452 0.041782 -0.00055182 -0.0012496 0.0076186 0.0092982 0.0068277 0.029842 0.080953 0.081836 -0.0064032 0.0074122 0.033972 0.0456 0.0019151 -0.0033487 0.010146 0.0055899
0.00050607 -0.0014809 0.0011705 0.0023819 -0.018044 -0.013309 0.030328 0.055408 0.01753 0.050368 0.081881 0.076149 0.011205 -0.0013592 0.015209 0.014246 -0.0038389 -0.0091461 0.0094641 0.012376 -0.027186 -0.096085 0.070334 0.13059 0.21309 -0.044567 0.52631 0.26787 0.039271 -0.012285 0.075784 0.063868 -0.0011448 -0.012689 0.011068 0.01684 0.13361 0.043069 0.15528 0.12863 0.25198 0.035779 0.52828 0.35509 -0.015049 0.016217 0.057863 0.059985 0.0025264 0.0011129 0.0029457 0.0013362 0.012789 0.0061813 0.014336 0.0073539 0.0018787 -0.016664 0.0092164 0.018298 -6.9978e-05 -0.0066002 0.0035519 0.0071043
0.00032685 -0.0051337 0.00081048 0.0056738 0.0011181 -0.037527 0.005038 0.047614 0.067453 -0.021895 0.067467 0.021988 0 0 0 0 -0.0034448 0.0024375 0.0062084 0.0064858 0.011872 0.021165 0.048578 0.045443 0.51115 -0.00081381 0.51115 0.050585 0 0 0 0 -0.0036499 0.0049833 0.0094482 0.0053565 0.028878 0.023513 0.042644 0.058053 0.46107 -0.011003 0.47601 0.034178 0 0 0 0 -4.108e-05 0.00039254 0.0011755 0.001641 0.0028932 0.007295 0.009127 0.016231 0.05986 -0.0040752 0.068356 0.0082946 0 0 0 0
-0.0024055 -0.00019922 0.0036606 0.0007559 0.06299 0.00051719 0.065384 0.0098157 0.00063363 5.7715e-05 0.00063363 0.00033423 0 0 0 0 -0.014907 -0.0016549 0.015068 0.0097403 0.46817 -0.018533 0.53781 0.073873 0.0051716 -7.4799e-06 0.0051716 0.002244 0 0 0 0 -0.0011643 0.032222 0.010201 0.043977 0.41749 0.11644 0.49613 0.19924 0.0036256 0.00030767 0.0036256 0.00087935 0 0 0 0 0.00023463 0.00096323 0.00031981 0.00096323 0.00055774 0.00090854 0.001057 0.0010964 0.00024467 5.4737e-05 0.00024467 5.4737e-05 0 0 0 0
0.004799 -0.0021902 0.01246 0.0046088 -0.043399 0.00041781 0.077623 0.039785 0.041952 0.00192 0.056046 0.0077181 0.00010685 -2.4134e-05 0.00075017 0.0012397 -0.039069 -0.013777 0.089091 0.045634 -0.16328 -0.096861 0.51957 0.2483 0.28678 -0.0098976 0.39769 0.082695 -0.00086974 -0.0012251 0.0073298 0.0059694 -0.0060245 0.01234 0.060843 0.050848 -0.10407 -0.076627 0.32366 0.1737 0.2883 -0.010771 0.33221 0.051375 -0.007281 -0.0019816 0.0092285 0.0067547 -0.0057203 -0.0060184 0.0067072 0.0089923 0.00063324 0.0052954 0.013098 0.010324 0.039234 0.00094636 0.041422 0.015016 -0.0017926 -0.00052108 0.0021169 0.0011365
-0.0013592 -0.0017059 0.0019271 0.0026324 0.05091 -0.010408 0.053102 0.010962 0 0 0 0 0 0 0 0 -0.0053316 -0.0047424 0.0080176 0.0065479 0.44762 -0.032109 0.47599 0.10837 0 0 0 0 0 0 0 0 -0.0075747 -0.0047264 0.0086906 0.0075957 0.48416 0.021019 0.5317 0.1633 0.0024627 -0.0037976 0.003406 0.0037976 -0.0002206 -0.0008887 0.0006311 0.0008887 0.0010619 0.00080525 0.0034486 0.0017403 0.04172 -0.0089627 0.04354 0.048085 -0.0086324 -0.041987 0.0092475 0.042491 -0.0022735 -0.010112 0.0025175 0.010319
-0.0053335 0.0019016 0.0061371 0.0023896 0.014876 0.0082336 0.043283 0.016822 0.023928 -0.03764 0.049985 0.064355 0.0030051 0.004413 0.0060774 0.0076904 -0.0023211 0.00081176 0.0095119 0.0057006 -0.063053 0.056617 0.60489 0.16432 0.22797 0.0039798 0.2971 0.35004 0.018297 -0.012685 0.030589 0.03805 0.00023883 0.001189 0.0091987 0.0072502 0.010517 0.069736 0.37192 0.091117 -0.0046659 0.089842 0.2951 0.25454 0.033848 -0.015144 0.063204 0.036759 0.00084129 -4.3849e-05 0.00098732 0.00054417 0.0079598 0.0044899 0.021173 0.0091706 -0.0055693 -0.016487 0.033778 0.047977 0.00025917 0.00063749 0.0047267 0.0073755
-0.00035086 -0.00018839 0.00066231 0.0014549 -0.0024366 0.0054369 0.0072995 0.022648 0.074021 -0.01692 0.074031 0.017697 0 0 0 0 0.020155 -0.028833 0.031205 0.042803 -0.012817 -0.017442 0.048405 0.052912 0.47266 -0.0074889 0.4971 0.021756 0.000759 7.7354e-05 0.000759 0.00018015 -0.0145 0.013523 0.019766 0.020564 0.11365 -0.025491 0.15136 0.095348 0.46174 0.048394 0.48029 0.049992 0.00012561 -2.2813e-05 0.00012561 0.00012561 -0.0039703 -0.00073211 0.003981 0.0016025 0.032096 -0.0080123 0.040046 0.017266 0.063284 0.015506 0.06392 0.016624 1.4564e-05 -5.1213e-06 1.4564e-05 1.4564e-05
-0.0013355 0.0010744 0.0027268 0.0033263 0.010996 -0.013169 0.04184 0.047854 0.001489 -0.0051507 0.010308 0.013255 0.0019583 -0.0010518 0.006982 0.0025398 -0.0067188 0.0028938 0.014121 0.0071031 -0.18911 0.076142 0.20629 0.093267 0.33887 0.092796 0.40992 0.25936 0.012867 0.066296 0.031994 0.067683 0.0042645 -0.0069443 0.017432 0.0075718 -0.10358 0.0032696 0.10488 0.028019 0.40219 -0.030986 0.57223 0.11919 0 0 0 0 0.004571 -0.0013953 0.006339 0.0023579 -0.0061585 0.0084916 0.010628 0.013866 0.045088 0.01318 0.052461 0.022062 1.3424e-05 -4.7203e-06 1.3424e-05 1.3424e-05
0.00033122 0.002876 0.0016472 0.0033835 -0.0006667 0.0055648 0.01582 0.012066 0.06195 -0.03629 0.063632 0.03629 0 0 0 0 0.005386 0.013858 0.012243 0.027189 -0.16325 0.050015 0.22928 0.088674 0.45902 0.023046 0.46294 0.072857 0 0 0 0 -0.0029423 -0.0086945 0.011578 0.031525 -0.13982 -0.011163 0.21546 0.10455 0.39859 0.011085 0.45009 0.12753 0.00011242 -2.0417e-05 0.00011242 0.00011242 -0.00095729 -0.0013573 0.0016031 0.0020527 0.00072485 -0.0054531 0.024573 0.015193 0.06011 0.02034 0.07439 0.031046 0 0 0 0
0.00045574 0.00012444 0.00071471 0.0012273 0.0024926 0.00090494 0.004625 0.0054451 0.071628 -0.00014421 0.083057 0.007936 1.5245e-05 7.1899e-06 1.5245e-05 1.1217e-05 0.0004377 0.0055732 0.0070313 0.0091608 0.015759 0.021608 0.048204 0.038065 0.45245 -0.049596 0.50812 0.070639 0 0 0 0 0.0077868 0.0056134 0.012738 0.013061 -0.027319 0.027379 0.055056 0.12296 0.42813 0.03875 0.53558 0.099642 0 0 0 0 -0.0016836 -1.0251e-05 0.0071532 0.004891 -0.0060917 -0.010151 0.0085643 0.012057 0.071235 -0.010366 0.07357 0.01343 0 0 0 0
-0.0026909 -0.0016662 0.0034907 0.0025429 0.0035101 -0.0066856 0.024488 0.0089182 0.059097 0.011832 0.059205 0.01185 0 0 0 0 0.012332 0.0012326 0.042894 0.015619 0.10689 -0.005938 0.53962 0.047067 0.34467 0.0073208 0.34467 0.025596 0 0 0 0 -0.0011483 0.0054352 0.025244 0.012788 0.10945 0.059406 0.46985 0.062838 0.31549 0.016849 0.31549 0.018767 0 0 0 0 -0.00096075 -0.00069028 0.0029306 0.0015808 0.031276 0.011821 0.05443 0.014472 0.027443 1.4158e-05 0.027443 0.0016528 0 0 0 0
7.9424e-05 0.0010156 0.0012232 0.0011162 0.010694 0.026045 0.055762 0.028375 -0.0015514 0.0015715 0.064569 0.049498 -0.0016563 -0.0034323 0.0056896 0.0054127 -0.0023598 -0.00046882 0.0062811 0.0073229 0.064649 -0.029212 0.45512 0.19632 -0.097891 -0.00066742 0.41269 0.31916 0.029575 0.012526 0.043632 0.026277 0.0092733 -0.0086739 0.011145 0.010003 0.10163 -0.047296 0.31869 0.14464 -0.056987 0.026485 0.38052 0.38653 0.045837 0.0082357 0.084109 0.039122 0.0011495 0.00033526 0.0013691 0.0012572 0.00038904 -0.01781 0.025227 0.019286 0.021627 -0.003831 0.052791 0.057418 -0.00077871 -0.0020735 0.01077 0.0051245
-8.802e-05 0.00010528 0.00048051 0.00057218 0.00095262 -0.0015985 0.018774 0.0088919 0.049295 0.013248 0.057407 0.025704 0.00076342 0.00015068 0.00076342 0.00017363 -0.0040491 -0.00045061 0.0043494 0.0040186 0.0085884 -0.020427 0.15115 0.044585 0.45141 0.039593 0.52917 0.049978 0.00017636 0.00017636 0.00017636 0.00017636 -0.014051 0.00082662 0.014586 0.0044688 0.054296 0.023964 0.19668 0.062644 0.41728 -0.028089 0.49653 0.052988 0 0 0 0 -0.00068414 7.3038e-05 0.0008171 0.0005931 0.0011668 0.0066285 0.024194 0.0069818 0.058089 0.0013213 0.069653 0.0063893 -4.2329e-07 -1.2723e-05 1.1221e-05 1.2723e-05
0.0016414 6.4603e-05 0.0016456 0.00046095 0.0047908 0.010628 0.036725 0.01325 0.025611 -0.016313 0.061657 0.047772 -0.003918 -0.0011775 0.0039918 0.0048078 0.0098808 -0.0015013 0.010341 0.0044965 0.061413 0.089176 0.31942 0.31391 -0.0051772 0.07301 0.24984 0.21589 -0.020679 -0.0040305 0.045463 0.057386 0.0067855 -0.003576 0.014006 0.009512 0.051976 -0.035756 0.51016 0.30346 0.0078462 -0.034466 0.25723 0.46252 -0.014284 0.0080667 0.037627 0.068403 0.00096995 -0.00085926 0.0039149 0.0029422 0.013149 0.001349 0.076846 0.037919 -0.0024931 -0.01594 0.062182 0.048805 -0.0022724 -0.0046257 0.0046856 0.0092418
-0.001253 -0.0065453 0.0021836 0.006653 0.012553 -0.054143 0.026664 0.066657 0.05973 -0.037872 0.067248 0.04549 0 0 0 0 0.0019089 0.013926 0.0092291 0.01695 0.022736 0.09008 0.081709 0.18896 0.43074 0.0046034 0.54127 0.082659 0 0 0 0 -0.004173 -0.0041727 0.011326 0.015474 -0.00044823 0.013335 0.059399 0.12794 0.34607 -0.1478 0.47056 0.20523 0.0011336 -0.058159 0.0015612 0.058159 -0.0011555 -0.0018551 0.0020986 0.0049829 -0.0078279 -0.050753 0.012649 0.060038 -0.01162 -0.031302 0.021596 0.05191 0.0010846 0.0024234 0.0011521 0.0025353
0.001961 -0.0015629 0.0046475 0.0037174 0.017444 0.0018511 0.051842 0.054264 0.013849 -0.036005 0.040169 0.054581 -0.0039982 0.0018748 0.0067654 0.007233 0.0090454 0.0060345 0.012036 0.010521 0.17476 -0.094967 0.29792 0.29558 0.038172 0.048524 0.30972 0.49008 -0.00795 -0.0071947 0.03558 0.053792 -0.0019076 -0.0054339 0.0054669 0.0068727 0.20144 0.0098617 0.3073 0.23221 0.058741 -0.042982 0.39756 0.23219 -0.0095024 0.035776 0.031769 0.065592 -0.0010366 -0.00083192 0.0016237 0.0013941 0.024456 -0.016986 0.036523 0.023443 0.026682 -0.023853 0.060101 0.080605 0.002012 -0.010216 0.0054546 0.013595
0.00044146 0.0023228 0.0008726 0.0043405 0.0078995 0.0043462 0.018574 0.02364 0.063452 0.0010033 0.077898 0.0081857 0.00023149 3.8063e-05 0.00023149 6.8041e-05 -0.0011272 0.0024851 0.0071494 0.0060335 0.018646 0.011227 0.21279 0.051927 0.40033 -0.029078 0.53707 0.047964 0.00061707 9.8039e-05 0.00061707 9.8039e-05 -0.0018252 0.0016503 0.013508 0.010179 -0.016695 -0.0042344 0.17609 0.069314 0.43761 0.012727 0.49975 0.038588 0 0 0 0 -0.00060205 -0.00021667 0.0022156 0.00065171 -0.0027035 0.0023891 0.01968 0.0083011 0.064293 0.0003197 0.067072 0.0024754 3.1465e-06 -3.1465e-06 3.1465e-06 3.1465e-06
0.00056019 -0.0012442 0.0031341 0.001296 0.0037521 -0.0032491 0.0044113 0.0046769 0.0327 0.024061 0.052184 0.08549 -0.0043416 0.00092772 0.0080043 0.004599 0.011277 -0.0042747 0.029938 0.0058991 0.026143 -0.0056531 0.03877 0.030385 0.16395 0.029296 0.47064 0.3381 0.021874 0.0058601 0.058046 0.040425 0.016442 0.00083264 0.038639 0.0065136 0.0081888 -0.013127 0.050204 0.04484 0.18213 -0.094912 0.5234 0.51367 0.030131 -0.014282 0.10315 0.02929 0.001415 0.00016906 0.0030375 0.00082978 -0.0023712 -0.00056005 0.0066628 0.0039287 0.02674 0.028995 0.084005 0.080657 0.0049604 0.0064367 0.018713 0.0083993
0.00087088 -0.00040365 0.0013562 0.0019956 -0.0014057 -0.0004654 0.0038561 0.016665 0.076203 -1.951e-05 0.079863 0.015148 2.5373e-05 7.8851e-06 2.5373e-05 2.5373e-05 0.0049585 0.0020472 0.0083422 0.0056059 -0.00063593 0.0052082 0.054349 0.064987 0.49225 -0.0025328 0.50751 0.062287 0 0 0 0 0.0038072 0.0013455 0.0072487 0.0055554 0.0086165 0.021618 0.051865 0.095607 0.4736 0.000342 0.47569 0.069164 0 0 0 0 0.00010671 0.00082138 0.0005897 0.00084042 0.0038085 0.0059648 0.0045616 0.0066352 0.062931 0.0055174 0.064593 0.00888 0 0 0 0
-0.0040518 0.00084509 0.0058489 0.0021695 0.024256 -0.01769 0.059989 0.02847 0.006257 -0.0040374 0.011564 0.0082855 -0.0015784 0.0010521 0.0034649 0.0022402 -0.043782 0.0089266 0.046531 0.01775 0.26262 -0.0034008 0.42167 0.10744 0.0035676 0.011518 0.13852 0.10282 0.00063014 -3.2307e-05 0.020883 0.0065358 -0.02621 0.0025092 0.027541 0.010666 0.35181 -0.044537 0.50861 0.21901 -0.039201 0.28046 0.10167 0.37037 -0.016504 0.027681 0.033891 0.053684 -0.0048746 -0.00015738 0.0049947 0.0010182 0.11124 -0.021838 0.13855 0.027905 0.025417 -0.0044708 0.027055 0.009338 -0.0012256 0.0055675 0.0012256 0.0055675
0.001761 0.00091379 0.0021211 0.001539 -0.00022353 0.023231 0.011319 0.024075 0.0011278 0.01581 0.0086434 0.015852 0.00039823 0.00084597 0.00077366 0.00094795 0.020195 -0.011682 0.045181 0.044492 0.072833 -0.10533 0.38438 0.34767 -0.047795 -0.076873 0.32204 0.32181 -0.022563 -0.008324 0.069418 0.038829 -0.0047244 0.0060708 0.018603 0.05497 0.099972 0.087996 0.26577 0.37082 -0.055785 0.064134 0.13234 0.47368 -0.0059381 -0.0034661 0.035537 0.053587 0.0016413 0.0043145 0.0026497 0.0069534 0.00080551 0.0011061 0.020835 0.027826 0.00057169 0.01332 0.034608 0.02786 -0.0026314 0.0043034 0.0071827 0.009898
-0.01527 -0.0050439 0.017342 0.016128 0.025297 -0.023929 0.094189 0.026026 -0.015259 -0.0085476 0.01745 0.0096524 -0.0045461 -0.00096386 0.0053905 0.0018444 -0.077778 -0.046341 0.085282 0.067769 0.32024 0.058662 0.55098 0.18179 -0.11028 0.058614 0.20021 0.18275 -0.01368 0.017568 0.033683 0.019803 -0.035759 -0.021035 0.036363 0.021035 0.35319 -0.10285 0.4492 0.15278 -0.056085 -0.11758 0.14939 0.13507 0.026923 -0.00076343 0.055377 0.050911 -0.0035775 -0.0013988 0.0042694 0.002139 0.035865 0.00076296 0.048739 0.01011 -0.0088894 -0.009564 0.034633 0.013941 0.010206 0.0020057 0.022895 0.0063073
-0.00016427 7.8833e-05 0.0005388 0.00065332 0.0084556 -0.010485 0.030813 0.038982 -0.007221 0.0018176 0.037715 0.021776 0.0030189 0.0036134 0.0052931 0.0051326 -0.0016972 -0.0027079 0.0027497 0.0051703 -0.037506 -0.047858 0.39632 0.17081 0.073329 -0.01848 0.45226 0.20951 0.013244 -0.0014164 0.027436 0.048843 -0.0034948 -0.0018305 0.0057285 0.0068344 -0.068064 0.012453 0.38769 0.10338 0.17838 0.021697 0.51398 0.27771 0.0065427 0.0090906 0.027857 0.058653 -0.00071707 0.0017861 0.0013837 0.0022606 0.0040289 0.0065671 0.034792 0.026226 0.0061508 0.0060647 0.025868 0.035531 0.0016377 -0.0049227 0.0044824 0.0070147
-0.00057845 0.0012321 0.00093887 0.0012371 0.069975 0.0078566 0.073118 0.0080243 0.00087026 1.1317e-05 0.0010525 0.00045842 0 0 0 0 0.0017644 -0.0045145 0.0072106 0.007192 0.45407 -0.0075884 0.49486 0.038557 0.0055073 0.0019981 0.009656 0.0029914 0 0 0 0 0.0013106 -0.0046108 0.016656 0.0059166 0.49339 0.014929 0.52497 0.081054 0.0017124 0.0016221 0.0032358 0.0042115 0 0 0 0 -0.0006046 0.0010932 0.0013734 0.0014563 0.069755 0.0024342 0.075384 0.0037024 0 0 0 0 0 0 0 0
0.0063423 -0.0024662 0.0067366 0.0028709 -0.0065063 0.0012115 0.014766 0.0088785 0.017121 0.016724 0.039908 0.059706 0.00048529 -0.0037751 0.0065592 0.011428 0.0076911 0.008119 0.042689 0.022213 -0.034184 -0.010561 0.19619 0.063292 0.2284 0.099911 0.54622 0.35342 -0.010151 0.019887 0.0323 0.098456 -0.0042307 -0.00018 0.016794 0.014349 0.11593 -0.048168 0.1665 0.085334 0.10434 -0.16134 0.53584 0.23782 0.030922 -0.009977 0.10972 0.073459 -0.0019252 0.0021986 0.0034347 0.0034172 0.0058158 0.0010308 0.0090945 0.008748 -0.00012631 -0.0077335 0.0075033 0.0085909 -0.00032081 -0.00062791 0.0012266 0.00094272
0.0031473 0.0053042 0.0061891 0.007228 -0.0063712 0.022685 0.025106 0.041295 0.010998 0.017524 0.054511 0.048397 -0.0008106 -0.0037851 0.011149 0.014047 0.025853 -0.007982 0.055853 0.05334 0.056479 -0.068946 0.28059 0.33128 0.048302 0.040138 0.38746 0.18574 -0.020865 -0.0058401 0.066415 0.030616 0.014784 -0.016808 0.052956 0.032161 0.034852 -0.05514 0.34546 0.34431 0.076389 -0.10625 0.50752 0.21533 -0.016269 -0.0090287 0.048217 0.029491 0.00039186 0.0035228 0.0051638 0.008044 -0.0068342 -0.0059692 0.062243 0.079446 0.012688 -0.039842 0.078439 0.062614 -0.00072947 0.0011325 0.0062086 0.0083594
-0.00057642 -0.0002613 0.00065893 0.00066726 -0.0005194 -0.0031252 0.017277 0.0050963 0.068258 0.0032494 0.073733 0.0047715 3.2429e-06 3.2429e-06 3.2429e-06 3.2429e-06 -0.017331 -0.0001919 0.017811 0.0036123 0.03614 0.011871 0.16051 0.058714 0.45749 0.025133 0.50635 0.041161 0 0 0 0 -0.0085122 0.0042456 0.0088857 0.0042559 -0.018195 0.025116 0.13514 0.031853 0.47961 -0.024625 0.47961 0.028783 0 0 0 0 -0.00049355 0.00017803 0.00064321 0.00066864 -0.0024925 0.0094266 0.0095031 0.0095274 0.052422 -0.016732 0.063919 0.030457 6.7655e-05 -7.4844e-05 6.7655e-05 8.3199e-05
-0.00027737 0.0023973 0.011411 0.0050996 0.048897 0.0019785 0.087987 0.0554 -0.0047073 0.0046432 0.041987 0.080949 -0.0036371 0.0055914 0.0050681 0.011114 0.025674 0.0057081 0.052778 0.051685 0.11678 0.0078491 0.49638 0.27773 0.096114 -0.092121 0.24564 0.2346 -0.027055 -0.029072 0.035416 0.05256 -0.0046827 -0.010997 0.064621 0.068745 0.058566 0.055755 0.4258 0.24537 0.022837 -0.097118 0.27622 0.36485 -0.027096 -0.011154 0.057463 0.038685 -0.0031129 0.0062389 0.0068091 0.017291 0.001157 0.001502 0.045978 0.060957 -0.00067711 0.029946 0.033733 0.072718 0.0025605 0.0088903 0.0079821 0.013976
0.0015828 -0.0023107 0.0076712 0.0068948 0.0039171 -0.00095102 0.050421 0.03175 -0.010664 -0.0029063 0.021371 0.036275 -0.00066746 0.0016194 0.0020728 0.0018363 -0.00026333 -0.00075395 0.070818 0.031547 -0.060182 -0.025382 0.41594 0.086558 0.09116 -0.083814 0.39198 0.32503 -0.010052 -0.0053609 0.036777 0.015476 -0.0027776 -0.0032493 0.039783 0.030147 -0.0018865 0.0053232 0.27386 0.18307 -0.035159 0.052801 0.37245 0.51782 0.0059012 -0.012948 0.036449 0.015397 -0.0047609 -0.00043935 0.007366 0.0047041 0.015588 -0.0035664 0.025231 0.031172 -0.018763 -0.012165 0.026239 0.020655 -0.00030395 0.00097467 0.0012062 0.0011642
-0.0063679 0.0027909 0.0064106 0.0033053 0.029938 -0.01655 0.061369 0.025937 0.014468 -0.018328 0.0487 0.028891 0.002555 -0.00012814 0.0035389 0.0019925 -0.01349 0.000761 0.016861 0.0086341 -0.12513 0.042977 0.22701 0.081024 0.35102 -0.067584 0.54693 0.15346 0.0087133 0.00079151 0.020315 0.013129 -0.016868 -0.0040647 0.027799 0.011725 -0.14006 0.0034396 0.22497 0.10393 0.35255 0.048368 0.47271 0.12919 0.0082084 0.00046784 0.020021 0.01988 -0.0049732 0.0009996 0.005139 0.0023042 -0.025022 0.0021653 0.028728 0.0089291 0.062796 -0.01368 0.072488 0.048377 -0.0013815 0.0022003 0.0032164 0.0042331
-0.0037154 0.0015813 0.0064382 0.0024272 0.0074449 -0.0040955 0.064283 0.048827 0.0086982 0.01371 0.018419 0.02832 0.0011968 -0.0002074 0.0045066 0.010443 0.00011956 -0.0012447 0.017726 0.0057797 0.015968 -0.056858 0.56087 0.19878 0.080482 -0.046364 0.21311 0.1071 -0.0046943 -0.0055901 0.038688 0.024718 -0.0107 -0.0011543 0.012346 0.0064395 -0.21526 0.004228 0.31957 0.068042 0.32221 0.1063 0.45429 0.18511 -0.014446 0.0011111 0.058755 0.015726 -0.0023882 -0.00054079 0.0025997 0.00083818 -0.0059924 0.0034511 0.046445 0.018332 0.10344 0.095647 0.14372 0.095647 -0.0020214 0.019723 0.011635 0.019723
0.00020473 0.00062745 0.0016735 0.0021565 0.007793 0.0067439 0.01067 0.011244 0.022239 0.012571 0.030116 0.018688 0.004691 0.0022828 0.0078258 0.011826 -0.021155 0.0097999 0.023097 0.016783 0.0028294 -0.11269 0.062075 0.15646 0.24539 -0.0049033 0.37494 0.32235 0.016271 -0.017551 0.1106 0.079348 -0.046928 0.020049 0.052494 0.034744 -0.050993 0.028369 0.12276 0.11824 0.22195 -0.0909 0.65025 0.26292 0.053186 0.0094805 0.10532 0.084546 -0.00010114 0.00013584 0.001448 0.00073537 -0.03439 0.023464 0.042077 0.025917 0.02681 0.0045392 0.12683 0.016702 0.0058578 -0.0073255 0.012309 0.0099884
-0.0069965 -0.0033176 0.0084571 0.0069832 0.065203 -0.002325 0.071482 0.013367 -0.0053912 -0.0071887 0.01869 0.011128 -0.00030677 -0.00069553 0.0044351 0.001939 -0.010196 -0.0031108 0.01514 0.03099 0.43002 0.080692 0.46499 0.19035 -0.11815 0.073854 0.14763 0.11248 -0.0025932 0.0039252 0.034047 0.030141 -0.0039888 -0.0062518 0.013381 0.010975 0.39893 -0.061845 0.50051 0.15073 -0.041479 -0.10919 0.10034 0.15075 -0.0050622 -0.0072897 0.015421 0.012112 0.0024198 -0.00095436 0.0029839 0.0017418 0.039545 0.0053603 0.051654 0.014772 -0.0016119 -0.0048112 0.019045 0.014371 -0.0011707 -0.00015881 0.0030383 0.001695
-0.00088717 1.1716e-05 0.0014005 0.00079385 -0.0070896 0.0013287 0.0090842 0.0069316 0.073323 -0.0063464 0.080357 0.0099409 8.6417e-05 -0.00011783 0.00016082 0.0002127 0.0039915 -0.0082432 0.0067347 0.0099564 -0.046327 -0.024532 0.086336 0.080621 0.46829 -0.057494 0.4914 0.093177 0.0035036 0.00040709 0.0035863 0.00061554 0.017491 0.0054673 0.020997 0.014918 -0.081554 0.053207 0.08714 0.086293 0.46841 0.055297 0.48375 0.070631 0.002249 0.00063279 0.002249 0.0014181 0.0038862 -0.00053404 0.004399 0.00099543 -0.015452 0.001704 0.017444 0.010447 0.071551 0.0013204 0.072123 0.010107 0.00029997 -0.00040911 0.00038367 0.00043397
0.0037427 -0.0017413 0.0075463 0.0054103 -0.015035 -0.00029346 0.047324 0.024629 0.015444 -0.00095364 0.057559 0.021262 -0.0011187 0.0012104 0.015299 0.0033094 0.0088314 8.7528e-05 0.047971 0.027141 -0.10474 0.026999 0.5303 0.15106 0.11325 -0.012286 0.39214 0.19743 -0.016875 -0.00832 0.055621 0.037013 -0.0022018 0.0082102 0.033598 0.022301 -0.060766 -0.054286 0.47129 0.24175 0.060795 -0.014748 0.34585 0.19262 -0.0040955 0.0056575 0.047854 0.065577 -0.00088706 -0.0017493 0.0038847 0.0067656 0.0066758 0.033427 0.041266 0.038734 -0.0064631 0.014507 0.043032 0.019573 0.0036459 0.00038731 0.0091775 0.0015537
0.0042565 0.010162 0.0068975 0.010184 0.0062819 0.030911 0.028894 0.068509 0.0011862 0.02959 0.046692 0.051252 -0.0015704 0.0054777 0.0099144 0.0063239 0.0043518 -0.0067282 0.020442 0.077367 0.059901 -0.11813 0.17945 0.38519 -0.051727 -0.13498 0.20441 0.44565 -0.0043151 -0.013224 0.053883 0.044133 0.0041017 -0.0049793 0.018282 0.06768 0.046419 0.074132 0.20935 0.46582 -0.032555 0.10155 0.15799 0.44181 -0.0094318 -0.0070933 0.06532 0.057532 0.00089544 -0.0037377 0.0026848 0.0061425 0.0078952 -0.0038576 0.027463 0.030804 -0.0086799 -0.005483 0.024677 0.034182 -0.0011287 0.0027445 0.0046413 0.0040606
0.0022276 -0.0003678 0.0025122 0.0010196 0.029784 0.0010828 0.034204 0.01796 -0.017843 0.00054098 0.036889 0.050685 0.0019612 0.0018504 0.004022 0.0066751 0.0084206 0.00079773 0.014449 0.011413 0.039845 -0.073448 0.36341 0.17579 0.095318 0.13547 0.39469 0.40679 0.016445 0.021376 0.03283 0.036403 -0.0089742 0.01181 0.017241 0.015413 0.0015896 0.064789 0.34747 0.20604 0.18188 -0.099526 0.33134 0.3728 0.030712 -0.021205 0.044709 0.04446 -2.5947e-05 -0.0027225 0.00097555 0.0029492 -0.0015817 -0.011646 0.016125 0.017633 0.022828 -0.011831 0.043773 0.049072 -0.0012848 0.0046065 0.00407 0.0091141
-0.00042011 0.0032765 0.0023601 0.0033317 0.0020534 0.021578 0.010485 0.022204 -0.0025164 0.013429 0.010967 0.013978 0.00090487 0.00096231 0.0012211 0.00098624 -0.015027 -0.0019318 0.053033 0.039587 0.016759 -0.026935 0.26881 0.26053 -0.014728 -0.034388 0.53246 0.30296 0.02904 -0.015755 0.045881 0.041283 -0.0030605 -0.0051053 0.0090457 0.046757 0.080845 0.013676 0.19115 0.38529 -0.037082 0.03665 0.081361 0.50561 -0.0050634 0.010442 0.032759 0.078733 0.00049673 -0.003555 0.0016133 0.011104 0.010044 -0.010951 0.023559 0.041281 -0.0059873 -0.012914 0.0095411 0.0413 0.00079552 3.7879e-05 0.0017379 0.003034
-0.0014093 -0.0052638 0.0017268 0.0056009 0.042974 -0.010475 0.046151 0.041833 0.002393 -0.061988 0.065693 0.10515 -0.0026916 -0.0044371 0.011485 0.014123 0.0079589 0.013592 0.012736 0.018125 0.14932 -0.032921 0.19492 0.24345 -0.015911 -0.09869 0.11033 0.43188 0.015812 -0.0055133 0.033093 0.038856 -0.00063077 -0.0011589 0.0056746 0.004067 0.13165 0.069845 0.23214 0.31476 0.042942 0.1647 0.18182 0.62693 0.0039547 0.0070215 0.035661 0.062344 0.00080478 -0.00057024 0.0011558 0.00073968 0.02359 -0.0030552 0.033635 0.016815 -0.0079406 -0.022552 0.039504 0.042796 0.0030398 0.0047261 0.004799 0.006411
0.00080512 -0.00088606 0.0011867 0.0011621 0.009698 -0.0017689 0.012965 0.0068274 0.03182 -0.021301 0.064367 0.050699 0.00026145 -0.0034427 0.0049718 0.0077445 -0.0067027 0.0080016 0.018468 0.019622 0.14911 0.0082023 0.23178 0.13511 0.15631 0.025913 0.41732 0.2786 0.034217 0.040561 0.054223 0.045035 0.024697 0.0048301 0.041095 0.022267 -0.048467 0.064279 0.19468 0.25607 0.24824 -0.013342 0.50539 0.40672 0.019186 -0.033541 0.044927 0.083787 0.003016 0.00022296 0.0077605 0.0021533 -0.013051 -0.017477 0.015896 0.01761 0.038764 -0.010872 0.046782 0.025242 -0.0018163 -0.0065363 0.0049217 0.00745
-0.00057216 0.0026122 0.0015785 0.0027112 0.002999 0.031982 0.013303 0.034104 0.00048109 0.038851 0.014837 0.041864 -8.3019e-05 0.0081472 0.0028283 0.0086015 0.0084473 -0.014639 0.072657 0.038539 -0.080213 -0.070882 0.42274 0.27657 0.095275 -0.10024 0.50287 0.30225 -0.012859 -0.029095 0.053908 0.060625 -0.0047952 0.0082053 0.027492 0.042946 0.070742 0.036417 0.3425 0.2834 -0.011708 0.064234 0.15767 0.3169 -0.011697 0.017293 0.033146 0.065513 -0.0007637 -0.0023506 0.003369 0.0095576 0.0040488 -0.019203 0.032018 0.05827 0.0056636 -0.00052147 0.022945 0.041706 -0.0019374 0.00061561 0.0048612 0.0081456
0.0005018 0.0054702 0.0050561 0.0069329 0.014403 0.019466 0.053172 0.039542 0.014991 0.011619 0.050413 0.055996 -0.0052637 0.0025215 0.0084958 0.0081254 0.0062372 -0.0069435 0.053324 0.04074 0.14654 0.12274 0.42996 0.18221 0.013482 -0.14574 0.27312 0.22569 -0.014958 -0.025977 0.038977 0.061004 0.02099 0.0079329 0.048589 0.065932 0.051494 -0.086233 0.31966 0.34595 -0.092327 -0.039728 0.24044 0.50898 -0.0057371 -0.0044331 0.034887 0.033358 0.00066788 0.0033661 0.0070107 0.00994 -0.010216 -0.009184 0.036052 0.060019 0.0040263 0.0044085 0.035651 0.033725 0.0015531 0.0042493 0.0088308 0.010682
-0.0025636 0.00497 0.003672 0.0097125 0.010694 -0.030367 0.032797 0.051659 -0.0092713 -0.017104 0.10264 0.052638 0.003527 -0.0016076 0.0079973 0.0029566 -0.013274 0.013724 0.032449 0.039219 0.0083226 0.057696 0.34754 0.27783 0.02972 0.045318 0.51396 0.25016 -0.027644 0.011515 0.10588 0.034511 -0.020302 -0.016073 0.039712 0.045143 0.022148 -0.045077 0.28253 0.19525 -0.015317 -0.0253 0.48805 0.2148 -0.010539 -0.011263 0.097025 0.059103 0.0002824 -0.0007571 0.0053806 0.0087259 0.0010109 0.013615 0.024179 0.031114 -0.00553 -0.022385 0.066971 0.061268 0.0048389 -0.00035141 0.013309 0.0092374
-0.00047118 -0.0028333 0.0028033 0.0084909 0.043824 0.020764 0.099517 0.07586 0.011513 0.02324 0.073061 0.12971 -0.0018213 0.0096529 0.011095 0.019582 0.0076669 0.012211 0.026737 0.03794 0.23733 0.020036 0.39281 0.076996 0.13083 -0.05539 0.36276 0.17882 -0.03083 -0.017069 0.090113 0.033643 -8.6335e-05 -0.011916 0.010673 0.014562 0.27406 -0.062669 0.31188 0.13201 0.084159 0.086754 0.36784 0.39776 -0.029362 -0.0014294 0.070109 0.051959 -0.0012045 0.0003038 0.0027193 0.0037777 0.039367 -0.014515 0.058132 0.037588 0.055361 0.0040296 0.066425 0.13853 -0.017021 -0.0013171 0.018806 0.013415
0.00068995 3.1974e-05 0.0012015 0.00072465 0.00069314 -0.0023134 0.0085152 0.0091253 0.073451 -0.0050144 0.076268 0.0063685 0 0 0 0 0.0011823 0.0055077 0.0051695 0.0096249 0.025484 0.029842 0.028917 0.047271 0.47126 -0.0089769 0.54167 0.058778 0 0 0 0 0.0046193 0.0046061 0.009691 0.0091212 -0.0047407 0.028636 0.048913 0.10408 0.43312 -0.0069298 0.49452 0.08051 0 0 0 0 -0.00030141 -0.0020779 0.0043891 0.0023546 -0.0040022 -0.014029 0.0097989 0.01615 0.072636 -0.0020486 0.075889 0.013237 0 0 0 0
2.3054e-05 0.0071765 0.005955 0.01228 -0.0046254 -0.010753 0.037872 0.048617 -0.0030223 -0.023127 0.017356 0.05819 0.0015329 -0.0059588 0.0032844 0.0093108 0.0095938 -0.011064 0.055154 0.053287 -0.021587 0.0012381 0.25266 0.25794 0.10523 0.09309 0.47334 0.29919 -0.012532 0.027797 0.066494 0.036442 -0.0087064 -0.0015078 0.086857 0.071536 0.037357 -0.053607 0.54038 0.15913 0.20359 -0.014959 0.25913 0.22002 -0.0011155 0.0051501 0.038715 0.038992 0.0020792 -0.001651 0.0043013 0.0029455 -0.0068074 -0.0066148 0.043941 0.04734 0.026903 -0.014102 0.090971 0.079586 -0.0018182 -0.0044026 0.0048616 0.0066936
