0.00071149 -0.00017179 0.00082316 0.001708 -0.0082109 0.0042492 0.014049 0.011198 0.020823 -0.008533 0.020823 0.01161 0 0 0 0 0.012457 -0.023366 0.031055 0.027042 -0.13868 -0.21177 0.18336 0.25306 0.27614 -0.10644 0.33134 0.15344 0 0 0 0 -0.0096758 0.009188 0.071173 0.045449 -0.21528 0.11088 0.32271 0.16507 0.43877 0.11557 0.43877 0.11557 0 0 0 0 -0.0061581 0.0046081 0.0061581 0.0046135 0.018701 0.02633 0.041908 0.036131 0.0063064 0.0058176 0.0063064 0.0058176 0 0 0 0
-0.00024638 0.0010227 0.00028856 0.0024978 0.00088577 0.010153 0.0062425 0.013555 0.0088047 0.0066903 0.011562 0.0075175 1.1892e-06 1.1892e-06 1.1892e-06 1.1892e-06 0.013572 -0.018405 0.017556 0.020013 -0.14486 -0.34795 0.18823 0.35233 0.27071 -0.12029 0.31619 0.15863 0 0 0 0 -0.049388 -0.003336 0.049828 0.015923 -0.026602 -0.054793 0.052763 0.077033 0.47464 0.055446 0.47464 0.056621 0 0 0 0 -0.0044007 0.0022369 0.0055125 0.0046567 -0.0011159 0.016707 0.031273 0.018837 0.058287 0.018158 0.058287 0.018158 0 0 0 0
0.0014656 -0.00056332 0.0025087 0.0010965 0.01521 -0.024836 0.028406 0.025537 0.030415 -0.029878 0.062857 0.03283 0.0028883 0.0044532 0.0029464 0.0052623 -0.033538 0.03347 0.034164 0.034097 0.23647 0.26204 0.36585 0.28911 0.14435 0.16728 0.34325 0.31421 0.002868 -0.0064988 0.023287 0.017185 -0.071113 0.053222 0.071165 0.053307 0.090522 -0.1444 0.33335 0.29061 0.11842 -0.14641 0.22808 0.18496 0.010756 0.0101 0.016956 0.016845 -0.0017687 0.00051722 0.0017687 0.00055148 -0.05701 0.017005 0.060773 0.02615 0.057423 -0.013321 0.057423 0.017592 -3.677e-05 -0.0028105 0.0020163 0.0044081
0.0052356 0.00051944 0.0077972 0.0048424 0.0011748 0.0058645 0.022171 0.023758 0.006568 -0.011354 0.063784 0.019474 4.3124e-05 -4.3124e-05 4.3124e-05 4.3124e-05 0.03966 0.012561 0.042104 0.023727 -0.11902 -0.1123 0.18005 0.2701 0.20965 -0.031218 0.48811 0.18812 9.5754e-05 9.5754e-05 9.5754e-05 9.5754e-05 0.007154 0.010586 0.019935 0.013319 -0.2929 0.13828 0.34469 0.146 0.33263 -0.013078 0.41172 0.082753 0.00027868 -0.00013378 0.00027868 0.00027868 0.00032258 0.00015318 0.00061086 0.00067001 -0.042186 -0.0016808 0.04319 0.0057776 0.032929 0.0097688 0.037221 0.013795 0.0010064 -0.00024229 0.0010064 0.0003202
5.0022e-05 0.00023106 0.00028495 0.00049531 -0.0003356 0.0013889 0.0011059 0.0017721 -0.00068002 0.0036521 0.0032769 0.0038539 0.0025343 0.0013281 0.0025343 0.0013281 -0.0037918 -0.014074 0.012444 0.014613 -0.13176 -0.40237 0.13808 0.41211 0.23781 -0.11389 0.31707 0.16346 0.0015485 0.00079184 0.0015485 0.00079184 -0.0233 -0.049596 0.025105 0.05061 0.015509 -0.016981 0.038 0.029746 0.45228 0.044047 0.45228 0.078387 0.00022122 6.9298e-05 0.00022122 6.9298e-05 8.7467e-05 0.00019846 0.0002396 0.00023562 0.015222 0.0058626 0.015379 0.0058975 0.059708 0.015282 0.059708 0.016046 0 0 0 0
-0.010321 0.0015654 0.010469 0.0029369 0.040752 -0.016369 0.047744 0.016705 0.025654 -0.030378 0.038915 0.031534 -0.00051903 0.00049044 0.00066131 0.00075998 -0.092714 0.012143 0.092714 0.012226 -0.037514 -0.015739 0.15942 0.067617 0.38497 -0.10688 0.42264 0.1514 -0.0037417 -0.020399 0.0087657 0.021471 -0.085573 -0.010192 0.085573 0.013735 0.039104 0.25158 0.28547 0.42885 0.17257 0.20199 0.28342 0.27775 0.001721 0.020929 0.0064123 0.030446 -0.0090594 -0.0030102 0.011089 0.0034664 0.041465 0.01326 0.043794 0.021501 0.0066025 -0.0015875 0.017513 0.017807 -0.00026033 -0.0048778 0.0048249 0.0084303
-0.0011616 -0.00086186 0.0011787 0.00090832 0.0062035 -0.012079 0.090481 0.029429 0.010129 -0.015581 0.021733 0.032106 -0.0023548 -0.0056717 0.0030411 0.0074326 -0.12112 -0.024426 0.12114 0.024757 0.23657 0.0018687 0.43892 0.16226 0.079987 0.016651 0.22172 0.25247 0.0049744 0.012526 0.024527 0.026723 -0.12822 -0.028161 0.12822 0.028174 0.42507 -0.032248 0.42507 0.10039 -0.054507 -0.024645 0.25949 0.26059 0.00035414 -0.0069294 0.019297 0.06012 -0.012496 -0.0012764 0.012496 0.0021571 0.029149 -0.045448 0.031738 0.045944 0.037924 -0.034337 0.039141 0.04354 -0.0014241 -0.0023887 0.0018164 0.003795
0.0026661 0.0041606 0.0083496 0.0057664 -0.020469 -0.01067 0.031415 0.015467 0.013752 -0.0020369 0.019646 0.010478 -0.00029636 -0.0019662 0.0007669 0.0019761 -0.014899 -0.055244 0.021712 0.059509 0.056062 -0.35991 0.098344 0.36723 0.1617 -0.16184 0.1697 0.25963 0.012693 0.012354 0.013536 0.026751 -0.013441 0.012296 0.014413 0.016084 -0.02058 0.016417 0.022936 0.024736 0.50185 0.051962 0.51375 0.15478 0.012197 0.019082 0.013221 0.019505 -0.0097875 0.01518 0.0097875 0.01518 -0.025972 0.046265 0.025972 0.046265 0.070563 0.0062516 0.074659 0.011903 -0.00051461 -0.00018638 0.00061373 0.00031516
-0.00045972 -0.00039857 0.00050356 0.00039857 -0.060119 -0.044932 0.069356 0.048958 0.050501 0.045516 0.060699 0.060628 0.00065372 0.0012097 0.0049945 0.0039983 -0.11486 -0.048971 0.11486 0.048971 0.23322 0.086844 0.43619 0.21953 0.13639 -0.073689 0.28424 0.17859 0.0080136 -0.015318 0.016403 0.046497 -0.080397 -0.030075 0.080488 0.030218 0.21107 -0.21238 0.24972 0.2152 0.26988 -0.056236 0.36787 0.26273 -0.0079361 0.0075417 0.018655 0.052598 -0.005746 -0.0014565 0.005746 0.0015046 -0.0026238 -0.0016924 0.0044368 0.0030783 0.059281 -0.0090336 0.059817 0.012103 -0.00036085 0.00048884 0.0012292 0.0028395
0 0 0 0 -0.051371 -0.045106 0.060867 0.051832 0.0051318 0.039477 0.032717 0.071075 0.00054997 0.0051097 0.0051258 0.0060209 -0.0012476 -0.00065297 0.0013616 0.0023642 0.023034 0.074914 0.48454 0.20252 -0.0409 0.10011 0.24924 0.16431 -0.0044818 -0.0072997 0.029203 0.016877 0.00054881 0.00093022 0.00054881 0.0013483 -0.1491 0.071703 0.44435 0.31188 -0.037662 -0.26585 0.21671 0.35187 -0.010585 -0.025526 0.024502 0.053053 1.5873e-06 1.5873e-06 1.5873e-06 1.5873e-06 -0.0093667 0.01362 0.0093667 0.01362 -0.031649 0.11221 0.031699 0.11221 -0.0036307 0.011284 0.0037207 0.011462
0 0 0 0 -0.0070263 -0.0095403 0.0070263 0.0095403 0.0039827 -0.036981 0.0059558 0.03712 0.00013627 4.08e-05 0.00013627 4.08e-05 -0.0141 -0.011389 0.0141 0.011389 -0.039092 -0.17477 0.47032 0.39321 0.022452 -0.052942 0.35103 0.19345 0.035316 -0.0068537 0.035316 0.0077104 -0.098609 -0.020784 0.10052 0.053255 0.25511 0.022226 0.3154 0.21355 -0.11174 -0.051415 0.33658 0.214 0.068524 -0.0095846 0.068524 0.012588 -0.0001582 -0.00095833 0.001942 0.0019035 -0.0063664 0.018428 0.019478 0.022015 -0.019318 0.019091 0.038732 0.021648 0.011367 -0.0019814 0.011367 0.0031967
-0.0049964 0.0021096 0.0092519 0.0035418 0.01189 -0.00020138 0.019091 0.02361 0.015757 -0.013022 0.019293 0.014167 0.00038006 0.00018459 0.0013726 0.00030826 -0.020455 -0.057634 0.032379 0.066711 0.27189 -0.034178 0.29726 0.28456 0.11008 0.050361 0.21124 0.086837 0.0023786 -5.283e-05 0.0052844 0.0026421 -0.037309 0.083951 0.037309 0.085277 0.41509 0.16403 0.52095 0.39898 -0.076215 -0.028718 0.12286 0.060145 0.008322 -0.0081305 0.016404 0.033744 0 0 0 0 -0.0055984 0.0060314 0.0055984 0.0060314 -0.0071796 0.039327 0.014166 0.039327 0.0015747 0.0038773 0.0015992 0.0038773
0.00035916 -0.0025975 0.0019 0.0044839 -0.030959 -0.0021561 0.039304 0.016847 0.053948 -0.026359 0.053948 0.026395 0 0 0 0 -0.0039111 0.0039396 0.015428 0.020353 -0.24744 -0.044014 0.28684 0.12544 0.37565 -0.041853 0.42533 0.071499 0.00059405 4.2229e-05 0.00074706 0.00046948 -0.0023799 -0.008331 0.015348 0.022916 -0.22498 -0.036554 0.25156 0.22363 0.3958 0.034939 0.40192 0.068358 0.00018623 3.3219e-05 0.00018623 0.00012362 0.00064098 0.00076182 0.0017399 0.0035172 -0.018902 -0.0014641 0.030826 0.011119 0.058985 -0.017972 0.058985 0.01801 5.1624e-05 -2.6599e-05 5.1624e-05 7.6704e-05
-0.010919 0.0056803 0.010923 0.0056803 0.023518 0.069492 0.068266 0.074044 0.032117 0.024209 0.037193 0.035316 0.0013939 -0.00048546 0.0020786 0.0047931 -0.1334 0.0076968 0.1334 0.01557 0.35952 -0.093027 0.39324 0.18847 0.049214 0.086316 0.13914 0.1551 -0.0093416 -0.0089693 0.022732 0.067468 -0.14324 0.026796 0.14332 0.026824 0.36083 0.025151 0.42274 0.13331 0.031757 -0.095601 0.22302 0.33765 -0.012679 0.018119 0.019768 0.040607 -0.0031247 0.0018386 0.0031285 0.0018659 0.0015022 0.015684 0.086998 0.041924 0.020863 -0.010992 0.021221 0.023071 -0.0031001 0.00044211 0.0032753 0.0042716
-0.0019165 -0.0025219 0.0053531 0.0030321 -0.021226 -0.013836 0.023902 0.014422 0.062538 0.015357 0.064905 0.016698 -7.3856e-05 -2.5089e-05 0.00080346 0.00043595 -0.077991 -0.015254 0.083439 0.02625 0.35124 0.013509 0.45137 0.16024 0.16454 0.02703 0.19999 0.11858 -0.0019215 -0.018203 0.0035754 0.020501 -0.087847 -0.012374 0.087847 0.012408 0.45456 -0.089516 0.48349 0.14041 0.051253 -0.094689 0.12014 0.13597 -0.0093483 -0.0029961 0.011519 0.0065611 -0.005911 0.00026086 0.0092863 0.0037015 0.045867 0.031116 0.068867 0.044164 0.012123 -0.01442 0.018278 0.032964 -0.00095009 -7.0477e-06 0.0016216 0.0015966
-0.0023263 -0.010953 0.0023467 0.010953 0.012969 -0.053614 0.01391 0.053722 0.0010686 0.00047759 0.0010805 0.00048951 0 0 0 0 0.026994 0.0083252 0.046813 0.041529 -0.0062123 -0.077993 0.43633 0.25785 0.24883 -0.052545 0.24883 0.052545 0 0 0 0 0.014086 -0.0024827 0.024028 0.039734 -0.0049029 -0.11083 0.56353 0.22976 0.31225 0.024333 0.31225 0.041795 0 0 0 0 0.0021089 0.0013646 0.0026412 0.0016626 -0.016831 0.020294 0.067909 0.029716 0.061431 -0.014657 0.061431 0.015212 0 0 0 0
-0.012696 -0.014175 0.012696 0.014175 0.051382 0.035403 0.072339 0.067417 0.0078967 0.0079574 0.027313 0.0481 -0.0043481 -0.0030667 0.0080205 0.0059147 -0.011265 -0.013228 0.015092 0.014039 0.36313 -0.004699 0.52914 0.14328 0.038623 0.11105 0.17995 0.33868 -0.03658 -0.011535 0.038027 0.031283 -0.010168 0.049088 0.013911 0.052856 0.30178 0.045657 0.31224 0.195 -0.05229 -0.15383 0.11112 0.31221 -0.038164 -0.041732 0.06876 0.063371 -0.0056246 0.00097218 0.0056765 0.0017473 0.013771 0.0009955 0.025455 0.0094348 -0.0039163 0.0070356 0.021229 0.01391 -0.010116 0.0064093 0.011294 0.0066602
-0.015812 -0.0013519 0.015813 0.0017115 -0.011282 -0.017887 0.020838 0.018691 0.072388 0.023263 0.074112 0.026692 -0.00039766 -0.0016491 0.00044616 0.001888 -0.10347 -0.023848 0.10347 0.023902 0.026125 -0.014183 0.14285 0.075419 0.4202 -0.12335 0.4531 0.17529 -0.005509 -0.0032444 0.0055994 0.0081513 -0.042132 -0.017887 0.067107 0.031647 0.020305 0.22198 0.26492 0.32896 0.30253 0.029381 0.31792 0.27079 0.00035093 -0.010591 0.013673 0.013965 0.008482 0.0024255 0.0096601 0.0047866 0.012129 0.019258 0.015325 0.032641 -0.0062792 0.037252 0.013661 0.046714 -0.00066314 -3.9568e-05 0.0025429 0.0025572
0.00050017 -0.0018986 0.0024584 0.0020579 -0.030173 0.0010298 0.033431 0.012274 0.063467 -0.017278 0.063824 0.022634 0.0001158 -4.0465e-05 0.0001158 6.6385e-05 0.00134 0.012324 0.018429 0.026913 -0.21771 -0.069601 0.23401 0.10092 0.39157 -0.071397 0.43806 0.10386 0.00042961 -0.00015877 0.00098468 0.00059736 -0.011145 -0.012967 0.011483 0.014238 -0.21216 0.042866 0.23032 0.096137 0.42373 0.040054 0.45368 0.055325 0.0020783 -3.4646e-05 0.0020783 0.00085404 -0.00063541 -0.0017264 0.0043838 0.0030698 -0.025833 -0.0022391 0.045639 0.038609 0.048953 -0.0023269 0.052519 0.011553 0.00023562 1.4375e-05 0.00023562 0.00017636
0.0018428 -0.0036994 0.0070898 0.0051227 7.3223e-06 -0.011629 0.029065 0.016605 -0.024313 -0.0062338 0.029675 0.023732 -0.00074637 -0.0053232 0.0069597 0.0054989 -0.06031 0.050591 0.06031 0.051764 0.16638 0.026379 0.41359 0.37113 -0.051721 0.079948 0.16908 0.27282 -0.022648 0.023696 0.0715 0.033577 -0.00050417 0.00050417 0.00050417 0.00050417 -0.06398 0.054587 0.60618 0.24656 0.0072952 -0.026513 0.16091 0.19483 -0.0095377 0.020302 0.11273 0.033138 0 0 0 0 -0.030258 0.042135 0.030258 0.042135 0.0046988 0.025472 0.019299 0.081249 0.0050381 0.0060069 0.0050381 0.0060069
-0.014798 0.0069747 0.014798 0.0069955 0.049897 -0.0026601 0.061125 0.030403 0.0079995 0.02745 0.022113 0.052737 -0.0063709 0.0047158 0.006406 0.005193 -0.13484 0.012094 0.13484 0.012287 0.301 0.071049 0.43437 0.28021 -0.016828 0.030743 0.13955 0.23906 -0.0089844 0.0035344 0.039133 0.041211 -0.090195 0.017122 0.090248 0.017153 0.20071 0.030166 0.49794 0.21153 0.016762 0.0062623 0.2119 0.29863 -0.024563 -0.015972 0.050439 0.052747 -0.00017589 2.5644e-05 0.00017589 2.5644e-05 -0.021481 0.026235 0.071035 0.065103 0.0061704 -0.030696 0.021958 0.062445 -0.0024346 0.0013431 0.011892 0.011747
-0.0027857 0.00081514 0.0038062 0.0028518 -0.021396 0.00039601 0.023038 0.007652 0.0698 -0.0070824 0.070173 0.0082352 7.4185e-05 -1.6726e-05 0.00011996 7.086e-05 -0.0047527 0.012572 0.012573 0.014303 -0.20257 0.07395 0.23751 0.085185 0.44322 0.025951 0.45803 0.056111 0.00076168 -0.00021592 0.00085922 0.00083578 -0.027591 -0.018503 0.033538 0.02864 -0.17263 0.061386 0.28003 0.1448 0.3867 -0.013273 0.40712 0.074437 0.00065021 -1.9685e-05 0.0012009 0.001588 -0.00021735 0.0022127 0.0030192 0.0026606 -0.037334 0.012484 0.04418 0.02001 0.056668 0.010264 0.062162 0.011068 0.0001047 2.8144e-06 0.00011568 3.934e-05
-0.0070326 -0.00084821 0.0070326 0.0010244 -0.014742 -0.017015 0.037223 0.01989 0.037524 0.004532 0.042063 0.0077948 0.00057779 -0.00043864 0.0010259 0.0011018 -0.085964 0.0052475 0.085964 0.0069663 0.16864 -0.050675 0.49109 0.18052 0.1571 0.019788 0.18813 0.10464 -0.0016933 -0.0041223 0.0054659 0.0078232 -0.089305 -0.0077354 0.089305 0.0088287 0.315 -0.089378 0.63992 0.12698 -0.01369 -0.10208 0.096915 0.13078 0.00065586 -0.024106 0.022615 0.024635 -0.015035 -0.0078242 0.015515 0.008525 0.027471 0.06311 0.053414 0.067561 0.00032126 -0.01103 0.016656 0.047253 -0.0029182 -0.0040329 0.0060782 0.0043702
-0.001478 0.00072922 0.0016179 0.0014629 -0.027397 0.036029 0.038003 0.043255 0.02834 -0.013676 0.034897 0.014388 0.0026425 -0.0014004 0.0026425 0.0014004 -0.015301 -0.023855 0.015318 0.023961 0.15948 0.019731 0.40325 0.11845 -0.26189 0.17198 0.46014 0.18768 0.082979 0.0021988 0.082979 0.012679 -0.0042165 0.011417 0.0086937 0.022044 0.18107 -0.061753 0.31232 0.14764 -0.093225 -0.054344 0.46528 0.16204 0.016359 0.0073749 0.016359 0.0073749 -0.0031076 -0.0061606 0.0031942 0.0075528 -0.012473 -0.036026 0.070207 0.045191 0.06201 0.017439 0.06201 0.02908 7.1613e-05 0.00011554 7.1613e-05 0.00011554
-0.0034024 0.01004 0.0041047 0.010111 0.067566 -0.0013449 0.10296 0.039147 0.0059531 -0.0022349 0.0059531 0.0022349 0 0 0 0 0.0023474 0.010736 0.021805 0.028886 0.012016 0.071074 0.59984 0.18076 0.29442 -0.037285 0.29442 0.039803 0 0 0 0 0.02264 -0.027476 0.033035 0.044423 -0.0093461 0.12333 0.43164 0.27976 0.23819 0.050165 0.23819 0.050672 0 0 0 0 -0.0014738 0.012639 0.0015038 0.012639 0.024425 0.039977 0.024875 0.040427 0.00084274 -0.00045686 0.00085493 0.00045686 0 0 0 0
0.013427 -0.0055689 0.013506 0.0055754 0.0058926 -0.0252 0.029779 0.025227 0.0051226 0.003052 0.0079857 0.006225 -0.001584 -0.00024866 0.0016604 0.00075902 -0.00039935 -0.0086294 0.018537 0.012371 0.46402 -0.11586 0.48834 0.15934 -0.034307 -0.069134 0.068956 0.086949 0.0010993 0.00014886 0.0093193 0.011251 -0.013955 0.025016 0.027853 0.041238 0.34994 -0.035613 0.46646 0.19865 -0.024799 -0.14069 0.093835 0.24122 0.011879 -0.018743 0.012443 0.020908 0.00023352 0.0039563 0.0069289 0.011088 0.015014 0.055454 0.042489 0.056459 0.0047659 0.044374 0.010767 0.048153 -0.00095744 0.0074728 0.0013437 0.0075651
0.0020531 -0.0011337 0.0023287 0.0017057 0.0037391 -0.0086287 0.017269 0.020666 0.052733 -0.0076574 0.053253 0.015314 0.00016012 -6.2328e-05 0.00018534 8.3535e-05 -0.0090741 0.025093 0.022733 0.074954 0.25162 0.12724 0.28688 0.29388 0.17099 0.11039 0.17263 0.1112 0.0012277 0.00025665 0.0012277 0.00025665 -0.011911 -0.016709 0.015912 0.040877 0.38533 -0.16366 0.54162 0.40534 0.063128 -0.035065 0.063128 0.035065 0 0 0 0 -0.00025502 0.0045401 0.00054605 0.0045455 -0.0040697 0.025594 0.041607 0.030089 0.052014 -0.009873 0.052014 0.010641 2.9434e-06 -2.9434e-06 2.9434e-06 2.9434e-06
0.0018691 -0.0042541 0.0032364 0.0047729 0.02897 -0.057851 0.030748 0.060273 0.022089 0.0025666 0.022952 0.0065659 0 0 0 0 -0.0085029 0.022132 0.026696 0.051229 0.3323 0.16242 0.36726 0.20785 0.12629 0.040516 0.12629 0.049654 0 0 0 0 -0.0093335 2.7851e-05 0.013581 0.046478 0.38822 -0.12952 0.55879 0.36516 0.06277 -0.030526 0.06277 0.031341 0 0 0 0 -7.8635e-05 0.0017662 0.00038584 0.00202 -0.01981 -0.0022197 0.028027 0.021119 0.05516 -0.033507 0.05516 0.034352 1.5239e-05 -1.5239e-05 1.5239e-05 1.5239e-05
-0.0012804 -0.00039394 0.0013925 0.00042689 -0.0096427 -0.0068899 0.015491 0.0069879 0.022585 0.0072521 0.046582 0.015803 0.0017858 0.00046085 0.0018361 0.00067624 -0.00082754 -0.0172 0.016649 0.02412 -0.038834 0.020514 0.10391 0.093957 0.2387 0.048768 0.45171 0.09612 0.0091696 -0.008079 0.01141 0.0091427 -0.030775 0.021361 0.031655 0.021361 0.17101 0.12793 0.48935 0.40596 0.0083389 0.15763 0.40099 0.23933 -0.00084422 -0.0070637 0.013358 0.0091227 -0.0071384 0.0035831 0.0082986 0.0036869 0.029808 -0.0011373 0.033572 0.017418 0.0018728 0.0066112 0.036974 0.030584 -0.0013332 0.0016086 0.0018585 0.0018986
-0.0006176 0.00099377 0.00072996 0.0012066 -0.0018376 0.0035691 0.0064951 0.013542 0.016473 0.0016604 0.018161 0.0066572 8.7054e-05 2.3393e-05 8.7054e-05 8.7054e-05 0.014963 -0.042366 0.016129 0.046733 0.060054 -0.28269 0.1154 0.42313 0.28808 -0.14238 0.29527 0.15829 0.0013711 -0.00068081 0.0013711 0.00068081 0.017879 0.001658 0.022002 0.043579 0.026412 0.039146 0.066181 0.15833 0.45327 0.11921 0.45697 0.11921 0.002043 0.00045133 0.002043 0.00045133 -0.0024505 -0.00036187 0.0040814 0.0055049 0.018006 -0.049899 0.044413 0.11753 0.051239 -0.028749 0.055091 0.032184 3.6866e-05 -5.7199e-05 3.6866e-05 5.7199e-05
-0.0011735 0.00097173 0.0029838 0.0016263 0.0010675 0.013932 0.012539 0.018429 -0.028048 0.028655 0.04373 0.038451 0.0043344 -0.0018306 0.0043585 0.0044667 -0.0011232 -0.018673 0.049791 0.027474 0.14652 -0.01389 0.57729 0.23849 -0.19889 0.067332 0.2379 0.071677 0.023709 0.0021228 0.024902 0.0069644 -0.027923 0.0090785 0.043844 0.024952 0.17127 0.00061052 0.47345 0.21264 -0.18838 -0.15882 0.20994 0.16103 0.0024097 -0.018072 0.0085839 0.018526 0.0044367 -0.011216 0.0045397 0.011258 -0.038795 -0.075726 0.04382 0.077239 -0.019478 -0.10273 0.023109 0.10464 0.0014723 -0.013546 0.001901 0.013639
-0.0015107 0.0016008 0.0018756 0.0016659 -0.02659 0.010706 0.033124 0.011495 0.067286 -0.0040226 0.070928 0.0084936 0.00021174 4.4773e-05 0.00021681 0.00028945 -0.031835 -0.014162 0.045278 0.036152 -0.14498 0.080896 0.2745 0.1389 0.38493 -0.032394 0.41853 0.06531 0.00078515 -5.6825e-05 0.0014979 0.0010791 0.0074083 0.019453 0.021671 0.036226 -0.27649 0.087589 0.29381 0.10518 0.37663 0.048215 0.43448 0.071488 0.0011358 0.00011972 0.001182 0.0010373 -0.00082231 0.000128 0.0009181 0.00064166 -0.033236 -0.012815 0.03766 0.016888 0.055518 0.023084 0.06168 0.025981 8.4159e-05 3.1354e-05 0.00012638 0.00016636
-0.0012565 0.00049116 0.0024703 0.0015022 0.01328 -0.00056715 0.018724 0.0035617 0.068391 -0.0029471 0.068391 0.006404 0.00022773 7.8631e-05 0.00022773 0.00024893 -0.033534 0.0041687 0.033658 0.010171 0.094081 0.021817 0.099088 0.035082 0.48215 -0.035452 0.48215 0.064821 0.00074773 -0.0005726 0.00074773 0.00075154 -0.027266 0.0017515 0.031438 0.0090778 0.14189 0.06682 0.15269 0.084911 0.33844 0.011677 0.52753 0.20634 0.001844 0.00031679 0.0020166 0.0014513 -0.00034815 0.0010362 0.0025959 0.0015686 0.020573 0.01736 0.030546 0.017667 0.023582 -0.00042229 0.040837 0.013594 0.0021463 -0.00077687 0.0021566 0.00079211
-0.0062206 0.0021765 0.0081216 0.0040979 0.059454 -0.031321 0.066549 0.033057 0.0033197 -0.0027971 0.0033197 0.0027971 0 0 0 0 -0.031683 0.0033299 0.031822 0.018197 -0.05283 0.087848 0.21443 0.16298 0.41077 -0.10998 0.41077 0.10998 0 0 0 0 -0.0091324 -0.0086565 0.011252 0.0208 -0.12294 0.050366 0.4339 0.15509 0.37876 0.090979 0.37876 0.092426 0 0 0 0 -0.0038573 -0.0045131 0.0039858 0.0055525 0.0431 -0.0013798 0.066614 0.037104 0.014958 0.0073974 0.014958 0.0073974 0 0 0 0
0.0019292 -0.0068074 0.0026142 0.0070864 0.017437 -0.033713 0.021404 0.034906 0.016428 0.0070677 0.020025 0.0072957 0 0 0 0 -0.0084885 0.029232 0.015631 0.05087 0.38127 0.12916 0.42283 0.28557 0.061363 0.022436 0.061363 0.02558 0 0 0 0 -0.0037568 -0.00032978 0.0066983 0.05237 0.37173 -0.10257 0.53917 0.32588 0.021047 -0.013233 0.021047 0.013233 0 0 0 0 -0.00036231 7.7362e-05 0.00053527 0.0017019 -0.0079229 -0.018133 0.064884 0.032964 0.046532 -0.026172 0.046629 0.028546 0 0 0 0
-0.0028575 0.00066518 0.0029971 0.0017636 -0.01627 0.022408 0.06411 0.044384 0.04765 -0.002556 0.055233 0.015689 0 0 0 0 -0.0042688 -0.0019781 0.026248 0.032288 -0.043092 -0.15193 0.28654 0.22222 0.27435 -0.071563 0.54892 0.081069 0 0 0 0 -0.010519 -0.016536 0.025909 0.029669 -0.052956 0.010726 0.16502 0.18818 0.38896 0.10999 0.41261 0.17876 0 0 0 0 0.0010524 0.0041775 0.0020961 0.0042397 0.019584 0.055181 0.022236 0.058305 0.010184 0.0044664 0.01864 0.013255 0.0013325 -0.00075708 0.0013325 0.00075708
0.0023699 -0.0077002 0.0024256 0.0077272 0.013607 -0.025153 0.018426 0.033698 0.0050492 0.0087376 0.0071156 0.019894 0.0022418 0.0016834 0.0022418 0.0021456 -0.00034589 0.0016359 0.0019895 0.0026487 0.37931 0.1028 0.38969 0.1599 0.015097 0.16629 0.080671 0.1668 0.010269 0.015838 0.011622 0.017575 -0.0017812 -3.7902e-06 0.0019176 0.001566 0.5269 -0.077309 0.5327 0.12499 0.0061775 0.038014 0.020651 0.044261 0.00058605 0.0017099 0.0040098 0.0046393 -0.00057303 0.0014397 0.00059163 0.001489 0.085748 -0.0065053 0.087126 0.014116 -0.0012706 -0.00063827 0.0015363 0.0016722 -0.00036481 -5.2766e-05 0.00069343 0.00027684
-0.0015127 -0.00079887 0.0015127 0.00079887 -0.0090429 -0.02356 0.07976 0.025909 0.0031279 -0.011588 0.096914 0.030277 0.0012536 -0.0012558 0.0015537 0.0036103 -0.053606 -0.0033114 0.053606 0.0038368 -0.11678 -0.031337 0.31633 0.060125 0.28927 -0.050662 0.36562 0.18889 0.0013682 0.022113 0.0051917 0.022327 -0.079739 -0.0040585 0.079739 0.0085498 -0.19535 0.046824 0.26572 0.24198 0.40998 0.055073 0.42277 0.2102 0.002109 -0.0061093 0.0040975 0.012328 -0.011485 0.00086376 0.011485 0.0010796 -0.054231 -0.01092 0.058132 0.035945 0.081268 -0.038395 0.0831 0.040196 -0.00028805 9.3877e-06 0.0012883 0.0017196
-0.003936 -0.0038251 0.0039544 0.0038312 -0.0047033 -0.037645 0.084274 0.075995 0.01482 0.0065936 0.029017 0.055868 -0.0019285 -0.0016291 0.012839 0.0079385 -0.059285 -0.054543 0.076725 0.06467 0.24822 0.10453 0.36779 0.30121 0.044671 0.0093934 0.1976 0.22261 -0.059393 -0.013182 0.094319 0.027006 -0.0071164 -0.014146 0.016597 0.014251 0.26022 -0.062762 0.3804 0.35395 -0.044705 -0.12219 0.17827 0.39089 -0.02505 -0.016605 0.076907 0.059056 0.00052052 0.007883 0.002057 0.0080863 0.033349 0.016799 0.037207 0.021526 -0.021665 0.035991 0.036128 0.037132 -0.00063754 0.0034288 0.0050881 0.004736
-0.004203 -0.0041478 0.004203 0.0041478 -0.058294 -0.065717 0.058951 0.072799 0.053653 0.044207 0.060712 0.058111 -0.00055288 0.0032829 0.0028416 0.0066313 -0.071841 -0.059449 0.071841 0.059449 0.11725 -0.062341 0.17482 0.1 0.35622 0.039919 0.51729 0.21645 0.013976 -0.013686 0.034616 0.062058 -0.0094036 -0.0081672 0.0098142 0.0084721 0.16263 0.052858 0.19168 0.086103 0.40525 -0.044934 0.40875 0.14373 -0.013216 0.0038725 0.019998 0.048473 0.0014788 0.021088 0.0022937 0.021135 0.0038352 0.081449 0.038525 0.082982 0.012605 0.01228 0.020626 0.014317 -0.0010274 0.0043164 0.0022718 0.0044043
-4.3033e-05 -0.00023505 0.00082657 0.00098045 -0.012109 0.008113 0.013233 0.0085946 0.003137 0.025626 0.053317 0.028308 0.0033171 0.0011967 0.0033171 0.001303 -0.0029431 -0.0024188 0.005972 0.010514 -0.17343 -0.16679 0.19447 0.17466 0.22568 -0.10218 0.55023 0.15934 0.0029958 0.0010043 0.0029958 0.0023164 0.0074646 -0.015442 0.015051 0.031141 -0.25619 0.026954 0.26054 0.18752 0.34287 0.032029 0.40077 0.15435 0.0030307 -0.00066646 0.0032198 0.0016663 -0.0017155 0.0079865 0.0020601 0.0081684 -0.0051774 0.033997 0.015741 0.034115 0.019131 0.016556 0.040691 0.01752 0.0007525 -0.0001292 0.0007525 0.00042423
0.0016179 0.0016575 0.0020372 0.0027608 0.0050625 0.010322 0.097859 0.032891 0.048124 -0.024255 0.048124 0.025729 0 0 0 0 -0.0016453 0.0042855 0.0031457 0.014226 -0.15817 0.031617 0.28777 0.17865 0.35452 -0.035275 0.40347 0.069386 0 0 0 0 -0.0032359 -0.019679 0.0049841 0.021031 -0.20805 0.070022 0.36477 0.12405 0.39236 0.0076292 0.42915 0.036915 0 0 0 0 -0.0014636 0.0010531 0.0021764 0.0042371 -0.010832 0.0023771 0.053307 0.025467 0.047823 0.027654 0.05748 0.027654 0 0 0 0
-0.00056999 0.0041041 0.0020915 0.005504 -0.014494 0.021617 0.017389 0.052928 0.050154 0.010145 0.051318 0.026733 0.00012125 0.00010176 0.00012125 0.00012642 0.0014326 -0.0016992 0.0083371 0.010753 -0.17159 -0.0046512 0.18696 0.15549 0.34193 -0.048153 0.37568 0.11788 0 0 0 0 -0.01756 -0.036973 0.029052 0.038798 0.063999 -0.29958 0.19098 0.50547 0.24747 0.11241 0.30882 0.13904 0 0 0 0 -0.0087836 0.0010964 0.011599 0.00684 0.11167 0.043343 0.16529 0.075463 0.019846 0.012564 0.019846 0.012564 0 0 0 0
4.81e-05 0.0029731 0.0021276 0.0030953 -2.9496e-05 0.0059811 0.0025852 0.006368 0.071322 -0.010432 0.071995 0.012974 0.00092198 -0.00021517 0.00092198 0.00024398 -0.019701 0.018224 0.02821 0.037817 -0.14974 0.026883 0.16863 0.078017 0.45184 -0.018097 0.45785 0.066011 0.0089308 0.00017149 0.009035 0.0019456 -0.017883 0.016018 0.021763 0.01832 -0.1776 0.036498 0.19826 0.073766 0.44706 0.03186 0.45951 0.090292 0.0038289 0.0012646 0.0039991 0.0022747 -0.0015574 -0.00081554 0.0023379 0.0024359 -0.033121 0.006537 0.042619 0.014684 0.059575 0.0021106 0.063729 0.0076279 0.00039638 -2.8394e-05 0.00041561 0.00016314
-0.0014613 -0.00037359 0.0016418 0.004348 0.015975 -0.020172 0.026832 0.040122 0.04703 -0.029222 0.052467 0.031585 9.3099e-05 -0.00020148 0.00010497 0.00026039 -0.00088716 0.013909 0.0052322 0.016136 -0.22769 0.096617 0.34183 0.17117 0.48254 -0.059013 0.50486 0.14029 0.0030898 -0.00091168 0.0030898 0.0013747 -0.0043958 0.01061 0.0045367 0.010629 -0.11481 0.088322 0.1667 0.12647 0.26507 0.064511 0.32894 0.1356 0.0013935 0.00042296 0.0018974 0.0019541 -0.00043172 0.00080115 0.00044785 0.0012407 -0.032062 -0.0012191 0.032808 0.011596 0.036441 -0.014724 0.037077 0.014889 0.0021847 -0.0011843 0.002354 0.0011974
0 0 0 0 -0.00084101 -0.00016404 0.00084101 0.00016404 0.00027322 0.00023066 0.00168 0.00042744 6.1208e-06 3.2641e-06 6.1208e-06 3.2641e-06 -0.015576 -0.012588 0.015576 0.012588 0.0023894 -0.20071 0.30458 0.42894 0.024832 -0.1573 0.31402 0.39508 0.0059094 -0.0055534 0.0059094 0.0055534 -0.082289 -0.051458 0.08611 0.051458 0.2033 0.062791 0.26418 0.2442 -0.16653 -0.0070287 0.34069 0.1934 0.086761 -0.014461 0.086761 0.014502 -0.0044546 -0.0010112 0.0051086 0.0022073 0.033306 -0.024999 0.040735 0.033375 -0.034323 -0.020119 0.041355 0.052587 0.012813 -0.0067301 0.012993 0.0071463
-0.002111 0.00047095 0.0038137 0.0046774 0.028426 -0.016686 0.079896 0.021742 0.013032 -0.0046197 0.013032 0.0046197 0 0 0 0 -0.0079895 -0.0029928 0.019165 0.021804 0.22259 0.071321 0.62823 0.18252 0.097153 0.016647 0.097153 0.018559 0 0 0 0 -0.052378 -0.0084057 0.057971 0.036177 0.35952 -0.17618 0.48735 0.21016 0.11735 -0.029734 0.11735 0.029734 0 0 0 0 0.00087543 0.0016851 0.0014216 0.001883 -0.0050849 0.018183 0.057161 0.022548 0.049284 -0.019288 0.049354 0.021222 0 0 0 0
-0.0064784 0.00040866 0.0064794 0.00076862 -0.021224 0.0093681 0.04093 0.01678 0.021265 0.0092086 0.034604 0.01284 -0.00029715 -0.0032455 0.0045524 0.0034026 -0.014434 0.004299 0.014461 0.0043391 -0.16874 0.020065 0.47652 0.12831 0.1842 0.081478 0.22443 0.097932 -0.0071871 0.018301 0.033318 0.030018 -0.0027917 -0.00032889 0.0028433 0.0015674 -0.36192 0.17335 0.48818 0.19496 0.28361 -0.036183 0.28393 0.081892 0.0033561 0.0034741 0.0051484 0.0057614 -0.00013839 8.3265e-05 0.00017257 0.00014364 -0.067763 0.032353 0.067806 0.03239 0.012542 -0.013637 0.027827 0.025199 0.0050474 -0.0056377 0.0050835 0.005799
-0.014486 0.00047656 0.014618 0.0024763 0.038894 -0.00086692 0.072581 0.030993 0.082945 -0.023908 0.082945 0.024187 0 0 0 0 -0.057621 0.0066156 0.077835 0.014038 0.3047 0.11317 0.36594 0.13045 0.30802 0.017286 0.39481 0.19482 0.0011224 -0.00023695 0.0011661 0.00069281 -0.056335 0.01905 0.059899 0.019653 0.2505 0.039749 0.29726 0.14676 0.25095 -0.065285 0.39833 0.091114 0.002105 -1.5171e-05 0.0022321 0.00089407 -0.0026085 -0.00019079 0.004502 0.002209 0.0016625 0.0086333 0.0086252 0.019243 0.045292 0.015455 0.047079 0.026162 0.00015267 0.00010903 0.00015267 0.00010903
-0.0035461 -0.0081351 0.0051251 0.0082253 0.058574 -0.037168 0.090184 0.037713 0.0075697 -0.0045634 0.0075697 0.0045634 0 0 0 0 -0.036045 0.033453 0.042014 0.03936 0.12148 0.13016 0.31707 0.18458 0.37258 -0.030878 0.37258 0.031496 0 0 0 0 -0.0079783 -0.004383 0.018612 0.029109 -0.058346 0.065022 0.50947 0.12205 0.34493 0.032557 0.34493 0.033471 0 0 0 0 0.0038993 -0.0030969 0.0045657 0.0071648 0.021857 0.02486 0.087229 0.0337 0.010131 0.0050817 0.010131 0.0054395 0 0 0 0
-0.00031662 0.00057484 0.0018015 0.00099243 0.040316 -0.018934 0.043546 0.019898 0.031211 -0.0098862 0.031249 0.010274 0 0 0 0 -0.057735 0.030399 0.083298 0.033747 0.0089144 0.033602 0.077564 0.054487 0.46986 -0.072127 0.46986 0.074416 0 0 0 0 -0.06216 0.0099119 0.10416 0.019004 -0.10537 0.085122 0.20251 0.10627 0.45219 0.073655 0.4543 0.10387 0 0 0 0 -0.0053213 -0.0037226 0.0094075 0.0040784 0.028386 0.0039926 0.05614 0.018529 0.024982 0.0075506 0.025463 0.0076304 0 0 0 0
-0.001892 0.0048648 0.0019963 0.0080495 0.00077883 -0.0015966 0.034993 0.050053 0.034766 0.053197 0.035435 0.056113 0.0010156 0.00054055 0.0010827 0.00063445 -0.0023198 -0.00063896 0.00521 0.035338 0.070018 -0.023758 0.27593 0.31204 0.37492 -0.0056951 0.37538 0.086798 4.8714e-05 0.00067701 0.00052129 0.00081826 -0.0085842 0.017988 0.0087354 0.018074 -0.11095 0.1144 0.28703 0.14577 0.43575 0.01257 0.43683 0.030263 0 0 0 0 -0.00042687 -0.00060274 0.00068541 0.00093003 -0.0011555 -0.015678 0.051497 0.018491 0.040852 -0.011023 0.040852 0.011154 1.139e-05 -8.9844e-06 1.4662e-05 8.9844e-06
-0.00090104 0.001389 0.0030028 0.0036802 0.0089003 -0.012865 0.070619 0.02036 0.042604 -0.00028376 0.042744 0.0045753 0 0 0 0 -0.0031404 -0.015099 0.027353 0.025476 0.2734 0.079672 0.59295 0.20156 0.11414 0.020651 0.11414 0.025607 0 0 0 0 -0.034513 -0.021934 0.052113 0.042203 0.37521 -0.14444 0.46169 0.15489 0.18754 -0.037152 0.18754 0.040226 0 0 0 0 -0.0062176 0.006712 0.0068089 0.006851 0.0099854 0.003077 0.036908 0.011165 0.061812 -0.019948 0.061812 0.021477 3.8229e-06 -6.7906e-06 3.8229e-06 6.7906e-06
0.0017167 -0.0022594 0.0024574 0.0030339 0.013099 -0.035536 0.0192 0.037147 0.041697 -0.040104 0.042494 0.041936 0.003083 0.0020369 0.0034688 0.0020788 0.0060288 0.00034455 0.0071872 0.05079 -0.08724 -0.0077256 0.10339 0.3082 0.3466 0.0521 0.41002 0.26612 0.0025049 0.0013061 0.0025049 0.0013974 -0.0033629 0.038571 0.0050352 0.039939 -0.050183 0.25243 0.052249 0.26187 0.22262 0.032346 0.5242 0.19343 7.9233e-05 -7.9233e-05 7.9233e-05 7.9233e-05 0.0004943 -0.0018079 0.0010612 0.0028096 -0.0089146 -0.0088981 0.011715 0.024108 0.0080418 -0.0075907 0.078073 0.038106 0.0015058 -0.00052521 0.0015058 0.00064642
-0.00018479 -9.4453e-05 0.00018479 9.4453e-05 -0.036491 -0.057964 0.03658 0.057978 -0.01497 -0.014519 0.047905 0.070084 0.00042558 0.0086271 0.0012895 0.010242 -0.0093751 -0.0043187 0.0093988 0.0047266 -0.085778 -0.11923 0.53225 0.21873 0.20592 0.12492 0.20619 0.13994 -0.0069116 -0.004604 0.0089195 0.012555 -0.077752 -0.011646 0.07776 0.013069 0.20027 -0.058175 0.49459 0.15232 0.024786 -0.14846 0.21925 0.32032 -0.0051573 0.0010873 0.028825 0.016003 -0.019752 -0.0029717 0.019752 0.0033674 0.049764 -0.010427 0.067715 0.014856 0.010384 0.021546 0.035194 0.034741 0.00060793 -0.0044155 0.0030966 0.0080976
-0.0049328 -0.0067345 0.0060737 0.0072811 0.063728 -0.034939 0.088829 0.035528 0.0067291 -0.0035156 0.0067291 0.0035156 0 0 0 0 -0.02124 0.013052 0.033637 0.043612 0.10127 0.11594 0.45788 0.19662 0.30993 -0.020308 0.30993 0.027552 0 0 0 0 0.0029147 0.0036999 0.018345 0.02854 -0.00083145 0.11334 0.57988 0.16041 0.25687 0.028906 0.25687 0.030199 0 0 0 0 0.0030096 0.00069817 0.0054366 0.0074826 0.026676 0.020686 0.055427 0.047865 0.002766 0.0022361 0.002766 0.0022361 0 0 0 0
-0.0044212 0.00021317 0.0062769 0.0021353 0.083116 0.011348 0.083248 0.014445 0.0060194 0.00015901 0.0069542 0.0033087 0.00014885 -6.5608e-05 0.00014885 6.5608e-05 0.0031426 0.0069053 0.0059995 0.0069053 0.46665 0.11459 0.51276 0.12207 0.019764 0.0071341 0.020717 0.011352 0.00013174 0.00013174 0.00013174 0.00013174 -0.00064282 0.0046674 0.0063053 0.0055568 0.43481 -0.015826 0.494 0.19554 0.024296 -0.0097074 0.024296 0.017222 0 0 0 0 0.0033346 0.0073142 0.0033822 0.0077832 0.0045527 0.016949 0.014422 0.023303 0.024594 -0.0085119 0.024747 0.0085749 0 0 0 0
-0.00022639 0.0014323 0.0074757 0.0019225 0.049633 0.0105 0.063865 0.032596 0.052095 -0.018454 0.052095 0.019284 0 0 0 0 -0.036399 0.020574 0.040226 0.021232 0.2598 -0.058941 0.37063 0.15917 0.36983 -0.047542 0.36983 0.07168 0.00012604 -0.00014508 0.00031933 0.00031933 -0.018845 0.024615 0.031907 0.036387 0.050732 0.061683 0.10988 0.18714 0.43684 0.073567 0.43684 0.11887 0.00017187 0.00017187 0.00017187 0.00017187 0.0018038 -0.0033086 0.0081172 0.0051662 0.024647 0.0014109 0.037215 0.021835 0.057659 0.014694 0.057659 0.01506 0 0 0 0
-0.0009251 -0.00064339 0.0009251 0.00070321 -0.022779 -0.020244 0.06098 0.041102 0.015284 0.015744 0.021084 0.018028 -0.0020863 0.0031697 0.0068536 0.0050326 -0.10378 -0.028314 0.10378 0.028516 0.012623 -0.086891 0.17411 0.11216 0.34646 -0.029095 0.47916 0.16578 -0.065965 -0.023643 0.066203 0.024165 -0.08464 -0.0077498 0.084731 0.0094125 -0.022968 -0.016868 0.060083 0.03642 0.30332 -0.063831 0.63108 0.10357 -0.00073243 0.0057817 0.010457 0.01172 -0.012115 0.00035677 0.012115 0.00051517 0.004246 0.0011469 0.0049603 0.0027518 0.01707 -0.023457 0.054992 0.029925 0.0035108 0.00048933 0.0035108 0.0025752
-0.00067568 0.0019411 0.00092531 0.0020875 -0.013327 0.010639 0.017201 0.018826 0.0034762 0.055625 0.022589 0.055704 -0.0014721 0.0094425 0.0033878 0.0095215 -0.0027242 -0.0094066 0.013685 0.021912 0.05836 -0.014346 0.3483 0.084606 -0.042416 -0.018558 0.32835 0.18229 0.01182 0.0079063 0.031428 0.034334 -0.023545 -0.070534 0.027944 0.073253 0.3576 -0.19607 0.50394 0.43647 0.091885 -0.04277 0.15982 0.16525 -0.017096 -0.0044087 0.029036 0.034079 -0.00051093 0.013161 0.0006692 0.013161 -0.0039437 0.0039786 0.044392 0.08372 0.023194 -0.073588 0.047486 0.090402 0.0020143 -0.00013065 0.0052565 0.0086891
0.0099535 -0.0055702 0.012138 0.0071768 -0.024819 -0.0060884 0.042278 0.010453 0.054902 -0.0027262 0.05922 0.0056832 0.00024793 -0.0001185 0.0002533 0.00020466 0.021658 -0.01125 0.038147 0.022404 -0.042103 -0.064597 0.28385 0.089547 0.45522 -0.0006385 0.45575 0.036207 0.00061671 -0.00052162 0.0014029 0.0018056 -0.0029998 0.0086363 0.010159 0.0086363 -0.022239 0.096145 0.10735 0.11145 0.45422 0.031091 0.47355 0.068461 0.0023064 0.00090132 0.0023064 0.0015225 -0.00057675 0.00034148 0.00082556 0.00051396 0.0011462 0.0053821 0.0069309 0.0055424 0.04838 -0.019792 0.058844 0.027279 0.00031402 -8.617e-05 0.00031402 0.0002192
-0.0019786 0.0036467 0.0031024 0.0051432 0.04195 -0.02023 0.071527 0.047302 0.0072717 -0.0031816 0.0073978 0.0038995 2.275e-05 1.7902e-05 6.2391e-05 6.2391e-05 0.013477 -0.018163 0.030218 0.025581 0.00052044 -0.1008 0.53995 0.12355 0.31269 -0.027193 0.31282 0.033818 4.1765e-05 4.1765e-05 4.1765e-05 4.1765e-05 -0.025107 -0.0014489 0.034819 0.032057 0.14709 -0.030939 0.44559 0.172 0.31597 0.030569 0.31597 0.045409 0.00010207 -1.8537e-05 0.00010207 0.00010207 -0.0095414 -0.002177 0.0099373 0.0055137 0.07987 0.040961 0.08576 0.042047 0.0042774 0.0020501 0.0042774 0.0028764 0 0 0 0
-0.0091573 -0.0080834 0.0091573 0.0080878 -0.0034523 0.00041291 0.010835 0.040409 -0.021422 0.0050036 0.02178 0.023091 0.0044062 0.0078999 0.011654 0.0123 -0.040259 0.0063918 0.062031 0.020084 -0.10413 -0.21705 0.21488 0.23419 0.18072 -0.13345 0.23271 0.22174 0.032618 0.019691 0.044964 0.021323 -0.03239 -0.014483 0.054127 0.026678 -0.22746 -0.13056 0.35145 0.16454 0.4358 0.017447 0.47608 0.07986 0.027348 0.004655 0.029417 0.0062226 -0.010209 -0.0057918 0.014966 0.0064475 -0.0096299 -0.015913 0.028736 0.020356 0.093378 0.027261 0.10747 0.035638 0.001684 0.00019762 0.0021094 0.0014413
0.00038988 -0.00070345 0.00098938 0.0010306 0.019584 -0.0010914 0.038983 0.0095913 -0.030567 0.0017336 0.11803 0.027203 0.0042154 0.0010802 0.0050122 0.0025516 -0.0057484 -0.0091719 0.0068264 0.0097056 0.23265 -0.084172 0.57873 0.10702 -0.015066 0.10307 0.39218 0.15891 -0.033524 0.023217 0.043042 0.026251 -0.013524 0.0045751 0.016745 0.0097246 0.29102 -0.01686 0.4791 0.095345 0.010303 0.016584 0.20305 0.064395 -0.013042 0.0041735 0.040152 0.015168 -0.0016143 -0.0027601 0.0046546 0.0044499 0.036689 -0.0082959 0.076701 0.01238 0.0098963 -0.0037614 0.026106 0.010119 -0.00017681 -0.00025663 0.0031159 0.0022511
-0.0013666 -0.0010022 0.0034204 0.0018895 0.0080682 -0.0073986 0.028949 0.013161 -0.020287 -0.0051162 0.11234 0.034246 0.0064522 0.0005794 0.0068019 0.0021931 -0.012459 -0.0080769 0.01576 0.01062 0.23327 -0.037047 0.55567 0.13647 -0.056787 0.12394 0.43047 0.15457 0.0027846 0.0031644 0.025272 0.013303 -0.017628 -0.0020477 0.026215 0.019748 0.28912 -0.06879 0.46157 0.12632 0.0077573 0.002768 0.19173 0.07175 -0.040179 0.0089407 0.052268 0.017401 -0.0058859 0.0032038 0.0071192 0.0050682 0.028214 0.001131 0.063229 0.013268 0.022298 -0.0068129 0.02984 0.012935 -0.0032553 0.00029484 0.0044882 0.0018735
0.016001 0.0014619 0.016858 0.0043456 0.088734 -0.069295 0.089314 0.08272 -0.0066618 -0.079772 0.022077 0.1171 -0.0085373 -0.015205 0.010668 0.016738 0.18394 0.10047 0.18709 0.10124 0.25984 0.13083 0.29056 0.1759 -0.094174 0.26189 0.13515 0.43975 -0.019341 0.054474 0.090118 0.07272 -0.054458 0.036002 0.071205 0.038915 0.34456 -0.090121 0.37334 0.11084 0.08936 -0.035715 0.16131 0.14601 -0.026975 0.011957 0.037802 0.026477 -0.010247 0.0071182 0.010266 0.0072465 0.0055205 0.031879 0.034811 0.037176 0.033397 -0.004017 0.035201 0.016533 0.003676 0.0029221 0.0036843 0.0029275
-0.0013269 0.00035059 0.0029758 0.00059596 0.039195 -0.044778 0.065768 0.056544 0.023159 -0.0022796 0.023159 0.019538 0.00035181 0.00083749 0.00060942 0.0010135 -0.0046363 0.014493 0.033317 0.021044 0.31336 0.15316 0.47848 0.25875 0.11127 -0.00084708 0.14299 0.25987 0.0030468 -0.01451 0.003765 0.015295 -0.0085018 -0.0023588 0.023147 0.02442 0.23139 -0.23947 0.40586 0.29958 0.14532 -0.013157 0.19174 0.12855 -0.0002713 0.010661 0.007798 0.014846 -0.0063523 0.0055862 0.0085535 0.0067141 -0.017139 -0.015193 0.053283 0.028607 0.098125 -0.026372 0.099324 0.034506 -0.00022596 0.0002275 0.00094001 0.0014202
-0.0039562 -0.0038811 0.0063083 0.0039976 0.031942 0.0067854 0.047329 0.014523 0.0020573 0.0017633 0.055385 0.011463 0.0002423 0.00067268 0.001461 0.00082378 -0.019708 0.0021776 0.038779 0.024567 0.091961 -0.027653 0.42077 0.17904 0.22176 0.021089 0.3031 0.060215 -0.0067973 -0.0030107 0.011412 0.0056884 -0.077992 0.069245 0.09515 0.074393 0.046333 0.032166 0.34319 0.47808 0.033394 -0.18054 0.2365 0.3668 0.0052766 -0.043301 0.024415 0.04468 -0.00032139 0.00015083 0.00032139 0.00015083 -0.061706 0.063209 0.061706 0.080969 -0.0055584 0.045411 0.0088116 0.053595 0.0016919 0.0067459 0.0049166 0.0082545
-0.0045908 -0.0023678 0.0079904 0.0045064 0.039591 -0.0041411 0.073549 0.023636 -0.016895 0.0062348 0.047971 0.011264 0.0067587 0.0010164 0.0067587 0.0011167 -0.0067708 -0.013614 0.018391 0.017205 0.35586 0.0071332 0.55249 0.10255 -0.15929 -0.023522 0.27801 0.058901 0.070517 0.008882 0.072377 0.0099288 -0.024486 -0.0041889 0.026485 0.0313 0.29575 0.044468 0.44344 0.20409 -0.046492 -0.099565 0.22007 0.12464 0.044955 -0.00068725 0.045066 0.0064764 -0.015896 0.013722 0.015901 0.013722 0.036476 -0.018272 0.072556 0.061919 -0.011658 0.037116 0.030091 0.069151 0.0035381 -0.0029257 0.0059516 0.005123
-0.0004365 0.00017293 0.0013753 0.00039079 0.027489 -0.052829 0.042972 0.057165 0.029278 -0.041328 0.029278 0.045133 0.00061405 0.00088494 0.00075159 0.0016827 -0.000116 0.0078228 0.010485 0.015503 0.31839 0.13547 0.55057 0.39963 0.097951 0.066232 0.15389 0.38476 0.0033067 -0.021764 0.0048376 0.023358 -0.00088322 0.012108 0.022527 0.018456 0.17901 -0.047718 0.28161 0.15765 0.12572 -0.034604 0.1605 0.13775 -0.0037239 0.018407 0.0062112 0.021584 -0.0016281 -0.0022915 0.0032414 0.0027782 0.0057202 -0.044877 0.039845 0.047121 0.0535 -0.031963 0.055097 0.035727 1.8772e-05 -0.00023529 0.000852 0.0013603
-0.007686 -0.005792 0.0081155 0.0063637 0.036341 -0.080686 0.044514 0.08285 -0.039223 -0.083853 0.061994 0.11565 -0.0019853 0.0012506 0.0040078 0.0088135 -0.048178 -0.024925 0.054023 0.027836 0.045964 -0.0036877 0.39888 0.18215 0.078996 0.079995 0.48982 0.17911 0.022137 0.0038023 0.023503 0.0057869 -0.037668 -0.0010101 0.054561 0.021909 0.27228 -0.047769 0.47677 0.12055 -0.095285 0.022899 0.33976 0.076073 0.037886 -0.0062011 0.040684 0.0078826 -0.0026065 -0.0020099 0.0039743 0.0026006 0.047512 -0.026253 0.088877 0.028513 -0.016519 -0.0073705 0.031436 0.01201 0.0083638 -0.0020045 0.0083672 0.0020404
0.00024657 -0.000246 0.0024909 0.00086084 -0.024136 -0.016947 0.037895 0.02847 0.019762 -0.044176 0.037283 0.048615 -0.0067088 -0.0081937 0.0099287 0.01119 -0.081364 -0.03509 0.083405 0.036298 -0.064841 -0.14471 0.10379 0.14659 0.13511 -0.0059899 0.61332 0.19448 -0.037924 0.02151 0.057173 0.023232 -0.048499 -0.0080472 0.067482 0.022578 -0.15608 0.018383 0.20468 0.10458 0.33053 0.0098486 0.51406 0.090106 0.0066096 0.00060005 0.06174 0.0166 -0.0013159 -0.0014348 0.0098738 0.0020052 -0.019485 0.0096771 0.040267 0.023755 0.041206 -0.011811 0.056962 0.013792 -0.0026289 0.0013164 0.0035659 0.0022145
-0.0011363 -0.0037688 0.0031724 0.0039178 0.010222 -0.03194 0.040444 0.047321 0.014794 -0.0031956 0.018191 0.036134 0.00035849 0.0014337 0.00084572 0.0020654 -0.045318 0.021471 0.046024 0.04646 0.35639 -0.0077735 0.51225 0.36515 0.05562 0.044083 0.068701 0.12691 -0.0003285 0.0031946 0.0034462 0.015541 -0.052968 0.052123 0.053056 0.05592 0.16346 0.054077 0.49788 0.33299 0.070846 -0.065346 0.091097 0.10551 0.0026116 -0.010279 0.0052519 0.010421 -0.0018893 0.0017826 0.0019719 0.0019124 -0.030283 0.013211 0.061063 0.043404 0.0051076 -0.02005 0.023317 0.028484 -0.0001359 -0.0029115 0.00058202 0.0029138
-0.016428 -0.0049446 0.016428 0.0049446 0.016799 -0.0032335 0.032325 0.014534 0.032112 -0.014776 0.12643 0.03794 -0.0005677 -0.00046363 0.00082526 0.0013697 -0.066088 -0.010934 0.071036 0.01352 0.20187 -0.033292 0.30949 0.094527 0.14399 -0.010034 0.32587 0.23834 0.0014633 0.027929 0.0060451 0.027929 -0.032579 -0.00014696 0.054701 0.01667 0.098057 0.041175 0.39993 0.28106 0.29936 0.015015 0.3107 0.43784 0.0038351 0.0012918 0.004224 0.0082953 -0.0019236 0.00086944 0.0038216 0.00459 0.024674 -0.0029101 0.041097 0.028448 0.017641 0.0048552 0.029324 0.017986 0.00079032 -0.0019082 0.0014769 0.003515
0.00016418 -0.00036242 0.0029085 0.0011286 -0.024585 -0.012492 0.038958 0.02173 0.0029672 -0.028444 0.041272 0.037629 0.00074332 -0.0046734 0.018463 0.0082457 -0.098926 -0.030412 0.10183 0.031405 -0.065583 -0.12926 0.1073 0.13198 0.089092 -0.048656 0.6269 0.21415 0.02788 0.019006 0.1091 0.025778 -0.062716 -0.013412 0.089164 0.023655 -0.14195 0.024244 0.20105 0.10638 0.30601 -0.011677 0.4989 0.13698 -0.0039378 0.0025552 0.053683 0.016358 -0.0040737 -0.00099072 0.010546 0.0012059 -0.02279 0.0066849 0.046029 0.040413 0.029918 -0.01003 0.050215 0.01745 -0.00012638 0.00055927 0.0025877 0.0018586
-7.9663e-06 0.00027211 0.0013441 0.00051076 0.0011497 0.00094808 0.0031448 0.0020436 0.070909 -0.0089591 0.070909 0.0090832 0 0 0 0 -0.021822 0.043276 0.022724 0.043812 -0.07705 0.09784 0.089941 0.11923 0.45 -0.034414 0.45 0.053811 0.00081651 -0.00020224 0.00081651 0.00020224 0.0043639 0.00094838 0.023758 0.018704 -0.23585 0.030062 0.23729 0.069855 0.4486 0.049866 0.4486 0.058227 0.0007747 7.2076e-05 0.00099551 0.00030305 0.00093887 -0.00069334 0.0026938 0.0027936 -0.034649 0.0024102 0.040117 0.014425 0.063137 0.0051325 0.063137 0.0055964 5.0436e-05 9.5887e-06 5.0436e-05 1.9652e-05
0.0080039 0.0072052 0.0094994 0.0078388 -0.014785 -0.0010511 0.031115 0.030121 -0.013534 -0.017809 0.054579 0.067336 -0.0052408 0.0079512 0.0052911 0.0080212 0.027573 -0.0050047 0.028499 0.0097651 -0.14392 -0.029052 0.25255 0.31947 0.1327 0.15885 0.24339 0.28602 -0.022991 0.0061821 0.024867 0.0168 0.028686 -0.054769 0.067125 0.056057 0.23495 -0.048463 0.4538 0.21499 -0.098804 -0.10146 0.38506 0.30342 -0.040307 -0.03269 0.074993 0.091285 0.00036281 -0.0036765 0.0082124 0.0080221 0.059055 -0.036731 0.059875 0.059305 -0.030288 -0.016905 0.042817 0.036207 0.0021238 0.0016471 0.016834 0.0074284
-0.0014731 0.00012037 0.0020086 0.0011806 0.0026418 0.0002872 0.0035994 0.0018459 0.069427 -0.0142 0.069427 0.0142 0 0 0 0 -0.038545 0.043894 0.038852 0.043894 -0.040446 0.11499 0.064022 0.11858 0.44942 -0.017081 0.44942 0.022469 0 0 0 0 0.0090418 -0.0044432 0.022753 0.023611 -0.25379 0.043785 0.25626 0.089329 0.44082 0.036093 0.44082 0.056609 0.00040994 -6.3421e-05 0.00040994 0.00015228 0.0016601 -9.5257e-05 0.0032466 0.003093 -0.035923 0.0016899 0.039426 0.015803 0.062435 0.0066734 0.062435 0.006797 1.8095e-05 1.2661e-05 2.6222e-05 2.6222e-05
