-0.0014091 -0.0029172 0.0014091 0.0029172 0.00077295 -0.02396 0.00077295 0.02396 0.00025765 -0.025976 0.00025765 0.025976 0.0012187 -0.0032614 0.0012187 0.0032614 -0.013041 -0.0003969 0.013041 0.00040633 0.17367 0.19602 0.18976 0.21058 -0.18075 0.19431 0.19201 0.2086 0.013319 0.0003585 0.013319 0.00047063 -0.010678 -0.0020325 0.010701 0.0020325 0.38886 -0.064109 0.40617 0.12149 -0.38937 -0.094955 0.39617 0.19942 0.01219 -0.002108 0.012224 0.0022798 -0.00021002 0.00032775 0.00021002 0.00043713 -0.0043771 -0.040261 0.019215 0.040905 0.0019075 -0.012762 0.007473 0.012936 0.00029137 0.00024655 0.00029137 0.00038016
-0.00021104 -2.3297e-05 0.00021104 2.3297e-05 0.026448 0.03145 0.030902 0.057799 -0.024884 0.043787 0.028232 0.063713 4.8186e-05 8.9671e-06 5.1109e-05 3.837e-05 -0.0006658 -8.8081e-05 0.0006658 8.8081e-05 0.36972 -0.0096821 0.39932 0.16239 -0.34582 -0.055873 0.38894 0.12804 0.00018899 0.00010863 0.0002292 0.00029895 0.00029092 -2.2724e-05 0.00058337 0.00022348 0.1197 -0.13445 0.28905 0.28794 -0.11614 -0.15496 0.22506 0.29285 1.072e-05 -0.00011555 0.00019286 0.00011555 -0.00015982 0.00057667 0.00017374 0.00057667 -0.0033513 -0.0092382 0.0051442 0.021831 0.0043245 -0.0071002 0.0058522 0.011749 5.4401e-05 0.00030486 5.825e-05 0.00030486
0.00052852 0.00031574 0.00057085 0.00031888 0.0036948 -0.0016454 0.0049672 0.0032192 0.0426 -0.0029608 0.06447 0.052692 -0.00090731 0.010014 0.0015227 0.010049 4.2352e-05 3.2285e-05 9.8678e-05 8.0731e-05 0.23307 0.13933 0.23889 0.14377 0.1872 0.015582 0.32324 0.32925 -0.0093923 0.0046187 0.034306 0.039251 0 0 0 0 0.29447 -0.13407 0.30281 0.14066 -0.17686 -0.21251 0.42957 0.31968 0.020766 -0.062438 0.028231 0.06352 0 0 0 0 0.00073523 -0.00012368 0.001402 0.00084418 -0.00052226 0.0011901 0.0022985 0.002524 0.00010364 -0.00027159 0.00022908 0.00035848
-9.6809e-06 -6.0444e-05 8.1372e-05 0.00024321 0.00084463 0.00083488 0.0021972 0.0014527 0.00061494 0.022026 0.019662 0.023962 -1.2339e-05 1.0825e-05 8.2433e-05 8.2433e-05 0.003355 -0.00056527 0.0038625 0.0018417 0.3498 0.084683 0.35456 0.086842 -0.30534 0.15948 0.41341 0.20556 -0.00038034 0.0012434 0.0011457 0.0016723 0.0042234 0.00023171 0.004284 0.0011467 0.19242 -0.11258 0.19737 0.12868 0.15567 0.0038838 0.3511 0.36428 -0.007143 0.056649 0.029185 0.080889 0.00012154 7.6519e-05 0.00012468 8.6131e-05 0.01709 0.0059594 0.017823 0.0095217 0.04283 0.013467 0.056636 0.040763 -0.0014616 0.0040578 0.0063028 0.0092627
0.0033622 -0.0010505 0.0045296 0.0015534 0.0036509 0.0031115 0.0037756 0.003587 0.0032088 0.023939 0.055958 0.031092 -7.0664e-05 1.5809e-05 7.0664e-05 1.5809e-05 0.021909 0.0064006 0.032573 0.0094498 0.10822 -0.017993 0.1162 0.045744 0.17701 0.097868 0.52275 0.38658 -0.016307 0.064256 0.024433 0.064367 0.0054285 0.0044279 0.006209 0.0053019 0.18282 0.040259 0.18542 0.079236 0.20666 -0.023941 0.47602 0.36875 0.025826 -0.024275 0.043397 0.055908 -3.9875e-06 -7.4774e-06 3.9875e-06 7.4774e-06 0.0090209 -0.0079819 0.0091954 0.008108 -0.0025048 -0.038534 0.038054 0.043849 0.0044896 -0.0045247 0.0046904 0.0046921
0 0 0 0 0.0033379 -0.00085213 0.0042737 0.0039811 0.05645 -0.0056215 0.060156 0.048702 -0.0013269 -0.001429 0.002672 0.0027959 -7.0567e-05 0.0004038 0.00033264 0.0010901 0.0011165 0.0018851 0.0066129 0.0063993 0.41531 -0.037725 0.51227 0.17791 0.0062362 0.002991 0.039885 0.048713 0.0028546 6.6345e-05 0.0049675 0.0027025 0.1088 0.16512 0.14773 0.35284 0.12574 -0.0077648 0.41886 0.35457 -0.00079636 -0.05467 0.022329 0.063118 -4.0271e-05 -0.0001809 0.00014798 0.00049453 0.010017 -0.045776 0.010945 0.047319 -0.010533 -0.043421 0.011972 0.044437 4.1755e-05 -7.8377e-05 0.00030083 0.00010813
0 0 0 0 0.0053993 -0.0020097 0.0054091 0.0037475 0.063055 -0.03194 0.063199 0.043675 -0.0051333 -0.0024444 0.0051333 0.0032173 0 0 0 0 -0.00086944 0.00077056 0.0020705 0.0034941 0.41935 -0.040497 0.49855 0.22596 -0.040716 0.0015488 0.056288 0.031969 7.6642e-05 2.8063e-05 0.00046287 0.00046287 0.09361 0.053849 0.10274 0.29494 0.10484 -0.097685 0.3895 0.46626 0.0038254 -0.047292 0.029271 0.063325 0 0 0 0 -0.00031794 -0.00062109 0.0012807 0.00087636 -5.0175e-05 -0.0023238 0.0010892 0.0026629 6.6014e-05 -0.00032923 0.00011019 0.00032923
0.0029811 0.0039277 0.00361 0.0055491 -0.012056 -0.0082734 0.01658 0.013441 0.012877 -0.014033 0.013787 0.014643 -0.0037749 -0.0011488 0.0062207 0.0018276 0.0013156 0.00034567 0.001784 0.00090353 -0.30643 -0.077767 0.46454 0.20546 0.33414 -0.06268 0.34737 0.26989 -0.027106 0.0045445 0.052224 0.0079864 0.00015847 -0.00015847 0.00015847 0.00015847 -0.23077 0.14701 0.2734 0.15794 0.24601 0.12124 0.24845 0.1262 -0.0097718 0.0068355 0.013735 0.0093313 0 0 0 0 0 0 0 0 0 0 0 0 0 0 0 0
0 0 0 0 0.0038675 -0.0016425 0.0043973 0.0035958 0.041568 0.015939 0.051315 0.043378 9.3188e-06 0.0087916 0.0033269 0.0088065 0 0 0 0 0.0049648 -0.00069012 0.011606 0.010556 0.46504 -0.066182 0.47759 0.23447 -0.0058539 -0.0017828 0.0077787 0.00487 -5.5702e-05 0.00011664 0.00028687 0.00043685 0.10121 0.014946 0.1088 0.036518 0.36246 0.17829 0.4519 0.29569 -0.02059 -0.013617 0.023704 0.025839 0.0013613 0.0015086 0.0017602 0.0033286 0.021644 0.031999 0.027109 0.037205 0.038362 -0.006078 0.051021 0.031695 -0.0066971 -0.0029323 0.0080807 0.005862
-0.00028909 -2.8159e-05 0.00051604 0.00017936 0.046207 -0.0036883 0.050819 0.02095 0.016383 0.0035364 0.021229 0.011094 -0.0056927 -0.00034847 0.0062139 0.0017626 7.6091e-05 -3.8234e-05 7.6091e-05 0.0010329 0.38893 0.026504 0.38939 0.23045 0.060915 -0.11045 0.20329 0.25528 -0.062623 0.0011203 0.06292 0.030683 0.00018462 -0.00013147 0.00065055 0.0014308 0.40338 -0.06229 0.40659 0.18335 0.02762 0.0028302 0.21918 0.25732 -0.04871 -0.0022696 0.066336 0.039334 0.0030892 0.0032982 0.0036817 0.0073355 0.026969 0.029058 0.038419 0.076967 -0.045765 -0.041297 0.047356 0.041449 0.006199 -0.0092844 0.0080458 0.0093036
0 0 0 0 0.005051 0.0059425 0.0050759 0.0060824 0.0077338 0.020607 0.016549 0.020702 0.00025936 0.003254 0.0057954 0.011987 -1.4001e-05 -3.2773e-06 3.579e-05 3.579e-05 0.13657 -0.068822 0.23863 0.17317 0.2739 0.056621 0.40009 0.39301 -0.085786 0.0050283 0.08584 0.029429 -9.0358e-05 3.7433e-05 0.00011414 6.2357e-05 0.030186 0.0052588 0.033557 0.017135 0.44481 0.054896 0.44833 0.23229 -0.071643 0.014467 0.071671 0.030304 -4.9072e-05 1.4731e-05 6.843e-05 1.4731e-05 0.014288 0.0031737 0.014444 0.015657 0.031206 -0.039658 0.041696 0.070896 -0.0053749 -0.0072859 0.0060129 0.011136
0 0 0 0 -6.8036e-05 6.8036e-05 6.8036e-05 6.8036e-05 8.2854e-05 0.0040272 0.0020421 0.0040272 0.0010981 0.0054941 0.0021562 0.0054952 -0.004488 0.0016251 0.0049579 0.0016617 0.13472 -0.013002 0.13472 0.073219 0.22478 0.12185 0.42089 0.42576 -0.077042 0.0062778 0.087681 0.040866 -0.0081253 -2.3e-05 0.0081253 0.00034979 0.01517 0.0060779 0.01517 0.008244 0.43753 0.068867 0.48828 0.23228 -0.086941 0.0025575 0.086941 0.041156 -0.0010192 -4.7772e-05 0.0010425 5.4963e-05 0.019652 0.0040377 0.019743 0.02502 0.0045286 -0.062141 0.02264 0.082931 -0.00088882 -0.0057955 0.0028218 0.009686
-1.579e-06 -8.841e-06 4.504e-06 8.841e-06 0.00042493 -0.00063167 0.0019691 0.0014303 0.062257 -0.0054673 0.066105 0.0085478 0 0 0 0 -5.5925e-05 5.8549e-06 5.5925e-05 1.7452e-05 0.016679 0.0050714 0.018559 0.011042 0.40147 -0.034163 0.41775 0.039961 0.00010617 0.00018232 0.00042241 0.00042241 -2.9296e-05 -9.177e-06 2.9296e-05 9.177e-06 0.19864 0.2728 0.30883 0.43938 0.17298 0.20309 0.29376 0.25229 -0.00015812 -0.00015812 0.00015812 0.00015812 0.0019414 0.00062872 0.0019414 0.00078779 0.047366 0.011454 0.15435 0.045789 -0.017852 -0.003187 0.017973 0.0057988 0 0 0 0
-2.1599e-05 -4.2279e-05 5.9495e-05 6.5864e-05 0.00036618 -0.00020949 0.00065033 0.00037332 0.039052 0.022219 0.10568 0.063768 0.0070736 0.0053385 0.010736 0.011421 2.217e-05 0.00042588 0.00015974 0.00044397 0.0043351 0.0035957 0.016456 0.011176 0.41659 -0.082055 0.66882 0.22658 -0.01007 -0.0064933 0.010547 0.0064933 0.0018198 0.0017181 0.0027044 0.0026739 0.16143 0.2396 0.16453 0.24843 0.18871 0.1473 0.20952 0.17003 -0.00033196 0.0002365 0.00049579 0.00049579 0.006755 0.0093948 0.0068646 0.0096264 0.0034236 0.0048217 0.0053826 0.0057247 0 0 0 0 0 0 0 0
0 0 0 0 0 0 0 0 -2.8311e-06 -2.3463e-05 0.00064408 4.9869e-05 6.333e-05 0.00017501 0.00015929 0.00020066 0 0 0 0 0.13964 -0.042612 0.1468 0.21315 0.10408 0.11732 0.26073 0.53778 0.017225 0.061247 0.034952 0.062335 0 0 0 0 -0.0020775 0.00030185 0.012927 0.0075293 0.47049 0.038937 0.49271 0.2157 -0.0020714 0.0022203 0.0067013 0.004958 0 0 0 0 -2.492e-05 -0.00049315 0.00028356 0.0013516 0.05728 -0.0036044 0.059424 0.037649 -0.00094651 -0.0035471 0.0020481 0.0055229
3.793e-05 -6.9374e-05 4.4418e-05 7.5002e-05 0.037546 -0.021018 0.040944 0.022498 0.032752 -0.0093409 0.034415 0.011839 0 0 0 0 0.00015421 0.0010577 0.00015421 0.0010577 0.0029519 -0.0005929 0.015518 0.015232 0.4679 -0.11033 0.47056 0.11371 0 0 0 0 0.011345 0.044766 0.012444 0.047617 0.092853 0.39688 0.103 0.41279 0.2072 0.19234 0.22171 0.21622 0 0 0 0 1.0079e-06 1.0624e-05 3.0751e-05 3.0751e-05 0 0 0 0 1.5385e-05 -0.00033531 0.00033531 0.00033531 0 0 0 0
-0.0061066 0.0003492 0.0061066 0.00071069 -0.0058856 -0.0031086 0.046085 0.007079 0.07188 -0.0025234 0.072283 0.0059484 0.00035945 -2.6679e-05 0.00039378 2.6679e-05 -0.024879 0.01019 0.024879 0.011135 -0.078302 -0.011236 0.23017 0.1397 0.49746 -0.090477 0.5007 0.09745 0.0023227 0 0.0026376 0 0.00013108 -0.00019697 0.00096965 0.0013909 -0.077871 0.15387 0.092748 0.15919 0.37337 0.12705 0.38424 0.14305 0.0023608 1.3224e-05 0.0024865 4.3388e-05 0 0 0 0 0.0014197 0.000226 0.0028231 0.0037383 0.042681 -0.0012397 0.043561 0.010251 0.00020182 -3.4651e-05 0.00020321 3.4651e-05
0 0 0 0 0 0 0 0 0 0 0 0 -4.948e-06 -1.8446e-05 5.6831e-05 3.089e-05 0.0027402 -0.053294 0.012727 0.055081 0.056757 -0.40618 0.066739 0.41496 0.2232 -0.17625 0.23174 0.25377 0.043444 0.027379 0.065601 0.048634 6.5413e-05 0.00010355 0.00098471 0.00058611 0.0081571 0.0016327 0.013491 0.0079158 0.44579 0.044114 0.46466 0.061275 0.061616 -0.022562 0.079713 0.027847 -1.7097e-05 2.2731e-05 6.3625e-05 6.3625e-05 0.0053496 0.009543 0.0063434 0.010266 0.061654 0.01719 0.063154 0.018579 0.0034812 -0.0012639 0.0037208 0.0015815
0 0 0 0 0 0 0 0 0 0 0 0 0 0 0 0 -0.037049 -0.064701 0.054321 0.06581 0.057089 -0.42298 0.062009 0.42564 0.19407 -0.2135 0.19895 0.22327 0 0 0 0 -0.00011233 -0.0022939 0.0012113 0.0025803 0.0050646 -0.0013031 0.0072678 0.0075593 0.46022 0.084539 0.46022 0.084539 0 0 0 0 -0.00028541 6.982e-05 0.00032854 0.00020239 0.0059945 0.012286 0.0061583 0.012286 0.065261 0.012067 0.065653 0.012229 0 0 0 0
0 0 0 0 0.00042844 0.000969 0.00044907 0.0016394 0.0015035 0.014765 0.0064283 0.015774 0.00014702 -8.0632e-05 0.00040713 0.00026347 0.00064577 -8.3189e-05 0.00064577 0.00021265 0.21436 0.082336 0.25402 0.096117 -0.089068 0.070631 0.50055 0.19097 -0.024003 0.006191 0.054629 0.016763 -0.00063366 6.9893e-06 0.0010643 0.00025319 0.27391 -0.074816 0.31396 0.12232 -0.19672 -0.11295 0.52161 0.19894 0.023098 0.0083959 0.075324 0.023627 -0.000108 -9.0514e-06 0.00014988 6.809e-05 0.0021923 -0.0026067 0.0044224 0.0037472 0.009365 0.0028296 0.062643 0.030046 0.0021051 -0.0034341 0.0071746 0.004898
0 0 0 0 0.012351 -0.004061 0.014339 0.0054682 0.031909 -0.0039102 0.032473 0.0050159 0.00033316 0 0.00037832 0 -0.00036181 -8.1048e-05 0.0012549 0.001976 -0.07249 -0.14892 0.086337 0.15454 0.36611 -0.12505 0.37582 0.13893 0.0023066 0 0.0026192 0 -0.025077 -0.0094176 0.025202 0.0095206 -0.089074 0.0093273 0.23671 0.13673 0.50418 0.088774 0.50941 0.095821 0.0023066 0 0.0026192 0 -0.0061886 -7.739e-05 0.0061886 0.0003839 -0.0097864 0.00064333 0.044539 0.0046451 0.075146 -0.0015007 0.075456 0.0020124 0.00033316 0 0.00037832 0
0 0 0 0 0 0 0 0 0 0 0 0 0 0 0 0 -0.005443 -0.046244 0.014215 0.046714 0.071312 -0.36305 0.072653 0.36641 0.26273 -0.13232 0.2736 0.27044 0.0036271 0.037877 0.048694 0.039719 -0.00075471 -0.00083098 0.00075471 0.0010582 0.005869 0.005318 0.0091524 0.0064006 0.47289 0.046326 0.4754 0.10155 0.045122 -0.017681 0.07539 0.018347 -0.00048954 0.00025551 0.00067915 0.00042844 0.036528 0.037629 0.049426 0.041378 0.022407 0.015228 0.022407 0.01535 0.0044018 -0.0032811 0.0044124 0.0034773
-0.0037995 -0.0048908 0.0038141 0.0052966 0.061316 -0.033757 0.064641 0.033919 0.0029923 -0.0029417 0.0029923 0.0029923 0 0 0 0 -0.0022089 -0.0019672 0.0022089 0.0020261 0.075795 -0.03183 0.078344 0.032555 0.40468 -0.15118 0.40713 0.15218 0 0 0 0 -0.003123 0.0056216 0.0043118 0.0059886 0.25543 0.12567 0.25543 0.12765 0.22282 0.16372 0.50823 0.27814 0 0 0 0 -0.0041617 -0.00067213 0.0042064 0.0028476 0.069758 -0.015353 0.070229 0.015512 -0.0020138 -0.0016607 0.1205 0.022834 0 0 0 0
-4.532e-05 -3.0991e-05 9.5292e-05 0.00010412 0.027738 0.008196 0.028795 0.0082142 0.050064 0.010096 0.051255 0.011201 0 0 0 0 0.00059502 7.5455e-05 0.0011528 0.00033637 0.49871 0.12075 0.50465 0.12475 0.017717 0.011448 0.021543 0.017039 0 0 0 0 0.00033591 -0.00015034 0.0006371 0.0005912 0.19383 -0.17194 0.26496 0.23554 0.2939 -0.18021 0.31456 0.19469 0 0 0 0 -1.1924e-06 1.7898e-05 4.8628e-06 1.7898e-05 0.00067538 0.00028149 0.0014124 0.00064542 0.069143 -0.0025341 0.069636 0.0052248 -1.8314e-05 4.4769e-06 2.4369e-05 2.4369e-05
-0.0028857 0.00029395 0.003444 0.0036127 0.073783 0.016422 0.074695 0.01673 -0.0081994 0.004894 0.12454 0.026787 2.5286e-05 7.4872e-06 2.5286e-05 1.8323e-05 -0.0032896 -0.0048747 0.0045657 0.0051601 0.25808 -0.10883 0.25808 0.11537 0.21076 -0.16495 0.54162 0.27505 0 0 0 0 -0.0021849 0.0017036 0.0022208 0.0017572 0.084567 0.035702 0.085925 0.042779 0.38218 0.16018 0.38315 0.16115 0 0 0 0 -0.0033265 0.0049445 0.0033346 0.0050882 0.063215 0.033087 0.067507 0.033324 -0.0017492 -0.0010249 0.0017492 0.0010739 0 0 0 0
-1.3412e-05 -0.00016831 2.0539e-05 0.00018696 -0.00013796 -0.00025676 0.00067747 0.00062614 0.066537 -0.0035754 0.073737 0.0080712 0 0 0 0 -3.7755e-05 0.0011132 0.0011563 0.0012692 0.0019979 0.0057423 0.010352 0.014574 0.43739 -0.052696 0.4554 0.084062 -0.00048128 0.00022253 0.00048128 0.00048128 0.0038498 0.054317 0.0064266 0.058152 0.051085 0.41088 0.073219 0.44456 0.17275 0.21146 0.23371 0.24869 0.00030854 -0.000373 0.00096027 0.0012388 -3.0403e-05 3.2455e-05 0.00014445 0.00032854 0.0091647 0.014427 0.010658 0.015105 0.012077 0.055505 0.041758 0.060844 -0.0018584 0.0010258 0.0019205 0.0011308
-0.00014525 -1.2738e-05 0.00014525 1.2738e-05 0.063164 0.0047349 0.065971 0.0049025 0.0082993 0.0033531 0.010103 0.0035082 0 0 0 0 0.0010381 0.00033946 0.0013714 0.0012515 0.46459 0.093446 0.47658 0.099993 -0.002338 -0.0010401 0.0074021 0.0052991 0 0 0 0 -0.0002056 -0.00042676 0.00035143 0.0016893 0.20098 -0.1908 0.207 0.19433 0.070015 -0.41668 0.089763 0.42475 0.0053223 -0.050121 0.0055395 0.051391 0 0 0 0 0 0 0 0 0 0 0 0 -1.0064e-05 2.7633e-05 1.5412e-05 2.7633e-05
0 0 0 0 0 0 0 0 0 0 0 0 -2.1897e-05 -6.5632e-05 2.7331e-05 6.5632e-05 0 0 0 0 0.19426 0.16911 0.19711 0.24023 0.080966 0.41035 0.083585 0.41839 0.0070829 0.051314 0.0073363 0.051517 0 0 0 0 0.47456 -0.061331 0.48271 0.065257 -0.0024897 0.0023241 0.00556 0.0036338 0 0 0 0 0 0 0 0 0.062616 -0.010834 0.063723 0.01087 0.0091791 -0.0035052 0.010446 0.0035215 0 0 0 0
-0.0018134 0.0013751 0.0019763 0.0015313 0.01154 0.050735 0.039667 0.050757 0.0075904 0.007953 0.0075904 0.007953 0 0 0 0 6.7532e-05 -6.7532e-05 6.7532e-05 6.7532e-05 0.19636 0.1972 0.19815 0.21482 0.030918 0.42655 0.059236 0.42817 -0.015845 0.065683 0.043754 0.065683 0.020968 -0.024902 0.027593 0.025431 0.4619 -0.066057 0.4619 0.066057 0.00083199 -0.0020557 0.0025911 0.0025911 -0.00079084 -0.00049364 0.00086817 0.0007028 0.012097 -0.0041114 0.012097 0.0041114 0.071598 -0.016212 0.071677 0.016309 0.0055125 -0.013273 0.0062249 0.014568 -0.00021955 0.00011695 0.00025212 0.00011695
-0.0023936 -0.00024701 0.0023941 0.00024751 0.0063936 -0.0017379 0.0065657 0.0052969 0.036308 0.033723 0.046207 0.056307 -0.0054291 0.0051057 0.0056149 0.010992 -0.012624 -0.0018825 0.012843 0.0018949 0.00013337 -0.00031387 0.00062363 0.00062363 0.44926 -0.031971 0.47859 0.2534 -0.0962 -0.017272 0.096211 0.023868 -0.0012348 -0.0025474 0.0014976 0.0025553 0.068289 0.021573 0.08148 0.13204 0.19599 -0.15091 0.36099 0.49561 -0.042092 -0.01142 0.056286 0.066707 -0.00011544 0.00036799 0.00011544 0.00036904 -0.0016584 -0.0013993 0.0019135 0.001838 -0.0011009 -0.0079498 0.0030397 0.010749 0.00042308 -0.00061091 0.00050247 0.00070114
0 0 0 0 0.071927 -0.020877 0.071927 0.020877 0.0097217 -0.0060292 0.010385 0.0064976 -0.0007527 2.8793e-05 0.0013415 0.00058843 0 0 0 0 0.06019 -0.026498 0.062754 0.029947 0.49946 -0.14934 0.5045 0.15139 -0.00092832 0.00057653 0.001399 0.00094244 0 0 0 0 0.25578 0.087087 0.26328 0.10572 0.28687 0.17314 0.29616 0.25925 0 0 0 0 5.6963e-06 -6.3933e-06 2.5277e-05 2.2394e-05 0.065622 0.0024541 0.067755 0.005555 0.015682 -0.0019396 0.01584 0.0027565 -1.9755e-07 -1.9755e-07 1.9755e-07 1.9755e-07
-3.273e-05 5.4024e-05 0.00010276 0.00011109 0.0010886 -0.0004665 0.00147 0.00093643 0.069303 0.0025325 0.070047 0.0036835 0.0021279 -0.0012366 0.002353 0.0013893 0.00033542 -1.7493e-05 0.00064092 0.00040013 0.22299 0.17214 0.23933 0.26734 0.27073 0.16992 0.30582 0.19135 0.00040556 -0.00032149 0.00068335 0.00065454 0.00039041 -0.00012029 0.0010719 0.00033785 0.50527 -0.11887 0.50781 0.11887 0.017245 -0.0054445 0.027787 0.017002 0 0 0 0 -6.0256e-05 2.3359e-05 6.5656e-05 3.1135e-05 0.030996 -0.0094128 0.030996 0.0094128 0.047753 -0.012584 0.048102 0.012626 0 0 0 0
0.00014592 8.222e-05 0.00024266 9.8453e-05 0.027133 0.014749 0.02895 0.01565 0.050776 0.028439 0.052948 0.031665 0 0 0 0 0.00057546 -0.00030998 0.00065523 0.0010106 0.27813 -0.10367 0.28559 0.2518 0.22921 -0.1982 0.24732 0.23038 0.001042 -4.4054e-05 0.0019375 0.0022928 7.2803e-05 8.2696e-05 8.2696e-05 8.2696e-05 0.005057 -0.0089318 0.018316 0.015975 0.50948 0.080534 0.51483 0.10041 0 0 0 0 7.4876e-05 0.00014203 0.00019913 0.0002113 0.015698 0.0060189 0.016405 0.0069658 0.063755 0.017392 0.066434 0.019235 0 0 0 0
1.9686e-05 -0.00023518 7.6468e-05 0.00025211 0.00013352 -0.00047668 0.00013352 0.00047668 -3.1604e-05 0.00087498 0.0008748 0.0014779 0 0 0 0 0.010618 -0.050208 0.010618 0.051293 0.091439 -0.4107 0.093047 0.41639 0.19684 -0.15611 0.23357 0.16838 0 0 0 0 -8.0533e-05 1.0145e-05 0.00012333 0.00022111 0.0075066 0.0098349 0.014835 0.014617 0.47463 0.082504 0.49278 0.087813 0 0 0 0 0 0 0 0 0.025909 0.0030076 0.02614 0.0030076 0.04687 0.0031876 0.052061 0.0035726 5.8985e-07 2.3075e-07 5.8985e-07 5.8985e-07
-3.716e-06 -1.2061e-06 3.716e-06 2.0198e-06 0.0046553 -0.0017754 0.0046553 0.0017754 0.06616 -0.0088898 0.06616 0.0090424 0 0 0 0 0 0 0 0 -0.00016647 0.0024776 0.0012162 0.0024776 0.47048 -0.054037 0.47514 0.054834 0.00017438 -0.00017438 0.00017438 0.00017438 0.010972 0.055067 0.010972 0.055067 0.035361 0.4201 0.039004 0.42833 0.2117 0.16542 0.22077 0.21916 0.00050785 0.00015908 0.00050785 0.00015908 -1.7612e-05 0.00063399 8.5394e-05 0.00065332 -0.00037768 0.0014759 0.00037768 0.0014759 4.3841e-05 3.69e-05 0.00025621 0.00025609 -2.467e-05 9.3471e-06 3.0243e-05 2.305e-05
0 0 0 0 0.063455 0.00025476 0.063588 0.0039677 0.018013 0.00148 0.01879 0.0028954 -1.9844e-07 1.9844e-07 1.9844e-07 1.9844e-07 0 0 0 0 0.24888 -0.095218 0.25929 0.10604 0.29615 -0.17738 0.2992 0.25643 0 0 0 0 0 0 0 0 0.067155 0.034447 0.074687 0.039362 0.49409 0.15631 0.49888 0.15787 -0.002859 -0.0023439 0.0042614 0.0040545 0 0 0 0 0.073524 0.021704 0.074104 0.021737 0.0078989 0.0049259 0.0094195 0.0057958 -0.001569 -5.2592e-05 0.0025175 0.0016494
-0.0028645 -0.0023276 0.0050398 0.0029737 0.01262 -0.0043762 0.012964 0.0044186 0.059442 -0.0087012 0.059442 0.0087012 0.0005277 -0.00010723 0.0005277 0.00010723 -0.00046787 -0.00050937 0.00073879 0.00090808 0.00055555 -0.00055555 0.00055555 0.00055555 0.47142 -0.084755 0.47142 0.084755 8.9153e-05 -9.0567e-05 0.00013185 0.00012789 0.0083251 0.051015 0.0083658 0.051055 0.078474 0.41906 0.079399 0.41999 0.19361 0.18431 0.19464 0.1978 0 0 0 0 0.0032945 0.0043096 0.0036495 0.0046263 -0.00026433 0.065609 0.005176 0.065667 -0.0068985 0.056607 0.0073032 0.05679 -0.0026205 0.00065552 0.0026468 0.0012637
0.003218 -0.00053738 0.003218 0.00053738 0.06284 -0.0018022 0.062849 0.0040177 -0.0034977 -0.0017563 0.069979 0.016004 0 0 0 0 0.027259 -0.0025891 0.027681 0.0030346 0.34612 0.10635 0.35134 0.19909 0.13225 0.15234 0.19665 0.19341 0 0 0 0 0.033371 -0.00083271 0.035992 0.000869 0.51133 -0.13206 0.51429 0.13643 0.010044 -0.010806 0.022975 0.020314 0 0 0 0 0.0037464 0.0014891 0.0038204 0.0022916 0.017156 -0.0096139 0.017547 0.0098129 0.061121 -0.014931 0.061801 0.015067 -2.6385e-06 -4.4892e-07 6.3726e-06 7.601e-06
-0.0065536 -0.0035442 0.0065733 0.0035462 0.0038326 -0.0045935 0.0057392 0.0048467 0.00038828 0.0038953 0.003149 0.004017 1.2689e-05 -2.4803e-05 1.2689e-05 2.4803e-05 -0.026616 -0.0082194 0.052411 0.012261 0.062333 0.0051119 0.11629 0.023763 0.19061 0.16363 0.48514 0.36001 -0.020225 0.063293 0.026679 0.06339 -0.0095656 0.0075095 0.021922 0.022721 0.032763 0.020239 0.033105 0.025258 0.32085 -0.11372 0.51606 0.38594 0.024535 -0.025766 0.038687 0.050676 -0.001064 -8.5957e-05 0.0010821 0.00013379 6.8812e-06 6.8812e-06 6.8812e-06 6.8812e-06 0.0001391 -0.00079607 0.00080983 0.00080983 0.0012913 -0.0021119 0.0019271 0.0021119
3.0289e-05 -5.4826e-05 0.00022565 7.5264e-05 0.0024778 -0.00062771 0.003966 0.0032314 0.074975 -0.012014 0.078382 0.013417 0.0011264 -0.0012132 0.0019874 0.0014915 -0.00061856 0.00032142 0.00082467 0.00039642 0.0085736 0.010956 0.023628 0.01917 0.50094 -0.035482 0.50248 0.059998 0.00014358 3.4269e-05 0.00074126 0.00067009 -0.00010955 4.3795e-05 0.00054043 0.00035446 0.27662 0.13343 0.28898 0.3025 0.21826 0.18606 0.23577 0.25261 0.00019356 -4.1155e-05 0.0005468 0.00084078 0.00013346 -7.8559e-05 0.00018779 0.00011264 0.046385 -0.015654 0.04739 0.015948 0.032153 -0.015207 0.032681 0.01531 0 0 0 0
0.0050981 0.00036969 0.0053456 0.00038013 0.033939 0.01223 0.03403 0.012397 0.044265 0.016321 0.04435 0.016415 1.5465e-06 -7.9291e-06 1.3238e-05 2.2674e-05 0.033008 0 0.036087 0 0.51811 0.1196 0.52022 0.12189 0.001702 0.0066512 0.010876 0.0093297 0 0 0 0 0.027247 0.0025879 0.027669 0.0030332 0.35463 -0.11116 0.36125 0.1863 0.12566 -0.15637 0.18315 0.18375 0 0 0 0 0.0036448 0.00018186 0.0036448 0.00018186 0.051781 -0.00085067 0.052334 0.0046765 0.00729 0.0020027 0.060806 0.019108 0 0 0 0
-1.3947e-06 -5.862e-07 1.3947e-06 5.862e-07 -0.00012158 0.00031907 0.00057107 0.0007631 0.015521 0.010003 0.018368 0.014085 0.011016 0.00037556 0.012286 0.0054606 0 0 0 0 -0.0045153 -0.0034565 0.02025 0.03637 0.43193 0.041321 0.4365 0.31771 0.013677 0.012658 0.019141 0.014684 0 0 0 0 0.13751 0.054312 0.16533 0.24067 0.21992 -0.033547 0.29035 0.52136 0.02125 -0.033193 0.027879 0.034664 0 0 0 0 0 0 0 0 0.0005384 0.00028311 0.0011695 0.0011632 0.0019279 -0.0071869 0.0032092 0.0076058
3.7627e-05 -5.1337e-05 3.8532e-05 5.7561e-05 0.00012029 -0.0037198 0.00068653 0.0037198 -1.5273e-05 0.00086857 0.0011995 0.002555 -0.0001431 0.00030215 0.00016019 0.00033682 0.00055203 0.00026703 0.00097329 0.00044096 0.21884 0.083893 0.23131 0.094319 -0.12806 0.12828 0.32655 0.19849 -0.0063773 0.026227 0.065459 0.029332 0.00055558 -0.00024394 0.0010201 0.0004905 0.27673 -0.072311 0.29411 0.082588 -0.19229 -0.043514 0.63748 0.21242 0.068574 -0.0031759 0.15528 0.040985 8.9259e-05 -3.0052e-06 0.00016577 0.00010554 0.0012617 0.00010126 0.0016419 0.0011733 0.0040841 -0.024831 0.023264 0.025657 -0.00043717 -0.0034689 0.001025 0.0035563
0.00023812 -0.00034867 0.0002894 0.00048355 -0.00013161 0.00027693 0.0018923 0.0009684 0 0 0 0 0 0 0 0 0.011136 -0.028021 0.011635 0.029827 0.25572 -0.068775 0.33339 0.19809 -0.043781 0.059554 0.048109 0.06518 0.00011988 0.00014294 0.00011988 0.0003827 0.0015281 -0.00036346 0.0015281 0.0013724 0.27605 -0.025477 0.58113 0.10183 0.020901 -0.15347 0.40258 0.36673 -0.0035613 0.0078444 0.0082382 0.014264 6.6291e-05 -6.6291e-05 6.6291e-05 6.6291e-05 0.051351 -0.040822 0.051654 0.040822 -0.021312 0.024506 0.06177 0.07624 0.0049464 -0.0074036 0.0066126 0.015384
-4.6621e-06 2.7594e-05 6.9636e-05 0.0001228 0.021717 0.016056 0.049737 0.03505 0.0057323 -0.01184 0.046755 0.028693 -6.088e-05 -7.7915e-05 0.00032168 0.00018944 0.0019811 0.00029455 0.0019811 0.0011918 -0.15895 -0.029143 0.50108 0.10026 0.27859 0.008782 0.39581 0.046539 8.7078e-05 8.4218e-05 0.00048009 0.00038289 0.00046715 -0.00046715 0.00046715 0.00046715 -0.055463 0.033904 0.47833 0.16991 0.19519 -0.015003 0.38665 0.10662 -0.0008457 0.00018111 0.00097559 0.00056497 0 0 0 0 0.034388 -0.034507 0.035302 0.03506 0.002545 0.0065739 0.034107 0.038182 -0.00099268 0.00033154 0.0010258 0.00046879
-0.00037733 -0.0021208 0.00050006 0.0022653 0.019444 -0.01157 0.021152 0.013911 0.083071 -0.018278 0.088247 0.020414 0.0056474 -0.0042017 0.011469 0.0063206 -9.5784e-05 7.4092e-06 0.00020683 0.00020683 0.27233 0.17176 0.27633 0.28894 0.27546 0.049206 0.30029 0.081209 0.023717 -0.02367 0.029836 0.02372 -0.0062585 0.0054094 0.010072 0.0060757 0.48484 -0.15234 0.48575 0.15234 0.069779 -0.028413 0.069779 0.036504 0.0029151 -0.0010454 0.0029297 0.00106 -0.0025155 -0.0011977 0.0038329 0.0014505 0.004993 -0.004993 0.004993 0.004993 0.07534 -0.022209 0.07534 0.022398 0 0 0 0
0 0 0 0 0.048589 0.037869 0.04886 0.038051 -0.017833 -0.022308 0.059141 0.073173 0.0047524 0.0075554 0.0061958 0.01607 0.0011882 0.00066855 0.002048 0.001105 0.26341 0.023089 0.60396 0.11739 0.035397 0.15069 0.37161 0.35197 -0.0048711 -0.007809 0.0097563 0.013866 0.011017 0.02615 0.011672 0.02782 0.2617 0.077 0.34647 0.19765 -0.042572 -0.058185 0.054685 0.064082 0.00034941 0.00011077 0.00034941 0.00034941 0.00027399 0.00060669 0.00045066 0.00091819 0.00087824 -0.00036572 0.0031065 0.00087183 -0.00086014 -0.00059855 0.00086014 0.00059855 0 0 0 0
3.8272e-05 -0.00096703 4.1572e-05 0.00096703 -0.0016372 -0.044639 0.017668 0.044639 0.00026635 0.0012285 0.013034 0.010969 7.8344e-05 0.0026514 0.00070305 0.0026604 0.024288 0.017037 0.037446 0.040848 -0.13652 0.092084 0.19576 0.20366 0.44524 0.02391 0.44628 0.092142 -0.0025284 0.016972 0.0058085 0.021352 0.013292 -0.015967 0.024577 0.04393 -0.10035 -0.08777 0.17116 0.23918 0.42235 -0.027283 0.42235 0.097614 0.00064762 -0.019733 0.0016133 0.020125 0 0 0 0 0.00029387 0.031414 0.01405 0.031414 0.0023366 0.0017198 0.0023366 0.0017198 0.00031293 -0.00062586 0.00031293 0.00062586
0 0 0 0 0.017716 0.047558 0.019143 0.047809 0.0005357 0.08894 0.0056652 0.089383 -0.0014248 0.012109 0.0020279 0.012341 -0.00017242 3.1315e-05 0.00017242 0.00017242 0.35989 0.059079 0.37555 0.22689 0.012119 0.12501 0.034261 0.4383 -0.0026835 0.02099 0.0044602 0.067196 0 0 0 0 0.45834 -0.024072 0.46554 0.051772 -0.001294 0.0020368 0.0023638 0.0020368 0.00033186 -2e-06 0.00066634 0.00035547 0 0 0 0 0.064958 -0.0047307 0.06519 0.0086309 0.0015327 -0.0091026 0.0025079 0.015251 0.00021952 -0.00015716 0.00029523 0.00026052
0 0 0 0 0.065794 0.0078982 0.065941 0.012147 0.0020654 0.0083763 0.0028245 0.014359 -0.00097507 -0.0016539 0.0017886 0.0021837 0 0 0 0 0.46039 0.021389 0.46513 0.046183 0.00019753 -0.0013514 0.0056382 0.0056382 -0.0046628 0.0043317 0.005909 0.0078092 0 0 0 0 0.35285 -0.054967 0.37469 0.21703 0.011913 -0.13934 0.036835 0.44596 -0.0015505 -0.01975 0.0056761 0.062841 -5.3792e-05 -2.5989e-05 6.4543e-05 0.00015294 0.017455 -0.050774 0.022444 0.051027 0.0019101 -0.084127 0.0051725 0.084429 -0.00091518 -0.012025 0.0010554 0.012277
4.2016e-05 -2.1096e-05 4.2016e-05 2.7464e-05 0.074987 -0.043915 0.075401 0.044019 -0.00060816 0.00021133 0.00060816 0.00060816 -4.2135e-05 6.6995e-05 8.718e-05 0.00010086 0 0 0 0 0.35395 0.12017 0.35653 0.2681 0.20539 0.032876 0.21503 0.12941 0 0 0 0 0 0 0 0 0.49233 -0.10502 0.50127 0.12039 0.070233 -0.026367 0.07537 0.030542 0 0 0 0 -2.0676e-06 1.0852e-06 2.5229e-05 2.0076e-05 0.031602 -0.014247 0.032015 0.014605 0.050906 -0.018846 0.051795 0.019075 -0.00020116 -0.00045832 0.00022726 0.00047119
0 0 0 0 0.024517 0.0093513 0.024938 0.0097669 0.056602 0.021528 0.059114 0.022052 -0.00074911 0.0027604 0.00082791 0.0028256 0.00019802 0.00019802 0.00019802 0.00019802 0.48305 0.094646 0.48499 0.101 0.083552 0.030753 0.094195 0.035017 0 0 0 0 -0.00055932 -0.00023277 0.00055932 0.00095536 0.37575 -0.09672 0.38358 0.27604 0.19113 -0.034164 0.20113 0.13522 0 0 0 0 5.4624e-05 4.1748e-05 6.0979e-05 7.9165e-05 0.074491 0.042673 0.075113 0.043078 0.00014357 0.00017552 0.0018698 0.0011148 -0.00040742 -0.00074517 0.00095684 0.0009178
0 0 0 0 0.0018026 -0.00092946 0.0018026 0.00092946 0.073885 -0.0069766 0.075022 0.0069766 0 0 0 0 0 0 0 0 -0.00011921 -0.00011921 0.0025982 0.0025982 0.49643 -0.059411 0.49895 0.062975 0 0 0 0 -7.1543e-05 -7.1543e-05 7.1543e-05 7.1543e-05 0.27631 0.11589 0.28533 0.13732 0.17495 0.076504 0.41851 0.26244 0 0 0 0 -7.6706e-05 3.8409e-05 0.00010411 6.581e-05 0.068284 0.010758 0.068534 0.012718 -0.0051816 -0.0016501 0.075258 0.00621 7.1258e-05 -1.9148e-05 7.1258e-05 7.1258e-05
0 0 0 0 0.021345 0.029426 0.021586 0.030001 0.00071872 0.0793 0.00091786 0.07935 0.00093048 0.011744 0.001022 0.011745 0 0 0 0 0.38381 0.060765 0.38776 0.16204 -0.0072435 0.13664 0.022148 0.41199 0.0019708 0.018083 0.0040502 0.057069 0 0 0 0 0.47499 -0.038825 0.47499 0.038825 -0.0036984 -0.0011497 0.0036984 0.0011497 0 0 0 0 0 0 0 0 0.070713 0 0.070713 0 0 0 0 0 0 0 0 0
0 0 0 0 0.07256 0.0046619 0.07256 0.0046619 -0.00083972 0.000333 0.0031762 0.000333 0 0 0 0 0 0 0 0 0.47795 0.020537 0.48184 0.024454 0.0003906 -0.00043896 0.001493 0.00094181 0 0 0 0 0 0 0 0 0.3587 -0.065261 0.3875 0.1669 0.026963 -0.13645 0.031196 0.4205 0.00024867 -0.018932 0.00060979 0.062097 0 0 0 0 0.022492 -0.023112 0.02278 0.026629 0.00045427 -0.080461 0.0011658 0.080511 0.00014894 -0.01176 0.00014975 0.011761
-3.8582e-06 3.8582e-06 3.8582e-06 3.8582e-06 0.0010397 -0.0014931 0.0011211 0.0015107 0.0074668 -0.023524 0.016308 0.024696 -0.0015351 -0.0010671 0.0015966 0.0011579 -0.0035199 -0.057676 0.0070387 0.058566 0.039868 -0.42638 0.052906 0.43171 0.18431 -0.20648 0.19632 0.25013 0.00045977 2.1095e-05 0.00045977 0.00045977 -0.0018879 -0.0017578 0.0020868 0.0017578 0.00084633 -0.0016539 0.0027528 0.0027528 0.4578 0.065892 0.46109 0.069579 -1.7415e-06 -1.3954e-05 2.6167e-05 1.3954e-05 0 0 0 0 -0.0002897 -0.00013449 0.0010823 0.00065996 0.069751 0.011029 0.069961 0.011239 0.00073938 0.00048757 0.00079733 0.00052877
0.013203 0.0054773 0.013224 0.0054952 0.077406 -0.002067 0.077768 0.010691 -0.00020167 -0.0018498 0.049274 0.003598 -0.00010204 -5.0318e-06 0.00015397 0.00010086 0.020819 0.021692 0.02594 0.023299 0.22759 -0.071195 0.22875 0.077893 0.25722 -0.096193 0.42243 0.21403 -0.029773 -0.003622 0.041246 0.022836 0.00025744 0.00013266 0.00025744 0.00014204 0.001188 -0.0029471 0.002652 0.0041159 0.51735 0.094625 0.51896 0.096694 -0.0058679 0.010307 0.0071912 0.011162 7.6332e-06 1.7077e-06 7.6332e-06 1.7077e-06 0.01366 0.0046866 0.01366 0.0046866 0.065516 0.0099156 0.065516 0.0099371 0 0 0 0
0 0 0 0 0.0020423 -0.00022551 0.0021271 0.0010787 0.070859 -0.0026021 0.071235 0.0090955 3.884e-05 9.593e-05 3.884e-05 0.00017361 -1.1038e-05 6.7511e-06 0.00028942 9.6737e-05 0.21323 0.1901 0.21816 0.25198 0.28645 0.18189 0.28891 0.1956 -0.00010665 -0.00010665 0.00010665 0.00010665 3.2502e-05 -1.4912e-06 3.2502e-05 3.2502e-05 0.50873 -0.12976 0.50873 0.12976 0.021523 -0.011016 0.023903 0.016489 0 0 0 0 -3.0136e-06 1.767e-06 3.0136e-06 3.0136e-06 0.027963 -0.008726 0.027963 0.008726 0.051795 -0.011412 0.053335 0.012584 0 0 0 0
0 0 0 0 0.0007455 -0.00054925 0.0007455 0.00054925 0.070481 -0.0079845 0.070481 0.0080966 0 0 0 0 0 -8.9263e-05 0 0.0019455 0.0035243 0.0046248 0.0086554 0.010001 0.46614 -0.046516 0.47286 0.052068 0 0 0 0 0.0066403 0.056034 0.0066403 0.058035 0.035501 0.4214 0.040138 0.43899 0.21294 0.1725 0.22429 0.19697 0 0 0 0 2.0411e-05 0.00037324 2.0411e-05 0.00037324 0.00038396 0.0018679 0.00038396 0.0018679 0 0 0 0 0 0 0 0
-0.00015149 -0.00012333 0.00021833 0.0001522 0.0029177 0.0023401 0.0029177 0.0023401 0.030712 0.011651 0.078102 0.045076 0.0073153 0.0025206 0.010055 0.0073912 -0.00010967 -2.8826e-05 0.00012106 8.5757e-05 0.29099 0.021434 0.29222 0.034535 -0.013863 0.044189 0.61335 0.15448 -0.0024329 0.00022845 0.031585 0.012333 0 0 0 0 0.13021 -0.038922 0.14036 0.049325 0.21802 -0.10386 0.50409 0.24272 -0.02014 -0.0020726 0.020348 0.0046924 2.3823e-06 9.2807e-06 6.5023e-06 1.2878e-05 0.001035 -0.00064526 0.0014891 0.0010365 0.030607 -0.0071715 0.032409 0.025 -0.00088417 -0.00066447 0.0010588 0.0007348
-0.00021857 0.00010082 0.0003205 0.00040325 0.027109 0.0084761 0.027367 0.014516 0.025054 0.03039 0.042663 0.051597 -0.00074496 -0.0003209 0.01044 0.004279 0.00015898 -1.454e-05 0.0017713 0.0028939 0.35548 0.087508 0.38724 0.22626 0.055423 0.14248 0.11207 0.36604 0.012287 0.012482 0.013327 0.013515 0 0 0 0 0.4814 -0.053366 0.48436 0.060275 0.012774 -0.00082687 0.017747 0.012497 -9.4178e-05 -0.00028026 0.00058299 0.00045776 0 0 0 0 0.077254 -0.016445 0.077457 0.023912 7.9733e-05 -0.00037739 0.0027432 0.0027044 -3.4654e-05 -2.3917e-05 4.5038e-05 9.2091e-05
-1.351e-05 1.3168e-06 2.4853e-05 1.7479e-05 0.019101 0.0075015 0.019699 0.0096224 0.060585 0.023311 0.061394 0.023887 4.367e-06 4.367e-06 4.367e-06 4.367e-06 -6.9117e-06 -6.9117e-06 6.9117e-06 6.9117e-06 0.26413 -0.079054 0.26743 0.20831 0.25583 -0.19528 0.26609 0.24735 0 0 0 0 0 0 0 0 0.0041669 -0.0029008 0.010825 0.010825 0.51875 0.063601 0.52315 0.068945 0 0 0 0 -0.00029207 0.0016591 0.00031034 0.0016591 0.0035232 0.0053584 0.0058999 0.0064316 0.075221 0.01767 0.075915 0.018694 0.00022954 0.00019233 0.00028222 0.00031047
-1.0392e-06 1.1139e-06 1.0451e-05 1.6179e-05 0.025204 0.0078247 0.026302 0.008625 0.053917 0.013425 0.054999 0.014739 0 0 0 0 -3.9588e-05 -6.7024e-06 7.0517e-05 9.6257e-05 0.50177 0.12803 0.50241 0.13139 0.026115 0.015668 0.037708 0.016886 0 0 0 0 0.00050953 2.3378e-05 0.00050953 0.00050953 0.20935 -0.18193 0.25531 0.26595 0.28944 -0.15304 0.30191 0.17015 0 0 0 0 0 0 0 0 0.00026348 -0.00020162 0.00033129 0.00033129 0.074652 -0.005494 0.077124 0.0065819 7.025e-06 7.4294e-06 1.2948e-05 1.8536e-05
-0.00054957 -0.0019268 0.00057318 0.0019504 0.013678 -0.0087994 0.016151 0.010867 0.064838 -0.016033 0.065407 0.01686 0 0 0 0 0 0 0 0 0.014713 0.0040897 0.021301 0.0074995 0.5032 -0.073957 0.52469 0.10567 0 0 0 0 7.4074e-05 -6.0183e-05 0.00014487 0.00015091 0.2623 0.076348 0.27199 0.19761 0.25373 0.183 0.25998 0.28513 0 0 0 0 -1.3489e-06 2.4329e-05 3.8283e-05 5.5483e-05 0.015332 -0.0091282 0.015332 0.0091282 0.062427 -0.027733 0.062796 0.028013 4.2998e-06 -4.2998e-06 4.2998e-06 4.2998e-06
0 0 0 0 0.0083179 0.021476 0.0083179 0.021476 0.0072756 0.060376 0.0074876 0.060376 0.0012373 0.012865 0.0013152 0.01288 0 0 0 0 0.37929 0.044847 0.38317 0.22275 0.010007 0.16148 0.025765 0.38766 0.0019567 0.013812 0.0022414 0.029528 0 0 0 0 0.47748 -0.046069 0.47748 0.046069 -0.0029237 0.00046594 0.005549 0.00046594 0 0 0 0 0 0 0 0 0.071322 -0.011612 0.071322 0.011612 0.00053468 -0.00041007 0.0018279 0.00074945 0 0 0 0
0 0 0 0 0.071778 0.0092677 0.072035 0.0095251 0.00010604 0.00060788 0.0015901 0.00082295 0 0 0 0 0 0 0 0 0.47806 0.045788 0.47946 0.045788 0 0 0 0 0 0 0 0 0 0 0 0 0.37361 -0.033901 0.38136 0.21926 0.01882 -0.16081 0.022468 0.39479 0.0027096 -0.014267 0.0031176 0.02935 0 0 0 0 0.0081992 -0.023481 0.0083118 0.023742 0.0060406 -0.060391 0.0060406 0.060391 0.0018073 -0.012819 0.0018394 0.012885
-7.063e-05 -4.104e-05 9.9684e-05 0.00010272 0.0015618 0.0015618 0.0015618 0.0015618 0.035423 0.01917 0.068893 0.050662 0.0018039 -0.00066608 0.0074619 0.0087743 -9.7574e-06 -4.0908e-06 9.7574e-06 4.0908e-06 0.26406 0.028518 0.26843 0.035608 -0.0078201 0.036054 0.59553 0.1706 0.017579 0.011977 0.043115 0.026768 0.00025783 4.016e-05 0.00025783 0.00012923 0.11394 -0.041999 0.1546 0.054737 0.2459 -0.062663 0.54288 0.22953 -0.01989 -0.0044943 0.021057 0.0055108 -1.8836e-05 1.842e-05 2.9929e-05 2.7449e-05 0.0020623 0.0015898 0.0034855 0.0041078 0.036367 0.0002689 0.042273 0.037715 0.0003724 -0.00036116 0.00065831 0.00070251
-2.2776e-06 1.5295e-06 2.2776e-06 2.0499e-06 0.00063459 -0.00030922 0.00069225 0.00039951 0.034586 -0.015659 0.036847 0.016281 -2.0826e-07 4.1092e-05 6.4649e-05 8.17e-05 -0.00037842 0.0001441 0.00052901 0.00023891 0.13601 0.03528 0.13738 0.041044 0.17863 0.09847 0.47699 0.25005 -0.00018989 8.4382e-05 0.00063063 0.00057145 -0.0054337 0.0025158 0.0057213 0.004628 0.24687 -0.024701 0.24687 0.034428 0.056207 -0.024298 0.68002 0.16431 -0.0096277 0.0037668 0.0097323 0.0039344 -0.001076 6.9754e-05 0.0013096 0.0014981 0.00019095 -0.00020956 0.00025516 0.00023655 0.035569 -0.035675 0.045101 0.056679 0.0007803 -0.0024894 0.0027857 0.0034458
-0.013186 0.00044921 0.013271 0.0029047 0.0030287 -0.15617 0.029227 0.15617 -0.025684 -0.12376 0.033689 0.12376 0.012967 -0.0060303 0.012989 0.0060906 -0.16823 -0.01955 0.16823 0.03071 0.00021237 0.018096 0.20257 0.12323 -0.0025837 0.056232 0.23126 0.34841 0.11291 0.034113 0.11724 0.045273 -0.18067 -0.0084541 0.18067 0.046057 0.070153 0.214 0.14305 0.45545 0.0941 -0.052077 0.35939 0.24852 0.057316 -0.0043576 0.065752 0.029134 0.0012788 0.0017166 0.0013155 0.0021827 -0.010847 0.038428 0.01242 0.038428 -0.028249 0.10959 0.099151 0.10959 0.00037857 0.00037857 0.00037857 0.00037857
0 0 0 0 -0.00064952 -5.4441e-05 0.00080679 0.00045611 0.0033837 0.021858 0.0097694 0.022893 0.00051613 0.00277 0.0011559 0.0028891 0 0 0 0 -0.0068076 -0.0088316 0.025013 0.021799 0.34027 -0.085796 0.39432 0.45295 0.0029285 -0.010626 0.016846 0.081081 0 0 0 0 -0.00062715 0.007533 0.023003 0.028615 0.41344 0.2422 0.43416 0.2679 0.0023896 0.046702 0.0049096 0.047468 0 0 0 0 -0.00061901 -7.5501e-05 0.00088175 0.00091926 0.07259 -0.0031843 0.07594 0.0095903 -1.9062e-05 5.873e-05 3.1922e-05 5.873e-05
-0.00010361 1.3332e-05 0.00016018 5.6776e-05 0.00065709 0.00033619 0.00065709 0.00033619 0.017429 0.030067 0.01772 0.031019 0.0034993 0.0023319 0.0049801 0.0031137 -0.0068039 5.2644e-05 0.0073717 0.0055069 0.081448 0.030701 0.082185 0.032404 0.21006 0.049855 0.63154 0.23906 -0.019026 -0.003125 0.01908 0.0033664 -0.0037727 -0.00047737 0.0042299 0.0042408 0.15746 -0.025037 0.15802 0.027876 0.13255 -0.0037986 0.61929 0.14415 -0.014842 0.001423 0.014955 0.0015796 -4.0017e-05 -1.0226e-06 0.00012513 2.3941e-05 0.00045204 0.00013917 0.00045204 0.00018172 0.028093 -0.040944 0.028247 0.042096 0.00016643 -0.00092709 0.0032917 0.0018651
0 0 0 0 8.1491e-05 0.00027253 0.00063181 0.0014653 0.070589 0.0026274 0.071399 0.014657 -4.3665e-05 4.3665e-05 4.3665e-05 4.3665e-05 0 0 0 0 -0.0096323 -0.0034168 0.017063 0.014486 0.41917 -0.23231 0.47665 0.24503 0.0035724 -0.046269 0.0072216 0.04658 0 0 0 0 -0.0040924 0.0029054 0.015672 0.0069261 0.34339 0.081792 0.3861 0.42948 -0.0024487 0.010881 0.017111 0.080407 2.236e-05 9.6639e-06 2.236e-05 2.236e-05 -0.0036611 -0.0021769 0.006606 0.0056736 0.0066495 -0.028846 0.017607 0.03431 0.00017389 -0.0029756 0.00052236 0.003301
-2.0634e-06 2.0634e-06 2.0634e-06 2.0634e-06 0.035032 -0.016876 0.035097 0.016994 0.020888 -0.0029758 0.021629 0.0031305 0.0036214 -0.00036973 0.0036214 0.00037385 -0.012317 -0.0029485 0.012317 0.0043413 0.33414 -0.0042347 0.56385 0.11569 0.15037 1.8037e-05 0.15736 0.0027112 0.0088584 0 0.025741 0 -0.019822 0.0045938 0.020502 0.0080157 0.3379 0.0094321 0.56895 0.11777 0.15049 -0.00027946 0.15753 0.0020687 0.0088584 0 0.025741 0 -8.4314e-05 -0.00025085 0.00012646 0.00025085 0.035137 0.0090912 0.035435 0.0092793 0.021701 0.00010119 0.02208 0.00030421 0.0012961 -7.1781e-06 0.0037014 1.6609e-05
