-0.0074414 -0.00067602 0.0074543 0.0014689 -0.001679 -0.00039796 0.0032797 0.0023119 -0.002033 0.00097581 0.0024702 0.0023794 0.0035373 0.00098095 0.0041339 0.0011241 -0.010468 -0.0083586 0.011552 0.0091888 0.18954 0.18412 0.28826 0.22278 -0.19184 0.20248 0.22458 0.24311 0.13177 0.073208 0.13237 0.073238 -0.0031571 -0.0014642 0.0031571 0.0027644 0.16358 -0.20055 0.24299 0.2132 0.131 -0.12625 0.49291 0.32104 0.042937 0.021459 0.042937 0.022381 -0.00027238 -0.00012802 0.00035353 0.00017458 -0.002933 -0.00077598 0.0037074 0.0029761 0.060383 0.003509 0.067829 0.018531 0.00034369 -0.0011347 0.0004232 0.001792
0.00018887 -7.0562e-05 0.0002006 0.00018194 0.010597 -0.0033335 0.011598 0.0057813 0.063274 -0.0044684 0.063274 0.0070667 0 0 0 0 3.2398e-05 -0.00079454 0.001088 0.001488 0.00057709 0.00073548 0.016078 0.022742 0.495 -0.095927 0.495 0.095927 0 0 0 0 0.0025109 0.0049135 0.0069826 0.0065832 0.18233 0.32544 0.18787 0.33308 0.25238 0.17967 0.25238 0.19159 0 0 0 0 0.0075666 0.012273 0.0075724 0.012275 0.0034911 0.0053766 0.0034911 0.0053766 0.00029493 0.00013 0.00029493 0.00013 0 0 0 0
0.00014256 -0.00021687 0.00014983 0.00021871 7.0261e-05 -0.00047647 0.0020909 0.0019688 0.071314 0.0077193 0.071314 0.0077253 0 0 0 0 0.00053054 -0.00030829 0.0012296 0.00081449 0.0055917 -0.0092455 0.011645 0.011703 0.49066 -0.09519 0.49066 0.1057 0 0 0 0 0.0026313 0.0025175 0.0035416 0.0036325 0.22206 0.32241 0.23002 0.32732 0.22356 0.19192 0.22356 0.19192 0 0 0 0 0.0070841 0.013304 0.0070901 0.01331 0.0054496 0.0068598 0.0054496 0.0068598 0 0 0 0 0 0 0 0
-6.8533e-05 0.000443 0.00017637 0.000443 0.00070677 0.0017359 0.0013478 0.0023038 0.029227 0.010991 0.030825 0.011438 0.0023356 0.0012394 0.0023365 0.0013095 -0.0040717 0.0016191 0.0047875 0.0022186 0.2248 0.1836 0.23286 0.21659 0.17792 0.35751 0.18267 0.35981 0 0 0 0 -0.002367 -0.00016064 0.0038426 0.0025153 0.47763 -0.10029 0.48485 0.1045 0.0071652 -0.0060581 0.0071652 0.0060581 0 0 0 0 -6.4856e-05 -0.00019835 0.00011848 0.00022373 0.036305 -0.0080213 0.037031 0.0082204 0.03772 -0.0079513 0.03772 0.0079513 0 0 0 0
-0.00065025 0.00026721 0.00078543 0.00038444 0.0015491 0.0008355 0.0022103 0.0023644 -0.00093725 -0.00023488 0.0016152 0.0015828 0.00021025 -0.00019535 0.00038543 0.00043175 -8.9541e-06 0.00036237 0.0013176 0.001553 0.21006 0.19898 0.22157 0.21649 0.1128 0.39442 0.11665 0.40135 0.012816 0.041707 0.012816 0.041707 -0.00021699 0.00022201 0.0013249 0.00080205 0.47068 -0.085312 0.47851 0.093889 0.0011827 -0.00052501 0.0011827 0.00052501 0 0 0 0 1.5655e-05 7.6875e-06 0.00020818 0.00011306 0.053145 -0.014747 0.053374 0.015129 0.01804 -0.0082804 0.01804 0.0082992 0 0 0 0
0.0073571 -0.0091456 0.0074209 0.009217 0.016057 -0.019285 0.016057 0.019285 0 0 0 0 0 0 0 0 0.00024129 0.00041803 0.0012552 0.0017474 0.21135 -0.28008 0.22419 0.29389 0.26143 -0.18791 0.26143 0.18832 0 0 0 0 -0.00092745 0.00073533 0.0013426 0.0010251 0.009029 0.00036951 0.023764 0.01506 0.49947 0.11081 0.49947 0.11081 0 0 0 0 -0.00014195 -7.8919e-05 0.00019386 0.00017152 0.029304 0.0094013 0.034945 0.0098222 0.047336 0.0081193 0.047336 0.0081193 0 0 0 0
0.0069685 -0.0068345 0.0070677 0.0071295 0.019929 -0.02151 0.019929 0.021691 0.00023281 -5.2084e-05 0.00023281 5.2084e-05 0 0 0 0 -0.0012154 0.00032949 0.0024028 0.0012658 0.21737 -0.2641 0.23114 0.27904 0.27739 -0.19646 0.27831 0.19901 0 0 0 0 0.00098282 -0.0005586 0.0012167 0.0013538 0.033926 0.025532 0.04753 0.03707 0.48172 0.13915 0.48172 0.1408 0 0 0 0 2.2594e-05 -8.644e-05 0.0003929 0.00036559 0.05839 0.0082456 0.062565 0.011912 0.020087 0.0072723 0.020087 0.0072723 0 0 0 0
2.2452e-05 3.9582e-05 0.00017247 0.00016482 0.0017747 0.001998 0.004618 0.0039728 0.076545 0.021523 0.076545 0.021523 6.403e-06 3.4146e-06 6.403e-06 3.4146e-06 0.00047798 -0.0011687 0.0022895 0.0016264 0.45325 0.16521 0.46787 0.17771 0.099617 0.03968 0.099617 0.047737 0 0 0 0 -0.00065125 -0.0012691 0.002173 0.0026396 0.36158 -0.19077 0.37792 0.20195 0.19151 -0.14602 0.19151 0.1503 9.577e-05 -0.00017011 9.577e-05 0.00017011 0.00041877 0.00010648 0.0010467 0.0007137 -0.0038492 -0.0018556 0.0070054 0.0038188 0.049832 -0.058784 0.051644 0.060456 0.0024214 -0.0030476 0.0024684 0.0030852
0.00029017 0.0004885 0.0028114 0.0030045 -0.0043723 0.010604 0.05535 0.041454 0.0022148 0.0072872 0.031458 0.034555 -0.0012118 -0.0028579 0.0033762 0.0045054 0.012328 -0.015736 0.05587 0.027662 0.15257 0.1442 0.30145 0.36356 -0.07902 0.21724 0.29154 0.31026 -0.019206 0.0017347 0.029738 0.047727 0.00365 0.011492 0.038626 0.02227 0.17474 -0.11569 0.2785 0.30666 -0.14545 -0.19334 0.28093 0.33911 -0.0067756 -0.0039985 0.028138 0.047686 0.0024138 0.0016716 0.0066404 0.0029708 -0.0014306 -0.0038454 0.037477 0.020377 -0.0041835 0.0049638 0.058891 0.06662 2.7179e-05 -0.00069117 0.0060032 0.0053479
-0.00092609 -0.00015199 0.0010972 0.00038839 -0.0008072 -0.001338 0.0054244 0.0033439 0.00081262 -0.00062034 0.003225 0.0018033 -4.176e-05 4.6532e-05 0.00019061 0.00022558 -0.0025067 0.00043064 0.0077955 0.0024587 0.18502 0.17305 0.2082 0.2061 -0.049503 0.33753 0.11557 0.41871 -0.024122 0.0174 0.025549 0.020456 -0.0021386 -0.00050186 0.0072019 0.0035439 0.41118 -0.10273 0.41651 0.11656 -0.10406 -0.083602 0.27528 0.25174 -0.076889 -0.0091123 0.077355 0.027079 -0.00050751 -5.5279e-05 0.00077249 0.00059633 0.0054289 -0.0061337 0.0090834 0.0088556 -0.00035488 -0.054305 0.0094866 0.056021 -0.00050816 -0.00015743 0.0016822 0.00078558
0.00070508 -0.0060223 0.0025316 0.0064303 0.0030322 -0.016855 0.028661 0.026157 -0.013991 -0.0099756 0.020286 0.019916 -0.00059845 -0.00058292 0.0046549 0.0015135 -0.019144 -0.0073255 0.032144 0.026333 0.12168 0.11282 0.40209 0.30715 -0.078478 0.22444 0.23537 0.35699 -0.010212 0.018464 0.014858 0.029458 0.013921 0.00396 0.027013 0.026478 0.15014 -0.096035 0.32939 0.33249 -0.14444 -0.21799 0.19273 0.32097 -0.0070321 -0.010267 0.018659 0.036435 -0.0035392 -0.00021884 0.0059752 0.0043338 0.012363 -0.010018 0.028616 0.011814 -0.0076881 -0.012747 0.072791 0.024886 0.00092714 -0.0015145 0.0057684 0.010026
-0.00073555 -0.00025917 0.00090518 0.00040928 0.01662 0.015165 0.019071 0.01746 -0.012717 0.046184 0.01551 0.046883 -6.6219e-05 -0.00014623 0.00021581 0.00031417 -0.0028764 -0.00033617 0.0063644 0.0024729 0.40482 0.052747 0.40852 0.095487 -0.13397 0.1124 0.29554 0.32748 -0.049312 0.0040473 0.049795 0.033877 -0.0022735 -2.8146e-06 0.0051644 0.0021524 0.17416 -0.15899 0.19582 0.16979 -0.033979 -0.36486 0.15687 0.37029 -0.01922 -0.01241 0.021792 0.014633 -0.00032341 -1.9254e-05 0.0004275 0.00044797 -0.0022063 -0.00076746 0.0046852 0.0029154 0.0015522 0.00027171 0.004415 0.0033351 0.0022394 0.0013122 0.0031734 0.0015847
4.7907e-05 2.7529e-05 0.00027338 0.00021576 0.035382 -0.028718 0.054724 0.035129 -0.017689 -0.061508 0.032388 0.10012 0.00132 -0.002793 0.0052756 0.00614 0.00022846 1.0998e-05 0.001725 0.0029149 0.19066 0.15983 0.23203 0.19436 -0.18151 0.21654 0.20609 0.23699 0.051139 0.023989 0.058471 0.025866 -0.00088349 -0.001124 0.0024738 0.0023657 0.37656 -0.061285 0.4282 0.067878 -0.13947 0.060205 0.42089 0.29874 0.021651 0.016773 0.047176 0.040753 0.00011414 -3.2486e-05 0.00015566 0.00025306 0.053919 -0.0080592 0.054533 0.013392 -0.0013287 0.011481 0.063979 0.033468 -0.0012844 -0.00083397 0.0059502 0.0047616
-0.00031174 0.00037763 0.00036909 0.00055738 0.045985 0.02045 0.046942 0.02286 -0.023497 0.045148 0.053028 0.04526 0.0040926 0.0029758 0.0043318 0.0030732 0.018701 0.014395 0.020106 0.01631 0.053453 -0.010419 0.36456 0.35569 0.1659 -0.11162 0.43342 0.28148 -0.002347 0.016738 0.054935 0.046975 0.070942 0.0084227 0.078881 0.024152 -0.13431 0.16199 0.23043 0.34161 0.17187 0.061711 0.2977 0.23728 -0.0069708 0.014882 0.035215 0.047602 0.0037426 -0.0035198 0.0038429 0.0036017 0.016043 -0.013123 0.021181 0.022924 -0.00057962 0.015427 0.015463 0.030514 0.0028389 -0.0058214 0.0071791 0.0076702
0.00014192 0.00011168 0.00019371 0.00029205 0.054018 0.015832 0.056626 0.021056 0.015021 0.027158 0.015032 0.027347 7.8174e-05 0.0019036 0.00017623 0.0019036 0.0014605 -0.0014528 0.0015269 0.0014589 0.47677 0.054863 0.4848 0.060857 0.0045456 0.00097066 0.0045456 0.0012339 0 0 0 0 0.00051566 -0.00073135 0.00087178 0.00084568 0.4925 -0.0052468 0.49772 0.1591 0.00032169 -5.8425e-05 0.00032169 0.00032169 0 0 0 0 0.0040379 0.0059417 0.0040379 0.0059715 0.031161 0.04724 0.031161 0.04724 0 0 0 0 0 0 0 0
7.6097e-05 -0.00015734 0.00015235 0.0002416 0.062814 0.0051427 0.063207 0.0074394 0.012484 0.0020821 0.012484 0.0030306 0 0 0 0 0.00087586 0.00027694 0.0012592 0.001587 0.47922 0.092771 0.48246 0.10074 0.012698 0.0019853 0.012698 0.0032822 0 0 0 0 -0.00033617 -0.00039593 0.00084088 0.001836 0.48479 -0.099538 0.49397 0.10291 0.013616 -0.0010448 0.013616 0.001919 0 0 0 0 2.6238e-05 -6.151e-05 0.00015223 0.00015132 0.069456 -0.0046545 0.072352 0.0051603 0.0061788 -0.0041715 0.0061788 0.0043542 -8.8698e-08 -8.8698e-08 8.8698e-08 8.8698e-08
0.001474 0.0016901 0.001955 0.0025118 0.002421 0.0082365 0.039333 0.023299 -0.012881 -0.0019063 0.057015 0.024949 0.00022227 0.00018865 0.00083841 0.00129 -0.015961 -0.017032 0.024806 0.0191 0.16657 0.010672 0.42285 0.23452 -0.055875 0.028859 0.4118 0.28633 -0.048641 0.023641 0.069821 0.031663 0.00071945 0.01309 0.022119 0.023068 0.1685 -0.04238 0.38996 0.33028 -0.11871 -0.11736 0.2513 0.26226 0.0020236 0.00051524 0.03976 0.042705 0.0011797 -0.00053699 0.0040826 0.0013933 0.0023397 -0.048347 0.040532 0.052838 0.017897 -0.0052695 0.036874 0.044242 -0.0010555 0.0041532 0.0039492 0.0055124
-2.8885e-05 5.9709e-05 0.00015341 0.00016252 0.068395 0.0072186 0.069224 0.008209 0.0055256 0.0019881 0.0055256 0.0025595 0 0 0 0 -0.0010714 -0.00021832 0.0012588 0.00114 0.48489 0.069771 0.48989 0.072342 0.0067897 -2.2034e-05 0.0067897 0.0013769 0 0 0 0 -0.00058446 -0.00035859 0.0013403 0.0020149 0.48776 -0.079912 0.49439 0.082413 0.0064857 -0.00014158 0.0064857 0.00092634 0 0 0 0 1.8704e-05 -0.00011836 0.00021358 0.00015496 0.046225 -0.014969 0.049656 0.015323 0.020632 -0.041739 0.021 0.041739 0.00058584 -0.0023499 0.00060511 0.0023499
3.1911e-05 0.00011686 0.00011979 0.00022435 0.0731 -0.00039845 0.076515 0.0032113 0.00099161 0.0011667 0.0011621 0.0012685 9.0523e-06 4.1393e-05 1.4416e-05 4.1393e-05 -0.0005779 0.00014017 0.0014495 0.0019027 0.48654 0.097997 0.49114 0.10007 0.0062732 0.00066974 0.0081929 0.0029002 0 0 0 0 0.00044807 0.00011021 0.0011581 0.0020468 0.4815 -0.082407 0.48471 0.084483 0.0031213 -0.0018214 0.0034007 0.0058279 0 0 0 0 5.4414e-05 0.00010121 0.00013502 0.00021164 0.071397 -0.0056932 0.071614 0.007236 0.0024725 -0.00033738 0.0024725 0.001229 0 0 0 0
0.011263 0.0012033 0.01137 0.0023744 -0.032155 -0.038302 0.047152 0.056535 0.030497 -0.012764 0.042499 0.028299 0.0012253 0.0054825 0.0046771 0.0064897 -0.010173 0.010788 0.051073 0.051182 -0.093639 0.024805 0.1043 0.13766 0.33176 -0.020725 0.36732 0.15369 -0.014075 -0.0058412 0.061546 0.04248 -0.0033793 0.0082042 0.035111 0.046917 -0.030515 0.21341 0.27267 0.47324 0.081842 0.08603 0.28589 0.46106 -0.0028136 -0.010283 0.022102 0.038192 -0.00060683 0.0015193 0.0069394 0.0046997 0.0035772 -0.0086593 0.031315 0.047723 -0.0020553 0.0095339 0.036094 0.069929 0.00072951 0.00053617 0.0021131 0.0032663
7.6991e-05 -0.00040351 0.00036805 0.00087835 0.03068 -0.012728 0.032414 0.015547 0.0049925 -0.0037813 0.052503 0.025779 0.0017718 0.00076839 0.0036501 0.0041754 -0.027068 0.043036 0.030175 0.055282 -0.0088192 0.043548 0.061456 0.071766 0.23459 -0.076301 0.49565 0.24392 0.024014 0.0050448 0.051964 0.044225 -0.010981 -0.011098 0.015785 0.015259 -0.10861 0.18958 0.21236 0.43464 0.072929 0.063242 0.33838 0.42873 0.060944 -0.011452 0.080492 0.053682 -0.0022163 0.00018031 0.002434 0.0023513 -0.0031759 -0.010469 0.016483 0.021322 0.0091765 0.017977 0.010331 0.025198 -0.00014011 0.0017197 0.0034244 0.0066338
-0.00010073 -5.2425e-05 0.00023003 0.00013984 0.050727 0.01724 0.053944 0.018047 0.00512 0.05604 0.0053953 0.05716 -0.00021792 0.0073065 0.00059727 0.0073394 1.0822e-05 0.000683 0.0016015 0.0013025 0.49108 0.053373 0.50064 0.060744 0.0024179 -0.00013999 0.0024179 0.00013999 0 0 0 0 -0.00056207 -0.0001372 0.00095888 0.0012148 0.48578 -0.054073 0.48594 0.05827 0.0032759 -0.00035148 0.0032759 0.0014045 0 0 0 0 6.4602e-05 -1.8655e-05 0.0001378 7.0052e-05 0.07219 -0.002446 0.072239 0.0076702 0.00073017 -0.00029903 0.00073017 0.00029903 0 0 0 0
0.00016192 0.00030918 0.00038961 0.00043437 0.022524 0.021886 0.041888 0.038191 0.0096901 -0.0016504 0.034474 0.038206 0.0011581 0.00478 0.0065673 0.0062489 0.025401 -0.0050347 0.026501 0.014934 -0.02071 -0.2006 0.29441 0.32478 0.22077 -0.021902 0.33768 0.29557 -0.0081801 -0.0085178 0.029536 0.040311 0.00090399 0.00092647 0.0025708 0.0027598 0.089685 0.08593 0.32919 0.33858 0.16214 0.040378 0.40267 0.24726 0.015893 -0.025126 0.047245 0.042371 -0.0003033 -0.00019059 0.00043589 0.00029448 0.041728 -0.022163 0.042034 0.022952 -0.026274 -0.042102 0.04347 0.042201 0.0043101 -0.0036859 0.0047963 0.0036896
7.256e-05 -0.00012126 0.00026279 0.00044002 0.041183 0.0052125 0.044039 0.012463 0.0084803 -0.0106 0.022242 0.027989 -0.0010662 -0.001589 0.0042523 0.004731 0.0012788 0.0010726 0.00282 0.0034092 0.35195 0.017295 0.42068 0.089382 -0.20258 -0.10048 0.32797 0.23591 0.05004 -0.019241 0.064451 0.037285 0.0043081 0.0042245 0.0051834 0.0052007 0.14232 0.019204 0.29503 0.42265 -0.18148 -0.06291 0.19111 0.29346 0.038627 -0.01804 0.04086 0.024529 0.010173 0.00047563 0.010372 0.0041829 -0.0039255 0.0029476 0.03908 0.055728 -0.00086568 0.0070466 0.037398 0.07783 0.0043849 0.0098707 0.0053226 0.014169
0.00038603 -0.00025964 0.00052729 0.00050123 -0.00062853 0.00099889 0.0020948 0.0019095 -0.00063127 0.00092623 0.0010824 0.0012235 6.0262e-05 -1.967e-05 0.00025267 0.00020393 -0.023372 0.024861 0.035938 0.056995 0.024601 0.12824 0.239 0.19083 0.035758 0.091133 0.13165 0.59132 -0.0022517 0.019356 0.026001 0.060459 -0.029425 -0.030449 0.033211 0.056702 0.28289 -0.084646 0.36115 0.091557 -0.076458 0.15804 0.29298 0.37158 -0.00049858 0.0069701 0.029688 0.035294 -0.0067118 0.0049879 0.0080749 0.0061209 0.0054051 0.033267 0.030326 0.041721 0.011635 -0.025223 0.077295 0.050838 0.0037494 0.00065343 0.00472 0.0061032
5.3808e-05 3.8768e-05 0.00026942 0.00030278 0.034011 0.0026244 0.035083 0.016691 0.006507 0.012394 0.016415 0.029446 0.0010619 0.0031338 0.0028225 0.0050059 0.0005203 -0.0019544 0.0026535 0.0032543 0.22634 0.048762 0.34419 0.17307 0.12164 0.04551 0.35158 0.40485 0.0060454 -0.00018672 0.046629 0.038568 0.0034151 -0.0020486 0.0039092 0.0024931 0.18763 -0.12245 0.19806 0.12975 0.050724 -0.28988 0.41358 0.34456 0.0087175 0.014725 0.019195 0.040322 0.00060116 -0.00018902 0.0010344 0.00051228 -0.0012472 -0.0053204 0.0021863 0.0053204 0.0041102 -0.010178 0.0062691 0.010178 0.0081977 -0.014068 0.0084757 0.014068
-0.0014235 0.0015314 0.0022115 0.0020119 0.0023931 0.003351 0.0036253 0.0035947 -0.00061831 0.0045915 0.0024783 0.0045915 0.0039032 0.0096134 0.0043225 0.0096134 -0.0056195 0.00067549 0.0077074 0.0056015 0.2107 0.12711 0.21522 0.12793 0.021681 0.30955 0.39093 0.32603 0.014336 -0.00034435 0.023076 0.036406 0.0005089 0.0021653 0.0020366 0.0032407 0.17562 0.054357 0.4139 0.24579 0.13095 -0.0090959 0.35804 0.31749 0.014464 0.0053677 0.032377 0.037996 0.00020524 -0.00019137 0.0002551 0.00021927 0.031057 -0.016118 0.034349 0.019374 0.0090705 -0.020284 0.019765 0.024752 -0.0017214 -0.0041277 0.0038735 0.005935
-0.0019743 0.00040391 0.0051729 0.0037193 0.012969 0.0022007 0.056084 0.054156 -0.0059767 -0.012418 0.052144 0.060153 -0.0011618 -0.0058039 0.0046055 0.014738 0.021285 0.00049027 0.048316 0.037455 -0.094907 -0.11995 0.35894 0.38134 0.14199 -0.11615 0.30241 0.42326 -0.0060791 0.031554 0.028673 0.065471 0.011368 -0.025804 0.031387 0.055951 -0.083693 -0.12812 0.10008 0.14834 0.32612 0.074736 0.38861 0.19044 -0.0086091 0.0061858 0.033782 0.035927 0.0047679 0.0099437 0.0068502 0.014543 -0.017152 0.030792 0.034815 0.034497 0.044349 0.0055136 0.077232 0.021476 0.00025971 -0.0038415 0.0072079 0.005765
6.2504e-06 4.1165e-05 0.00039044 0.00026904 0.027291 0.0022381 0.046826 0.027929 0.003238 0.048494 0.047117 0.056633 -0.002207 0.0072425 0.0045911 0.0079202 0.00058445 0.0029142 0.0035079 0.0043863 0.35279 0.044807 0.37766 0.067498 -0.015388 -0.13098 0.23401 0.30707 -0.0025065 0.021314 0.036644 0.040505 -2.7861e-05 -0.00055395 0.0020071 0.0036085 0.27315 -0.0098766 0.31273 0.25917 -0.18711 -0.12276 0.36916 0.30966 0.047479 -0.022478 0.073602 0.044096 -0.00014966 0.00022444 0.00057773 0.00078721 0.018697 0.0046376 0.061594 0.037255 0.0066382 0.017953 0.031751 0.075148 -0.0012045 0.0040543 0.0043949 0.0091685
-0.001201 -0.00046923 0.0052734 0.007123 -0.010194 -0.0021637 0.033031 0.026693 -0.0061107 -0.018652 0.03082 0.028971 0.0053283 -0.0010422 0.012694 0.0045575 -0.002384 -0.036111 0.017772 0.048075 0.17872 -0.044738 0.31027 0.22495 -0.15011 0.1278 0.47682 0.26801 0.019599 0.014262 0.035913 0.030123 0.0015412 0.0017328 0.003933 0.0035649 0.22916 0.0079952 0.38138 0.23806 -0.10255 -0.1209 0.32532 0.26509 0.0073962 -0.013252 0.044559 0.041225 0.0058412 0.0047398 0.0083997 0.0057566 0.0012036 -0.0031875 0.030204 0.028508 -0.0031592 0.019933 0.070086 0.053785 0.0014687 -0.00091719 0.0047899 0.0034605
-0.0022156 0.00047551 0.0079429 0.0031227 -0.0072619 -0.0088561 0.051954 0.04995 0.016061 0.018342 0.10803 0.029974 -0.0053756 0.0027207 0.0087563 0.0078257 0.0070657 -0.029896 0.019532 0.07224 0.023713 -0.20093 0.12561 0.48449 0.10262 -0.10978 0.37126 0.40283 -0.0054776 -0.026348 0.034035 0.099276 -0.0010178 0.00051152 0.0069284 0.0045734 0.054964 0.040089 0.079003 0.084432 0.24217 0.098967 0.39582 0.28961 -0.02397 0.030395 0.052727 0.076707 8.7916e-05 0.0022604 0.0027018 0.003721 0.022953 0.044285 0.03778 0.058418 0.011547 0.00095323 0.053127 0.035345 0.00013893 0.0024253 0.0070342 0.0030621
0.002262 0.0024485 0.0057396 0.0053283 -0.019876 -0.024203 0.035421 0.030935 0.047128 -0.012852 0.055156 0.024161 -0.00081342 0.00084588 0.0090908 0.0046327 -0.013205 -0.027338 0.033982 0.03478 -0.007274 -0.0066031 0.054012 0.044409 0.2983 -0.033873 0.41822 0.12831 0.012063 -0.015693 0.040949 0.032641 0.064705 0.011134 0.065146 0.037526 -0.14463 0.28072 0.24271 0.51487 0.16002 0.11067 0.4032 0.22818 -0.017141 0.0031781 0.0382 0.028881 0.00054628 -0.00032752 0.00083923 0.00059794 0.01055 -0.0032402 0.048671 0.045746 0.02161 -0.0052415 0.040648 0.045431 -0.0078121 -0.0021404 0.0081864 0.0028047
0.0010239 -9.8356e-05 0.0064013 0.0035177 0.014991 0.0099067 0.036283 0.033742 -0.046116 -0.0036494 0.047408 0.012175 -0.00013874 -5.5556e-05 0.00034214 0.00025413 -0.019234 -0.028673 0.034708 0.066974 0.050316 -0.069744 0.2813 0.38559 -0.12547 0.15419 0.1602 0.39162 -0.00032989 -0.00016949 0.0023275 0.0020626 -0.0017991 -0.0014076 0.0035787 0.0040702 0.20687 -0.031827 0.44718 0.11095 0.025043 0.10025 0.42403 0.26716 -0.036503 0.030463 0.042606 0.032919 -0.0010789 0.0068731 0.0018957 0.0078115 0.0049253 0.023056 0.021351 0.04472 0.019322 -0.0013712 0.068736 0.024034 -6.2272e-05 -0.00071233 0.0066515 0.0036991
-0.0005273 0.00032702 0.00057345 0.0011822 0.0071742 0.0095691 0.012815 0.0144 0.0046533 0.062463 0.022657 0.066537 -0.0011584 0.0086275 0.0025818 0.009304 -0.0011855 0.00031237 0.0030924 0.0019793 0.34399 0.069603 0.35632 0.10624 0.035876 0.038355 0.20638 0.29977 -0.04635 0.016048 0.061134 0.02446 -0.00031595 -0.00059542 0.0023568 0.0044308 0.42302 -0.018934 0.43519 0.12839 -0.056279 0.076943 0.2646 0.30745 -0.00040096 -0.013592 0.056867 0.049871 -0.00047733 0.00052574 0.00053956 0.00056021 0.017784 -0.021408 0.018495 0.025196 -0.0016547 -0.098129 0.030545 0.099751 -0.0029433 -0.0031839 0.0035002 0.0041697
-0.00034073 5.8454e-05 0.00077454 0.00063405 0.0039775 -0.0015882 0.0085613 0.0045492 0.055816 0.0025898 0.13607 0.022025 0.00077184 -0.00024979 0.0036338 0.0035204 7.767e-05 -0.00039043 0.0023574 0.0020688 0.29221 0.13149 0.42747 0.16379 0.090315 -0.12932 0.25227 0.25983 -0.0025681 -0.007587 0.045677 0.052517 0.00013084 -0.0013848 0.0026586 0.0047142 0.26642 -0.15992 0.28675 0.22788 -0.0073774 -0.024946 0.4167 0.28918 0.00131 -0.018942 0.07011 0.054151 -0.00016066 -1.81e-05 0.00041648 0.00035064 0.00092329 -0.0012979 0.0049029 0.002414 0.010434 -0.058086 0.024318 0.059444 -0.0021066 -0.0022533 0.0023129 0.0029618
0.0052617 0.0049362 0.0054004 0.0054746 0.0012678 -0.017278 0.012294 0.13253 0.0012472 -0.00049135 0.011592 0.12748 -0.00037449 0.004628 0.0031837 0.011076 0.005478 -0.028647 0.10008 0.042035 -0.087907 -0.028259 0.36016 0.36898 0.10142 0.03388 0.2042 0.23994 0.014622 0.002053 0.059071 0.054518 0.00044764 0.0013507 0.0057162 0.0066829 0.052541 0.051487 0.41261 0.29868 0.03515 -0.01099 0.47457 0.21654 0.0040734 -0.0015686 0.052401 0.05481 3.9487e-05 -9.5598e-05 0.00030747 0.00036765 0.014412 0.0029471 0.065657 0.056007 0.0025853 0.0024861 0.090529 0.027647 -0.0051442 -0.0003006 0.0074144 0.0049462
0.0076872 0.005895 0.0078503 0.0059879 -0.0065743 0.020902 0.039203 0.054062 0.015878 0.0052351 0.041894 0.04295 0.00043543 -0.00017901 0.005158 0.0028788 0.016898 -0.03601 0.048483 0.083276 -0.12419 -0.28674 0.17503 0.48762 0.19702 -0.1208 0.37542 0.21577 -0.013482 -0.0016171 0.039655 0.041156 -0.019373 0.017956 0.032642 0.020415 -0.0037039 0.0013631 0.031355 0.041187 0.32078 0.080628 0.46158 0.15813 0.016904 0.009158 0.041964 0.040583 -0.0073119 0.0036202 0.013365 0.0061744 -0.0026135 0.015506 0.014265 0.018466 0.054164 0.028268 0.080974 0.04508 -0.0038472 -4.4437e-05 0.010058 0.006509
0.0010927 0.0038633 0.0069156 0.0087816 0.01245 -0.0023364 0.041608 0.035783 0.0023681 0.013629 0.030517 0.036943 -0.0080902 0.00062271 0.0098151 0.0086929 0.0042722 0.0043337 0.024822 0.032575 -0.10474 -0.058501 0.19942 0.22883 0.18766 -0.0063983 0.4719 0.22735 -0.030253 0.012236 0.061267 0.022564 -0.010248 -0.0094511 0.032187 0.029681 -0.070303 0.044553 0.2281 0.26112 0.15375 -0.1788 0.42578 0.44228 -0.0024758 -0.00732 0.032839 0.031331 0.00056085 0.0014612 0.0030266 0.0038586 -0.02882 -0.0053849 0.050523 0.014996 -0.0029882 -0.016695 0.048015 0.021329 0.0040596 -0.003728 0.0082217 0.0081039
-5.413e-05 -0.0040887 0.0046045 0.0059606 -0.012615 0.0033107 0.044994 0.027004 0.010621 -0.0067258 0.043903 0.033272 -0.0060406 0.0090627 0.0062857 0.0092775 0.0070088 -0.0051379 0.04796 0.060112 0.051732 -0.0012827 0.34764 0.32223 -0.031295 -0.01108 0.31781 0.27902 -0.0086042 -0.013829 0.078116 0.066393 0.019913 0.016538 0.031724 0.059317 -0.043596 0.018146 0.26403 0.2513 0.0083593 0.065856 0.46894 0.43425 0.028901 0.0065139 0.065318 0.046909 0.0016723 -0.0019489 0.0035104 0.016904 -0.0026846 -0.021968 0.04003 0.062864 -0.0076564 0.0013194 0.033816 0.036617 0.0015163 0.0013042 0.0042838 0.006658
-0.00020542 0.00045847 0.00030505 0.00071886 0.0012345 0.002363 0.0015877 0.003399 0.043576 0.00045951 0.078367 0.029007 0.0053626 -0.0029017 0.0073549 0.006488 0.0010876 0.00095077 0.0030385 0.0031246 0.12137 0.12345 0.18293 0.12531 0.0046982 0.058067 0.23739 0.5055 0.038432 0.032163 0.044292 0.071525 3.3807e-05 -0.00043787 0.0027372 0.0014928 0.36516 -0.031103 0.36989 0.14011 -0.076027 0.055419 0.36975 0.37058 0.00332 -0.015385 0.044607 0.041573 5.0492e-05 7.8177e-05 0.00033969 0.00023586 0.017508 -0.028686 0.017932 0.029802 0.014204 -0.049872 0.027027 0.058756 0.0020978 -0.0039807 0.0051082 0.0068743
7.9927e-05 -0.0025018 0.0071943 0.013411 -0.0080886 -0.0098024 0.041312 0.059413 0.0025307 -0.034695 0.036818 0.079224 -0.00080731 0.00088031 0.0054948 0.0052559 0.053923 0.012543 0.07323 0.11077 -0.068872 -0.023555 0.32985 0.31409 -0.024314 0.088304 0.42062 0.34552 0.0064892 -0.0067522 0.030026 0.032083 0.016425 -0.012566 0.035824 0.036784 0.026215 -0.0017068 0.40678 0.37378 0.012068 -0.0084824 0.22215 0.25286 -0.0075435 0.0046167 0.057102 0.06006 0.00079273 0.0041599 0.0084806 0.0088376 -0.015509 0.024935 0.059297 0.080347 0.0098284 0.0021905 0.0467 0.049263 -0.0093037 -0.0037589 0.0093927 0.0038153
-0.0054878 -0.0063841 0.0064412 0.007753 0.023602 -0.01696 0.064474 0.035457 0.0085495 -0.026613 0.03792 0.044001 -0.011316 -0.0051848 0.011642 0.0058152 -0.0064643 -0.011077 0.011339 0.012484 0.35927 0.011965 0.41527 0.099703 -0.14865 0.057347 0.30692 0.14963 0.01567 0.039136 0.021637 0.049636 0.00080217 -0.00071386 0.0025161 0.0023588 0.29153 -0.024523 0.42664 0.20692 -0.078019 -0.12624 0.23951 0.35418 -0.015802 -0.039998 0.029096 0.049903 0.00016491 -0.00042656 0.00041533 0.00046703 0.025369 -0.019665 0.046931 0.040066 -0.020183 -0.027468 0.027813 0.055733 8.0124e-05 -0.00013501 0.00024447 0.00025128
-0.00037517 -0.00036237 0.006371 0.0043176 0.0055524 -0.0091482 0.033144 0.044253 -0.00746 -0.0099076 0.016407 0.042442 9.2202e-05 -0.00078586 0.0023157 0.0066751 -0.019838 -0.016023 0.055893 0.051779 0.011371 -0.1386 0.30747 0.2194 0.064676 -0.10545 0.45346 0.29011 0.027601 0.00077268 0.070038 0.046078 -0.028494 0.0090604 0.058786 0.043065 -0.060382 0.18785 0.41671 0.20296 0.084047 0.041318 0.33704 0.31991 0.024271 -0.0026098 0.081709 0.05103 -0.0010978 0.004404 0.0025204 0.019425 0.0034943 -0.037286 0.062208 0.095086 -0.0072154 0.012547 0.049203 0.032928 -0.00151 0.0048177 0.0022722 0.011131
-0.00019758 8.3914e-05 0.00025749 0.00036108 -0.00038349 -0.0018562 0.0025519 0.0031949 0.018948 0.062084 0.019376 0.063719 0.0015125 0.015611 0.0015475 0.015808 -6.751e-05 -5.6577e-05 0.0011248 0.00096167 -0.012645 0.0087324 0.020676 0.013504 0.50142 -0.00081454 0.50142 0.10393 1.3276e-05 0.00039929 9.8844e-05 0.00039929 -0.00043272 0.00060248 0.0014173 0.0012146 0.0017269 0.0020735 0.01654 0.011378 0.48077 0.032908 0.48144 0.050169 0 0 0 0 -2.0328e-05 -3.5551e-05 0.00013078 0.00021767 0.00067269 0.00029121 0.0013957 0.0014551 0.066347 -0.017171 0.066362 0.017237 0 0 0 0
-8.7748e-05 -5.5302e-05 0.00033309 0.00032268 0.00084547 -0.0011475 0.0039017 0.0046974 0.02915 0.0057205 0.05943 0.022345 0.00069941 -0.001278 0.0024618 0.0037443 -5.0147e-05 0.00080397 0.0021325 0.0028765 0.0015643 -0.0046871 0.021373 0.022382 0.22121 -0.018964 0.48579 0.19162 0.012299 0.006907 0.032739 0.049672 1.8222e-05 0.00032372 0.00236 0.0028023 0.0030115 0.013998 0.024515 0.033424 0.2222 0.078075 0.45311 0.61966 -0.0013166 -0.010549 0.023816 0.099039 8.468e-05 -1.7167e-05 0.0002347 0.00032839 0.021353 0.0070331 0.023555 0.010164 0.022456 0.021798 0.058119 0.074061 -0.0028029 0.0034234 0.003954 0.0083869
-0.0046175 -0.0039951 0.0063042 0.0067338 0.01975 -0.017948 0.081137 0.045722 0.012826 -0.020341 0.04152 0.048727 -0.014021 -0.0041156 0.014162 0.0055372 -0.010746 -0.018488 0.020707 0.019312 0.31618 0.0050885 0.42351 0.15908 -0.098543 0.046922 0.29636 0.20181 0.0015895 0.049714 0.018061 0.062339 0.00081003 -0.00068872 0.0028572 0.0037443 0.36756 0.01377 0.47746 0.17014 -0.12016 -0.081251 0.23994 0.19871 0.0014329 -0.040501 0.045036 0.067439 8.4447e-05 2.1152e-05 0.00033768 0.00054409 0.026404 -0.035368 0.073043 0.041062 -0.014686 -0.018433 0.049686 0.041924 -7.7106e-05 -0.00039918 0.0003584 0.00064087
-6.6321e-05 7.5623e-05 0.00035955 0.00028938 0.018307 0.030446 0.024499 0.032105 -0.0097496 0.060512 0.019376 0.080902 -0.00073275 0.0011086 0.0011102 0.0015705 -0.0016593 -0.00050664 0.003012 0.0030573 0.088597 -0.021328 0.41756 0.40241 0.024151 -0.023241 0.20455 0.2811 -0.0060346 0.0072896 0.025255 0.052578 0.0002952 0.00084414 0.0020981 0.0025854 0.24799 -0.023445 0.46716 0.22786 -0.044778 0.01315 0.28296 0.29689 -0.013685 -0.00079853 0.061 0.057967 -2.9988e-05 3.4797e-05 0.00031696 0.00019864 0.02186 0.0031298 0.04847 0.026119 -0.0062677 -0.0018684 0.041667 0.031253 0.0071074 0.0026839 0.010181 0.0043253
0.00026075 0.00061896 0.00034829 0.00080281 0.00018495 0.0034336 0.0028977 0.004197 -0.0011583 0.0019288 0.0032417 0.0033308 0.00018943 0.0034076 0.0023462 0.0034076 0.0012257 0.0022305 0.0033593 0.003318 0.2034 0.17856 0.20815 0.18551 0.083617 0.23584 0.36612 0.48098 -0.042271 0.044003 0.068338 0.059696 -0.0011965 0.0018291 0.0034296 0.0025622 0.35631 -0.099337 0.35859 0.11755 0.082141 0.10316 0.24358 0.19803 -0.030877 -0.0090379 0.062134 0.050764 0.00015687 -4.1887e-05 0.00044792 0.00023747 0.038797 -0.0056878 0.039655 0.0097416 0.021749 -0.014931 0.041262 0.024008 -0.00049214 0.0010161 0.0062338 0.0068874
-0.00089774 0.00017368 0.015889 0.0079372 0.0037271 -0.02056 0.015956 0.092462 -0.0060865 -0.033905 0.025384 0.083846 0.00090284 -0.00019791 0.0063988 0.0035144 0.0042989 -0.0078447 0.10113 0.026456 -0.074032 -0.043139 0.46961 0.24436 0.089079 -0.012257 0.37557 0.33463 -0.0045122 0.0015055 0.054126 0.036195 -0.0094939 0.004872 0.09833 0.021116 -0.017753 0.093849 0.35303 0.19703 0.064706 0.051651 0.34272 0.29976 -0.0049943 0.007999 0.071138 0.040927 0.0013279 -0.0019591 0.0069059 0.0064909 -0.0050693 0.0014813 0.050033 0.067448 -0.0004104 0.005435 0.012886 0.078985 -0.00022695 7.1644e-06 0.0020733 0.012093
-0.0033817 -0.016665 0.0097694 0.018426 -0.012058 0.018928 0.097149 0.088579 0.0026548 0.016587 0.036495 0.050123 0.0031832 0.0015697 0.0039439 0.0023383 -0.015867 0.0087564 0.048182 0.032253 -0.068923 -0.015552 0.40182 0.24872 0.25379 -0.049575 0.41272 0.24028 -0.0048342 0.00099916 0.016615 0.013602 -0.022968 0.0089301 0.044437 0.052678 0.0053327 0.23166 0.30181 0.35905 0.14983 0.21331 0.21889 0.22944 -0.01815 0.0052696 0.033261 0.013309 0.0010922 0.0012612 0.0020671 0.0013281 -0.0069773 0.0010543 0.011947 0.0052199 0.0073681 -0.0078831 0.013018 0.012192 -0.0034402 -0.0013908 0.003638 0.002504
7.0128e-05 0.0026711 0.0077122 0.0076068 0.0034002 -0.011843 0.032155 0.035116 -0.026257 0.022369 0.060689 0.029069 -4.3454e-05 0.00030251 0.00023108 0.00038971 0.029935 -0.014496 0.069352 0.054179 0.0423 0.06043 0.28252 0.37261 -0.071774 -0.0033472 0.35085 0.26409 -0.043009 0.022408 0.044933 0.024277 0.0034446 0.013851 0.05409 0.033362 0.053924 -0.031498 0.27692 0.28358 0.0018405 0.00060288 0.34602 0.50698 -0.016025 0.011135 0.06026 0.042423 -0.00036151 0.0010999 0.0043931 0.0049226 -0.0060064 -0.004288 0.060178 0.022722 -0.0038465 0.0082189 0.034051 0.048135 0.0012357 -0.00074644 0.0039621 0.014156
3.9497e-05 -0.00014902 0.00013089 0.00029458 0.00027651 0.0013767 0.0027358 0.0028962 0.067459 -0.0013742 0.069691 0.0047051 0 0 0 0 -0.00027977 -0.00012097 0.0022777 0.0028336 -0.0044339 -0.0095518 0.027665 0.030935 0.49028 -0.016628 0.49028 0.059163 0 0 0 0 -0.001387 0.00093045 0.0024417 0.0016044 -0.008459 0.007224 0.028966 0.023686 0.49374 0.025414 0.49374 0.063578 0 0 0 0 -4.5566e-05 -1.8543e-05 0.00025128 0.00033897 -0.002317 0.0010304 0.0048607 0.0019372 0.071808 -0.0014025 0.071808 0.0069469 -9.0207e-08 -9.0207e-08 9.0207e-08 9.0207e-08
-0.0033371 0.001538 0.0072527 0.004285 -0.0091686 0.015587 0.025975 0.016187 0.039557 -0.0016359 0.087541 0.018784 -0.0025945 0.0039057 0.0063371 0.0052521 -0.0033294 -0.014481 0.011237 0.015276 -0.0081793 0.034394 0.20722 0.32832 0.1896 0.03921 0.54053 0.37274 -0.009481 0.0063957 0.05309 0.05592 0.0030396 0.028366 0.026681 0.041891 -0.021545 0.16865 0.054648 0.19903 0.062426 -0.048027 0.2684 0.44501 0.0071476 -0.01188 0.026015 0.035316 -0.0039658 -0.0020412 0.0093092 0.0024926 -0.016135 -0.023968 0.02414 0.055907 0.018704 -0.013176 0.035869 0.044351 -0.0056653 0.00042177 0.0064817 0.0074439
-0.0012137 0.0002792 0.003794 0.0056215 -0.01184 0.0074728 0.069131 0.017841 0.0069157 0.022123 0.041485 0.042988 0.0018334 -0.0027767 0.0028581 0.0030796 0.00055771 -0.021355 0.0095831 0.053534 0.081451 -0.12297 0.26725 0.28691 -0.0079444 0.12173 0.15859 0.32697 0.0066573 0.015007 0.057623 0.037125 0.0064166 0.0059458 0.0092941 0.011076 0.22735 0.13102 0.32126 0.39791 -0.16843 -0.073232 0.27514 0.45728 0.025497 -0.025649 0.048029 0.041461 0.00085724 0.0054931 0.0042146 0.0082642 0.0090057 0.016273 0.032997 0.03318 -0.010029 -0.0031169 0.038136 0.02716 -0.0052524 0.0031966 0.011785 0.0045244
-0.00015662 8.1865e-05 0.00029139 0.00022656 -0.00030415 -0.00065041 0.0025599 0.0028795 0.0068885 0.02158 0.007458 0.024437 0.0013888 0.014401 0.0016535 0.014825 -8.0522e-05 5.5177e-05 0.0013972 0.0013549 -0.010686 0.0068848 0.021532 0.015227 0.49067 0.077598 0.49067 0.16481 0.0016625 0.0080567 0.0017978 0.0080567 -0.00071554 0.0004516 0.0013423 0.0013723 0.0042284 0.0014293 0.012396 0.010878 0.48515 0.0070868 0.48515 0.053215 0 0 0 0 -1.6255e-05 3.9323e-05 0.00020042 0.00017422 8.475e-05 0.00053024 0.0010871 0.00081613 0.064032 -0.016783 0.064084 0.016899 0 0 0 0
-0.0028438 0.0011761 0.0034249 0.0018645 -0.00050512 0.0075765 0.010936 0.014532 -0.01174 0.008999 0.021771 0.02935 0.0024649 -0.0021134 0.0032832 0.0045508 -0.0090067 -0.012209 0.015227 0.027312 -0.15566 -0.27441 0.22099 0.40233 0.19448 -0.049234 0.42262 0.30192 0.029501 -0.0047112 0.054389 0.07154 -0.014243 -0.037951 0.018558 0.041654 -0.0040375 -0.0050634 0.038936 0.032101 0.28863 0.084879 0.49098 0.13612 0.010711 7.1223e-05 0.034529 0.019558 3.8147e-05 -0.00018035 0.00048575 0.00021044 0.0040765 0.00069124 0.0080424 0.0069521 0.053544 0.0051348 0.078336 0.015891 -0.0014822 0.00098266 0.0044013 0.0045128
-0.0044455 -0.011401 0.0081455 0.012246 0.0083805 -0.0032149 0.044452 0.036808 -0.015141 -0.0049564 0.039657 0.066252 0.0010858 -0.0024372 0.0037047 0.0077678 0.0028902 0.00020614 0.012889 0.015621 -0.12692 -0.092863 0.38719 0.33844 0.28906 -0.013453 0.40098 0.39676 -0.06435 -0.0013094 0.079441 0.044904 0.016765 -0.018468 0.02913 0.026763 -0.072336 0.14054 0.22129 0.18942 0.09208 0.023349 0.24846 0.2985 -0.0073442 -0.0059507 0.064656 0.025585 -0.0014483 0.010143 0.0074753 0.018976 -0.012567 -0.0045319 0.040953 0.049379 -0.001882 0.003528 0.055978 0.03159 -0.0013284 -0.0016883 0.009579 0.006647
4.707e-05 0.00044061 0.00030324 0.00075703 0.0065889 0.010328 0.0075014 0.010609 0.054932 0.055406 0.056091 0.056517 0.0031388 0.0022027 0.0034403 0.0025812 -0.0011352 0.0013555 0.0020588 0.0040927 0.46105 0.13157 0.46607 0.13738 0.071202 0.046743 0.13233 0.11494 -0.011613 -0.024325 0.034066 0.029608 -0.0057119 0.023227 0.010346 0.023338 0.41674 -0.10107 0.4188 0.12517 -0.005448 -0.14226 0.14612 0.18268 -0.010729 0.012429 0.071752 0.035126 0.0010971 0.0019103 0.0075355 0.0079918 -0.0088819 0.082496 0.030723 0.092509 0.012705 -0.005367 0.066394 0.037575 0.0025659 -0.0064524 0.0061278 0.0072915
0.00031349 0.00028473 0.00037923 0.00047186 -0.0020804 -0.00076786 0.0027735 0.0048579 0.059067 0.013919 0.059935 0.014119 0.00025014 0.00022595 0.00070194 0.00048981 -0.00069712 3.9142e-05 0.0014629 0.0024414 -0.017363 -0.04813 0.041041 0.062895 0.50013 0.0059084 0.50768 0.072942 0.0041729 -0.00014044 0.0042606 0.0026112 -0.00052889 -0.00046897 0.0015504 0.0018654 -0.0020394 0.043653 0.04159 0.057444 0.47128 -0.03171 0.47687 0.076178 0.0051711 -9.7687e-07 0.0051711 0.0016645 -7.5479e-05 0.00015211 0.0002325 0.00020985 -0.0021052 0.00013836 0.0034166 0.0025177 0.0612 -0.0019216 0.061746 0.0072493 0.00021401 0.00026635 0.00021401 0.0002882
0.0001787 -6.7384e-05 0.00038987 0.00032113 0.073339 -0.0012818 0.078011 0.0035384 -0.018418 -0.015029 0.092929 0.024607 -0.00046635 -0.00028631 0.0074826 0.0077674 0.0011113 -0.00015514 0.0024528 0.0031475 0.33984 0.088244 0.49137 0.18609 0.060175 -0.045205 0.30531 0.21667 -0.007294 -0.028031 0.041324 0.053535 -0.0007336 0.00080269 0.0034789 0.0054884 0.21176 -0.14827 0.32576 0.17639 0.011628 -0.24601 0.17465 0.35344 -0.042829 -0.03488 0.050963 0.045705 -1.7015e-05 -0.00021141 0.00028394 0.0005614 -0.00013239 -0.0013167 0.0034528 0.005323 -0.00095631 0.0017054 0.0027526 0.0042311 2.3328e-05 -7.3375e-05 0.00032012 0.00024019
0.00019613 0.0040907 0.011279 0.0082789 0.014715 -0.028445 0.049012 0.10074 -0.037848 0.025364 0.060264 0.12382 -0.00067702 0.016101 0.0015344 0.016312 -0.032093 -0.0096837 0.10302 0.05185 -0.033768 -0.11532 0.39516 0.37864 0.10119 -0.10002 0.45865 0.18061 0.020975 0.001224 0.050924 0.055859 -0.00555 0.0009474 0.075182 0.022535 -0.069168 0.14242 0.35551 0.27475 0.039874 0.055173 0.27233 0.17448 -0.0031353 -0.0084442 0.04955 0.067483 -0.00098135 0.00036528 0.0048723 0.021207 -0.0058769 0.0016732 0.025534 0.094537 0.0059576 0.013727 0.042167 0.07261 -0.0011505 -0.00022501 0.0030282 0.0057588
0.0012015 -0.0026514 0.0078758 0.006353 -0.0010419 0.01601 0.017321 0.050093 -0.0098332 -0.061316 0.045508 0.088067 -0.0010268 -0.00067016 0.0073011 0.0057261 -0.0062521 -0.017437 0.010209 0.023329 0.21599 0.00080306 0.29158 0.39947 -0.1229 0.12558 0.18857 0.48234 0.016998 0.016038 0.046565 0.033701 0.015296 0.01726 0.018805 0.018274 0.21664 0.052532 0.29518 0.2417 -0.10988 0.051961 0.34926 0.19789 0.010953 -0.0021677 0.02884 0.028439 0.0041958 0.0027831 0.0064451 0.0047854 -0.002389 0.0066521 0.049882 0.032267 0.0091875 0.00903 0.082238 0.055299 -0.0023213 -0.00049149 0.0074295 0.0035539
-4.9288e-05 -0.00018048 0.00025414 0.00052028 0.018425 -0.0045012 0.0628 0.013887 0.010556 -0.011052 0.028317 0.041571 -0.001461 -0.0010441 0.0054764 0.0055141 -0.00016341 0.0006204 0.0027006 0.0030289 0.24794 0.00041022 0.28248 0.2243 -0.044363 0.041798 0.11925 0.6172 0.016331 0.0049983 0.028808 0.067626 0.0010199 0.00092918 0.0026756 0.0022145 0.29544 -0.0091332 0.32429 0.076011 -0.053884 -0.0093292 0.22149 0.36329 0.0016761 -0.0058776 0.038095 0.045759 5.7106e-05 -0.00017946 0.00026493 0.00024551 0.05407 -0.0032926 0.056451 0.0049218 -0.01649 0.0084165 0.044115 0.045374 -3.6853e-05 0.0009754 0.0046317 0.008082
4.1647e-05 -0.00028912 0.00017478 0.00046239 0.0001829 0.0012743 0.0022058 0.0027992 0.06748 -0.0020826 0.06748 0.0052719 0 0 0 0 -0.00062834 0.00064573 0.0014477 0.0028173 -0.0093095 -0.0079429 0.028492 0.030292 0.49176 -0.0051074 0.49176 0.049531 0 0 0 0 -0.00092485 0.00056095 0.0012431 0.0012778 -0.018868 0.006 0.040743 0.023289 0.49418 0.011973 0.49418 0.036185 0 0 0 0 -7.0019e-05 4.2166e-05 0.00016145 0.00031018 -0.0027344 0.0012914 0.0060013 0.0015999 0.071512 -0.0049768 0.071512 0.0060056 -9.5125e-08 -9.5125e-08 9.5125e-08 9.5125e-08
-0.0029512 0.00060841 0.0082169 0.0044534 0.025766 -0.053592 0.075175 0.06538 -0.013185 -0.0060753 0.041596 0.028202 0.003653 -0.0072764 0.0057448 0.0095999 -0.020059 -0.031442 0.024255 0.032329 0.39513 0.12964 0.4697 0.14605 -0.04892 0.1576 0.14358 0.20697 0.011271 0.012009 0.046875 0.037536 -0.00080889 -0.00034783 0.0034788 0.0029443 0.44979 -0.09181 0.4583 0.1024 0.054134 0.045253 0.10968 0.11008 -0.00048143 0.018186 0.022103 0.01869 -0.00017292 -0.00010295 0.00035856 0.00042876 0.045464 -0.023553 0.046768 0.023732 0.034718 -0.027792 0.03551 0.029116 6.9227e-05 -0.0015811 0.0009094 0.00168
-0.0026721 -0.0023124 0.0038058 0.0028538 0.032715 -0.0178 0.04957 0.03376 0.011937 0.00041216 0.040013 0.043689 -0.0012873 0.0039488 0.0071667 0.0087709 -0.0015129 -0.0021377 0.0038987 0.0056903 0.21224 0.027599 0.4605 0.1019 0.086438 -0.0082082 0.46058 0.34256 0.010742 -0.022361 0.059429 0.049476 -0.013096 0.030299 0.016416 0.042182 0.1996 0.013679 0.43762 0.17318 0.015246 -0.046265 0.28117 0.15062 -0.0038375 -0.0050211 0.038486 0.031772 -0.00067195 0.00056436 0.0047137 0.0068837 0.0016901 0.012341 0.036804 0.064128 0.0038854 0.010206 0.036266 0.025986 -0.0041963 -0.0039737 0.0094686 0.0040939
7.0223e-05 0.00013332 0.00028513 0.00054289 0.028222 -0.0058674 0.069959 0.037344 -0.0063865 0.020764 0.024758 0.067728 -0.00087814 0.00084769 0.0038749 0.0087245 -0.00070035 0.00039564 0.0026208 0.0023798 0.059123 0.012799 0.45663 0.13707 0.067578 0.0014912 0.2609 0.32781 0.0081477 0.021383 0.037053 0.062686 0.00061512 -0.0010316 0.00414 0.0020834 0.052964 0.039915 0.43574 0.093245 0.0887 -0.037937 0.37216 0.45676 -0.035572 -0.024192 0.042749 0.043148 0.00013978 8.4307e-05 0.00040347 0.00045094 0.0081585 -0.013699 0.045907 0.037112 -0.010864 0.0033926 0.026296 0.025049 0.0021438 0.0033851 0.0034331 0.0064934
-1.6637e-05 -7.3738e-05 0.00048263 0.00061631 0.011683 0.0010016 0.041875 0.06447 0.0054132 0.0027341 0.0082245 0.076782 -0.0023121 -0.0021123 0.0038012 0.006683 -1.0237e-08 0.0011596 0.0044228 0.0029722 0.02472 -0.019682 0.37144 0.16672 0.022552 -0.15085 0.33347 0.27747 0.033416 0.0045143 0.11335 0.023953 -0.0016413 -0.00050426 0.0056685 0.0049858 0.0078915 -0.00095615 0.57393 0.14928 0.068783 0.11165 0.34242 0.27884 0.030996 0.0068795 0.072401 0.023009 0.00023522 -4.203e-05 0.00044123 0.00039113 0.020058 -0.0023358 0.055151 0.064158 -0.0052166 0.0062173 0.010782 0.12762 -0.0015076 -0.010073 0.0048022 0.011011
8.1182e-05 8.9886e-05 0.00022774 0.00026864 0.046695 -0.0003564 0.062615 0.022254 -0.013098 -0.026762 0.028617 0.056346 -0.0062807 -0.0073582 0.007418 0.013253 -0.040406 0.044621 0.041152 0.05559 0.25663 0.11255 0.43205 0.22912 -0.17767 0.16076 0.34401 0.26585 0.0098701 0.015109 0.037632 0.021635 -0.019644 -0.010854 0.022631 0.038137 0.10682 0.041258 0.20917 0.39682 -0.0038386 -0.049278 0.28421 0.31177 -0.016403 0.02121 0.042188 0.06648 0.0042669 0.0095862 0.0089148 0.014437 -0.028275 -0.016635 0.042126 0.053171 0.008343 0.0031763 0.041728 0.037039 0.00098493 0.00013628 0.0042347 0.0057237
-0.0049804 -0.0055174 0.0084814 0.01614 0.011825 -0.038423 0.091525 0.078013 -0.017678 0.0085021 0.048437 0.046117 0.0076005 -0.0071623 0.0083484 0.0080319 0.015992 0.004437 0.077686 0.07108 -0.037069 0.033859 0.36185 0.23137 0.14488 0.040734 0.4801 0.36097 0.020836 0.022262 0.02416 0.047046 0.0069939 0.020919 0.033437 0.038686 -0.12666 0.23091 0.26382 0.24341 0.16978 0.13996 0.24993 0.28347 0.0029048 0.0041615 0.0078237 0.0081558 0.00055311 0.00087796 0.001425 0.0021233 -0.00024428 0.0028474 0.0055285 0.0083207 0.00037233 0.00049995 0.0068546 0.0061147 -0.000667 -0.0004278 0.0010355 0.0012659
0.0074734 0.0059673 0.0075482 0.005984 0.00084465 -0.01576 0.022749 0.037211 0.0099464 0.021638 0.031754 0.033091 0.00041099 -0.0032096 0.0051041 0.0059742 0.014547 -0.0048332 0.025907 0.031344 0.090215 -0.010692 0.3331 0.36265 0.01024 0.042341 0.2904 0.22211 0.020728 0.038684 0.048608 0.055621 0.045056 -0.020333 0.052863 0.058804 0.20088 0.048604 0.40031 0.25879 -0.10208 -0.20865 0.40258 0.29356 0.018485 -0.020859 0.035158 0.053265 0.0019084 -0.0017313 0.0020459 0.0019697 -0.022433 -0.030229 0.081904 0.040056 0.024076 -0.029103 0.039562 0.029386 0.0035761 -0.0050546 0.0039197 0.005311
-0.0096821 0.0039689 0.014357 0.0062772 0.025673 0.019221 0.038372 0.021922 0.014707 -0.0040168 0.046588 0.023325 0.0022759 -0.00027613 0.0045945 0.0036735 0.012599 -0.01176 0.017391 0.016315 0.033022 0.049459 0.27405 0.43791 0.12568 0.04692 0.39011 0.40275 0.0013983 0.010352 0.046387 0.059812 0.0010069 0.017407 0.0098856 0.02842 -0.020722 0.11976 0.052893 0.18656 0.15109 -0.079279 0.34157 0.42312 -0.011213 -0.007712 0.032445 0.050495 -0.0008441 -0.0005485 0.0022789 0.0016867 -0.00204 -0.012654 0.0065972 0.019461 -0.0017772 -0.0029483 0.017234 0.032415 -0.0002048 0.0016713 0.0032103 0.0052931
-0.0080134 -0.006582 0.0081948 0.0069971 -0.00034641 0.0026176 0.0026097 0.0033235 0.026541 0.048706 0.072291 0.048729 0.0092063 0.0036092 0.0093579 0.0059999 0.0028952 0.00011419 0.0041238 0.0022252 0.22698 0.074102 0.23901 0.09913 0.16233 0.149 0.43899 0.46875 -0.020522 0.018231 0.046618 0.048562 0.0010536 0.00040783 0.002098 0.0026935 0.20882 -0.057742 0.20924 0.16983 0.14216 -0.26101 0.24951 0.35449 0.0090197 -0.012579 0.032048 0.030644 0.00063222 0.00020925 0.00063222 0.00037716 0.0011779 0.0010431 0.0024623 0.0029449 0.0077041 -0.0083501 0.0085537 0.010244 0.0050026 -0.0079247 0.0062588 0.0094085
0.0001341 -4.2026e-05 0.00018483 0.00015682 0.071743 -0.0014997 0.07231 0.0016268 0.00027059 -2.3598e-05 0.00027059 0.0001797 0 0 0 0 0.00047697 -0.00042917 0.001071 0.001315 0.49106 0.023706 0.49169 0.029324 0.0046491 -0.0002028 0.0046491 0.0002028 0 0 0 0 0.00093302 -0.0010303 0.0010727 0.0010753 0.4952 -0.018079 0.49806 0.021297 0.0039763 0.00023367 0.0039763 0.00087562 0 0 0 0 -8.933e-05 -0.00010147 0.00016243 0.00012977 0.074081 -0.005451 0.074856 0.0057111 0.00070999 -9.2186e-05 0.00070999 0.00027409 0 0 0 0
-0.00021098 -5.4484e-05 0.00056615 0.00046527 0.040198 0.021958 0.040413 0.023723 0.040718 0.040673 0.043567 0.042854 -0.00098091 0.0017229 0.0021956 0.0031231 -0.0014669 0.00097123 0.0038029 0.0025467 0.43196 0.10969 0.44365 0.1256 0.14767 0.027009 0.159 0.1457 -0.0010055 0.0024884 0.0049899 0.0051884 0.00041242 0.00030242 0.0035801 0.0027518 0.40521 -0.081066 0.49747 0.097418 0.11208 -0.12364 0.13067 0.16219 0.0050836 -0.0022224 0.0083014 0.0089261 0.00024207 -7.4768e-06 0.0003715 0.00034467 0.055181 -0.016378 0.059232 0.020439 0.023495 0.0072742 0.029054 0.020623 -0.00027501 -0.00067963 0.0017683 0.0017303
9.2139e-05 0.00043544 0.00047668 0.00051872 0.0012836 -2.5743e-05 0.0038314 0.0037687 0.069742 -0.0043397 0.070121 0.0077507 0.00023586 -4.8524e-06 0.0002656 0.00012842 -0.0015751 0.00042431 0.0025142 0.0047358 0.00175 -0.00040442 0.07667 0.057264 0.48286 -0.029186 0.48286 0.045548 0.00056336 0.00026826 0.00064503 0.00065948 -0.00069156 -0.0011512 0.0033821 0.0042256 -0.0065744 0.010196 0.04338 0.043982 0.48775 0.03858 0.50328 0.060347 0.0027321 -0.00076269 0.0028137 0.0016915 -0.00011117 1.2384e-05 0.000352 0.00031346 0.00038327 -0.001029 0.0062542 0.0055763 0.074527 0.008269 0.074527 0.01008 0.00012425 0.00028741 0.00013504 0.00029924
0.00021468 0.00064053 0.00036588 0.00078231 0.00025558 0.0031022 0.0035792 0.0031777 0.00052013 0.0037089 0.0060482 0.0048288 -0.00083002 0.0058798 0.0023925 0.0058798 0.0014279 0.0017034 0.0037685 0.0033889 0.25905 0.11879 0.26414 0.1932 0.05905 0.27406 0.41244 0.4203 -0.049342 0.031972 0.090835 0.042764 -0.0012437 0.0020412 0.004237 0.003087 0.37166 -0.056271 0.37309 0.089562 0.057153 0.037896 0.17948 0.19148 -0.0057587 0.0011488 0.037087 0.031152 0.00015515 1.6252e-05 0.00036703 0.00025532 0.039418 -0.0087032 0.040248 0.0089792 0.017977 -0.021686 0.050859 0.035594 5.0421e-05 -0.0010758 0.0056441 0.0082658
0.0070222 0.0054258 0.0070437 0.0054705 0.0030703 0.0090858 0.040822 0.020636 -0.0049116 -0.0091472 0.022435 0.035407 0.0036842 0.0019977 0.0066234 0.0035394 -0.0037672 -0.0018493 0.038775 0.027934 -0.074016 -0.12396 0.25155 0.48162 0.22173 -0.064643 0.29933 0.3032 -0.051988 -0.015467 0.065608 0.067089 0.010614 8.931e-05 0.04242 0.041817 0.083549 0.1021 0.29027 0.40873 -0.027831 0.15687 0.2452 0.24028 0.021693 0.014047 0.03344 0.055742 -0.0045261 -0.0058232 0.0073656 0.0099666 0.044385 -0.0032965 0.051429 0.030824 -0.0062796 -0.010441 0.057105 0.029896 0.0020674 -0.0039911 0.0045689 0.0089648
0.0028087 0.0045112 0.0029552 0.0046935 -0.015708 0.051279 0.023106 0.077376 0.0034271 0.0021213 0.010975 0.0072898 0.0067076 0.00011399 0.0088237 0.0099578 0.018754 0.0020639 0.056557 0.052599 0.021783 0.05007 0.29201 0.31598 0.040446 0.15668 0.21534 0.41746 -0.031612 -0.01024 0.038949 0.042655 0.045593 -0.0077797 0.073898 0.046228 0.071655 -0.05634 0.53006 0.22192 -0.11248 -0.089169 0.29868 0.26479 0.013317 0.0082965 0.051389 0.041503 0.00073007 -0.0036903 0.0011709 0.0038601 0.02567 -0.033047 0.039842 0.066864 -0.0091096 -0.0020661 0.035093 0.048925 0.0011506 -0.0041871 0.0046731 0.0081703
-0.00017241 -0.0003064 0.00043971 0.00054068 0.0012135 -0.00094691 0.004735 0.0035485 0.047367 0.014834 0.077472 0.033477 0.004722 -0.001182 0.015072 0.0065299 -0.001615 0.0011688 0.0043071 0.0045046 0.27017 0.11203 0.36116 0.15931 0.17325 0.039131 0.45594 0.29324 -0.0007792 0.013442 0.038358 0.03954 -0.0023163 0.00039114 0.0025834 0.0034577 0.15834 -0.14342 0.20716 0.16766 0.11351 -0.28403 0.20731 0.39367 -0.016148 -0.072901 0.027191 0.074049 8.719e-05 -0.00039388 0.0002303 0.0005431 -0.00065778 0.00091911 0.0031983 0.0045261 -7.4048e-05 0.00012418 0.0042026 0.0025981 -5.0466e-05 0.00035032 0.00036745 0.0011781
0.0071347 0.0037048 0.0073526 0.0037243 -0.011701 0.027256 0.035893 0.082862 -0.016671 0.018177 0.01904 0.030883 0.0062552 -0.0021169 0.0065931 0.0027629 0.077207 -0.010649 0.079413 0.019923 0.024068 0.04815 0.26289 0.29368 -0.05941 0.18489 0.28179 0.40745 0.017314 0.017123 0.051727 0.070878 0.031265 0.009794 0.065932 0.050939 0.035306 -0.064567 0.46315 0.27216 -0.03092 -0.11432 0.32256 0.30286 -0.0072722 -0.0094967 0.045917 0.043794 8.0071e-05 -0.00034337 0.00052175 0.00057391 0.034523 -0.022248 0.050163 0.053793 -0.0091512 -0.0048972 0.035383 0.041885 0.0021912 -0.00051236 0.010442 0.0069055
-3.644e-05 -0.00010797 0.00041213 0.00038413 0.028385 -0.0045426 0.078496 0.0097852 0.010269 -0.024586 0.046068 0.084808 0.0030679 -0.0028066 0.0068583 0.0057118 -0.00040002 0.00085156 0.0041616 0.0033862 0.32065 0.027413 0.32516 0.14441 -0.038626 -0.011914 0.1598 0.43295 0.021074 0.0044507 0.033016 0.02971 -0.00035177 -0.00024012 0.004427 0.0011715 0.2354 -0.018154 0.42834 0.045625 0.032217 0.061616 0.31364 0.41262 0.023597 -0.0078266 0.05114 0.045856 0.00014322 0.00015546 0.00024267 0.00018894 0.060437 -0.0071334 0.06073 0.0079882 -0.017636 -0.017001 0.056849 0.063761 -1.6394e-05 0.0015852 0.0075139 0.0061492
0.0033349 -0.0018473 0.010146 0.016697 -0.011142 -0.019201 0.037665 0.050179 0.020014 -0.020395 0.030919 0.039886 -0.0036641 0.00022682 0.0043542 0.0016989 -0.018065 0.046444 0.056944 0.081641 -0.10623 -0.11085 0.50314 0.28221 0.23936 -0.033255 0.26439 0.069606 -0.029846 -0.0074104 0.034487 0.012058 -0.054145 -0.020488 0.083225 0.071501 0.0070376 0.18064 0.30695 0.38517 0.076143 0.046783 0.36239 0.17727 -0.024393 0.018776 0.067365 0.060442 0.0010473 -0.0010185 0.0057022 0.0041721 0.015516 -0.031358 0.082013 0.037711 -0.006042 0.0038926 0.079706 0.032092 -0.0031001 -0.0020076 0.010961 0.0084834
-1.9235e-05 1.6745e-05 0.00036791 0.00018304 0.00064096 -0.0030842 0.0077431 0.0040472 0.069869 -0.0093359 0.07026 0.01091 0.00020541 -2.5096e-05 0.00020541 2.5096e-05 -0.00071342 -6.1234e-05 0.0025316 0.0017507 -0.0047121 0.00016746 0.067676 0.028779 0.4748 -0.045165 0.48998 0.081101 0.00062946 0.00018227 0.00062946 0.00018227 -0.001665 -0.00015717 0.0025132 0.0023653 -0.012286 -0.0096921 0.061548 0.021069 0.48397 0.028759 0.50217 0.094582 0 0 0 0 -3.3721e-05 2.3218e-05 0.00035051 0.0002316 -0.0042368 0.0036075 0.0064076 0.0055069 0.067659 -0.0083044 0.069296 0.010121 7.8551e-05 -0.00011394 7.8551e-05 0.00013399
0.0014985 -0.0010316 0.006731 0.0044318 -0.00047855 0.0077556 0.030149 0.029549 -0.017364 -0.0045851 0.066123 0.033919 -8.774e-05 -3.0269e-05 0.00040682 0.00035581 -0.020651 -0.0098211 0.058681 0.057781 0.056331 -0.062162 0.30724 0.23528 -0.085809 0.057144 0.43179 0.25148 0.013154 0.029429 0.017908 0.060158 -0.00069158 0.012642 0.022052 0.057299 -0.063316 0.01828 0.33682 0.24348 0.12998 -0.018966 0.56502 0.18724 0.016258 0.0039229 0.048101 0.025381 -0.0080003 0.0011189 0.012772 0.0071133 0.010461 0.0026289 0.064597 0.010128 -0.0023855 -0.0022629 0.039616 0.027838 0.0011857 -0.0015388 0.0031165 0.0045426
-0.00017411 -0.0001629 0.00063838 0.00063384 0.0014319 -9.9605e-05 0.0023806 0.0036488 0.0016567 0.0010884 0.0034864 0.0022598 0.00023208 0.00032647 0.00033329 0.00055001 0.0018465 0.0012118 0.0082365 0.0023869 0.20177 0.13467 0.21452 0.15938 0.00017341 0.261 0.21163 0.58667 -0.014289 0.060494 0.020039 0.062475 -0.00035856 0.00064795 0.0042632 0.0028421 0.22745 -0.097447 0.34641 0.14965 0.21268 0.020484 0.30781 0.21572 -0.004296 0.0036047 0.032264 0.053206 -0.00028098 -0.00010149 0.00069978 0.00048616 0.0014398 0.0018866 0.0030138 0.0031379 0.060415 0.0011124 0.073574 0.022086 -0.0054703 -0.0061761 0.011956 0.0081367
0.00014572 6.2239e-05 0.00053059 0.00042494 0.00098347 0.0010615 0.0029356 0.0029174 0.047789 0.0093861 0.069095 0.014166 2.366e-05 0.00077372 0.0062042 0.0053382 0.00096578 0.0011008 0.0036284 0.003069 0.0061673 0.0022014 0.017317 0.021258 0.32584 -0.10565 0.62056 0.15843 -0.053288 -0.035833 0.067818 0.037447 0.00027871 0.0012505 0.0026749 0.0040182 0.15762 0.12873 0.23622 0.13655 -0.019671 0.086742 0.21566 0.50825 -0.0036785 0.028466 0.015123 0.05274 0.00019799 -0.00031926 0.0004472 0.00066678 0.054888 -0.015384 0.069769 0.034444 -0.014948 0.032469 0.05409 0.089762 -0.0017377 0.0016302 0.0046265 0.0068357
3.6878e-05 0.00010521 0.00033119 0.00048639 0.0015202 0.0030215 0.0053615 0.0071881 0.0039099 0.041742 0.025567 0.04346 0.00011057 7.4331e-05 0.00077085 0.00076353 0.0033805 -0.00016028 0.0057926 0.0029717 0.11714 0.055444 0.4218 0.42415 0.087552 0.010837 0.3076 0.27358 9.5414e-05 0.032461 0.01608 0.050585 0.0029227 0.0012819 0.0056641 0.0037298 0.10555 -0.078776 0.31743 0.34674 0.091101 -0.010592 0.33521 0.26038 0.008309 -0.02531 0.043336 0.047273 -0.00016976 -0.00027187 0.00036876 0.0005007 0.0016855 -0.0026996 0.0054474 0.0034407 0.035245 -0.021426 0.073195 0.027959 0.00023993 0.0035834 0.011135 0.00393
-0.00085735 0.00071724 0.0039497 0.0097392 -0.0038046 -0.012892 0.032749 0.032743 0.0041652 -0.02028 0.037094 0.037161 0.0035516 0.00096855 0.010024 0.0051136 0.0090457 0.013752 0.040045 0.043133 0.086281 0.003082 0.33133 0.26892 -0.05251 0.10067 0.50831 0.26871 -0.013272 -0.025135 0.019449 0.050258 -0.00018536 -0.011481 0.060877 0.052197 0.01168 -0.016212 0.4013 0.24808 0.026969 -0.1099 0.28385 0.33638 -0.05482 0.0056458 0.064623 0.040666 0.0035345 -0.0036195 0.0044807 0.011294 0.011803 0.011335 0.032035 0.037209 -0.016121 0.027634 0.049536 0.04866 -0.0027558 -0.0026878 0.0078071 0.0073542
-0.00010126 -0.00018738 0.00047124 0.00088576 4.0103e-05 -0.00023187 0.0021378 0.0042457 0.05046 0.015402 0.077817 0.017287 -0.0044313 0.001588 0.013941 0.0044705 0.00075075 0.0015015 0.0044603 0.0032646 -0.010337 0.0014223 0.038119 0.029192 0.32719 -0.081563 0.47409 0.2139 -0.045156 -0.038276 0.076893 0.051359 0.00044963 0.0010207 0.0040833 0.0034868 0.10397 0.17132 0.20474 0.31201 -0.047754 0.067286 0.22186 0.58292 -0.0095944 0.011988 0.010906 0.030454 0.00030243 -0.00052263 0.00089157 0.00093001 0.0093127 0.018632 0.072725 0.070539 0.0032529 -0.0047294 0.035218 0.056089 0.00018787 -0.00045806 0.0059213 0.012638
-0.00014297 -0.00039091 0.0016698 0.0017177 -0.012339 0.0069839 0.019257 0.018247 0.0052494 -0.01039 0.0082586 0.02946 0.0017747 -0.00021101 0.0036013 0.0062873 -0.0034031 0.0040184 0.011769 0.022094 -0.12537 -0.165 0.21428 0.36303 0.11603 0.052942 0.30346 0.42406 0.021183 0.03525 0.053826 0.05076 -0.014165 -0.033384 0.017867 0.058837 -0.046948 -0.061104 0.067491 0.090045 0.257 -8.0322e-05 0.59419 0.14567 0.011292 -0.036063 0.034076 0.04163 -0.00030579 -3.4314e-05 0.00064395 0.00029934 0.004091 -0.0022558 0.0065458 0.0059195 0.032339 0.0068579 0.10506 0.025772 0.0020995 0.0019699 0.0052086 0.0049774
0.00034397 -0.00049345 0.00088181 0.00056832 -4.3365e-05 -0.0023361 0.0041852 0.0027487 0.0047127 0.012965 0.0095743 0.018007 0.00013816 0.0041293 0.0015587 0.0048261 -0.00054625 0.00025867 0.0017797 0.0020595 0.012214 0.0035006 0.042954 0.019117 0.22858 -0.0097 0.62776 0.2472 0.018215 0.0095794 0.039279 0.062585 0.0010362 0.0013817 0.0017719 0.0019844 0.0019656 0.0015465 0.021456 0.021508 0.18707 0.048975 0.61786 0.21184 0.029797 -0.0063326 0.063525 0.041435 -7.3658e-05 -0.00013698 0.00038045 0.00044392 -0.00154 0.0022167 0.0066429 0.0037406 0.034851 0.0035525 0.096544 0.033549 0.00093536 -0.004381 0.0048596 0.010008
4.4079e-06 -0.0014228 0.0010153 0.0018208 7.5577e-05 -0.0037685 0.005447 0.010091 0.070905 -0.016176 0.072722 0.017359 0.0002135 -0.00016739 0.0004186 0.00029878 -0.0024021 -0.0024694 0.0036883 0.0075749 0.0090488 -0.034546 0.02204 0.046715 0.48261 0.0032284 0.49442 0.045381 0.0020082 0.0010523 0.0020082 0.0010523 -0.0010641 0.0024947 0.002378 0.0041147 0.0021136 0.033218 0.027274 0.048174 0.49074 0.014923 0.49464 0.074169 0.0006136 -0.00034343 0.00069657 0.00055126 5.9026e-06 7.8158e-05 0.00022839 0.00047074 6.7669e-05 0.00031826 0.0026676 0.0021432 0.070298 -0.0021665 0.071086 0.0080807 0.00021564 -5.3122e-06 0.0002633 0.00023479
-0.00046422 0.00049885 0.00063182 0.0012554 0.031899 0.0017957 0.057892 0.04619 -0.0025423 0.010125 0.048379 0.045451 -0.00099987 0.00081962 0.0028501 0.012442 0.0021444 0.0021064 0.0048351 0.0043296 0.42345 -0.0038217 0.50545 0.12414 -0.10976 0.013858 0.25522 0.15065 -0.011239 -0.011649 0.035936 0.10743 -0.0013999 0.001188 0.0060845 0.0064939 0.28373 -0.049762 0.45586 0.14644 -0.00024521 -0.061887 0.21151 0.2108 -0.017307 0.011703 0.092172 0.039609 -0.0063899 0.0050584 0.0077887 0.0057142 0.034265 0.013229 0.063233 0.036019 0.014338 0.016546 0.027592 0.037326 -0.0036144 0.0010527 0.0091455 0.0052149
0.0001898 0.00043103 0.00079935 0.00085128 -0.014541 -0.019171 0.027793 0.030382 0.012604 -0.025449 0.031428 0.055071 0.00050841 1.0551e-05 0.0025593 0.003742 -0.033336 -0.0097941 0.039125 0.0221 -0.066744 -0.066281 0.31075 0.37167 0.26591 0.10656 0.37834 0.17444 -0.044362 0.022795 0.059287 0.044819 -0.024267 0.0032988 0.039122 0.01697 -0.096791 0.089014 0.28259 0.44288 0.11299 -0.17214 0.25468 0.26061 -0.012982 -0.031797 0.038025 0.055878 0.00061768 0.00065879 0.0014173 0.002554 -0.0065641 0.027295 0.0098845 0.036176 0.001019 0.023757 0.019393 0.051096 -0.00066275 -0.0027921 0.002428 0.0067334
-8.7664e-05 -0.00024317 0.00027702 0.00034748 0.060445 -0.0018907 0.063783 0.0040145 0.022298 0.0007597 0.022298 0.0017731 0 0 0 0 -0.0019041 0.00013278 0.0026957 0.001715 0.48604 0.0058937 0.51831 0.035573 0.093914 0.0092081 0.093914 0.011816 0 0 0 0 -0.00045252 -0.00012386 0.0028798 0.0022174 0.43565 -0.016314 0.47498 0.037061 0.14223 -0.021363 0.14223 0.024692 0 0 0 0 7.9452e-05 0.00017302 0.00021759 0.00025429 0.059573 0.0053461 0.062617 0.0066107 0.022887 0.0043162 0.022887 0.0043713 0 0 0 0
-4.656e-05 -0.00025558 0.00030094 0.00036613 0.061226 -0.0024134 0.065047 0.0033349 0.01904 -0.00072027 0.01904 0.0012701 0 0 0 0 -0.0010969 0.00019298 0.0020764 0.0018335 0.47345 0.016136 0.50488 0.038366 0.088148 0.013374 0.088148 0.013374 0 0 0 0 -0.00097636 -0.00022678 0.0032264 0.0019339 0.46118 -0.020964 0.5004 0.040241 0.10031 -0.018588 0.10031 0.021216 0 0 0 0 4.7208e-05 0.00016214 0.00024665 0.00023697 0.059806 0.0044793 0.063431 0.0054101 0.020286 0.0030303 0.020286 0.0030303 0 0 0 0
0.0021384 -0.0046184 0.0029351 0.0047056 -0.0032785 -0.0060776 0.0085905 0.0068723 0.01434 0.010715 0.015764 0.012052 -0.0025703 0.0056089 0.0031696 0.0069696 0.0031036 -0.0017399 0.0037987 0.003233 0.07637 -0.020988 0.085277 0.05309 0.23188 -0.074341 0.33579 0.45837 -0.013563 0.008002 0.022031 0.02262 0.0022316 -0.0051574 0.0031441 0.0053256 0.025223 -0.031064 0.025223 0.031064 0.4125 0.24317 0.51016 0.29972 -0.018849 0.0042206 0.027877 0.032456 -0.0033473 0.0022157 0.0037164 0.0028491 0.0024787 0.0048103 0.015158 0.018498 0.048171 -0.064269 0.052806 0.064269 -0.0058573 -0.010435 0.0061344 0.010435
-0.000131 -0.00031135 0.00031042 0.0003601 0.052325 0.0084606 0.053796 0.011367 -0.040414 0.026819 0.051749 0.037404 0.0069761 0.0043368 0.0081964 0.0051712 0.00026138 0.000516 0.001787 0.0021288 0.29574 -0.036965 0.49287 0.077387 -0.030819 0.034365 0.4294 0.20929 0.0011099 0.016996 0.026699 0.031513 0.0027902 -0.0010271 0.0032284 0.0039025 0.15724 0.020846 0.51663 0.14883 0.13686 -0.049218 0.20404 0.14963 -0.031011 -0.041024 0.042815 0.052467 4.1218e-05 -0.00011749 0.00040988 0.00079386 0.019948 -0.029296 0.021676 0.042853 -0.011 -0.05036 0.019852 0.065111 -0.0002863 -0.0008897 0.00080043 0.0011488
2.2017e-05 3.1759e-05 0.00033437 0.0004214 0.026738 0.043195 0.039594 0.044433 0.0029409 0.0094976 0.022569 0.014526 -0.00096507 0.010571 0.0051459 0.01407 0.041361 -0.00026137 0.043474 0.035327 0.059617 -0.013446 0.22435 0.27829 0.0611 0.09701 0.25852 0.27656 -0.03151 0.009766 0.044831 0.045435 0.024802 -0.011063 0.025773 0.018326 0.18597 -0.017954 0.47823 0.30504 0.037802 -0.19415 0.4438 0.28995 -0.018656 0.0060559 0.042667 0.034001 -2.0657e-05 -0.00020742 0.000206 0.00036791 -0.013058 -0.042826 0.050124 0.04319 0.037794 -0.040801 0.038899 0.040801 -2.9203e-05 -0.0092291 0.0020697 0.0092291
-1.2783e-05 0.00011305 0.00046185 0.00040632 0.020469 0.012489 0.075659 0.050932 -0.0023618 -0.013135 0.016044 0.098787 0.0009389 0.0060827 0.0025651 0.017437 0.0021096 0.0014631 0.0033359 0.0021819 0.095457 -0.0090454 0.4697 0.22137 -0.010995 -0.019646 0.18635 0.43219 0.025345 -0.018636 0.059336 0.085932 0.0013548 -0.00078342 0.0040619 0.0036659 0.058383 -0.0050357 0.473 0.11025 0.05473 0.057055 0.27965 0.35567 -0.00038221 0.014168 0.030318 0.046408 -2.0217e-05 -0.00024317 0.00036186 0.00031303 0.0062848 -0.002751 0.074951 0.01694 0.014765 -0.0043537 0.046277 0.075816 -0.0022898 0.0023686 0.006021 0.010159
0.0015137 0.00018156 0.0047636 0.0059824 -0.024519 0.023704 0.043043 0.03769 0.0094639 0.024951 0.059265 0.044621 -0.00014034 -0.00071361 0.0071 0.0070277 0.010193 -0.008781 0.040622 0.044785 -0.058763 -0.1454 0.36353 0.2846 0.091228 0.13473 0.25806 0.34377 -0.021575 0.015808 0.044082 0.054842 0.013357 0.0048737 0.015901 0.0075234 -0.095591 0.093456 0.39166 0.22846 0.14623 -0.20568 0.363 0.3079 -0.01961 -0.016281 0.057719 0.033245 0.0032254 0.0015547 0.0051622 0.0039446 -0.010791 0.018005 0.034749 0.035337 -0.0072445 0.022577 0.044953 0.076077 0.0033875 0.0021165 0.0047164 0.0036716
0.00039784 -0.00016957 0.0005525 0.00051205 0.059987 0.010356 0.06309 0.012523 -0.021143 -0.013585 0.082105 0.021551 0.00055883 0.0025314 0.0098716 0.0049444 -0.00045322 -0.00090444 0.003791 0.0042917 0.058801 0.096603 0.45021 0.33767 0.18109 -0.022508 0.29718 0.32457 0.013203 0.022219 0.02081 0.043587 -0.00098507 0.00021965 0.0044953 0.0056983 0.077045 -0.15239 0.28395 0.24404 0.12877 -0.093385 0.25723 0.38399 -0.023886 -0.062029 0.029617 0.10444 0.00025218 -0.00024579 0.00045273 0.00073403 -0.0024383 -0.00045894 0.0045805 0.0040675 0.0022597 -0.0063573 0.0058677 0.0076167 -5.2417e-05 -0.00039692 0.00045723 0.0007301
0.0035751 -0.0071635 0.0038738 0.007496 0.032865 -0.057382 0.032914 0.057382 0.0010786 -0.00044084 0.0010786 0.00044084 0 0 0 0 -0.00057212 0.0005517 0.0015511 0.0016662 0.48537 -0.013054 0.49183 0.073716 0.011938 0.00070154 0.011938 0.001775 0 0 0 0 0.00046948 -0.00048053 0.0025794 0.0022104 0.48878 0.006117 0.50674 0.04092 0.0069891 0.00076294 0.0069891 0.00076294 0 0 0 0 -0.00020197 2.2791e-06 0.00028296 0.00021053 0.070366 0.0021971 0.072403 0.0051901 8.9156e-05 8.9156e-05 8.9156e-05 8.9156e-05 0 0 0 0
-0.00026541 9.533e-05 0.00091479 0.00040153 0.0017832 0.0021439 0.0027671 0.0046291 0.0015238 0.0025596 0.0022228 0.0050492 8.3081e-05 0.00040934 0.00025328 0.00045746 -0.00067415 0.00011669 0.0041535 0.0027022 0.2263 0.14667 0.26341 0.15257 0.013396 0.25422 0.23411 0.45854 -0.026258 0.059484 0.028572 0.061709 -9.0224e-05 0.0012881 0.002812 0.0035785 0.22993 -0.12794 0.32138 0.14846 0.25227 0.039158 0.38831 0.25357 -0.01497 0.0091224 0.023551 0.061418 7.3407e-05 -0.00010642 0.00062278 0.0007955 0.0017656 0.0033669 0.0034063 0.0055948 0.060382 0.0084584 0.10768 0.02607 -0.002636 -0.0078868 0.0093907 0.010115
-0.00014599 -1.6772e-05 0.00027637 0.00023488 0.0018151 -0.0019207 0.0048828 0.0046726 0.072044 -0.0096352 0.074458 0.010854 0.00017265 4.6018e-05 0.00017265 8.2066e-05 -0.00027349 0.000478 0.0036867 0.0023751 -0.00033003 -0.0030891 0.027405 0.022409 0.47507 -0.042212 0.4818 0.11846 3.734e-05 3.734e-05 3.734e-05 3.734e-05 -0.0005012 0.00035098 0.001934 0.0019607 0.010828 0.0024323 0.037399 0.017517 0.46639 0.034588 0.51032 0.15202 0.00018713 -0.00025711 0.00032916 0.00025711 3.9801e-05 -0.00013878 0.00060192 0.00030704 0.0015396 -0.002984 0.011234 0.0044917 0.069347 -0.00076692 0.070789 0.0032058 0.00022986 1.2036e-05 0.00022986 9.6436e-05
0.00052361 0.00027233 0.00072036 0.00072768 0.0049177 0.0039105 0.0049177 0.0041227 0.065806 0.03928 0.067735 0.042288 -0.003865 0.007499 0.0039999 0.00791 0.0039621 0.0034774 0.0049655 0.0040017 0.026629 0.02598 0.026629 0.02598 0.41059 -0.22264 0.49237 0.25885 0.0095017 -0.01214 0.046557 0.046405 0.0052619 0.0012551 0.0082864 0.0031522 0.13401 0.012911 0.13401 0.066488 0.21373 0.096046 0.32433 0.49719 -2.9055e-05 -0.0043261 0.021416 0.035756 -0.0060777 0.011944 0.0078239 0.012207 4.6415e-05 0.0035103 0.0055232 0.0041387 0.030368 -0.010798 0.030506 0.020109 -0.0025417 -0.0037194 0.0025498 0.0045285
0.001693 -0.0010916 0.0024349 0.0014795 -0.016573 -0.012055 0.040704 0.02912 0.004476 -0.014499 0.046946 0.036182 -0.00031686 0.00096086 0.0052247 0.0030668 -0.0080774 -0.0045138 0.018282 0.013135 -0.1568 -0.052614 0.28829 0.17248 0.095309 -0.037751 0.41977 0.33191 0.0038381 -0.02004 0.060727 0.040741 -0.025761 -0.0097312 0.026706 0.011137 0.03573 -0.0095989 0.17527 0.25789 0.099086 0.035744 0.52909 0.37629 0.0081828 0.06852 0.039009 0.089234 -0.0013104 0.00058833 0.0024368 0.0026753 0.0062986 0.0020353 0.027447 0.010659 0.0077518 0.0041066 0.032605 0.022129 -0.00087841 -0.0092358 0.0029205 0.010725
0.00020695 -0.00018049 0.00033931 0.0004154 0.012168 -0.023247 0.014374 0.026154 0.058038 -0.03574 0.058064 0.03782 0 0 0 0 -0.00084914 0.0010423 0.0013622 0.0014558 -0.00094539 -0.0044106 0.014229 0.012492 0.49052 -0.00030926 0.4951 0.041803 0 0 0 0 -0.0006366 0.00020948 0.0022664 0.0014815 -0.00052613 0.0083139 0.021922 0.013322 0.48627 0.011813 0.50277 0.042754 0 0 0 0 -0.00010712 -0.00025222 0.00026853 0.00032 0.0015031 -0.00088911 0.0023566 0.0029031 0.062283 -0.018829 0.067151 0.019789 0.0002102 -0.0032074 0.00026218 0.003244
9.8607e-05 -2.8929e-06 0.00043648 0.00044727 -0.00048365 0.0026765 0.0032654 0.0045759 0.028831 0.040412 0.040319 0.056719 -0.0023472 0.011499 0.0036952 0.011662 -0.0022172 0.00077105 0.0053978 0.0032436 0.00036215 -0.0025743 0.022612 0.012724 0.31821 -0.021446 0.53187 0.21326 0.019085 0.0038932 0.041109 0.031022 0.00090332 0.00046328 0.0034187 0.0038345 0.0022172 0.0092482 0.01955 0.022228 0.34642 0.043719 0.6395 0.11567 -0.017351 -0.016814 0.046199 0.037022 6.1686e-05 -0.0003665 0.00033535 0.00049356 -0.00052284 -0.0013007 0.0027658 0.003125 0.049613 -0.01474 0.07735 0.017302 -0.0078077 -0.0041694 0.010323 0.0043604
-2.0597e-05 0.00067148 0.0033576 0.0027034 -0.015215 -0.036023 0.050064 0.044996 0.034225 -0.015865 0.087189 0.032544 -0.0012525 -0.0040343 0.007746 0.0050488 -0.014501 -0.031283 0.022199 0.03498 0.0022748 -0.014637 0.049885 0.046169 0.36219 0.032149 0.63096 0.15442 -0.0095106 0.0012319 0.044506 0.023939 0.0020277 -0.0011384 0.0028642 0.0019671 0.11284 0.0011554 0.12376 0.076938 0.24491 -0.065364 0.51928 0.19747 0.0032492 -0.0064533 0.051736 0.053392 0.00038034 -0.00019433 0.00060002 0.00044236 0.0015383 -0.00036499 0.00314 0.0043333 0.02955 -0.017308 0.064135 0.035495 -0.0042616 -0.0035531 0.0092838 0.0042141
0.00010417 -0.00029816 0.00058939 0.00074877 0.050731 0.0057505 0.0686 0.015262 0.0024298 -0.021163 0.020895 0.023707 0.002944 -0.0019195 0.0048513 0.0022528 -0.02465 0.034851 0.028121 0.038818 0.33796 -0.082851 0.45334 0.14817 -0.056814 -0.031039 0.16246 0.097649 0.0098743 -0.0083639 0.051743 0.069079 0.0065003 0.035668 0.058038 0.082568 -0.075875 0.13825 0.46448 0.44255 0.099737 -0.035153 0.21121 0.26756 0.0033964 0.012816 0.042649 0.025599 0.011509 -0.0020069 0.015608 0.0061817 -0.041343 0.018095 0.06803 0.05259 0.019637 0.0062232 0.03882 0.026331 0.00038769 -0.001111 0.0050124 0.0075965
-0.0024163 -0.00022369 0.00275 0.0018256 -0.041746 -0.040257 0.048396 0.047635 0.052421 -0.020042 0.095441 0.035433 -0.00045584 -0.0044339 0.0054477 0.0058298 -0.020961 -0.041152 0.024291 0.04276 -0.01752 -0.046458 0.060824 0.066933 0.38263 -0.0094391 0.55697 0.12797 -0.012419 0.0058993 0.048568 0.025016 0.0017814 -0.0015798 0.0033855 0.0025557 0.0079217 -0.0047031 0.018852 0.026305 0.37909 -0.022234 0.52743 0.22826 -0.018499 -0.01723 0.065576 0.037829 3.6012e-05 2.6829e-05 0.00032341 0.00051749 0.0011728 -0.0034327 0.0028169 0.0035907 0.028749 -0.016919 0.046468 0.038927 -0.002923 -0.0034353 0.0036236 0.0089648
7.5062e-05 -8.0939e-05 0.00025103 0.00026031 0.071354 -0.0030976 0.072348 0.0035562 0.0002143 4.1154e-05 0.0002143 0.00029991 0 0 0 0 0.00032872 -0.0012006 0.0010023 0.0016818 0.49121 0.036983 0.49961 0.050725 0.0024598 0 0.0024598 0 0 0 0 0 -0.00039583 0.00038374 0.0011272 0.00080888 0.4895 -0.025939 0.49295 0.029615 0.0054618 -0.00031587 0.0054618 0.00097387 0 0 0 0 -5.6289e-05 3.2653e-05 0.00021382 0.00015453 0.07256 -0.0024872 0.0726 0.0049164 0.00060233 -7.2693e-05 0.00060233 9.7426e-05 0 0 0 0
-0.0005517 -5.3287e-06 0.00063282 0.00012979 0.00076312 -0.0011763 0.011592 0.003372 0.074084 -0.0023019 0.074177 0.0083877 0 0 0 0 -0.00064218 -0.00094729 0.0027435 0.0034264 -0.024985 0.0088782 0.057954 0.025934 0.49447 -0.038304 0.50362 0.074833 0.0032849 -0.00033566 0.0032849 0.0011709 -0.0011115 0.001043 0.0024733 0.00168 -0.016226 0.0094945 0.057655 0.033549 0.47434 0.018888 0.48149 0.075828 0.0017268 0.00055734 0.0017268 0.00072384 -4.4914e-05 -0.00020025 0.00036238 0.00023996 0.0015133 -0.00099551 0.006246 0.0032632 0.07082 0.015384 0.073874 0.017182 0 0 0 0
-0.00017878 -7.3786e-05 0.00028365 0.00025282 0.0017633 -0.0016796 0.0069683 0.0028611 0.033515 -0.0029142 0.091766 0.034152 0.0019496 0.00070601 0.0039983 0.0083841 0.00030813 0.00072538 0.0019887 0.0021835 -0.0078284 0.0021637 0.039101 0.017355 0.20384 -0.017994 0.55748 0.21427 0.017291 0.0096579 0.055793 0.057278 -0.00052224 0.00052281 0.0028112 0.0026134 -0.0061442 0.0062183 0.03529 0.021476 0.24223 0.034599 0.65206 0.29546 0.015089 0.00040172 0.045844 0.054777 0.00017526 -2.1141e-05 0.00053223 0.00042855 0.0014872 0.0089164 0.0071777 0.011607 0.006365 -0.022746 0.013635 0.031855 -4.6781e-05 -0.013201 0.00089687 0.013615
0.00017797 -0.00017665 0.00042137 0.00048525 0.0013978 0.0013662 0.0031889 0.002712 0.027541 -0.036425 0.045174 0.040292 -0.0055397 -0.0049338 0.0062038 0.0051411 0.0017143 0.00091656 0.0027351 0.0045781 0.29641 0.0015398 0.31081 0.16621 -0.0536 0.21591 0.25961 0.37266 -0.0085691 0.021701 0.025438 0.072504 0.0017301 -0.00013926 0.0033812 0.0022987 0.16066 0.015601 0.17086 0.070681 0.13563 -0.069607 0.55515 0.33 0.0063013 0.010048 0.060082 0.062226 0.00015054 -3.3612e-05 0.00029284 0.00025632 0.03634 -0.011951 0.036837 0.015839 -0.0039449 -0.028294 0.035403 0.078576 0.006669 -0.0014208 0.013114 0.0058598
-0.00012441 1.0604e-05 0.00016213 0.00014633 0.00055137 0.00086867 0.001981 0.0014555 0.06689 0.013569 0.067716 0.013754 -1.8672e-06 5.4258e-06 1.8672e-06 5.4258e-06 -5.7522e-05 -0.00010001 0.0019223 0.0011674 -0.0013766 0.002475 0.010775 0.010066 0.49715 -0.0141 0.49715 0.038069 0 0 0 0 -0.00067544 -7.9717e-05 0.0012585 0.0011241 0.0035935 -0.00078463 0.0064215 0.0059523 0.49072 0.01483 0.49072 0.046283 0 0 0 0 -0.00020595 -1.7187e-05 0.00027073 6.589e-05 -3.0173e-05 -0.00069275 0.0012678 0.0012366 0.071683 -0.0021891 0.071683 0.0035598 0 0 0 0
0.0039292 -0.0014183 0.010556 0.0053222 -0.0064916 0.027889 0.056921 0.054519 -0.0036183 0.036598 0.037668 0.069316 -0.0017641 -0.0025813 0.0052497 0.010383 -0.029291 -0.0060454 0.056177 0.034527 0.028598 -0.13151 0.40171 0.35879 0.07633 -0.082215 0.30837 0.34883 -0.018277 -0.0052765 0.031017 0.053147 -0.0022693 0.013363 0.023044 0.039966 -0.057236 0.1528 0.33318 0.24567 0.063514 0.094002 0.29788 0.34331 0.0071648 0.0084605 0.029275 0.069553 -0.0014577 0.0049371 0.0076421 0.0079958 0.010593 -0.0082366 0.075489 0.014583 -0.021951 -0.023827 0.053697 0.047052 0.0035566 -0.0037234 0.004757 0.010278
-0.0011129 -0.0023583 0.0041308 0.005253 0.0027032 -0.037329 0.012945 0.043677 0.0023751 -0.0068659 0.016605 0.036921 -0.0013253 -0.0017263 0.0031236 0.0055713 0.00015876 0.011524 0.012437 0.014864 -0.019258 -0.036431 0.34968 0.33189 0.15712 0.075094 0.29903 0.36171 -0.023251 -0.0106 0.033068 0.046646 -0.022004 -0.050077 0.025185 0.050591 0.22295 -0.015993 0.58012 0.082037 0.058114 -0.060278 0.16723 0.22446 -0.064748 -0.019694 0.06681 0.039046 3.088e-05 -0.00021228 0.00040731 0.00036866 0.060022 0.0026044 0.062197 0.017465 -0.023352 0.004438 0.035835 0.023153 0.0016846 0.0043904 0.0031082 0.0074334
0.00021472 4.9446e-05 0.00034969 0.00034075 -0.0003693 -0.0017637 0.0026977 0.0063021 0.0003606 0.0027089 0.0045234 0.0058987 0.010382 0.011266 0.010382 0.01149 0.00082434 -0.001344 0.0031976 0.0036824 -0.0077039 -0.049778 0.030983 0.062918 0.43794 0.13067 0.46899 0.23206 0.031628 0.028662 0.034338 0.032175 0.0019215 0.00088965 0.0041844 0.0069933 0.0081685 0.054223 0.03563 0.061721 0.48589 -0.058518 0.48891 0.10536 0.0054791 0.00032698 0.0075898 0.004469 0.00025088 -0.00022819 0.00054512 0.00037025 0.000664 -0.0020333 0.0068086 0.0054574 0.052952 -0.016893 0.061172 0.019549 0.0025643 -0.0010315 0.0027156 0.0012156
-2.8695e-05 2.4086e-06 0.00010589 0.0002851 0.00070749 -0.00021743 0.0023337 0.0022829 0.068242 0.0077265 0.068287 0.0099493 4.6705e-06 1.8271e-06 4.6705e-06 4.6705e-06 0.00026266 0.00011829 0.00092898 0.0026653 -0.0070895 -0.0029283 0.023171 0.014012 0.49122 -0.00028957 0.49122 0.038024 0 0 0 0 0.00028344 -0.00086791 0.0013068 0.0012892 -0.00062524 -0.0055711 0.034917 0.01315 0.49339 -0.0063746 0.49339 0.085969 0.00077413 -0.00049302 0.00077413 0.00089828 4.6019e-05 -0.00014596 0.00027248 0.00028944 -0.0028393 -0.0025958 0.0054151 0.0034207 0.042636 -0.054987 0.043014 0.056067 0.0025958 -0.0044893 0.0026328 0.0044893
0.00022807 0.0003007 0.00050564 0.00048285 0.00078945 0.0032763 0.0039137 0.0053048 0.0016134 0.00093989 0.0030538 0.0032611 -2.915e-05 0.00032949 0.00047026 0.00041782 -0.00069031 0.00037945 0.0051203 0.0031484 0.21299 0.10561 0.22774 0.11214 0.062044 0.25222 0.23417 0.44815 -0.057613 0.045045 0.059347 0.045575 -0.001456 0.00071382 0.0042227 0.0026697 0.30026 -0.089551 0.30738 0.10017 0.16555 0.033256 0.49774 0.21968 -0.0063322 0.023825 0.033156 0.062566 7.9591e-05 -0.00014199 0.00062242 0.00071158 0.001817 0.0023196 0.0035335 0.0040238 0.058349 0.0065379 0.08859 0.021301 -0.00081103 -0.0056164 0.01076 0.0069673
-0.00019103 0.00013765 0.00031025 0.00033323 0.00036712 0.0014171 0.0016174 0.0020343 0.073414 -0.0063003 0.073414 0.0064731 0 0 0 0 -4.2451e-05 0.00028891 0.0022145 0.0019073 0.0023465 0.0033851 0.012798 0.0099272 0.49933 -0.012661 0.49933 0.027282 0 0 0 0 -0.00028096 0.001047 0.0020519 0.0013638 0.002301 0.0031924 0.012205 0.0079227 0.48813 0.0069273 0.48813 0.046507 0 0 0 0 -1.3563e-05 2.3821e-05 0.00013817 0.00040261 0.00024558 -0.00014155 0.0014867 0.000779 0.071579 0.0017426 0.071579 0.0070655 0 0 0 0
-0.00018477 7.7405e-05 0.00027354 0.00024826 0.00010181 0.001151 0.0016587 0.0020405 0.073581 -0.0052809 0.073581 0.005299 0 0 0 0 -0.00055538 0.00079253 0.0018146 0.0019817 0.0032723 0.0050999 0.013497 0.011773 0.49955 0.0021425 0.49955 0.0093722 0 0 0 0 -0.00023481 0.00065276 0.0023636 0.0019545 0.0022902 0.0016032 0.015308 0.0067396 0.48726 -0.011469 0.48726 0.063617 0 0 0 0 -7.3703e-07 3.2305e-05 0.00016147 0.00025293 0.00048667 0.00035916 0.0015703 0.0009598 0.071261 0.0038026 0.071261 0.0060463 0 0 0 0
-0.00012152 0.0001444 0.00020049 0.00017235 -0.00069273 0.0016906 0.0011781 0.0017572 0.07302 -8.1237e-05 0.07302 0.001258 0 0 0 0 -0.00010547 0.00043933 0.00084471 0.00079343 -0.0051052 0.0025258 0.012078 0.0074807 0.49464 -0.013103 0.49464 0.013974 0 0 0 0 -0.0043028 0.002664 0.0049544 0.0034793 -0.0080768 0.0022804 0.010745 0.0072713 0.4938 0.018549 0.49449 0.025888 0 0 0 0 -0.001776 0.00037708 0.0022957 0.0016005 -0.0011095 -0.00081519 0.001287 0.0010835 0.06546 -0.02329 0.065672 0.02329 0.00023705 -0.0019897 0.00033992 0.0019897
-3.5032e-05 -8.7181e-06 0.00020529 0.00016727 0.069777 -0.0006222 0.070909 0.005906 0.00128 -1.4359e-05 0.00128 0.00016104 0 0 0 0 -0.00090805 -0.0011017 0.0013829 0.0016134 0.48822 0.031242 0.48907 0.050342 0.0076378 0.0015886 0.0076378 0.0015886 0 0 0 0 -0.001087 -0.0009108 0.0017264 0.0016009 0.49528 -0.035753 0.49991 0.039478 0.0071032 -0.00066905 0.0071032 0.0048124 0 0 0 0 0.00017162 -4.8423e-05 0.00024586 0.00029827 0.0722 0.0089016 0.072932 0.009744 6.3238e-05 -2.6579e-05 6.3238e-05 2.6579e-05 0 0 0 0
0.007249 0.0019963 0.0074039 0.002062 -0.025561 0.034464 0.040886 0.035239 0.05044 0.027178 0.053718 0.0285 0.0014555 0.0021933 0.0016569 0.0031649 0.079799 0.0051686 0.080065 0.033529 -0.014544 0.018178 0.38797 0.31708 0.012639 0.090276 0.40579 0.28438 0.0079206 0.024706 0.052516 0.048512 0.0016114 0.022546 0.030406 0.060874 0.17159 -0.0034353 0.44203 0.25409 -0.037583 0.05369 0.26317 0.28796 0.021539 -0.03457 0.064494 0.044873 0.0021028 -0.0021557 0.0051817 0.0057518 0.0050682 0.0062142 0.014477 0.026602 0.0046851 -0.023341 0.031198 0.038064 0.0022216 0.0013924 0.0047703 0.0059614
-0.0023422 -0.0031693 0.0030956 0.0035736 -0.00042203 -0.00079033 0.0026654 0.0037399 0.032042 3.0993e-05 0.067983 0.011236 0.0012193 -0.00071254 0.0067493 0.0039956 -0.0057155 0.031259 0.0096303 0.03396 0.00059543 0.0027583 0.055033 0.0362 0.20017 -0.0057202 0.51394 0.085446 0.0084979 -0.0059708 0.023122 0.028987 -0.0080622 0.014234 0.014216 0.11046 -0.236 0.14452 0.36288 0.40952 0.19308 -0.010052 0.48044 0.084682 0.021285 0.0057049 0.039627 0.039356 -0.00099637 -0.0059083 0.0018568 0.012129 -0.014946 -0.026989 0.020408 0.030796 0.027218 -0.013559 0.045751 0.03489 0.00063666 0.00071869 0.0041117 0.010511
-0.00015599 0.00012576 0.00019549 0.0001276 -0.00055403 0.00094799 0.0018805 0.0012076 0.07218 -0.00029468 0.07218 0.0025896 0 0 0 0 -0.0009052 0.00042743 0.0010665 0.00080494 -0.0015733 -0.001598 0.0093994 0.0098073 0.49502 -0.012623 0.49502 0.023418 0 0 0 0 -0.000451 0.00043632 0.00088975 0.00094697 -0.0042644 0.0043188 0.0084705 0.0097302 0.49246 0.020387 0.49362 0.026794 0 0 0 0 -7.4886e-05 -6.1165e-05 0.00016214 0.00024351 -0.00036589 0.00015434 0.0014111 0.0014573 0.073738 0.0017427 0.074379 0.0094036 0 0 0 0
-0.019859 -0.014494 0.020175 0.017652 0.030032 0.0053482 0.083602 0.059908 -0.034661 0.013145 0.04873 0.028628 0.0017764 0.0014198 0.0022723 0.0023637 0.040632 -0.013158 0.10743 0.067412 0.06999 0.067238 0.48718 0.35496 -0.025088 0.16152 0.25167 0.2599 0.013996 0.0049251 0.020742 0.024258 -0.0070836 0.012104 0.058316 0.04071 0.22785 -0.042284 0.5149 0.25204 -0.048051 0.064026 0.13485 0.10752 2.4965e-05 -0.00092175 0.021594 0.013679 0.0012623 0.0015322 0.004864 0.0042303 0.00017393 0.057102 0.032031 0.05998 -0.0009352 0.0024216 0.024664 0.0087327 0.0031497 0.0010721 0.0047334 0.0017343
4.7779e-05 7.3248e-05 0.0001792 0.00030417 -0.001475 -0.0013947 0.0093564 0.0022376 0.074214 0.0012998 0.074214 0.0042486 0 0 0 0 0.0010252 -0.0010027 0.0034407 0.0015823 -0.023169 0.010325 0.035584 0.023013 0.49961 -0.050634 0.49961 0.055468 0 0 0 0 0.00037946 0.00070467 0.0013113 0.0012066 -0.0088814 0.00026895 0.033058 0.016167 0.48215 0.039344 0.48315 0.04172 0 0 0 0 3.4139e-05 4.306e-05 0.00021484 0.00012439 -0.0030306 0.00052618 0.0050747 0.0016545 0.073604 0.00090733 0.073604 0.0064946 8.529e-07 -8.915e-06 8.529e-07 8.915e-06
0.00015369 9.4762e-05 0.0002197 0.00047083 0.00039973 -0.00010952 0.0015526 0.0011286 0.071875 -0.0036451 0.071875 0.0043108 0 0 0 0 0.0010879 -0.00025421 0.0017786 0.0012971 0.0022096 -0.0020388 0.012162 0.013886 0.49721 -0.014414 0.49721 0.02865 0 0 0 0 0.00035832 -0.0003173 0.0011607 0.0011122 0.0037307 0.0013943 0.0081612 0.010256 0.49037 0.0078871 0.49037 0.045747 0 0 0 0 7.7859e-05 -0.00016719 0.00014138 0.00021702 -3.4209e-05 -0.0012398 0.00090299 0.0015748 0.072566 -0.0026359 0.072566 0.0034946 0 0 0 0
-0.00037241 0.00036621 0.00043899 0.00055172 0.074175 0.021065 0.074524 0.021791 0.0045898 0.0035897 0.004802 0.0057209 1.4914e-05 2.7909e-05 1.4914e-05 2.7909e-05 -3.4588e-05 -0.0068013 0.0043996 0.0088682 0.48272 0.055159 0.48749 0.082164 0.0066124 0.0082937 0.0097829 0.0106 0 0 0 0 0.0020757 0.0043072 0.0061249 0.0068643 0.48594 -0.056989 0.49735 0.09236 0.017413 -0.0047337 0.018026 0.0073 0 0 0 0 -0.00033398 -0.00012116 0.00067825 0.00042238 0.073391 -9.9193e-05 0.073507 0.010955 0.0015205 -6.3096e-05 0.0034123 0.002254 0 0 0 0
9.2365e-06 8.6112e-05 0.00012295 0.00017258 -0.00084041 0.0001984 0.0010085 0.00094494 0.062337 0.015927 0.062577 0.016263 -0.0001953 0.003574 0.00020443 0.003595 -0.00052555 -0.00042596 0.0013313 0.0010727 -0.0015396 0.0019372 0.011535 0.0065865 0.49781 0.0073392 0.49942 0.052428 0 0 0 0 -0.0011956 -0.00011284 0.0014716 0.00091408 0.002127 -0.00068801 0.006691 0.006493 0.48976 -0.010162 0.49008 0.033967 0 0 0 0 -0.00015181 -1.5831e-05 0.00021239 0.00024416 8.5444e-05 -0.0002748 0.0010099 0.00063156 0.070639 0.0030369 0.070682 0.0058008 0 0 0 0
9.5641e-05 -0.00015811 0.00033954 0.00036043 0.0013018 -0.00046309 0.0038008 0.0018921 0.05583 -0.0027212 0.070488 0.020009 -0.0060349 0.006186 0.01317 0.0063742 0.00030094 -0.00039943 0.0028952 0.003786 0.010987 0.0042819 0.022465 0.022437 0.30871 -0.021894 0.61641 0.15544 0.018393 0.011194 0.053204 0.032852 -0.00098015 -0.00055212 0.0019642 0.0029344 -0.0010325 -0.011821 0.029322 0.028338 0.31477 -0.0010714 0.54989 0.27235 0.011996 -0.013596 0.04478 0.035628 -0.00014774 0.00032213 0.00036022 0.0010838 0.00056145 0.0010334 0.0045622 0.0025479 0.016023 -0.040648 0.023457 0.042816 -0.0013027 -0.013357 0.0018347 0.013753
-8.8114e-05 -3.7235e-05 0.00014811 0.00019744 0.00058166 -0.0012317 0.001211 0.002733 0.06313 0.012722 0.06359 0.013575 4.3599e-05 1.68e-05 4.3599e-05 1.68e-05 0.0001245 -0.00079962 0.00095646 0.0027767 -0.00088572 0.0011221 0.011756 0.013261 0.47695 0.0074038 0.49179 0.042303 0 0 0 0 0.00048342 -0.00021282 0.0014261 0.0013107 -0.011546 -0.0084216 0.022158 0.014417 0.50116 -0.01169 0.50116 0.09708 0.00066569 -0.00039243 0.00066569 0.00050857 -0.00015847 -6.7917e-05 0.00025314 0.00011575 -0.0015867 -0.001953 0.0038558 0.0026982 0.039917 -0.043201 0.042093 0.044466 0.0029412 -0.0054098 0.0029439 0.0054098
5.8778e-05 -6.4473e-05 0.00020455 0.00024526 0.00049779 6.957e-05 0.001287 0.0017821 0.07059 0.010554 0.071226 0.010803 3.2007e-05 1.0388e-05 3.2007e-05 1.7397e-05 -6.0618e-05 0.00052489 0.0012324 0.0013371 0.0044646 0.0012899 0.017149 0.011313 0.49442 -0.024167 0.49442 0.075884 0 0 0 0 0.00036588 -0.00052692 0.00094288 0.0012248 0.003465 0.0021546 0.012302 0.0092475 0.48878 0.016347 0.48993 0.065721 0 0 0 0 2.1109e-05 -2.2515e-05 0.00024572 0.00020925 0.0008524 -0.00066379 0.0013934 0.0016444 0.07125 -0.0038634 0.07125 0.00746 0 0 0 0
-0.00051989 -0.0028508 0.014939 0.02394 0.0014554 -0.0097527 0.04809 0.071069 0.026603 -0.050781 0.03387 0.063998 -0.0014975 0.0026156 0.0032094 0.0036794 0.0076857 -0.00025915 0.050919 0.050298 0.062307 0.090319 0.29996 0.46647 0.16182 0.17937 0.30028 0.3669 -0.007346 3.1847e-05 0.009282 0.012037 -0.015339 0.022243 0.041654 0.040225 0.26749 0.077018 0.43064 0.29713 -0.066269 0.018244 0.10522 0.054591 0.005583 -0.00062967 0.011425 0.010766 0.0026877 0.0017845 0.0029092 0.0019694 0.0020097 0.012789 0.0095034 0.014379 1.8433e-05 -0.0013359 0.0055763 0.0077331 -0.00086779 -0.00051693 0.0014757 0.00094925
-1.1652e-05 -9.721e-05 0.00025961 0.000173 -9.7739e-05 0.00026501 0.0013527 0.0012574 0.071205 -0.0045366 0.071205 0.0066623 0 0 0 0 -0.0017118 0.000724 0.0019838 0.0020421 -0.0083881 0.0005317 0.012175 0.010703 0.49392 0.0076627 0.49392 0.041196 0 0 0 0 -0.00020818 0.00022437 0.0019443 0.0020213 -0.013052 0.0012356 0.017241 0.0098988 0.49114 -0.010414 0.49188 0.07738 8.8727e-05 -1.6114e-05 8.8727e-05 8.8727e-05 8.4634e-05 -6.608e-05 0.00017514 0.00016077 -0.0012619 0.00020228 0.0017746 0.001739 0.070311 0.0024606 0.070358 0.0062783 3.6716e-05 -1.3222e-05 3.6716e-05 1.3222e-05
-4.2474e-05 9.5285e-06 0.00030702 0.00011231 0.029694 -0.0013823 0.068617 0.0054324 -0.0033051 0.025197 0.032556 0.040446 0.0018397 0.0034084 0.0063306 0.0093208 -0.0012412 0.0006879 0.0025274 0.0023593 0.18933 0.0047152 0.50927 0.058312 -0.0076696 -0.062879 0.1851 0.25313 0.0045554 -0.017351 0.032536 0.064993 0.0024205 -4.4794e-05 0.0031036 0.0014878 0.16774 -0.049968 0.47219 0.11191 0.019139 -0.025158 0.20694 0.51851 -0.019038 0.0056989 0.051286 0.04409 -2.6202e-05 -9.7755e-05 0.00013617 0.00029644 0.00096784 -0.0031295 0.0027769 0.0040382 0.00067061 -0.013242 0.0054414 0.013924 0.0015743 -0.0059988 0.0028954 0.0062698
-0.0030465 0.0011533 0.0032674 0.0018244 -0.04061 -0.03105 0.054441 0.050396 0.054648 -0.02467 0.093671 0.059057 -0.0034819 -0.0023662 0.0070847 0.0066587 -0.030532 -0.054404 0.033553 0.058978 -0.070826 -0.10706 0.11753 0.12348 0.36064 -0.00090638 0.56068 0.12579 -0.0019274 0.0005793 0.051164 0.027455 0.0015209 -0.0022414 0.0037605 0.0031881 0.010868 -0.0091809 0.019268 0.029729 0.3998 0.019379 0.50055 0.17551 -0.02318 -0.0092907 0.057053 0.030658 0.00019769 9.5133e-05 0.0006564 0.00042908 0.00046406 -0.0006438 0.0028037 0.0038244 0.034701 -0.041411 0.066815 0.053065 -0.0012924 -0.0021675 0.0088878 0.006131
-0.00016379 -0.00011097 0.00023935 0.00026815 0.00031527 -0.00021882 0.0020839 0.0021945 0.069889 -0.0021279 0.069919 0.006668 3.6134e-05 1.3012e-05 3.6134e-05 1.3012e-05 5.6724e-05 0.0006241 0.0012778 0.0014807 -0.0070329 -0.0097178 0.035228 0.018298 0.49245 -0.001391 0.49245 0.045775 0 0 0 0 0.0005482 -0.0010816 0.0011776 0.0015876 0.0043545 0.0022962 0.032867 0.017695 0.4889 0.0010463 0.48921 0.1088 0.00072878 -0.0010556 0.00072878 0.0013563 0.00013304 -0.00014704 0.00032274 0.00022379 -0.003338 -0.0028091 0.0054416 0.0035057 0.043961 -0.052987 0.044156 0.054093 0.0023773 -0.0034724 0.0023773 0.0035176
-0.00022599 0.0001185 0.00046238 0.00039551 0.033525 0.003186 0.040651 0.0061261 0.056478 0.0041595 0.056478 0.0044948 0 0 0 0 0.00078656 -0.0010324 0.0034847 0.002067 0.18286 -0.018136 0.2326 0.039739 0.43643 -0.028282 0.43643 0.031883 0 0 0 0 0.0017566 0.00065053 0.0027745 0.0016476 0.13239 0.021399 0.16905 0.032302 0.48046 0.02035 0.48046 0.021025 0 0 0 0 0.00013564 5.5042e-05 0.00024994 0.00018033 0.040375 0.0023866 0.044796 0.0030534 0.048492 0.00090533 0.048492 0.0024248 1.951e-06 -6.6715e-06 1.951e-06 6.6715e-06
-0.00020544 0.0002274 0.00030035 0.00043108 -0.00039004 0.00028876 0.0032966 0.0010208 0.074757 -0.0051109 0.076076 0.0075391 0 0 0 0 -0.00030915 0.00054767 0.0021778 0.0032842 0.013049 0.0015366 0.020169 0.011399 0.48391 -0.038861 0.48413 0.040339 0 0 0 0 0.0011743 -0.00095417 0.0018063 0.0015826 0.0054206 -0.0031432 0.014734 0.0095399 0.49879 0.054582 0.49879 0.070029 0 0 0 0 5.4601e-05 -1.275e-05 0.00028131 0.00040857 0.0011422 -0.00014703 0.0016815 0.0018329 0.071593 -0.0041174 0.071593 0.0047915 0 0 0 0
3.561e-05 0.00015504 0.00054983 0.00056815 0.020441 -0.0068004 0.021839 0.011975 0.044322 -0.013178 0.055317 0.040276 -0.0024919 0.0046891 0.0048899 0.0083432 -0.00083112 0.0024572 0.002492 0.0039667 0.011784 0.00723 0.020929 0.026709 0.21282 -0.26407 0.54719 0.31007 0.038121 -0.043 0.043687 0.047461 -0.00034161 -0.00020227 0.0025097 0.0030424 0.0096769 0.011355 0.02154 0.01949 0.26913 0.23269 0.43791 0.37028 0.00033591 0.050889 0.034472 0.084719 0.00027167 -0.00013298 0.00038493 0.00043533 0.0004351 0.00020608 0.0026617 0.0012773 0.040699 -0.016737 0.048076 0.02562 0.001186 -0.0041377 0.002428 0.010945
0.00012366 9.6141e-05 0.00030625 0.00023842 0.00034546 -0.00035257 0.0015008 0.0014796 0.066999 0.016236 0.067835 0.017087 6.1274e-05 1.7388e-05 6.1274e-05 3.2512e-05 -0.00012077 5.065e-06 0.0014268 0.0012586 0.0043934 -0.00033498 0.017373 0.0094919 0.49571 -0.0077887 0.49571 0.065386 0.0003545 2.3819e-05 0.0003545 0.00017402 0.00032682 -8.616e-05 0.0015001 0.0014324 0.0012483 0.0043868 0.013151 0.012435 0.48994 0.00067174 0.49122 0.044921 0 0 0 0 2.7742e-05 4.4071e-05 0.00017434 0.00017456 0.00069297 -0.00056141 0.0014253 0.002784 0.071958 0.0020895 0.071958 0.0073109 0 0 0 0
0.00014148 -0.00019602 0.00044398 0.00042244 0.046179 0.00020652 0.047837 0.010572 0.0070339 0.0020721 0.048484 0.043002 0.0031646 0.0024398 0.006841 0.008018 0.0047646 0.00071658 0.0072265 0.0029925 0.36821 0.03796 0.42179 0.15037 0.02751 0.059838 0.26355 0.23269 0.0044857 -0.0083983 0.050554 0.071224 0.0029474 0.00042028 0.0038797 0.0023439 0.36152 -0.0072356 0.40934 0.052419 -0.016571 -0.096805 0.29458 0.32087 0.028531 0.010033 0.046309 0.060114 0.00029054 -0.00024268 0.00049754 0.00035829 0.044487 0.00022074 0.061934 0.014662 -0.018843 -0.0095223 0.044993 0.041057 0.01059 -0.0091417 0.011316 0.012301
-0.00016267 -0.00024268 0.00030188 0.00048645 0.0070426 -0.0035266 0.056953 0.041446 -0.0073709 -0.0062505 0.027487 0.080584 0.0037061 -0.0034158 0.004819 0.015142 0.0010794 0.0011393 0.0040834 0.0058228 0.10576 -0.05255 0.54535 0.17999 -0.060662 -0.039572 0.29955 0.39827 0.0038303 -0.017762 0.043038 0.063177 0.0029804 -1.1603e-05 0.0069983 0.0023555 0.066874 0.024182 0.50724 0.15643 0.017426 0.048157 0.15574 0.2207 0.01937 0.017823 0.03177 0.084411 0.00014836 0.00032569 0.00067234 0.00075276 0.010021 -0.0054402 0.074878 0.0074628 0.0018979 -0.0036668 0.04621 0.064846 0.0061636 -0.00011115 0.01217 0.012475
-0.00088619 -0.012298 0.0010441 0.012298 -0.005757 -0.072707 0.0058333 0.074395 0.055026 -0.032962 0.05642 0.033692 0 0 0 0 -0.0008711 0.0027063 0.0014651 0.0027063 -0.0043416 0.016025 0.006649 0.016025 0.49185 -0.0071632 0.50299 0.016154 0 0 0 0 -0.0012181 0.0022982 0.001521 0.0022982 -0.0095544 0.011677 0.01016 0.012337 0.48283 0.014623 0.49102 0.014842 0 0 0 0 -0.00022967 0.00012891 0.00024683 0.00028402 -0.0011464 0.0008365 0.0017063 0.0015404 0.068369 0.0006508 0.068656 0.001119 0 0 0 0
4.3947e-05 7.0942e-05 0.00010002 0.00017032 0.00069319 0.00053099 0.0012149 0.0016631 0.072199 0.0024138 0.072284 0.0053913 0 0 0 0 0.00019391 0.00042058 0.001544 0.0021866 0.0011657 -0.0029693 0.012184 0.0086144 0.49613 -0.022048 0.49613 0.049216 0 0 0 0 -6.6498e-05 -0.00041195 0.0014883 0.0010528 0.0027339 0.00094455 0.013556 0.0085996 0.48948 0.0070008 0.48992 0.056513 0 0 0 0 -1.7248e-05 -8.5039e-06 0.00021604 0.00019703 -3.8728e-05 -0.00058681 0.0017773 0.0014123 0.073404 0.0085776 0.073404 0.0098992 0 0 0 0
0.0020512 0.00079078 0.0093367 0.0047199 -0.011184 -0.02129 0.055286 0.053249 0.012902 -0.025506 0.033807 0.053195 0.0015837 -0.0019048 0.0054816 0.0058726 -0.025471 -0.032642 0.049681 0.056665 0.19406 0.010112 0.3101 0.34864 -0.038573 0.1521 0.23365 0.33199 -0.020947 0.0068783 0.044026 0.039292 -0.004736 0.00020556 0.0073735 0.01153 0.31652 0.032 0.40755 0.15803 -0.10073 0.011284 0.38671 0.2623 0.022541 -0.015066 0.029253 0.025306 -0.0054146 0.006343 0.0064849 0.0075321 0.017641 -0.00032886 0.036501 0.032787 -0.015883 -0.03452 0.033681 0.057926 0.002346 0.0029785 0.0080988 0.007296
4.4864e-05 -1.5801e-06 0.00023044 0.00010337 0.00083581 0.00043217 0.0017393 0.0017698 0.071498 0.0060684 0.071644 0.010291 1.0951e-05 3.8509e-06 1.0951e-05 1.0951e-05 -5.9973e-05 0.00010979 0.0012501 0.0021732 0.0031766 -0.0013052 0.012677 0.01386 0.4925 -0.019619 0.49379 0.082892 0.00012931 1.7699e-05 0.00012931 0.00012931 0.00024603 -0.00015169 0.00064653 0.00085119 0.0047149 0.004165 0.009708 0.012895 0.48913 0.019163 0.49042 0.069514 0 0 0 0 4.4197e-05 -5.0056e-05 0.00019929 0.0001836 0.00064233 -0.0010101 0.0013079 0.0014615 0.071494 -0.0050762 0.071494 0.009156 0 0 0 0
0.00011056 -4.2223e-05 0.00048285 0.00038322 0.047896 0.014721 0.049319 0.016389 0.024579 0.015862 0.051801 0.024558 -0.00013462 0.00052717 0.0018289 0.00083697 0.00052403 -0.0011786 0.0035412 0.0033227 0.34708 0.044335 0.54717 0.07646 0.16825 0.019458 0.20614 0.05767 0.00033694 -0.00034056 0.0055426 0.004445 -0.0012982 -0.00050445 0.0030064 0.0030299 0.29667 -0.034997 0.52969 0.10419 0.17797 -0.083296 0.20108 0.14062 0.0052335 -0.001931 0.0077482 0.0069038 0.00025972 8.171e-05 0.00039086 0.00064167 0.057178 -0.014043 0.058786 0.01595 0.011756 0.0069994 0.030441 0.021191 0.001571 0.00026298 0.0017362 0.00087829
-0.00020509 1.5617e-05 0.00027862 0.00012877 0.054083 -0.0033128 0.056198 0.0042946 0.032924 -0.0036487 0.032924 0.0039725 0 0 0 0 -0.0010209 -0.00044545 0.0031337 0.0026172 0.12774 -0.024801 0.13674 0.037661 0.47639 -0.024059 0.47743 0.029085 0 0 0 0 -0.00039531 0.0005595 0.0024936 0.0018595 0.13363 0.011194 0.15602 0.035693 0.47183 0.018697 0.47183 0.026228 0 0 0 0 -6.8254e-05 -0.00019871 0.00032055 0.00029827 0.03749 0.0022742 0.041044 0.0058654 0.051293 0.0036771 0.051293 0.0047086 0 0 0 0
