-0.0027004 -0.00026635 0.0027004 0.0010503 -0.023885 -0.0098443 0.032012 0.019779 0.0047788 0.050679 0.02611 0.062098 0.0029793 -0.0081808 0.0030355 0.0081808 -0.07713 -0.021539 0.07713 0.024398 0.30136 0.0908 0.4656 0.14669 -0.24101 -0.03431 0.38895 0.18052 -0.001323 -0.00037543 0.001323 0.0028815 -0.081761 0.0037099 0.081761 0.0067596 0.20773 -0.15334 0.21661 0.19501 -0.20678 -0.13777 0.21556 0.32288 -0.00087385 -0.00057513 0.00095528 0.0028789 -0.011889 0.001532 0.011902 0.002397 0.052096 0.035983 0.053484 0.037111 -0.017122 0.070824 0.023463 0.070824 -0.0032956 0.010118 0.0032956 0.010121
0.0001112 -7.2531e-05 0.00022752 0.00019539 0.0648 0.0087828 0.069027 0.0099661 0.0072239 0.0022333 0.0072239 0.0023143 0 0 0 0 0.00073495 0.00046661 0.0018187 0.00073267 0.46739 0.091505 0.50247 0.095697 0.0043384 0.00064895 0.0043384 0.0011783 0 0 0 0 -0.0052759 0.0016787 0.0062564 0.0023972 0.23995 -0.19077 0.26404 0.20447 0.067072 -0.3738 0.079156 0.37514 0.004285 -0.051351 0.010304 0.051468 -0.00080537 -0.00038203 0.0009347 0.00051762 0.0020528 0.00087449 0.0038752 0.0014493 -0.002127 -0.00084042 0.0033737 0.0015516 0.001026 -3.1527e-05 0.0010666 0.00032566
-7.064e-05 6.7945e-05 0.00017092 0.00015215 -0.0008966 0.0030013 0.0012016 0.0046267 0.047549 0.057716 0.048885 0.059221 0.00082463 0.0092554 0.00091814 0.0094589 -0.0014943 0.00051771 0.0023826 0.0064109 0.0069578 -0.0013033 0.011122 0.027125 0.48534 -0.063416 0.48534 0.06878 0 0 0 0 -0.0038814 0.033185 0.023906 0.033941 0.15171 0.37351 0.15333 0.37703 0.2312 0.18271 0.23144 0.18989 0 0 0 0 0.00064593 0.0014295 0.0014551 0.0014571 0 0 0 0 0 0 0 0 0 0 0 0
-0.0011029 0.00013618 0.0011029 0.00023953 0.0039348 -0.00015725 0.007377 0.0016581 0.059234 0.0096901 0.059331 0.010093 3.3816e-05 1.3005e-05 3.3816e-05 1.3005e-05 -0.0035728 0.0024292 0.0036525 0.0025728 0.2227 0.19871 0.22599 0.23239 0.25617 0.24684 0.28019 0.24731 0 0 0 0 0.00080656 -4.3444e-05 0.0013992 0.0010727 0.4947 -0.11202 0.50333 0.11711 0.016599 -0.0042992 0.017606 0.007398 0 0 0 0 0.00010774 -0.00023097 0.00014233 0.00025971 0.053055 -0.0077132 0.054603 0.0090018 0.025125 -0.0063795 0.025125 0.0063795 0 0 0 0
-4.0559e-05 0.00010127 0.00024905 0.00015051 0.0081503 -0.00084707 0.0088985 0.0037447 0.066206 -0.002547 0.06643 0.0042453 0 0 0 0 0.00016838 0.0007463 0.0014054 0.0021316 0.012663 0.0052266 0.018161 0.012259 0.46838 -0.09236 0.46909 0.094539 0 0 0 0 0.0069476 0.048729 0.0078403 0.048799 0.10378 0.41667 0.10634 0.42164 0.17482 0.18972 0.21542 0.2053 0.00034023 -5.0655e-05 0.00034023 0.00034023 -4.1757e-06 0.00022585 7.4347e-05 0.00023908 1.9369e-05 0.0015846 0.00023164 0.0015846 0.00019863 0.0014298 0.00041892 0.0014298 0 0 0 0
-0.001905 0.00085011 0.001905 0.00089164 0.0031275 -0.0014384 0.0071146 0.001964 0.075029 0.0064142 0.075029 0.0064203 0 0 0 0 -0.014861 -0.0018878 0.014906 0.0062982 0.23016 0.19521 0.24149 0.25601 0.2982 0.12071 0.29885 0.12071 0 0 0 0 0.0008597 -0.0012086 0.0013459 0.0015218 0.5033 -0.13728 0.51266 0.14301 0.031432 -0.014694 0.031432 0.017041 0 0 0 0 4.4047e-05 -0.00019054 0.00037988 0.00021826 0.026712 -0.008425 0.027616 0.0090517 0.054346 -0.01273 0.054346 0.01273 0 0 0 0
0.00071829 -0.00082453 0.0011022 0.00090076 0.01793 -0.0075229 0.020913 0.0080507 0.058992 -0.010484 0.059064 0.010578 0 0 0 0 0.0068389 -0.0027764 0.011662 0.0047645 0.0092175 -0.0017983 0.023434 0.012498 0.50308 -0.099698 0.50308 0.099801 0 0 0 0 -0.0033494 0.003978 0.0033763 0.003996 0.28512 0.074896 0.29063 0.25328 0.24162 0.18979 0.24196 0.25458 0.00013722 -1.2566e-05 0.00013722 0.00013722 3.6652e-05 1.9239e-05 0.00010124 0.0001409 0.011328 -0.0092759 0.012753 0.011253 0.063536 -0.038254 0.063578 0.038338 2.002e-05 -1.1364e-05 2.002e-05 1.1364e-05
6.1041e-05 0.00015826 0.00032841 0.00026234 0.012103 -0.0039695 0.013129 0.0058172 0.058909 -0.011882 0.058909 0.011949 0 0 0 0 0.0012719 0.00069387 0.0030053 0.002254 0.0090277 0.0039792 0.02582 0.016541 0.4494 -0.078574 0.4494 0.081452 0 0 0 0 -0.0011993 0.06503 0.0097622 0.065414 -0.015439 0.43853 0.054764 0.43853 0.19175 0.18735 0.22987 0.23122 0 0 0 0 0 0 0 0 0 0 0 0 0 0 0 0 0 0 0 0
0.00023655 0.0001371 0.00034054 0.00018992 0.05622 0.0010788 0.06051 0.0043488 0.022425 0.0010985 0.022425 0.0045897 0 0 0 0 -0.00057094 0.00098079 0.0019414 0.0019184 0.081236 -0.038087 0.093587 0.0516 0.44254 -0.19033 0.44254 0.19071 0 0 0 0 -0.00074835 0.00068858 0.0014927 0.0012303 0.057678 0.043526 0.06117 0.047468 0.45693 0.18456 0.45693 0.18546 0 0 0 0 -7.2071e-05 -0.0002071 0.00019174 0.00035779 0.069653 0.0251 0.069653 0.025754 0.0056343 0.0047401 0.0057648 0.0048637 0 0 0 0
-5.243e-06 -0.00035247 0.00012491 0.00037272 0.026277 0.011858 0.026436 0.012985 0.031087 0.03667 0.034187 0.038359 -0.0078509 0.0059758 0.0078698 0.0060227 0.00047896 0.00084758 0.00088923 0.0016164 0.38976 0.073699 0.39152 0.074911 -0.084495 -0.069693 0.21567 0.29896 0.0032664 0.00076285 0.0523 0.019906 0.00036726 -0.0011244 0.00093216 0.0018399 0.42807 -0.05778 0.42996 0.062923 -0.1288 0.089047 0.23692 0.24439 0.0081297 -0.0034306 0.056047 0.01361 0.00026214 0.00042193 0.00026276 0.00053233 0.033078 -0.016768 0.033497 0.018149 0.023011 -0.033987 0.027229 0.034859 -0.0082991 -0.0060324 0.0083111 0.0060571
-0.00077552 2.7646e-05 0.00099278 0.00054151 0.030707 0.013736 0.030854 0.014988 0.028448 0.012454 0.030956 0.040478 -0.0061392 0.0030758 0.0073491 0.0046485 -0.0046001 -0.0015339 0.0056452 0.0024772 0.42227 0.07705 0.4244 0.078955 -0.13054 0.051708 0.20772 0.23815 0.009263 0.0023957 0.067718 0.0088515 -0.0014 0.0010236 0.0018273 0.0018196 0.41714 -0.08379 0.42215 0.084401 -0.093211 -0.0057877 0.18364 0.26974 -0.031108 -0.021024 0.05467 0.029579 -0.00019517 0.0001047 0.00029495 0.00020012 0.020976 -0.013203 0.022369 0.016025 0.015097 -0.06757 0.035844 0.067819 -0.0057156 -0.0050651 0.0057351 0.0051988
-0.0012551 -0.00079036 0.0013628 0.00083197 0.015109 0.0098258 0.016056 0.01109 0.032747 0.053769 0.044324 0.053769 -0.009155 0.0063876 0.0092048 0.0064455 -0.012313 0.0010472 0.012762 0.0035934 0.41144 0.082835 0.41291 0.089249 -0.045651 -0.067067 0.21593 0.26318 -0.057139 0.0087804 0.059043 0.0091105 -0.0068418 -0.0012822 0.0080205 0.0050421 0.43177 -0.091156 0.43815 0.093124 -0.095321 0.076401 0.19817 0.18915 -0.040188 -0.017808 0.076343 0.022195 -0.0016961 0.00044438 0.0017676 0.00053026 0.012889 -0.0092204 0.014786 0.011336 0.026552 -0.065884 0.044732 0.066115 -0.0069241 -0.0049576 0.0069404 0.0050748
0.00079574 0.0017351 0.0008626 0.0017828 0.00090322 0.0035555 0.0010747 0.0056258 -0.0083715 -0.002869 0.011994 0.010493 0.00099686 0.002864 0.0032505 0.0067795 -0.013547 -0.0063125 0.032771 0.029236 0.098732 -0.01619 0.46745 0.25789 -0.11664 -0.020974 0.3831 0.20852 0.023081 -0.0012785 0.03154 0.069651 -0.042155 0.0049889 0.048779 0.019744 0.10106 0.013363 0.46416 0.22675 -0.067611 0.044576 0.41258 0.17255 0.01047 0.0083236 0.046901 0.021553 -0.0050398 -0.0013462 0.0061899 0.0049247 0.010133 -0.0042369 0.010695 0.010886 -0.00024562 -0.0019998 0.0018119 0.0052992 -0.00026622 -0.0010627 0.00046262 0.0014398
-1.5278e-05 -4.61e-05 6.2004e-05 0.00012088 0.032937 0.010039 0.033743 0.011083 0.02853 0.024995 0.028848 0.025336 -0.0027852 0.0028884 0.002844 0.0032791 0.00084785 -0.00049806 0.0016299 0.0016102 0.41643 0.047221 0.41846 0.090664 -0.10329 0.0060997 0.16848 0.39008 0.0031709 0.0070143 0.03463 0.076004 -0.00094215 -0.00043292 0.0014499 0.0014287 0.43048 -0.047332 0.43294 0.066206 -0.096624 0.00045036 0.15601 0.11539 -0.0013441 -0.014934 0.028646 0.056783 -2.8906e-05 0.00012789 0.0001906 0.00019694 0.043026 -0.011436 0.043688 0.011722 0.0096847 -0.013083 0.036059 0.032327 0.0019 0.0031337 0.0043974 0.0050219
1.1733e-05 -4.7664e-05 8.5477e-05 0.00013326 0.037489 0.012108 0.038217 0.012847 0.025416 0.022064 0.025598 0.022431 -0.0014353 0.0016219 0.001456 0.0021574 0.00036571 -0.00083316 0.0015369 0.00098495 0.42163 0.046059 0.42281 0.055576 -0.10204 -0.059538 0.2211 0.30675 -0.0020351 -0.0050608 0.035497 0.072066 -0.00061932 -0.00030954 0.0013055 0.0015537 0.43146 -0.046541 0.43398 0.073723 -0.10004 0.067231 0.14389 0.19494 -0.000764 -0.0029988 0.017146 0.083949 1.7385e-05 5.4442e-05 0.00016422 8.3256e-05 0.046701 -0.013144 0.046937 0.013447 0.0071456 -0.0091221 0.037281 0.018991 -3.1673e-05 0.00085176 0.0043976 0.0043072
-0.0001146 8.1842e-05 0.00016593 0.00012545 0.027557 0.020056 0.072548 0.038276 0.019234 -0.013633 0.032048 0.033216 -0.013231 0.0024597 0.013271 0.0025208 -5.8446e-05 -0.001794 0.00058184 0.0019292 0.095429 0.056596 0.47585 0.23846 0.11276 0.073956 0.22247 0.35252 -0.1029 -0.018399 0.10308 0.018899 -0.00028007 0.0028731 0.0010528 0.003513 0.2167 -0.05134 0.36952 0.25488 -0.13605 -0.10153 0.23743 0.34516 -0.041557 -0.016141 0.041833 0.017428 -9.0822e-05 7.6964e-05 0.00015948 0.00023174 0.02207 -0.070889 0.022287 0.07095 -0.022399 -0.063114 0.023235 0.063511 -4.6418e-06 1.4868e-05 9.3749e-05 9.6887e-05
7.9025e-05 -0.00012759 0.00013876 0.00018261 0.048836 0.02994 0.049389 0.030128 -0.00034246 0.011653 0.0042164 0.012117 -0.0053888 0.0055883 0.0053954 0.005711 0.00047671 -9.8858e-05 0.00080528 0.0010558 0.1821 -0.013267 0.41345 0.15422 -0.052706 -0.14773 0.32331 0.29777 0.039432 -0.0049854 0.047551 0.019516 -0.00020539 0.000116 0.00081597 0.00081128 0.20107 0.017302 0.44295 0.13986 -0.07235 0.092381 0.29838 0.4109 0.013985 -0.0090897 0.026946 0.057571 -2.0119e-05 -0.00013348 8.0059e-05 0.00016443 0.049906 -0.016384 0.050145 0.016433 -0.021948 -0.015219 0.034995 0.05248 0.00094255 0.0054315 0.0032819 0.011981
3.446e-05 -0.00013676 0.000136 0.00020318 0.052251 0.035084 0.052352 0.03511 0.00040295 0.0069137 0.0023801 0.0069788 -0.0030779 0.0034666 0.0030779 0.0037145 0.010505 0.0011259 0.011458 0.0035467 0.12158 -0.092768 0.33326 0.19321 0.012224 -0.18894 0.2327 0.26658 0.0027007 0.0016718 0.061349 0.055054 0.018939 -0.00062765 0.019792 0.0041345 0.15578 0.069041 0.499 0.21294 -0.078656 0.02926 0.43509 0.33766 0.0042204 -0.014888 0.045227 0.069797 0.00013412 3.8377e-05 0.00025135 0.00014337 0.041189 -0.0084689 0.041352 0.0094238 -0.025197 0.031786 0.046838 0.051885 0.00024042 0.003598 0.0059167 0.014342
-0.0026139 -0.0012036 0.0026989 0.0037089 0.000393 -0.016176 0.025504 0.066881 -0.045925 0.065366 0.046027 0.065452 -0.00011806 0.00016068 0.00025741 0.00023649 -0.049396 -0.0045569 0.10447 0.039258 0.1686 0.08365 0.31286 0.6194 0.030804 0.05119 0.092282 0.07585 -0.070877 0.044408 0.070997 0.044615 -0.045934 0.010197 0.073303 0.021581 0.20457 -0.015328 0.52259 0.29225 0.010502 -0.0031641 0.015505 0.0095965 -0.048354 -0.0093643 0.048721 0.013888 0.00014003 -0.0011659 0.00031995 0.0015416 -0.0017657 0.00021434 0.011444 0.026181 -0.016672 -0.032418 0.019647 0.033749 -0.0079157 -0.0089061 0.008029 0.0089721
-9.4092e-05 1.41e-05 0.00016734 0.00019369 0.059615 0.019639 0.059705 0.020522 -0.005882 -0.0071687 0.031061 0.031132 0.00023158 -0.0045043 0.003939 0.014189 -0.0002747 0.00020842 0.00081221 0.00063144 0.42954 0.044209 0.43108 0.046438 -0.10654 -0.053981 0.13977 0.2176 0.001744 -0.0068176 0.025856 0.088374 -0.0015953 -0.00051621 0.001653 0.0018531 0.42069 -0.052311 0.42488 0.077996 -0.10671 0.0779 0.1634 0.3244 -0.0081271 0.019828 0.028 0.034117 -0.00020493 0.00021386 0.0002128 0.00028468 0.049683 -0.020313 0.050491 0.023163 0.016608 -0.021795 0.017423 0.022112 -0.0031601 -0.0038037 0.0031601 0.0040284
-3.1993e-05 -0.00038635 0.00028906 0.00059863 0.039852 -0.0031843 0.040644 0.010011 0.043876 0.0020819 0.043876 0.0041371 0 0 0 0 0.00014095 0.0019864 0.0021834 0.0066466 0.49737 0.072274 0.5007 0.091958 0.091427 0.025663 0.091427 0.025663 0 0 0 0 -4.6481e-05 -0.00039828 0.0019518 0.0038168 0.4404 -0.088925 0.44672 0.099739 0.14047 -0.042915 0.14047 0.047557 0 0 0 0 -1.5479e-05 -1.6088e-05 0.0003655 0.00042082 0.048762 0.010721 0.051149 0.012768 0.03534 0.0094933 0.035615 0.010121 0 0 0 0
-9.017e-05 0.00036876 0.00023269 0.00044833 0.028754 0.07311 0.028818 0.07311 -0.028647 0.074908 0.029088 0.075316 -2.7556e-05 -6.1345e-07 0.00017518 0.00012862 -5.2123e-05 -0.00042902 0.0013362 0.0010405 0.22623 0.051448 0.32356 0.30153 -0.10174 0.063673 0.29255 0.38194 -0.064764 0.023403 0.065241 0.025012 0.0011026 -0.0012412 0.0020781 0.001748 0.10398 -0.017096 0.4102 0.27465 0.08272 -0.085193 0.23547 0.33867 -0.094383 0.015552 0.099787 0.020676 -4.308e-05 -2.8851e-05 0.00013823 0.00012568 0.027675 -0.023481 0.075866 0.028927 0.0098303 0.013726 0.021734 0.046966 -0.010969 -0.0011375 0.013144 0.0030151
-0.0019678 -0.0082778 0.0037898 0.0082778 0.011584 -0.079579 0.012508 0.079579 0.02883 -0.055591 0.02883 0.055675 0 0 0 0 -0.027882 0.00055176 0.028056 0.0023609 0.0068641 0.0054586 0.02116 0.0064793 0.41476 0.028158 0.42467 0.029104 0 0 0 0 0.023159 0.011276 0.051941 0.039437 -0.17314 0.27257 0.21831 0.35066 0.35432 -0.12957 0.38403 0.19334 0.0069729 -0.0035291 0.0069729 0.0035291 0.00068836 0.00098819 0.0034834 0.0058141 -0.01111 -0.062599 0.022421 0.094422 0.017541 0.025246 0.019247 0.028534 0.0080077 -6.3117e-05 0.008008 0.0018743
-2.3996e-05 -0.00038063 0.00031946 0.00069901 0.026629 0.065316 0.02696 0.066104 -0.026309 0.073927 0.026521 0.075445 0.00015818 -0.00035475 0.00016448 0.00036313 0.00059689 -0.00044106 0.00085001 0.0013796 0.27486 -0.02631 0.3926 0.22629 -0.15503 0.057285 0.32785 0.32448 -0.047593 0.018127 0.048662 0.018547 -0.00010275 0.00021487 0.00065452 0.0011303 0.092714 0.063013 0.46129 0.17665 0.13749 -0.029425 0.17785 0.31997 -0.11095 0.014482 0.11113 0.015024 -4.2072e-05 -0.00014827 0.00013275 0.00029195 0.027701 -0.021563 0.076481 0.030151 0.013689 -0.012881 0.021259 0.075747 -0.014318 -0.0030449 0.014331 0.003119
9.0734e-05 0.00010062 0.00010474 0.00021314 0.046075 0.011424 0.04794 0.043108 -0.022882 0.011957 0.025785 0.025445 -0.0045087 0.0020012 0.0046489 0.0023117 0.0028271 0.0032279 0.0038123 0.0040695 0.11949 0.091373 0.43886 0.28079 0.053038 0.040768 0.20961 0.31753 -0.10807 0.0012939 0.10864 0.0079884 0.0064924 -0.0029712 0.0070031 0.0052322 0.10934 -0.038187 0.42607 0.23763 -0.042357 -0.04982 0.22424 0.44454 -0.051417 -0.010716 0.05154 0.011765 -4.1727e-05 3.2445e-05 0.0001028 0.00019562 0.03972 -0.04721 0.039862 0.047427 -0.038959 -0.048347 0.039203 0.048424 -4.5145e-05 0.00013708 0.00010552 0.00018726
8.1724e-05 -2.0301e-05 0.0001529 0.00033138 -0.00041513 0.0033147 0.0022337 0.0050641 -0.0073874 -0.0032925 0.026149 0.027864 -0.0035467 0.0050868 0.0035623 0.0051375 -0.058579 -0.0075511 0.080345 0.017345 0.15768 -0.020747 0.42163 0.20758 -0.040318 -0.0088429 0.49403 0.11598 -0.0013028 0.0021388 0.0020323 0.0025691 -0.01504 0.0049635 0.040262 0.034429 0.10043 0.028109 0.46615 0.30731 -0.017893 0.020293 0.33891 0.20272 -0.00036153 -0.00022689 0.00040614 0.00029194 0.00067511 -0.00012466 0.00078573 0.001757 -0.0010256 -0.0042912 0.001581 0.0063862 -0.0028825 -0.0094663 0.0044011 0.010874 -0.0024724 -0.0050203 0.0026346 0.005026
7.5521e-05 1.063e-05 0.00025061 0.00023898 0.058909 0.034536 0.059553 0.035222 0.014178 0.021695 0.014443 0.021735 -0.00056622 0.0019726 0.0005886 0.0019994 0.00078026 -0.00061668 0.001126 0.0010811 0.42866 0.070465 0.43426 0.07746 -0.0025407 -0.006775 0.0054881 0.0090159 -0.014451 -0.019482 0.01509 0.01953 0.00082191 -0.00062145 0.00095585 0.0010781 0.40833 -0.045886 0.41809 0.05026 -0.13866 -0.1372 0.31977 0.30816 -0.0016873 -0.010472 0.068415 0.042258 2.5302e-06 4.6639e-05 0.00026103 0.00015582 0.070405 -0.024005 0.070794 0.024888 -0.022826 -0.0011556 0.051821 0.044428 0.002772 0.0059056 0.006611 0.0092927
0.0016885 -0.0041241 0.0035306 0.0041371 0.010412 -0.075059 0.058525 0.075104 -0.032708 0.012907 0.037166 0.014235 -0.00066847 0.00077523 0.00071685 0.00086762 -0.0056376 0.022419 0.089112 0.054053 0.16228 0.21452 0.28243 0.43319 -0.062677 0.013457 0.08491 0.028484 -0.088181 0.0091903 0.089426 0.010361 0.0047361 -0.027557 0.026488 0.1201 0.13469 -0.18962 0.29011 0.63639 -0.0025763 0.0029876 0.025056 0.018084 -0.1281 0.00050186 0.12929 0.0036791 0.00075415 0.0042842 0.0049874 0.0084383 0.025935 0.032702 0.04747 0.068172 -0.010432 -0.007194 0.01991 0.012819 -0.012115 -0.0014049 0.012132 0.0014711
-4.9953e-05 -2.0209e-06 0.0001111 0.00015693 0.060604 0.020317 0.060912 0.020465 -0.013615 -0.0079831 0.077671 0.020244 -0.0023156 -0.0035086 0.0053885 0.0092044 -4.7603e-05 -0.00077623 0.00069237 0.0014735 0.41852 0.032593 0.41986 0.058853 -0.12798 -0.047153 0.25636 0.21436 0.0015855 -0.015978 0.025376 0.086695 -2.783e-06 0.00084143 0.0010484 0.002816 0.41753 -0.04371 0.4197 0.073978 -0.10824 0.099513 0.18135 0.25007 0.0025406 0.026303 0.024437 0.081565 3.9376e-06 -5.3711e-05 0.00010769 0.00012541 0.050314 -0.025599 0.050959 0.02643 0.015366 -0.015223 0.015498 0.01541 -0.001663 -0.0019803 0.0016951 0.0020532
4.2263e-05 2.3384e-05 0.00028633 0.0001437 0.00020152 0.0004276 0.0035516 0.0010126 0.052574 0.0023449 0.053756 0.0025697 0 0 0 0 0.00075172 0.00046619 0.0017537 0.00096122 0.0069911 0.003465 0.019752 0.0061821 0.38364 0.032802 0.41285 0.034018 0 0 0 0 -0.0041679 0.060204 0.014769 0.094244 -0.25678 0.31554 0.32597 0.35332 0.30487 -0.10683 0.33919 0.15978 0.0069322 -0.046637 0.011143 0.046676 0.0012011 -0.0023596 0.0016745 0.0133 -0.050062 -0.055925 0.061089 0.074767 0.00010385 0.00033021 0.0024676 0.00087793 0.0036399 -0.00088092 0.0036399 0.0010775
6.2467e-05 0.00026625 0.00022602 0.00027882 0.066091 0.037109 0.066773 0.037451 0.0040471 0.0053512 0.0045878 0.0057527 -7.9423e-05 0.00020117 0.00011698 0.00021041 7.0665e-05 -0.00051665 0.0020182 0.0014522 0.38882 0.036932 0.39037 0.04448 0.0014423 -0.0084317 0.011021 0.01173 -0.025562 -0.034103 0.028785 0.04098 -0.00084656 -0.00050159 0.0015384 0.0012434 0.37023 -0.057065 0.4157 0.077271 -0.14252 -0.10315 0.37437 0.40564 0.0082443 0.0071815 0.035622 0.099929 -3.4634e-05 -7.4913e-05 0.00013233 0.00018215 0.068731 -0.017089 0.068771 0.017638 -0.0096073 0.0056471 0.0111 0.0065651 -0.0033419 0.0052714 0.010732 0.0091597
0.00021876 -0.00082107 0.00025326 0.00082107 0.00011564 -0.0018494 0.0010398 0.0018494 0.0004734 -0.0012007 0.0004734 0.0012007 0 0 0 0 0.0054253 -0.040083 0.0060314 0.040365 0.44257 -0.12818 0.44685 0.25741 0.0086537 0.0016175 0.0086537 0.0030168 0 0 0 0 0.0014759 -0.00011231 0.0028457 0.0016177 0.50202 -0.0019046 0.50229 0.062336 0.0067258 0.0017311 0.0067258 0.0017311 0 0 0 0 0.00014625 7.5842e-05 0.00052317 0.00016619 0.06949 0.0098701 0.069858 0.012682 0.00075274 0.0001103 0.00075274 0.0001103 0 0 0 0
-0.00013069 0.00020135 0.0003482 0.00056476 0.002345 0.0091492 0.075332 0.053027 -0.046449 0.069449 0.047541 0.069575 -0.0029942 0.0028498 0.0032105 0.0030489 0.067432 -0.008369 0.20734 0.03945 0.12035 -0.015074 0.56326 0.1782 -0.0099364 0.015571 0.024463 0.019561 -0.089155 0.042555 0.089215 0.043057 0.045373 0.017261 0.10416 0.064735 0.14954 0.047651 0.56859 0.38495 -0.0024961 -0.0028292 0.0099378 0.0066444 -0.078798 -0.02935 0.079403 0.029715 -0.00015021 -0.0020188 0.00032513 0.0022135 -0.0064183 -0.024258 0.0081136 0.024641 -0.037167 -0.074617 0.039458 0.07491 -0.0065686 -0.0057167 0.0068661 0.0060465
-0.00016068 -0.00016273 0.00017602 0.00030027 0.00069615 0.00026019 0.001971 0.0027303 0.074698 0.00070272 0.074698 0.003607 0 0 0 0 0.00019635 0.0012622 0.0010028 0.0028902 0.011461 0.0083682 0.016809 0.010906 0.48924 -0.019722 0.48924 0.035822 0 0 0 0 -0.00048852 -0.00024129 0.00077228 0.0012296 0.00090675 -0.0064681 0.0093231 0.011738 0.49717 0.017308 0.49717 0.049717 0 0 0 0 -8.2561e-05 -0.00011344 0.00016756 0.00030618 0.0015045 0.00071289 0.0022924 0.0015539 0.071953 -0.0054136 0.071953 0.0061716 0 0 0 0
-4.5105e-05 -0.0022191 0.00029886 0.0027346 0.0067411 0.024409 0.011466 0.032856 -0.0090231 0.019505 0.010093 0.021432 0.0011391 -0.00053609 0.0012708 0.00060866 0.00021797 -5.205e-05 0.00076745 0.0018262 0.25187 0.059521 0.34082 0.22394 -0.24607 0.1392 0.41029 0.23706 0.0020619 -0.00038255 0.0025506 0.0019112 -0.00012346 -0.00067962 0.00069515 0.0011607 0.17865 0.016715 0.43465 0.14983 -0.14801 -0.0079599 0.39057 0.16244 0.0011035 0.00049672 0.0021383 0.0015621 0.00028365 0.0004074 0.00029247 0.00054402 0.044468 -0.044107 0.044744 0.044791 -0.037484 -0.045137 0.037852 0.045302 4.8062e-05 -1.9437e-05 0.00019826 0.00019001
0.00017252 1.284e-05 0.00019012 0.00012634 0.0026267 0.0029139 0.0035056 0.0049048 0.068185 0.031874 0.094729 0.035293 -0.00097063 0.0036494 0.0082362 0.0075709 0.00067208 0.0019957 0.00085863 0.0051573 0.3942 0.046774 0.39958 0.059499 0.080441 -0.033724 0.40084 0.20116 0.01407 0.010236 0.035135 0.10244 -0.00037514 0.00012248 0.0013583 0.0016269 0.36123 -0.04104 0.36535 0.064607 0.1791 0.022347 0.29564 0.17902 -0.0085574 0.0067046 0.027975 0.061526 -8.8796e-05 0.00016568 0.00028449 0.00030064 -0.0001161 -0.00041701 0.0013683 0.00142 0.051469 -0.071037 0.051957 0.071037 -0.0048791 -0.011972 0.0049051 0.011984
-3.3126e-05 -0.00023646 0.00018172 0.00023646 0.072235 0.0074558 0.072454 0.0082148 0.0012034 -5.9255e-07 0.0012034 0.00024567 0 0 0 0 0.00023274 -7.499e-05 0.001799 0.002542 0.49147 0.0064635 0.49265 0.010561 0.0065612 -0.00020865 0.0065612 0.001897 0 0 0 0 0.0016061 0.0012646 0.002115 0.0015044 0.49168 -0.02783 0.49537 0.044366 0.0079552 0.00053535 0.0079552 0.0045698 0 0 0 0 0.001916 0.016506 0.00194 0.01652 0.022261 0.079816 0.032769 0.079816 0.00090499 -0.0004788 0.0012256 0.00074091 0 0 0 0
5.547e-05 -0.00015181 0.00015917 0.00019364 0.054528 0.035683 0.054637 0.039125 -0.029414 0.029816 0.034198 0.035702 -0.0018109 0.0014513 0.0018705 0.0017527 -0.0001907 -0.00045106 0.0012627 0.0010671 0.14653 0.082553 0.41089 0.20514 0.04523 0.040023 0.3254 0.33875 -0.094643 0.0040968 0.095213 0.0067111 -0.00051757 -0.00017344 0.0014459 0.0015345 0.1862 -0.078711 0.42081 0.22846 -0.09662 -0.062766 0.34131 0.28158 -0.041448 -0.012542 0.041928 0.012726 -0.00021407 0.00033581 0.00023378 0.00034993 0.044885 -0.053354 0.045228 0.054549 -0.039815 -0.068419 0.039863 0.068691 -0.00011401 0.00022302 0.00016565 0.00023052
0.00011437 5.707e-05 0.00024609 0.00054538 0.060856 -0.024674 0.061265 0.025769 0.00027973 -2.1697e-05 0.00027973 0.00017573 0 0 0 0 -0.00042828 0.00022554 0.0023926 0.0037247 0.48561 0.033061 0.49698 0.071102 0.0034543 -0.0017533 0.0094235 0.0072441 0 0 0 0 -0.0028186 -0.0014726 0.0044174 0.0023553 0.4825 -0.061737 0.48956 0.11754 0.010148 0.0006974 0.010148 0.0045655 0 0 0 0 0.00036908 0.00024019 0.00059251 0.00029953 0.075463 -0.0038872 0.077262 0.009931 0.0010904 -0.00058711 0.0011775 0.00076201 0 0 0 0
-8.6163e-05 -0.00027757 0.00019731 0.00031579 0.0034984 0.0020332 0.0036749 0.0029183 0.075521 0.040183 0.075869 0.040498 -0.00022791 0.0003749 0.00039718 0.0010412 0.00090316 0.0011996 0.0015509 0.0022182 0.28182 0.021732 0.28423 0.052817 0.15528 -0.023242 0.52794 0.1759 0.020796 -0.031543 0.056545 0.049212 -9.1638e-05 -0.00011056 0.0013702 0.0018739 0.29783 -0.018988 0.3024 0.04592 0.17681 0.053824 0.4397 0.20541 0.0060162 0.0084274 0.024553 0.11148 1.4781e-05 -9.016e-06 0.00021518 0.00023733 0.0022145 -0.0029786 0.0031887 0.0033631 0.077273 -0.025958 0.083557 0.029643 -0.0064864 0.0079709 0.013574 0.011327
2.6757e-05 1.8517e-05 4.5524e-05 3.3167e-05 -0.001644 0.00055674 0.001792 0.0016829 -0.064066 0.037861 0.064217 0.038938 3.6543e-05 -0.00012477 0.00023957 0.0002409 -0.00046583 0.010403 0.0046521 0.14525 0.19441 -0.033023 0.35086 0.40625 -0.20208 0.070346 0.21537 0.076508 -0.051096 0.01367 0.052402 0.015526 0.0028808 -0.019616 0.007626 0.11653 0.18379 -0.043868 0.49608 0.42594 -0.030571 0.012832 0.050489 0.014631 -0.13335 0.014838 0.13377 0.015706 0.00030903 -0.006914 0.0016806 0.01821 0.025833 -0.048283 0.076828 0.097515 0.0030214 -0.0032095 0.0037227 0.003628 -0.017351 0.0046532 0.017422 0.0051495
0.0012001 -0.0053793 0.0013014 0.0054323 0.002875 -0.049093 0.0049655 0.049093 0.054505 -0.01544 0.055478 0.026562 9.0721e-06 3.1901e-06 9.0721e-06 9.0721e-06 -0.00039817 -0.00012151 0.001366 0.0010257 0.0069658 -0.0031062 0.017108 0.0080168 0.49541 -0.020705 0.49541 0.05689 0 0 0 0 -0.0014122 0.00045955 0.0014427 0.0011787 0.010568 0.0050712 0.015254 0.0077831 0.48915 0.017228 0.49042 0.047242 0 0 0 0 -0.0001956 0.00019328 0.00021474 0.00020304 0.00096295 0.00043019 0.001849 0.001048 0.071961 0.0036787 0.071961 0.0059279 0 0 0 0
2.5861e-05 0.00051971 0.00032557 0.0008709 0.00073781 0.0027713 0.0015707 0.0027941 0.04178 0.075571 0.043131 0.075571 -0.0055177 0.014453 0.0055583 0.014479 -0.00012511 -0.00010869 0.00080009 0.0014234 0.26607 0.039595 0.2788 0.050114 0.2781 -0.030942 0.37079 0.2238 -0.0070498 -0.010753 0.030691 0.047551 2.1721e-06 -0.0012404 0.0016585 0.0026192 0.31117 -0.041718 0.31467 0.042366 0.15535 0.048901 0.45137 0.3265 0.0088102 -0.0019671 0.034124 0.097058 -0.00057076 0.00038091 0.0005757 0.00043483 0.00022338 -0.00097646 0.0011435 0.0015867 0.079753 -0.030797 0.08415 0.034325 -0.0054519 -0.002998 0.0069337 0.0076379
-0.00016178 6.2771e-06 0.00017326 0.00010819 0.070729 -0.0012302 0.072176 0.003921 0.00043165 6.6043e-05 0.00043165 0.00010787 0 0 0 0 -0.0013195 0.0011152 0.0019834 0.0011499 0.4853 0.0073865 0.49926 0.013414 0.0057927 -0.00075727 0.0057927 0.0039266 0 0 0 0 -0.0029138 0.00041004 0.0037163 0.001393 0.48833 0.0014862 0.50576 0.020221 0.0039454 0.00063012 0.0039454 0.0024042 0 0 0 0 -1.5074e-05 7.4634e-05 0.00032171 0.0002009 0.068427 0.0032572 0.072329 0.0043348 0.00072741 -0.00022551 0.00076444 0.00036275 -4.8797e-06 -1.9803e-05 1.0463e-05 1.9803e-05
-0.00034022 0.0002125 0.00058945 0.00074288 -0.0013154 0.0070308 0.0033381 0.0098759 0.045173 0.028032 0.046803 0.031528 0.0066453 0.0031637 0.0066453 0.0032044 -0.0017305 0.0015898 0.0028763 0.0042503 0.0032337 -0.018279 0.022503 0.028983 0.48746 -0.028749 0.49058 0.11868 0.0014236 -0.0041766 0.0026369 0.0046586 -0.0010932 -0.00027363 0.0032144 0.0038418 -0.0098094 0.021188 0.016215 0.032254 0.47471 0.027966 0.50016 0.060583 0.0054707 0.0036001 0.005956 0.0041545 -3.348e-05 0.00051564 0.00036482 0.00061239 -0.00055471 -0.00056182 0.0033499 0.0032697 0.080881 0.039089 0.084302 0.040324 0.00015693 -1.9165e-05 0.00021707 0.00017782
-0.00030726 0.0022464 0.00060579 0.0027328 -0.014861 0.027773 0.023408 0.056205 -0.04763 0.073242 0.048733 0.074113 3.7718e-05 5.8508e-05 0.00041714 0.00021193 0.040383 -0.0091948 0.091033 0.073168 0.11029 -0.015606 0.46473 0.36623 -0.072176 0.086811 0.083661 0.090243 -0.074976 0.040327 0.075128 0.04206 0.052834 -0.00014887 0.099129 0.047055 0.1377 -0.017857 0.69874 0.14541 -0.0016583 6.6713e-06 0.0053986 0.0048902 -0.072592 -0.0030381 0.073152 0.01519 -4.0707e-05 0.0012498 0.00031941 0.0013038 0.0012718 0.01783 0.016413 0.028165 -0.022986 -0.032978 0.02427 0.033205 -0.0076852 -0.0087891 0.0078371 0.0089122
7.2038e-05 0.0001331 0.00034654 0.00046321 0.0014378 -0.0021815 0.0031665 0.0029266 0.065351 -0.003885 0.065604 0.011699 0.00050951 0.00015071 0.00050951 0.00024942 0.002971 -0.0045991 0.0036297 0.0059871 -0.0060194 -0.028833 0.015811 0.046144 0.47843 0.039629 0.47843 0.13258 0.0017982 0.00012471 0.0017982 0.00069906 -0.0010569 0.0049943 0.0017999 0.0075867 -0.005671 0.031911 0.01903 0.048925 0.49245 -0.061741 0.49337 0.11736 0.001489 -0.0021348 0.001489 0.0024536 -0.00027158 0.00017331 0.00036027 0.00037844 -0.00051632 -0.00085794 0.0028544 0.0032894 0.036815 -0.018161 0.037266 0.019708 0.0060355 -0.0019531 0.0061236 0.0021483
9.3725e-05 9.9228e-05 0.00025594 0.00025856 0.00097789 0.00052036 0.0021318 0.0014272 0.072151 -0.0045609 0.072151 0.0047433 0 0 0 0 0.00026313 0.00043575 0.0010259 0.0013001 0.006168 0.0004082 0.012024 0.0044433 0.49568 0.0079002 0.49568 0.060223 0 0 0 0 -0.00018034 0.00025845 0.0013179 0.00099014 0.0069539 0.00062186 0.013943 0.0078441 0.49144 -0.01526 0.49144 0.01526 0 0 0 0 -6.5723e-05 -5.3697e-06 0.00013904 0.00011472 0.0014272 0.00017288 0.0025722 0.00049609 0.071509 0.010161 0.071509 0.010928 0 0 0 0
0.0037519 -0.015575 0.0037555 0.015575 0.0058554 -0.12032 0.0099375 0.12032 0.015914 -0.064511 0.016042 0.064641 0.00013611 1.1207e-05 0.00013611 7.1178e-05 0.0002187 -0.00026993 0.00183 0.0011583 0.010374 -0.029269 0.022124 0.032642 0.47807 -0.010955 0.47841 0.053983 0.00014166 4.7526e-05 0.00014166 0.00014166 -0.0014137 0.00023611 0.0016206 0.00089167 0.0087704 0.0042806 0.014163 0.0070716 0.49145 0.026644 0.49293 0.048666 0 0 0 0 -0.00018328 0.00016137 0.00021891 0.0002267 0.0011988 0.00035251 0.0016046 0.00095158 0.072673 0.0025884 0.072673 0.0076406 0 0 0 0
0.00032695 -0.0029289 0.00060231 0.0030772 0.0014075 -0.030563 0.0040874 0.030949 0.064729 -0.011156 0.064738 0.018 0 0 0 0 0.00061222 0.00033366 0.0014968 0.0012154 0.0025495 0.0043839 0.014424 0.0062463 0.49572 -0.015749 0.49572 0.035865 0 0 0 0 0.0021035 -0.00031997 0.003031 0.00095387 -0.0024952 0.0037736 0.010036 0.0049897 0.49212 0.007818 0.49212 0.027457 0 0 0 0 0.00025796 1.6891e-05 0.00048004 0.00010192 -0.0013004 0.00079715 0.0020677 0.0010383 0.07266 0.0046275 0.07266 0.0047392 0 0 0 0
-9.8413e-05 -1.9316e-05 0.00019759 0.0001578 0.0011224 0.0014149 0.0043788 0.0028466 0.077211 -0.0078519 0.077713 0.0089718 8.5674e-05 -1.8204e-05 8.5674e-05 3.2899e-05 0.00028649 -0.00019441 0.0022309 0.0015152 -0.0023194 0.0028027 0.025495 0.016087 0.49569 -0.022766 0.49638 0.053289 0.0016008 -0.00025431 0.0019853 0.0014173 0.00058825 0.00049346 0.0015078 0.0011605 0.0020933 0.0059108 0.018872 0.022281 0.4878 0.01985 0.4878 0.062299 0.0011533 0.00020193 0.0011533 0.0005206 0.000207 0.00012611 0.0002124 0.00030814 -7.2954e-05 0.0010296 0.0016599 0.00412 0.071519 -0.0036214 0.071689 0.0077057 0.00014542 0.0001089 0.00014542 0.00017294
-5.2627e-05 -8.3154e-06 0.00018761 0.00021726 0.00018398 0.00019934 0.001886 0.0013883 0.061076 0.056096 0.061368 0.056457 -0.0015215 0.0062044 0.0016539 0.0062124 -0.00062882 -0.0017584 0.0011419 0.0019576 0.24591 0.030237 0.24725 0.042822 0.31397 -0.05099 0.39981 0.20001 -0.020101 -0.01486 0.028011 0.039749 0.0011769 0.00077692 0.0015807 0.0015854 0.30446 -0.027101 0.31175 0.032924 0.10066 0.041098 0.54026 0.20005 0.027385 -0.013183 0.052051 0.066805 -2.7468e-05 -3.5691e-05 0.00012421 0.00034782 0.0029417 -0.0016102 0.0041946 0.0028328 0.078209 -0.025689 0.079293 0.026751 -0.0069344 0.0053576 0.012451 0.010794
