-0.00033674 -0.00042304 0.00072569 0.0006767 -0.010675 -0.055051 0.026799 0.055379 0.021537 -0.011241 0.022736 0.011395 0.00018926 5.6621e-05 0.00038377 0.00031113 -0.029923 -0.024432 0.047483 0.039515 -0.21666 -0.087154 0.30003 0.3699 0.38933 -0.11492 0.3897 0.1537 0.0035064 -0.0014325 0.0046132 0.0026343 -0.051517 0.028462 0.052698 0.029016 0.0025275 0.31139 0.18421 0.31327 0.17228 0.17497 0.17762 0.19177 0.0018841 -0.00071878 0.0051347 0.0019893 -8.1078e-05 4.2811e-05 0.00019322 0.00015805 -0.0038133 0.00095439 0.004035 0.0025056 0.00074524 0.00047014 0.0017087 0.0010794 -0.00042288 -0.0003985 0.00062665 0.0004476
0.0006301 -0.0013342 0.0015593 0.0014938 -0.0034096 0.0018383 0.0042032 0.0085215 -0.019741 0.024794 0.019741 0.024794 -0.0010661 0.00098637 0.0010661 0.00098637 -0.0040833 -0.041634 0.042681 0.052283 -0.083634 -0.2428 0.34919 0.32399 0.17199 -0.15651 0.18873 0.17551 -0.019987 0.019955 0.020047 0.02159 -0.0055857 0.028477 0.067311 0.053773 0.0094558 -0.0025805 0.40746 0.44108 0.27439 0.14469 0.28761 0.15527 0.0014882 0.00037654 0.0035742 0.0035615 -0.00068167 -9.4578e-05 0.00069912 0.00037405 0.0063607 0.042987 0.026305 0.043345 0.0052378 0.0024975 0.0055642 0.0033952 -0.00013071 -0.000123 0.00060677 0.00051104
0.0032787 0.00054403 0.0035059 0.0010362 0.021008 0.0061789 0.040849 0.012151 0.0056951 -0.0056588 0.042376 0.011195 -0.0016408 0.00025953 0.0017465 0.00046747 0.083604 0.034743 0.08427 0.035231 -0.2476 -0.15799 0.36844 0.21298 0.27838 -0.13662 0.35971 0.1472 -0.012801 0.00069169 0.013481 0.005424 0.035349 0.014998 0.050093 0.023642 -0.25938 0.16482 0.31761 0.27401 0.24418 0.16667 0.25513 0.19037 -0.00057765 -0.0075429 0.0094791 0.0085939 0.0011518 0.00038179 0.0031818 0.0015451 -0.00041357 0.00011169 0.0070589 0.010375 7.4472e-06 0.0010659 0.0056037 0.0080764 -0.0011978 -0.0012823 0.0015761 0.0025348
0 0 0 0 0.030756 0.0074699 0.030913 0.0090642 0.030999 0.01332 0.032256 0.015 -2.2775e-05 0.0011473 0.00049638 0.0012098 0 0 0 0 0.472 0.12021 0.47418 0.12249 0.0018374 0.069506 0.027792 0.069506 0.0013494 0.0084351 0.0037393 0.010598 0 0 0 0 0.26122 -0.19041 0.26122 0.19041 0.16472 -0.34057 0.18373 0.34531 -0.013214 -0.019081 0.028837 0.032093 0 0 0 0 0 0 0 0 0.001753 -0.0018794 0.0021852 0.0023116 0.0035073 -0.012061 0.0035822 0.012073
0 0 0 0 0.055614 0.010423 0.05706 0.010821 0.0089662 0.012138 0.010082 0.012138 5.4451e-05 0.00090921 0.00025112 0.00090921 0 0 0 0 0.4777 0.10429 0.48067 0.10548 -0.0039861 0.026964 0.018247 0.035472 0.0020789 0.0039739 0.0053847 0.01239 0.00046941 4.2984e-05 0.00046941 0.00046941 0.24356 -0.21836 0.24878 0.22163 0.16523 -0.334 0.1911 0.33846 0.0032681 -0.01768 0.010763 0.023659 0 0 0 0 0 0 0 0 0.00157 -0.0024399 0.0018677 0.0024725 0.0037503 -0.0090408 0.0037782 0.0091074
0 0 0 0 -3.0038e-05 0.00065468 0.00065468 0.00065468 0 0 0 0 -2.1215e-05 -2.1215e-05 2.1215e-05 2.1215e-05 0 0 0 0 0.18935 0.21652 0.19186 0.22777 0.068816 0.42431 0.097535 0.43368 0.017151 0.047777 0.018542 0.049229 0 0 0 0 0.45103 -0.076599 0.45166 0.076599 0.014598 -0.020329 0.068854 0.077898 -0.0049372 0.0049745 0.0085795 0.0078912 0 0 0 0 0.067332 -0.0053425 0.068202 0.018384 0.0019546 -0.0057202 0.016168 0.015175 0.00032701 -0.00042565 0.00053201 0.00067861
0 0 0 0 0 0 0 0 0.0025003 0.0028367 0.0028367 0.0028367 0.002862 0.013709 0.0028756 0.013729 0 0 0 0 0.21284 0.18375 0.21284 0.18375 0.19795 0.30856 0.23142 0.39602 -0.0013855 0.0071929 0.015471 0.020904 0 0 0 0 0.47899 -0.085361 0.48122 0.089042 -0.034673 0.014235 0.071721 0.055539 -0.0011069 -0.00469 0.0086052 0.016661 0 0 0 0 0.052366 -0.010455 0.052366 0.010455 -0.0017418 -0.028776 0.039894 0.036966 0.0028948 -0.007823 0.0065794 0.010179
0.00023902 -0.00045464 0.00026766 0.00064033 -9.5352e-05 -0.0016425 0.0028299 0.0027331 -0.00036039 -0.0015186 0.0023542 0.002036 -0.00015604 0.00026812 0.00023863 0.00026812 -0.018612 -0.018671 0.020132 0.019304 0.056727 -0.14905 0.417 0.47898 0.12898 -0.059105 0.20259 0.12183 -0.00012394 -0.0014654 0.002489 0.0031327 -0.030462 0.019905 0.030642 0.020304 0.054828 0.11982 0.37228 0.48188 0.14487 0.033586 0.22824 0.1536 -0.022021 -0.026017 0.022087 0.026068 -0.00034097 7.1334e-05 0.0006815 0.00052074 -0.0029058 0.0034716 0.0055803 0.010662 -0.023361 -0.025624 0.024025 0.028143 -0.0001205 -0.00013251 0.00013251 0.00013251
0 0 0 0 0.031127 0.0071484 0.032439 0.0078628 0.039887 0.0041104 0.056287 0.013178 -0.0052601 0.0024323 0.0063587 0.004151 0 0 0 0 0.48757 0.14978 0.48824 0.15301 -0.067323 0.021621 0.20478 0.058063 -0.0033908 -0.0024062 0.005273 0.00689 0 0 0 0 0.4168 -0.13849 0.4168 0.15215 0.022959 0.014213 0.089637 0.12019 -0.0011384 0.008033 0.0062655 0.01156 0 0 0 0 0.054378 -0.0042318 0.054683 0.0074244 0.01817 -0.0045555 0.02753 0.010157 -0.0016416 -0.0011813 0.0024846 0.0023268
0 0 0 0 0.069264 -0.0037722 0.069375 0.0062983 0.0011444 -0.0085033 0.0084846 0.0097981 0.00050778 -0.00084542 0.0010714 0.0012707 0 0 0 0 0.46381 0.054623 0.46381 0.056214 0.020083 -0.020857 0.08638 0.062121 -0.0076826 -0.009863 0.011598 0.015119 0 0 0 0 0.21855 -0.19789 0.21855 0.23439 0.03948 -0.40565 0.083303 0.41681 0.037278 -0.020494 0.038493 0.035313 0 0 0 0 0 0 0 0 0 0 0 0 0.0056368 -0.0033394 0.0057647 0.0033799
0 0 0 0 0.056787 0.0026598 0.063659 0.0096818 -0.0035497 0.00036041 0.010822 0.013683 0.0016831 0.00047248 0.0025773 0.0055389 0 0 0 0 0.27515 -0.0046816 0.53593 0.11532 0.12266 0.11312 0.31627 0.35071 0.0024437 0.0060873 0.0065261 0.016576 0 0 0 0 0.41238 -0.046469 0.41238 0.050829 0.0014677 -0.060202 0.05989 0.071534 0.0052234 -0.010677 0.0073528 0.012404 0 0 0 0 0.037568 -0.017297 0.037568 0.017817 0.011223 -0.040157 0.015163 0.042715 -0.0011564 -0.0028437 0.0017808 0.0034198
-6.2673e-06 6.2673e-06 6.2673e-06 6.2673e-06 0.07349 0.0042475 0.073886 0.0063016 0.0073905 -0.0065928 0.0085605 0.0084033 -0.00075319 0.00013869 0.00083676 0.00067811 0.0011374 0.00035629 0.0011374 0.00035629 0.44246 0.096753 0.45304 0.10552 0.035507 -0.02244 0.053446 0.045111 0.0020697 -0.0052801 0.0036799 0.0059869 0.00039056 -0.00039056 0.00039056 0.00039056 0.19924 -0.21257 0.20583 0.22743 0.10599 -0.3905 0.1174 0.44607 0.01116 -0.04703 0.013971 0.051013 0 0 0 0 0 0 0 0 0 0 0 0 0.00013876 -0.00018756 0.00013876 0.00018756
0 0 0 0 0.014931 0.0081331 0.014931 0.0081331 0.053076 0.056458 0.1288 0.08927 -0.001065 0.0021071 0.0022255 0.0033597 -3.7744e-05 -3.4562e-06 3.7744e-05 3.7744e-05 0.48504 0.15314 0.48504 0.15314 0.06479 -0.033809 0.088372 0.088886 0.0063894 -0.0026501 0.0089333 0.014526 0 0 0 0 0.21945 -0.20958 0.21945 0.21599 0.23115 -0.21814 0.27243 0.24544 0.0053302 -0.032152 0.0071007 0.037256 0 0 0 0 0 0 0 0 0.0082013 -0.048874 0.015299 0.048874 -0.00019584 -0.0061471 0.00087847 0.0061471
