-0.0090539 0.0050837 0.0091634 0.0058787 0.034834 -0.011818 0.039565 0.030228 0.0087741 0.035807 0.025293 0.047778 0.0032738 0.0024225 0.0032738 0.0024225 -0.016479 0.011998 0.016479 0.011998 -0.2755 0.13984 0.39946 0.29059 0.42805 -0.049558 0.42805 0.15837 0 0 0 0 0 0 0 0 -0.18183 0.19948 0.20718 0.19948 0.20067 0.098207 0.20067 0.10767 0 0 0 0 0 0 0 0 0 0 0 0 0 0 0 0 0 0 0 0
-0.0023074 0.002787 0.0024948 0.0037883 0.033948 -0.043161 0.03743 0.045725 0.034741 -0.032095 0.034741 0.032095 0 0 0 0 -0.0018653 0.028109 0.0073799 0.028249 -0.2052 0.13854 0.26366 0.21192 0.39374 -0.063962 0.39374 0.27643 0.00045274 -0.00026841 0.00045274 0.00026841 -0.00038316 0.00022104 0.00038316 0.00022104 -0.15406 0.27442 0.28058 0.27442 0.18896 0.21973 0.18896 0.21973 0.0002765 0.0002765 0.0002765 0.0002765 0 0 0 0 0 0 0 0 0 0 0 0 0 0 0 0
-0.00062915 -0.0023811 0.0011148 0.0023811 0.0065947 0.0053825 0.016561 0.032426 -0.0061739 0.011538 0.0087084 0.032961 -2.5508e-05 -0.0023439 0.00039639 0.0023439 0.0023468 -0.014044 0.0061802 0.014044 0.22597 0.010811 0.49557 0.15194 -0.21968 0.040434 0.44512 0.17596 -0.0039 -0.012761 0.0107 0.012761 0.010273 -0.0035237 0.015301 0.0093996 0.14419 -0.19033 0.2723 0.21417 -0.15179 -0.20498 0.23824 0.30803 0.0052909 0.0052253 0.013095 0.030421 -0.0015367 0.003978 0.0018411 0.003978 0.0018548 0.024668 0.01318 0.027855 0.0091449 0.0075943 0.0093627 0.018452 0.001249 0.0024853 0.0013975 0.0025119
-0.0060577 -0.0036979 0.0060577 0.0036979 -0.032076 -0.046024 0.052684 0.048401 0.048495 0.0053727 0.048657 0.064366 0.00057568 0.00011595 0.00057568 0.00028361 -0.10677 -0.03955 0.10677 0.03955 0.27198 0.18686 0.29214 0.25256 0.25984 0.25614 0.25984 0.26997 0.0005408 0.00023852 0.0005408 0.00028823 -0.027329 -0.0013744 0.027329 0.022075 0.41243 -0.096491 0.41806 0.17438 0.11159 -0.062381 0.11179 0.066725 0 0 0 0 -0.0027118 0.00061381 0.0028972 0.0020925 0.025522 0.010126 0.027269 0.017168 0.04061 0.00616 0.043012 0.0067489 0 0 0 0
-0.00030976 -0.00014767 0.0011384 0.0018467 0.068152 -0.020508 0.069355 0.02383 0.0020853 -0.00040172 0.0020853 0.00046172 0 0 0 0 -0.016073 -0.001118 0.020445 0.019056 0.070372 -0.083672 0.15656 0.11129 0.42843 -0.15944 0.42901 0.16024 0 0 0 0 -0.019922 0.015495 0.021636 0.020667 0.0022712 0.074191 0.076213 0.090214 0.47633 0.1372 0.47702 0.14151 0 0 0 0 -0.0013453 0.0015442 0.0014375 0.0016182 0.037698 0.013945 0.058048 0.021232 0.023627 0.0074524 0.023627 0.0082692 0 0 0 0
-0.00053295 -0.001108 0.0017472 0.0044777 0.056607 -0.034423 0.057278 0.03581 0.015434 -0.0071623 0.015434 0.0071623 0 0 0 0 -0.0030427 0.0064103 0.014058 0.029855 0.020687 -0.031671 0.14798 0.084375 0.45834 -0.15977 0.45834 0.15977 0 0 0 0 0.0019656 0.011718 0.0055069 0.016319 -0.0048283 0.09149 0.16264 0.10659 0.42689 0.18155 0.42689 0.18201 0 0 0 0 0.00047171 -1.9233e-07 0.00050265 0.00039288 0.050832 0.01674 0.084357 0.020148 0.0041056 0.0035697 0.0041056 0.0035826 0 0 0 0
0.0050317 -0.0046428 0.0061252 0.0048213 0.031202 -0.0073438 0.031444 0.0074497 0.00011042 -0.00035251 0.00011042 0.00035251 0 0 0 0 0.027222 -0.0027642 0.056078 0.015417 0.14176 -0.27672 0.19507 0.38431 0.2191 -0.20856 0.2191 0.21005 0 0 0 0 -0.027117 0.011335 0.040339 0.014594 0.056682 -0.083866 0.27547 0.12678 0.4414 0.10574 0.4414 0.10804 0 0 0 0 0.004444 0.0026006 0.0047704 0.0029471 0.004213 0.024174 0.043699 0.0262 0.056712 -0.0012553 0.059487 0.01392 -0.00067711 -0.0028775 0.0006798 0.0028775
0.0015279 -0.00047575 0.0015279 0.0011715 -0.010928 -0.0078672 0.011034 0.011512 -0.018494 -0.003492 0.035369 0.014824 0.019124 -0.0063664 0.019142 0.0064337 0.0091871 -0.0041335 0.0092591 0.0072204 -0.19285 -0.14396 0.21605 0.1649 0.11897 0.087293 0.29122 0.3797 0.071926 0.023266 0.078405 0.055933 0.0138 -6.2292e-06 0.0138 0.0052111 -0.16691 0.17408 0.20247 0.17992 0.12515 -0.028057 0.48746 0.4427 0.055298 -0.041786 0.080752 0.069279 0.0018949 -0.00048552 0.0018949 0.00063845 0.0030661 -0.0029146 0.0048382 0.004124 -0.015423 0.0033148 0.015423 0.0058637 0.0049679 0.0028147 0.019962 0.0035502
-0.00036477 -0.00076198 0.00058249 0.0011816 -0.017594 -0.0071254 0.022791 0.016717 0.070613 -0.001251 0.070613 0.0051864 9.255e-05 -8.1167e-06 9.255e-05 8.1167e-06 -0.0055184 -0.0012608 0.0066228 0.0054691 -0.073125 0.015703 0.14325 0.065807 0.44174 -0.11918 0.45437 0.12245 0.00014597 6.1199e-05 0.00014597 6.1199e-05 -0.038777 -0.0081625 0.040578 0.036088 0.12549 0.063173 0.23088 0.40208 0.29379 0.10234 0.39333 0.15141 0 0 0 0 -8.9422e-05 -6.0888e-05 0.00045244 0.0002758 -0.025633 0.00085224 0.028819 0.01574 0.073017 -0.017034 0.073017 0.0341 7.3011e-06 -3.8935e-06 7.3011e-06 3.8935e-06
0 0 0 0 -0.025552 -0.071325 0.039606 0.071325 0.03456 -0.04967 0.03456 0.049799 0 0 0 0 -0.054198 -0.026205 0.054212 0.026205 0.13344 0.10471 0.48381 0.31949 0.27261 0.13835 0.27261 0.13864 0 0 0 0 -0.065164 -0.023714 0.067755 0.039163 0.36354 -0.090613 0.42009 0.20103 0.14633 -0.036822 0.14633 0.051121 0 0 0 0 -0.0037173 -0.0023782 0.0045508 0.0042906 0.033642 -0.009899 0.039094 0.018206 0.038496 0.0015113 0.038496 0.0020196 0 0 0 0
-0.011387 -0.0044648 0.011387 0.0044648 0.023164 0.0093553 0.032442 0.012037 -0.01284 -0.030165 0.051649 0.035427 -0.00043953 0.0005134 0.0018335 0.0020444 -0.061879 -0.0040058 0.061879 0.013449 0.40855 0.084129 0.40973 0.12491 -0.27411 0.14566 0.39782 0.15706 -0.0093051 0.0018632 0.014294 0.0098512 -0.080612 0.024534 0.080652 0.024698 0.32189 -0.094004 0.36715 0.10929 -0.1629 -0.059262 0.18718 0.069012 -0.014846 4.3448e-05 0.01529 0.0046976 -0.0047136 0.0029712 0.004719 0.0029969 -0.00098853 0.024053 0.048706 0.032702 -7.9218e-05 -0.00057533 0.0063705 0.0025195 -0.0023675 -0.00056451 0.002481 0.00073823
0.0025567 0.00020333 0.0028866 0.0011454 0.040947 -0.0088503 0.044111 0.022451 0.0019343 -0.0014742 0.0020009 0.0019008 0 0 0 0 0.022686 0.0029578 0.025377 0.0058289 -0.12493 -0.055621 0.35628 0.17955 0.40233 -0.099465 0.40233 0.10166 0 0 0 0 0.0082875 0.0008053 0.013173 0.016957 -0.054014 0.032233 0.34756 0.16796 0.37777 0.1065 0.37777 0.1065 0 0 0 0 0.0018184 -0.00019292 0.0029735 0.0020746 0.039786 0.0052196 0.091407 0.033262 0.0025755 0.001839 0.0025755 0.0019863 0 0 0 0
-0.00032312 -0.0036979 0.00037089 0.0036979 0.003347 -0.014215 0.0036494 0.014215 9.4705e-05 -9.4705e-05 9.4705e-05 9.4705e-05 0 0 0 0 -0.0081257 -0.028941 0.010729 0.036444 0.064641 -0.15798 0.15889 0.25358 0.38512 -0.1719 0.38512 0.1719 0 0 0 0 0.002334 0.010649 0.019441 0.012772 -0.054731 0.10214 0.20626 0.10996 0.45096 0.13885 0.45096 0.14049 0 0 0 0 0.00095511 9.0107e-05 0.0039682 0.0011584 -0.0066175 0.0023168 0.031471 0.0072046 0.05992 -0.00051409 0.05992 0.0042269 0 0 0 0
-0.00039911 -0.00036767 0.00052078 0.00060118 -0.021421 0.002212 0.021421 0.008595 0.036175 -0.0069946 0.03653 0.01172 0.000834 -0.00010973 0.000834 0.00027813 -0.037792 -0.0091696 0.039843 0.010992 0.14111 -0.0029765 0.25798 0.30921 0.080724 0.20191 0.31451 0.32899 0.032829 -4.9682e-05 0.032829 0.0075748 -0.018638 0.012926 0.021358 0.013795 0.16576 0.049049 0.31042 0.23741 0.038912 -0.20915 0.3877 0.41274 0.015178 -0.0040945 0.015178 0.008846 0.00023384 -0.00024626 0.00032067 0.00028478 -0.0088478 0.0021471 0.0088478 0.0045908 0.0010777 0.017225 0.054362 0.020129 0.0075919 0.0021896 0.0075919 0.0022533
-0.0048316 0.00050964 0.0048328 0.0014917 0.013177 -0.0021892 0.033952 0.0068671 0.0044073 0.00092189 0.0063484 0.0017401 -0.0030437 -0.00041626 0.0030437 0.00063766 -0.075751 0.014549 0.075751 0.016658 0.15052 0.091713 0.37658 0.1728 -0.092292 0.081115 0.19357 0.11415 -0.02039 -0.0057725 0.020861 0.0076581 -0.095324 -0.0087896 0.095324 0.0087896 0.37264 -0.023189 0.51321 0.057301 -0.34127 -0.11847 0.37304 0.12532 -0.017441 -0.0018724 0.023071 0.0064869 -0.01506 -0.0011496 0.01506 0.0012512 0.00043835 -0.0045259 0.069957 0.018 0.0097549 0.0063478 0.017123 0.021507 -0.0025451 0.00077182 0.0026825 0.00090814
0.00070844 0.0013102 0.0011216 0.0014904 -0.0071206 0.0050641 0.026436 0.017235 0.055485 -0.062813 0.055485 0.062862 0.0012918 -0.0016444 0.0012918 0.0016444 0.0050355 -0.004241 0.0060008 0.0056262 0.15035 0.13372 0.38316 0.24204 -0.19812 0.18027 0.23982 0.23516 0.06338 -0.057329 0.065816 0.061419 -0.011465 -0.022675 0.020308 0.022815 0.2652 -0.12056 0.31731 0.21074 -0.29716 -0.19698 0.35921 0.21687 -0.0005126 -0.012365 0.014362 0.018263 0.00051376 -0.000549 0.00090213 0.0010679 -0.0040969 -0.030714 0.017425 0.031732 0.0056296 -0.020927 0.015489 0.022515 -0.0009447 -0.00087404 0.001856 0.0011849
-0.00091385 -0.0010369 0.001011 0.0013544 0.049345 0.0023247 0.049345 0.0066162 0.001068 -0.00050676 0.001068 0.00080176 0 0 0 0 -0.0086422 0.0098192 0.019418 0.015328 -0.051357 -0.078493 0.32495 0.16737 0.39734 -0.080261 0.39734 0.1321 0 0 0 0 -0.00056295 -0.010654 0.019516 0.02301 -0.052296 0.043811 0.37094 0.1609 0.40162 0.084676 0.40162 0.085392 0 0 0 0 0.0036169 0.0011993 0.0039763 0.0016429 0.0054292 -0.004093 0.041415 0.010487 0.042433 -0.010618 0.042654 0.019652 0 0 0 0
-0.0032496 -0.0029307 0.0056246 0.0038852 0.068546 -0.0065744 0.080375 0.027919 0.0011014 -0.00048764 0.0011014 0.00056485 0 0 0 0 -0.042445 -0.0012336 0.043201 0.0056614 0.49162 0.10913 0.49162 0.18441 0.036514 0.0021077 0.036514 0.022076 0 0 0 0 -0.029528 -0.00091475 0.032631 0.004548 0.25367 -0.13423 0.3956 0.28496 0.19485 -0.14809 0.19744 0.14981 0 0 0 0 -0.0023073 0.0015854 0.0050764 0.0023235 0.023815 0.013426 0.033658 0.018502 0.04164 0.036708 0.041712 0.036721 0 0 0 0
-0.00039107 -0.0015196 0.00066021 0.0015231 -0.012151 -0.096218 0.013034 0.096218 0.025767 -0.019941 0.025767 0.019941 7.0739e-05 -1.5826e-05 7.0739e-05 1.5826e-05 -0.069011 -0.030579 0.069011 0.075988 0.074539 -0.043104 0.21229 0.16063 0.38773 -0.14438 0.38773 0.2017 0.00052105 -9.8908e-05 0.00052105 9.8908e-05 -0.063761 0.0050742 0.080275 0.030669 0.14155 -0.054724 0.18247 0.19537 0.39842 0.088215 0.39842 0.27934 0.00039866 -0.00084535 0.00058688 0.00102 -0.013435 0.0055285 0.013435 0.0056403 -0.0098435 0.0077979 0.018553 0.013435 0.037542 -0.065068 0.038387 0.067774 0.0037731 -0.01023 0.0045658 0.010289
0.0015566 -0.0010453 0.0032554 0.0025933 0.0053232 0.0021972 0.0074407 0.00535 0.013287 0.020551 0.018349 0.020551 0.0010481 0.0032915 0.0010537 0.0033343 -0.0044864 0.013962 0.014903 0.015002 0.26252 0.20104 0.32577 0.23815 -0.10053 0.20875 0.37528 0.28739 -0.0054637 0.0068514 0.0078881 0.0086535 -0.0024851 0.0076722 0.025079 0.018345 0.22153 -0.14236 0.23744 0.22599 -0.10814 -0.13159 0.2285 0.33689 -0.0033029 0.018232 0.020138 0.077343 -0.0047594 0.019867 0.0047653 0.019867 0.019588 0.13653 0.028277 0.13653 0.014324 0.12105 0.014754 0.12105 0.00071087 0.0028595 0.00075096 0.0028595
-0.00035683 -0.00019527 0.0030666 0.0029327 0.051578 0.0056025 0.10434 0.038011 0.0068224 0.0036384 0.0068224 0.0036384 0 0 0 0 -0.010476 -0.0053851 0.014967 0.0069148 0.44105 0.10735 0.55826 0.21092 0.012182 -8.4192e-05 0.012182 0.006671 0 0 0 0 -0.033591 0.00069413 0.037466 0.0077442 0.29494 -0.11441 0.42312 0.27915 0.15291 -0.024563 0.15291 0.0758 0 0 0 0 -0.0029506 0.0031426 0.0083416 0.0059924 0.047013 0.046171 0.04937 0.047258 0.0012925 0.001075 0.0012925 0.001088 0 0 0 0
0.0018126 -0.0038973 0.0022346 0.0046222 0.010757 0.0060677 0.033981 0.049324 -0.0098567 -0.023419 0.024452 0.053626 -0.00061431 -0.0056338 0.00098406 0.0065094 0.018694 0.0082104 0.027274 0.013224 0.15888 0.11559 0.22082 0.36208 -0.19834 0.32861 0.22672 0.41812 0.026857 0.031718 0.040231 0.055589 -0.034465 0.013805 0.036326 0.032222 0.41491 -0.026314 0.42169 0.095855 -0.044815 0.077912 0.044815 0.077912 0.015517 0.032643 0.015517 0.032656 -0.01327 -0.0035942 0.01327 0.0061207 0.064157 0.0032356 0.070641 0.018641 0 0 0 0 0 0 0 0
-3.9716e-06 -0.00043324 0.0015487 0.001326 0.013909 0.0056446 0.014205 0.010196 0.055097 0.024501 0.055186 0.027242 4.5997e-05 7.7481e-05 4.5997e-05 7.7481e-05 0.014504 0.014623 0.01759 0.015856 0.30839 0.14035 0.31854 0.16644 0.13631 0.061868 0.13852 0.063646 0 0 0 0 0.0051269 0.0012342 0.012642 0.0057554 0.28716 -0.27344 0.56492 0.33756 0.1939 -0.067779 0.1939 0.073539 0 0 0 0 0.005603 7.5495e-05 0.0067292 0.0034505 -0.032238 -0.0059815 0.081997 0.020716 0.092838 -0.0068998 0.092838 0.010645 0 0 0 0
-0.0025294 -0.0018057 0.0042114 0.0055443 0.021396 0.013093 0.029351 0.031414 0.024269 0.014919 0.087747 0.029499 0 0 0 0 0.0095818 0.0037686 0.020128 0.01138 -0.006723 -0.046298 0.23913 0.15356 0.35196 0.0041546 0.54826 0.16034 0 0 0 0 0.023019 0.0043968 0.024619 0.011599 -0.087386 -0.0049249 0.18709 0.071273 0.41959 0.0058252 0.42936 0.18893 0 0 0 0 0.0031159 -0.0017766 0.0031466 0.0023402 -0.0026141 0.014948 0.031416 0.022676 0.047912 0.034655 0.047912 0.039669 2.444e-06 -5.5446e-06 2.444e-06 5.5446e-06
0.0023787 0.00045719 0.0040397 0.0021753 -0.014916 0.016724 0.067434 0.029937 0.058919 0.017347 0.067952 0.018035 0 0 0 0 0.024585 0.0099653 0.0255 0.010732 -0.1471 -0.097765 0.29617 0.13057 0.4736 -0.04248 0.4736 0.12053 0 0 0 0 0.0079849 -0.0042261 0.018066 0.010235 -0.0056764 0.017174 0.31356 0.052258 0.34203 -0.020807 0.35526 0.17757 3.7715e-05 -3.7715e-05 3.7715e-05 3.7715e-05 0.001508 0.00119 0.0019701 0.0023135 -0.0015402 0.0064241 0.035915 0.012457 0.038207 0.0165 0.042516 0.029378 6.1394e-05 1.3735e-05 6.1394e-05 1.3735e-05
0.0082712 0.0050564 0.0085997 0.0051526 0.011308 0.011055 0.081135 0.024556 0.037479 0.012725 0.037479 0.012725 0 0 0 0 -0.0023733 -0.033568 0.056507 0.038781 0.40316 0.065842 0.63901 0.11753 0.01208 0.0026595 0.01208 0.0058083 0 0 0 0 -0.039776 -0.0012358 0.039801 0.0078535 0.37582 -0.080921 0.38782 0.20288 0.13787 -0.02497 0.13787 0.060898 0 0 0 0 -0.0057928 -0.00013948 0.0061276 0.00041141 0.061017 0.011911 0.063962 0.0272 0.0099952 -0.0059147 0.010102 0.011085 0 0 0 0
0.0006832 -0.00195 0.0013049 0.00195 -0.023465 -0.018689 0.09485 0.030606 0.042668 -0.0077722 0.042668 0.029045 0 0 0 0 0.03799 -0.018881 0.041468 0.049163 -0.17655 -0.13156 0.22488 0.24533 0.42146 -0.076715 0.42146 0.084193 0 0 0 0 -0.003472 -0.025942 0.014561 0.026859 -0.021331 0.030053 0.1307 0.20067 0.42556 0.047039 0.43367 0.086533 0 0 0 0 -0.00052527 -0.00028752 0.0016332 0.0016408 0.001427 -0.0084687 0.014195 0.013884 0.075068 0.011721 0.075068 0.011721 0 0 0 0
-0.0044591 -0.0017406 0.0048791 0.0028003 0.064171 0.012137 0.090202 0.031794 0 0 0 0 0 0 0 0 0.017103 -0.0019976 0.037879 0.012444 0.37982 0.028485 0.46104 0.17676 0 0 0 0 0 0 0 0 0.022122 0.033753 0.028843 0.047969 0.18847 -0.0012102 0.23985 0.61971 0.15377 -0.052582 0.16537 0.24528 0 0 0 0 -1.9145e-05 4.9516e-05 4.9516e-05 4.9516e-05 0.00024511 0.0013857 0.00066208 0.0013857 0 0 0 0 0 0 0 0
-1.0452e-05 -0.0021865 0.0030046 0.0048991 0.0078493 0.00044376 0.023412 0.025648 -0.0093669 -0.0016876 0.014334 0.020229 0.00011598 -0.0047683 0.001396 0.0057272 -0.022214 0.014454 0.031933 0.023336 0.20307 0.083441 0.25484 0.30078 -0.070652 0.34613 0.24066 0.4414 0.0023675 0.047394 0.010897 0.047394 -0.047312 0.03469 0.047312 0.042655 0.33813 -0.017262 0.51854 0.11331 -0.00026805 0.0018405 0.0014147 0.0018405 0 0 0 0 -0.006342 0.0012041 0.006342 0.0012041 0.029662 0.036381 0.049061 0.036381 0 0 0 0 0 0 0 0
0.0057838 -0.013683 0.0058014 0.013683 0.0024219 -0.0024479 0.002595 0.002621 0 0 0 0 0 0 0 0 0.012791 -0.0035039 0.015637 0.020652 0.42671 -0.11279 0.44047 0.38237 0.013202 -0.0090025 0.013202 0.0090025 0 0 0 0 -0.0092558 0.010492 0.025389 0.013296 0.25212 -0.1924 0.31854 0.34974 0.22381 -0.043593 0.22633 0.15148 0.00042999 -5.8855e-05 0.00042999 0.00042999 -0.0091266 0.010766 0.0091286 0.010768 0.052436 0.045907 0.064371 0.045952 0.0060688 0.0022158 0.0063775 0.0028281 0 0 0 0
-0.0030103 -0.0022344 0.0030218 0.0039473 -0.010698 0.0089779 0.074698 0.02711 0.082265 0.013582 0.082265 0.015561 0 0 0 0 -0.0076289 -0.0032937 0.024988 0.0095224 0.039451 -0.014149 0.23922 0.092614 0.44358 -0.13482 0.44358 0.19939 0 0 0 0 0.010511 -0.0018038 0.021361 0.018806 0.072954 0.035356 0.1819 0.17661 0.3121 -0.084275 0.34368 0.3863 0.016314 -0.025616 0.016314 0.025616 0.0015009 0.0030153 0.0024535 0.0040586 0.0054321 0.0083115 0.034997 0.044189 0.015151 0.057406 0.037956 0.075665 0.0051637 0.0084657 0.0056644 0.0084657
-0.004706 -0.0021347 0.0083523 0.0053289 0.079502 -0.00014095 0.1057 0.021848 0.0043273 -0.00013705 0.0043273 0.0020604 0 0 0 0 -0.024783 -0.014085 0.030088 0.016562 0.34157 -0.081508 0.37011 0.22195 0.26 -0.14267 0.26204 0.20366 0 0 0 0 -0.038128 0.0073742 0.038551 0.0097752 0.21618 0.037531 0.23266 0.053123 0.40405 0.11105 0.40427 0.11509 0.00013865 -0.00047439 0.00027941 0.00047439 -0.0059307 7.2442e-05 0.0059756 0.001033 0.051344 0.0040094 0.057741 0.023411 0.026057 -0.042289 0.026677 0.044407 0.00080014 -0.00038607 0.00080014 0.00070816
-0.00062287 -0.0017806 0.0017957 0.0019157 0.05244 -0.022334 0.062087 0.025552 0.02849 -0.011232 0.02849 0.011453 0 0 0 0 0.0027699 0.0063413 0.012715 0.0088307 -0.022669 0.10738 0.12576 0.13335 0.53528 -0.073247 0.53528 0.078055 0 0 0 0 0.010386 0.014948 0.011028 0.0179 0.1303 0.26821 0.17369 0.272 0.24724 0.14677 0.24724 0.14788 0 0 0 0 0.0058912 0.010144 0.0060824 0.010473 0.0036359 0.0067347 0.0042059 0.0067347 0.0002832 0.00050443 0.0002832 0.00050443 0 0 0 0
-0.0017341 0.00090114 0.0018939 0.0017457 0.035762 0.01227 0.041516 0.013521 0.034544 0.0079577 0.034663 0.0091713 0 0 0 0 -0.022498 0.012405 0.02261 0.01243 0.40848 0.081125 0.49877 0.12007 0.041469 0.016856 0.041469 0.018959 0 0 0 0 -0.0071644 -9.0445e-05 0.008469 0.0063864 0.39782 -0.057629 0.60633 0.12583 0.010632 -0.0033421 0.010632 0.0033421 0 0 0 0 -0.0007348 -0.00040318 0.00090703 0.0011576 0.046396 -0.00041575 0.064633 0.0097581 0.0092194 -0.0012571 0.0092872 0.002992 0 0 0 0
-0.0049244 0.0017553 0.0050768 0.002911 0.059291 -0.031402 0.067133 0.035417 0.007886 -0.023413 0.0081981 0.023413 0 0 0 0 0.004184 -6.5164e-05 0.01549 0.0096102 0.063585 -0.077802 0.35604 0.22671 0.32009 -0.022447 0.35319 0.1295 -6.8187e-06 -6.8187e-06 6.8187e-06 6.8187e-06 0.0040833 -0.00242 0.014459 0.012402 0.093662 0.12978 0.45002 0.21734 0.16255 -0.075501 0.43591 0.21382 -0.021988 -0.05658 0.022452 0.058059 0.0028868 -0.0035878 0.0038939 0.0041103 0.005628 -0.020058 0.034832 0.034667 0.0021487 -0.019994 0.016356 0.02429 -0.0011443 0.0016582 0.0037231 0.0023209
-9.2503e-05 0.00080651 0.00037517 0.00099053 -0.021052 -0.0021794 0.022222 0.013245 0.06382 0.018334 0.063931 0.024479 8.8698e-05 6.005e-06 9.5363e-05 2.1881e-05 0.001457 -0.00066498 0.0032209 0.0028291 -0.1723 0.003624 0.17395 0.079105 0.4992 -0.0097932 0.4992 0.065024 4.1454e-05 4.1454e-05 4.1454e-05 4.1454e-05 0.0025781 0.0025391 0.0031977 0.00538 -0.1089 0.04255 0.17454 0.079447 0.4097 0.0082293 0.43758 0.045389 0 0 0 0 0.00014709 8.3009e-05 0.00053258 0.00085366 -0.020113 0.0035995 0.020193 0.0089036 0.060494 -0.0010928 0.064959 0.0092811 6.5452e-05 -4.999e-05 6.5452e-05 4.999e-05
0.00014602 -0.0020139 0.0014227 0.0032179 0.071935 -0.021063 0.08111 0.029276 0.011953 -0.0082441 0.011953 0.0082441 0 0 0 0 0.0070942 0.012984 0.0087238 0.01325 -0.026941 0.087343 0.1818 0.12028 0.52468 -0.082591 0.52468 0.082591 0 0 0 0 0.017437 0.0086833 0.018712 0.013511 0.06024 0.23851 0.17736 0.24254 0.30067 0.12639 0.30067 0.12747 0 0 0 0 0.0047631 0.0099735 0.0047824 0.0099906 0.010295 0.019392 0.010481 0.019392 0.00059627 0.00053872 0.00059627 0.00053872 0 0 0 0
-0.0020989 -5.4333e-05 0.0024025 0.0011088 0.018853 -0.0077256 0.025198 0.011583 0.050907 -0.0136 0.050907 0.0136 0 0 0 0 -0.017679 0.0078768 0.019119 0.035946 0.11224 -0.01771 0.12067 0.1307 0.42317 -0.027038 0.42317 0.055095 0 0 0 0 -0.0057141 0.0074245 0.0099245 0.020756 -0.10406 0.060854 0.10475 0.099277 0.51464 0.031768 0.51464 0.087212 0 0 0 0 -7.0595e-05 -0.0019788 0.00062462 0.001995 -0.0056129 -0.0084264 0.0066546 0.0084264 0.068252 -0.020828 0.068252 0.021712 5.7496e-06 -2.2493e-06 5.7496e-06 5.7496e-06
-0.003868 0.0012196 0.0039353 0.0047381 -0.034503 0.0035246 0.073505 0.040629 0.011336 0.054496 0.052768 0.062456 0.0018029 0.00024657 0.0032514 0.0011381 -0.021644 -0.010603 0.024284 0.013763 0.13452 0.04136 0.68939 0.36545 -0.15441 -0.10764 0.36371 0.21058 -0.0069147 0.0019542 0.013896 0.01076 -0.026911 -0.0065753 0.031031 0.011333 0.077346 -0.17322 0.23947 0.20113 -0.0051917 -0.017222 0.031698 0.035711 -0.00047797 0.0070829 0.012168 0.0093183 -0.0053711 0.0036114 0.0091458 0.0056196 0.013783 0.0013673 0.023581 0.0038541 0.0007774 -0.0013084 0.0039839 0.0032051 -0.0012496 -0.0019119 0.0017592 0.0021704
-0.0015422 -0.0002522 0.0020387 0.0013778 0.017565 -0.0069431 0.01884 0.0092598 0.051585 -0.014357 0.051585 0.014357 0 0 0 0 -0.0062521 0.023116 0.0094198 0.039361 0.071783 -0.004832 0.10617 0.14446 0.44571 -0.051393 0.44571 0.05942 0 0 0 0 -0.0063076 -0.0019457 0.0067956 0.0093962 -0.099887 0.048 0.10532 0.077908 0.49945 0.030504 0.49945 0.11122 0 0 0 0 -7.9679e-05 -0.0016396 0.00068239 0.0016396 -0.0046874 -0.0076315 0.0053718 0.0076315 0.061872 -0.015029 0.064582 0.015029 9.4261e-06 -1.9849e-05 4.0603e-05 2.9298e-05
0.0004733 0.0014046 0.0026691 0.0016413 0.022481 0.02001 0.02904 0.03124 -0.020916 0.053898 0.029493 0.071757 0.0017984 0.00078369 0.0030037 0.0043852 -0.036275 0.024603 0.037281 0.031141 0.4354 -0.0079688 0.4626 0.11346 -0.030409 0.051625 0.035083 0.051625 -0.0040728 0.031827 0.019277 0.031827 -0.071098 0.0063717 0.071098 0.052657 0.42248 -0.00056993 0.57731 0.16446 0.00064234 -5.8819e-05 0.00064234 0.00064234 0 0 0 0 -0.0086684 0.0020197 0.0086725 0.0074072 0.040015 0.030931 0.041324 0.030931 0 0 0 0 0 0 0 0
-1.1299e-05 -0.000978 0.00083128 0.0011295 0.014717 0.0082435 0.014913 0.011666 0.043151 0.018286 0.043151 0.01936 1.6643e-05 9.6713e-06 1.6643e-05 9.6713e-06 0.025036 0.0059204 0.028145 0.0094462 0.17763 -0.085015 0.34683 0.19232 0.1864 -0.040168 0.1864 0.07659 0 0 0 0 0.017656 0.0012825 0.02 0.017864 -0.10346 -0.011434 0.45864 0.19967 0.46996 0.013431 0.46996 0.055197 0 0 0 0 0.003824 0.0052918 0.0086826 0.0083574 0.042508 0.033698 0.08507 0.053308 0.0052829 0.0050928 0.0052829 0.0050928 0 0 0 0
-0.010401 0.0012264 0.010401 0.0023722 0.0091871 -0.0068888 0.022499 0.030495 0.006992 0.029969 0.025231 0.055499 -0.0023685 -0.0036935 0.0026397 0.0042835 -0.058878 0.018961 0.058878 0.018961 0.0028517 0.0020193 0.1609 0.11739 0.20046 0.046343 0.28914 0.22366 -0.016124 0.049953 0.030036 0.053741 -0.0047341 0.0032419 0.0047341 0.0032419 -0.36146 0.14247 0.36146 0.24764 0.4473 -0.023405 0.449 0.078645 -2.8203e-05 8.0206e-05 8.0206e-05 8.0206e-05 0 0 0 0 -0.03922 0.018728 0.04987 0.030961 0.047291 0.034997 0.047291 0.034997 0 0 0 0
0.0011591 -0.0026448 0.0027177 0.0027507 0.066698 -0.013651 0.066698 0.017394 0.0024418 -0.00033965 0.0024418 0.00098813 0 0 0 0 -0.0033876 0.014356 0.0090499 0.024168 0.45293 0.091905 0.5457 0.12458 0.0089492 0.0024397 0.0089492 0.0032886 0 0 0 0 -0.00044932 -0.0087428 0.0025881 0.0087428 0.43981 -0.10695 0.48193 0.10899 0.014217 -0.0035692 0.014527 0.0044181 0 0 0 0 0.00011032 -0.00080993 0.00041793 0.0008138 0.069918 -0.0059589 0.088428 0.011198 0.0080027 -0.00048672 0.008198 0.001881 0 0 0 0
-0.0020357 -0.0033403 0.0077935 0.0072866 0.044396 -0.015155 0.053715 0.024724 0.0029596 0.00013837 0.0030269 0.00056507 0 0 0 0 -0.012321 0.005749 0.012321 0.0068215 0.39544 0.034643 0.57799 0.20925 0.023961 -0.0037149 0.028235 0.014197 0.00028792 -9.0191e-05 0.00028792 9.0191e-05 -0.0050208 0.0051995 0.0051559 0.0052246 0.35679 -0.053494 0.55286 0.11689 0.022838 -0.0051286 0.025973 0.014592 0.00066356 -8.9831e-05 0.00066356 8.9831e-05 -0.00097997 -0.0010394 0.0010818 0.0013772 0.045311 0.012823 0.05489 0.020261 0.0059042 0.0026661 0.0059042 0.0031238 3.7032e-05 3.7032e-05 3.7032e-05 3.7032e-05
0.00081431 0.0002604 0.0019799 0.0017651 0.026755 0.0058312 0.03171 0.014824 -0.02216 -0.0085471 0.077386 0.067951 -0.00063464 0.0015028 0.0023774 0.002029 -0.0074809 -0.0048022 0.017392 0.0072144 -0.019982 -0.14715 0.37885 0.39584 0.1363 0.0068964 0.679 0.31055 0.019772 -0.00096448 0.024981 0.016889 -0.014499 0.014619 0.021225 0.017359 0.011345 0.029321 0.14837 0.11975 0.095658 -0.03521 0.13366 0.12746 0.0095659 0.0061992 0.011986 0.03146 0.0010965 -0.00080327 0.0010965 0.00080528 -0.01414 -0.0080285 0.022731 0.0096085 0.01381 -0.022593 0.017737 0.02312 2.3743e-05 -0.002383 0.00046947 0.002383
-0.0053032 0.0078365 0.0053032 0.0080381 -0.019837 0.012939 0.027258 0.013996 0.018211 -0.00048351 0.022359 0.016476 0.001269 -0.00046984 0.0014959 0.00078956 -0.0045778 0.0043249 0.0046639 0.0046478 -0.23724 0.018308 0.40195 0.11439 0.19862 0.084674 0.30738 0.21089 -0.020067 0.0097043 0.03107 0.012845 -0.0024756 -6.4799e-05 0.0024756 0.00066193 -0.28069 -0.025836 0.39006 0.048216 0.33709 0.015797 0.46131 0.032835 -0.051545 -0.012394 0.053329 0.013102 -0.00027311 -8.511e-05 0.00027311 0.00017515 -0.034439 -0.00064685 0.054446 0.0063477 0.028554 -0.015135 0.07497 0.016231 -0.0013476 -0.00038261 0.0030327 0.0010253
-0.0010697 0.00077403 0.0012918 0.00087317 -0.011554 0.0026693 0.046193 0.021139 0.069265 0.017155 0.069265 0.043749 0 0 0 0 -0.0016591 0.0038147 0.0026755 0.0053645 -0.14595 0.038763 0.23914 0.060593 0.51345 -0.053755 0.51345 0.075709 0.00035724 -0.00020579 0.00035724 0.00020579 -0.0015984 -0.0087538 0.0036396 0.01228 -0.053395 0.021206 0.1313 0.084566 0.40414 0.043099 0.40453 0.05597 0.00015616 0.00029491 0.00015616 0.00029491 -0.0017176 0.0038388 0.0038777 0.0040475 0.0031121 -0.0015023 0.0055401 0.0024802 0.053958 0.0024442 0.054032 0.0063427 0 0 0 0
0.00012618 -0.0027666 0.0030116 0.0027941 0.00038074 0.0048534 0.053025 0.0057801 0.051333 -0.047713 0.05143 0.055618 0.003502 -0.0055022 0.003502 0.005514 0.0092985 0.0090052 0.019911 0.01445 -0.13338 0.036372 0.23363 0.053638 0.18192 -0.079197 0.46057 0.18614 0.076641 0.01725 0.076641 0.05116 -0.0017328 -0.001965 0.01248 0.0091892 -0.12587 0.13169 0.46408 0.18775 0.25247 0.16812 0.37956 0.21739 0.050327 0.021007 0.050327 0.021114 0.0021547 -0.00050807 0.0031522 0.0024122 0.044292 -0.0089549 0.14974 0.04954 -0.015035 -0.0082802 0.08062 0.032526 -0.00072153 -0.0064677 0.0016576 0.0066779
0.0020325 0.00048824 0.002256 0.0030393 0.0086622 0.0033781 0.016095 0.0072855 -0.00053137 0.0037857 0.030708 0.031083 -0.0022448 0.0030217 0.002449 0.0076326 0.0062801 0.00085991 0.013768 0.0068586 -0.0048888 -0.1568 0.13112 0.18064 0.39724 0.052031 0.46491 0.17367 -0.011528 0.024604 0.011528 0.024604 -0.010577 -0.0060535 0.011369 0.015127 0.050843 -0.062723 0.074134 0.10039 0.48322 0.020466 0.48322 0.082705 -8.1699e-05 3.4124e-05 9.5918e-05 0.000144 -0.009295 0.007584 0.009295 0.0075846 0.00222 -0.0037529 0.013792 0.0088616 0.090906 0.0030231 0.090906 0.0248 0 0 0 0
0.00032899 0.0012148 0.002182 0.002853 0.018994 0.0095206 0.019867 0.013069 -0.00097952 -0.0099247 0.027624 0.042713 -0.0020971 -0.0013843 0.0032267 0.0068218 -0.011487 0.0068803 0.018264 0.012065 0.052042 -0.14177 0.12287 0.15779 0.33779 0.066393 0.42098 0.18742 -0.021245 0.039315 0.021413 0.039457 -0.032491 0.02544 0.034652 0.033271 -0.0062007 -0.04529 0.080244 0.10749 0.51852 0.048742 0.51852 0.10889 -8.2406e-05 0.00020235 8.2406e-05 0.00020235 -0.0036446 0.0030669 0.0036446 0.0052716 -0.043235 0.011408 0.043813 0.02214 0.090328 -0.019419 0.091529 0.020907 0 0 0 0
0.00032949 0.0053104 0.0056686 0.010467 0.042976 0.06244 0.077363 0.067695 0.019642 0.0063601 0.020098 0.0072104 4.9607e-05 1.7864e-05 4.9607e-05 1.7864e-05 0.0090414 -0.035068 0.053801 0.054022 0.31679 0.011893 0.37238 0.23818 0.026264 0.00063893 0.028788 0.0090686 0 0 0 0 -0.028274 0.0091273 0.036384 0.021388 0.48713 -0.050189 0.54665 0.35915 0.015297 0.00048008 0.02415 0.0034771 0 0 0 0 -0.0080087 -9.666e-05 0.0082278 0.0011066 0.055996 0.011617 0.057847 0.011697 0.0011816 0.00018881 0.0013682 0.0010238 0 0 0 0
-7.1354e-05 0.00059584 0.00076378 0.00090934 -0.023279 9.8716e-05 0.023279 0.0060206 0.056729 0.004576 0.057816 0.013731 0 0 0 0 -0.0022449 -0.0025724 0.0037112 0.0066665 -0.17768 -0.030183 0.17768 0.054664 0.42755 -0.0054091 0.49988 0.097542 0.00021183 -0.0002352 0.00021183 0.0002352 -0.0061581 -0.00133 0.0064455 0.0071445 -0.11868 -0.020119 0.24101 0.15806 0.41358 0.0067849 0.44434 0.093865 0.00016304 0.00020222 0.00039343 0.00020222 -0.0017825 -0.002316 0.0020615 0.0030708 -0.0083256 0.00055894 0.024094 0.023332 0.047309 -0.0021131 0.0619 0.021123 0 0 0 0
0.0030658 0.001864 0.0034311 0.0022155 0.0086779 0.017544 0.085467 0.027272 0.0071061 0.0049378 0.089017 0.022307 0.0002833 0.00018491 0.0002833 0.00018491 0.019657 0.0063929 0.019657 0.0064202 -0.1197 -0.15969 0.30132 0.19475 0.3327 -0.0047714 0.47696 0.14937 0.00060196 -0.00045895 0.00060196 0.00045895 0.0011278 -0.0020494 0.012148 0.006221 -0.20862 -0.00054651 0.21448 0.031288 0.40887 0.010017 0.40887 0.13654 0.0037186 -0.00025658 0.0038045 0.0023595 -0.0011741 -0.00085186 0.0027313 0.0025699 -0.02153 0.001291 0.030142 0.0042927 0.05059 -0.014183 0.061496 0.035615 0.0044062 -0.0040631 0.0044062 0.0044491
0.00016749 6.7675e-05 0.0011536 0.00097924 0.05145 -0.006926 0.078798 0.012053 0.00044961 -0.00025567 0.00044961 0.00025567 0 0 0 0 -0.02403 -0.0087166 0.030613 0.011883 0.40427 0.094439 0.50084 0.22201 0.0042669 0.00024592 0.0042669 0.0016547 0 0 0 0 -0.0055557 0.0092325 0.015714 0.012069 0.36694 -0.093063 0.55118 0.24689 0.012989 -0.001566 0.012989 0.0025376 0 0 0 0 0.00079622 -0.00024298 0.001217 0.0029459 0.047575 0.0059434 0.07272 0.01337 0.0014216 0.00016629 0.0014216 0.00052163 0 0 0 0
0.00055532 0.00073701 0.00055745 0.00079629 0.00091072 -0.0035821 0.0074778 0.0055185 0.014552 0.018281 0.015881 0.019737 0.0036826 0.0050705 0.0036893 0.0051174 0.0031157 0.00027332 0.0072292 0.0060101 -0.024006 -0.13203 0.22859 0.14585 0.39767 0.0048422 0.39786 0.2004 0.00029378 5.2867e-05 0.00055425 0.00084562 -0.029481 0.0027184 0.056993 0.058004 -0.005192 -0.031689 0.24885 0.070884 0.47371 0.083995 0.47371 0.090651 0.0010283 0.00031453 0.0010283 0.00094002 -0.0035455 -0.0041795 0.003616 0.0043523 0.060206 0.026384 0.063786 0.029664 0.025196 0.010438 0.025196 0.011328 0 0 0 0
0.00035705 -0.001332 0.0016739 0.0018463 0.028769 -0.030264 0.029935 0.036585 0.021284 0.012177 0.036916 0.030766 -0.0049618 0.0051441 0.011405 0.0088957 0.0033247 0.0066341 0.021435 0.027992 0.22673 0.16716 0.25821 0.18894 0.076628 0.014986 0.46037 0.33428 -0.012973 -0.0058399 0.080354 0.05213 0.0093597 0.024501 0.021244 0.043284 0.16185 -0.02899 0.18621 0.097984 -0.15355 -0.18729 0.3785 0.26778 0.0068162 -0.030875 0.024501 0.044157 -0.0037058 0.019848 0.0037058 0.019848 -0.032578 0.19446 0.036638 0.19446 -0.01278 0.1399 0.022657 0.1399 0.0020193 0.015727 0.0029706 0.015727
-0.0070489 -0.015943 0.0070559 0.015943 0.0085586 -0.055299 0.035323 0.1079 -0.030417 -0.020611 0.030417 0.0512 -0.0016877 -0.00021321 0.0016877 0.0040639 -0.034815 0.0071978 0.044645 0.033129 0.30858 0.039246 0.40844 0.16987 -0.18684 0.12 0.18684 0.13273 -0.012595 0.0078979 0.013666 0.014762 0.00099352 0.036862 0.020382 0.051572 -0.045695 0.080981 0.41166 0.33622 -0.13937 -0.19893 0.26867 0.25638 0.0014974 -0.029265 0.011016 0.039011 -0.0083918 0.002172 0.011386 0.0096755 -0.0075935 0.029406 0.25273 0.10106 -0.037832 0.039156 0.041992 0.063317 0.00059236 0.0077162 0.004069 0.0088305
0.0010634 0.0010368 0.0010774 0.0010667 -0.0024925 0.0015851 0.0050987 0.0040441 0.002866 -0.002053 0.0043805 0.0057711 0.0031554 0.0043077 0.0031821 0.0044125 0.00012945 -0.0019181 0.0035271 0.0045312 -0.12036 -0.10279 0.13459 0.13164 0.33332 -0.022728 0.37117 0.18586 0.0096372 0.012293 0.0096665 0.01439 -0.0047881 0.015479 0.03655 0.061863 -0.21943 -0.081066 0.24958 0.15185 0.48816 0.10166 0.48816 0.11116 0.0021624 0.00095135 0.0021624 0.0031476 -0.0035427 -0.0058593 0.0039839 0.0062874 0.024186 0.012791 0.030044 0.019058 0.056255 0.027544 0.056356 0.028289 0 0 0 0
0.0040294 -0.00088088 0.0045517 0.0016716 -0.02559 0.0073239 0.044498 0.01981 0.058448 -0.021341 0.058448 0.021537 0 0 0 0 -0.0017628 -0.0099609 0.022166 0.011846 -0.10336 0.052632 0.2928 0.14529 0.37177 -0.0029212 0.37177 0.037305 0 0 0 0 0.00928 0.0082383 0.014361 0.010718 -0.19694 0.055565 0.50463 0.075716 0.36585 -0.010808 0.37662 0.057069 0 0 0 0 0.00070116 0.0001075 0.001561 0.00038915 -0.020653 -0.014103 0.041816 0.030547 0.042377 -0.011419 0.054982 0.014646 0.00045309 -0.00033616 0.00049334 0.00033616
0.0027759 -0.0011099 0.0028229 0.0011312 -0.023859 -0.011763 0.042614 0.02463 0.0095208 -0.022829 0.079323 0.045532 -0.00092546 0.00014558 0.0044931 0.0011754 0.018089 -0.013356 0.019796 0.013422 -0.033521 -0.065162 0.23087 0.10436 0.24041 0.16056 0.60367 0.24802 -0.05037 0.021426 0.054918 0.022696 0.01756 -0.011118 0.025861 0.014147 0.074423 0.069782 0.17895 0.10866 0.36816 -0.016439 0.39457 0.13867 -0.12167 0.033856 0.12167 0.037454 -0.0014264 0.0013257 0.0019835 0.0017712 0.028779 0.00022001 0.028932 0.0083885 0.0029688 -0.014306 0.013369 0.016057 -0.0024719 -0.012429 0.0050988 0.01344
-0.0034769 0.0015618 0.004061 0.0032056 -0.0032795 0.010083 0.010896 0.013261 0.05274 0.0096589 0.061344 0.01721 0.0004903 0.00018683 0.00050603 0.00019769 -0.003164 0.0086776 0.0039888 0.013604 -0.10687 0.020109 0.10955 0.085517 0.394 0.024316 0.49164 0.11667 0.0026998 -0.00050172 0.0026998 0.0012717 0.0020673 0.001441 0.0029733 0.0044757 -0.17561 0.090157 0.20086 0.11826 0.39998 -0.053171 0.5109 0.1619 0.00087061 0.001359 0.00087061 0.001359 0.00032349 9.5773e-06 0.00033418 0.0004596 -0.017679 0.0092858 0.018023 0.012247 0.032563 0.0048728 0.066028 0.017994 0.00042943 -0.00017815 0.00042943 0.00018041
-0.003087 0.0002942 0.003087 0.0029536 0.037835 -0.011139 0.039467 0.022676 0.053217 -0.028476 0.053217 0.028493 5.426e-05 1.4581e-05 5.426e-05 5.426e-05 -0.025727 0.0025789 0.027322 0.01594 0.10758 -0.040715 0.17661 0.17803 0.43365 -0.014913 0.45111 0.058339 -9.6621e-05 3.2925e-05 0.00035956 0.00035956 -0.015258 -0.025052 0.017498 0.027335 0.162 -0.02261 0.18553 0.099665 0.46142 0.039096 0.46142 0.049558 0 0 0 0 -0.0030434 0.0086577 0.0030565 0.0096305 0.023561 0.012672 0.040583 0.021478 0.068721 0.020086 0.068721 0.020205 0 0 0 0
-0.00077748 -3.1703e-05 0.0017451 0.0027449 -0.0069496 0.0078771 0.014113 0.015705 0.063108 0.013424 0.063108 0.013947 0 0 0 0 0.0016816 -0.011197 0.0059786 0.011776 -0.028592 -0.065445 0.043633 0.065445 0.46457 -0.05883 0.46457 0.05883 0 0 0 0 0.00057504 -0.0031179 0.005556 0.0056145 -0.014688 -0.043935 0.089364 0.051403 0.5083 0.043815 0.5083 0.044156 0 0 0 0 -0.00055057 -0.0017852 0.0012066 0.0020627 0.03498 0.0069599 0.038731 0.010962 0.046544 0.010646 0.046544 0.010646 0 0 0 0
0.00029802 0.00031792 0.0005893 0.00071331 0.059816 0.005664 0.093299 0.019349 0.0005747 0.00054362 0.0005747 0.00054362 0 0 0 0 -0.0015581 0.00065292 0.0086975 0.0081299 0.38583 0.010283 0.56016 0.068021 0.0018873 -0.00099789 0.0018873 0.00099789 0 0 0 0 -0.014488 -0.012268 0.018062 0.015226 0.42211 0.0038213 0.54676 0.17893 0.0031767 0.00078734 0.0031767 0.00078734 0 0 0 0 -0.0043669 0.0045389 0.0051833 0.0047646 0.057946 -0.016092 0.068313 0.036286 0.0005859 -8.2702e-05 0.0005859 8.2702e-05 0 0 0 0
0.0014494 -0.0011357 0.0017467 0.001521 0.027414 -0.0004784 0.035806 0.022938 0.0057523 0.0092582 0.01672 0.022421 0.0026347 0.011031 0.004154 0.011163 0.018871 0.035104 0.032119 0.038636 -0.014112 0.015151 0.22584 0.13067 0.21525 -0.2014 0.52557 0.43752 0.026866 0.0087117 0.13509 0.15456 0.020266 0.00047937 0.020266 0.010567 -0.13551 0.18171 0.27354 0.22011 0.035334 0.082304 0.29274 0.1662 0.068102 -0.015817 0.10782 0.070872 0.0022919 0.00013762 0.0022919 0.00050583 -0.032879 -0.026926 0.043675 0.026926 0.02333 -0.021807 0.041036 0.023007 0.0012058 -0.0008544 0.0018862 0.0023192
-0.0034989 0.00040052 0.0037203 0.0032794 0.0011801 -0.0018465 0.0093052 0.0053613 0.049514 0.0081374 0.049514 0.015235 7.4449e-05 4.4517e-05 7.4449e-05 5.0286e-05 -0.025545 -0.0031399 0.025545 0.015339 0.14795 -0.006444 0.21139 0.07723 0.23338 -0.085369 0.41625 0.24689 0.00056016 -0.00033209 0.00056016 0.00033209 0.007108 -0.010193 0.02638 0.045511 0.089146 0.043393 0.27034 0.18354 0.15537 0.0069298 0.63084 0.25481 0.00099628 0.00031208 0.00099628 0.00031208 -0.0013513 -3.2293e-05 0.0022353 0.0018881 0.036496 0.0001401 0.048287 0.021845 0.018739 0.00045445 0.10695 0.044565 0 0 0 0
0.0014985 -0.00091044 0.0016288 0.0016124 0.022986 -0.0054616 0.036063 0.025777 0.0054959 0.0042636 0.018177 0.015296 0.00051152 0.0020248 0.00097163 0.0022846 0.013224 0.033132 0.02655 0.035819 0.0063854 0.0070421 0.20223 0.13662 0.21937 -0.15313 0.55816 0.45994 0.012102 -0.0032516 0.08503 0.13272 0.017967 0.0018944 0.019118 0.011528 -0.15928 0.16209 0.28352 0.2007 0.061224 0.051018 0.2699 0.17432 0.072796 0.0071165 0.1149 0.081191 0.0023992 0.00016271 0.0023992 0.00040498 -0.031583 -0.026931 0.039298 0.026931 0.027559 -0.014588 0.033535 0.017557 0.00049286 0.00023609 0.0015193 0.001919
0.00072343 -0.0057195 0.011849 0.0092806 -0.037408 -0.013164 0.038547 0.05362 0.018196 -0.0035557 0.029675 0.016598 0.013269 -0.0015198 0.013269 0.0041074 -0.0028616 0.003701 0.02881 0.020952 -0.22405 -0.091688 0.22405 0.14095 0.15372 -0.010343 0.27519 0.11619 0.11744 -0.043897 0.11744 0.068348 -0.0043661 -0.0031176 0.040522 0.028153 -0.24024 0.033529 0.36925 0.42454 0.26177 -0.0019 0.40248 0.20782 -0.024421 -0.0058726 0.20747 0.058263 -0.0041791 -0.0028077 0.0044561 0.0029394 -0.014486 -0.016626 0.032836 0.02543 0.030539 0.024188 0.094329 0.049734 0.018065 0.0048209 0.024585 0.0075022
-0.00053843 0.0011232 0.0010013 0.0022711 0.041218 -0.00059363 0.041631 0.02194 0.048287 -0.022574 0.049942 0.02523 0.00017868 5.6084e-05 0.00017868 0.00013224 -0.012259 0.00082561 0.015477 0.011023 0.1329 -0.046554 0.22565 0.19291 0.41625 -0.01619 0.48047 0.055468 0.00032654 0.00012951 0.00060573 0.00032301 -0.008139 -0.013094 0.012763 0.027484 0.15641 -0.018446 0.18591 0.10894 0.4399 -0.0076857 0.4399 0.052463 0.00063289 -0.0002305 0.00063289 0.00029718 -0.00032532 -0.00031371 0.0020698 0.0040318 0.027993 -0.0052878 0.028791 0.0079905 0.070021 0.010756 0.07118 0.011335 0.00022047 3.2143e-05 0.00022047 3.2143e-05
-0.0024903 7.2382e-05 0.003059 0.0032037 0.069523 -0.043552 0.070876 0.043877 0.00037758 -3.3114e-05 0.00037758 3.3114e-05 0 0 0 0 0.0016193 0.015945 0.012991 0.018481 0.43503 0.12552 0.56149 0.12996 0.0024418 0.00055911 0.0024418 0.0015966 0 0 0 0 0.012275 -0.00098695 0.012275 0.0044617 0.36216 -0.04059 0.54634 0.086983 0.00075327 -0.00075327 0.00075327 0.00075327 0 0 0 0 0.0028987 3.6789e-05 0.0028987 0.00086873 0.043704 -0.016232 0.079279 0.022682 0.0087695 -0.0029497 0.0087695 0.0035093 0 0 0 0
-0.015628 -0.012382 0.015628 0.012382 0.066576 0.021453 0.088325 0.03375 0.02389 0.059054 0.032024 0.061211 0.00022634 0.0002174 0.00022634 0.00022625 -0.033116 0.0096205 0.033156 0.033151 0.3192 0.0091416 0.35585 0.17814 0.32786 -0.13278 0.32849 0.13523 0.00019196 -8.2423e-05 0.00019196 0.00019196 -0.022417 -0.01715 0.023143 0.018166 0.19639 0.036758 0.20397 0.20512 0.38781 0.10218 0.39168 0.10312 0.00013719 0.00013719 0.00013719 0.00013719 0.0011212 -0.0017366 0.0033347 0.0038052 0.068689 0.019902 0.068689 0.020341 0.02147 0.0087336 0.02147 0.0087735 0 0 0 0
-0.0075752 -0.011743 0.0075752 0.011743 -0.010023 -0.010241 0.049966 0.022166 0.056987 0.093239 0.07313 0.096388 0.0014902 0.0019697 0.0014902 0.0019738 -0.033757 0.003311 0.033757 0.033483 0.15845 0.037182 0.21552 0.12252 0.45389 -0.12153 0.45389 0.14964 0.00035969 0.00035969 0.00035969 0.00035969 -0.022004 -0.015025 0.02275 0.015858 0.10961 0.082525 0.13749 0.20043 0.39582 0.074376 0.39619 0.14856 0.00061616 -7.3328e-05 0.00061616 0.00057676 0.00045454 -0.0017065 0.0024877 0.0021505 0.037609 0.019461 0.037609 0.021769 0.047829 0.013334 0.047991 0.013437 5.1169e-05 -1.375e-05 5.1169e-05 5.1169e-05
-0.0009643 0.00045755 0.0011624 0.0013739 0.061277 0.014428 0.083907 0.016706 0.001064 4.2717e-05 0.001064 0.00030936 0 0 0 0 -0.0093391 -0.0039323 0.0095767 0.0082435 0.40696 -0.0094474 0.57826 0.10526 0.0075594 -0.0020132 0.0075594 0.0020132 0 0 0 0 -0.012755 -0.0028341 0.012755 0.010187 0.42258 0.014471 0.52226 0.12476 0.0082336 0.0018062 0.0082336 0.0033692 0 0 0 0 0.0059171 -0.0029242 0.0086007 0.0085361 0.051876 0.027042 0.068561 0.033954 0.00090663 -4.9843e-06 0.00090663 3.6853e-05 0 0 0 0
0.0016989 0.001009 0.0017494 0.0013853 0.059267 0.033182 0.089155 0.035001 0.0048339 0.0026898 0.0048339 0.0027039 0 0 0 0 0.013211 0.0051765 0.014179 0.0069428 0.38408 0.021494 0.55314 0.062901 0.0004797 -0.0004797 0.0004797 0.0004797 0 0 0 0 -0.0018529 -0.0048467 0.021604 0.01412 0.40571 -0.0097092 0.55917 0.20164 0.001397 0.00043761 0.001397 0.00043761 0 0 0 0 0.0016311 -4.2438e-05 0.0016311 0.00071912 0.055359 -0.003833 0.071834 0.028628 0.00018596 -6.2043e-05 0.00018596 7.7439e-05 0 0 0 0
-0.0068897 -0.014957 0.0068897 0.01727 -0.00067676 -0.04248 0.014676 0.081972 0.067689 -0.064661 0.076342 0.072195 3.7548e-05 -3.7548e-05 3.7548e-05 3.7548e-05 -0.016607 0.01371 0.021558 0.037788 0.19943 0.053331 0.28032 0.12854 0.25234 0.14593 0.53669 0.21493 0.00088698 0.0001533 0.00088698 0.00059651 -0.01528 0.0085524 0.023171 0.019187 0.19852 -0.016257 0.31924 0.086005 0.20229 -0.027432 0.44933 0.10686 0.010959 -0.0070348 0.010959 0.0071033 -0.0013921 0.0016678 0.010493 0.0047984 0.014443 0.00029933 0.048796 0.03037 0.0085569 -0.010794 0.034309 0.020182 0.017213 -0.0025193 0.017213 0.0026831
-0.00045725 -2.7166e-05 0.00058407 0.00092611 -0.006836 -0.0014651 0.0094943 0.0062787 -0.0046771 0.0024896 0.022128 0.011921 0.00026508 -0.00023469 0.0016386 0.00072676 1.7691e-05 -0.00047668 0.015288 0.015453 -0.14889 0.037807 0.44373 0.14214 0.10575 0.029322 0.41149 0.24942 -0.0061122 0.002484 0.012002 0.0078478 -0.019835 -0.00022158 0.020423 0.0054822 0.080955 -0.021834 0.60448 0.14492 -0.090396 0.0026054 0.30413 0.13153 -0.0025076 0.0020701 0.0062042 0.0046734 -0.001352 -0.00058954 0.0015942 0.00075527 0.0020242 -0.019809 0.028142 0.022707 0.0022821 -0.0051955 0.0079923 0.0060171 0.00027339 -0.00022347 0.00042532 0.00023213
0.00040455 -0.0037882 0.0032798 0.0038862 0.054434 -0.033475 0.054735 0.034087 0.00089149 -0.00039908 0.00089149 0.00039908 0 0 0 0 -0.0076407 0.00696 0.011742 0.010224 0.49637 0.073926 0.50192 0.20811 0.011468 0.0056401 0.012013 0.016878 0 0 0 0 0.020331 0.0066715 0.024829 0.013454 0.42374 -0.088534 0.4814 0.11384 0.0096844 -0.0017467 0.0096844 0.0063537 0 0 0 0 -0.0013414 0.00052186 0.0020343 0.0014616 0.069373 0.0074549 0.070187 0.016917 0.0020054 -0.00037855 0.0025502 0.0010076 0 0 0 0
-0.00021829 -0.0018369 0.0010913 0.0025774 0.00019987 -0.0014114 0.0080533 0.0053231 0.073755 -0.012513 0.073755 0.012513 0 0 0 0 0.00792 0.016734 0.011348 0.016976 -0.074253 0.042178 0.084118 0.042178 0.49312 -0.047687 0.49312 0.047857 0 0 0 0 0.0028055 -0.0069739 0.014018 0.011431 -0.082024 -0.01513 0.11961 0.054884 0.46993 0.053753 0.46993 0.056263 0 0 0 0 -2.9761e-05 0.00044437 0.0012586 0.0016082 0.020344 0.035185 0.022006 0.035185 0.045271 0.022802 0.045271 0.022802 0 0 0 0
-0.0052607 5.0494e-05 0.0055537 0.0033778 0.0099703 0.014681 0.039652 0.015832 0.071532 0.017806 0.072218 0.02314 0 0 0 0 -0.045979 0.0013679 0.056342 0.018733 0.08789 0.034673 0.26053 0.11208 0.45493 0.0081428 0.45493 0.077135 0 0 0 0 -0.058425 0.023448 0.068427 0.025863 0.12485 -0.043704 0.22253 0.20024 0.40364 0.015252 0.41638 0.089782 0 0 0 0 -0.010194 0.0054646 0.010194 0.0058303 0.013989 0.039132 0.022678 0.049022 0.051691 0.013753 0.051691 0.013753 0 0 0 0
0.00062405 0.00014343 0.00093588 0.00045355 0.071529 -0.0039787 0.071843 0.013675 0.00087694 0.00037481 0.0025869 0.00094078 0 0 0 0 0.011904 0.0023159 0.013765 0.0064884 0.46466 0.052491 0.48607 0.064804 0.005189 0.0018156 0.005189 0.0028325 0 0 0 0 -0.001126 -0.0049709 0.010774 0.016853 0.48713 -0.070961 0.50137 0.1543 0.0086034 -0.0080224 0.013386 0.015952 0 0 0 0 -0.00051849 0.000589 0.0027849 0.0016516 0.070212 0.025219 0.072158 0.025333 0.0010603 0.00079212 0.0015053 0.00080628 0 0 0 0
-0.0037732 4.5325e-05 0.0037732 0.0010029 0.001303 -0.0018287 0.038112 0.014284 0.040747 -0.0080423 0.04138 0.011948 0.0015695 -0.0016637 0.014752 0.0069713 0.014011 -0.034109 0.050118 0.10533 -0.27202 -0.014288 0.51962 0.4129 0.14688 -0.12805 0.26193 0.15157 0.023703 0.017465 0.099893 0.058736 -0.018612 0.01763 0.018612 0.024705 -0.073398 -0.049496 0.13882 0.23128 0.25311 0.13961 0.30671 0.14713 0.063426 0.0092436 0.16963 0.046675 -0.0040223 -0.00072022 0.0040223 0.0028233 0.0097267 0.00095108 0.027643 0.015701 0.037319 0.0052152 0.04074 0.0080626 -0.0053056 -0.0017963 0.0071374 0.0046582
-0.0020849 0.0016288 0.0028989 0.0019832 0.020569 -0.00019701 0.023863 0.013564 0.0093869 0.001408 0.017089 0.014822 -0.0008944 -0.00035365 0.0010096 0.0011754 0.0087342 0.016919 0.021308 0.017198 -0.0010012 0.078663 0.20824 0.16905 0.15331 0.0043461 0.34231 0.65168 -0.039098 0.011078 0.047693 0.032123 0.01376 -0.0012548 0.01742 0.010007 -0.0019316 -0.078882 0.25201 0.18377 0.13097 0.046259 0.32506 0.32181 0.042876 0.045997 0.056258 0.06749 -0.0043449 0.0020364 0.005077 0.0077114 0.017018 0.013391 0.026256 0.017596 0.0068704 -0.027953 0.024164 0.028744 0.011437 -0.011139 0.011588 0.011139
-0.0023106 -0.0076827 0.003979 0.008616 -0.012812 -0.05355 0.018595 0.05355 0.0039304 0.010689 0.027809 0.037379 0.0069531 0.0070957 0.0072921 0.0076864 -0.0099871 -0.0024801 0.045699 0.03251 0.043928 0.090408 0.22642 0.21021 0.27922 0.0098077 0.28456 0.23733 -0.0082204 -0.0045293 0.027947 0.037608 0.005142 0.023033 0.058959 0.036668 0.081173 0.17918 0.20106 0.22636 0.20671 0.20891 0.45548 0.43359 0.0017237 0.042051 0.086622 0.10454 -0.019422 0.02767 0.01944 0.02767 -0.0093544 0.051624 0.058728 0.070513 -0.005022 -0.048283 0.07573 0.071096 0.0071112 -0.0055208 0.010111 0.0085343
-6.1661e-05 -6.5713e-05 6.5713e-05 6.5713e-05 -0.042888 -0.024911 0.079157 0.053473 0.062738 0.046315 0.068461 0.070021 6.3508e-05 1.8696e-05 6.3508e-05 6.3508e-05 -0.066345 -0.041525 0.076508 0.061977 0.21574 0.018782 0.42565 0.22744 0.32247 -0.045567 0.32247 0.17591 0 0 0 0 -0.013414 -0.021905 0.025617 0.030542 0.11768 -0.010095 0.21618 0.14108 0.40662 0.070694 0.40662 0.071132 0 0 0 0 -0.0038767 0.005249 0.0051421 0.0067684 0.065298 0.025007 0.075081 0.027689 0.022156 0.0091054 0.022156 0.0091054 0 0 0 0
-0.033221 -0.0015228 0.033234 0.009123 0.0074516 0.012312 0.019344 0.036915 0.046535 0.0071773 0.066698 0.018709 0.0021139 -0.0037104 0.0024512 0.0042066 -0.1091 -0.040329 0.12057 0.043639 0.15093 0.038968 0.36156 0.23242 0.085736 0.13896 0.41144 0.45944 -0.013694 -0.025148 0.017893 0.028046 -0.09737 0.011137 0.09737 0.030284 0.22634 -0.044818 0.3545 0.23271 0.076198 -0.13192 0.14379 0.15199 -0.058803 -0.0087489 0.060342 0.032084 -0.033448 0.02305 0.033458 0.023073 -0.012631 -0.0011497 0.031112 0.045781 0.019006 -0.015803 0.041891 0.058543 -0.0043822 -0.0072057 0.0049787 0.0075956
-0.0035345 0.002109 0.003703 0.0041149 0.01402 -0.010227 0.025331 0.014057 0.048705 -0.057089 0.062318 0.060434 0.00036548 -0.00043459 0.00036548 0.00043459 -0.022478 0.0029044 0.026549 0.0092651 0.0060665 0.1441 0.27402 0.2357 0.011731 -0.045401 0.40489 0.29881 0.1599 -0.018703 0.1599 0.023076 -0.019089 0.00039791 0.025833 0.012143 -0.097481 -0.16889 0.20259 0.22048 0.12232 0.034627 0.54469 0.16917 0.15987 -0.016949 0.15987 0.026194 -0.0041658 -0.0013264 0.004292 0.0020607 0.00088335 0.0002867 0.026326 0.017367 0.0050941 -0.00050821 0.038519 0.011565 0.012509 -0.0018517 0.013763 0.0036697
-0.0012192 0.0022866 0.002251 0.0038238 0.068646 -2.2181e-05 0.069259 0.0052039 0.00082648 0.00056757 0.00082648 0.0006463 0 0 0 0 -0.028266 -0.013173 0.033461 0.018997 0.47582 0.047358 0.48546 0.092417 0.0031518 -0.00099302 0.0031518 0.00099302 0 0 0 0 -0.0052935 -0.0076862 0.0097037 0.011431 0.48337 -0.033429 0.50593 0.11918 0.014019 -0.0033829 0.014019 0.0033829 0 0 0 0 -0.00021155 -0.00031095 0.0014832 0.0028347 0.063586 0.025317 0.063586 0.026354 0.0015435 0.00080171 0.0015435 0.00094596 0 0 0 0
-0.0044366 -0.001941 0.0066947 0.0055976 0.050764 -0.0014797 0.06327 0.021825 -0.017417 -0.0076825 0.020505 0.01031 0.0011169 -0.0029556 0.0013923 0.0029556 -0.027126 -0.016532 0.029472 0.039777 0.41718 0.07236 0.44439 0.14823 -0.20464 0.061903 0.21719 0.14114 0.0041498 -0.0022699 0.011822 0.011942 -0.0011345 0.0077774 0.01913 0.021174 0.14428 -0.14419 0.27265 0.23951 0.040928 -0.26752 0.20875 0.42437 -0.013906 -0.018612 0.025751 0.028404 -0.0014168 0.0024406 0.0018948 0.0036289 0.0091323 0.00030679 0.028061 0.03302 -0.009194 0.021017 0.014838 0.027795 0.0025474 0.0016864 0.0029983 0.0017934
0.00038657 0.0089072 0.0041427 0.010178 0.0020354 -0.00091636 0.015014 0.014295 0.050397 -0.019249 0.082089 0.037797 -0.0017079 -0.00036668 0.002362 0.002737 -0.04606 -0.010109 0.052789 0.013401 0.16392 0.12146 0.26571 0.28739 -0.062223 0.19735 0.24617 0.53492 0.083966 -0.0015647 0.09342 0.045429 -0.021801 -0.0058909 0.027867 0.019958 0.29824 -0.099434 0.45163 0.17738 0.031226 -0.040513 0.16948 0.062825 -0.0058841 -0.0056136 0.011814 0.010166 -0.0021275 0.0006444 0.0025585 0.0016959 0.010564 0.00099446 0.013446 0.025346 0.016178 -0.028318 0.044603 0.072619 0.0011716 -0.0025985 0.0030493 0.004351
-0.0036104 -0.019271 0.011375 0.022506 -0.0047204 -0.067328 0.042547 0.072547 0.037443 0.034073 0.0506 0.055181 0.00013853 0.0015456 0.0011411 0.0022692 -0.0081342 0.0014934 0.023672 0.029447 0.34715 0.1007 0.38772 0.18895 0.14081 0.056859 0.26963 0.16915 -0.0019614 -0.011426 0.0078281 0.012446 0.036243 0.017661 0.053175 0.04634 0.23965 0.034004 0.48854 0.40142 0.053491 -0.095796 0.18596 0.12231 -0.0044194 -0.027011 0.0095735 0.031739 0.0067957 -0.0022491 0.0085239 0.004233 0.0072989 -0.0061525 0.011437 0.0088362 -0.02401 -0.05147 0.033727 0.053135 -0.0023602 -0.009979 0.0029226 0.010033
-0.00025038 9.9631e-05 0.00042511 0.0006038 0.066883 -0.014731 0.066919 0.01709 0.0069116 -0.0021695 0.0069673 0.0023461 0 0 0 0 -0.0035861 0.00041183 0.014201 0.010718 0.47828 0.042794 0.49836 0.050188 0.033106 0.0093585 0.033106 0.011127 0 0 0 0 0.0013801 0.002155 0.0062283 0.0070365 0.46317 -0.072531 0.49949 0.13161 0.050227 -0.010854 0.050227 0.025172 0 0 0 0 0.00052987 0.00085748 0.0014692 0.0025381 0.064514 0.047431 0.07029 0.048755 0.0019928 0.00060976 0.0019928 0.0007872 0 0 0 0
0.0033557 -0.00063517 0.0037236 0.002525 0.009509 0.022915 0.011705 0.028597 0.0024589 0.010834 0.016337 0.02957 -0.0031002 -0.0023802 0.0063117 0.0049328 0.0073526 0.024283 0.016557 0.027795 0.14208 0.030796 0.20153 0.2094 -0.1033 0.0059334 0.27896 0.35103 0.03393 0.0095477 0.048648 0.044716 0.0084515 -0.0012776 0.026852 0.021691 0.17654 -0.014468 0.30949 0.27848 0.10774 0.25949 0.33267 0.50352 0.02029 0.063721 0.020319 0.063721 -0.0057056 0.0055464 0.005826 0.0082271 0.019269 -0.0063407 0.028152 0.029832 0.02933 -0.061973 0.056402 0.064637 0.0022383 -0.0029695 0.0022383 0.0029695
-8.8195e-05 -0.003546 0.0019232 0.0057062 0.025885 -0.058833 0.029899 0.076642 0.048397 -0.068819 0.048397 0.068819 0 0 0 0 -0.020634 -0.00031718 0.02107 0.020682 0.13854 -0.0098568 0.16827 0.078732 0.41712 0.021869 0.41848 0.12735 0.00033214 5.1734e-05 0.00033214 0.00016647 -0.022387 -0.006309 0.022387 0.014168 0.16542 0.010343 0.18946 0.091087 0.42451 -0.069239 0.47851 0.19729 0 0 0 0 -0.0038252 0.0027044 0.0049314 0.0054605 0.026818 -0.0059038 0.038542 0.013781 0.031799 -0.0042843 0.14599 0.057732 0 0 0 0
-0.0073075 -0.0067247 0.0073075 0.0072809 -0.0038685 0.0083829 0.017314 0.014828 0.087963 0.026361 0.09306 0.034403 0.0022223 0.0028797 0.0022223 0.0028797 -0.019263 0.014913 0.019263 0.022992 0.018874 0.046436 0.084691 0.11215 0.48496 -0.1236 0.48496 0.23122 0.0022342 -0.00057365 0.0022342 0.00085195 -0.018369 -0.0089171 0.018616 0.015008 0.030502 0.075971 0.088034 0.15216 0.37995 0.097067 0.40788 0.221 0.0027501 0.00052323 0.0032128 0.0017886 -0.00015492 -0.0043437 0.0018767 0.0051396 0.016301 -0.0081049 0.017155 0.024562 0.064286 0.020872 0.064286 0.020872 2.6407e-05 2.6407e-05 6.1652e-05 6.1652e-05
0.00021839 5.3394e-05 0.00060047 0.00051788 0.066011 -0.02097 0.066011 0.021493 0.00099991 -0.00013361 0.00099991 0.00033082 0 0 0 0 0.0082467 7.6038e-05 0.020495 0.0086615 0.47714 0.037185 0.49112 0.056594 0.0063108 0.001719 0.0063108 0.001719 0 0 0 0 0.0099764 0.0015204 0.01345 0.011501 0.47625 -0.055952 0.50834 0.12753 0.0076816 -0.0039693 0.0083323 0.0076912 0 0 0 0 -0.00033604 0.001287 0.0015557 0.0024798 0.062469 0.03838 0.064317 0.038984 0.0009634 0.00044768 0.0009634 0.00044768 0 0 0 0
0.0024261 -0.00086347 0.0031335 0.0012327 -0.011168 0.011145 0.03201 0.026072 0.062014 -0.0086651 0.090049 0.038706 3.4051e-05 -3.4051e-05 3.4051e-05 3.4051e-05 0.022677 0.0012711 0.022677 0.0039308 -0.030369 -0.080791 0.070359 0.13491 0.34632 0.00546 0.52948 0.06774 0.00059155 0.00012316 0.00059155 0.00012316 0.019165 -0.013888 0.019165 0.025029 -0.051009 0.053003 0.28238 0.35778 0.3868 0.0015456 0.41605 0.034829 0 0 0 0 0.00032384 -0.00057915 0.0012402 0.0022305 0.0042084 -0.0022145 0.0097372 0.0085989 0.066159 0.0048676 0.066159 0.018551 0 0 0 0
-0.0026344 0.0047581 0.0029696 0.0059209 0.046099 0.040344 0.046882 0.056126 0.018735 0.045811 0.035911 0.049917 -0.00090456 0.02014 0.010732 0.029198 -0.0060056 0.014959 0.028859 0.028571 0.29604 0.034379 0.30741 0.094962 -0.024785 0.060493 0.27893 0.11518 0.019791 0.035581 0.04474 0.13147 -0.024717 -0.0039553 0.03564 0.024195 0.15552 -0.17647 0.18476 0.20564 0.37716 -0.16699 0.50971 0.28497 0.019226 0.038331 0.0255 0.038604 -0.0057998 0.0066829 0.0066566 0.0068921 -0.0031317 -0.0032476 0.012435 0.030166 0.10309 0.010999 0.10309 0.026111 0.00019384 9.0501e-05 0.00020087 9.0501e-05
-0.00065739 0.003308 0.0021993 0.0040567 -0.0024335 0.0041902 0.016037 0.015421 0.0095047 -0.0068978 0.018757 0.039551 0.013784 -0.02181 0.014256 0.022911 -0.026871 -0.03743 0.048528 0.050982 0.24947 0.14858 0.34426 0.22442 -0.015609 0.25389 0.1898 0.43395 -0.018294 0.017292 0.040633 0.046534 0.00088383 0.0069552 0.011656 0.02231 0.3146 0.014793 0.37679 0.33033 0.12674 0.01429 0.20123 0.14332 -0.030441 0.027641 0.037133 0.041159 0.0033942 0.0062643 0.0034886 0.0064131 0.035173 0.029833 0.035372 0.034905 -0.028523 0.01599 0.042049 0.037606 -0.0021818 -0.0079187 0.0068554 0.011975
0.0022549 0.0014896 0.0031194 0.0028601 0.0040599 0.016301 0.045738 0.035289 0.054858 -0.036527 0.068554 0.055791 0 0 0 0 0.027254 -0.00442 0.028322 0.009964 -0.00048581 -0.021006 0.08792 0.096156 0.33634 0.013552 0.54848 0.078207 0 0 0 0 0.012443 -0.0067184 0.013234 0.011332 0.0013307 -0.021797 0.28394 0.3673 0.37977 0.0013687 0.41644 0.036152 0 0 0 0 -0.00061478 -0.00057445 0.0014056 0.0024951 0.008893 0.0076675 0.011804 0.016521 0.064258 0.01453 0.064258 0.019093 0 0 0 0
-0.0054951 -0.0029689 0.0059591 0.0036794 0.0017984 -0.023212 0.025638 0.033092 0.07572 -0.030358 0.093285 0.032867 4.3357e-05 -4.3357e-05 4.3357e-05 4.3357e-05 -0.0061575 0.03383 0.014577 0.039261 0.054174 0.24398 0.15321 0.26903 0.22594 0.027563 0.50965 0.14594 0.037653 -0.009831 0.037653 0.009831 -0.0064465 0.0099281 0.010361 0.024879 -0.096275 -0.11168 0.23493 0.15267 0.19302 0.10671 0.45887 0.24251 0.051602 0.0086088 0.051602 0.0087896 -0.00075848 0.0079237 0.0044811 0.020263 -0.0070623 0.09036 0.037228 0.11013 0.082976 0.10831 0.082976 0.10831 4.3357e-05 4.3357e-05 4.3357e-05 4.3357e-05
0.00071614 -0.00062629 0.0013575 0.0023788 0.029602 0.013453 0.032959 0.05684 0.012833 0.037452 0.019097 0.063058 -0.0015619 0.0040576 0.0031019 0.0048672 -0.055811 0.022134 0.071307 0.028435 0.24718 -0.20413 0.28911 0.24827 0.19963 -0.18319 0.20626 0.31891 -0.038845 0.032031 0.059636 0.069991 -0.03252 -0.029566 0.04657 0.039304 0.036493 0.043527 0.10196 0.12768 0.46296 0.087542 0.46523 0.14151 0.011925 0.0027592 0.017597 0.020908 -0.0031 0.0074731 0.0090824 0.0078155 0.011636 0.011447 0.023592 0.022309 0.05373 0.0011138 0.05373 0.015507 0.0046537 0.0002296 0.0046817 0.00134
-0.010054 -0.023656 0.010198 0.0243 -0.0033991 -0.035943 0.032167 0.082705 0.0068067 0.0050315 0.020075 0.073054 0.001338 -0.0031175 0.0072964 0.008434 -0.0022846 0.023484 0.025482 0.024848 0.069377 -0.053215 0.37603 0.17803 0.19626 -0.041918 0.30086 0.37557 -0.014372 0.049521 0.047433 0.087078 -0.028574 -0.008183 0.035829 0.064258 0.0049086 0.034326 0.1397 0.20988 0.45516 0.069418 0.45516 0.11453 0.00054339 0.015174 0.023298 0.04062 -0.0043224 0.0030283 0.0048917 0.0057005 -0.020329 -0.00034224 0.032422 0.02438 0.063771 -0.0020159 0.063771 0.023898 0.001199 -0.00065792 0.0016423 0.0011081
-0.0020788 -0.001598 0.0020788 0.0016029 -0.028693 -0.0030659 0.031759 0.018772 0.051238 0.015622 0.057741 0.026654 0.004752 0.0013707 0.0049501 0.0016211 -0.015585 0.00085926 0.015585 0.013057 -0.13736 -0.067945 0.33723 0.17931 0.33976 -0.069602 0.34559 0.13384 0.033586 -0.013306 0.034979 0.015209 -0.0096707 0.059232 0.018408 0.069015 -0.25762 0.20516 0.25912 0.32039 0.31873 0.055199 0.35867 0.095053 0.042112 0.0029483 0.046922 0.008876 0.0088368 -0.0088039 0.0096711 0.015969 -0.1002 -0.030975 0.1027 0.034653 0.037421 -0.0088443 0.045676 0.013652 0.0020417 -0.0031394 0.00728 0.0046556
0.0031078 -0.0016482 0.0041034 0.0021295 -0.0024721 -0.011669 0.060267 0.025307 -0.035018 0.036593 0.064165 0.069455 0.0099538 -0.0077054 0.015498 0.00944 0.074474 -0.037002 0.075985 0.037791 0.17921 0.0015443 0.45862 0.25389 0.045095 0.07526 0.2177 0.1155 -0.0015949 0.027914 0.26737 0.12252 0.039853 -0.01988 0.044173 0.034587 0.19851 -0.14672 0.28453 0.22398 0.018312 -0.28919 0.17599 0.35887 0.023256 -0.04573 0.15346 0.15434 -0.0037074 -0.0022172 0.0053965 0.0034881 0.013172 -0.045315 0.056767 0.048883 -0.0002505 -0.039414 0.062851 0.047997 0.0067614 0.0040491 0.0072219 0.0090245
0.0034924 0.0037536 0.0040865 0.0039844 -0.017754 0.021488 0.067179 0.054473 0.025746 0.022787 0.029223 0.025494 0.0051019 0.0038113 0.0051019 0.0038113 -0.0067588 -0.026932 0.072412 0.056912 -0.078491 -0.040848 0.67037 0.28524 0.35696 0.063391 0.35803 0.20057 0.00041171 -0.00076469 0.00041171 0.0013906 -0.0053859 0.0029681 0.021068 0.013825 0.078618 -0.032742 0.116 0.12413 0.025902 -0.15752 0.12523 0.22395 0.014414 -0.069506 0.016209 0.069506 -0.0032544 -0.0019825 0.0048144 0.0021418 0.013968 -0.020262 0.020609 0.020752 -0.0047435 -0.025307 0.008466 0.027182 -0.00078895 -0.00015915 0.0022073 0.00073108
-0.0045332 -0.0019395 0.013085 0.0039881 0.0082423 0.0010931 0.021155 0.016167 -0.045724 -0.019984 0.075929 0.040493 -0.0088675 0.0016679 0.0089095 0.0048413 0.024267 -0.028624 0.043271 0.032764 -0.17528 -0.061417 0.24584 0.19808 0.1131 0.063841 0.49892 0.26723 -0.071761 0.02366 0.072748 0.02434 0.022843 -0.018968 0.13027 0.083049 -0.051763 -0.045762 0.27608 0.12009 0.23248 0.12629 0.48813 0.22692 -0.045555 0.025089 0.045853 0.025486 -0.018736 0.0092495 0.019637 0.011308 0.055014 -0.047431 0.077245 0.057149 0.01835 -0.0027637 0.019383 0.005544 -0.0034115 0.0010138 0.0038233 0.001263
-0.0075757 -0.017382 0.0076514 0.017394 -0.0098685 -0.20305 0.014496 0.20305 -0.021893 -0.19965 0.038658 0.19965 -0.0073106 -0.014388 0.0073106 0.016444 -0.032632 -0.046278 0.032632 0.0498 0.088248 0.033793 0.28394 0.26412 0.050607 0.11007 0.12494 0.22794 -0.010224 0.0087704 0.010236 0.009525 -0.022623 -0.01615 0.038869 0.028847 0.42379 -0.13648 0.55191 0.20846 -0.071748 0.084956 0.086488 0.085714 -0.012963 0.0048726 0.012963 0.006548 -0.0048757 0.0041396 0.0054945 0.0050358 0.046687 0.0257 0.062364 0.030343 0.011758 0.0027682 0.020316 0.014159 -0.0046126 0.0020664 0.0048002 0.0028632
0.00040623 -0.0013657 0.0019256 0.0061054 0.00087643 -4.7252e-05 0.0098531 0.0093256 0.067951 -0.0041007 0.068055 0.0061106 0.00020764 1.6594e-05 0.0002125 7.173e-05 -0.059404 0.031162 0.090177 0.042761 -0.019829 -0.0056913 0.053427 0.023025 0.46379 -0.064347 0.46379 0.13802 6.0451e-05 6.0451e-05 6.0451e-05 6.0451e-05 -0.050644 -0.042176 0.065978 0.044212 -0.015057 -0.004249 0.049707 0.040558 0.47713 0.066749 0.4852 0.16092 6.0451e-05 -6.0451e-05 6.0451e-05 6.0451e-05 0.00065581 0.00083762 0.00094496 0.0013707 0.0084916 -0.0046505 0.028306 0.0075227 0.060353 -0.013851 0.067034 0.032956 0.0003836 -0.00010492 0.0003836 0.00012807
0.00072877 -0.0015555 0.0010921 0.0015555 -0.0078058 -0.011814 0.010969 0.011814 0.0042029 -0.012631 0.0057392 0.012631 0.0005072 -0.001519 0.0006274 0.001519 0.0080852 -0.013915 0.009449 0.013915 -0.057961 -0.078154 0.11594 0.078154 0.19777 -0.031433 0.37751 0.28513 -0.041332 -0.0061353 0.044088 0.016851 0.01076 -0.0093469 0.017188 0.010619 -0.11933 -0.038962 0.15688 0.050037 0.36079 0.1628 0.66779 0.18217 -0.048499 -0.008033 0.049605 0.009413 0.0010787 0.00064014 0.0018488 0.00093844 -0.0076663 -0.0045364 0.015059 0.0068619 0.016736 -0.087208 0.033521 0.089886 0.00048057 -0.0016579 0.0019895 0.0024792
0.0033291 0.00077703 0.0050326 0.0016554 0.018662 -0.0076968 0.023013 0.013014 0.031016 -0.013802 0.088577 0.019379 5.1908e-05 1.6848e-05 5.1908e-05 2.8214e-05 0.0091747 -0.014953 0.036843 0.06725 0.11878 -0.023337 0.18338 0.10349 0.22245 0.033339 0.62559 0.25333 0.000837 -0.00052706 0.000837 0.00052706 0.0015328 0.013197 0.028788 0.014563 0.19462 0.020253 0.20022 0.16452 0.19698 0.049441 0.46761 0.19635 0.0014365 0.00042985 0.0014365 0.00042985 -0.0031199 0.0012255 0.0033544 0.0019334 0.025861 -0.040093 0.026047 0.044792 0.042647 -0.018861 0.064582 0.041308 0 0 0 0
-0.0040088 -0.0011949 0.005637 0.0042222 -0.0082886 0.0086065 0.033154 0.022212 0.04625 -0.0042623 0.04625 0.014374 -0.00018392 0.00060395 0.0072438 0.00161 0.026887 -0.0051915 0.063484 0.023047 -0.18017 0.02599 0.30086 0.099374 0.32224 -0.016429 0.32224 0.11633 -0.0099215 -0.0036604 0.030324 0.014529 0.034652 0.023668 0.14327 0.06775 -0.17376 0.028535 0.46169 0.20207 0.18593 -0.018922 0.25249 0.45304 0.00035585 -0.00061376 0.043722 0.02927 -0.0053286 0.0049979 0.024164 0.0090794 -0.045022 0.030215 0.072684 0.044178 0.033689 0.0019903 0.036283 0.010857 0.0032741 -7.5071e-05 0.003935 0.0027667
0.001025 0.0021486 0.0017403 0.0021486 -0.022539 0.0084185 0.035159 0.014829 0.033697 0.022034 0.043507 0.045833 -0.004105 0.0059982 0.0041983 0.0081884 -0.03059 0.0019809 0.039696 0.038903 0.19683 0.024778 0.24548 0.20699 0.066341 0.10496 0.19658 0.56736 -0.029072 0.047669 0.031439 0.10334 -0.062728 0.03752 0.062728 0.03752 0.10929 -0.046599 0.20286 0.12231 0.3128 -0.10692 0.42087 0.26324 -0.0087353 0.023975 0.0087353 0.023975 -0.010885 0.0042419 0.010889 0.0042633 -0.037377 0.046638 0.03816 0.0468 0.04919 -0.02106 0.074999 0.03265 0.00051515 -0.00028048 0.00051515 0.00030189
0.0014857 -0.00063326 0.0037211 0.003029 0.024318 0.0057801 0.024318 0.01068 0.02018 0.0076275 0.084797 0.0238 0.0019061 0.0010103 0.0019061 0.0010103 0.015118 0.00052809 0.029601 0.021356 0.19109 0.03973 0.19109 0.075349 0.16026 -0.00084145 0.59855 0.1171 0.00042528 -0.00053193 0.00042528 0.00053193 0.012889 0.016735 0.03717 0.046842 0.15478 -0.025271 0.17351 0.10079 0.13913 -0.026062 0.59257 0.25405 0.0026259 0.00012502 0.0026259 0.00084825 0.0014821 -0.0036476 0.0039312 0.0051292 0.02725 -0.0060287 0.02727 0.010427 0.017374 0.0025766 0.058985 0.028353 0.0012218 -0.0002398 0.0012218 0.00058773
-9.4339e-05 -0.00043192 0.0001542 0.00043192 -0.0043719 -0.058816 0.0098882 0.058816 -0.053866 -0.12628 0.053866 0.12628 -0.0060988 -0.01851 0.0061517 0.019352 -0.030745 -0.076354 0.030745 0.076354 0.05545 -0.27204 0.30892 0.50427 -0.060662 -0.061139 0.12435 0.23406 -0.013229 0.011841 0.013301 0.012245 -0.031454 -0.0024669 0.043408 0.030346 0.36189 -0.049142 0.46374 0.16867 -0.10662 0.1026 0.11184 0.10521 -0.022855 0.0021648 0.023025 0.0096146 0.0011449 0.005942 0.001679 0.0065557 0.0054239 0.027157 0.04652 0.036896 0.00054968 -0.039052 0.024593 0.042639 -0.0080985 -0.0042729 0.0084027 0.0058802
-0.0036127 0.0030278 0.0038037 0.004606 0.032788 0.015342 0.038365 0.019178 0.023266 0.031047 0.074134 0.035056 0.0018824 0.00058126 0.0018824 0.0011284 -0.044136 0.0020778 0.056147 0.013597 0.26069 0.022188 0.26313 0.092085 0.21152 0.023712 0.54004 0.073562 0.00056136 -1.7223e-05 0.00056136 0.00025879 -0.052784 0.00083055 0.078899 0.020895 0.24337 -0.0097709 0.24967 0.14019 0.16885 -0.042265 0.50741 0.22066 0.0031359 -0.00097079 0.0031359 0.00097079 -0.0062264 0.0038722 0.0095941 0.0055934 0.029193 0.0026872 0.041423 0.0099002 0.028927 0.0056039 0.057982 0.02051 0.0011752 0.00029382 0.0011752 0.00042579
