7.7019e-05 0.00020209 0.0010226 0.00058014 -0.00097969 -0.00075565 0.0065718 0.0090576 0.017013 0.026255 0.020707 0.031016 0.0047931 0.0045307 0.0048589 0.004896 0.0010891 -0.00075296 0.01153 0.0085387 0.22009 0.16621 0.24487 0.17779 0.057559 0.1628 0.49911 0.232 3.4874e-05 3.4874e-05 3.4874e-05 3.4874e-05 0.0046285 0.017153 0.0163 0.027854 0.20012 0.094642 0.3664 0.35995 0.017425 -0.0078449 0.32907 0.27191 0.0002019 -3.1448e-05 0.0002019 0.0001012 0.00078035 0.0039731 0.0025248 0.0039731 9.2099e-05 0.0010099 0.00082527 0.0010099 0.00024933 0.0027576 0.0014263 0.0027576 0 0 0 0
-0.00010734 -0.00018438 0.00085703 0.0013841 0.004432 0.0049944 0.0080352 0.0089155 0.015492 0.027246 0.046612 0.03176 0.0016281 0.0043208 0.0017099 0.0044499 0.00446 0.013862 0.0079694 0.016013 0.27036 0.099714 0.29235 0.18619 -0.1047 0.13316 0.50901 0.13566 0.0011088 0.00013404 0.0011088 0.00068963 0.019038 0.039064 0.019988 0.039064 -0.036329 0.046409 0.38166 0.35975 0.083864 -0.029682 0.34661 0.2743 0.00032673 6.1775e-05 0.00032673 0.00015865 -2.1197e-05 2.1197e-05 2.1197e-05 2.1197e-05 -0.0015281 0.0023596 0.0017287 0.0023596 0.0016643 0.0031825 0.0017612 0.0031825 0 0 0 0
0.0041834 0.0039209 0.007128 0.0039226 0.01804 0.027202 0.094419 0.063637 0.01029 -0.005459 0.01029 0.0055739 0 0 0 0 0.045942 -0.048448 0.04611 0.05064 -0.30721 -0.12712 0.38127 0.19672 0.35482 -0.08878 0.35482 0.091524 0.00077381 -4.8282e-05 0.00077381 0.0002459 -0.013452 0.055407 0.027135 0.063179 -0.0031792 0.17715 0.13205 0.47597 0.21283 0.14092 0.21283 0.14136 9.8807e-05 9.8807e-05 9.8807e-05 9.8807e-05 1.5664e-05 0.00016507 0.00010935 0.00016507 0.00049328 0.00052951 0.00082918 0.00052951 9.8807e-05 9.8807e-05 9.8807e-05 9.8807e-05 0 0 0 0
8.1479e-06 -0.00017556 0.00041323 0.00042827 -0.00080498 -0.0031973 0.002816 0.0039704 0.036184 0.01608 0.050422 0.047731 0.0004376 6.685e-05 0.0004506 0.00013667 -0.00018585 0.00051629 0.0061041 0.0065023 0.18705 0.15613 0.24513 0.20152 0.23158 0.1984 0.24675 0.20421 0.00020942 0.00019919 0.00020942 0.00019919 0.018381 0.013009 0.025073 0.016946 0.32524 0.025865 0.66599 0.27538 0.031283 -0.013692 0.031283 0.014497 0 0 0 0 0.0098478 4.5481e-05 0.01046 0.00683 -0.024587 0.017268 0.056774 0.038429 0.034326 -0.003904 0.034326 0.0043303 0 0 0 0
0.011063 0.004596 0.011327 0.0046613 0.0082976 0.024912 0.086957 0.059446 0.017019 -0.007811 0.017019 0.007811 0 0 0 0 0.039624 -0.025422 0.042712 0.040766 -0.24892 -0.19742 0.40524 0.2934 0.34877 -0.072399 0.34877 0.07975 0.00033656 2.2614e-05 0.00033656 0.00016521 0.0020465 0.053833 0.030352 0.053899 -0.031862 0.27131 0.096499 0.43792 0.16774 0.13529 0.16796 0.13529 0 0 0 0 0.0002375 0.00019015 0.00028623 0.00019015 0.00020465 0.00080113 0.00088791 0.00080113 0 0 0 0 0 0 0 0
0.0027368 0.0029076 0.0049341 0.00614 0.023837 -0.0039075 0.081909 0.03686 0.00082138 0.0001181 0.00082138 0.00034324 0 0 0 0 -0.00042521 -0.036372 0.018178 0.039997 0.16984 -0.27209 0.2494 0.3108 0.23782 -0.21182 0.23782 0.21249 0 0 0 0 -0.00046684 -0.0012436 0.0059166 0.018732 -0.017558 -0.0016791 0.11633 0.070566 0.48945 0.089714 0.48945 0.095414 0 0 0 0 -0.00042414 0.00084548 0.00048026 0.0010696 0.032309 0.005564 0.042455 0.017917 0.043619 0.018911 0.043619 0.018911 0 0 0 0
-0.00013137 1.5755e-05 0.00015235 4.3222e-05 -0.00076463 -0.00091549 0.00076463 0.00091549 -0.023405 -0.011589 0.023753 0.014317 -0.0024764 -0.00055506 0.0027506 0.0011472 -0.041087 -0.011629 0.041087 0.011909 0.039462 -0.074678 0.30454 0.42394 -0.078826 0.2334 0.080332 0.5527 -0.018902 0.038379 0.020818 0.041455 -0.043307 0.011333 0.043307 0.012295 0.20405 0.033923 0.4367 0.22231 0.030529 -0.11271 0.037155 0.1344 -0.050837 0.0070248 0.051152 0.010616 1.3401e-05 8.3857e-05 3.2199e-05 8.3857e-05 -0.037478 0.034894 0.037588 0.034894 -0.012733 -0.012478 0.034017 0.079111 -3.9417e-05 -0.010909 0.0058251 0.012158
-0.0013199 -0.004139 0.0031094 0.004139 0.01458 -0.031785 0.042526 0.055551 0.00073284 -0.00060963 0.00073284 0.00060963 0 0 0 0 0.0039536 -0.020991 0.019796 0.033666 0.13852 -0.24327 0.34313 0.31717 0.24381 -0.16915 0.24381 0.17415 0 0 0 0 0.0011745 8.3162e-05 0.0041993 0.0065937 -0.025873 0.0068147 0.060857 0.08606 0.48864 0.10266 0.48864 0.10266 0 0 0 0 -8.098e-05 -0.00026803 0.00050868 0.0014871 0.03953 0.013509 0.054822 0.016708 0.028495 0.0088667 0.028495 0.0089258 0 0 0 0
0.00023443 -0.00066152 0.00035292 0.001539 0.033593 -0.0096062 0.045917 0.024893 0.030448 -0.0048003 0.030448 0.0060424 0 0 0 0 0.00019954 -0.0014141 0.0031055 0.0039025 0.42877 0.1634 0.46376 0.19354 0.032946 0.020226 0.032946 0.020773 0 0 0 0 0.0017252 0.00083368 0.011159 0.0054327 0.28995 -0.0034103 0.45942 0.41223 0.12837 -0.068313 0.13034 0.10435 0 0 0 0 -0.00011735 -6.5851e-05 0.0016968 0.00038851 0.039809 -0.022581 0.04253 0.048973 0.00043235 -0.014916 0.077172 0.0356 0 0 0 0
-0.00052492 0.0017407 0.00058255 0.0017874 0.030008 -0.011562 0.1053 0.020471 0.002229 -0.0011884 0.002229 0.0012522 0.00017344 4.9075e-06 0.00017344 4.9075e-06 -0.059972 -0.035803 0.060152 0.03606 0.37017 0.081849 0.55971 0.16778 0.0050432 0.0011917 0.010676 0.0073218 0.0011079 -9.2573e-05 0.00123 0.00080802 -0.022029 -0.020745 0.024944 0.021614 0.21233 -0.20519 0.25669 0.22601 0.055642 -0.36957 0.072837 0.36957 0.014858 -0.044165 0.015942 0.044376 0.00032208 0.00019405 0.00046056 0.00031413 -0.00011691 0.0034693 0.0026134 0.003987 -0.0050636 -0.0012928 0.0095372 0.0025527 0.0024556 -0.0010787 0.0027729 0.0013207
0.0014419 -0.00057697 0.0018387 0.00077141 0.027216 -0.032583 0.027731 0.032985 -0.031254 -0.0049737 0.035576 0.011997 0.0066123 -0.00062448 0.0066123 0.0023406 -0.0010118 0.0023966 0.0020405 0.002832 0.19207 0.082434 0.20486 0.35362 0.099361 0.2222 0.12963 0.55325 0.01727 0.024895 0.01727 0.025024 -0.00092634 -0.0046616 0.0042461 0.0053665 0.42687 -0.094605 0.43331 0.10459 0.0046226 0.0046099 0.0065732 0.006785 0.0001962 0.00073689 0.00030194 0.00073689 0.00078043 0.0017861 0.0014279 0.0032926 0.061101 0.025215 0.061149 0.030517 0.0021853 -4.1748e-05 0.0022251 0.00088887 0 0 0 0
-0.0069724 0.0036712 0.0073852 0.005813 0.038233 0.011227 0.066343 0.017703 0.01633 0.0073951 0.016695 0.0079269 -0.0018907 -0.00039184 0.0020492 0.0015425 -0.059346 0.0065721 0.05949 0.0087147 0.32519 0.075021 0.54478 0.11163 0.0083554 0.0018295 0.01731 0.018198 -0.042422 -0.013402 0.044542 0.016453 -0.0097921 0.0035939 0.0098052 0.0038449 -0.014466 -0.095495 0.39235 0.27861 -0.0076321 -0.3575 0.076718 0.40202 0.011275 -0.00105 0.054456 0.0729 -6.5522e-05 4.1123e-05 0.00011757 0.00015316 -0.032294 0.049738 0.032353 0.049903 0.022785 0.057196 0.026277 0.060833 0.0014705 0.0013854 0.0014705 0.001407
-0.00027171 0.0020997 0.0010448 0.0025835 0.05359 -0.0033512 0.064277 0.02259 0.012242 -0.004428 0.01227 0.0059201 0 0 0 0 -0.00075473 -0.0058692 0.0031153 0.0073288 0.014246 -0.087545 0.14893 0.095762 0.41509 -0.1284 0.41539 0.12923 5.9849e-05 3.1311e-05 5.9849e-05 0.00068243 -0.0017198 -0.0042651 0.0020574 0.0044556 0.059663 0.090034 0.37856 0.26514 0.38347 0.14349 0.38347 0.14542 0.00023867 -3.7175e-05 0.00023867 0.00011962 -0.00022178 0.00021474 0.0003924 0.00049546 0.067862 0.025956 0.085727 0.031231 0.00084453 0.00039845 0.00084453 0.00039845 0 0 0 0
0.00012136 -0.00084089 0.00059795 0.0012477 0.060555 -0.012316 0.072078 0.014265 0.011756 -0.0024915 0.011756 0.0024915 0 0 0 0 0.0011405 0.0010525 0.0036174 0.0095457 -0.010949 -0.044661 0.12276 0.10541 0.44252 -0.1537 0.44252 0.15395 0 0 0 0 -0.0018585 -0.0047862 0.0039429 0.0056376 0.050525 0.020567 0.29875 0.1418 0.41771 0.15578 0.41771 0.15698 0 0 0 0 0.00014534 -4.2413e-06 0.00048634 0.00061263 0.064591 0.039416 0.070379 0.04584 0.0035996 0.002603 0.0035996 0.002603 0 0 0 0
0.0024267 -0.00038324 0.0031745 0.0019441 0.023908 0.016837 0.027536 0.039924 -0.013552 -0.0069986 0.077422 0.04016 0.00026657 -8.8284e-05 0.00026657 0.00011366 -0.00061134 0.0013046 0.0052817 0.0031537 0.24626 -0.040013 0.26283 0.4278 0.11028 0.18228 0.20617 0.36094 0.0011832 0.00013928 0.0011832 0.0004527 -0.00017454 -0.0035332 0.011406 0.0071616 0.44936 -0.068383 0.45984 0.16852 0.0069572 0.0045466 0.0085534 0.0082197 6.0677e-05 0.00027122 6.0677e-05 0.00027122 0.0032332 0.0068197 0.0035256 0.007206 0.031714 0.060798 0.031714 0.060798 0.0002013 0.00041184 0.0002013 0.00041184 0 0 0 0
-0.00039979 -3.3368e-05 0.00096609 0.00066317 -0.00049049 -0.0026211 0.019825 0.012642 0.046476 -0.060301 0.04668 0.061859 0.00055483 -0.0010783 0.0007557 0.001173 -0.0076119 0.00021934 0.0084972 0.0016727 0.18744 0.14985 0.28864 0.19503 -0.13629 0.41913 0.1776 0.45686 0.019918 -0.018951 0.030553 0.052333 -0.0040563 0.00047089 0.0047879 0.0036229 0.41693 -0.023002 0.42207 0.0458 -0.013288 0.025275 0.022594 0.027311 -0.012878 0.052985 0.01389 0.053228 -0.00042677 0.00014047 0.00054252 0.00028004 0.052752 -0.0058102 0.054456 0.012508 0.0034199 -0.021316 0.0063706 0.021388 0.00037722 -0.0012761 0.00062984 0.001411
-0.00085546 -0.00076896 0.00093942 0.00082725 -0.0057974 0.018246 0.019484 0.034178 0.061085 -0.010231 0.061085 0.014322 6.906e-05 -2.3801e-05 6.906e-05 0.00013829 -0.0029264 -0.0022217 0.0032415 0.0031637 -0.088892 -0.062503 0.19635 0.10799 0.48631 -0.031564 0.48631 0.11298 0.00014831 0.00014831 0.00014831 0.00014831 -0.0012497 -0.00061008 0.0034853 0.0030093 -0.042714 0.031156 0.076231 0.04267 0.44748 0.081598 0.44748 0.11704 3.6892e-05 -3.6892e-05 3.6892e-05 3.6892e-05 4.3281e-05 0.00014376 0.00050389 0.00073727 -0.001596 -0.0075627 0.010739 0.01001 0.052707 -0.045672 0.053739 0.046554 0.00079516 -0.001298 0.00081879 0.001298
0.00024724 0.0019567 0.00069629 0.0030525 0.060268 -0.017312 0.062218 0.029207 0 0 0 0 0 0 0 0 -0.0016208 -0.0049186 0.0028772 0.0055765 0.45379 0.10376 0.48499 0.21543 0.0039813 0.00074036 0.0039813 0.0025264 0 0 0 0 -0.0042661 0.0008845 0.011643 0.0032753 0.32472 -0.024557 0.48331 0.34771 0.092386 -0.053447 0.092386 0.053447 0 0 0 0 0.00015081 0.0016662 0.0017006 0.0027523 0.021778 0.017283 0.04315 0.06627 0.028902 0.018775 0.028902 0.018775 0 0 0 0
0.00014847 0.0012971 0.00081268 0.0015521 0.0041732 -0.013285 0.024807 0.017636 0.053281 -0.036645 0.053317 0.036751 2.2482e-05 6.9866e-06 2.2482e-05 2.2482e-05 -0.00023447 -0.005384 0.0022436 0.0054418 0.023292 -0.029029 0.096998 0.087925 0.36625 -0.020545 0.59344 0.12582 0.00019775 3.5914e-05 0.00019775 0.00019775 -0.00051467 -0.0016799 0.0054575 0.0037473 -0.019027 0.0045097 0.029728 0.028992 0.43725 0.021089 0.49094 0.15253 0.0001447 -0.00022561 0.0001447 0.00022561 -0.0008517 0.00014734 0.0017361 0.0011766 -0.0026537 0.0020899 0.0077822 0.0036716 0.032708 -0.023179 0.053576 0.081348 0.0041624 -0.0037561 0.0046906 0.005865
0.00079782 -0.0012292 0.0011275 0.0015781 0.0079761 0.0077054 0.041243 0.017105 0.065548 0.0027313 0.066667 0.0074662 0 0 0 0 0.0031405 -0.0084296 0.0065399 0.024774 -0.00041629 -0.097616 0.093703 0.19682 0.43882 -0.1526 0.43882 0.15735 -0.00014698 3.1778e-05 0.00047296 0.00023217 0.0013419 0.0018793 0.0050693 0.011387 0.029742 0.06969 0.047638 0.077207 0.46798 0.12614 0.47198 0.12874 0.00073819 -6.3566e-05 0.00073819 0.00023655 0.00033439 0.00043942 0.0011003 0.00049366 0.0014969 -0.0019338 0.0063909 0.0054119 0.069305 -0.0050975 0.069305 0.005392 0 0 0 0
-9.9109e-05 0.00054423 0.00056968 0.0011171 0.015359 -0.0041601 0.020798 0.021252 0.064908 -0.021325 0.064908 0.021816 4.999e-05 1.3433e-05 4.999e-05 4.999e-05 -0.00018674 0.0083985 0.0062152 0.011967 -0.020541 0.046185 0.084198 0.070996 0.5428 -0.099762 0.54395 0.16417 0.00081578 -0.00081578 0.00081578 0.00081578 0.0081658 0.0053411 0.0084669 0.005506 0.20877 0.099004 0.25606 0.11989 0.23572 0.20441 0.24067 0.21999 0.0019652 0.00070623 0.0019652 0.00089713 -0.0003568 -0.00088877 0.0013845 0.0013989 0.065995 0.017385 0.06965 0.02076 0.0017706 0.00043088 0.0019155 0.00099881 0 0 0 0
0.0010087 0.0015654 0.0020605 0.0017184 0.055861 -0.0298 0.057545 0.031739 0.0024984 -0.0020834 0.0026405 0.0021913 8.0126e-05 -1.7926e-05 8.0126e-05 1.7926e-05 0.0034839 0.010218 0.0045664 0.011713 0.30976 0.0075772 0.3285 0.27079 0.16168 0.031298 0.16939 0.090777 0.00011856 0.00010551 0.00011856 0.0002607 0.0022219 -0.010502 0.016179 0.014155 0.49118 -0.13873 0.59196 0.16248 0.040693 -0.016098 0.040693 0.019366 0.00016951 -7.107e-05 0.00016951 7.107e-05 0.00052008 0.00042579 0.002007 0.00059341 0.026637 0.0033817 0.045112 0.014589 0.050317 -0.0053485 0.050574 0.010842 0.00010984 -8.878e-06 0.00010984 4.7639e-05
-0.00067671 0.0016554 0.0021495 0.0038886 0.029903 -0.0028461 0.030259 0.028246 0.044584 0.0053886 0.044584 0.027576 0 0 0 0 -0.0031027 -0.00033961 0.0058493 0.006193 0.01468 -0.032283 0.14344 0.078339 0.49124 -0.12567 0.49124 0.13707 0 0 0 0 0.0011603 0.0012713 0.0026508 0.0025368 0.074091 0.12225 0.13526 0.13477 0.4125 0.1443 0.4125 0.1443 0 0 0 0 0.0015421 0.0037799 0.0016656 0.0042705 0.040169 0.050857 0.040169 0.050956 0.00068839 0.00077078 0.00076117 0.00096984 0 0 0 0
-0.00017599 0.0012306 0.00043739 0.0012306 -0.0092129 0.0078007 0.014958 0.0084499 0.073849 -0.0061953 0.073849 0.0079669 0 0 0 0 0.0017862 0.0015591 0.0026408 0.0025405 -0.12669 -0.013428 0.12815 0.022771 0.51621 -0.015107 0.52543 0.053035 0.00053172 -8.8069e-05 0.00053172 8.8069e-05 0.00056157 -4.2747e-05 0.0032604 0.017132 -0.024688 0.026681 0.053446 0.12642 0.41077 0.042023 0.41865 0.18253 0.00062102 3.3433e-05 0.00062102 0.0003111 0.00015819 0.00018626 0.00052361 0.00031531 -0.00076751 0.004362 0.0078622 0.0049865 0.063513 0.0097656 0.076518 0.011193 0 0 0 0
-6.3794e-05 0.00027857 0.00048033 0.00070189 0.03432 -0.022149 0.039363 0.024941 0.041933 -0.024003 0.042101 0.024331 0 0 0 0 -0.0015892 0.0018224 0.0023755 0.0053894 -0.022789 -0.028624 0.034821 0.077317 0.5018 -0.10556 0.5018 0.1075 0 0 0 0 -0.0032184 -0.0062085 0.0043891 0.012879 0.044081 0.030664 0.073931 0.082974 0.44637 0.12586 0.44637 0.13366 0 0 0 0 0.00046529 0.003452 0.00076078 0.0035687 0.035351 0.04209 0.038586 0.04329 0.032448 0.014366 0.032448 0.014366 0 0 0 0
0.00019963 0.00047091 0.00026208 0.00050603 -0.0070764 -0.00059504 0.017923 0.0029418 0.066157 -0.00085732 0.068393 0.0074198 2.058e-05 8.65e-06 2.058e-05 8.65e-06 -0.0013304 -0.00071728 0.0022624 0.0020344 -0.09954 -0.024391 0.12368 0.02879 0.50377 -0.00022 0.5594 0.049583 0.00094653 -0.00034862 0.00094653 0.00034862 -0.0028152 0.0011385 0.0033948 0.019636 -0.015468 0.082406 0.050055 0.13769 0.40144 -0.011315 0.41386 0.15425 0.0014934 -4.3355e-05 0.0014934 0.00021517 -0.00064573 -0.00099872 0.00080406 0.0011744 -0.0016488 -0.012906 0.011379 0.015584 0.06034 0.020001 0.062754 0.030127 0.00020139 0.00011508 0.00020139 0.00011508
-0.00013287 -8.903e-05 0.00058232 0.00035879 0.02765 -0.013397 0.032722 0.047301 0.030539 -0.06255 0.030539 0.06255 3.8009e-05 -0.00014039 6.7514e-05 0.00014039 0.0058402 0.00029901 0.015271 0.0055665 0.20106 -0.037108 0.25712 0.12386 0.056222 -0.0039138 0.22217 0.64935 0.042215 0.0056283 0.042215 0.020361 -0.0060231 -0.0005967 0.0077764 0.0036972 -0.0012162 -0.015307 0.078757 0.048207 0.40594 0.026597 0.40655 0.16981 0.00017579 0.0004921 0.00017579 0.00055361 0.00059867 0.0024573 0.0021737 0.0053456 0.03421 0.072155 0.034535 0.074963 0.017168 0.031586 0.017168 0.031586 0 0 0 0
7.4924e-05 -0.00012616 0.00041667 0.00018684 0.070278 0.003887 0.070768 0.0072837 0.003735 0.0016283 0.0042289 0.0019596 1.9345e-06 1.9345e-06 1.9345e-06 1.9345e-06 -0.0007262 0.0027577 0.003589 0.0032663 0.48638 0.067708 0.49208 0.070928 0.0079834 -0.00077866 0.009237 0.0069444 0 0 0 0 -0.0012863 -0.0016515 0.0046468 0.0050303 0.47413 -0.10575 0.48265 0.14108 0.025774 -0.00054461 0.025774 0.0081132 0 0 0 0 -0.00050794 -0.00024667 0.00061519 0.00060682 0.074399 0.00076579 0.074639 0.001992 0.0016763 -0.00018234 0.0016763 0.00019768 0 0 0 0
-4.604e-05 -0.0013887 0.00096852 0.0028068 0.019315 -0.0063157 0.029928 0.030308 0.054619 -0.024464 0.054619 0.024496 0 0 0 0 -0.0036664 0.0093841 0.0088104 0.014855 0.038631 -0.044151 0.080924 0.093365 0.43079 -0.087009 0.46606 0.092477 0 0 0 0 0.0025243 -0.0075023 0.0032092 0.0083114 -0.034336 0.030181 0.054271 0.12048 0.47782 0.051391 0.52936 0.10001 0 0 0 0 1.562e-05 -0.00027163 0.00044711 0.00058325 0.021201 0.015896 0.027497 0.03324 0.054278 0.040011 0.054498 0.040289 0 0 0 0
-0.00045267 0.00039662 0.0006408 0.0019535 -0.0017125 -0.0021454 0.0061101 0.01051 0.062249 -0.0011643 0.070529 0.0030939 0 0 0 0 0.00030356 -0.0099805 0.0030177 0.029026 0.01293 -0.094588 0.037624 0.13124 0.44748 0.0061774 0.49446 0.025206 0 0 0 0 -0.0016561 0.012637 0.0043942 0.012637 -0.037937 0.1045 0.072392 0.10891 0.48214 -0.013102 0.49248 0.038952 0 0 0 0 -0.000112 -0.00033536 0.00030468 0.00075065 -0.0099178 -0.0011441 0.011002 0.0086938 0.066443 0.0030907 0.074329 0.012016 0 0 0 0
0.00010161 -0.00037982 0.00070124 0.00062783 0.016249 -0.0064577 0.020262 0.0076225 0.058371 -0.0076745 0.058371 0.0081908 0 0 0 0 -0.00034167 0.0024629 0.0013537 0.0046469 -0.0074221 0.0015865 0.033219 0.016111 0.50246 -0.078026 0.50512 0.078943 0 0 0 0 -0.00081973 -0.0025804 0.0011809 0.0090519 0.018678 0.0057202 0.060512 0.071646 0.468 0.090809 0.468 0.091522 0 0 0 0 0.00018112 0.0004272 0.00094485 0.0018859 0.029381 0.016339 0.034119 0.019383 0.045707 0.0050663 0.045707 0.0094265 0 0 0 0
-0.00022403 -0.00044485 0.00083282 0.00083426 0.0040041 0.0022913 0.0088947 0.009786 0.064953 0.0026616 0.064953 0.010243 4.9045e-05 -1.4818e-05 4.9045e-05 1.4818e-05 0.0080006 0.0015567 0.010921 0.0051646 -0.04867 -0.015469 0.075841 0.054066 0.47241 -0.043209 0.47241 0.11202 0.00019373 0.00032616 0.00040875 0.00032616 0.0061113 0.0050648 0.011995 0.01353 -0.068821 0.060309 0.09575 0.075375 0.4885 0.018142 0.4885 0.08716 -5.2475e-05 -7.0793e-05 0.00016886 7.0793e-05 0.00051929 -0.0024347 0.00092219 0.0033963 -0.0015656 -0.025129 0.0070335 0.032531 0.060486 -0.01012 0.060602 0.03163 2.3109e-05 -1.0914e-05 0.00016344 2.9693e-05
0.0002004 7.5752e-05 0.0010809 0.0010917 0.066592 -0.0045088 0.06916 0.0075605 0.0062128 -0.0011219 0.0062128 0.001754 0 0 0 0 -0.0009594 -0.0019472 0.0045111 0.003136 0.47051 0.085621 0.47787 0.11711 0.027686 0.00029729 0.028856 0.015188 0.00030935 4.8185e-05 0.00030935 0.00015505 -0.0025945 -0.0076275 0.0063515 0.0077636 0.35956 -0.10154 0.40965 0.36599 0.15992 -0.015618 0.15992 0.109 0 0 0 0 -0.0021659 -0.0012229 0.0023252 0.0017623 0.078029 0.020027 0.07867 0.021738 0.0016287 0.0010532 0.0018477 0.0011369 0 0 0 0
-0.014601 -0.001367 0.014934 0.0020037 0.055446 0.010345 0.058808 0.024274 -0.019932 -0.00094399 0.057487 0.023982 0.0024706 0.00030506 0.002866 0.0010012 -0.060257 -0.0017387 0.060849 0.0082814 0.33419 0.050279 0.40083 0.098752 -0.1223 0.052609 0.31574 0.12327 0.0082815 -0.0021334 0.023129 0.005966 -0.040004 -0.00034732 0.043696 0.011483 0.33732 -0.055273 0.38917 0.093325 -0.16834 -0.046092 0.39606 0.30235 0.0089013 0.00392 0.016536 0.0084002 -0.0037264 0.0033576 0.0038058 0.0035364 0.027262 0.0034707 0.043978 0.0098537 0.0019315 0.0025425 0.0053715 0.0057916 0.00059863 0.00025616 0.0026073 0.00060461
2.4303e-05 0.00031768 0.0012474 0.0013421 -0.01495 -0.00062122 0.024255 0.0083772 0.048521 -0.0099418 0.051275 0.012171 -0.00063914 0.0002024 0.0010926 0.00067519 0.0057973 0.0022125 0.012025 0.0081054 -0.1414 -0.077527 0.16129 0.21372 0.26815 -0.081759 0.54758 0.13125 0.011678 -0.0011635 0.013657 0.0040821 -0.0073974 0.0055403 0.02522 0.020879 0.011745 0.15459 0.10751 0.28422 0.13382 0.094643 0.55172 0.1667 0.049342 0.042932 0.049342 0.048691 0.00029356 -0.00043101 0.0021195 0.0020415 0.011104 0.0029114 0.014363 0.011087 0.049958 0.054511 0.06842 0.060096 0.0026021 0.003547 0.0026192 0.003547
9.1247e-05 0.00080608 0.00065551 0.0016353 0.026626 -0.0095386 0.028758 0.012336 0.050692 -0.0049773 0.051036 0.0074779 0.00010876 -9.5384e-06 0.00010876 9.5384e-06 0.0015692 0.0011357 0.0035601 0.0056353 0.011351 0.017863 0.04856 0.04218 0.4774 -0.091267 0.4774 0.098036 0.00010533 -0.00042288 0.00083207 0.0005225 0.00034534 -0.0024484 0.0031708 0.0035161 0.0032082 -0.029798 0.022908 0.032762 0.49501 0.08422 0.49501 0.086667 -3.2826e-05 0.00044259 0.001111 0.00044259 -2.6579e-05 3.963e-05 0.00039155 0.00026192 0.028279 0.011386 0.029303 0.013703 0.050186 0.01216 0.050794 0.012247 0 0 0 0
0.00027167 0.0017333 0.00072378 0.00343 0.011863 0.0086806 0.019858 0.023026 0.058307 -0.032003 0.058397 0.032003 2.8257e-05 -2.8257e-05 2.8257e-05 2.8257e-05 -0.00048773 -0.0039835 0.0024071 0.0085295 -0.033613 -0.049346 0.043198 0.051679 0.40405 -0.032979 0.50103 0.20499 0.00023197 6.1869e-05 0.00023197 0.00023197 0.00087324 -0.0027998 0.0065137 0.003791 -0.014797 -0.00062636 0.03062 0.022519 0.44747 -0.0049773 0.50785 0.21365 4.4722e-05 -4.4722e-05 4.4722e-05 4.4722e-05 0.0015483 0.00059326 0.0033793 0.0010058 -0.0039323 0.0024026 0.014303 0.0053615 0.043731 0.035127 0.08093 0.094009 0.0028728 -0.0031511 0.0039944 0.0031524
0.00043863 -0.0034451 0.0025782 0.0045707 0.0078034 -0.0028683 0.011981 0.0085192 0.060149 -0.028339 0.060149 0.028339 0 0 0 0 0.0036011 -0.0034089 0.011203 0.018565 0.087126 -0.13525 0.15703 0.1914 0.4241 -0.060624 0.4241 0.081609 0 0 0 0 -0.0095173 0.0081888 0.016056 0.011235 0.05745 0.040159 0.12574 0.11584 0.48515 0.073597 0.48515 0.092528 0 0 0 0 0.0013864 -0.0011217 0.0013904 0.0012088 0.0084609 0.0085558 0.026625 0.026148 0.074829 0.020987 0.074829 0.022868 0 0 0 0
0.00038182 0.00044182 0.00096174 0.00089612 0.06616 -0.017026 0.06616 0.017947 0.0021915 -0.0003126 0.0022111 0.00056076 0 0 0 0 -0.0028526 -0.0041087 0.0051893 0.0058608 0.45056 0.033601 0.45685 0.16679 0.056602 0.0056464 0.056602 0.041126 0.00070756 -0.00011719 0.00070756 0.00011719 0.0017378 0.0080438 0.008034 0.010598 0.48802 -0.054681 0.52228 0.11037 0.0065019 0.0030382 0.0065019 0.004456 0.00070756 0.00011719 0.00070756 0.00011719 -0.00047536 -0.00034186 0.0013056 0.0016235 0.073948 0.015384 0.096089 0.018043 0.00078318 0.00026611 0.00078318 0.00035968 0 0 0 0
7.6676e-05 0.0012006 0.001052 0.0014666 0.063854 -0.011592 0.069315 0.015322 0.00096336 0.0005047 0.00096336 0.00066465 5.6018e-05 2.0173e-05 5.6018e-05 2.0173e-05 -0.0025345 0.0024614 0.0076357 0.0091656 0.44991 0.084265 0.55984 0.13873 0.0058479 0.00058732 0.0058479 0.002761 0 0 0 0 -0.0012161 -0.0065478 0.0072017 0.021555 0.4283 -0.068519 0.46167 0.19503 0.012165 -0.002327 0.012165 0.006682 0 0 0 0 0.00056765 0.00069865 0.00081841 0.00083739 0.059437 0.021715 0.059802 0.022747 0.00045534 7.0293e-05 0.00045534 7.0293e-05 0 0 0 0
0.0010124 0.00012827 0.0017638 0.00066595 0.0085087 -0.0016048 0.012736 0.0042547 0.060376 -0.0046518 0.060433 0.0089774 4.4014e-05 4.7265e-05 8.0152e-05 0.00011629 0.0063295 -0.0066861 0.010994 0.0079271 0.078847 -0.060512 0.13628 0.08404 0.3791 -0.086665 0.46626 0.2616 0.0012797 5.0209e-05 0.0012797 0.00059021 -0.00019194 -0.0044921 0.0083076 0.0067322 0.088943 -0.049508 0.22482 0.084165 0.46164 0.068645 0.46207 0.098032 0.00045328 8.3241e-05 0.00045328 0.00045328 -0.00074079 0.0011385 0.0011784 0.0032376 0.037153 0.013086 0.054363 0.020384 0.048935 0.017309 0.049264 0.019198 0.00011862 -3.5359e-05 0.00011862 6.3476e-05
0.00070526 -0.00049744 0.00087521 0.00064738 0.06682 -0.016605 0.069851 0.019025 0.0014581 -0.000777 0.0014581 0.00099491 0 0 0 0 0.001399 0.004435 0.004977 0.0074235 0.48179 0.028909 0.49572 0.13624 0.019867 -0.0015995 0.019867 0.010953 0 0 0 0 -0.0034857 0.0093045 0.0087977 0.011712 0.43103 0.080353 0.47537 0.26269 0.0228 -0.0024786 0.027205 0.01049 0 0 0 0 0.00036202 -0.00031417 0.0014232 0.0010237 0.035019 0.01344 0.035019 0.013608 0.00067123 0.0015092 0.0018693 0.0015092 0 0 0 0
0.0016559 0.00068854 0.0017818 0.0017688 0.043217 -0.014706 0.048215 0.015687 0.034694 -0.0057214 0.035204 0.0058939 0 0 0 0 0.0044771 0.0046743 0.008081 0.00888 0.051212 -0.0067044 0.064406 0.038676 0.46176 -0.1364 0.46176 0.13694 0.00015605 -0.00015605 0.00015605 0.00015605 -0.0014574 -0.0024185 0.0055335 0.0069752 0.040048 0.00047059 0.064892 0.053753 0.47915 0.13175 0.47915 0.15234 0.00066168 -0.0003496 0.00066168 0.0003496 0.0011296 0.00095769 0.0012973 0.0013804 -0.0029702 -0.0039068 0.0085626 0.010564 0.076542 -0.0018023 0.076557 0.0080403 3.0734e-05 7.8402e-05 3.0734e-05 7.8402e-05
0.00036996 0.00076457 0.00064739 0.00078699 0.01558 -0.018796 0.026201 0.021794 0.069865 -0.04659 0.069865 0.04659 0 0 0 0 -0.0072426 -0.0032396 0.0088677 0.0065744 0.070084 -0.011871 0.11639 0.064014 0.46826 -0.053125 0.50744 0.098877 0 0 0 0 -0.0012319 -0.0016126 0.010217 0.010463 0.076309 0.10735 0.084874 0.13339 0.44379 0.068692 0.45523 0.10809 0 0 0 0 0.0024054 0.002432 0.0029018 0.0026671 0.0034264 0.002285 0.0068471 0.0080564 0.062211 0.020538 0.062211 0.020538 0 0 0 0
0.0044584 -0.005696 0.0058943 0.0072052 0.001952 -0.0034628 0.011877 0.011933 0.04594 0.0066098 0.046309 0.01299 0.00035337 2.517e-05 0.00036445 0.0002501 0.0035169 0.01339 0.029005 0.029039 0.11684 -0.035317 0.18606 0.31372 0.40513 -0.014875 0.40513 0.12392 0.00084322 0.00043861 0.0015105 0.0013328 0.010078 0.0047112 0.012652 0.0064374 -0.028692 0.045115 0.094574 0.073367 0.48201 0.060065 0.48244 0.075442 0.0011859 -0.00024558 0.0011859 0.00063666 0.0013835 0.00049666 0.0022473 0.00068203 0.0067836 -0.0016174 0.010715 0.0068893 0.065794 0.018047 0.065794 0.018348 6.2934e-05 0.00012318 6.2934e-05 0.00013343
0.0020085 0.000846 0.0032622 0.0019489 0.057825 -0.013805 0.059715 0.030797 0.026499 -0.013243 0.026499 0.013243 0 0 0 0 0.011829 0.010733 0.018428 0.013382 0.040018 0.0074604 0.056891 0.051232 0.47401 -0.095256 0.47401 0.095256 0 0 0 0 0.0091332 -0.00051694 0.011321 0.0068837 0.0067655 0.0016667 0.040369 0.0641 0.48876 0.084758 0.48895 0.10797 0.00065665 -0.00013671 0.00065665 0.00013671 0.0011298 0.00078603 0.0023626 0.0014843 -0.0016481 0.0006744 0.016412 0.014783 0.073769 0.0079716 0.073888 0.0081258 3.7799e-05 3.7799e-05 3.7799e-05 3.7799e-05
-0.00016029 0.00022545 0.00038542 0.00028317 0.072958 -0.014914 0.074694 0.017255 0.0033421 -0.0014128 0.0035262 0.001707 0 0 0 0 0.00045749 -0.0049972 0.0033741 0.0096919 0.45121 0.02859 0.46298 0.12757 0.058252 0.0065775 0.058252 0.015232 0 0 0 0 -0.0027334 -0.001201 0.0048804 0.0065018 0.507 -0.037422 0.5099 0.10459 0.049823 -0.0059447 0.049823 0.028755 0 0 0 0 0.00034289 0.00179 0.0010844 0.0020383 0.067776 0.016397 0.074906 0.022587 0.0042082 0.00085281 0.0042082 0.002245 0 0 0 0
0.0018365 0.00085166 0.0025067 0.0027026 0.010098 -0.0090693 0.019709 0.02054 0.057998 -0.019851 0.057998 0.020392 0 0 0 0 -0.0070605 0.0023845 0.020792 0.018021 0.084569 -0.10136 0.11004 0.15309 0.40828 -0.082817 0.4089 0.1192 0 0 0 0 0.0035561 -0.0048323 0.010755 0.0090249 -0.0051827 0.023656 0.1151 0.084169 0.51134 0.10999 0.51134 0.11162 0 0 0 0 0.00044497 -0.00011657 0.00099024 0.0015936 0.036691 0.037112 0.050232 0.045577 0.045884 0.035565 0.045884 0.035565 0 0 0 0
-0.00012852 0.0011456 0.0008347 0.0017889 0.02392 -0.0002516 0.026416 0.014312 -0.025555 -0.0071574 0.029505 0.011111 -0.00029726 0.00017524 0.0010327 0.0031634 -0.051321 -0.026449 0.052548 0.036688 0.24777 -0.053319 0.46975 0.28581 -0.080236 0.023723 0.31507 0.16276 0.011415 0.00024584 0.01589 0.021264 -0.077039 -0.01991 0.077802 0.024805 0.36474 0.001648 0.37646 0.15501 -0.11887 -0.10134 0.34031 0.17116 0.0080222 -0.0073953 0.015825 0.011201 -0.0071037 -0.00027726 0.007133 0.0012049 0.038357 -0.00030942 0.047775 0.015681 -0.013673 -0.00021556 0.05393 0.01386 0.0014099 0.00035261 0.0026169 0.0006832
-0.0021327 -0.0025001 0.0024264 0.0026415 0.0035837 0.0015072 0.061515 0.016849 0.016128 -0.0017287 0.019676 0.010414 -0.00098939 0.00075683 0.001317 0.0011262 -0.031879 0.0040418 0.035708 0.0082127 -0.20805 0.0018138 0.50998 0.14931 0.34872 -0.0047328 0.37456 0.065176 -0.0016945 0.0039837 0.0042596 0.0072572 -0.010099 0.0080526 0.01404 0.020447 -0.18116 0.16375 0.36188 0.24091 0.22331 -0.0057588 0.28136 0.13498 -0.0037452 -0.011802 0.0058826 0.021853 0.00043638 -0.0015051 0.0018965 0.0028253 0.0059586 -0.00082695 0.051129 0.013235 -0.0055154 0.013548 0.013086 0.015435 7.2985e-05 0.001893 0.00092191 0.0025904
0.0027925 0.00020866 0.0051014 0.0037813 -0.02971 -0.0031622 0.043092 0.011855 0.034615 -0.0028652 0.035867 0.0052969 -0.00040334 0.00089526 0.00093095 0.0010039 0.016721 -0.0031035 0.030095 0.014792 -0.28993 0.0053951 0.31831 0.093792 0.31841 -0.046103 0.33287 0.055692 0.002136 0.0026305 0.0077148 0.0062222 0.035134 -0.0016111 0.05002 0.022316 -0.35558 0.061093 0.36971 0.1193 0.36448 0.077343 0.3792 0.089883 -0.0016772 0.0017551 0.005523 0.0071213 0.0033689 -0.00019148 0.010297 0.0038579 -0.018355 0.024112 0.041831 0.027791 0.021055 0.0096787 0.023393 0.024739 -0.00064561 -0.0022563 0.0008182 0.0024159
0.0015589 -0.00062664 0.0034945 0.0021679 0.036317 -0.040287 0.036734 0.040328 9.0043e-05 -1.9849e-05 0.0002105 0.0002105 0 0 0 0 -0.0068307 -0.0059424 0.0069843 0.0060334 0.41607 -0.026298 0.53723 0.16981 0.0057966 0.0011064 0.0057966 0.0053154 0 0 0 0 -0.0024102 0.0010336 0.0039954 0.002818 0.44123 0.036774 0.53721 0.090766 0.0013719 0.00021255 0.0013719 0.00054332 0 0 0 0 5.5407e-05 -7.5626e-05 0.00041698 0.0005838 0.050461 -0.034245 0.057056 0.044093 0.01001 -0.015932 0.010249 0.01633 1.7014e-05 -1.3661e-05 1.7014e-05 1.3661e-05
0.00023241 0.0011233 0.00075559 0.0015351 0.00195 0.0044791 0.0085298 0.013642 0.011372 -0.0028459 0.01731 0.010375 -0.0029894 -0.00097295 0.0040361 0.001461 -0.00018528 0.0011183 0.0051302 0.015217 -0.25196 -0.2048 0.26595 0.26374 0.22591 -0.068038 0.36649 0.14948 -0.006644 -0.0032385 0.04224 0.016136 0.0017532 -0.00035661 0.00668 0.0087702 -0.25541 -0.086131 0.29369 0.12133 0.39787 0.001152 0.42605 0.11433 -0.019793 -0.0019723 0.049503 0.019187 7.2277e-05 -6.2444e-05 0.0011457 0.00048695 -0.028442 0.0053601 0.035785 0.011266 0.052631 0.016921 0.053837 0.024775 -0.0035453 0.0013603 0.0061 0.0028067
0.00022376 0.0015468 0.00061491 0.0017388 0.061093 -0.034898 0.06654 0.041843 0.0012328 -0.0011764 0.0014097 0.0011764 0 0 0 0 0.0015779 -0.0026551 0.0073665 0.013916 0.49264 0.076671 0.49922 0.11073 0.0077142 0.0016721 0.0079941 0.0035934 0 0 0 0 0.0012442 0.0027133 0.0049265 0.0059611 0.46997 -0.054077 0.48519 0.099734 0.014981 -0.0020392 0.014981 0.0034414 0 0 0 0 0.0012986 -0.00088948 0.0018374 0.0010213 0.063428 0.015129 0.064815 0.015966 0.0028164 0.00069425 0.0028164 0.00071205 0 0 0 0
0.0016083 -0.00015173 0.0030882 0.00052796 0.061899 -0.0097712 0.064414 0.010831 0.0013186 0.00025536 0.0013186 0.0011633 0 0 0 0 0.0062506 0.0096687 0.015243 0.011966 0.44754 0.013764 0.4782 0.18623 0.016348 0.0027416 0.016348 0.01063 0 0 0 0 -0.00041453 -0.013397 0.017655 0.016231 0.49627 -0.05318 0.50477 0.10449 0.011321 -0.0022045 0.011321 0.0041196 0 0 0 0 -0.00089301 0.00022531 0.0029783 0.00049697 0.073634 -0.0031032 0.07369 0.0072775 0.0022748 -0.00019817 0.0022748 0.00042214 0 0 0 0
-0.00025112 -0.00043092 0.00032008 0.00060144 0.069926 -0.0062805 0.070589 0.0087155 0.00088966 0.00025396 0.001211 0.0005216 0 0 0 0 -0.0003436 0.00077455 0.0018877 0.0031878 0.48755 0.028829 0.49589 0.092982 0.0061917 -0.00078541 0.0081957 0.0073751 0 0 0 0 0.00054644 -0.001685 0.0022711 0.0018921 0.48976 -0.033021 0.49254 0.051664 0.0083522 -0.0014672 0.011252 0.0044322 0 0 0 0 7.6947e-05 0.0001485 0.00039244 0.00043343 0.070201 -0.0082618 0.071164 0.014119 0.0036715 -0.0015693 0.0038844 0.00232 6.4109e-06 -2.508e-06 6.4109e-06 6.4109e-06
-6.1734e-05 0.00014836 0.00049704 0.00068491 0.015252 -0.0055534 0.017112 0.010313 0.055701 -0.020374 0.055953 0.020538 0.00018647 -2.7187e-05 0.00018647 2.7187e-05 -0.0021242 -0.0016375 0.0047833 0.0033486 -0.0115 -0.024218 0.016137 0.027835 0.49193 -0.044786 0.49357 0.059936 9.7852e-05 9.7852e-05 9.7852e-05 9.7852e-05 -0.0029182 -0.001419 0.0082598 0.0030803 0.0074329 -0.0017367 0.019729 0.019226 0.49097 0.047538 0.49209 0.048658 0 0 0 0 -0.000288 0.00044125 0.00091531 0.001256 0.00072781 -0.00035922 0.0029161 0.0016764 0.071975 -0.005826 0.071975 0.011192 4.9478e-05 -1.7818e-05 4.9478e-05 1.7818e-05
-0.001708 0.0017937 0.0026938 0.0024142 0.0643 0.01238 0.065281 0.013316 0.005264 0.0016417 0.0057975 0.0017807 0 0 0 0 -0.020094 -0.0022022 0.020522 0.0026259 0.46213 0.010665 0.47761 0.013266 0.0071756 0.00050122 0.0074619 0.0023874 0 0 0 0 -0.020894 -0.00081798 0.021025 0.002609 0.4777 -0.052232 0.54788 0.073053 0.012997 -0.0033438 0.013955 0.0045441 3.958e-05 -3.958e-05 3.958e-05 3.958e-05 -0.002743 -0.00066154 0.0028054 0.00094268 0.070639 0.01422 0.071157 0.016762 0.0009237 0.00020389 0.0011081 0.00043474 2.5008e-05 2.5008e-05 2.5008e-05 2.5008e-05
-0.0015449 -2.1674e-05 0.0015484 0.0002334 0.064211 -0.0064771 0.064336 0.0080168 0.00094859 -6.6669e-05 0.00094859 0.00010823 0 0 0 0 -0.013257 -0.0035058 0.01373 0.003882 0.48503 0.0076006 0.52203 0.054245 0.0055029 -0.001525 0.0055029 0.0040451 0.00045579 -7.5492e-05 0.00045579 7.5492e-05 -0.0093419 0.0052805 0.013187 0.010581 0.47382 0.018426 0.49737 0.04803 0.0034037 -0.0024219 0.0066827 0.0029962 0.0007253 0 0.0007253 0 9.1153e-05 0.00028784 0.00044415 0.0010973 0.0248 -0.016169 0.026379 0.032317 0.030335 -0.015665 0.03037 0.026199 7.0089e-05 -3.5426e-05 7.0089e-05 4.3648e-05
0.00085104 -0.00069404 0.0013409 0.0010899 0.03501 -0.002154 0.035356 0.010329 0.0021648 -0.0012191 0.0021648 0.0013085 0 0 0 0 -0.0058617 -0.0060632 0.006452 0.0071023 0.37246 -0.075074 0.47019 0.2776 0.033813 0.0032533 0.034355 0.014767 0 0 0 0 -0.0144 -0.0057513 0.015679 0.009572 0.49985 -0.092158 0.50722 0.15232 0.010193 0.00056693 0.015382 0.011445 0 0 0 0 -0.00032488 0.00067038 0.0012923 0.0010196 0.073352 0.0077338 0.081455 0.014641 0.0020972 -0.00015684 0.0025772 0.002144 8.6962e-05 -2.5589e-05 8.6962e-05 3.4295e-05
-0.0030537 -0.00081407 0.0044416 0.0020361 0.012873 -0.0071759 0.058731 0.019474 0.022111 -0.0037432 0.03025 0.0091905 -0.00029994 0.00080181 0.001224 0.00089657 0.018981 0.0019778 0.031759 0.025883 -0.3019 0.12306 0.34877 0.17421 0.43534 -0.012425 0.45951 0.057011 -0.0013847 -0.0013663 0.0062793 0.0055797 0.022555 -0.0026996 0.055744 0.031259 -0.18949 0.16707 0.32034 0.22569 0.1952 0.029196 0.22555 0.12332 -0.0088818 -0.012245 0.0095972 0.017574 -0.0024891 -0.003258 0.0028268 0.0036401 0.010109 -0.0024619 0.031881 0.015021 -0.015706 -0.004692 0.018781 0.017104 0.00018722 0.0011007 0.00097344 0.0014169
0.00061179 5.8871e-05 0.0020924 0.0010806 0.052085 -0.0067463 0.054101 0.0072682 0.014263 -0.014103 0.014263 0.014328 0 0 0 0 0.0050029 -0.0075155 0.0095258 0.0086528 0.073444 -0.077714 0.20525 0.084223 0.43784 -0.029047 0.43784 0.1041 0 0 0 0 -0.0044079 0.010726 0.0075611 0.013584 0.051539 0.049785 0.20613 0.097778 0.48095 0.043191 0.48095 0.070936 0.00019623 -1.7969e-05 0.00019623 0.00019623 4.4007e-05 -0.00084823 0.00032497 0.00084823 -0.0011549 -0.0084684 0.012819 0.0085112 0.070679 -0.0058057 0.070679 0.0063807 1.8839e-06 -1.8839e-06 1.8839e-06 1.8839e-06
-0.00057906 0.0012805 0.00097848 0.0020108 0.018925 -0.0049407 0.024905 0.014296 -0.02593 -0.0069031 0.042144 0.015404 -0.00077161 0.00023259 0.00098932 0.0031037 -0.069042 -0.042813 0.071153 0.05053 0.25722 0.014205 0.43126 0.22941 -0.038279 0.011394 0.3852 0.1717 -0.00013809 0.0011008 0.010583 0.023373 -0.04429 -0.010675 0.05288 0.018573 0.32065 -0.028474 0.33342 0.17286 -0.15226 -0.10701 0.42204 0.15881 0.017942 -0.005072 0.024467 0.01133 -0.0029337 0.00040433 0.0058672 0.0013487 0.032084 0.0039914 0.039068 0.017381 -0.017596 0.001375 0.066362 0.011452 0.0035114 7.9305e-05 0.0040748 0.0004529
0.00045804 0.0012632 0.0013301 0.0024523 0.062987 0.0010219 0.069256 0.0097476 0.00063554 0 0.00063554 0 0 0 0 0 0.003144 -0.0065985 0.0073907 0.015866 0.48615 0.0015939 0.50195 0.17216 0.0072577 0.00023503 0.0072577 0.0041319 0 0 0 0 0.0060376 0.002532 0.010538 0.0097604 0.473 -0.024414 0.48227 0.079727 0.0090529 -0.0008411 0.0090529 0.0040807 0 0 0 0 0.0031458 -0.0016887 0.0059293 0.0022793 0.063183 0.02024 0.063183 0.023717 0.0016457 0.00011435 0.0016457 0.00011435 0 0 0 0
0.00010359 0.0027397 0.001583 0.0029243 -0.032889 0.022298 0.044631 0.032174 0.014949 0.047055 0.10246 0.065276 0.0016071 -0.0024426 0.0026142 0.0037599 -0.007628 -0.017987 0.016908 0.029114 -0.0077306 -0.0011157 0.22971 0.28195 0.14584 -0.0092083 0.56195 0.22354 -0.0053095 0.011958 0.013075 0.02767 0.0015516 0.0020167 0.028717 0.022351 0.074594 0.13414 0.24645 0.38542 0.11758 0.13655 0.29533 0.31153 0.0085998 0.024325 0.01057 0.033466 0.0066463 0.010273 0.0091932 0.013032 -0.0072724 0.015595 0.017605 0.019855 0.013847 0.00080676 0.039254 0.0094171 0.0010449 0.0031595 0.0037086 0.0058477
0.0025333 -0.00153 0.003493 0.002883 0.01065 -0.02123 0.022139 0.034174 0.061234 -0.0092139 0.061234 0.01768 0 0 0 0 0.013363 -0.00048159 0.020012 0.01023 0.029021 0.03035 0.043042 0.05033 0.49671 -0.064798 0.49671 0.083775 0 0 0 0 0.016039 -0.017089 0.035447 0.026423 0.099509 -0.037133 0.11969 0.09286 0.45317 0.077055 0.45317 0.092175 0 0 0 0 -0.0010769 -0.00013311 0.0043175 0.0022826 0.080656 0.02061 0.084932 0.040175 0.016332 0.0086918 0.016332 0.0089782 0 0 0 0
0.0018434 -0.00044742 0.002362 0.0014506 0.017571 0.0032474 0.077817 0.011835 -0.013061 -0.0021037 0.056459 0.014801 0.0051348 0.00048508 0.0059259 0.002233 0.0076431 0.00017874 0.023273 0.012655 0.16348 0.087394 0.52536 0.25783 -0.13898 0.037289 0.31711 0.31468 0.02035 0.0025752 0.03247 0.014596 -0.0063545 -0.0013449 0.018415 0.022757 0.12351 -0.082495 0.31819 0.1933 -0.1285 -0.14085 0.3403 0.27128 0.0106 -0.0009203 0.030663 0.012901 -0.00012647 -0.0016818 0.0015033 0.0033058 0.01034 -0.0057847 0.022037 0.013444 0.001283 -0.0066866 0.023894 0.015227 -0.0035825 -0.00029113 0.0052947 0.0022586
0.00044261 -0.00088296 0.0018419 0.0010031 -0.0098582 -0.0081957 0.011811 0.0086935 0.067042 -0.015626 0.0686 0.039998 0.000334 4.5651e-05 0.000334 0.00010692 0.0042011 -0.0053563 0.0057917 0.0077157 -0.059059 -0.029895 0.075444 0.044943 0.46028 -0.037336 0.49921 0.10978 0.0012346 -0.00036464 0.0015226 0.0013402 -0.0048476 0.01439 0.0065382 0.015322 -0.010508 0.086382 0.070361 0.12687 0.40286 0.03639 0.53684 0.12304 0.00099647 0.00010604 0.001892 0.0014532 0.0001358 -0.00052082 0.00021347 0.00058153 -0.0025854 -0.0051612 0.0073366 0.0052609 0.044354 -0.0098099 0.058627 0.010154 0.00043067 -0.0001301 0.00043067 0.00026529
-0.0021154 0.00016017 0.0023013 0.00060818 0.068555 -0.0051062 0.068812 0.0058591 0.0017816 1.2374e-05 0.0017816 0.00049582 0 0 0 0 -0.012546 -0.0025559 0.013907 0.019075 0.4766 0.0032939 0.4766 0.13103 0.010862 0.00063929 0.010862 0.0048516 0 0 0 0 -0.01729 0.002713 0.018435 0.0037292 0.50013 -0.019942 0.50182 0.058195 0.0078523 0.00020032 0.0078523 0.0015826 0 0 0 0 -0.00098804 0.00021395 0.0013704 0.00050558 0.072698 0.0016629 0.078767 0.0029144 0.0017338 -0.00027508 0.0017338 0.00043166 0 0 0 0
0.0018477 -6.1409e-05 0.0034094 0.00064812 -0.00067584 -0.0020478 0.0089572 0.0054051 -0.0062233 -0.0033408 0.0082613 0.0089774 -0.011054 0.0014831 0.013603 0.0027794 -0.010674 0.01321 0.027281 0.02107 -0.057686 -0.097125 0.31353 0.11857 0.049358 -0.021022 0.57281 0.31046 -0.062934 0.020601 0.072228 0.022996 0.0034418 -0.0045178 0.019976 0.015885 -0.15621 0.075507 0.24392 0.11681 0.20498 -0.016575 0.47295 0.21521 -0.073657 -0.00026612 0.075184 0.013714 0.0018322 -0.00044753 0.0018897 0.00058681 -0.018062 0.0012442 0.02362 0.0062047 0.0036129 0.0030867 0.078535 0.023244 -0.0054952 0.0028316 0.0063019 0.0055654
0.00058414 -0.0012338 0.001132 0.0019484 0.047865 -0.055238 0.05012 0.060555 0.030739 -0.034363 0.030739 0.034363 0 0 0 0 0.0012753 0.0047411 0.0036969 0.0064623 -0.03096 -0.016906 0.062534 0.048277 0.5262 -0.13242 0.5262 0.14654 0 0 0 0 0.0056982 -0.0042203 0.030527 0.027087 0.071839 0.076223 0.10471 0.10902 0.39876 0.068994 0.40389 0.11084 0 0 0 0 0.0010241 -0.0023721 0.002436 0.0034997 0.010158 0.0091149 0.012781 0.017638 0.059252 0.024131 0.061326 0.024883 0 0 0 0
0.00019003 -0.00026579 0.00096599 0.0014591 -0.072882 -0.013306 0.079771 0.014079 0.051487 0.0023037 0.087354 0.023005 0.0073815 -5.8099e-05 0.0075204 0.0018794 -0.0044299 0.0044324 0.0086377 0.0098103 -0.3591 -0.01531 0.38736 0.055105 0.28236 -0.0072894 0.55321 0.15793 0.031971 0.0086382 0.03554 0.018827 -0.0036065 -0.0061862 0.0061429 0.014579 -0.22884 0.027233 0.24283 0.13672 0.22702 0.027375 0.29766 0.059094 0.0037612 0.0025326 0.012488 0.0077909 -0.0005365 -0.00039919 0.00059176 0.0007822 -0.028479 -0.0056342 0.028479 0.0064006 0.026175 -0.00029504 0.054282 0.0063603 -0.00043697 1.9296e-05 0.0017454 0.0007154
0.00079984 0.00025075 0.0019692 0.003821 0.029561 0.007073 0.036691 0.016047 -0.037608 -0.0038589 0.042646 0.027122 0.00019766 0.001432 0.0014503 0.003912 -0.0026803 -0.0065818 0.022403 0.027405 0.27827 -0.019431 0.63139 0.1715 -0.20844 0.18694 0.33447 0.21371 -0.0045069 0.0328 0.0092524 0.041403 0.0039776 0.017714 0.040557 0.058947 0.15689 0.034302 0.21429 0.32233 -0.05829 -0.095743 0.10418 0.18514 0.0069329 -0.0060148 0.012171 0.028863 -0.0014595 0.00041221 0.0019195 0.0017933 0.011554 0.029036 0.022733 0.035417 -0.00076456 0.044177 0.02681 0.04673 -0.00043778 0.00066383 0.0017948 0.0019906
0.0051948 -0.0005006 0.0091109 0.0018025 0.012755 -0.0055222 0.018063 0.0080769 0.011797 -0.0060183 0.013082 0.0095468 0.00053891 -0.00020626 0.0007465 0.00057827 -0.0063699 -0.009566 0.049523 0.014905 0.35069 0.0020557 0.42273 0.24871 0.0059046 0.12366 0.12679 0.17764 0.0071452 0.010457 0.010354 0.021755 -0.018221 0.0011508 0.071765 0.014147 0.46384 -0.055894 0.53765 0.1377 -0.024793 -0.041607 0.088099 0.11342 0.0080684 -0.0082399 0.0099056 0.02066 -0.0086485 -0.002131 0.011199 0.002823 0.07419 0.0020628 0.083041 0.017392 -0.00069577 0.0055433 0.01051 0.011492 0.0014279 -6.2122e-07 0.001951 0.0017862
4.5932e-05 -0.00021419 0.00043345 0.00056136 -0.0057337 -0.0034011 0.016418 0.006784 0.068744 -0.0091342 0.068744 0.009759 0 0 0 0 -0.0013904 -0.0044428 0.0045787 0.026357 -0.037865 -0.026673 0.058103 0.13215 0.4585 -0.0020112 0.4585 0.097061 0 0 0 0 -0.0019296 0.0041767 0.0027847 0.0054886 -0.07675 0.024009 0.087119 0.034803 0.50505 -0.006508 0.50505 0.024681 0 0 0 0 -0.00029573 0.00094859 0.00049941 0.0011363 -0.011216 0.0050807 0.012805 0.0060765 0.070481 0.0019809 0.070481 0.0022507 1.8585e-06 -1.8585e-06 1.8585e-06 1.8585e-06
0.00080529 0.00017924 0.0010992 0.00064905 -0.0028038 0.0015178 0.0098232 0.0032936 -0.006069 0.021445 0.018437 0.027942 0.0053466 -0.0067013 0.0054225 0.0071111 0.00099117 0.0012304 0.0079487 0.0031865 0.0014551 0.01115 0.038861 0.026761 0.40706 0.084104 0.52255 0.23609 -0.030507 0.063306 0.032347 0.063751 0.0027435 -0.00098875 0.0053823 0.0036519 -0.015338 -0.0024494 0.027481 0.021236 0.4824 0.036074 0.48435 0.048172 0.0010059 -0.0012083 0.0016494 0.0021425 0.00018782 -0.00013831 0.00084876 0.00065166 -0.0011077 0.0010862 0.0049668 0.0037162 0.032026 -0.068084 0.033098 0.068216 0.0033655 -0.0085429 0.0034287 0.0086749
0.0002893 0.0025469 0.0010591 0.0044701 0.07157 0.0057764 0.074518 0.0087135 0 0 0 0 0 0 0 0 -0.0013706 0.001716 0.0042225 0.0042107 0.46471 -0.018335 0.55452 0.040574 0.0018444 -0.00090153 0.0018444 0.00090153 0 0 0 0 -0.0044763 0.00024267 0.0054216 0.017602 0.45187 0.049068 0.47767 0.15024 0.0040945 0.00056384 0.0040945 0.0013485 0 0 0 0 8.7705e-05 0.0029553 0.001488 0.0031411 0.049121 0.020707 0.051726 0.020871 0 0 0 0 0 0 0 0
4.9213e-05 -0.00029468 0.00046148 0.00061245 0.069979 -0.0025597 0.072052 0.012776 0.0012408 0.00029164 0.0012548 0.00033619 0 0 0 0 -0.0033492 -0.00095532 0.0036057 0.0025529 0.49383 0.040776 0.49851 0.046197 0.0093093 -0.00051017 0.010033 0.0032862 0 0 0 0 -0.0028775 0.002144 0.0036937 0.0023888 0.48803 -0.027906 0.49257 0.044875 0.0059863 -0.00078903 0.013309 0.0025282 0 0 0 0 -0.00060717 0.00035443 0.0010371 0.00073504 0.065833 0.018002 0.06707 0.018018 0.00073016 0.00037571 0.0010952 0.00076715 0 0 0 0
0.00062233 -4.7047e-05 0.0014376 0.0010671 -0.0059787 0.0016366 0.010163 0.0050553 0.004677 -0.0044348 0.02736 0.018103 0.0099919 -0.012844 0.010013 0.01285 0.0072049 0.002319 0.016552 0.005257 -0.016145 0.010615 0.045827 0.020533 0.35667 0.18007 0.51265 0.24235 -0.028242 0.06804 0.041537 0.08058 0.0024018 -0.00038725 0.013285 0.0046433 -0.014952 -0.0030658 0.028784 0.013855 0.48828 -0.052612 0.48935 0.12393 0.0017479 -0.0017497 0.0023635 0.0036803 0.00035971 -7.5038e-05 0.0023584 0.00044116 -0.0017981 0.0024818 0.0026767 0.0031473 0.016035 -0.023321 0.016971 0.031866 0.0048123 -0.012726 0.0053236 0.015942
0.00032748 -0.00046861 0.00047013 0.0016002 0.0021937 -0.0053381 0.01463 0.0098052 0.06675 0.0036627 0.06675 0.0058357 0 0 0 0 -0.00082774 -0.00017233 0.0033442 0.0063167 -0.0044435 0.0013013 0.12402 0.014716 0.48444 -0.00928 0.48444 0.024055 0 0 0 0 0.00098721 0.0033824 0.002667 0.0049872 -0.020224 0.014727 0.10327 0.01861 0.49114 0.016687 0.49114 0.018354 0 0 0 0 1.3428e-06 0.0007952 0.000835 0.0010417 -0.005717 0.0038565 0.011516 0.0049592 0.070939 0.00026813 0.070963 0.0018533 8.1841e-06 -2.568e-05 8.1841e-06 3.2821e-05
-0.00038667 0.0010114 0.00077696 0.0013745 0.068392 0.01465 0.069602 0.014861 0.001147 -5.5547e-05 0.001147 6.933e-05 0 0 0 0 -0.00057671 -0.00086087 0.0032942 0.0038602 0.48094 -0.024332 0.49754 0.037037 0.006811 0.0005189 0.006811 0.0005189 0 0 0 0 -0.0018771 0.0014575 0.0031957 0.0035285 0.48837 0.010124 0.5074 0.065351 0.0047992 -0.0014028 0.0090246 0.0034809 0 0 0 0 0.00029181 -0.0014898 0.00057291 0.0016689 0.060362 0.022712 0.0623 0.024059 0.00058502 0.00026777 0.00058502 0.00026777 0 0 0 0
-0.0082031 0.008059 0.014627 0.008175 0.067893 -0.0047403 0.078243 0.012273 0.0059143 -0.0014662 0.0061546 0.0031759 0 0 0 0 -0.0073432 0.0093917 0.014089 0.0099512 0.028813 0.082066 0.49529 0.13366 0.26108 -0.01834 0.26108 0.039134 0 0 0 0 0.0007233 2.5929e-05 0.0010266 0.00098214 -0.16239 0.14052 0.57206 0.18423 0.28315 0.0098886 0.28539 0.054742 0 0 0 0 -0.00049743 -0.0021949 0.0020268 0.0022552 -0.0028864 -0.022739 0.065604 0.027132 0.028352 0.00073974 0.028352 0.0024683 5.8789e-06 -7.7677e-06 5.8789e-06 7.7677e-06
