-4.5878e-05 -0.00030421 0.00037855 0.00033177 -0.00087875 -0.0011029 0.0012875 0.0013636 0.012085 0.010592 0.012938 0.011496 0.0054916 0.0057963 0.0054956 0.0058003 -0.0031209 0.0019162 0.0035404 0.0023127 0.15779 0.19497 0.16324 0.19782 0.074395 0.16066 0.44991 0.17028 0.00098914 9.4154e-05 0.00098914 0.00037585 -0.012632 0.050006 0.016514 0.050006 0.13491 0.089352 0.38575 0.32812 -0.074272 -0.032298 0.55074 0.069207 0.00085127 -2.3424e-05 0.00085127 0.00017155 0 0 0 0 -0.0028307 0.0027783 0.0028307 0.0027783 -0.0038751 0.047287 0.023359 0.047287 0 0 0 0
-0.00018533 8.388e-05 0.00051249 0.00046566 -0.029896 0.0052678 0.041722 0.014442 0.056462 -0.015482 0.056462 0.01577 0 0 0 0 0.040914 -0.038209 0.046082 0.054095 -0.3261 0.062413 0.37217 0.12395 0.40442 -0.053267 0.4046 0.057233 0 0 0 0 -0.012586 0.046425 0.012674 0.046425 -0.066067 0.20084 0.10617 0.44513 0.1552 0.19499 0.1552 0.19913 0 0 0 0 6.4568e-06 4.9363e-05 4.9363e-05 4.9363e-05 2.8022e-05 2.8022e-05 2.8022e-05 2.8022e-05 0 0 0 0 0 0 0 0
0.0026052 -0.0020245 0.0026773 0.0027063 0.057287 -0.019057 0.058383 0.020977 0 0 0 0 0 0 0 0 0.010844 -0.00010607 0.011001 0.0024986 0.22701 -0.21288 0.24827 0.22401 0.25231 -0.23626 0.25273 0.23626 0 0 0 0 0.010731 0.0003296 0.012534 0.0022538 0.0087636 0.020467 0.058076 0.033168 0.4868 0.15985 0.48719 0.17095 0 0 0 0 0.0012557 -7.9366e-06 0.0015777 0.00022075 0.0047225 -0.00061742 0.0075114 0.0030957 0.069836 -0.0099895 0.069836 0.0099895 0 0 0 0
-0.00044877 -0.00019586 0.00086731 0.00031654 0.0362 0.0071462 0.036537 0.008249 0.038289 0.0083873 0.038289 0.0084237 0 0 0 0 -0.0015828 -0.00098303 0.0029309 0.0014506 0.47361 0.12316 0.47506 0.12508 0.013261 0.0061249 0.013261 0.01332 0 0 0 0 -0.0012913 -0.00061759 0.0018783 0.0014468 0.23395 -0.17401 0.24413 0.24629 0.13543 -0.34025 0.15593 0.38035 0.011521 -0.028738 0.011534 0.028738 -0.00010557 -4.5835e-05 0.00021853 7.9948e-05 0.0051816 0.00047549 0.02075 0.036471 0.0010248 -0.0036844 0.0086751 0.024032 0.00020099 -0.0014519 0.0026667 0.0049354
-0.0044607 -0.0030425 0.0075109 0.0044028 0.0084359 0.0060362 0.023647 0.015092 0.060617 0.011326 0.060617 0.011498 0 0 0 0 0.011993 -0.014479 0.026011 0.027931 0.4219 0.1392 0.48482 0.18011 0.040842 0.018745 0.040842 0.019395 0 0 0 0 -0.0015881 0.0016013 0.0020874 0.0038383 0.23456 -0.21879 0.2413 0.23594 0.22839 -0.31248 0.22917 0.31341 0.00038352 -0.00019439 0.00038352 0.00028896 -0.00052365 0.0016799 0.00053322 0.0016799 -0.0016834 0.0032018 0.0023686 0.0069546 0.038703 -0.0050304 0.03937 0.012212 0.00021385 -1.5978e-05 0.00021385 0.00017121
-0.00012258 1.0982e-06 0.00028084 6.8266e-05 0.0021906 -0.013907 0.01758 0.026024 -0.0018329 -0.0003364 0.0030872 0.003696 8.8853e-05 0.00083746 0.00082654 0.0012343 -0.0015761 0.00050858 0.0023945 0.001235 0.22111 0.20686 0.22243 0.21467 0.11413 0.38416 0.11589 0.38669 0.015498 0.036969 0.015516 0.036969 -0.0032631 0.00067638 0.0052884 0.0014432 0.47823 -0.089691 0.47872 0.091601 0.005702 0.0010258 0.005702 0.0028223 0 0 0 0 -0.00012966 9.603e-05 0.00065536 0.00027629 0.070459 0.0069883 0.072269 0.0095285 0.0017311 -0.00021274 0.0017771 0.00080803 0 0 0 0
0.00059295 5.4348e-05 0.0012587 0.00025447 0.025632 0.0080344 0.028642 0.0095792 0.047039 0.010789 0.047039 0.010789 -1.8438e-07 3.4575e-07 1.8438e-07 3.4575e-07 -0.0036083 -0.00089613 0.010849 0.0019576 0.47059 0.13986 0.47259 0.14515 0.019979 0.010854 0.020605 0.012487 0 0 0 0 -0.0029878 -0.0017058 0.0059465 0.0020582 0.24752 -0.16496 0.26222 0.25402 0.14245 -0.32374 0.15712 0.36463 0.0084885 -0.018977 0.0086086 0.018977 0.00035782 0.00030428 0.00079846 0.0004879 -0.0015297 -0.0014575 0.022762 0.018433 0.0026384 -0.0065252 0.014099 0.019382 0.0054637 -0.0050144 0.0067879 0.0061276
-2.2025e-05 6.069e-05 8.6669e-05 0.0001348 0.054348 0.012725 0.055083 0.012953 -0.041122 0.039256 0.052806 0.048714 0.0065804 -0.006959 0.0065804 0.0069604 -0.00014317 -0.00028279 0.00094558 0.000623 0.43506 0.064097 0.43654 0.065039 -0.092539 0.097949 0.093126 0.099545 -0.040049 0.04398 0.047518 0.054683 -0.00031824 0.00087376 0.0012315 0.0014035 0.16469 -0.1557 0.26582 0.25162 0.1069 -0.34935 0.10714 0.43657 0.0034315 -0.014616 0.022813 0.064259 0.0011483 0.0016966 0.0013348 0.0017634 0.030501 0.057159 0.040774 0.057218 0.0077686 0.090312 0.0079668 0.090312 0.0013219 0.0051358 0.0013539 0.0051358
-0.0027291 -0.009958 0.0027314 0.009958 0.012927 -0.051282 0.023792 0.051282 0.041119 -0.0078895 0.041292 0.0079199 0 0 0 0 -0.015828 -0.0017001 0.016211 0.013917 0.027548 -0.0054932 0.059411 0.031179 0.45754 -0.10879 0.45754 0.11047 0 0 0 0 0.0022152 0.049307 0.0087138 0.049943 0.086951 0.42091 0.091562 0.42091 0.19967 0.20291 0.20077 0.21194 0 0 0 0 0 0 0 0 0 0 0 0 0 0 0 0 0 0 0 0
-0.00011289 -2.0448e-05 0.00015036 0.00014065 0.065052 0.0061724 0.066048 0.0075621 0.0018619 0.0051298 0.0079052 0.0055086 -0.0067982 0.006826 0.0069071 0.0069128 0.00027264 -9.0113e-05 0.00098514 0.00056841 0.45849 0.075065 0.46772 0.078044 2.2663e-06 0.0020875 0.0057015 0.0035275 -0.0020318 0.003445 0.0032496 0.0042575 0.00080905 0.00047399 0.0016654 0.0024635 0.1862 -0.13393 0.24691 0.29198 0.080616 -0.4021 0.081736 0.40419 0.011691 -0.044391 0.011691 0.044391 -5.3349e-05 0.00031068 0.00027409 0.00053692 0.00053291 0.023524 0.069737 0.027514 0.0020008 0.036297 0.0062667 0.036297 0.00050403 0.005544 0.0015418 0.0063366
-0.0012794 0.00017192 0.0068897 0.0035679 0.015323 0.0035753 0.047514 0.04367 0.036591 0.008388 0.057621 0.01694 -0.0004541 -0.00025023 0.00448 0.001233 -0.0030565 -0.014043 0.013805 0.014764 0.48378 0.1005 0.49193 0.1668 0.011503 0.055069 0.083318 0.057335 0.00139 0.0044704 0.0030768 0.0051254 0.0010258 0.0025176 0.0021765 0.013343 0.2335 -0.19465 0.24394 0.27026 0.25851 -0.21405 0.25996 0.21469 3.6846e-05 -3.6846e-05 3.6846e-05 3.6846e-05 -9.9841e-05 0.00042726 0.00067325 0.0015699 0.0054588 -0.003864 0.0065383 0.012392 0.066028 0.029042 0.066218 0.034069 5.9979e-05 1.3419e-05 5.9979e-05 1.3419e-05
-0.00050852 0.0011305 0.0022418 0.0019561 0.012817 0.0088018 0.015946 0.016757 0.059491 0.013433 0.060158 0.017497 1.5482e-05 5.6386e-06 1.5482e-05 8.6348e-06 -0.0013078 0.0058551 0.013251 0.01358 0.29793 0.14549 0.33259 0.27543 0.24738 0.12221 0.24738 0.13033 0.00012469 1.7067e-05 0.00012469 0.00012469 0.0016872 0.0090194 0.04313 0.01614 0.41354 -0.12603 0.52852 0.19506 0.08909 -0.044286 0.089603 0.044713 0 0 0 0 -0.0061678 0.001743 0.0074297 0.0025536 -0.0070196 -0.00082663 0.026413 0.013596 0.075062 -0.02934 0.07514 0.02934 0 0 0 0
0.0013223 -0.0012709 0.0013223 0.0015317 -0.011917 -0.082498 0.049872 0.082498 0.020243 -0.020845 0.020243 0.020845 0 0 0 0 0.020318 -0.046051 0.023908 0.05004 0.27522 0.11806 0.4793 0.3334 0.16754 0.058179 0.16754 0.06124 0 0 0 0 -0.007543 0.010349 0.0075931 0.010944 0.3793 -0.19432 0.41618 0.2576 0.1581 -0.036951 0.1581 0.043628 0 0 0 0 -0.00030608 0.00025218 0.00033752 0.00027592 0.049598 0.026824 0.054929 0.026862 0.019702 0.0077967 0.019702 0.0077967 0 0 0 0
-0.0014413 -0.0016968 0.01035 0.0046264 0.061073 -0.0070121 0.076949 0.023546 -0.00095733 0.0082798 0.020575 0.012641 0.00040702 0.0010828 0.00085862 0.0012239 -0.00040797 0.00017817 0.0060055 0.019475 0.2721 -0.13516 0.27671 0.24522 0.24757 -0.20785 0.25251 0.21908 0 0 0 0 0.002151 -0.0085568 0.0065633 0.016745 0.068183 -0.026591 0.088425 0.11733 0.47273 0.16369 0.47273 0.16594 0 0 0 0 0.00011263 0.00059564 0.0018299 0.0025676 0.073643 0.039172 0.077298 0.039986 0.0061152 0.0043331 0.0061152 0.0043331 0 0 0 0
-0.0023655 -0.00055572 0.007864 0.0024867 0.0015865 0.020905 0.031633 0.021105 0.054641 0.031227 0.056423 0.039307 5.9119e-05 -0.0001347 5.9119e-05 0.00013787 0.014539 -0.012229 0.018918 0.015744 0.40239 0.10415 0.45285 0.2483 0.091969 0.10977 0.18142 0.12026 -0.0080262 0.0047352 0.014483 0.015561 0.00052568 0.0039479 0.0054285 0.017525 0.36683 -0.17424 0.37536 0.27012 0.19204 -0.033699 0.19204 0.082245 -6.3006e-06 6.3006e-06 6.3006e-06 6.3006e-06 0.00044943 -0.0012692 0.0018729 0.0032178 0.067511 0.071464 0.068058 0.072793 0.0040968 0.0037672 0.0040968 0.0037672 0 0 0 0
-0.0011219 -0.0040385 0.0011219 0.0040385 0.0032258 -0.010216 0.0044541 0.010216 -0.0016007 -0.029704 0.017284 0.029704 0 0 0 0 -0.010627 -0.019572 0.010627 0.027787 0.20244 -0.020857 0.27604 0.36896 0.14845 0.19711 0.22399 0.40988 0 0 0 0 -0.014539 -0.0031242 0.014539 0.0073444 0.45436 -0.04749 0.47557 0.04749 0.00018288 -0.001085 0.00018288 0.001085 0 0 0 0 -0.0022942 0.00046718 0.0022951 0.00052351 0.023485 -0.039172 0.029395 0.046019 0.021501 -0.091807 0.024627 0.10621 0.0010278 -0.00032846 0.0010278 0.00048609
0.00041431 -0.00057807 0.00094824 0.0009344 0.074872 -0.027554 0.074872 0.032296 0.0036176 -0.00023783 0.0036176 0.0011381 0 0 0 0 -0.00035916 0.00013331 0.0033384 0.002858 0.29492 -0.073768 0.29818 0.11802 0.27518 -0.21016 0.27518 0.21094 0 0 0 0 0.001798 0.0024497 0.002736 0.0030016 0.058042 0.036047 0.072579 0.050518 0.48835 0.14843 0.48835 0.16644 0 0 0 0 0.0012861 0.00082385 0.0014352 0.0008992 0.0040712 -0.0013458 0.01259 0.013101 0.070198 -0.023022 0.070246 0.040094 0 0 0 0
0.00045056 0.0022906 0.0006256 0.0023842 0.052541 -0.0013384 0.054002 0.02325 0.0052749 0.0052988 0.010763 0.013112 -0.00041835 0.00063376 0.00091849 0.00093626 -0.0094772 -0.017257 0.012294 0.022643 0.24773 -0.14889 0.30973 0.21194 0.2314 -0.19732 0.2314 0.21378 0 0 0 0 -0.0019778 -0.0015036 0.0043825 0.015555 0.0022795 -0.037192 0.041312 0.089505 0.51573 0.10985 0.51573 0.11452 0 0 0 0 0.00014121 5.0798e-05 0.00021515 0.00034158 0.041066 0.010736 0.043389 0.018197 0.041598 0.011497 0.041598 0.011497 0 0 0 0
-0.00036806 -0.0059347 0.0014479 0.0060655 0.0048839 -0.022668 0.0075572 0.022668 0.00072016 -0.0012497 0.0022854 0.0023799 1.0181e-05 -6.0258e-06 1.0181e-05 6.0258e-06 -0.025574 -0.015653 0.028073 0.022187 0.27782 0.026496 0.30463 0.31331 -0.10379 -0.010584 0.30934 0.47367 0.028031 -0.055065 0.028151 0.055065 -0.022676 -0.0018997 0.025135 0.0039348 0.38054 -0.038134 0.38884 0.045104 -0.15266 0.11015 0.16666 0.11694 -0.028037 0.013998 0.042293 0.034678 -0.0030526 0.00032835 0.0032596 0.00067247 0.060061 -0.0063792 0.061761 0.0083975 0.0015984 -0.00067814 0.001625 0.00070926 -0.006309 0.003979 0.006309 0.0039871
0 0 0 0 -0.012453 -0.01944 0.012453 0.01944 0.012308 -0.022437 0.012308 0.022437 0 0 0 0 -0.0036289 -0.048731 0.015631 0.049644 0.044471 -0.30738 0.21414 0.43178 0.30534 -0.12855 0.34552 0.16615 0 0 0 0 -0.001518 0.0058464 0.0033857 0.0085807 0.0089272 0.035074 0.037626 0.044432 0.43322 0.074482 0.43322 0.12355 0 0 0 0 -0.00055657 0.0019719 0.0018468 0.0033919 0.019281 0.020085 0.028087 0.02234 0.0428 0.011664 0.0428 0.012401 0 0 0 0
0.0061698 0.0077881 0.006907 0.0083441 -0.0066755 0.0069769 0.029878 0.022508 0.0094842 -0.016901 0.074431 0.018083 5.8521e-05 1.3416e-05 5.8521e-05 1.6746e-05 0.0059992 0.0078493 0.006575 0.0083007 -0.37186 -0.15143 0.37511 0.15303 0.33776 0.0045809 0.36172 0.035395 0.00017835 4.9958e-05 0.00017835 4.9958e-05 0.01692 -0.055516 0.017134 0.055774 -0.13958 -0.14382 0.23614 0.23488 0.31992 -0.035242 0.31992 0.2335 0.0010083 -0.00016719 0.0010083 0.00055237 -6.4432e-06 -1.0073e-05 7.4373e-05 0.00010479 0.0012673 0.0001464 0.001736 0.00081302 0.028757 -0.010377 0.029918 0.011039 0.00077142 -0.0012272 0.00077142 0.0012579
0.0079094 -0.011109 0.0087302 0.012053 -0.040153 -0.075339 0.055093 0.075339 0.068866 0.0046911 0.068866 0.025137 0 0 0 0 -0.0067962 0.011554 0.00742 0.012463 0.14383 -0.014757 0.23261 0.21099 0.40916 -0.12417 0.40916 0.1964 0 0 0 0 -0.0048626 0.0044726 0.0060219 0.0056465 0.048185 0.079936 0.10994 0.081337 0.4395 0.1411 0.4395 0.1411 0 0 0 0 0.0022614 -0.003529 0.00233 0.0037428 0.060498 0.031551 0.068049 0.041121 0.0020923 -0.0016048 0.0029049 0.0056563 8.9508e-05 -8.5169e-05 8.9508e-05 8.5169e-05
-0.00021465 0.0011058 0.00038837 0.0011124 0.02366 -0.0029528 0.025949 0.0092536 0.043504 -0.0071121 0.044338 0.0071121 -9.8605e-05 -0.0012336 0.00031113 0.0012336 -0.0022781 -0.010222 0.0060279 0.025512 -0.021606 -0.067372 0.060834 0.16927 0.43937 -0.14892 0.44444 0.18567 0.00037023 0.0025264 0.0007132 0.0025264 -0.0042669 -0.0036358 0.0052942 0.0091741 0.033541 -0.016625 0.050312 0.061761 0.46933 0.1509 0.46933 0.15158 0 0 0 0 0.00070673 0.0022472 0.0021483 0.0031367 0.05693 0.062349 0.0615 0.062768 0.0086926 0.0078394 0.0086926 0.0078394 0 0 0 0
-0.00019856 0.00028327 0.00027461 0.0002921 0.01924 -0.002009 0.022171 0.0030721 0.050159 -0.012864 0.052424 0.01296 -0.00024528 -0.0015088 0.00071864 0.0015088 0.0029594 -0.01329 0.013973 0.021666 0.054425 -0.072839 0.12102 0.17914 0.41239 -0.14546 0.41437 0.19363 9.1597e-05 0.0030596 0.0009149 0.0030596 -0.0031509 -0.0026128 0.0034144 0.011083 0.086431 0.0039591 0.10466 0.089108 0.46532 0.1762 0.46532 0.1762 0 0 0 0 0.00066814 0.00054211 0.0011242 0.0010345 0.073675 0.047945 0.073832 0.048674 0.001703 0.0015196 0.001703 0.0015196 0 0 0 0
0.0002071 8.9131e-05 0.00057446 0.00051207 0.065426 -0.057665 0.065426 0.05818 0.010439 -0.0067043 0.010439 0.0069905 0 0 0 0 0.0087163 0.0051233 0.0094436 0.0055887 0.47006 0.14972 0.4842 0.15772 0.074883 0.022386 0.074883 0.028469 0 0 0 0 0.0023317 0.0023906 0.0057129 0.002991 0.39293 -0.14092 0.42322 0.22056 0.14985 -0.025055 0.15008 0.059519 0 0 0 0 0.00015908 4.8369e-05 0.00056183 0.00028456 0.057974 0.073872 0.058588 0.074025 0.0016713 0.0018754 0.0016713 0.0018754 0 0 0 0
-8.8689e-05 -5.0885e-05 0.00016121 0.00015373 0.014838 0.0090859 0.015449 0.0093968 0.065036 0.022926 0.065036 0.023031 0 0 0 0 -0.00092134 0.00013351 0.0015455 0.00091655 0.50431 0.12425 0.50594 0.12713 0.041402 0.015568 0.041402 0.021905 0 0 0 0 -0.0014173 -0.00071271 0.0016413 0.00099734 0.33182 -0.15601 0.35474 0.2009 0.20969 -0.1278 0.20969 0.12978 3.4614e-05 -3.4614e-05 3.4614e-05 3.4614e-05 0.00084466 0.0006183 0.0010247 0.00068153 -0.018941 0.049025 0.08864 0.049025 0.059403 -0.029902 0.059988 0.031269 7.379e-05 -5.1716e-05 7.379e-05 9.7061e-05
-3.6356e-05 5.6693e-05 0.00014158 0.00016182 0.0090258 0.00086144 0.010175 0.0052271 0.070809 0.0029689 0.070809 0.01063 0 0 0 0 0.00028802 1.6541e-05 0.0010841 0.00086454 0.46883 0.13624 0.47509 0.13832 0.071199 0.033239 0.071199 0.035272 0 0 0 0 -0.00056825 -0.0004046 0.00099664 0.00066384 0.33161 -0.068541 0.44058 0.25578 0.18907 -0.11004 0.18907 0.11086 0 0 0 0 0.0010054 0.0004108 0.0011547 0.00077941 -0.021283 0.048579 0.095669 0.050156 0.051183 -0.027329 0.068037 0.037041 4.506e-05 -2.2967e-05 4.506e-05 4.3099e-05
0.00098093 0.0015781 0.0010227 0.0015809 -0.028744 -0.030781 0.079033 0.038018 0.046994 0.0047276 0.046994 0.0060607 5.5654e-06 2.9679e-06 5.5654e-06 2.9679e-06 -0.025159 -0.06735 0.054818 0.067469 0.34231 0.1722 0.56347 0.3057 0.04223 0.016662 0.04223 0.023609 0 0 0 0 0.0013037 -0.0011532 0.0015437 0.0018109 0.33314 -0.25154 0.336 0.25919 0.15006 -0.037864 0.15006 0.050354 0 0 0 0 5.9055e-05 0.00015386 0.00020941 0.00036052 0.017485 -0.0037336 0.018282 0.0058041 0.053038 -0.025896 0.05309 0.028389 0 0 0 0
0.00028583 0.00021784 0.00030252 0.00022639 -0.049273 -0.01129 0.050339 0.011649 0.064124 -0.01732 0.064189 0.018454 1.1926e-06 1.1926e-06 1.1926e-06 1.1926e-06 0.00010451 0.00012008 0.00041248 0.00035487 -0.27937 -0.039309 0.28697 0.050421 0.42346 -0.060843 0.42372 0.075756 0 0 0 0 0.0090322 -0.045248 0.01118 0.045505 -0.13755 -0.033421 0.25795 0.22291 0.28333 -0.090739 0.30926 0.35716 0.011819 -0.0083306 0.011905 0.010235 -0.00020413 3.9334e-05 0.00039112 0.00020687 0.00074425 -0.00018488 0.001999 0.0011974 0.0031905 -0.0019025 0.0042741 0.003431 0.010231 -0.0070918 0.010259 0.0071374
0.00037749 -4.7227e-05 0.00073882 0.0002318 0.051377 -0.083061 0.051525 0.083061 0.002205 -0.0023022 0.002205 0.0023022 0 0 0 0 0.0031386 5.3743e-05 0.005396 0.0018574 0.46925 0.13599 0.49379 0.14492 0.028072 0.0073961 0.028935 0.012494 0 0 0 0 0.0064489 -0.0003535 0.0081763 0.0018294 0.45891 -0.12605 0.47178 0.13466 0.026954 -0.01487 0.026954 0.01487 0 0 0 0 0.0009822 -0.0001041 0.0013471 0.00030064 0.023525 -0.0058232 0.025931 0.0073119 0.049226 -0.0075104 0.049234 0.0075104 0 0 0 0
-0.0020729 0.00093113 0.007714 0.0039754 0.023104 -0.0050272 0.051874 0.04509 0.027462 0.0025198 0.036844 0.012433 0.00015216 -0.0015502 0.0023742 0.0027771 -0.018242 -0.01838 0.039585 0.019135 0.3343 0.10505 0.55768 0.2318 0.042373 0.051864 0.15025 0.080291 0.002888 0.0085162 0.011618 0.021626 0.018398 0.010418 0.018728 0.011123 0.41845 -0.098266 0.48361 0.19641 0.011778 0.0044577 0.013615 0.007421 0.00014447 0.0014279 0.00046086 0.0014279 -0.001275 -0.0010615 0.0081559 0.0023612 0.06289 0.01495 0.070041 0.017948 0.00081289 5.6389e-05 0.00081289 0.00016979 0 0 0 0
0.0042908 0.0092937 0.0053121 0.011059 -0.033266 -0.0105 0.055052 0.049943 0.048514 0.002827 0.048514 0.0052348 0 0 0 0 0.035567 -0.063177 0.035823 0.06557 0.17939 0.015552 0.62904 0.36074 0.070386 0.023464 0.070386 0.028397 0 0 0 0 0.00057893 3.5266e-05 0.00083568 0.00093965 0.39176 -0.1919 0.39218 0.19558 0.088673 -0.024262 0.088673 0.028364 0 0 0 0 0.00012654 0.00015909 0.00021254 0.00027238 0.012541 -0.0023108 0.013427 0.01149 0.055758 -0.022784 0.055758 0.034892 0 0 0 0
0.001073 0.0057617 0.0018951 0.005911 0.057739 0.041683 0.059499 0.043824 0.0026171 -0.013885 0.0098812 0.014518 -0.00033463 -0.0012655 0.00040758 0.0012655 -0.0067494 -0.020308 0.057693 0.024523 0.33632 0.012378 0.55695 0.18133 0.0082597 0.049974 0.13681 0.099376 -0.0050994 0.0054352 0.023236 0.009716 0.0049342 0.004698 0.0063347 0.0061642 0.43124 -0.067667 0.52205 0.15615 0.0046848 0.0045497 0.0070183 0.0067383 5.1853e-05 0.00080257 0.00028035 0.00080257 0.0027479 -0.00083022 0.002957 0.0012405 0.057304 0.015636 0.066977 0.023578 0.0005907 0.0001707 0.0005907 0.0001707 0 0 0 0
-3.6991e-05 0.00019979 0.00055143 0.00036189 -0.00036902 0.00075125 0.0021934 0.0017007 0.07576 -0.010974 0.07576 0.011667 0 0 0 0 -0.00023076 -0.00043652 0.0023387 0.0025031 -0.0057812 -0.0062588 0.023956 0.022618 0.50864 -0.045941 0.50927 0.064733 0.00015179 -0.0015062 0.00035806 0.0015062 -0.005124 0.013953 0.022375 0.028976 0.050316 0.092327 0.21524 0.18993 0.35202 0.035394 0.43381 0.2059 0.0024549 -0.0091692 0.019813 0.018802 -0.0030548 0.0012068 0.010868 0.0056206 -0.0011506 -0.011099 0.032198 0.023855 0.058693 0.010128 0.072731 0.018387 0.0033223 0.002569 0.0033512 0.0026272
0.0028872 -0.0023683 0.0036662 0.0030413 -0.011996 -0.036714 0.053085 0.062464 -0.0054214 0.013131 0.0098554 0.017839 0.00016808 -5.1702e-06 0.00086718 0.00043293 0.0072461 -0.0062531 0.0073398 0.0062531 0.22001 0.057644 0.24162 0.21229 -0.13816 0.069459 0.23015 0.43064 0.0034212 -0.0007268 0.0044549 0.0032067 0.008912 -0.0072675 0.010316 0.0081969 0.15671 -0.12075 0.22012 0.15295 0.0070834 -0.0019869 0.46257 0.48937 -0.0031692 0.0063088 0.0092315 0.012072 0.00059801 -6.4239e-05 0.0024426 0.0010039 0.00742 -0.0039642 0.00742 0.0040572 0.03058 -0.0096225 0.050582 0.066966 -0.0041378 -0.0025802 0.0068977 0.0053467
-0.0010568 9.2474e-06 0.001446 0.0005102 0.0046939 0.0025853 0.010714 0.0032795 0.077248 -0.00056271 0.077248 0.003778 0 0 0 0 -0.012103 0.0032618 0.012529 0.0033478 0.036196 -0.018247 0.051891 0.030606 0.49902 -0.064786 0.49902 0.065889 0 0 0 0 0.0075934 0.013461 0.033577 0.033014 0.033383 0.093071 0.11274 0.2589 0.36116 0.06595 0.46082 0.15675 -0.002142 -0.0055216 0.0095508 0.012415 0.00015454 0.0010013 0.0013546 0.0010333 -0.00097617 0.011498 0.016816 0.014164 0.072156 -0.0059521 0.073899 0.020384 -0.00011261 0.00093055 0.00042023 0.00093055
0.004486 -0.0041405 0.004522 0.0042305 -0.027128 -0.079634 0.065033 0.079832 0.03973 0.020536 0.057579 0.045669 0.0011284 0.00074653 0.0011284 0.00076912 0.00011047 0.0010047 0.00092309 0.0019823 0.089319 -0.025143 0.10113 0.14339 0.42001 0.04453 0.42001 0.25464 3.4585e-05 3.4585e-05 3.4585e-05 3.4585e-05 -0.0003051 0.00019515 0.001571 0.0039274 0.045144 0.0086498 0.048376 0.025835 0.48986 0.059452 0.48986 0.13177 0 0 0 0 0.0003221 0.00067535 0.00036086 0.00070764 0.006184 0.011046 0.0075834 0.011425 0.063988 -0.0061942 0.064088 0.035238 0 0 0 0
-0.00045942 0.00026997 0.00070497 0.0017734 0.012685 -0.0058925 0.018208 0.02367 -0.0038172 -0.021511 0.0496 0.076691 -0.00067015 0.0004182 0.00074677 0.0019938 -0.0064427 -0.0032412 0.0074814 0.022645 0.16839 0.042884 0.28258 0.18463 -0.15629 0.046851 0.24186 0.61405 -0.0044414 -0.001678 0.0055815 0.014445 -0.0010736 0.0046546 0.007855 0.011278 0.18997 -0.01311 0.34028 0.22111 -0.19148 -0.043302 0.24163 0.26017 0.003648 0.0023611 0.0057256 0.0047749 -0.0023661 0.0016397 0.0052232 0.011251 0.011802 0.011477 0.031911 0.086233 -0.016014 -0.00049441 0.061324 0.064249 0.00085801 0.0026874 0.0009813 0.0030119
0.0051233 -0.0022145 0.0085506 0.0031995 -0.015652 -0.026248 0.067124 0.026968 0.058744 0.035031 0.064571 0.039463 -0.00075256 0.0019257 0.0024366 0.0042014 0.0036372 0.0012406 0.0050729 0.0097596 0.088928 0.024381 0.18026 0.1133 0.39708 -0.09141 0.39757 0.13277 -0.00067988 0.0022366 0.00097891 0.0022366 -0.0003295 -0.00012258 0.0037246 0.0022795 -0.048968 -0.031683 0.26549 0.069873 0.49616 0.067239 0.49616 0.069697 0.00034931 -0.00024806 0.00034931 0.00024806 0.00032231 -0.00029742 0.00066319 0.00045049 0.01898 0.0068948 0.022227 0.0080797 0.054763 0.0068786 0.054774 0.0068786 5.9267e-05 1.5134e-05 5.9267e-05 1.5134e-05
0.00053385 -0.0002814 0.00056185 0.0003885 0.00091091 -0.00085524 0.007239 0.0029382 0.071981 -0.013752 0.071988 0.014012 4.7287e-05 5.7017e-05 4.7287e-05 6.8151e-05 0.0024748 -0.0018639 0.0036588 0.0046273 0.012251 -0.010674 0.029139 0.022841 0.48261 -0.0074065 0.48261 0.073334 0 0 0 0 0.018654 0.015526 0.033235 0.019992 -0.03029 0.16447 0.23939 0.2582 0.39456 -0.0023671 0.42 0.12201 -0.0016189 -0.0098461 0.0078212 0.01539 0.0032059 -0.002014 0.0075858 0.0024674 -0.015845 -0.013013 0.06422 0.014704 0.061616 0.018459 0.073232 0.022068 0.0015617 0.00098698 0.0020596 0.0029362
-1.321e-06 0.00017825 0.00031828 0.00065606 -0.0040632 -0.02599 0.026821 0.041092 0.0010443 -0.0034792 0.012335 0.016642 0.010491 0.01097 0.010536 0.011013 0.0001662 0.00063657 0.0017295 0.0023146 0.082556 -0.027379 0.09168 0.10546 0.35367 0.099214 0.39801 0.39642 0.0085113 0.0061938 0.0086039 0.0078184 0.0012941 0.00032262 0.002427 0.0050836 0.016778 0.0058995 0.036854 0.025738 0.4816 0.13684 0.4816 0.15615 0.003719 0.0005748 0.003719 0.0022383 0.00029698 0.00029554 0.00038349 0.0004377 0.051853 0.019793 0.052791 0.024476 0.02977 0.012693 0.030662 0.017951 0 0 0 0
-0.0011267 -0.00030994 0.0018061 0.00041198 0.0028225 -0.003621 0.0046757 0.0039391 0.056168 -0.022332 0.056168 0.022332 0 0 0 0 -0.0026366 0.0021355 0.0067769 0.0041451 -0.012015 0.0023902 0.013019 0.0073615 0.40376 -0.060251 0.40376 0.12946 0 0 0 0 -0.0018754 -0.00047944 0.0034731 0.0052045 0.068136 0.019606 0.089249 0.038265 0.23869 0.025786 0.61426 0.41455 0.01005 -0.0041933 0.01005 0.0041933 -0.0023858 0.0077428 0.0036446 0.0077428 0.026937 0.072416 0.030702 0.072416 0.0031247 0.076425 0.014195 0.076425 0.0018221 0.0018221 0.0018221 0.0018221
-7.0602e-05 5.4608e-05 9.8219e-05 0.00010586 0.001213 -0.0025177 0.0056907 0.0054511 0.014231 -0.01921 0.014838 0.023541 0.0056306 -0.0085394 0.0056387 0.0085746 -0.0014612 -0.0002951 0.0015554 0.00045032 0.25567 0.10045 0.36017 0.17372 -0.21271 0.33525 0.23075 0.34741 0.0050734 -0.005631 0.0077487 0.0099868 -0.00070415 0.00047046 0.0014097 0.00057913 0.4406 -0.059486 0.44487 0.06332 -0.044098 0.073485 0.048429 0.077015 -0.031342 0.055216 0.031825 0.055744 -9.7544e-05 1.993e-05 0.00013614 9.3822e-05 0.061946 -0.0060521 0.062172 0.0063217 0.0049726 -0.0012795 0.0058465 0.001576 1.1701e-05 0.00016586 0.00011325 0.00025495
-0.00015554 -0.00061312 0.00082163 0.0011288 0.078244 -0.036775 0.080041 0.036869 0.0011046 -0.00042398 0.0011046 0.00042398 0 0 0 0 0.0001898 -0.0013275 0.00062847 0.0014818 0.14414 -0.07477 0.15345 0.075166 0.46545 -0.10055 0.46545 0.10055 0 0 0 0 -0.00012025 0.00035402 0.00080482 0.0010632 0.1905 0.063499 0.19737 0.06584 0.42319 0.10575 0.42342 0.10615 0 0 0 0 -3.4592e-05 -6.5056e-05 8.3786e-05 9.8575e-05 0.06721 -0.0029315 0.070913 0.022694 0.020417 -0.012329 0.020561 0.013452 0 0 0 0
-0.005639 -0.0067088 0.0056419 0.0067088 0.025556 0.037791 0.041677 0.05877 0.016169 -0.0065294 0.048955 0.010553 4.1412e-05 -9.2648e-06 4.1412e-05 9.2648e-06 0.030794 0.039686 0.036334 0.044972 -0.26237 -0.06421 0.35984 0.17074 0.28497 -0.050189 0.39294 0.053216 2.544e-05 2.544e-05 2.544e-05 2.544e-05 0.013408 -0.043544 0.013725 0.048674 -0.23252 -0.18433 0.31249 0.22799 0.3528 -0.019356 0.3528 0.12876 0 0 0 0 -2.6937e-05 3.4869e-05 7.4424e-05 8.0364e-05 0.0011865 4.5251e-05 0.001509 0.00082556 0.035585 -0.017038 0.035753 0.017304 0.00084434 -0.00074975 0.00084434 0.00074975
-0.00026233 0.0002648 0.00063607 0.00043815 0.020338 -0.018783 0.022722 0.044941 -0.014227 -0.045187 0.017893 0.10328 -0.0031632 -0.000547 0.0032566 0.0015186 -0.00063777 0.00010141 0.0034386 0.0030403 0.15833 0.057774 0.315 0.22036 -0.11022 0.068471 0.15705 0.68652 -0.021682 0.0015699 0.021946 0.0099544 0.00077448 0.00089591 0.0033397 0.0019667 0.12874 -0.036972 0.32898 0.2284 -0.14327 -0.13284 0.19256 0.17665 -0.010509 -2.8638e-05 0.010509 0.0024601 0.0002291 0.0005264 0.00060984 0.0007704 0.010814 0.0001512 0.026474 0.052739 -0.014588 0.02734 0.020483 0.057791 -0.0010929 -0.00030805 0.0010929 0.0004788
-0.00014574 -0.00021593 0.00014574 0.00021593 0.00058995 -0.0029339 0.0026293 0.0033564 -0.00010029 -0.002071 0.0011219 0.002071 5.3208e-05 -3.298e-05 5.3208e-05 3.298e-05 -0.031547 -0.0069734 0.031547 0.014287 0.20166 -0.11226 0.43263 0.23918 -0.053412 -0.068259 0.27804 0.35935 0.016056 -0.022606 0.016117 0.022606 -0.079497 -0.0048809 0.079521 0.0058863 0.36646 -0.009318 0.46262 0.020693 -0.19729 0.11189 0.21142 0.11808 0.01481 -0.02985 0.0473 0.046714 -0.011518 0.00012398 0.011518 0.00052906 0.052281 0.0024244 0.06402 0.0047089 0.00055483 -0.00019263 0.0018526 0.0019956 -0.010534 0.005005 0.011404 0.0068638
-0.00082328 0.0035009 0.002991 0.0035093 -0.022837 0.0016648 0.024013 0.010108 0.058301 -0.0028564 0.058301 0.0031805 -0.00013064 -7.2888e-05 0.0001545 0.00010696 -0.0019598 0.00013568 0.0019598 0.00092114 -0.24245 0.095562 0.2609 0.096512 0.38207 0.0028317 0.38207 0.0082214 -0.010445 -0.0050558 0.010518 0.0057801 -0.00074561 0.00021684 0.00074561 0.00049551 -0.31663 0.18421 0.33937 0.18985 0.32877 -0.025223 0.38266 0.063877 -0.033801 -0.013244 0.033857 0.013987 -6.715e-05 1.0386e-06 6.715e-05 1.0386e-06 -0.0042098 0.0033687 0.004285 0.003746 -0.013505 0.0060646 0.073264 0.034033 -0.0090169 -0.0051134 0.0093985 0.0055187
-0.00021047 4.7751e-05 0.00024105 0.00027857 -0.0013426 0.0011782 0.0022236 0.001779 0.077435 -0.0051786 0.077435 0.0051786 0 0 0 0 -0.00080227 -0.00013053 0.0024501 0.001666 -0.010205 -0.0010701 0.011521 0.0088117 0.50847 -0.04417 0.50847 0.046047 -0.00052596 -0.001735 0.00052596 0.001735 0.0077748 0.0098817 0.037335 0.017546 -0.0092993 0.067895 0.19456 0.19229 0.39226 0.026736 0.42796 0.18103 0.0051625 -0.0020119 0.019001 0.014243 2.173e-05 -0.0028519 0.006683 0.0033373 -0.0057314 -0.015583 0.026444 0.017846 0.076573 -0.0077687 0.078467 0.023111 5.095e-05 -4.3416e-05 5.095e-05 4.3416e-05
0.0014485 -0.0015241 0.0014524 0.0017625 -0.010768 -0.037663 0.058177 0.074588 -0.00407 -0.002498 0.0083197 0.0078961 0.00023695 -0.00015689 0.00076812 0.00079647 0.010092 -0.0060515 0.010092 0.0060515 0.25639 0.09437 0.27152 0.33138 -0.2153 0.075259 0.233 0.25782 0.003027 -0.002186 0.0043948 0.0034051 0.014057 -0.0042103 0.015494 0.0058482 0.28706 -0.09277 0.29862 0.328 -0.21992 -0.019996 0.25717 0.37125 0.0028865 0.00096934 0.0056247 0.0052347 0.0014642 -0.00046655 0.0027753 0.00082574 0.035404 -0.014369 0.035468 0.014662 -0.01319 0.021924 0.03515 0.1104 0.00055051 -0.00082082 0.0010131 0.00090087
-0.00050764 -0.00072856 0.0012704 0.00074698 0.055362 -0.011196 0.05567 0.012164 0.020166 -0.0073727 0.020166 0.0073967 0 0 0 0 -0.0083269 -0.0056549 0.011804 0.0059138 0.056896 -0.030427 0.077118 0.036672 0.48644 -0.096179 0.48644 0.096757 0 0 0 0 0.0023449 -0.0017318 0.0039336 0.0087681 0.10345 0.03539 0.13628 0.12494 0.45022 0.10274 0.45022 0.11069 0 0 0 0 -0.0082673 0.011456 0.0096889 0.011456 0.072146 0.0049385 0.090613 0.025867 0.0054584 -0.0008009 0.0054584 0.0037311 0 0 0 0
-7.9394e-05 0.00039473 0.00030346 0.00042367 -0.0013332 0.0026572 0.0016449 0.0032676 0.073763 -0.0024814 0.073763 0.0028413 0 0 0 0 -0.0006561 0.00083372 0.0013002 0.0018588 -0.012349 -2.8965e-05 0.013327 0.011458 0.48687 -0.027133 0.49125 0.041434 -0.00015847 -0.00042248 0.00015847 0.00042248 -0.0017635 0.0053253 0.017336 0.026916 -0.044957 0.033295 0.11823 0.19218 0.45417 0.03747 0.45603 0.15386 -0.0064604 -0.0023083 0.011572 0.015981 -0.00014752 -0.0015436 0.00038086 0.0025136 0.00021254 -0.0066915 0.0041562 0.015567 0.0685 -0.03699 0.068756 0.042899 1.1509e-05 -4.0468e-06 1.1509e-05 1.1509e-05
0.00030631 0.004316 0.0039306 0.0043311 0.0072835 0.038593 0.018044 0.039656 0.034685 0.044913 0.044176 0.050535 -0.00053396 -0.0020935 0.00085702 0.0020935 0.0088211 -0.024869 0.031007 0.043054 -0.037694 -0.14143 0.23965 0.17428 0.32934 -0.018805 0.61428 0.17797 -0.012923 0.0075985 0.021076 0.017488 -0.0068053 0.0074798 0.013882 0.010328 0.061985 0.069841 0.1134 0.077866 0.32448 -0.029537 0.45082 0.10793 -7.723e-05 0.00066706 0.00028119 0.00095294 -0.00087295 -0.00012702 0.005398 0.00047193 -0.0012897 -0.013102 0.015804 0.013993 0.059902 0.012542 0.059902 0.012652 5.9712e-05 7.1089e-06 5.9712e-05 7.1089e-06
0.0014937 -0.00016059 0.001534 0.00080838 0.0014858 0.0065058 0.004127 0.0076365 0.018231 0.044974 0.039552 0.055127 0.0029107 -0.0070948 0.0063625 0.014186 0.0072905 0.0023671 0.0078341 0.0048594 0.12922 0.13485 0.13277 0.1458 0.050734 0.039199 0.41745 0.33825 -0.022536 -0.0028289 0.069324 0.057003 0.0073356 0.0019837 0.0094277 0.004219 0.093534 -0.12104 0.26608 0.15225 0.030598 -0.07065 0.61644 0.32205 0.0018496 -0.0058694 0.0065241 0.01198 0.0031402 0.0074075 0.0059389 0.011194 0.015073 0.030402 0.050143 0.060886 -0.028171 0.0071094 0.030363 0.023857 0.00048895 -9.3972e-05 0.00059635 0.00090501
0.0017806 -0.002455 0.0055537 0.0090499 0.016027 0.015249 0.046168 0.022219 0.026172 0.030755 0.060405 0.057509 -0.0027922 -7.9593e-06 0.0062579 0.0010301 -0.0027611 -0.0079405 0.043086 0.053699 0.026292 -0.11524 0.27701 0.1827 0.33435 -0.020334 0.40498 0.26763 -0.019703 0.002819 0.037457 0.0069698 -0.01291 -0.011668 0.030494 0.015501 0.0057539 -0.014588 0.033603 0.023564 0.48755 0.011305 0.49861 0.097898 -0.0023846 0.0079346 0.0063195 0.0079346 0.00028624 -0.00012025 0.00036883 0.00064748 0.0015203 -0.0010646 0.003931 0.0059716 0.053236 -0.043975 0.053306 0.046919 0.0023131 -0.0056718 0.0027992 0.0058155
-0.00020991 0.0001798 0.00033851 0.00023642 -0.0010455 -0.0013071 0.00209 0.0025971 0.013117 -5.1953e-05 0.016809 0.0031419 0.015153 -0.00019241 0.015153 0.00076982 0.010442 0.019422 0.037857 0.032527 -0.018996 0.11117 0.3758 0.12817 0.10833 0.091996 0.31737 0.19865 0.073263 0.0038575 0.086088 0.015793 0.038752 -0.02724 0.070974 0.027574 -0.054942 -0.16087 0.5309 0.20518 0.2505 -0.075177 0.42061 0.20331 0.0030723 0.010669 0.022738 0.013442 -1.0463e-05 -0.00025153 0.00046202 0.0033447 0.0019774 0.0041851 0.0032154 0.016146 0.024094 -0.023698 0.025342 0.036508 0.0095757 -0.011956 0.0095936 0.012839
-0.00013682 0.00099946 0.00083848 0.0015327 0.004819 -0.0025431 0.010034 0.0055937 0.076706 -0.017323 0.076706 0.017482 0 0 0 0 -0.011707 -0.001204 0.030451 0.02776 0.017898 -0.0047649 0.13865 0.29495 0.41507 -0.024199 0.4202 0.17746 0.0021267 0.0033119 0.0053923 0.012233 -0.0068565 0.00059988 0.0088198 0.0020319 0.014979 0.0061709 0.10067 0.046825 0.45801 0.033637 0.50938 0.060275 0 0 0 0 -0.0012537 -0.00038346 0.0014359 0.00040168 -0.0016172 -0.0024414 0.01346 0.0025605 0.07419 -0.0007117 0.07419 0.0037356 0 0 0 0
-0.0015355 0.00089106 0.0016906 0.00091165 0.0041023 -0.0011031 0.0048912 0.0048261 0.063674 -0.0082229 0.064519 0.0084821 1.9444e-05 8.1724e-06 1.9444e-05 8.1724e-06 -0.016515 -0.0070371 0.051463 0.035217 0.0095519 -0.075919 0.23244 0.27713 0.35151 0.03644 0.49163 0.16848 0.0047783 0.0044779 0.013448 0.018518 -0.0040173 0.0016613 0.0087425 0.003113 0.05084 0.047765 0.12374 0.078822 0.39237 0.013289 0.4919 0.14565 5.4817e-05 0.00072876 6.842e-05 0.00072876 -0.00064375 -0.0001538 0.0014257 0.00028245 -0.0017641 -0.00074879 0.012492 0.0032443 0.073829 0.010451 0.074043 0.010693 0 0 0 0
-0.00021029 3.3119e-05 0.00029897 0.00037908 0.057097 -0.023221 0.059966 0.02452 0.018074 -0.0064465 0.018074 0.0065944 0 0 0 0 0.0070099 -0.013112 0.0095113 0.017578 0.056085 -0.071517 0.23883 0.17988 0.45651 -0.037209 0.45668 0.064016 0.00047606 4.0994e-05 0.00047606 0.00015255 -0.00037675 0.004762 0.0041435 0.013924 0.32462 -0.0034093 0.38929 0.20799 0.2614 0.039686 0.26175 0.11315 0.00028758 -0.00021031 0.00028758 0.00021031 0.00075909 0.0020569 0.0020897 0.0028617 0.00027505 0.0072527 0.0079417 0.013506 0.065993 -0.069554 0.06661 0.070338 0.00083355 -0.0008433 0.00087648 0.00087144
-0.0010453 -0.00044795 0.0051273 0.00070086 0.017258 0.00063343 0.017258 0.0075479 0.0052937 -0.0094453 0.036492 0.046551 0.00041855 -0.00011965 0.00075246 0.00068674 0.00053838 -0.00012415 0.03236 0.0047179 0.28403 0.041447 0.33689 0.29524 -0.15158 -0.091071 0.20722 0.49762 -8.5782e-05 -0.00079754 0.0036577 0.002201 0.00747 0.0020309 0.030814 0.0032459 0.17923 0.0093059 0.22898 0.23394 -0.088428 0.058679 0.23811 0.40987 -0.0026056 -0.003205 0.0043574 0.0038207 0.0011902 -0.0004297 0.0039753 0.0005457 0.043642 0.0064477 0.044106 0.071449 -0.042791 -0.011544 0.046143 0.014771 -0.00030232 -0.00019189 0.0006347 0.0004606
0.0007482 0.00021696 0.00084156 0.0028075 0.005741 0.0018818 0.012447 0.0051967 0.076392 -0.016309 0.076392 0.016463 0 0 0 0 0.0037554 0.0041393 0.011793 0.024846 -0.0090836 0.01509 0.052834 0.20516 0.44638 -0.01185 0.45257 0.13606 0.0026958 0.0017895 0.0036372 0.0086073 0.0036696 -0.00061474 0.0036696 0.0024051 -0.027295 -0.012382 0.071291 0.025538 0.4988 0.026034 0.4988 0.046559 0 0 0 0 0.00089478 -0.0018654 0.00096586 0.0020205 -0.0016588 -0.0072867 0.0076655 0.0073485 0.075548 -0.0044592 0.075548 0.0047993 0 0 0 0
0.00076683 -8.4837e-05 0.0011794 0.00021448 0.0034169 -0.0052306 0.0038284 0.0054032 0.045252 -0.0073756 0.048704 0.0086555 0.00014212 3.3793e-05 0.00014212 6.3456e-05 0.0019967 0.022412 0.023012 0.044951 0.034517 0.11487 0.19126 0.23154 0.2359 0.10256 0.31439 0.29494 0.001594 -0.0047171 0.01165 0.010817 -0.0019292 -0.009772 0.03701 0.039325 -0.054809 -0.06289 0.4872 0.16306 0.27667 -0.035963 0.50337 0.15236 0.0006835 0.0022582 0.019534 0.01182 -0.00067139 0.0011742 0.0022081 0.001794 0.0021537 0.0083995 0.0053947 0.0093731 0.039191 -0.012204 0.062049 0.028623 0.00030269 -8.8753e-05 0.00030269 0.00011842
-0.00029812 0.00098702 0.00095705 0.0014998 0.0053063 -0.00055831 0.010968 0.0050186 0.067491 -0.013332 0.068587 0.013791 0 0 0 0 0.0085895 -0.0017034 0.025381 0.027593 -0.039061 -0.018792 0.13744 0.30649 0.39464 -0.0041098 0.40488 0.222 0.0032096 0.0037087 0.0067995 0.01708 -0.0086154 0.00079823 0.011575 0.0021622 -0.020685 0.015344 0.079331 0.028821 0.45095 0.041161 0.52185 0.095537 0 0 0 0 -0.0015114 -0.00037808 0.001718 0.00039659 -0.0011087 -0.0019868 0.010851 0.0019868 0.070332 0.0023427 0.07124 0.003412 0 0 0 0
0 0 0 0 -0.015212 -0.073244 0.029419 0.073244 0.020633 -0.052818 0.020633 0.052818 0 0 0 0 -0.0036822 -0.0033771 0.0037381 0.0033771 -0.25907 -0.072808 0.31101 0.13967 0.41635 0.010598 0.4296 0.03887 0 0 0 0 -0.02387 -0.059349 0.038266 0.059811 -0.066669 -0.045664 0.17385 0.086526 0.41372 -0.084482 0.41372 0.17304 0.0027357 -0.0029453 0.0027357 0.0029453 -0.00013582 0.00061955 0.00016654 0.0018183 -0.0010618 0.0043166 0.0014897 0.006384 0.0047723 -0.0060229 0.0058398 0.012197 0.010454 -0.0089869 0.010461 0.0090482
0.001057 2.5882e-05 0.0024604 0.00058017 0.035048 0.0094238 0.035068 0.010687 -0.011377 0.008135 0.043769 0.062627 0.00043696 0.00016449 0.00056887 0.00078842 0.0096041 0.00084517 0.018298 0.0035515 0.26155 0.044262 0.28579 0.14779 -0.14497 -0.10935 0.28525 0.53105 0.0037425 -0.00078441 0.0049442 0.0037949 0.0090069 0.0016406 0.014432 0.0040428 0.15336 -0.07608 0.16473 0.12822 -0.052854 0.0062307 0.22614 0.5295 0.001237 -0.001145 0.0038196 0.0049927 0.0016474 0.00020725 0.002417 0.00047375 0.030452 0.030762 0.03521 0.047487 -0.022588 0.032915 0.046543 0.062037 -0.00017926 2.4753e-05 0.00043525 0.00027222
0.0010837 5.207e-05 0.0028433 0.00073951 0.012493 0.0071714 0.01377 0.0093677 0.011536 0.060825 0.040762 0.078347 -0.00073431 -0.00064143 0.0014579 0.0011046 0.01064 0.002614 0.015441 0.0036317 0.24964 0.10089 0.25051 0.16985 -0.10233 0.025761 0.26757 0.44221 0.0025551 0.0013173 0.0029405 0.0037879 0.010835 0.003175 0.01146 0.0051789 0.17135 -0.082383 0.30492 0.22875 -0.086089 -0.13343 0.21692 0.53257 0.0026772 -0.0003939 0.0045323 0.0043263 0.0015469 0.00010099 0.0015469 0.00065418 0.016641 0.028999 0.028327 0.033738 -0.012976 -0.019667 0.047983 0.038358 -9.694e-05 -0.00038944 0.00043045 0.00057212
-0.0020654 0.00076972 0.0024516 0.00083226 0.050729 -4.2751e-05 0.051958 0.0027093 0.0013058 -0.00041183 0.0015179 0.0010115 -0.0061036 0.0040965 0.0061075 0.0041236 -0.018427 -0.0014809 0.019565 0.0038885 0.34971 0.001417 0.3528 0.031536 -0.0058987 -0.011811 0.020267 0.020996 -0.041984 -0.053602 0.041984 0.055739 -0.016305 -0.0030027 0.017772 0.003882 0.28489 -0.052181 0.4107 0.086227 -0.28996 -0.38108 0.30023 0.38444 -0.010389 -0.01631 0.010835 0.017427 -0.0025985 -2.2503e-05 0.0027482 0.00052649 -0.0088253 -0.049702 0.042673 0.050343 -0.0011312 -0.0028085 0.0021426 0.00355 8.7817e-05 -4.444e-05 0.00010263 0.00016712
0.00039912 -0.00055629 0.0011164 0.00092186 -0.0056793 -0.001752 0.0093986 0.0038518 0.0077133 -0.0016233 0.0097107 0.0053713 -0.00059286 -0.00056185 0.00091825 0.0010177 -0.018911 0.026047 0.035057 0.041183 -0.084338 0.09039 0.27497 0.17822 0.12986 0.045962 0.39905 0.227 0.010986 0.0030805 0.024594 0.027424 -0.064235 -0.0019574 0.097398 0.035993 -0.023995 -0.033278 0.43735 0.28735 0.087463 -0.016357 0.42665 0.39858 -0.0081267 -0.0053192 0.033644 0.02803 -0.0022112 -0.0068539 0.0027364 0.0071175 0.0038934 -0.0061528 0.014088 0.0072912 6.6648e-05 -0.0035068 0.0099214 0.0052324 0.00061132 -0.00076034 0.0010186 0.00079326
0.0013387 0.0011652 0.0077203 0.0042222 -0.0039991 0.024195 0.044681 0.024847 0.02088 0.03302 0.035968 0.03399 0.0045291 8.0252e-05 0.0045291 0.0023143 0.0033436 -0.023753 0.017209 0.02393 0.010383 -0.1735 0.16501 0.19433 0.34741 0.063729 0.44977 0.19465 0.0050543 0.0086287 0.015046 0.017012 -0.00072234 0.0017105 0.0022511 0.021347 0.011682 0.014101 0.022758 0.10282 0.43954 -0.1597 0.44608 0.29872 0.0032891 -1.0956e-05 0.0032891 0.0020949 0.0013785 -7.0426e-05 0.0014279 0.0014178 -0.0012316 0.0040488 0.007773 0.020301 0.060896 0.040021 0.061286 0.04566 9.4155e-05 6.1895e-05 9.4155e-05 6.1895e-05
-0.00096038 -0.00039529 0.00098784 0.00049556 0.013441 -0.0028335 0.017281 0.0093643 0.020774 0.027027 0.060285 0.058001 -0.0081129 0.0031969 0.0089981 0.0037017 -0.0053357 -0.0075207 0.0056757 0.0079279 0.044331 -0.069622 0.077939 0.084328 0.20602 -0.22245 0.44434 0.44996 -0.02261 0.0072577 0.053284 0.057612 0.0014089 0.0039492 0.0049284 0.023342 0.034786 0.077358 0.052935 0.10919 0.20755 0.12442 0.44004 0.43002 -0.014635 -0.0074529 0.019207 0.064849 0.00023868 -0.00027221 0.00063859 0.00094238 0.0034822 -0.0014388 0.0058432 0.0085999 0.034752 0.010886 0.056222 0.056687 -0.00079357 -0.0047181 0.002737 0.0067164
0.00060315 0.00050674 0.0010154 0.00081588 0.0016182 0.0041774 0.0037415 0.0048825 -0.0041998 0.0037059 0.0067501 0.008204 5.9e-05 0.00025594 0.0011475 0.00055447 0.024003 0.020008 0.025686 0.030475 -0.12322 0.016229 0.29969 0.40284 0.10873 0.02293 0.44104 0.32315 0.02109 0.0021955 0.041913 0.068001 0.03567 -0.013842 0.052736 0.029833 -0.1166 -0.031012 0.17871 0.37095 0.039669 -0.050945 0.34784 0.30765 0.018731 -0.0051476 0.04161 0.012335 5.2114e-05 0.00019082 0.000493 0.00053241 0.0031347 -0.0018901 0.0048785 0.0077904 -0.0035489 0.0006347 0.010277 0.0063372 -0.00035692 0.00032885 0.00056496 0.00033991
0.0011098 -0.00012436 0.0015223 0.00046304 0.0071795 0.0018196 0.0075181 0.0040108 0.0051313 0.022033 0.011409 0.026589 0.0017635 -0.001335 0.0055603 0.0051931 0.0093672 0.0031068 0.0096281 0.0044024 0.040067 0.00034597 0.052278 0.018902 0.20899 -0.10728 0.53568 0.44028 0.010869 -0.0020863 0.083273 0.050786 0.0083447 0.00033038 0.0083447 0.0020382 0.066449 0.019585 0.070563 0.037298 0.13718 0.13359 0.30759 0.53748 -0.018702 -0.0061842 0.034574 0.054805 0.0012987 0.00046061 0.0012987 0.00070991 0.015353 -0.0045532 0.018743 0.0091606 0.020272 0.015723 0.039072 0.094185 -0.0062875 0.0025859 0.0066786 0.0051152
-0.0058388 -0.0099187 0.0058388 0.010073 0.011108 -0.035479 0.03254 0.041362 0.063585 -0.039023 0.063585 0.039023 0 0 0 0 0.00078359 0.0067652 0.0028811 0.0077916 0.0069527 0.033605 0.038153 0.04556 0.51279 -0.0087186 0.51279 0.052876 0 0 0 0 0.0012137 0.011586 0.0073404 0.025474 -0.0037195 0.083769 0.059312 0.1894 0.42158 0.011229 0.44647 0.13375 0.0021091 -0.0009488 0.0021091 0.0035702 0.000611 -0.00064647 0.00063184 0.00064647 -0.00064976 -0.0021712 0.005058 0.0028414 0.0633 0.0079716 0.065167 0.011595 0 0 0 0
0.00021852 -0.011662 0.0017956 0.011662 0.039239 -0.049575 0.058688 0.058166 -0.024845 -0.044693 0.064681 0.067253 0.0011881 -0.011186 0.0026084 0.011225 0.0049986 0.0075955 0.020499 0.026213 0.34921 0.025236 0.35091 0.29503 -0.19635 -0.024356 0.28879 0.34406 -0.0029647 0.0062418 0.003388 0.03941 -0.028921 -0.0056543 0.063376 0.0090248 0.3239 0.0023449 0.3239 0.27765 -0.12161 0.017321 0.22575 0.17874 -0.0025358 -0.0017997 0.0030616 0.0078736 -0.0034542 -3.4244e-05 0.010372 0.00053285 0.053728 -0.01056 0.054703 0.047313 -0.026659 -0.014484 0.030947 0.025075 -0.0006311 -0.00079921 0.00075091 0.00095014
-0.00062789 7.789e-05 0.00084994 0.00031188 0.064435 -0.010274 0.06587 0.01146 0.00045486 -3.5629e-05 0.00045486 0.00010132 0 0 0 0 0.003115 -0.0026588 0.0042165 0.0046918 0.51113 -0.0097904 0.51594 0.063167 0.00017059 0.00054459 0.00017059 0.00054459 0 0 0 0 0.019436 0.027221 0.061936 0.047713 0.36917 0.035027 0.48162 0.16794 -0.026169 -0.07692 0.11675 0.15968 -0.00036698 -0.01132 0.013121 0.016653 0.0011781 -0.0048619 0.0053375 0.0062241 0.049631 0.019111 0.057838 0.039091 -0.0030056 0.014239 0.01485 0.014777 0.0006812 0.001918 0.0022919 0.001918
-0.0069829 -0.024639 0.0070148 0.024639 0.0014928 -0.092628 0.037548 0.096665 -0.0054783 -0.088352 0.034252 0.11382 -0.00010348 -0.013289 0.003873 0.017221 -0.0014674 -0.017505 0.0060865 0.021089 0.268 -0.10586 0.32217 0.35948 -0.19673 -0.007579 0.34367 0.29489 -0.0034941 -2.7123e-05 0.0067315 0.033446 0.0048616 0.0099664 0.0067861 0.012929 0.19403 0.089169 0.36628 0.27589 -0.11171 0.0068103 0.19036 0.29178 -0.00094351 0.0024525 0.0030667 0.012152 0.00066012 -0.0011565 0.0036297 0.0015869 0.027769 0.0046948 0.028444 0.031928 -0.014913 0.010565 0.029833 0.030184 0.00023403 -0.0003846 0.00050723 0.00049279
0.00053991 0.00036873 0.00096566 0.00043361 0.059074 -0.0046846 0.06122 0.0049354 0.00043254 -1.6107e-05 0.00043254 1.6107e-05 0 0 0 0 0.0044249 -0.0042345 0.005466 0.0050336 0.47768 -0.037971 0.48802 0.084236 0.0011905 0.00033346 0.0011905 0.00033346 0 0 0 0 -0.0042455 0.016403 0.048413 0.042365 0.35406 0.054255 0.56667 0.18691 0.01043 -0.054142 0.082354 0.1066 0.0057453 -0.0073759 0.010467 0.013145 0.0021375 0.0011186 0.0023708 0.0015016 0.055406 -0.0040985 0.063086 0.012541 2.8069e-05 0.0088504 0.0035347 0.0089176 -0.00029343 0.0015894 0.00050907 0.0015894
-0.00029733 0.0001385 0.00035885 0.0003608 0.072053 -0.0031874 0.072366 0.0056651 0 0 0 0 0 0 0 0 -0.001627 -0.00024607 0.0019067 0.0022033 0.50808 -0.0084261 0.51087 0.038112 0 0 0 0 0 0 0 0 -0.011646 0.015074 0.026198 0.017668 0.4321 0.01771 0.47832 0.14517 0.0047022 -0.066546 0.07584 0.098817 0.0096891 -0.0062026 0.016557 0.017665 -0.0037181 -0.0051807 0.0060931 0.0052687 0.055222 0.0053272 0.073324 0.021566 0.010308 0.017476 0.013319 0.017621 0.00068517 0.00086674 0.00069256 0.00086674
-0.00038705 0.00020113 0.0005403 0.00032315 0.071976 -0.0096436 0.071993 0.013484 0.00047353 0 0.00047353 0 0 0 0 0 0.0002722 -0.00018702 0.0024251 0.0020095 0.50233 -0.021393 0.50821 0.062775 0.0070891 -0.00097011 0.0070891 0.0017901 0 0 0 0 0.0032499 0.010206 0.022011 0.015824 0.43312 0.072462 0.48784 0.11832 0.02243 -0.060742 0.064629 0.095972 -0.0096181 -0.0090185 0.016426 0.017131 -0.0022382 -0.0026433 0.0094772 0.0042048 0.048122 -0.0073745 0.069684 0.04314 0.0067894 0.0006971 0.025223 0.018046 -0.0018662 0.00016518 0.0024346 0.0036392
0.0012544 -0.0025875 0.0016576 0.0032139 0.035372 -0.078286 0.036596 0.078286 0.043228 -0.11008 0.051386 0.11577 -0.00037373 0.0028396 0.0025156 0.006028 -0.003223 0.0022523 0.007229 0.0064876 -0.0015786 0.010252 0.039555 0.049788 0.23849 -0.17552 0.4531 0.40542 0.039184 -0.061772 0.076867 0.071858 -0.0012544 -0.0017015 0.0033416 0.0037715 0.14004 0.086848 0.17075 0.11137 -0.04485 0.12721 0.31071 0.51693 -0.017534 -0.0186 0.042943 0.0334 -0.00030222 0.00020321 0.00068339 0.00071822 0.035743 -0.010508 0.043506 0.038217 -0.0090502 0.03932 0.054186 0.11508 -0.0065324 0.0010498 0.0071395 0.0080714
-0.0013135 0.0022644 0.0062078 0.0037617 0.062317 0.00056261 0.062387 0.035486 -0.035862 -0.0056159 0.0462 0.067515 -0.00054292 0.0022073 0.00066485 0.0059186 0.0038078 -0.0067469 0.037792 0.0098215 0.34097 -0.0036146 0.41909 0.26459 -0.14327 -0.010696 0.26463 0.23738 -0.0035825 -0.004584 0.0041798 0.0054186 0.019882 -0.0042027 0.025073 0.0043991 0.34719 0.026203 0.42607 0.2124 -0.19015 -0.023002 0.23317 0.12407 -0.0056671 -0.0070991 0.0058699 0.0077747 0.0047698 0.00043941 0.0054944 0.00094815 0.063315 0.0029705 0.079986 0.027281 -0.05074 -0.010214 0.05146 0.012187 -0.00028396 -0.00015442 0.00040266 0.00055457
-0.0005507 0.00020262 0.00086324 0.00052503 0.018113 -0.043126 0.035382 0.052098 -0.008235 -0.033228 0.015393 0.059654 -0.0011437 -0.0022566 0.0014488 0.0041947 -0.00028578 -0.00047918 0.012328 0.0059793 0.092815 -0.017503 0.12467 0.090621 -0.016409 -0.041457 0.1577 0.30773 0.054746 0.087552 0.057181 0.088289 -0.0077964 0.0053416 0.012146 0.0073662 -0.017639 0.010624 0.037356 0.020084 0.53973 0.18441 0.53973 0.42825 0.017133 0.022595 0.017133 0.022827 -0.0015591 0.0011728 0.0015614 0.0012165 -0.0052753 0.0026916 0.009768 0.0047721 0.059317 -0.01971 0.06267 0.023254 0.00061116 -0.00023932 0.00061116 0.00029708
-0.00028773 -7.2059e-05 0.00035787 0.00035557 0.0064609 -0.0056713 0.051472 0.012081 0.069384 -0.034804 0.069384 0.034939 0.00011196 -0.00012132 0.00012525 0.00017704 0.0036251 -0.01645 0.0059688 0.018487 0.047479 -0.10946 0.17642 0.19415 0.3445 -0.090647 0.58384 0.11514 0.0021168 0.00036634 0.0022796 0.0015728 -0.00087827 0.010108 0.0022403 0.017945 -0.012463 -0.011674 0.040592 0.068894 0.38525 -0.13057 0.43556 0.23469 0.012845 -0.029813 0.013115 0.030746 -4.9084e-07 -0.00045205 0.00025336 0.00067402 0.0043535 0.0089368 0.0095167 0.014518 -0.0016097 0.010999 0.0038352 0.011752 0.0033348 -0.0051573 0.0035725 0.0059109
-0.00028365 0.0020923 0.00059736 0.0026685 0.075266 -0.0095768 0.075593 0.017093 0 0 0 0 0 0 0 0 -0.002018 0.0023392 0.0022677 0.0025247 0.50367 -0.00034274 0.515 0.019981 0 0 0 0 0 0 0 0 0.0032811 0.0046258 0.0093587 0.024112 0.44731 0.032124 0.47214 0.1279 -0.004667 -0.020766 0.044207 0.095252 -0.0010128 -0.0031757 0.0026567 0.015341 -4.8341e-05 -0.0024561 0.00057714 0.0043039 0.08005 -0.033317 0.08107 0.044139 0 0 0 0 0 0 0 0
0.00099617 0.0011699 0.0010745 0.0011953 -0.016266 0.022758 0.045059 0.073771 -0.00073208 0.051632 0.05601 0.074645 -0.0031947 0.016648 0.0032475 0.016655 0 0 0 0 -0.21012 -0.12439 0.36893 0.35911 0.24225 -0.018783 0.30865 0.31927 -7.9644e-05 0.00022116 7.9644e-05 0.00022116 0 0 0 0 -0.19236 0.18334 0.23656 0.29932 0.20996 0.079553 0.30551 0.14011 0 0 0 0 0 0 0 0 -0.018566 -0.038389 0.053734 0.10866 0.035387 -0.0090314 0.035387 0.014817 0 0 0 0
-0.00025175 1.8929e-05 0.00058652 0.00039157 -0.0003348 -0.0018781 0.0021442 0.0026514 -0.00046217 -0.0015253 0.0038014 0.0031613 -7.7503e-05 0.00018833 0.00039973 0.0004594 -0.036376 0.0037431 0.04916 0.026589 0.15152 0.066646 0.45093 0.08334 -0.10522 0.076534 0.36325 0.1053 -0.018063 0.0018823 0.036167 0.055299 -0.021777 -0.012186 0.033494 0.020992 0.14961 -0.021792 0.56616 0.06467 -0.095709 -0.030828 0.4578 0.11015 -0.024121 0.00094253 0.050006 0.042908 0.00096961 -0.00040219 0.0014012 0.0014979 0.0050778 -0.029852 0.031647 0.030341 -0.0059183 -0.03413 0.032489 0.038931 -0.0013926 -0.0015672 0.0021423 0.0018703
0.0021312 0.0004833 0.0024631 0.00057336 0.066779 -0.0038212 0.068173 0.0044303 0 0 0 0 0 0 0 0 0.0095546 -0.0025379 0.013308 0.0066572 0.51319 -0.057392 0.51927 0.064008 0 0 0 0 0 0 0 0 0.009479 0.015631 0.043117 0.047166 0.39531 0.053504 0.46486 0.18323 0.017294 -0.033673 0.10036 0.12907 0.0081184 -0.0028887 0.0081184 0.0077991 0.00063006 0.00068861 0.0020251 0.0014827 0.064419 0.0072218 0.065112 0.0096513 -9.0841e-05 0.00037936 0.00027993 0.00037936 9.5201e-06 0.00010855 9.5201e-06 0.00010855
0.00013901 -0.00039303 0.00048221 0.00069406 0.065806 -0.0079579 0.06712 0.010012 0.00043605 0.00016656 0.00043605 0.00033638 0 0 0 0 -0.0042828 0.03267 0.011873 0.034525 0.42322 0.10578 0.4948 0.16397 -0.0028304 -0.054786 0.043979 0.054786 0.0055331 -0.011063 0.0079408 0.011063 -0.011063 -0.016239 0.055333 0.018282 0.2411 -0.084103 0.57853 0.21913 0.070315 0.010403 0.19969 0.10697 0.0031393 0.003105 0.019932 0.020512 -0.00072667 -0.0031992 0.0025101 0.0037065 0.058588 -0.0016847 0.068051 0.033723 0.0014551 0.0070212 0.0055438 0.0073723 0.00043271 0.0017546 0.00045217 0.0017546
-1.0318e-05 0.00040714 0.00032775 0.00040714 0.071806 -0.0035984 0.0725 0.005594 0 0 0 0 0 0 0 0 -0.00243 0.00051498 0.0025626 0.0019731 0.50509 -0.018339 0.50983 0.026668 0 0 0 0 0 0 0 0 0.001211 0.013055 0.022695 0.024425 0.42621 0.018168 0.48557 0.14077 0.0157 -0.029492 0.091319 0.1054 -0.0074726 -0.0037939 0.014442 0.016564 -0.0015032 -0.0048346 0.0045997 0.0055287 0.074731 -0.014582 0.079839 0.034591 0.00072456 -0.00032097 0.00072456 0.00063129 0 0 0 0
-6.6264e-05 -0.00011748 0.00015271 0.00017083 0.00039649 3.6885e-05 0.001617 0.0010547 0.041692 0.039427 0.041912 0.039556 0.0039236 0.0037565 0.0039725 0.0037799 -5.2937e-05 0.00098298 0.0010848 0.0035608 0.0022284 0.031848 0.043664 0.054569 0.43855 -0.017472 0.44542 0.042549 0.0021827 0.0011133 0.0023319 0.0012793 0.049165 0.069877 0.049667 0.071398 -0.24962 0.094499 0.3672 0.13904 0.40642 -0.0013302 0.42091 0.042133 0.0023092 -0.001116 0.0026961 0.001116 -4.81e-05 0.00044435 0.0005269 0.00060715 -0.041076 -0.0022476 0.048966 0.0050787 0.054066 0.0034872 0.055367 0.0048371 4.637e-05 0.00014874 0.00028547 0.00020449
0.0012173 -0.00057411 0.0016804 0.0010089 0.066659 -0.013741 0.067382 0.014029 0 0 0 0 0 0 0 0 -0.014088 -0.0035513 0.023282 0.044651 0.41523 -0.028165 0.45292 0.22871 0.011922 0.028352 0.06027 0.10315 0.0099927 0.0014535 0.0099927 0.0052939 -0.0065321 0.003271 0.011683 0.0056777 0.49426 0.0271 0.52934 0.081931 0 0 0 0 0 0 0 0 -0.00069561 -0.00013237 0.0016143 0.00049016 0.068983 -0.0013901 0.069416 0.0046513 0 0 0 0 0 0 0 0
-0.0002406 0.0023369 0.00059196 0.0055238 -0.0074347 0.0055856 0.0096812 0.01343 0.015868 0.0058132 0.033409 0.04354 0.00011894 -0.0070406 0.0048672 0.012903 0.001942 -0.0060205 0.0032138 0.012005 -0.076664 -0.033746 0.11575 0.077184 0.25888 -0.12027 0.53427 0.31977 -0.0057141 -0.01126 0.067602 0.051662 0.00087621 0.0088298 0.030223 0.053042 -0.032942 0.032319 0.11168 0.074174 0.1524 0.17045 0.24046 0.56607 -0.046348 0.0077673 0.048275 0.03016 -0.0047133 0.014676 0.0057532 0.016101 -0.0066851 0.09732 0.05173 0.097531 0.015501 0.0083693 0.041193 0.092313 -0.010885 0.0014542 0.011069 0.0039369
-0.00034969 -0.015693 0.00073004 0.015695 0.0043854 -0.1019 0.0071964 0.10608 0.02462 -0.10577 0.0386 0.11548 0.0076007 -0.012877 0.0084697 0.014244 0.00035788 -0.0010493 0.0030118 0.006742 -0.028195 -0.03754 0.046753 0.048958 0.25894 -0.13383 0.4057 0.44139 -0.033085 -0.028649 0.053451 0.080625 -9.1704e-05 -0.0087108 0.0047725 0.020761 0.036787 -0.0089204 0.067797 0.073117 0.19762 0.19014 0.47338 0.39644 -0.041128 -2.6883e-05 0.053842 0.022531 0.00020961 2.1248e-05 0.00077685 0.00060939 0.025229 0.01769 0.027234 0.020631 -0.00048448 0.0039089 0.041258 0.10434 -0.00049775 -5.9188e-06 0.0026585 0.0017738
-0.00090616 -0.00030662 0.0056552 0.00045287 0.023574 0.0065206 0.024546 0.014039 -0.0054135 0.017764 0.032875 0.040096 -0.00026383 -0.00032251 0.00027174 0.00047231 0.0089109 0.0023308 0.015453 0.0045372 0.23824 -0.0040392 0.29732 0.13272 -0.15261 -0.081336 0.21546 0.19881 -0.0010153 -0.00034054 0.002207 0.0011677 -0.0037785 0.0132 0.036244 0.015357 0.15862 0.35851 0.29328 0.53562 -0.15216 0.15292 0.19726 0.27532 -0.0026853 0.0006492 0.0032927 0.0075833 0.0033828 0.023124 0.0084097 0.023124 -0.0070821 0.0067188 0.026588 0.023237 -0.0049948 0.10545 0.018441 0.10677 -0.0017195 0.027341 0.001808 0.027341
-6.4454e-05 -0.00027022 0.00054706 0.00050175 0.079355 -0.018627 0.080492 0.022041 0.0011681 -0.0011539 0.0014294 0.0015039 3.6273e-05 -0.00029735 0.00011052 0.00029735 0.031514 0.015074 0.037317 0.017083 0.37094 0.0796 0.43438 0.30943 0.011428 -0.034306 0.16037 0.1081 -0.0013019 -0.00038394 0.014093 0.021161 0.021385 -0.010759 0.055943 0.031344 0.31682 0.038195 0.44446 0.36228 0.02708 0.010032 0.2518 0.045044 -0.0045173 -0.00055261 0.020017 0.020315 -0.00099715 -0.0011225 0.0013087 0.0013481 0.074647 -0.023266 0.074962 0.033366 -0.0066981 0.0046448 0.019486 0.0060666 0.0017361 -0.0002329 0.0017361 0.00078103
0.00029441 0.00025396 0.00097824 0.00069785 -0.0023853 0.0022364 0.0096335 0.0081808 -0.0009871 -0.0024535 0.0050296 0.0078972 0.0051691 0.0045367 0.0080584 0.0049231 0.0019601 -0.00074961 0.0065542 0.0085226 -0.024913 -0.013591 0.04503 0.046883 0.13149 0.12859 0.42112 0.24673 0.022768 0.021226 0.090792 0.081952 0.0018609 -0.0019554 0.010414 0.010052 0.1723 0.056985 0.20441 0.25257 0.03159 -0.11107 0.54526 0.48155 -0.033495 -0.029323 0.061069 0.074993 0.0029521 0.0017493 0.0038371 0.0032289 -0.026621 0.055832 0.066953 0.072442 -0.0049847 0.0038588 0.013624 0.007224 -0.00034662 -9.0035e-05 0.00095526 0.00074123
-0.00061299 -0.0006135 0.00091417 0.00062137 -0.00062999 -4.7257e-05 0.0058788 0.0022645 0.013252 0.013275 0.013805 0.022038 0.00046715 0.010404 0.00066519 0.011638 -0.0013795 -0.00067743 0.0031457 0.0016957 0.0087567 3.149e-05 0.021176 0.011416 0.48281 0.089549 0.48281 0.16946 0.00052041 0.01252 0.00068184 0.01252 -0.00055136 -1.1785e-05 0.0026625 0.0016888 0.011621 -0.0046891 0.019728 0.010529 0.48944 -0.017649 0.48944 0.06189 0 0 0 0 -0.00018543 -8.8887e-06 0.00018543 0.00016534 0.0007664 9.244e-05 0.0015296 0.001775 0.073261 0.0033219 0.073261 0.0096188 9.8625e-06 -3.468e-06 9.8625e-06 9.8625e-06
-0.00035966 7.1526e-05 0.0012518 0.00039415 0.0027763 0.001212 0.0053068 0.0038485 0.0071973 0.015002 0.016932 0.019959 0.0032153 -0.0048786 0.01212 0.016609 -0.00086498 0.0022871 0.0054743 0.0065645 -0.015159 0.0019892 0.038622 0.053692 0.30879 0.098489 0.49222 0.29596 -0.017773 -0.0056835 0.10256 0.094053 -0.00235 0.0025684 0.0081683 0.009759 0.080143 0.012829 0.13722 0.087998 -0.015674 -0.13876 0.45785 0.50312 0.013103 -0.032851 0.050721 0.05328 -0.00017196 -0.00014624 0.00097282 0.00065145 0.021711 0.038187 0.049984 0.072728 -0.026914 0.038583 0.036381 0.060774 -0.0001412 -0.00019194 0.0003955 0.0011966
-0.0044514 -0.0098399 0.0070252 0.013241 -0.0052426 -0.031873 0.047727 0.033196 0.06085 -0.013939 0.10291 0.046629 0.0017315 0.001813 0.00248 0.0019587 -0.0041019 0.008154 0.0079684 0.013133 0.027708 0.029771 0.048063 0.051418 0.16594 0.031302 0.57224 0.20668 0.11113 -0.011112 0.11114 0.019582 -0.0078909 0.0028946 0.02535 0.0069705 0.18528 0.0055235 0.22247 0.11626 0.054222 -0.051995 0.63843 0.15386 0.055957 0.015136 0.055957 0.015615 -0.0016295 -0.00051524 0.0074814 0.001702 0.00038775 -0.001386 0.0073304 0.0038122 0.051633 0.0020681 0.053905 0.016055 0.00034082 8.3531e-06 0.00034082 0.00024158
0 0 0 0 -0.00034892 -0.00034892 0.00034892 0.00034892 -0.01785 -0.014367 0.029829 0.017431 0.0015236 0.0030469 0.0076993 0.0068992 -0.0014297 -0.0040957 0.0025716 0.0040957 -0.23296 -0.17178 0.33417 0.28155 0.21599 -0.044889 0.41977 0.29457 0.016336 0.015529 0.020953 0.042707 0.024006 -0.042975 0.091789 0.080181 0.043232 0.1499 0.33061 0.40386 0.13453 0.15434 0.1622 0.15434 0 0 0 0 0.017127 -0.0069291 0.026625 0.014822 0.018264 0.0014983 0.031268 0.018233 1.814e-05 -5.1846e-05 5.1846e-05 5.1846e-05 0 0 0 0
-0.00012742 8.9953e-05 0.00061798 0.00088099 -0.0015302 -0.00089803 0.0039543 0.0052155 0.00070007 0.0014575 0.0050071 0.005489 0.0066444 -0.007435 0.0096307 0.009898 -0.0015316 -6.1919e-05 0.0028028 0.0040619 0.0022247 0.0044883 0.022864 0.021896 0.17306 0.12638 0.43764 0.32706 0.005703 0.028014 0.060398 0.092366 -0.0013947 0.0011608 0.0026585 0.0030151 0.083161 0.028326 0.13739 0.10298 0.076865 -0.056715 0.32069 0.67689 -0.0051568 -0.033407 0.049562 0.07962 -0.00026453 4.1082e-06 0.0004171 0.00069864 0.023601 0.035665 0.054044 0.070981 -0.021598 0.028744 0.048366 0.10171 -0.0011971 -0.001546 0.0054516 0.0052264
0.00045794 0.00057739 0.00096662 0.00072997 0.0017031 0.0010521 0.0113 0.0088144 0.020641 0.0094889 0.023953 0.025467 0.00052628 0.002924 0.0067702 0.014233 0.007198 -0.0015509 0.0082697 0.0079667 0.030521 0.041606 0.052171 0.046645 0.23311 -0.063552 0.44515 0.41469 -0.025617 0.012327 0.055929 0.10794 0.007477 0.0018207 0.0088367 0.0033639 0.22157 0.038117 0.22729 0.11529 -0.068705 0.18856 0.45528 0.40176 0.003752 -0.019937 0.082162 0.05117 0.0007859 0.00010535 0.00081638 0.00092322 0.018337 -0.013014 0.022075 0.016326 0.01811 -0.018815 0.078813 0.057123 -0.0072017 -0.0035494 0.0085519 0.004126
-0.00034883 0.00051196 0.00039949 0.00051196 -0.057473 0.050748 0.058443 0.059163 -0.070055 0.12528 0.12938 0.1785 -0.014915 -0.0066824 0.016514 0.0092645 -0.0058324 -0.00096099 0.0058324 0.001959 0.035436 -0.06322 0.50821 0.24522 -0.10255 0.15105 0.3504 0.34627 -0.076302 0.14074 0.076708 0.1467 -0.020588 -0.017279 0.032613 0.054127 0.036924 0.061046 0.32036 0.32183 0.10301 0.11016 0.10301 0.11016 -0.00045863 0.00049735 0.00045863 0.00057653 -0.00068666 0.00085099 0.0059776 0.010505 0.023358 0.0054769 0.033242 0.035633 0 0 0 0 -9.1491e-06 1.7156e-05 9.1491e-06 1.7156e-05
-2.142e-05 4.1815e-05 0.00016126 0.00014137 0.067795 -0.021249 0.068046 0.02139 0.00070734 9.2167e-05 0.00070734 0.00051994 0 0 0 0 -4.938e-05 -0.0002572 0.0010859 0.0009645 0.49766 0.03714 0.49841 0.042916 0.0028036 0.0006424 0.0028036 0.00091984 0 0 0 0 -0.00052807 0.00020697 0.0011425 0.00093146 0.4871 -0.016337 0.48763 0.040018 0.0033445 -0.0024948 0.0047801 0.0032627 0 0 0 0 -0.00024035 3.5109e-05 0.00029718 7.0056e-05 0.04633 -0.050281 0.048159 0.051909 0.029605 -0.032639 0.029605 0.032669 8.0173e-05 -5.2659e-05 8.0173e-05 7.0842e-05
0.0017604 -0.010342 0.0061269 0.013264 0.042143 -0.050583 0.061834 0.050592 0 0 0 0 0 0 0 0 -0.00015137 0.0061314 0.0053833 0.0065498 0.50916 -0.0042194 0.51 0.10888 0 0 0 0 0 0 0 0 0.00060002 0.0093205 0.0050668 0.01887 0.45769 0.033228 0.48012 0.089144 0.0040283 -0.015317 0.0075026 0.015317 0 0 0 0 -0.00032775 0.00011831 0.00080878 0.00046896 0.058192 0.0066972 0.062253 0.011086 0.00092831 0.0080886 0.001912 0.0080886 0 0 0 0
-0.0010738 -0.0033642 0.001088 0.0040992 -0.0012234 -0.028732 0.0089374 0.03162 0.011753 -0.039612 0.022712 0.05108 -4.1662e-05 -0.0015233 0.0063088 0.0093257 -0.004405 0.0036681 0.004405 0.0095312 -0.056212 -0.010246 0.08557 0.050859 0.46141 0.087069 0.46447 0.14406 0.0046348 0.028298 0.0046348 0.028298 -0.0088308 -0.0036126 0.0089011 0.0039436 -0.050774 -0.0041255 0.12009 0.012269 0.49381 -0.059869 0.49486 0.093897 0.0026216 -0.0068996 0.0026216 0.0068996 -0.00030244 0.00010566 0.00033329 0.00034338 -0.010187 -0.00042357 0.016885 0.001281 0.017218 -0.016537 0.020581 0.023933 0.0028133 -0.01525 0.0037922 0.019035
-0.00070523 0.0023689 0.0021783 0.0025801 -0.0045663 0.038582 0.012242 0.04094 0.034668 0.034317 0.040295 0.035599 0.0006554 -0.0024482 0.0018776 0.0024744 -0.026319 -0.01169 0.064587 0.013513 -0.090663 -0.12082 0.53716 0.23957 0.30506 -0.047494 0.36488 0.17175 -0.0046749 0.004019 0.032236 0.0075634 -0.0087696 -0.0068731 0.018412 0.017641 -0.020125 -0.072461 0.14666 0.076393 0.3915 0.021231 0.40263 0.056876 -0.0034473 0.0053313 0.011486 0.0068727 0.00016846 0.00054725 0.00032445 0.0024246 0.001096 0.002001 0.0028981 0.014524 0.02128 -0.036062 0.022052 0.049598 0.0074932 -0.010291 0.0075026 0.010857
-0.00046118 0.00034314 0.00096765 0.0015463 0.071635 -0.012645 0.071635 0.014382 0 0 0 0 0 0 0 0 -0.0032846 0.0051773 0.0079401 0.021818 0.4645 -0.00080698 0.4841 0.147 0.0089967 0.0072463 0.012163 0.039212 0 0 0 0 -0.00066965 -0.0099865 0.0054726 0.0099865 0.48902 -0.011045 0.51175 0.038299 0 0 0 0 0 0 0 0 -0.00086826 0.004524 0.0026488 0.0062712 0.074808 0.010396 0.079122 0.01903 0 0 0 0 0 0 0 0
-0.00060737 0.00020369 0.00069561 0.00034169 0.00040023 -0.00035846 0.0022258 0.0022003 0.08963 -0.034484 0.08963 0.03458 6.7301e-05 5.0038e-05 6.7301e-05 6.2346e-05 -0.00093761 0.00043847 0.0048271 0.0029928 -0.0098973 0.0039057 0.0153 0.011886 0.48257 -0.10007 0.48495 0.11294 0.0024061 -0.0014219 0.002458 0.0020176 0.0025216 -0.00028259 0.004406 0.0019047 -0.02148 0.015084 0.02766 0.020872 0.47382 0.096927 0.47415 0.10119 0.00081175 0.0011794 0.0015672 0.0021964 -0.00020958 3.933e-05 0.00065762 0.00028051 0.0057973 0.0044348 0.010884 0.006395 0.083226 0.050983 0.083244 0.051209 0.00021324 4.1155e-05 0.00021324 0.00013525
0.00072731 0.0013911 0.00076872 0.0014352 0.0040199 0.0065152 0.0051923 0.0077038 0.0059435 0.0053648 0.0075846 0.0064882 0.00078336 0.002473 0.0032378 0.0037112 -0.0025689 0.04308 0.012234 0.045318 0.013253 0.016629 0.06064 0.045977 0.21511 0.078493 0.38398 0.36495 -0.029302 -0.0055094 0.070982 0.041912 0.039054 0.0071153 0.065041 0.069659 -0.070112 0.12877 0.35083 0.35109 0.025057 -0.062918 0.45508 0.39132 -0.010999 0.00047039 0.042195 0.050936 -0.00051425 -0.011518 0.0034858 0.011958 -0.0033624 -0.0053527 0.013341 0.015304 -0.00017401 -0.00046744 0.005253 0.0047066 0.00023896 0.00083322 0.00078138 0.0012211
-0.0036581 0.00070347 0.0037492 0.0009045 -0.030014 0.0024658 0.031264 0.0055117 0.055169 -0.0071723 0.055173 0.016003 -2.3623e-06 4.666e-05 0.00024719 0.00021998 -0.0032577 0.001141 0.0042556 0.0026058 -0.29685 0.044562 0.31525 0.066934 0.35295 -0.021778 0.36612 0.054541 0.0016684 -0.00084837 0.0022371 0.0017807 0.0057015 -0.0055461 0.0073999 0.0061088 -0.3524 0.027957 0.37135 0.045765 0.35147 0.024453 0.36277 0.036918 0.0013626 0.00090681 0.0034247 0.0024413 0.0042914 -0.0059371 0.0068888 0.013642 -0.04275 0.010608 0.043088 0.053275 0.050931 0.0088984 0.05263 0.031255 0.00087808 -0.0004127 0.00087808 0.00061482
-0.00058969 -0.00014427 0.00097558 0.0024873 0.067675 -0.0071375 0.08457 0.018803 0.00015748 0.0016641 0.0019555 0.0024584 -3.2386e-05 0.00019604 0.00013371 0.00019604 -0.0077561 0.00058508 0.014754 0.0043933 0.48083 0.024661 0.51183 0.061659 0.0054584 0.00067039 0.0054584 0.00067039 0 0 0 0 -0.0039418 -0.00097501 0.017115 0.0018863 0.48001 -0.016798 0.49767 0.028389 0.0040451 -0.00053926 0.0040451 0.0013078 0 0 0 0 -0.0004406 -0.00046207 0.0014723 0.00064264 0.071268 -0.0059335 0.072376 0.006382 0.0011704 7.0006e-05 0.0011704 0.0003007 0 0 0 0
0.0017367 0.00034054 0.003214 0.00087023 0.067711 -0.013665 0.067711 0.014261 0 0 0 0 0 0 0 0 -0.0040778 0.0038835 0.0094484 0.046643 0.46178 -0.01573 0.46555 0.17254 0.01577 0.016237 0.039941 0.082089 0 0 0 0 -0.0011694 -0.0012778 0.012325 0.0037756 0.49275 0.025663 0.51212 0.048687 0 0 0 0 0 0 0 0 0.00051464 -0.0012139 0.0010791 0.0012139 0.072494 -0.0021038 0.075788 0.0037659 0 0 0 0 0 0 0 0
-0.00059124 0.00030528 0.00097423 0.0010766 -0.00053259 0.002084 0.0075606 0.0047449 0.00049922 0.0024958 0.0036598 0.0052718 -1.9523e-05 0.00064227 0.00024691 0.00073863 -0.021184 0.012318 0.02636 0.030772 0.25033 0.047805 0.26715 0.055895 -0.0067401 0.067863 0.45663 0.40551 -0.068463 0.017296 0.10269 0.021544 -0.0035477 -0.0097123 0.040914 0.035207 0.14798 0.0045955 0.37936 0.28561 -0.061796 -0.11955 0.38141 0.2014 -0.052166 -0.01567 0.075709 0.035036 -2.4896e-05 -6.3909e-05 0.0008204 0.00080165 0.0025194 0.0024978 0.003846 0.0047252 -0.0010756 0.00098431 0.004646 0.003253 -0.00027933 0.00044021 0.00055565 0.00068861
-0.0038261 0.00046264 0.0038268 0.0014124 0.029399 0.0015263 0.062268 0.0093644 -0.020453 0.0042236 0.044339 0.01465 -0.0074873 0.0018136 0.0086381 0.0033217 -0.024039 0.005751 0.024039 0.012104 0.34846 0.018712 0.47669 0.11095 -0.35442 0.066585 0.4307 0.16554 -0.014978 -0.009552 0.035142 0.041463 -0.010327 -0.0083447 0.011141 0.013215 0.11592 -0.054834 0.32772 0.17359 -0.17124 -0.13585 0.17981 0.21493 -0.0049818 0.003771 0.0068844 0.01684 0.00036806 -0.0024342 0.0015155 0.0083175 -0.0027848 -0.0098121 0.0099919 0.036813 0.00039625 -0.0050079 0.011867 0.022778 -0.0010525 0.0021061 0.0018943 0.006637
0.00025915 2.655e-06 0.00041378 0.00010317 -0.00061887 0.00080739 0.0016205 0.0011358 0.054526 0.013776 0.057769 0.016792 0.0036088 0.0014603 0.0036351 0.0015029 -0.00052567 0.00013075 0.003694 0.0012342 0.00058737 0.0022226 0.018717 0.02876 0.55161 -0.12363 0.55401 0.37633 0.0086947 -0.027572 0.0087014 0.028115 0.0003803 0.0017632 0.0022426 0.0034705 0.017622 0.011504 0.035358 0.039286 0.035766 0.053157 0.34269 0.22688 0.032645 -0.095764 0.033482 0.09619 -0.00084263 0.00026935 0.0015838 0.00106 0.01579 0.009822 0.017432 0.014957 0.020893 0.060027 0.12758 0.062837 -0.00030264 0.0087796 0.0013599 0.0087839
0.0040417 0.0039016 0.014583 0.010844 0.023227 0.011246 0.11247 0.041898 -0.024288 0.0066894 0.10776 0.056263 -0.011974 -0.0022662 0.012282 0.0052835 0.019139 -0.025545 0.024308 0.047258 -0.019259 -0.1808 0.52184 0.30233 0.075067 -0.039571 0.62383 0.31671 0.056962 0.034103 0.11045 0.069674 0.00094643 0.00057251 0.0047661 0.0032578 0.0058997 0.018143 0.034246 0.028036 0.053163 -0.090999 0.092971 0.13939 0.012074 -0.045624 0.029012 0.072423 0.0003169 3.9182e-05 0.0012062 0.00058133 0.00026634 -0.00084654 0.0059317 0.0086499 0.0015392 0.0013345 0.0071744 0.0063959 -0.00034978 0.00031456 0.0013705 0.000714
-0.005605 -0.00079534 0.010554 0.0064507 -0.0053396 0.026278 0.023699 0.032211 0.00016772 -0.0027472 0.0061814 0.0051564 -8.2415e-05 -0.00022785 0.00052014 0.00078659 0.027021 -0.025377 0.071326 0.077198 -0.01234 -0.14298 0.35912 0.28793 -0.012971 0.098173 0.34319 0.42939 -0.018939 0.040421 0.021767 0.043852 0.00031906 -0.0030898 0.0062066 0.0056099 0.018221 -0.015835 0.046707 0.040324 0.2534 -0.056871 0.41537 0.41927 -0.028077 -0.019181 0.1024 0.059129 0.00052903 -0.00087352 0.0008097 0.00088183 0.0030183 -0.0070096 0.0072182 0.0075175 0.0027787 -0.007957 0.0094205 0.013227 0.0059871 0.0014667 0.014517 0.0076072
0.00021673 -0.00024231 0.00046103 0.00056611 0.036868 -0.073112 0.037741 0.083523 0.024784 0.0078359 0.10194 0.06618 1.9787e-05 1.2195e-05 1.9787e-05 1.2195e-05 -0.0025677 0.0039814 0.0031719 0.0039814 0.001961 0.0055319 0.010916 0.013175 0.47282 -0.14213 0.47282 0.16998 0 0 0 0 -0.0017844 0.000882 0.0041164 0.0049157 0.029842 0.043806 0.038761 0.044198 0.4301 0.16721 0.4329 0.22603 0 0 0 0 -0.00018278 -5.7317e-05 0.00072859 0.00068128 0.033537 0.023134 0.034793 0.023299 0.05117 0.056913 0.05117 0.056913 0 0 0 0
7.4927e-06 -0.0023134 0.0033412 0.0031597 0.013904 -0.0051095 0.060277 0.060621 0.00032429 0.02051 0.056956 0.070749 -0.0064915 0.0039842 0.0070484 0.0042621 0.0012283 -0.0042184 0.0049626 0.0076543 0.16525 -0.16564 0.20632 0.37387 -0.036887 -0.12173 0.67108 0.29124 0.013985 0.0018068 0.087757 0.033465 0.001238 -0.0075083 0.0033874 0.0082874 0.0030874 -0.042908 0.033373 0.059959 0.07562 -0.14396 0.32914 0.19394 0.023974 -0.020277 0.05772 0.046747 5.2133e-05 0.00081649 0.00077063 0.0024529 0.00023025 -0.0030852 0.0049395 0.015699 0.0002377 -0.0075363 0.0037871 0.011719 0.00054731 -0.0011079 0.00066334 0.0011507
-0.00069278 -0.00085399 0.00099006 0.0023669 -0.0020643 0.0021207 0.005547 0.0060493 0.0024761 0.004945 0.0040785 0.0059528 0.0011786 0.0011992 0.0013016 0.0013264 -0.038605 0.024308 0.039844 0.025068 -0.0031055 0.02468 0.035565 0.036987 0.17204 0.10601 0.41287 0.317 0.0026249 0.01482 0.05922 0.051971 -0.11773 0.046642 0.11943 0.046713 -0.0048471 0.038795 0.052289 0.060836 0.32551 0.13958 0.56025 0.37607 -0.042088 0.021283 0.11557 0.063688 -0.017094 0.0054076 0.017515 0.0073943 -0.035937 0.051303 0.046399 0.10429 0.026235 -0.011623 0.099287 0.068165 0.005099 0.00071051 0.012361 0.0094423
0.0030469 -0.00019215 0.003732 0.0029859 -0.0068752 -0.07604 0.065296 0.11745 -0.022082 -0.0054982 0.028357 0.017501 -9.314e-05 0.0012401 0.00050114 0.0021891 5.1741e-05 0.00099207 0.0064445 0.007368 0.20054 -0.023052 0.24462 0.21476 -0.06415 0.091483 0.5028 0.53439 0.011437 0.046178 0.071859 0.081887 0.001194 0.00046911 0.0089599 0.0045396 -0.0052444 0.011904 0.053285 0.070013 0.11591 -0.087358 0.37737 0.27828 0.005793 -0.030485 0.051416 0.096318 0.00093614 0.00014435 0.0018029 0.0012443 -0.00090407 0.0018478 0.010784 0.0097672 -0.0008138 0.00063027 0.0076225 0.01177 0.0048937 -0.012059 0.0091509 0.01325
0 0 0 0 0 0 0 0 0 0 0 0 0 0 0 0 0 0 0 0 -0.14533 -0.07681 0.14834 0.32754 0.15028 -0.13049 0.178 0.19779 0 0 0 0 0 0 0 0 -0.32385 -0.087395 0.33971 0.40951 0.35752 0.055357 0.40503 0.16902 0 0 0 0 0 0 0 0 -0.037018 -0.0066501 0.052691 0.072522 0.047732 0.0056003 0.047732 0.011048 0 0 0 0
0.00010933 0.00086581 0.00084435 0.0012982 -0.0023738 0.011842 0.040773 0.015028 0.066928 -0.015652 0.066928 0.016642 -2.1918e-05 -6.655e-05 6.4943e-05 6.655e-05 0.00077216 -0.00078919 0.0058423 0.0031932 -0.031753 -0.073553 0.34437 0.12278 0.44474 0.0043497 0.44816 0.093839 0.00016252 -3.7189e-05 0.00016252 3.7189e-05 -0.0058719 -0.00075319 0.011335 0.0049267 0.01236 0.0060226 0.028831 0.024411 0.45275 0.022959 0.46892 0.068464 0.00079036 0.00022846 0.00079036 0.00040288 -0.00073798 0.00063688 0.00148 0.00081674 0.00038511 0.00035081 0.0042113 0.0028809 0.064987 -0.011288 0.065551 0.017727 0.00027213 -1.8228e-05 0.00027319 0.00013021
0.0016699 -0.0040997 0.0059047 0.005533 -0.0025261 -0.024631 0.018115 0.035745 0.065137 -0.014951 0.077664 0.032474 0.00048678 0.0009679 0.00098023 0.00098201 0.0010291 0.0011474 0.0073666 0.0055098 0.071886 0.0040201 0.1368 0.063217 0.38287 -0.014281 0.56525 0.080357 0.00054716 4.7116e-05 0.00054716 0.00017534 -0.0041902 -0.00021746 0.010163 0.0012321 -0.014558 0.0012221 0.099881 0.01364 0.48169 -0.00083364 0.48169 0.038185 4.4403e-05 -4.4403e-05 4.4403e-05 4.4403e-05 0.00010107 -7.7713e-05 0.0011669 0.00041909 -0.0031437 -0.0020538 0.010327 0.0037909 0.067636 -0.0021923 0.067994 0.0071715 0.0001154 1.7849e-06 0.0001154 1.7849e-06
0.0044731 -0.00010279 0.0084874 0.0051275 -0.003638 0.048757 0.050715 0.073608 -0.022134 0.0021175 0.025995 0.0099215 0.0008984 -3.4415e-05 0.0014977 0.00069299 0.025589 -0.014627 0.027293 0.019077 -0.05291 -0.22366 0.16914 0.26332 0.02804 -0.079135 0.3563 0.2866 0.0018872 -0.00097544 0.0044039 0.0029515 0.0046527 -0.0045995 0.0059753 0.0058568 0.0094971 -0.0031981 0.026682 0.041075 0.2298 0.25015 0.51197 0.47281 -0.023745 0.01076 0.055033 0.033006 0.00077875 -0.0011004 0.00086013 0.0012639 0.0063755 -0.0042509 0.006824 0.0044399 0.023273 -0.057315 0.047856 0.066389 0.0013639 0.0056047 0.0073817 0.010958
0.00070073 0.000897 0.00079912 0.00097564 0.0015696 0.0057776 0.0068414 0.0073057 0.0008535 0.0040863 0.0040002 0.0050046 0.00054929 0.00022157 0.0013349 0.0012076 0.016136 0.060099 0.01732 0.061927 -0.030819 0.054666 0.090279 0.075411 0.1587 0.065484 0.52271 0.30623 0.035308 9.3567e-05 0.10101 0.069932 -0.0074631 -0.01187 0.058088 0.093331 0.0020099 0.07703 0.35768 0.28708 -0.038804 -0.036946 0.4538 0.34703 0.014725 -0.016869 0.02894 0.022698 -0.0018953 -0.011982 0.0046393 0.013467 -0.0069566 -0.015652 0.013365 0.023879 0.0018407 0.0062213 0.0060621 0.0083993 -0.00016368 0.00034186 0.00073981 0.00099113
-0.00039165 -0.00044996 0.0023618 0.0051127 0.006123 -0.019347 0.048675 0.053284 0.046964 -0.0016498 0.058811 0.033875 0.00085581 0.0016337 0.0021204 0.0024705 0.00010128 -0.0022985 0.013 0.0047508 -0.023261 0.0073426 0.066097 0.044785 0.45822 -0.012501 0.52524 0.11054 5.5022e-05 0.00021016 6.8122e-05 0.00021016 -0.0007399 -0.0015828 0.010971 0.0019628 -0.021612 -0.0036678 0.088172 0.020929 0.4762 0.0032945 0.48416 0.044027 0 0 0 0 -0.00079801 -0.00045846 0.00088524 0.00049053 -0.0028177 -0.0043196 0.012274 0.0044129 0.070598 -0.0012427 0.070598 0.0046473 0 0 0 0
-2.8044e-05 0.00054077 0.0011849 0.00079337 -0.012097 0.009455 0.021554 0.01306 0.018163 -0.0092 0.019854 0.012034 0.0036552 -0.0020127 0.0055691 0.0027789 0.0022827 0.001362 0.0067505 0.0062376 0.13878 0.13923 0.18655 0.16113 -0.043791 0.18404 0.31409 0.3073 -0.022731 0.018565 0.046078 0.031859 0.0020907 -0.0025719 0.0046699 0.0063562 0.28254 -0.11534 0.29587 0.12426 -0.20984 -0.1429 0.44945 0.22205 -0.018402 -0.0093434 0.04999 0.034064 -0.011224 0.053426 0.011279 0.053426 -0.038128 0.2178 0.044694 0.23077 -0.016888 0.12664 0.025057 0.14933 -0.0013983 0.012194 0.0029597 0.013951
-0.00086943 0.00028067 0.00088784 0.0018964 -0.001787 -0.0043607 0.0066636 0.0084147 0.020331 0.039114 0.022448 0.06678 0.0018313 0.015817 0.0030157 0.017427 -0.0079779 -0.0028566 0.0093508 0.0098658 -0.0078062 -0.006413 0.037245 0.0097996 0.48789 0.020967 0.48789 0.085958 0.00075936 0.0010236 0.00075936 0.0010236 -0.012262 -0.0014556 0.012262 0.0021827 0.00037082 -0.0045641 0.043063 0.0086271 0.49689 0.013083 0.49689 0.022874 0 0 0 0 -0.0019542 0.00028721 0.0019544 0.00029746 -0.0010366 -0.00025097 0.0052158 0.00080835 0.065443 -0.019001 0.065518 0.029704 0.00081536 -0.0035148 0.00087784 0.0038123
-0.00049726 0.00036454 0.0014292 0.00079871 0.037248 -0.0051052 0.042894 0.016067 -0.028722 -0.027945 0.065603 0.058454 -0.0010347 0.00027665 0.0010347 0.00069039 -0.002436 -0.0079047 0.0049486 0.0095465 0.0022109 -0.051794 0.063773 0.12199 0.12763 -0.070518 0.30359 0.53694 -0.062207 0.004444 0.06263 0.026817 0.00177 0.0035743 0.0053482 0.013017 -0.025372 0.0429 0.055303 0.084009 0.18822 0.065178 0.37981 0.58496 -0.052829 0.0089701 0.065551 0.04476 0.00066033 0.001957 0.001169 0.0093463 -0.0083771 -0.015246 0.012448 0.022256 0.015208 -0.022913 0.060941 0.036147 -0.0012099 -0.0019628 0.0060095 0.011016
-0.00092489 -0.0025391 0.00092489 0.0028558 -0.0013692 -0.016027 0.0079529 0.019944 0.012139 -0.029882 0.019724 0.045513 0.0003997 0.0056461 0.0044689 0.010618 -0.009184 0.0040208 0.009184 0.010757 -0.029851 -0.012406 0.051042 0.033261 0.46955 0.094098 0.46955 0.1553 0.0032867 0.018362 0.0032867 0.018362 -0.011935 -0.0036632 0.011935 0.0046784 -0.024325 -0.0040626 0.08743 0.0076886 0.49809 0.0038056 0.49809 0.013566 7.1793e-05 -7.1793e-05 7.1793e-05 7.1793e-05 -0.00095507 0.00037347 0.00096641 0.00045111 -0.0060409 -0.00048096 0.012882 0.0011868 0.036715 -0.058304 0.038796 0.063987 0.0023136 -0.012443 0.0025931 0.013872
0.00015283 0.00034785 0.0002321 0.00034785 0.0091435 0.0023858 0.0096758 0.0026931 0.069436 0.0046096 0.069649 0.043241 0 0 0 0 -0.0017822 0.0028899 0.0065655 0.006632 0.056819 0.008848 0.078398 0.01858 0.49802 -0.0059285 0.50596 0.039389 0 0 0 0 -0.0062807 0.0042001 0.011024 0.018434 0.049583 0.017009 0.1021 0.030392 0.47135 -0.029225 0.47334 0.05033 0 0 0 0 -0.00024986 0.0023087 0.001245 0.0029826 0.00068231 0.010225 0.015119 0.016304 0.061745 -0.00057648 0.062517 0.013557 9.9228e-05 -0.00037929 0.00015604 0.00044679
0.0010794 -0.00010609 0.0012986 0.0002028 0.072452 0.00041094 0.074294 0.0074589 6.2821e-06 6.2821e-06 6.2821e-06 6.2821e-06 0 0 0 0 0.0089058 0.0026694 0.008966 0.0042182 0.48233 0.020061 0.49898 0.045008 0.0042396 -0.0026852 0.0042396 0.0026852 0 0 0 0 0.003616 0.0015766 0.0043867 0.0027483 0.48064 -0.030419 0.50693 0.069645 0.0085419 0.00083364 0.01069 0.0033495 0 0 0 0 0.00049833 -0.00066553 0.00051937 0.00074775 0.071863 -0.0059462 0.074498 0.011078 0.0010756 0.00026334 0.0010756 0.00046083 0 0 0 0
-3.6414e-06 -9.2487e-05 0.00034845 0.00024664 0.051402 -0.075398 0.052877 0.075795 -0.024654 -0.10333 0.028346 0.10347 -0.0009487 -0.006267 0.0016867 0.0077026 -0.0014693 0.00020658 0.0030805 0.0028047 0.036175 -0.019901 0.056347 0.025449 0.10205 -0.051677 0.122 0.40078 -0.0078128 -0.0095026 0.013127 0.0645 -0.0046662 0.0012002 0.0055083 0.0033208 -0.002519 0.00043723 0.019871 0.023442 0.25797 0.087936 0.43819 0.70029 -0.032811 0.00078296 0.034587 0.038431 -0.0010247 0.00018136 0.0016871 0.00062632 -0.00048151 0.00022068 0.0042169 0.0014415 0.0070712 -0.00040721 0.007588 0.0029382 0.00035824 0.00097748 0.0007664 0.0016151
0.00049567 -0.00013583 0.0011032 0.0006861 -0.00055725 0.0022895 0.0046299 0.0058925 -0.0032819 0.0018234 0.0059856 0.0054045 0.00023234 -0.00015567 0.00093779 0.0011166 0.0029909 -0.0025769 0.0061995 0.0065122 -0.0083284 -0.0069663 0.043878 0.035886 0.014179 0.040617 0.098789 0.09088 0.011712 0.036192 0.058557 0.044066 0.0038022 0.014741 0.022101 0.049898 0.0084376 0.14803 0.51367 0.31818 0.035718 0.10667 0.65548 0.31032 0.0010563 -0.042598 0.025687 0.047687 -0.00033208 0.0072602 0.011828 0.013725 0.023134 -0.00014487 0.10235 0.072049 -0.04077 -0.002215 0.047202 0.12496 0.00021324 -0.00051876 0.0011175 0.00085665
0.0070019 -0.0037361 0.0085908 0.0051242 0.045358 -0.043959 0.045358 0.04431 0 0 0 0 0 0 0 0 -0.0016542 0.010418 0.0019446 0.010418 0.5056 0.00016454 0.51722 0.064683 0 0 0 0 0 0 0 0 -0.0051423 0.0007496 0.0097447 0.017677 0.44876 0.02839 0.4795 0.10238 -0.00094936 -0.014579 0.0081974 0.077292 0.0044167 -0.0014733 0.0044167 0.0082784 -3.6337e-05 -0.0012083 0.00051432 0.0016555 0.078595 -0.023674 0.07867 0.044013 0 0 0 0 0 0 0 0
0.0049738 0.0050489 0.0097664 0.0052431 0.028661 0.0032212 0.11828 0.062241 -0.043223 0.029229 0.075783 0.068602 -0.0041354 0.011623 0.0044526 0.011983 0.031591 -0.012967 0.039355 0.02338 0.024027 -0.17004 0.49138 0.29618 0.10555 -0.039139 0.55205 0.47112 -0.011813 -0.020423 0.094219 0.055397 -0.0019376 0.003148 0.0071228 0.0068634 -0.012346 0.012564 0.051901 0.031244 0.032704 -0.11365 0.075417 0.16541 -0.00093045 -0.016526 0.026689 0.038056 5.2335e-05 -0.0004275 0.00075636 0.0010062 0.0023145 -0.00024283 0.0094865 0.0072518 -0.0023192 0.0022103 0.008947 0.004417 -0.00019654 0.00011417 0.00051904 0.00056153
-8.7233e-05 0.0043204 0.0020823 0.0043923 0.061766 0.0066511 0.064554 0.022751 0.003159 -0.0066406 0.0055238 0.0066406 0 0 0 0 -0.0012247 -0.005618 0.0081359 0.0073962 0.47097 0.00042809 0.50036 0.076658 0.0027843 0.017624 0.0037631 0.017624 0 0 0 0 0.0005319 -0.0060105 0.0081772 0.0060668 0.48736 -0.022877 0.51103 0.026028 0 0 0 0 0 0 0 0 -9.7504e-05 -0.00020094 0.0017923 0.0027924 0.078278 0.0027855 0.078408 0.011639 0 0 0 0 0 0 0 0
0.00015249 -0.00035264 0.0003354 0.00082799 -0.00019714 0.000239 0.0027181 0.0051036 0.078572 -0.0067422 0.081318 0.011047 0.00025896 6.9338e-05 0.00038102 0.00019177 -0.0025824 0.0063431 0.0034137 0.0064866 -0.0091667 0.0079827 0.020015 0.036492 0.50404 -0.030805 0.51819 0.061322 0.00073939 -0.0010056 0.0017942 0.0029374 -0.0048309 0.0050065 0.0056524 0.0054215 -0.0095155 0.052138 0.024278 0.0536 0.45599 0.04813 0.46909 0.09881 0.0056885 2.1192e-05 0.0058162 0.0027058 -0.00043441 0.00060948 0.0010312 0.00068592 0.0015081 0.0048316 0.0035213 0.0049727 0.068818 0.02751 0.070075 0.027657 0.00068516 0.00032488 0.00068516 0.00032488
0.00027107 -0.001611 0.0016671 0.0025366 0.068573 -0.022259 0.068573 0.023436 0 0 0 0 0 0 0 0 -0.0025167 0.0043961 0.0069243 0.0074005 0.51103 -0.01072 0.51103 0.052473 0 0 0 0 0 0 0 0 -0.00255 0.015226 0.0098645 0.02692 0.45648 0.02015 0.47323 0.13771 0.012007 -0.0088039 0.015905 0.05363 0 0 0 0 0.00026719 -0.00044784 0.0008585 0.00044784 0.061072 0.0096132 0.064945 0.010293 0 0 0 0 0 0 0 0
0.0006133 0.0041114 0.00091118 0.0041114 -0.011929 0.011216 0.042257 0.06044 0.019701 0.013454 0.035526 0.04754 0.00026994 0.0028426 0.00050818 0.0028455 0 0 0 0 -0.15913 0.020847 0.18721 0.60363 0.20132 -0.029513 0.25548 0.20787 0 0 0 0 0 0 0 0 -0.1226 -0.036383 0.23876 0.45919 0.17271 0.032537 0.24269 0.17913 0 0 0 0 0 0 0 0 -0.012759 0.058622 0.018311 0.058726 0.017577 0.022362 0.017577 0.022674 0 0 0 0
0.0010403 0.0030272 0.0074248 0.018564 0.04382 0.025347 0.078022 0.062158 0.00026502 -5.929e-05 0.00026502 5.929e-05 0 0 0 0 -0.010045 -0.062547 0.075439 0.10344 0.28182 0.0016186 0.60659 0.25034 0.00056067 0.00023506 0.00056067 0.00023506 0 0 0 0 0.0021472 -0.0078061 0.0080121 0.0092732 0.45034 -0.12594 0.45034 0.1487 0 0 0 0 0 0 0 0 0.00049862 0.00059941 0.00058312 0.00073477 0.077718 0.015843 0.07787 0.021572 0 0 0 0 0 0 0 0
0 0 0 0 0 0 0 0 0 0 0 0 0 0 0 0 0 0 0 0 -0.22139 -0.010386 0.22139 0.30731 0.22969 -0.061676 0.29189 0.17684 0 0 0 0 0 0 0 0 -0.26534 -0.056748 0.32506 0.42153 0.27738 0.0034935 0.36912 0.23894 0 0 0 0 0 0 0 0 -0.019645 -0.004395 0.050449 0.025254 0.02045 -0.0040421 0.050796 0.022742 0 0 0 0
0.030548 -0.0062307 0.030699 0.0067351 0.025216 -0.0085046 0.025216 0.008544 -0.00079316 -0.00098103 0.00079316 0.00098103 -0.00011936 -0.0024362 0.00048857 0.0024362 0.069593 0.0014847 0.1723 0.088072 0.18009 -0.10521 0.53556 0.23041 0.011354 -0.048526 0.34824 0.28585 0.033888 -0.00076036 0.080608 0.034493 0.17915 -0.0080503 0.26886 0.087801 0.12646 0.16923 0.2623 0.23035 0.034059 0.13099 0.09176 0.18922 0.012168 0.018949 0.018326 0.019197 -0.00046551 -0.00036674 0.0083537 0.0051881 0.080695 -0.019918 0.080695 0.02612 0.00037661 -0.00013563 0.00037661 0.00013563 0 0 0 0
-3.6748e-05 0.00037617 0.00024261 0.00043976 0.0066041 0.0019347 0.0091017 0.0021248 0.067512 0.020314 0.068643 0.028857 1.6841e-05 6.1339e-06 1.6841e-05 9.3932e-06 0.0024393 0.0019804 0.0044603 0.0047294 0.039832 0.0022584 0.061359 0.014081 0.48823 -0.013746 0.49649 0.056852 0 0 0 0 5.1383e-05 0.0018266 0.0060665 0.0053481 0.051286 0.013191 0.083029 0.017556 0.47084 0.0058995 0.50355 0.028705 0 0 0 0 -0.0014241 0.00016978 0.001452 0.000485 0.0066084 0.0007702 0.0080384 0.0037666 0.065167 -0.0052003 0.069399 0.0064319 2.2528e-05 -7.001e-06 2.2528e-05 2.2528e-05
-8.5436e-06 -7.5121e-05 0.00018695 0.00017446 -0.00092455 -0.00024554 0.0014643 0.00055809 0.010292 0.022953 0.02883 0.034931 0.0053218 -0.0068099 0.0053218 0.0068888 -0.00070263 0.00037541 0.0009105 0.00059483 -0.0022252 0.0031172 0.011212 0.005749 0.41567 0.092859 0.5313 0.14216 -0.04245 0.059128 0.045796 0.062222 -0.00021067 -0.00014388 0.0013924 0.0017874 -0.0036137 -0.0015052 0.0078759 0.0060589 0.49135 -0.04074 0.49192 0.095742 -0.002934 -0.0020678 0.0048415 0.0088161 -6.3992e-05 2.0387e-05 0.00016951 0.00027539 5.58e-05 0.00075318 0.0013031 0.0017071 0.015332 -0.039728 0.028165 0.064383 0.0016737 -0.014903 0.0020358 0.019431
-3.8095e-05 0.00040795 0.00024057 0.0004367 0.00046564 0.0031136 0.0025216 0.0034501 0.072388 -0.0073016 0.072388 0.01414 0 0 0 0 -0.0014764 0.0011127 0.0019247 0.0015796 -0.0042519 -0.0047486 0.019436 0.017474 0.49397 0.019999 0.49397 0.020762 0 0 0 0 -0.00017881 0.00078876 0.0030637 0.0023631 -0.0084373 0.0083647 0.014659 0.012564 0.49353 -0.011082 0.49353 0.043498 0 0 0 0 -0.00013576 -3.7335e-05 0.00031088 0.0003514 -0.00077675 0.00012047 0.0024055 0.0015074 0.070522 -0.00084934 0.070522 0.0035268 0 0 0 0
0.00056477 -0.00045323 0.0008219 0.00064468 0.055172 -0.028181 0.055172 0.028281 0.00044462 -0.00010384 0.00044462 0.00010384 0 0 0 0 -0.00022941 -0.00017141 0.0016133 0.0011605 0.49505 -0.012258 0.49644 0.069187 0.0021985 0.00053708 0.0021985 0.00095142 0 0 0 0 -0.00034296 8.1131e-05 0.0010709 0.00097133 0.48988 0.0017121 0.48988 0.072943 0.00027207 -0.001213 0.00082546 0.0017827 0.00012108 -1.6573e-05 0.00012108 0.00012108 -6.0467e-05 -3.2174e-05 0.00020974 0.0001588 0.067198 -0.024277 0.067371 0.024595 0.0081429 -0.0088928 0.0081429 0.0089881 1.47e-05 -2.923e-05 1.47e-05 2.923e-05
9.2251e-05 0.00061739 0.00074476 0.0016416 0.0090532 -2.9427e-05 0.019891 0.017558 0.011302 0.010187 0.017513 0.016467 0.017702 0.0010038 0.017702 0.0023307 0.001478 -0.00050302 0.002592 0.0053361 0.0037345 0.0023538 0.04819 0.093304 0.36536 0.12611 0.40617 0.29361 0.021968 0.009638 0.021968 0.010058 0.01224 0.082801 0.019716 0.083615 -0.096867 0.13705 0.33094 0.1802 0.32368 -0.11294 0.47192 0.21745 0.006896 -0.0052677 0.0072756 0.0052677 -2.6822e-05 3.0467e-05 3.0467e-05 3.0467e-05 -0.051324 0.02068 0.076505 0.032395 -0.0044674 0.00025449 0.039065 0.021503 0.01783 -0.007804 0.017848 0.007804
-0.0021584 0.00012476 0.004292 0.00055279 0.022287 -0.0037833 0.022287 0.0074385 -0.0025785 -0.016275 0.033493 0.026369 -0.00026326 -0.00058395 0.00048398 0.00059461 -0.014553 -0.00014176 0.042644 0.0035231 0.25558 -0.032212 0.25604 0.27669 -0.11611 -0.092239 0.19981 0.29274 -0.0010409 -8.3241e-05 0.0017903 0.003789 -0.012361 0.0018341 0.036095 0.0032163 0.24757 0.048015 0.24757 0.4122 -0.14018 0.085313 0.15443 0.51884 0.0011676 -0.002184 0.0024227 0.0031273 0.0025676 0.0047291 0.0054485 0.0047538 0.0095422 0.082378 0.034382 0.091569 -0.013764 0.039301 0.037581 0.051836 -0.00035956 0.0051527 0.00055926 0.0055903
