0.0035969 -0.0024736 0.0035969 0.0024736 -0.0034641 -0.014218 0.047166 0.017246 0.030111 -0.0022876 0.031449 0.0065922 0.0026172 -5.3666e-05 0.0026655 0.00057548 -0.00018152 0.00020136 0.00032042 0.00036846 -0.053324 -0.12804 0.47017 0.12947 0.39382 -0.028749 0.41665 0.059155 -0.021546 -0.011616 0.027066 0.013439 0.0030607 0.044713 0.015097 0.059093 0.070255 0.23593 0.32434 0.29645 0.19961 0.14013 0.23617 0.1527 -0.048676 -0.0036235 0.049486 0.0067553 0.0011595 0.001679 0.001403 0.0022887 0.011573 0.0037353 0.019975 0.0083088 0.0042522 0.00068657 0.0081262 0.0017829 -0.0067139 0.00019532 0.007911 0.00055985
3.5584e-05 5.3859e-05 4.9404e-05 5.3859e-05 3.4917e-06 3.4917e-06 3.4917e-06 3.4917e-06 -3.1487e-06 2.0215e-05 1.0132e-05 2.0215e-05 0 0 0 0 0 0 0 0 0.14354 0.17411 0.18488 0.18296 -0.13232 0.26102 0.13232 0.26211 0 0 0 0 0 0 0 0 0.41612 -0.073297 0.47572 0.08702 -0.27288 -0.05713 0.38401 0.23202 -0.024217 0.018944 0.039649 0.035499 0 0 0 0 0.053022 -0.013131 0.053098 0.013207 -0.037811 0.0031956 0.077705 0.029333 0.0031873 -0.0021949 0.0045045 0.0032665
0 0 0 0 0.012708 0.016282 0.012708 0.016584 0.068712 0.0085884 0.069518 0.010846 8.4157e-06 -0.00010969 0.00022575 0.00031265 -0.00017324 1.5863e-05 0.00017324 0.00017324 0.44217 0.13011 0.44987 0.16876 0.1011 0.042549 0.10275 0.045452 -0.0035052 0.00073846 0.0045418 0.0019832 -9.0652e-06 3.8006e-06 9.0652e-06 3.8006e-06 0.45861 -0.1676 0.4596 0.17091 0.099561 -0.055858 0.10203 0.06663 -0.0039735 -0.0034004 0.0045216 0.0057265 -1.6632e-06 -1.6632e-06 1.6632e-06 1.6632e-06 0.0061351 -0.00089198 0.0066811 0.0016913 0.056084 -0.061115 0.059639 0.063481 -0.0015309 -0.0028107 0.0021247 0.0028683
0.00062267 -0.0053453 0.00093449 0.0053453 0.0095889 -0.043614 0.0097796 0.044499 0.0084185 -0.033354 0.010141 0.036844 0.00024716 -0.0021753 0.0006559 0.003076 -0.025508 0.020633 0.025657 0.039853 0.024321 -0.11337 0.068537 0.16207 0.28625 -0.060395 0.28664 0.17911 0.010119 0.0020699 0.010393 0.011273 -0.0028058 -0.020421 0.012081 0.064673 -0.1381 0.11561 0.17817 0.64251 0.26933 -0.03314 0.37276 0.21682 0.0033292 -0.010144 0.0036754 0.010144 0 0 0 0 0.015545 0.0099979 0.015653 0.011243 0.013662 0.020634 0.019951 0.044553 0.0022213 -0.0020026 0.0022453 0.0034948
-0.00012771 -0.0042344 0.00055075 0.0042344 0.0067425 -0.035591 0.009602 0.035591 0.028053 -0.0094689 0.028134 0.02026 0.0010142 0.0010086 0.0016311 0.0040876 -0.023821 0.038161 0.023907 0.039344 0.0096148 -0.0026099 0.046799 0.056444 0.31459 -0.0032046 0.32405 0.1585 0.0071122 0.0015048 0.0071889 0.0059771 -0.0039245 -0.014953 0.012492 0.066736 -0.13809 0.15359 0.16286 0.6524 0.2318 -0.0079286 0.39374 0.214 0.0048277 -0.0084496 0.0064378 0.0084496 -5.9024e-05 -7.6194e-05 8.2751e-05 7.6194e-05 0.0068778 0.0025865 0.0068778 0.0056245 0.016881 -0.0056382 0.020849 0.03022 0.0029692 -0.0037171 0.0031042 0.004235
-0.00030657 -0.00048619 0.00041845 0.00051217 0.052877 -0.0084013 0.053679 0.0085611 -0.0046253 0.010983 0.046106 0.018418 -2.1271e-05 0.0032635 0.0017456 0.0032972 -0.00083747 -0.00056752 0.0010445 0.001068 0.043282 -0.022192 0.043401 0.022192 0.42177 -0.07657 0.53875 0.13993 -0.017594 0.015831 0.023805 0.017594 0.00099547 0.00027706 0.00099547 0.00042038 0.044165 0.0099317 0.053282 0.023626 0.44846 0.074005 0.4923 0.15956 -0.018868 -0.0089633 0.022538 0.010922 0.000145 7.2671e-05 0.00022734 0.00018139 0.0016359 0.00027808 0.0033175 0.0021135 0.044988 -0.053978 0.053408 0.054598 -0.0021418 -0.00018435 0.0051863 0.0051451
-0.0036171 -0.001752 0.0068647 0.0023621 0.052211 -0.0082657 0.054795 0.020628 0.02061 -0.012849 0.030192 0.015896 -0.011068 -0.0010435 0.011113 0.0023258 -0.013842 0.004608 0.028098 0.013857 0.39033 0.058027 0.41173 0.15715 -0.028665 -0.1023 0.20899 0.18021 -0.06059 -0.027085 0.061801 0.027415 0.014144 -0.0061878 0.015255 0.015631 0.31122 -0.077303 0.34837 0.12749 -0.28431 -0.23824 0.30199 0.26618 -0.0054882 -0.0050187 0.0095774 0.0083971 0.0010423 -0.0010246 0.001223 0.0016651 0.013931 -0.0036128 0.02735 0.028597 -0.020472 -0.015399 0.021084 0.015588 1.2238e-05 -0.00029955 0.00020245 0.00030301
-0.0020362 -0.0048747 0.0020748 0.0051092 0.053632 -0.031005 0.05431 0.031652 -0.004852 -0.023124 0.0052618 0.023124 0.0014721 -0.0017537 0.0022219 0.0028057 -0.024626 -0.029594 0.028285 0.10497 0.20435 -0.0097134 0.35488 0.46122 0.1178 0.037571 0.14799 0.27145 -0.0042743 0.0017961 0.015285 0.011774 -0.00020986 -0.00016044 0.00058289 0.0007409 0.43387 -0.066255 0.43459 0.069681 -0.091762 -0.14035 0.20479 0.14035 0.0061912 -0.01809 0.0091645 0.020049 3.7771e-05 -0.00016883 3.7771e-05 0.00016883 0.047573 -0.0078515 0.050958 0.0086054 -0.023456 -0.027947 0.04139 0.029702 0.0037686 -0.0017286 0.0037686 0.0020843
-0.0023049 -0.0014441 0.0050493 0.0017882 0.056101 -0.0023595 0.057837 0.015094 -0.028135 0.0019596 0.039132 0.0060367 -0.0020308 0.0010447 0.0026714 0.0014899 -0.016974 -0.0039565 0.032182 0.0087165 0.39751 0.026665 0.39769 0.13867 -0.21784 -0.12592 0.27686 0.13721 -0.00893 -0.0036831 0.011533 0.0059401 0.0095865 0.00051763 0.014477 0.01819 0.26688 -0.10999 0.29896 0.15139 -0.30054 -0.23125 0.30281 0.24656 0.0010908 -0.0013124 0.0028704 0.0027546 0.0012682 -0.00089922 0.0014316 0.0013715 0.0040082 -0.0095288 0.025783 0.02219 -0.011404 -0.0091487 0.012252 0.0091487 -0.0001792 -0.00018735 0.00018419 0.00018735
-7.2741e-05 -1.5371e-05 7.2741e-05 5.4304e-05 0.010093 -0.0034577 0.017275 0.016356 0.06525 0.00042139 0.067547 0.01248 -8.2522e-07 -0.00024479 0.0003665 0.00034472 0.00020856 -0.00037225 0.0013456 0.001715 0.081263 -0.032025 0.17083 0.17279 0.43641 -0.023778 0.4408 0.08664 0.0014827 0.00078415 0.0033339 0.0055386 -0.00073558 0.0002583 0.0008712 0.00031379 0.047623 0.038959 0.20325 0.1884 0.46204 0.053534 0.46535 0.089083 0.0018459 -0.00030436 0.0036661 0.0030343 5.273e-05 7.6077e-05 7.9732e-05 0.00011124 0.018623 0.010078 0.035942 0.023415 0.058417 0.0085213 0.058934 0.0098162 0.00026648 -0.00032886 0.0008464 0.00068021
1.1174e-05 -5.9588e-06 1.1174e-05 5.9588e-06 0.029033 -0.0090008 0.085787 0.013827 0.01145 0.030171 0.055473 0.030198 -0.0081944 -0.0039835 0.01013 0.0061264 0 0 0 0 0.36542 0.027247 0.38004 0.059609 -0.065623 -0.0019811 0.36788 0.30195 -0.048474 -0.02105 0.050155 0.02228 0 0 0 0 0.23005 -0.14342 0.23528 0.146 -0.19993 -0.32408 0.2497 0.33147 0.00030176 -0.00050703 0.00072525 0.00075377 0 0 0 0 0 0 0 0 0 0 0 0 0 0 0 0
0.0032464 -0.00020462 0.0032731 0.00073842 -0.019808 -0.016189 0.089418 0.038115 -0.0086238 -0.0028139 0.015006 0.0056663 0.00364 0.0015363 0.0046796 0.0018121 0.013767 -0.0068733 0.015616 0.014323 0.27319 0.045287 0.44823 0.21899 -0.26511 0.26467 0.35184 0.27176 0.027481 0.015882 0.043413 0.029801 0.0004474 0.0046884 0.0081257 0.00795 0.20207 -0.095758 0.232 0.21931 -0.11545 -0.16228 0.20024 0.27687 0.071778 0.013402 0.071861 0.029832 0.0003753 -0.0017419 0.0013102 0.0020866 0.0096399 0.0035838 0.022528 0.016378 0.00098088 0.0044958 0.017385 0.017471 0.005342 -0.0024303 0.0067987 0.0048387
0.0002135 0.00032523 0.0007199 0.00089957 0.030208 0.0023025 0.032039 0.010974 -0.0079152 -0.0035684 0.056702 0.035512 -0.0013453 -0.0030267 0.0026756 0.003493 -0.0016581 -0.001745 0.002867 0.0025593 0.11292 0.03534 0.37153 0.044079 -0.018206 0.042277 0.65455 0.31002 0.017116 0.00020564 0.033079 0.0076996 -0.0004749 -0.00013302 0.0004749 0.00013302 0.21727 -0.09487 0.21727 0.14211 -0.2079 -0.20075 0.25096 0.20214 0.0087245 -0.0040551 0.011448 0.0051059 -0.0001791 -3.5556e-05 0.0001791 8.6502e-05 0.00013901 -0.0017364 0.00086688 0.0017364 0.00020634 -0.0014246 0.00023754 0.0014246 -0.00011902 -0.00027041 0.00016614 0.00027041
-0.00023695 3.8839e-05 0.00025314 0.00018719 0.074363 0.015903 0.083388 0.019583 -0.02761 -0.0045764 0.058694 0.012417 -0.007139 0.0014912 0.0073621 0.0022821 -0.0002411 -0.00042456 0.0015257 0.0012565 0.41636 0.078299 0.56878 0.16588 -0.27271 -0.081606 0.30128 0.081606 0.032251 0.0096302 0.07606 0.016665 -1.5718e-05 0.0066176 0.0035593 0.006686 0.12867 -0.16699 0.2604 0.24238 -0.088154 -0.14068 0.12289 0.20877 0.036628 -0.024563 0.055706 0.04503 0.00074184 -0.0003719 0.0010703 0.0018306 -0.0034591 0.00066625 0.016686 0.02502 0.010163 -0.0064281 0.014452 0.02258 0.00058841 -0.00072371 0.0020954 0.0026775
-0.00062024 -0.0014817 0.00080386 0.0014888 -0.00066939 -0.0078606 0.0028406 0.0078606 -0.0058609 -0.016757 0.01006 0.016804 0.00078845 -0.0015404 0.0011508 0.0015868 -0.016846 -0.065238 0.017949 0.065238 0.051582 -0.40979 0.098942 0.50611 0.1695 -0.21022 0.21883 0.21306 0.0095375 -0.0070329 0.010507 0.0097275 -0.00073259 -0.0027083 0.0059671 0.0052575 -0.019594 -0.0082182 0.23298 0.094773 0.39183 0.045417 0.39534 0.081859 0.0048869 -0.0077887 0.01062 0.0096233 -0.00026633 -1.8095e-05 0.00065484 0.00053872 0.016788 -0.0041326 0.018023 0.010205 0.037688 -0.0044236 0.042333 0.018387 0.00068759 -0.00088118 0.0007007 0.001068
-1.7709e-05 -9.4976e-06 1.7709e-05 1.5034e-05 0.055825 -0.0085654 0.055825 0.0085654 -0.038872 -0.011495 0.067088 0.012858 0.0045934 -0.00063513 0.0045934 0.00090719 0.0011218 0.057931 0.0043597 0.057931 -0.03497 0.18762 0.13756 0.2261 0.091456 0.041431 0.58055 0.29513 0.026656 0.047727 0.028515 0.049781 0.015195 -0.011505 0.015587 0.015244 -0.23926 0.087051 0.31554 0.1159 0.32564 0.14156 0.32564 0.1444 0.0019658 0.012645 0.0071761 0.013748 0.0014009 0.0020971 0.0017801 0.0024629 -0.0075906 0.01519 0.012036 0.017695 0.018566 0.0022353 0.019952 0.0052273 0.00069178 -0.00014732 0.00069178 0.00026777
-7.4916e-05 7.9724e-05 0.00012502 7.9724e-05 0.03595 0.0001591 0.036679 0.00097708 -0.024742 0.007945 0.033968 0.01009 -0.0024458 -0.00095886 0.0033434 0.0012082 -8.2117e-05 -0.0002311 0.00069397 0.00067266 0.3626 0.090712 0.41089 0.10259 -0.20787 0.18856 0.25381 0.1934 0.00050783 0.038562 0.013147 0.03914 0.00025124 6.4797e-06 0.00038007 0.00034586 0.44943 -0.04689 0.46075 0.1127 -0.031187 0.1137 0.11447 0.15512 -0.0016349 0.027206 0.0096811 0.027206 0 0 0 0 0.071999 0.0093598 0.072338 0.010769 0.0048377 0.0012943 0.0088463 0.0042387 -0.0013696 -0.00025059 0.0013932 0.00073307
4.5504e-06 4.5504e-06 4.5504e-06 4.5504e-06 0 0 0 0 0 0 0 0 0 0 0 0 0 0 0 0 0.18749 0.16169 0.25001 0.16416 -0.19645 0.1716 0.19645 0.17206 0.00014632 -0.00014632 0.00014632 0.00014632 0 0 0 0 0.38405 -0.028586 0.49816 0.049428 -0.2641 0.042692 0.36246 0.30782 -0.017815 0.025285 0.027745 0.034721 0 0 0 0 0.056926 -0.017227 0.056926 0.017449 -0.044289 0.0084455 0.060436 0.022568 0.0051193 -0.0052109 0.0093013 0.0073652
0 0 0 0 0.053742 -0.0024733 0.054017 0.0086989 -0.013081 0.011238 0.028212 0.01849 0.0044267 0.0033357 0.0063944 0.0056128 0 0 0 0 0.39879 0.085016 0.41955 0.16368 -0.0010914 0.043989 0.1743 0.16569 -0.04446 -0.06055 0.057183 0.0682 0 0 0 0 0.18147 -0.13857 0.26407 0.16447 -0.13588 -0.39828 0.22941 0.41413 0.0005498 -0.00031876 0.0034347 0.0037445 0 0 0 0 0 0 0 0 0 0 0 0 -1.6768e-05 6.2401e-05 6.2401e-05 6.2401e-05
0.0019951 -0.0007581 0.0026269 0.0019975 0.056916 -0.0015958 0.058416 0.01481 0.023129 0.0015685 0.027171 0.011025 0.0002312 -0.00013639 0.00055649 0.00021572 0.014406 -0.003808 0.015365 0.0054642 0.28312 -0.072931 0.36026 0.17521 0.22006 -0.2105 0.30605 0.21619 -0.00047364 -0.0072349 0.0067169 0.0072967 0.00065797 -7.9858e-05 0.0026734 0.0038425 0.10365 -0.031773 0.39079 0.091217 0.35959 0.0798 0.42538 0.11098 0.0021712 -0.006088 0.0085139 0.01015 0.0005685 0.00017936 0.0006959 0.00092451 0.048531 0.0042569 0.052445 0.037676 0.035379 0.013222 0.039569 0.02107 -0.0026979 -0.0015479 0.0029851 0.0022384
0.00059557 0.0048189 0.0010807 0.0048962 0.012931 0.010172 0.014428 0.022381 0.058616 -0.011618 0.065816 0.020989 -0.0028544 -0.0033879 0.0031031 0.0034377 0.0024117 -0.017049 0.011091 0.035206 -0.0034477 -0.08092 0.076417 0.25442 0.38034 -0.049967 0.46071 0.086001 -0.041699 0.027884 0.075657 0.078884 0.019837 0.0054998 0.019837 0.025276 0.0025844 0.036121 0.085862 0.35189 0.31626 -0.10181 0.334 0.41263 0.0019394 -0.040212 0.0074544 0.051171 5.3131e-05 -2.7781e-05 5.3131e-05 2.7781e-05 0.00039684 8.9211e-05 0.00046969 0.00044072 9.54e-07 -0.005261 0.0021415 0.005261 0 0 0 0
-5.4298e-05 3.2068e-05 6.3134e-05 3.5666e-05 0.040309 -0.0030908 0.04036 0.0068152 -0.030963 0.014538 0.039038 0.015617 -0.0028688 -0.00065424 0.0035411 0.00076493 0.0031467 0.00038122 0.0036042 0.00086601 0.36113 0.11604 0.40112 0.12077 -0.23264 0.18025 0.24322 0.18166 0.0052474 0.041535 0.014084 0.041929 0.0023658 -0.0005557 0.0024794 0.0010589 0.45245 -0.071257 0.45245 0.1316 -0.05888 0.12248 0.10433 0.13903 -0.0017747 0.023181 0.011338 0.023181 0 0 0 0 0.070033 0.0082836 0.070426 0.0097363 0.0049194 0.0012729 0.0082481 0.00454 -0.0010256 0.00024999 0.0011743 0.00081298
-0.0030151 -0.0019946 0.0052163 0.0054175 0.041638 -0.074489 0.04197 0.075433 0.011843 -0.011086 0.017547 0.019892 -0.0019716 0.0018072 0.0022325 0.0026979 0.0048873 -0.040545 0.06487 0.09409 0.28006 0.18739 0.50337 0.37244 0.1332 0.014343 0.13484 0.13781 0.0014296 2.2948e-05 0.0037705 0.0062394 0.030895 0.028387 0.030917 0.029436 0.26485 -0.0063897 0.37533 0.39021 0.091272 -0.093718 0.093148 0.11845 0.0034327 -0.012087 0.0056851 0.012087 0.0020751 -0.00094383 0.0053488 0.006952 0.013707 -0.0042869 0.013707 0.015121 0.0044042 0.0071923 0.020805 0.019128 -0.0014572 0.0023358 0.0017195 0.0039474
0 0 0 0 0.048695 -0.007444 0.048695 0.0075808 0.023369 -0.013546 0.049991 0.013706 0.001289 0.00021079 0.0016138 0.0008391 0 0 0 0 0.022254 -0.016583 0.026024 0.020204 0.43853 -0.143 0.51842 0.16498 -0.014569 -0.0040867 0.017703 0.0089368 0 0 0 0 0.014041 0.007556 0.017085 0.011073 0.44618 0.12955 0.4857 0.14289 -0.024674 -0.0090325 0.024794 0.010934 0 0 0 0 0.037955 0.010153 0.038399 0.010338 0.025612 0.0027719 0.046531 0.014888 -0.0044843 -0.002403 0.0047214 0.0027323
0.0014051 0.0005336 0.002323 0.00080396 0.035291 0.0078924 0.046141 0.012129 0.0069782 0.027014 0.050321 0.027752 -0.0010332 0.001077 0.0021888 0.0012628 0.01433 -0.0028373 0.01587 0.0038263 0.43355 0.10059 0.49397 0.1263 -0.047985 0.0066243 0.1172 0.068497 -0.025195 0.018045 0.032472 0.020535 0.003931 -0.0031161 0.0052719 0.0050578 0.4663 -0.095031 0.47322 0.18163 -0.024396 0.020587 0.105 0.061206 0.0065209 0.015165 0.013927 0.015165 -0.00016781 -0.00016772 0.0010109 0.00030283 0.068632 0.020683 0.069247 0.02195 0.001987 0.0034744 0.011613 0.0064029 0.00085343 0.0023251 0.0014783 0.002421
0.00022813 0.00037276 0.0013631 0.0023513 0.0015776 0.0079612 0.017473 0.018544 0.033011 -0.012974 0.03637 0.016775 0.00045442 -0.00055351 0.0015273 0.00078641 0.010028 -0.0042441 0.024762 0.017633 -0.24259 -0.18245 0.2778 0.20645 0.39975 -0.15506 0.40251 0.17873 -0.0027038 -0.014673 0.0082655 0.014673 -0.00261 -0.0064461 0.022786 0.012785 -0.16422 0.06594 0.23736 0.1281 0.35326 0.13035 0.35612 0.17409 0.0044402 -0.0066015 0.0078739 0.010044 -0.00041437 -0.0007883 0.0014641 0.001093 0.018105 0.003928 0.018721 0.0095074 0.011088 -0.0043647 0.012179 0.0097851 0.0026688 -0.00033428 0.0028119 0.0013273
0 0 0 0 0.064534 -0.01791 0.065163 0.018333 0.0082479 -0.013789 0.042058 0.015382 0.00071653 0.00034774 0.0012213 0.00096986 0 0 0 0 0.030348 -0.020898 0.042153 0.027046 0.4455 -0.14484 0.50059 0.16127 0.00028899 0.001645 0.0088254 0.006122 0 0 0 0 0.027819 0.016428 0.031997 0.019741 0.46691 0.13278 0.47503 0.13455 -0.011015 -0.0017814 0.01137 0.0064427 0 0 0 0 0.035989 0.0053608 0.036777 0.0076107 0.040048 0.0068136 0.044807 0.0090821 -0.001574 -0.00055883 0.0021312 0.001441
0.00027372 -0.0070589 0.002325 0.0088615 0.026665 -0.010693 0.036445 0.018176 0.041957 0.0083593 0.041957 0.0095746 0.0003651 0.00011828 0.0010938 0.00039538 0.0098445 -0.00091321 0.017222 0.0065935 0.46288 0.11942 0.46486 0.15884 0.12518 0.033909 0.13289 0.051198 -0.0045711 -0.00080233 0.010088 0.0029484 0.023268 0.0002511 0.024772 0.0034737 0.36762 -0.084648 0.47219 0.19767 0.14993 -0.084455 0.15967 0.11184 -0.012162 -0.0083059 0.018104 0.0091971 0.0033816 0.00051251 0.0034654 0.0013167 0.063399 0.017863 0.080384 0.034404 -0.0015181 0.0069028 0.010443 0.012798 -0.0043628 -0.004767 0.0051068 0.0049718
0 0 0 0 0.0020462 -0.00032123 0.003152 0.0015678 0.0021255 -0.0027637 0.009304 0.009299 9.2847e-06 0.00043436 0.00082336 0.0012713 -0.0003401 1.5604e-05 0.0003401 0.0003401 0.24078 0.097974 0.24251 0.10286 -0.16039 0.16197 0.24835 0.219 0.0027616 0.0029555 0.019638 0.017658 0.0003244 0.0011293 0.00096446 0.0013962 0.45465 -0.018779 0.45709 0.10552 -0.30524 0.10029 0.36617 0.12375 -0.0065097 0.010133 0.017812 0.014163 4.8794e-05 3.9387e-05 0.00028504 0.00032796 0.025222 -0.0070308 0.025735 0.01276 0.04137 0.010856 0.12265 0.035448 -0.0012639 0.014059 0.0071596 0.014517
0.0003135 0.00044309 0.0003135 0.00044309 0.0014366 0.0034121 0.0019811 0.0034121 0.00043851 0.00061286 0.00043851 0.00061286 0.0012508 0.0040462 0.0031967 0.004047 0.00062617 0.0010402 0.00062617 0.0010402 0.12193 0.1647 0.35431 0.16584 -0.14096 0.10288 0.14176 0.10334 0.070467 0.0036961 0.14472 0.027715 7.5567e-05 7.5567e-05 7.5567e-05 7.5567e-05 0.17381 -0.065345 0.61641 0.071999 -0.16004 -0.0097177 0.43768 0.1922 0.064581 -0.0035544 0.12034 0.030578 0.00016639 2.4588e-05 0.00016639 0.00022143 0.068348 0.010314 0.068976 0.022739 -0.040048 0.064505 0.058004 0.064505 0.0020957 0.0091499 0.0024085 0.00932
0 0 0 0 0.018591 -0.0047123 0.018591 0.0060208 0.053165 -0.009869 0.078312 0.011777 -0.0013471 0.00019791 0.0020928 0.00057772 -5.051e-05 -1.0579e-05 5.051e-05 4.6889e-05 0.0033974 -0.001668 0.0033974 0.0025037 0.41222 -0.13972 0.55044 0.1437 -0.010002 -0.018935 0.019382 0.021287 -0.0029327 0.0058188 0.0050983 0.0061274 0.0050631 0.0047688 0.0078907 0.0059358 0.3091 0.03981 0.57354 0.1823 0.021784 0.0024985 0.032156 0.0096504 -0.0031006 0.0077649 0.0065981 0.010071 0.019132 0.025049 0.04876 0.02756 -0.013419 -0.024552 0.08542 0.042607 0.010471 0.0029018 0.010662 0.0029105
0.00022529 -5.167e-05 0.00027369 0.00021958 0.017038 0.0018096 0.050502 0.012011 0.0012655 0.031913 0.048864 0.038087 -0.0033527 0.0020562 0.0035814 0.0024643 0.001286 -0.00028563 0.0051787 0.0022145 0.02418 -0.090841 0.34703 0.1576 0.41376 -0.0076471 0.45693 0.15568 -0.047518 0.040342 0.048673 0.040933 -0.0025441 -0.00015951 0.0060522 0.00598 0.10805 0.090307 0.23783 0.14683 0.38099 0.084444 0.38415 0.14061 -0.012654 0.0010873 0.016643 0.0071677 0.00023841 0.00027987 0.00037044 0.00052975 0.042399 -0.00065531 0.057647 0.013951 0.030099 -0.0090032 0.032763 0.015165 -0.0015049 2.0214e-05 0.0017769 0.0020827
0.00031488 -5.0336e-05 0.00033654 0.00021415 0.019152 -0.0027349 0.073055 0.0068482 -0.006896 0.0089982 0.03425 0.027233 -0.00079944 0.0022014 0.002335 0.002844 0.0019865 -0.00025524 0.0046392 0.0030653 0.018509 -0.066354 0.38595 0.14868 0.37064 0.022614 0.4307 0.21157 -0.038982 0.041687 0.041582 0.04218 -0.0019145 0.00059847 0.0057365 0.0061182 0.039105 0.047182 0.24026 0.10133 0.41179 0.065368 0.41293 0.13486 -0.0064933 0.002203 0.016835 0.011311 0.00049299 -0.00015927 0.00057634 0.0004067 0.036281 0.0054675 0.048213 0.012088 0.032119 0.0096233 0.033102 0.023555 -0.0010867 -0.00028221 0.0015414 0.0010924
0.0035183 -0.0074807 0.0035275 0.0077471 0.01183 -0.021261 0.015107 0.028591 -0.013037 0.019681 0.014116 0.023034 -0.0056999 0.011772 0.0060805 0.012152 -0.022206 -0.023572 0.050838 0.10166 0.34012 0.056622 0.48088 0.39476 0.067705 -0.028206 0.074429 0.11714 0.00054773 0.0011332 0.0043562 0.0086658 0.024044 -0.0042477 0.024115 0.025108 0.26879 -0.066522 0.34325 0.4591 0.074055 -0.084828 0.08868 0.14544 -0.0018436 -0.013409 0.0071432 0.019967 0.006372 0.0029395 0.0089638 0.0081124 0.018902 -0.0148 0.02353 0.019582 0.008173 -0.002325 0.019796 0.017217 -0.0024652 0.00077005 0.0029481 0.0044206
-8.3548e-05 -9.7445e-05 0.00015868 0.00011977 0.029717 -0.005183 0.034361 0.016544 0.04668 -0.00075638 0.065831 0.029212 -6.0778e-05 2.2536e-05 0.00023539 0.00039761 -0.0009601 -2.7659e-05 0.0009601 0.00085858 0.14617 -0.017769 0.15596 0.10411 0.39276 -0.020071 0.5003 0.11345 0.00077667 -0.00097398 0.0053234 0.0040664 -0.00084917 0.00019213 0.00084917 0.00065611 0.08247 0.028828 0.1071 0.11179 0.44084 0.023884 0.5161 0.10317 -0.00057287 -0.0015126 0.0034692 0.0021089 -6.0323e-05 2.4392e-06 0.00015142 0.00020361 0.015837 0.010185 0.035182 0.019606 0.060296 -0.0023058 0.078991 0.012301 -3.8122e-05 0.00012155 0.00053903 0.00044321
-8.5033e-05 -1.6026e-05 9.2845e-05 9.0465e-05 0.012615 -0.0069797 0.0145 0.015429 0.067811 0.0048552 0.078104 0.034634 -0.00022378 -0.00010937 0.00063128 0.00036803 0.00021314 0.0002072 0.00059095 0.0002072 0.11544 0.0058248 0.1482 0.081516 0.41914 -0.056831 0.45848 0.2191 -0.00061416 -0.0011604 0.0028638 0.0028885 0.0011684 -7.9055e-05 0.0019023 0.0013141 0.14232 0.014245 0.1665 0.13841 0.36467 0.011561 0.4561 0.3034 -0.00043035 -0.0011977 0.0031169 0.0041132 -0.00023745 1.0646e-06 0.00031716 0.00011617 0.021642 0.0019282 0.023516 0.011746 0.048567 0.00018403 0.062426 0.018104 0.00010693 -0.00044431 0.00071445 0.00069878
-0.00047245 0.00018707 0.00049444 0.00020906 0.070184 0.0072511 0.070184 0.0072511 -0.048728 -0.017678 0.0883 0.024154 -0.0044916 0.0011698 0.0044916 0.0011698 -0.022552 0.0075418 0.041483 0.015345 0.37055 0.062649 0.5015 0.078752 -0.25759 -0.0027409 0.50392 0.087926 -0.059785 0.0040975 0.059985 0.0070333 -0.013909 -0.0076321 0.039044 0.012134 0.097019 -0.078436 0.30122 0.15243 0.04691 0.014552 0.25736 0.18792 -0.0426 0.0091085 0.043038 0.017088 -0.0010293 0.0038786 0.0023873 0.003975 0.0098883 0.023651 0.018056 0.02411 0.0024429 0.016269 0.016919 0.023905 0.0014294 0.0022281 0.0026093 0.0035778
0.0055638 -0.0020168 0.0056257 0.0020267 0.0033134 -0.0090993 0.013917 0.011384 0.028999 -0.014839 0.028999 0.015566 0.0059083 -0.001375 0.0059974 0.0015578 0.028599 0.004424 0.038353 0.009076 -0.090264 -0.1668 0.18954 0.26423 0.22996 -0.18663 0.26681 0.28489 0.090039 0.016775 0.090039 0.021424 0.023726 0.0029126 0.048356 0.012776 -0.15208 -0.098089 0.19695 0.11113 0.4691 0.079617 0.48162 0.17591 0.050443 0.0049673 0.051005 0.01719 -0.0074108 -0.0025473 0.011954 0.0033092 -0.0016998 0.00051904 0.0033905 0.0032054 0.06195 0.0016309 0.098729 0.017765 0.011277 -0.0028881 0.011624 0.0050749
0.00090601 -0.0026968 0.0012846 0.0029909 0.022154 -0.02613 0.02292 0.028594 0.0046976 -0.005946 0.011233 0.013118 0.00026966 0.0018392 0.0014729 0.0028342 0.0012522 0.022625 0.014378 0.023594 -0.21384 -0.0036944 0.27285 0.17125 0.38626 -0.056348 0.39491 0.2226 0.0099102 0.018465 0.020327 0.019664 -0.0053978 -0.008637 0.015933 0.017869 -0.22127 0.025483 0.28175 0.17373 0.35909 0.049516 0.36234 0.2462 0.0054855 -0.026177 0.019004 0.026285 -0.001311 0.001991 0.0019333 0.0030181 0.010527 -0.0024978 0.035505 0.016041 0.0014031 -0.0089553 0.015868 0.016255 0.0013736 -0.0016256 0.0019156 0.003024
-0.00064319 -0.00066059 0.00073701 0.00066182 -0.0086959 -0.0079546 0.0094208 0.0083887 -0.027342 -0.016937 0.027342 0.016937 -0.004481 -0.0021325 0.0044868 0.0022539 -0.0063209 -0.060851 0.0098712 0.0616 -0.068732 -0.38758 0.089496 0.38758 0.13952 -0.032623 0.29125 0.33966 -0.078902 0.035032 0.082394 0.041631 -0.0085326 0.00087243 0.010268 0.0070915 -0.0034148 0.0058347 0.017284 0.032634 0.45177 -0.030366 0.45177 0.058777 -0.090919 0.026107 0.092103 0.028841 -0.00079778 -0.00060064 0.00083037 0.00069509 0.00018692 -0.00051781 0.0018889 0.0020424 0.06092 0.0057256 0.06092 0.0089227 -0.0024113 0.0010681 0.006509 0.0019073
-0.00011638 3.7029e-06 0.00017887 0.00012467 0.0095946 -0.0021518 0.01311 0.018802 0.057704 0.00059828 0.079134 0.015949 0.00034392 -0.00021186 0.00068061 0.00034465 -0.00052077 8.7279e-05 0.00052077 0.00037992 0.093324 -0.028265 0.14089 0.11337 0.39506 -0.018378 0.52243 0.21303 -0.0035539 0.00039805 0.0098883 0.004197 0.00025164 0.00017169 0.00055367 0.00021438 0.05545 0.0014934 0.07502 0.030705 0.44712 0.036484 0.4918 0.087408 -0.0039016 0.00093765 0.0089569 0.0060712 3.4309e-05 -3.2777e-05 9.5943e-05 6.8302e-05 0.0026306 -0.0016363 0.0080407 0.0041029 0.071117 -0.0076246 0.072234 0.038728 -0.00010208 0.00061374 0.00061251 0.00074733
0.001142 -0.0040176 0.0021805 0.0040176 0.0097954 -0.011561 0.013181 0.011835 0.038261 -0.0077564 0.038261 0.0094229 -8.988e-06 -7.3633e-05 0.003208 0.00070642 0.016708 -0.00098653 0.02445 0.0073275 -0.0016138 -0.13569 0.16237 0.15785 0.3811 -0.064917 0.39961 0.14323 -0.0045596 0.0026357 0.023164 0.0050087 0.03595 0.0031678 0.036724 0.0064533 -0.022921 -0.045224 0.23844 0.074925 0.47748 0.034453 0.50339 0.18074 -0.011213 -0.0085373 0.022961 0.0085525 0.0035467 -0.0013988 0.0035808 0.0014219 0.0041187 0.0058806 0.026027 0.010889 0.065445 0.012836 0.071161 0.034057 -0.0053977 -0.0056735 0.0061062 0.0056735
7.517e-05 -0.00017064 0.00039861 0.00036745 0.014577 4.5372e-05 0.078349 0.024949 -0.033185 0.0025691 0.03393 0.011574 -4.7119e-05 -0.00083789 0.00028404 0.00084629 -0.0038168 -0.00059235 0.0062902 0.0027995 0.31884 -0.034693 0.42843 0.10362 -0.34951 0.11009 0.34994 0.11881 -0.0019475 -0.0010129 0.0024696 0.0013806 0.00098359 0.00090955 0.0041204 0.0026627 0.16757 0.0099318 0.49212 0.077237 -0.15104 -0.029208 0.30382 0.15783 -0.0053656 0.0065417 0.0057822 0.0066235 -4.2947e-05 1.0925e-05 0.00053125 0.00038021 0.017698 -0.0023573 0.057449 0.0085878 -0.0078206 -0.0043466 0.034759 0.010849 -0.0051835 0.00334 0.0051979 0.00334
3.9112e-05 -1.5973e-05 4.2937e-05 2.4714e-05 0.0023313 -0.0011368 0.0048982 0.0031689 0.070055 0.01596 0.070523 0.022564 -0.00011584 0.00040424 0.00049694 0.00054386 0 0 0 0 0.055838 -0.0069354 0.067169 0.032189 0.48335 -0.013578 0.4844 0.21644 -0.0037801 0.00091511 0.0049926 0.0031561 -4.0311e-05 0.00015001 0.00015001 0.00015001 0.079943 0.014798 0.10033 0.055695 0.45217 0.013486 0.45217 0.1663 -0.0014091 -0.0015593 0.0027083 0.0031717 -8.3831e-05 -4.8731e-05 0.00029289 0.00011268 0.017137 0.0038515 0.018734 0.013532 0.058702 0.0053119 0.065431 0.0096445 -0.00019891 -0.00043881 0.00035309 0.00055818
0 0 0 0 0.0015833 -5.3622e-05 0.0020051 0.00078179 0.07209 -0.00098884 0.072192 0.014365 0.00031415 0.00020715 0.0008376 0.00045328 0 0 0 0 0.021625 -0.0042204 0.038588 0.033576 0.49035 -0.014849 0.50875 0.06793 0.00087374 -0.00029928 0.003475 0.0014705 -0.00015691 -2.1477e-05 0.00015691 0.00015691 0.043427 0.016636 0.05658 0.040834 0.45231 0.0050904 0.50804 0.053595 0.0027252 -0.002406 0.0039165 0.0026287 0 0 0 0 0.0044505 0.0021712 0.0095411 0.0046676 0.06618 0.0023955 0.070011 0.0089161 0.00012822 -0.00014739 0.00030418 0.00026185
6.8965e-05 -0.00010223 0.00012089 0.0001948 0.01011 -0.006222 0.014556 0.021091 0.061215 0.0020733 0.068403 0.019893 0.00076173 0.00012261 0.0011725 0.00050793 0.00046436 5.3259e-05 0.00060564 0.00073505 0.074362 -0.017202 0.1672 0.13045 0.39815 -0.036924 0.49605 0.10159 -0.0017676 -0.0014624 0.0042656 0.0017192 0.00072299 0.00036829 0.0022525 0.0025045 0.10488 0.01577 0.22214 0.19858 0.36003 -0.019984 0.5264 0.082947 0.0014809 0.0022586 0.0036814 0.0037225 -1.5682e-05 -0.00012538 9.2758e-05 0.00014034 0.0034897 0.0093671 0.011726 0.014944 0.063016 0.011393 0.066555 0.014695 4.6589e-05 -0.00032279 0.00057286 0.00079313
0 0 0 0 0.0034702 -0.00029974 0.0034969 0.00078462 0.076564 -0.011493 0.077077 0.011917 2.7973e-05 -0.00013807 8.0845e-05 0.0001477 0 0 0 0 0.021803 -0.0040313 0.022798 0.0076396 0.4856 -0.048091 0.50707 0.085077 0.002475 -0.0012063 0.004149 0.0029683 -0.00010226 -1.8572e-05 0.00010226 0.00010226 0.069968 0.035981 0.1069 0.10484 0.41407 0.057273 0.51536 0.061773 0.0047141 0.00071235 0.0052049 0.001058 2.3251e-05 7.2257e-06 2.3251e-05 2.3251e-05 0.0033627 -0.00031898 0.0052609 0.0023931 0.074232 0.0089919 0.074257 0.018987 0.00046164 5.8915e-05 0.00046501 0.00014844
-0.001593 -0.0062538 0.0018725 0.0063137 -0.022463 -0.071294 0.023174 0.071914 0.046744 -0.03891 0.047389 0.040186 -0.00064502 -0.0019537 0.0007821 0.0021638 -0.027357 -0.0009124 0.035711 0.043668 -0.1459 -0.1894 0.15558 0.60673 0.19974 -0.045972 0.33346 0.36463 0.014224 -0.0068857 0.019785 0.017894 -0.043202 -0.044035 0.043478 0.046309 0.00028669 -1.4536e-06 0.0022951 0.0025019 0.2285 -0.073679 0.40436 0.092363 0.022225 -0.025284 0.022494 0.025918 0 0 0 0 0.00031364 0.0002356 0.00060122 0.00039683 0.0088472 -0.010193 0.013457 0.014863 0.0059586 0.0014658 0.0063058 0.0037257
-0.00032308 0.00027328 0.00063798 0.00098303 0.052948 -0.02315 0.063712 0.027835 -0.030015 0.01512 0.03083 0.021556 -0.00097144 0.0024192 0.0044135 0.0030316 0.0023396 0.001699 0.008301 0.0044345 0.30486 0.10977 0.45587 0.17841 -0.09177 0.13434 0.19773 0.19841 -0.0028395 0.0046709 0.023031 0.0087209 -0.0045617 0.005151 0.017021 0.0090741 0.4597 -0.025657 0.51504 0.070359 -0.059041 0.10705 0.10808 0.11663 -0.026436 0.026743 0.028977 0.032048 -0.0021922 0.00058599 0.0041257 0.0018144 0.069281 -0.0047272 0.086012 0.018578 0.003677 -0.00098259 0.012332 0.0036802 -0.0032757 0.00080261 0.0049823 0.0022488
-2.9687e-06 -2.2274e-05 7.7568e-06 2.2274e-05 0.01417 -0.008695 0.01417 0.010062 0.061441 -0.018373 0.062613 0.021004 0.0001579 3.8922e-05 0.00041006 0.00024949 0 0 0 0 0.017272 -0.0043888 0.017272 0.0056838 0.49686 -0.048385 0.49835 0.070774 0.00011349 -6.7823e-05 0.00033432 0.00037541 0 0 0 0 0.022661 0.021795 0.026246 0.025117 0.48239 0.043039 0.48492 0.087182 -0.00070897 -0.001027 0.0017372 0.0026621 0 0 0 0 0.013226 -0.0020614 0.023207 0.01012 0.059333 0.010612 0.059333 0.011559 -0.00023972 6.6536e-05 0.00032427 0.00019081
0.003182 -0.0023859 0.0031941 0.0024464 0.0084722 -0.020244 0.015566 0.024537 -0.010232 -0.0045458 0.018732 0.01369 0.00037861 -0.0034943 0.0025685 0.0034943 -0.00076897 -0.0014453 0.0021157 0.0027659 -0.0032048 -0.044401 0.32943 0.1381 0.12836 0.023739 0.45015 0.18253 -0.02457 -0.0093773 0.028639 0.017398 -9.2218e-05 6.6493e-05 0.00014393 0.00015026 -0.05647 0.024797 0.31463 0.049015 0.13521 0.011497 0.66078 0.19419 0.0051273 -0.00060693 0.0054301 0.0012344 0 0 0 0 0.024304 0.0084401 0.061369 0.025629 -0.023594 -0.013153 0.089439 0.041527 -4.8591e-06 4.8591e-06 4.8591e-06 4.8591e-06
2.9872e-05 2.9872e-05 2.9872e-05 2.9872e-05 -6.8263e-05 0.00016282 6.8263e-05 0.00016282 0.048245 -0.002214 0.050581 0.0060621 -0.0053845 -0.0005384 0.0058141 0.0013487 -0.0064638 0.013103 0.0072715 0.013282 -0.001356 0.00071979 0.0017217 0.002228 0.28619 0.0013195 0.4164 0.044828 -0.046632 -0.033377 0.062023 0.033689 0.0016366 0.028793 0.031218 0.064144 -0.19626 0.32485 0.23419 0.37158 0.095939 0.025353 0.57891 0.17767 0.0079226 0.026195 0.025561 0.034038 0.0010536 0.0028577 0.0017533 0.0028577 -0.024338 0.0033087 0.035624 0.0097233 0.035368 0.032537 0.039996 0.032607 -0.00057681 0.0038013 0.0021337 0.0038325
-0.00070104 -0.0023953 0.0028309 0.0047004 0.0077067 -0.016142 0.022321 0.029643 -0.0014557 -0.015436 0.015183 0.021284 -0.00075655 0.0015541 0.0021564 0.0024839 0.012544 -0.028768 0.018478 0.036387 0.1711 0.041683 0.31442 0.21629 -0.092389 0.16424 0.12914 0.25999 0.010401 0.011408 0.018695 0.033395 -0.00051521 -0.0008454 0.00513 0.0047256 0.34628 -0.013583 0.50039 0.083769 -0.3187 -0.21683 0.3187 0.22139 0.037569 -0.045538 0.03814 0.046231 -2.2359e-05 -5.4733e-05 0.00011729 0.00024869 0.048401 -0.004856 0.064898 0.011284 -0.054205 -0.0038771 0.054508 0.0098412 0.00037667 -0.00068405 0.0012368 0.0009756
0.0095687 0.002174 0.0096111 0.0023283 -0.023066 0.0058044 0.026429 0.0073745 0.042159 0.0042418 0.042177 0.010656 -0.011228 -0.00079087 0.011366 0.0014575 0.07796 -0.019344 0.078925 0.019745 -0.24308 0.089686 0.32653 0.11992 0.33253 0.023124 0.33253 0.066748 -0.10202 -0.0059704 0.10246 0.012322 0.0031863 -0.0031126 0.0048158 0.0037064 -0.034966 0.003405 0.46034 0.27983 0.25709 0.10773 0.36191 0.13867 -0.092723 -0.0080402 0.093561 0.011052 0 0 0 0 0.04904 -0.012653 0.049156 0.01326 -0.016393 0.0011733 0.051382 0.03273 -0.0010648 -0.00092284 0.0012908 0.0011798
-4.1525e-05 9.6657e-05 0.00010655 0.00010079 0.037879 -0.016804 0.038386 0.028472 0.026291 -0.018339 0.085995 0.042824 0.001699 -0.00022034 0.0018284 0.0010269 0.00077746 0.00018649 0.0013544 0.00069578 0.080176 -0.0022606 0.091773 0.064183 0.39834 0.013866 0.47005 0.15239 0.0057289 -6.0502e-05 0.0089365 0.0043612 -0.0006296 -0.00013934 0.0010917 0.00053292 -0.0066785 -0.0016369 0.022775 0.026018 0.4972 0.016781 0.54041 0.10768 0.0079547 -0.0015878 0.011665 0.0029186 8.0819e-07 -4.6123e-05 6.583e-05 6.583e-05 0.0021442 -0.0011092 0.0055552 0.0040102 0.072184 -0.002095 0.075304 0.0076673 -0.0010266 -5.2331e-05 0.0022425 0.00062867
6.4202e-05 -0.00010918 0.00012149 0.0002217 0.0076829 0.0082454 0.0096869 0.01058 -0.0020004 0.0041761 0.035778 0.021399 0.00063092 -0.0004229 0.00090203 0.00051037 5.3362e-05 -6.3319e-05 0.00016759 0.0001334 0.3241 0.034898 0.33058 0.10831 -0.31756 0.046723 0.3226 0.066197 0.013007 0.0031137 0.013007 0.0082529 0 0 0 0 0.38023 -0.012634 0.38773 0.063212 -0.35033 0.032649 0.35376 0.053907 0.028462 0.0083588 0.028462 0.008819 0 0 0 0 0.030001 -0.012914 0.03136 0.014025 -0.01405 0.00055903 0.055187 0.021287 0.006778 0.0031512 0.0068721 0.0033239
0 0 0 0 0.0075512 -0.0023829 0.0084781 0.0031836 0.024804 -0.0074125 0.090594 0.018127 -0.002499 0.00070788 0.0026626 0.0014868 0 0 0 0 0.0016767 0.00090346 0.022685 0.029472 0.29184 -0.028495 0.59617 0.16129 -0.021255 0.015067 0.024815 0.017014 0.0078006 0.0043549 0.0078393 0.0060806 0.096113 0.054455 0.12569 0.059812 0.22554 0.18872 0.5739 0.24622 -0.0042547 0.010086 0.021943 0.014784 0.00048312 0.00024891 0.0020142 0.0010569 0.0483 0.0035294 0.071918 0.0079014 0.027028 0.01349 0.048523 0.01482 -0.0059085 0.0044219 0.0065047 0.0049926
0.00035359 -0.00017811 0.00062459 0.00077539 -0.00061049 0.00076862 0.0018227 0.0017633 0.058796 0.10773 0.059277 0.10775 0.0041197 0.01161 0.004351 0.011785 0.0039655 0.0049408 0.009309 0.049158 0.18381 0.10901 0.20417 0.188 0.41731 -0.087058 0.42574 0.20961 -0.006228 -0.0067891 0.010313 0.0080871 -0.00086963 0.0084786 0.033066 0.055658 0.15628 -0.0075665 0.20349 0.11179 0.33395 0.0336 0.4454 0.16576 -0.017903 -0.053293 0.03027 0.053293 0.00080333 0.00060454 0.0019522 0.002276 0.051395 0.0035924 0.051837 0.015808 -0.003046 0.0067008 0.055317 0.012402 -0.0010756 0.0049659 0.0082257 0.0063315
0.00039488 0.00027177 0.00059856 0.00058989 0.024392 0.0051579 0.029316 0.0084074 0.045322 0.017439 0.062233 0.021751 0.0021676 0.0019766 0.003261 0.0023598 0.0010753 -0.0028698 0.0035047 0.0039232 0.3294 0.088331 0.37826 0.14191 0.2354 0.0028463 0.29238 0.094359 0.0028599 0.0050124 0.007204 0.0055008 -0.00056891 0.00034021 0.0018663 0.0013956 0.26918 -0.13218 0.39761 0.17347 0.34473 0.031465 0.35885 0.13271 0.0037686 -2.3573e-05 0.0067689 0.0032472 -0.00031065 0.00035698 0.00032531 0.00036537 0.0017962 -0.0008466 0.0064802 0.0070617 0.086389 -0.029325 0.088829 0.038868 0.00095291 8.2222e-05 0.0012616 0.00038277
-0.00020942 6.1581e-05 0.0003845 0.00059152 0.0049527 -0.0042741 0.075311 0.019655 0.072686 -0.0038151 0.074683 0.021102 -0.0022828 0.0022785 0.0041249 0.0030191 0.00062276 -0.003718 0.0036003 0.0075939 0.3017 0.013439 0.33891 0.10256 0.2947 0.093148 0.3091 0.19826 -0.0068304 -0.003055 0.010723 0.0083436 -0.00020988 0.0049684 0.0017804 0.0049684 0.42104 -0.061191 0.43467 0.14378 0.19876 -0.012708 0.27926 0.11123 -0.0013042 0.011259 0.0082583 0.011627 -1.5944e-05 5.4178e-05 0.00047907 0.00047429 0.0088684 -0.0025326 0.012552 0.01291 0.072879 -0.035947 0.075389 0.038649 0.0035023 -0.0014195 0.003623 0.0019808
-2.8149e-07 -8.005e-07 8.005e-07 8.005e-07 0.0033555 -0.0021205 0.0034558 0.0025908 0.080961 -0.017661 0.081467 0.018669 6.4697e-05 -3.381e-05 8.2422e-05 8.6776e-05 0 0 0 0 0.012175 -0.00099794 0.012175 0.0018026 0.51846 -0.061239 0.51893 0.063357 -0.00070244 -0.00033622 0.0018758 0.002827 0 0 0 0 0.067613 0.0080365 0.069831 0.047008 0.43809 0.032811 0.4649 0.088906 0.0024344 -4.6776e-05 0.0047972 0.0014897 -6.0019e-07 3.7307e-07 6.0019e-07 3.7307e-07 0.00096512 0.00022183 0.001251 0.00028652 0.071704 -0.0096696 0.072345 0.026026 0.0006363 -0.00011257 0.0007159 0.0002487
0.0011939 -0.004645 0.0016593 0.004645 0.0041927 -0.023291 0.0075111 0.023291 -0.005178 -0.027254 0.013118 0.027254 -0.00056802 -0.0046727 0.0013004 0.0046727 0.017171 0.017376 0.027145 0.060258 0.20675 0.03496 0.37465 0.28014 -0.10479 0.12145 0.1536 0.32837 -0.040032 -0.011453 0.041669 0.027117 -0.0052792 -0.010396 0.023277 0.024445 0.2567 -0.080874 0.3989 0.27051 -0.068466 0.036449 0.2838 0.39249 -0.011561 0.061545 0.015093 0.061545 0.0025124 -0.0031698 0.0027533 0.0048642 0.052646 0.02563 0.063118 0.053496 0.01609 0.022344 0.027325 0.039453 -0.00037565 -0.00022122 0.0019411 0.0032517
0.0024532 -0.0025292 0.0024851 0.0028345 0.015002 -0.01826 0.016008 0.019042 -0.010231 -0.0026864 0.020442 0.020833 0.00071577 -0.0012452 0.0025293 0.0019694 -0.00052306 -5.282e-05 0.0017541 0.002056 0.018589 -0.046518 0.40278 0.23053 0.093361 -0.063899 0.30669 0.21528 -0.00063132 0.032403 0.03204 0.047419 1.0299e-05 -0.00062991 0.0011947 0.0013126 -0.11836 -0.0050697 0.50205 0.10049 0.32089 0.058305 0.43717 0.10522 -0.050454 -0.028019 0.10198 0.055774 2.2756e-05 -5.31e-05 8.0395e-05 0.00010769 -0.011272 0.012152 0.051158 0.013738 0.027398 0.0083841 0.12166 0.045824 -0.001377 -0.0012824 0.0014152 0.0013821
-0.00026945 2.9028e-05 0.00028674 0.0001193 0.069634 0.0045409 0.069943 0.0093449 -0.0033051 0.00016993 0.0051078 0.0046101 0.001299 -0.00011966 0.0013079 0.00036145 0.00019022 -5.5418e-05 0.0015367 0.00047496 0.47276 0.070416 0.47861 0.1387 -0.02335 0.030671 0.039697 0.031214 0.0010389 -0.0003138 0.007654 0.0067001 -0.00049019 6.5764e-05 0.00076156 0.00042214 0.4774 -0.056173 0.48607 0.17704 -0.011358 -0.010417 0.027822 0.01659 -0.0028735 0.0015434 0.0083697 0.0022972 -4.0921e-05 5.0189e-05 0.0001956 0.00016567 0.066736 0.0012674 0.067157 0.011891 -0.00051701 -0.0024349 0.0030662 0.003586 -0.00018557 -0.00015672 0.00047984 0.00025306
-4.4202e-05 1.4347e-05 4.4202e-05 2.4025e-05 0.056439 0.0089708 0.059024 0.013119 -0.047363 0.0014116 0.051547 0.0081099 -0.00018614 4.4205e-05 0.0011646 0.00035784 -0.00047293 3.1777e-05 0.00047293 0.00023216 0.33924 0.015484 0.38947 0.05876 -0.32797 -0.0088477 0.32797 0.072196 0.0095957 0.0042857 0.010579 0.0045656 0.0023772 0.00014977 0.0033539 0.0012817 0.34033 -0.052277 0.38398 0.096415 -0.31673 0.0064881 0.32251 0.081671 0.026628 0.014125 0.026648 0.017593 -4.7386e-05 -1.9186e-05 8.5758e-05 1.9186e-05 0.05325 -0.008515 0.054035 0.010323 -0.029129 0.0058917 0.039623 0.014911 0.0053241 0.0038608 0.0054015 0.0044715
0 0 0 0 0.071841 -0.0010347 0.071841 0.0050639 -0.020681 -0.020571 0.02449 0.021107 0.0034572 -0.0012812 0.0039298 0.0018691 -0.00037806 -0.00015074 0.00055929 0.00068555 0.38101 0.033324 0.55276 0.06499 -0.16843 -0.12186 0.2924 0.12186 0.013917 -0.018054 0.015008 0.018054 0.0011061 0.00016379 0.0011061 0.00077669 0.083852 -0.17446 0.46563 0.22882 -0.045885 -0.15076 0.15068 0.1692 0.032515 -0.0096449 0.032573 0.018968 0.00036771 0.00051371 0.00082491 0.00073025 0.0052489 8.4351e-05 0.0076547 0.0042455 0.012894 0.011466 0.021309 0.027745 0.001299 -0.0019677 0.0030408 0.0040106
0.00014533 -0.00048698 0.0010147 0.0013957 0.022672 -0.00056272 0.051642 0.0090061 0.040042 0.010451 0.054303 0.020252 0.0015828 0.00062727 0.0023147 0.0016935 0.00031638 0.0013587 0.0013392 0.0044476 0.42664 0.050037 0.43371 0.076529 0.12185 0.06767 0.3111 0.19848 -0.0028693 -0.0015439 0.0058462 0.0044533 -0.0015689 0.003455 0.0021494 0.0035923 0.37798 -0.071262 0.39453 0.10389 0.19106 0.016185 0.28817 0.10446 0.0014499 0.0096909 0.0082234 0.009918 8.4927e-05 -0.00059041 0.00050954 0.00065564 0.0079401 -0.0066602 0.012455 0.010062 0.071147 -0.017544 0.076158 0.022383 0.0028298 -0.00034352 0.0030373 0.0013675
-1.4857e-05 4.8227e-06 1.4857e-05 4.8227e-06 0.0079425 0.0058011 0.0096845 0.007147 0.021792 0.0013704 0.11384 0.022288 -2.4005e-05 -7.2482e-05 0.00098392 0.00070638 -0.0035203 0.0013692 0.0043675 0.0018469 0.4568 0.037447 0.46508 0.045588 -0.20849 -0.023819 0.4437 0.11686 -0.039686 0.023564 0.041911 0.023862 -0.0030048 0.0011725 0.0066093 0.0045378 0.24171 -0.017876 0.24491 0.12682 -0.070665 -0.19142 0.25303 0.2328 -0.025391 -0.001112 0.029917 0.035204 0.00053277 -0.00053472 0.00091607 0.00068645 0.0071281 0.0011238 0.0097495 0.011867 0.00075498 0.0074113 0.0094711 0.018257 0.0014333 -0.0027667 0.0016981 0.0049586
-0.00039506 0.00033066 0.00039616 0.00043573 0.064085 -0.0065674 0.065454 0.008852 0.024484 0.0068192 0.025449 0.0083579 -0.0014773 2.1417e-05 0.0015693 0.00049001 -0.00098966 0.0021785 0.003124 0.0051508 0.20217 -0.038615 0.24121 0.081736 0.40777 -0.044828 0.42402 0.07213 -0.016522 -0.002137 0.016636 0.0032656 0.0032056 -0.0019997 0.0036347 0.0040886 0.10816 0.03635 0.14255 0.056306 0.47778 0.043314 0.49939 0.062331 -0.011692 -0.0014727 0.01612 0.0058231 9.105e-05 -0.00031747 9.2194e-05 0.00031802 0.049115 0.0016417 0.049262 0.0091374 0.041334 0.0033289 0.043384 0.0068489 -0.0027525 0.00047868 0.0031253 0.00079744
-0.00239 -0.0015807 0.00281 0.0028821 0.011442 -0.013065 0.019244 0.013547 0.043047 -0.018891 0.043311 0.020781 -0.0038306 0.00064085 0.0070006 0.0011825 -0.011563 -0.013631 0.030864 0.017114 -0.071577 -0.062639 0.32381 0.085603 0.45365 -0.03581 0.46652 0.13474 -0.027492 -0.016339 0.043973 0.017949 -0.0026375 -0.002314 0.010542 0.0043031 0.0052219 -0.0080143 0.17551 0.11274 0.35808 -0.029324 0.45607 0.17632 -0.059087 -0.048725 0.059392 0.050613 -0.00038244 -0.00018837 0.00077156 0.00042332 0.008377 -0.0026727 0.010078 0.0076273 0.0087495 -0.0088554 0.029585 0.020224 -0.0029655 -0.0038307 0.0031541 0.0039775
-0.00016338 -0.00014905 0.00025206 0.00033181 0.0086572 -0.0064405 0.026247 0.020602 0.058687 -0.0019494 0.074982 0.011544 0.00037004 -0.00023 0.00063367 0.00025247 0.00050526 0.00048736 0.0014216 0.00072591 0.029773 0.004881 0.10345 0.082689 0.4422 -0.0025701 0.49739 0.10486 0.0010288 -0.000308 0.0020759 0.0016857 -0.00050081 -0.00030249 0.00077074 0.00057242 0.071309 0.00036603 0.22834 0.088263 0.39406 0.015629 0.52093 0.1249 0.0029008 -0.0020285 0.0059323 0.0047121 1.0144e-05 8.6048e-06 1.9424e-05 1.612e-05 0.0041444 -0.0007005 0.006504 0.0025433 0.065087 -0.0054102 0.071576 0.011446 -0.0010938 0.00039789 0.0013874 0.00066238
-1.0289e-05 2.5151e-06 1.369e-05 1.369e-05 0.067254 0.00061084 0.072129 0.012601 0.0032893 0.0013549 0.011448 0.0044381 0.0012568 -3.3813e-05 0.0013292 0.00049544 5.9603e-05 -4.8386e-05 5.9603e-05 0.00026642 0.49635 0.0066834 0.50114 0.065891 0.003385 0.026374 0.036493 0.030173 -0.00034668 -0.0011523 0.0077345 0.0056068 0.00020269 9.2995e-06 0.00020269 0.00020269 0.46514 0.0073697 0.46656 0.18215 0.051647 -0.0092746 0.079123 0.023776 -0.0052751 0.0025208 0.00945 0.0029839 -5.217e-05 2.7914e-05 0.00014168 5.6374e-05 0.060192 -0.0072319 0.06097 0.014981 0.012888 -0.0022866 0.01512 0.002674 -0.00037109 -0.00030311 0.0004726 0.00038533
0.00048493 7.3181e-05 0.00053185 0.00047228 0.078861 0.025937 0.082417 0.0279 0.0057328 0.0038418 0.0058859 0.0053389 -0.00011946 0.00038435 0.00025954 0.00041102 0.0038326 0.0040608 0.011188 0.0069101 0.52596 0.012593 0.54663 0.058468 0.011901 -0.0098173 0.024751 0.025173 -0.00071589 -0.00023477 0.0032527 0.0011361 0.010481 0.0109 0.019809 0.013635 0.40129 -0.028799 0.43054 0.14462 0.022004 -0.1075 0.071351 0.1075 0.0052588 -0.011724 0.0075029 0.012075 0.00098166 -0.0001694 0.0019462 0.0014746 0.037636 -0.01839 0.044391 0.022588 -0.0013259 -0.021648 0.038775 0.021648 0.0023949 -0.0014165 0.002804 0.0017652
0 0 0 0 -0.00025256 -0.00025256 0.00025256 0.00025256 0.047891 0.0027725 0.047891 0.0097136 0.0012812 -0.00048927 0.0014165 0.00074153 0 0 0 0 0.013735 -0.0039286 0.017389 0.011653 0.42479 0.071497 0.46306 0.17846 0.0074755 0.0024826 0.008166 0.0034657 0 0 0 0 0.0048894 0.0028163 0.0085433 0.00678 0.50599 -0.028825 0.50672 0.21329 0.0053822 0.00020304 0.0056425 0.0029685 -1.9111e-05 1.8852e-05 0.00011218 5.6433e-05 -0.00023734 9.1767e-05 0.00023734 0.00023734 0.032226 -0.021218 0.032829 0.024683 0.006399 -0.0071239 0.0065875 0.0072201
-0.0046129 -0.0022489 0.0055926 0.0026427 0.060431 0.00713 0.06056 0.014986 0.044127 -0.0028205 0.044127 0.020823 5.0313e-05 0.0007184 0.0011158 0.0020928 0.0093201 -1.6693e-05 0.030107 0.016288 0.46207 0.12059 0.47701 0.15382 0.17991 0.0043679 0.18108 0.080916 0.010649 -0.0089931 0.018061 0.010425 0.014707 -0.00077959 0.023966 0.0152 0.29998 -0.12406 0.30459 0.19029 0.25819 -0.14221 0.26941 0.18074 -0.0082505 -0.0039077 0.018679 0.018101 0.0010856 0.00066782 0.0017823 0.0026036 0.035674 -0.0042296 0.035696 0.019479 0.042025 0.0038769 0.042837 0.016592 0.00037734 -0.00061974 0.0021321 0.0015575
-0.00048864 -0.0028652 0.0024341 0.0032438 0.01173 -0.023091 0.015103 0.023091 0.020433 -0.0080946 0.043708 0.009558 -0.014379 -0.0004751 0.014383 0.0010322 -0.018489 -0.020309 0.049553 0.024346 0.037326 -0.1006 0.19267 0.12344 0.28159 -0.042375 0.5762 0.10674 -0.05347 -0.0016761 0.05636 0.0064458 0.0010823 -0.0058637 0.0080077 0.0070066 0.055627 -0.0092127 0.16179 0.077275 0.15853 -0.16766 0.57997 0.264 -0.014828 -0.0079719 0.019906 0.0096428 -4.4475e-05 7.9544e-05 0.00043442 0.00024717 0.010441 -0.0065431 0.011749 0.011338 -0.0086057 -0.019318 0.020705 0.0234 3.4029e-05 -7.6058e-05 0.00015196 0.0002404
2.1114e-05 -0.00012487 0.00023303 0.00036286 0.0079647 -0.0062724 0.01555 0.016274 0.067619 -0.012543 0.072586 0.018564 0.00032929 -7.7511e-05 0.00075659 0.00058287 -0.00066528 0.00035701 0.00069824 0.00045265 0.16946 -0.035816 0.18446 0.15805 0.3224 -0.0044377 0.52433 0.17147 0.010289 -0.0030342 0.013272 0.0088963 0.00047823 6.597e-05 0.00094468 0.00042322 0.12849 0.0095654 0.17816 0.09108 0.37871 -0.011862 0.49493 0.18616 0.0077827 -0.0007199 0.011392 0.0035307 -0.00014602 2.3978e-05 0.00016815 7.3638e-05 0.0010619 -1.9762e-05 0.0029567 0.0014914 0.069913 0.00017867 0.078087 0.019071 9.3322e-05 -4.3814e-05 0.002261 0.00068209
-0.00016605 7.7673e-05 0.00024344 0.00013305 0.061034 0.0058872 0.061729 0.0069878 0.0040292 0.0012985 0.0087565 0.0032389 -3.7275e-05 0.00011848 0.00041392 0.00056811 0.00059981 -0.00018391 0.0015167 0.00067654 0.45167 0.095586 0.49796 0.27973 0.0031207 0.028435 0.027736 0.03022 -0.0040266 0.0022346 0.0043234 0.0035326 -0.0001035 -1.5242e-05 0.0010766 0.00051775 0.44158 -0.065496 0.45221 0.18645 0.027235 -0.012865 0.043106 0.023239 -0.0041303 0.00063542 0.0044604 0.00096281 -0.00025139 7.5801e-05 0.00034621 0.00016471 0.063254 -0.0097519 0.064432 0.014508 0.0014008 -0.0014303 0.0029314 0.0020903 -0.00025063 -7.2132e-05 0.00030763 0.00026124
0.0041974 -0.0051733 0.0056515 0.0052733 0.026396 -0.044504 0.033698 0.045493 0.0031949 -0.027837 0.015717 0.029844 4.5929e-05 -1.703e-05 0.0030575 0.0036893 0.0021643 0.0073889 0.029822 0.025373 0.089931 -0.25342 0.17452 0.30133 0.25408 -0.08581 0.36248 0.25851 0.039589 -0.012616 0.042997 0.038879 -0.021398 0.02787 0.025464 0.029686 -0.0015945 0.33745 0.12982 0.33781 0.17144 0.04477 0.37188 0.31092 0.026423 -0.031149 0.039545 0.052597 -0.0039015 0.0060506 0.0039015 0.0060575 -0.002826 0.013914 0.013994 0.020452 -0.011337 0.005912 0.01809 0.016322 0.0030709 0.0028769 0.0034139 0.0042501
0.00015393 -0.00011546 0.00015393 0.00011546 0.035541 -0.02459 0.070072 0.026258 -0.0088194 -0.0089924 0.017127 0.012587 0.00042968 -0.003234 0.0022288 0.0043387 0.00011866 -2.1551e-05 0.00011866 0.00011866 0.41951 -0.017904 0.41983 0.089941 -0.18598 -0.026241 0.18675 0.055816 0.01939 0.00030407 0.027008 0.010801 -2.3269e-05 2.599e-06 2.3269e-05 1.152e-05 0.39026 0.021285 0.45451 0.031825 -0.25477 -0.13854 0.27534 0.13948 0.041365 0.00075819 0.041365 0.0072963 -0.00021711 0.00041397 0.00022225 0.00041397 0.030397 -0.0039508 0.084327 0.013269 -0.036898 -0.025002 0.049328 0.026336 0.010233 0.00096058 0.010233 0.00099108
0.00033445 -0.0013772 0.00089109 0.0014485 0.015633 0.021011 0.044451 0.039572 0.0096276 -0.0086672 0.017842 0.014346 -0.0029804 0.0014942 0.004974 0.003981 0.056905 0.026189 0.057258 0.026255 -0.14283 -0.18458 0.36195 0.35693 0.14346 -0.044599 0.21102 0.29817 -0.038098 0.0032201 0.051483 0.036095 0.029437 0.020935 0.094284 0.033823 -0.20904 -0.10382 0.2166 0.12558 0.37634 -0.019606 0.45065 0.093267 -0.055676 0.019444 0.099805 0.041779 -0.0052029 -0.0030733 0.013919 0.0040934 -0.012774 -0.0055769 0.015969 0.0095577 0.062304 0.028088 0.092196 0.031747 0.0028377 0.00017916 0.015796 0.011528
0.001599 -0.00088879 0.0021905 0.0010908 0.02923 -0.0096159 0.02923 0.010448 0.027914 -0.0081203 0.029212 0.0098088 0.00028446 0.000694 0.0025443 0.0011067 0.014153 -0.001355 0.018734 0.017568 0.080522 -0.076423 0.13765 0.16724 0.35759 -0.029308 0.35759 0.10725 0.0068218 0.0012531 0.006938 0.0052204 -0.014368 -0.037624 0.017903 0.046632 0.17813 -0.12883 0.23317 0.18407 0.49114 0.08029 0.50242 0.11454 0.0094858 0.0030628 0.010204 0.0037848 0.00025965 -0.00040421 0.00084841 0.0005255 0.063152 0.012897 0.065319 0.018834 0.045816 0.0062281 0.048337 0.023917 0.00058363 -0.00031776 0.00075366 0.00055337
1.8862e-06 -1.8862e-06 1.8862e-06 1.8862e-06 0.037064 -0.022989 0.069333 0.023057 -0.0072252 -0.0057027 0.01621 0.011294 0.0018589 0.001127 0.0025191 0.0018995 -2.8147e-05 7.728e-05 4.3103e-05 7.728e-05 0.39293 -0.022832 0.41549 0.092331 -0.15135 -0.062325 0.24192 0.08022 0.028576 0.0053337 0.029672 0.0071624 -0.00085224 0.0012945 0.00096116 0.0015317 0.23156 -0.015578 0.53514 0.10328 -0.03638 -0.15241 0.36639 0.18068 0.030339 0.013221 0.033936 0.013221 -0.0070157 0.0095308 0.0075436 0.010333 -0.011798 -0.0060051 0.1022 0.037503 0.046039 0.023808 0.047662 0.024749 0.0011415 0.00032766 0.0026888 0.0007309
-0.0016081 -0.017147 0.002322 0.017147 0.0033078 -0.07576 0.015857 0.07576 0.012065 -0.024409 0.013479 0.024409 0.001396 -0.001307 0.001563 0.0026222 -0.0071406 -0.019638 0.010237 0.021842 0.47269 -0.029301 0.53952 0.2774 0.066487 -0.074355 0.097369 0.091209 0.0065511 -0.017424 0.011567 0.018574 -0.0011388 0.0004636 0.014119 0.012873 0.35506 -0.018265 0.4109 0.14576 0.11538 -0.065385 0.12459 0.093609 0.0079381 0.0049815 0.0095537 0.0074642 0.002087 0.0048643 0.0040229 0.0049299 0.025013 0.020656 0.034962 0.029994 0.023681 0.020026 0.024546 0.020384 0.0016879 -0.00043494 0.0025343 0.0030425
0.000336 -4.0748e-05 0.00033706 0.00018601 0.056076 0.00046492 0.063082 0.011553 -0.027909 0.0053799 0.042708 0.013818 -0.0033919 0.00095396 0.0041997 0.0013256 0.00089146 -9.8418e-05 0.0024663 0.0011256 0.38199 0.073129 0.46991 0.12929 -0.086145 -0.0090333 0.47732 0.1906 -0.027766 0.044277 0.03389 0.048484 0.0018637 -0.00074096 0.0052223 0.0040966 0.094511 -0.072169 0.3554 0.1118 0.18193 -0.089589 0.30866 0.16681 0.0072919 -0.0030729 0.014996 0.015493 -0.00077003 0.00046465 0.0011182 0.0011331 0.015203 -0.00057313 0.045435 0.010132 0.024843 0.012104 0.041112 0.023242 0.0043926 -0.00053825 0.0044524 0.0022291
2.0665e-05 7.4659e-05 0.00010982 9.0399e-05 -0.00075537 -0.00079576 0.0078838 0.0084469 0.075133 -0.0065669 0.081915 0.020259 0.00040137 -0.00039293 0.00058589 0.00049636 -0.0004036 -0.00020386 0.0011832 0.001152 0.083052 -0.010493 0.12033 0.11791 0.39953 0.020294 0.49558 0.089618 0.0035398 -0.0015079 0.0047941 0.0018007 -0.00035195 0.00017391 0.00097472 0.00063549 0.032398 0.0058848 0.10901 0.11419 0.44971 -0.030957 0.53032 0.12252 0.0021973 -0.00032101 0.003415 0.0035034 -0.00015149 -4.0708e-05 0.00015149 0.00015149 0.014164 0.0071359 0.016817 0.017638 0.05666 0.015235 0.080613 0.040958 -1.8755e-05 -0.00026762 0.00095586 0.00063867
-0.00027246 -0.00063758 0.00081939 0.00090999 0.034937 0.0093957 0.051584 0.01801 0.037379 0.003712 0.037728 0.0083725 -0.00050192 0.00022772 0.0006442 0.00028764 -0.0019349 0.00011143 0.0033905 0.0043195 0.36781 0.025571 0.39161 0.14631 0.20313 0.038374 0.20491 0.070127 -0.0045503 0.00096551 0.004767 0.0023205 -0.0067096 0.0037046 0.0073683 0.0061651 0.46647 -0.099064 0.50459 0.20472 0.15256 0.017133 0.15732 0.068286 -0.0024134 -0.00089972 0.003409 0.0011852 -0.0011483 -0.00023413 0.0015123 0.00055908 0.083837 -0.0099824 0.086796 0.011923 0.014418 -9.5714e-05 0.016205 0.0023884 -0.00091555 -0.00021165 0.00095458 0.00037212
0.00077972 -0.0036501 0.001237 0.0037095 0.0082475 -0.062813 0.014796 0.062813 0.045301 -0.031593 0.047335 0.036283 -0.019579 -0.0043043 0.019579 0.0059862 -0.024266 -0.0044256 0.032255 0.023213 0.023941 0.018555 0.18603 0.10028 0.1395 -0.119 0.45311 0.16015 -0.021268 -0.016128 0.025749 0.016272 -0.018558 -0.009339 0.019458 0.010791 -0.053622 0.05843 0.50485 0.098011 0.096236 0.039886 0.59538 0.14525 0.00010337 -2.566e-05 0.00010337 2.566e-05 -0.00030613 -0.00020024 0.00033073 0.00023629 0.031388 -0.0023536 0.048037 0.025961 -0.02736 -0.012211 0.079941 0.031413 0 0 0 0
3.7367e-06 5.6581e-05 2.0796e-05 7.2144e-05 0.066708 0.005321 0.067717 0.0084095 -8.8438e-05 -0.00024446 0.0060157 0.0035201 0.00057646 -1.7177e-05 0.00090838 0.00044204 -0.00052582 -0.00018269 0.00068714 0.0003684 0.47906 0.054763 0.47957 0.16036 -0.005973 0.029384 0.028167 0.03247 -0.0045311 0.001434 0.0083203 0.0049822 -0.0002669 0.00016923 0.0003728 0.00016923 0.48109 -0.046701 0.48253 0.15027 0.0049179 -0.012967 0.029853 0.02445 -0.0047973 0.0010559 0.0070674 0.0017083 6.6818e-05 4.1282e-06 0.00012863 8.5233e-05 0.065875 0.0069943 0.066372 0.011033 0.0016009 -0.0024823 0.0035209 0.0035066 -0.00036186 -0.00027211 0.00047838 0.00032916
-0.0084003 -0.0043701 0.01131 0.0049077 0.018845 -0.0078093 0.02619 0.012582 -0.019029 -0.0036661 0.075892 0.012667 0 0 0 0 -0.038636 -0.014502 0.042347 0.014926 0.23177 0.0088695 0.23469 0.056961 -0.18937 0.018591 0.52185 0.093039 0.00018089 -0.00018089 0.00018089 0.00018089 -0.026449 0.0022396 0.031011 0.0051138 0.3202 0.02865 0.3202 0.09765 -0.29148 -0.069804 0.48313 0.10412 0.0002059 0.0003415 0.00084772 0.0003415 -0.0045061 0.0023539 0.0048213 0.0031153 0.0329 0.017587 0.042108 0.021466 -0.045245 -0.0072971 0.045477 0.010837 -7.6622e-05 -3.1974e-05 0.00018861 0.00017132
3.2442e-05 -2.0046e-05 3.2442e-05 2.0046e-05 0.038855 -0.027752 0.063819 0.028253 -0.0056224 -0.0021867 0.01617 0.0097407 -0.00091872 -0.0033137 0.0023202 0.0039371 0 0 0 0 0.43592 -0.021092 0.43914 0.090085 -0.14552 -0.013095 0.15647 0.046353 0.0031459 -0.0019776 0.018914 0.01024 -2.2492e-05 2.5122e-06 2.2492e-05 1.1135e-05 0.44162 0.015705 0.44311 0.029265 -0.24508 -0.097043 0.24582 0.10411 0.027939 -0.0071088 0.027939 0.010372 -7.1543e-05 0.00013206 7.1543e-05 0.00013206 0.056089 0.0031718 0.080123 0.0073028 -0.054444 -0.028895 0.056388 0.029305 0.0076722 0.00025519 0.0076722 0.00090028
-0.00024547 -0.00023886 0.00062452 0.00039324 0.056816 -0.028154 0.065387 0.032356 0.0069832 0.0019774 0.012333 0.0043869 -0.00050312 -0.00052558 0.0012152 0.0010668 0.0025077 0.00041875 0.0035662 0.00077348 0.44569 0.058143 0.52284 0.092936 0.044157 0.011481 0.074623 0.028386 -0.0069276 0.0037575 0.012098 0.0057679 0.002167 -0.00060697 0.0032394 0.00081949 0.44227 -0.070221 0.50777 0.10298 0.062483 0.0053429 0.11009 0.022685 -0.00095362 -0.00011859 0.011544 0.0065504 -3.0501e-05 0.0001264 0.00016889 0.00013063 0.075505 -0.0080778 0.077064 0.012864 0.00053197 0.00067005 0.0079644 0.0044426 -0.0013113 -0.00092136 0.0013578 0.0010768
0 0 0 0 0.05573 0.0047383 0.057056 0.0053805 -0.014056 -0.002009 0.016886 0.0029028 -0.0050435 -0.002166 0.005055 0.002166 0.00011965 -1.6377e-05 0.00011965 0.00011965 0.39111 0.024104 0.39323 0.026352 -0.21929 -0.064768 0.21929 0.067464 -0.021553 -0.011963 0.021679 0.012181 0.00096804 0.0010402 0.0014094 0.0012036 0.38816 -0.00057073 0.39084 0.015999 -0.34906 -0.10511 0.34939 0.1064 0.00015432 0.00034776 0.0011765 0.0014013 -0.00054255 0.00023702 0.00070994 0.00047217 0.03769 -0.01679 0.040075 0.029938 -0.036217 -0.004052 0.039129 0.031263 -0.00029182 0.0014585 0.00082331 0.0017736
-0.00018733 7.7758e-05 0.00022448 0.00016163 0.072322 0.081055 0.072816 0.082773 -0.0010781 -0.0041698 0.082287 0.066992 -0.014483 -0.0084336 0.015181 0.0084485 -0.0049303 0.0083335 0.011226 0.016104 0.14213 -0.28066 0.29332 0.47008 0.028499 -0.057687 0.47637 0.30173 -0.062807 -0.013328 0.063391 0.016628 -0.01193 0.0084845 0.043485 0.014769 0.076198 0.058339 0.15352 0.12772 0.07819 -0.095262 0.32037 0.22658 -0.032519 0.02118 0.041893 0.025391 0.00061472 0.0012115 0.0038483 0.0031463 0.004887 0.0046077 0.035605 0.018703 0.0046211 0.0038285 0.019414 0.024217 0.0015165 -0.00036888 0.0032174 0.0028662
0.00056819 0.00039647 0.0010731 0.0015356 0.048213 0.0061422 0.057402 0.016858 0.015447 0.0021161 0.016502 0.0048039 -0.00035328 0.00016885 0.00039619 0.00026855 -0.0016745 0.0013224 0.0084057 0.016168 0.41393 -0.01332 0.48045 0.12933 0.056014 0.022415 0.070616 0.031542 -0.0039136 -0.0019961 0.0042976 0.0021093 0.00080372 0.0012242 0.0075009 0.0034427 0.50456 -0.027567 0.53929 0.08802 0.0047249 -0.006917 0.028256 0.015433 -0.0055115 -0.001123 0.0064457 0.0030271 -0.00093685 0.00014576 0.0011232 0.00081374 0.065745 0.010745 0.066771 0.016753 0.0013156 -0.0025368 0.0059741 0.0053309 -0.00045687 -0.00059174 0.00076224 0.0008712
0 0 0 0 0.0003411 -0.00050184 0.0014405 0.0021297 0.032121 0.0099147 0.093121 0.020814 -0.00011868 -0.0006889 0.0039168 0.0011862 0 0 0 0 0.01377 0.0014199 0.016381 0.0085956 0.16378 -0.052903 0.73468 0.10269 -9.9957e-05 -0.0052792 0.0061846 0.005614 -3.3986e-06 -7.492e-06 2.0578e-05 2.0578e-05 0.084728 0.02847 0.093461 0.042398 0.1044 0.048382 0.59115 0.1332 -0.0044801 0.0013586 0.0065875 0.0040289 -1.308e-05 1.6089e-05 6.3834e-05 4.8826e-05 0.058464 0.0035096 0.060245 0.0051314 -0.026257 -0.0024811 0.04631 0.010913 -0.0059999 0.0030928 0.0060429 0.0031086
0.00013095 -9.7129e-05 0.00013095 0.00021594 0.071761 0.032081 0.07232 0.032358 0.0075777 -0.0064894 0.034168 0.045325 0.0019885 0.00051921 0.0037347 0.0023746 0.0029174 0.0031447 0.0031914 0.0034174 0.13976 -0.17552 0.37358 0.42654 0.20288 -0.16028 0.24706 0.1727 0.020164 0.00081872 0.024365 0.026964 0.012485 0.0052095 0.014701 0.013744 0.06985 0.020056 0.090999 0.29131 0.33795 0.14309 0.33795 0.20183 0.034213 0.023881 0.034334 0.030031 0.0038292 0.0013664 0.0046122 0.0060629 0.052149 0.10976 0.057737 0.14078 0.017728 0.067053 0.037907 0.12571 -0.0033689 -0.010648 0.0058678 0.014418
-9.7982e-05 2.8832e-05 9.7982e-05 3.8641e-05 0.0010793 0.0015277 0.0021386 0.0027934 0.072872 0.019292 0.074821 0.022414 0.0012359 0.00057307 0.0012415 0.0009053 -0.00084031 -0.0010885 0.0018443 0.0031893 0.038328 0.028591 0.061001 0.054325 0.49398 -0.022215 0.53942 0.089125 0.0040525 0.00037752 0.0059593 0.004001 -0.00052431 0.0054401 0.0068151 0.0084355 0.063567 0.052436 0.1548 0.11026 0.39849 0.02481 0.45916 0.13626 0.0016023 -0.015611 0.0073453 0.016836 0.00044059 0.00058298 0.0019303 0.0017325 0.0062298 0.0024678 0.01261 0.0098197 0.034264 -0.00058509 0.039208 0.013558 0.003296 -0.0039333 0.0059483 0.0039333
0 0 0 0 0.058133 0.0066175 0.058396 0.0076416 -0.03213 0.0015418 0.035019 0.009746 -0.00032315 0.0013831 0.0031049 0.0028826 0 0 0 0 0.43489 0.028541 0.44407 0.094906 -0.12881 0.11623 0.17223 0.14049 0.032216 0.044977 0.033773 0.045511 0.00022389 3.0645e-05 0.00022389 0.00022389 0.41017 -0.061957 0.45651 0.11354 0.068256 -0.043968 0.20452 0.20386 -0.036019 -0.050721 0.062069 0.084642 -6.6653e-05 -1.7911e-05 6.6653e-05 6.6653e-05 0.012062 -0.0083355 0.017254 0.010471 -0.0041861 -0.064515 0.034611 0.067544 0.00037407 -2.4069e-06 0.00052548 0.00035584
-9.0206e-06 -1.0839e-05 0.0001402 0.00036925 0.068481 0.014767 0.071788 0.020255 0.0055266 0.0001547 0.0058305 0.003922 -0.00075881 -8.4442e-05 0.0010526 0.00053394 0.00061908 -0.0011609 0.0064612 0.0064197 0.45782 0.018018 0.49459 0.15024 0.039997 0.013417 0.053623 0.020028 -0.00053485 0.00093952 0.0025555 0.0016983 3.8457e-05 0.00021804 0.005059 0.0063367 0.46778 -0.023069 0.51176 0.10388 0.045281 -0.014985 0.058682 0.023973 0.0010866 -5.2184e-05 0.0026412 0.0014071 0.0034312 0.0018712 0.0037691 0.0032872 0.057569 -0.0036906 0.06823 0.02558 0.0060141 -0.0016601 0.0073498 0.0028153 -0.00028359 -0.00049834 0.00048367 0.00051384
0 0 0 0 0.0054644 -0.0028667 0.0057861 0.003847 0.062711 -0.0045005 0.06365 0.010142 -0.00067826 0.00026086 0.0011871 0.00070702 0.00012926 -5.1584e-05 0.00026403 0.00026403 0.037364 0.0021557 0.057627 0.017233 0.43733 -0.039885 0.44544 0.12739 -0.00095344 0.0029783 0.004975 0.0048339 0 0 0 0 0.009398 -0.0038999 0.030768 0.019473 0.47706 0.025456 0.52338 0.25828 -0.00012282 0.0031641 0.0049342 0.0037131 0 0 0 0 -0.00017367 -2.3445e-05 0.0018332 0.0011707 0.064575 0.0039287 0.065378 0.020511 0.00014676 -0.00034466 0.00044232 0.00061348
0.0004359 -0.0013586 0.0079557 0.010285 0.036935 0.05644 0.054049 0.058087 0.061745 0.023997 0.061745 0.025881 0.0011312 0.00038017 0.0040878 0.0012404 -0.027941 0.088453 0.031576 0.088453 -0.066543 0.10288 0.23569 0.2118 0.40544 -0.025369 0.40544 0.064451 0.0033808 -0.0017855 0.023119 0.0080206 0.0028792 0.0043748 0.006241 0.0056639 -0.23598 0.27774 0.24713 0.27774 0.27297 0.1173 0.34016 0.19202 0.0024 -0.001979 0.01779 0.0058247 0.00085888 -0.00036266 0.00087993 0.00040465 0.0067331 -0.00047808 0.0068361 0.0030872 -0.0015737 0.0086428 0.020687 0.010018 0.00024818 -0.00069759 0.0024431 0.00077424
0.00031279 -0.0088011 0.0022988 0.0088011 0.01878 -0.041899 0.019453 0.042796 0.002971 -0.033852 0.0087903 0.033852 0.000196 -0.0066858 0.0010097 0.0067487 0.01487 -0.035564 0.022411 0.046395 0.26105 -0.026937 0.26105 0.16993 0.0034275 0.012723 0.088121 0.12029 0.018097 0.021686 0.022309 0.04044 0.033099 -0.0069621 0.035332 0.027423 0.16595 -0.22177 0.31549 0.48755 0.29955 -0.046671 0.39295 0.33809 0.0096165 0.01211 0.0097686 0.013246 0.0025011 -0.0020483 0.0030397 0.0037611 0.059317 -0.017571 0.075835 0.059138 0.049759 0.024429 0.049759 0.027884 0.00033035 0.00010875 0.00043591 0.00076573
0.001721 -0.00054941 0.010247 0.0030923 -0.013985 0.015102 0.017464 0.016223 0.043349 0.0078402 0.047843 0.014054 -0.0094339 0.0017487 0.022426 0.0019196 0.071333 -0.024181 0.072576 0.025073 -0.21294 0.068788 0.26805 0.099795 0.33747 0.053154 0.39988 0.071422 -0.062491 -0.009401 0.14587 0.01551 0.00252 -0.002549 0.00252 0.0028506 0.061714 0.0051016 0.37956 0.27079 0.27601 0.16895 0.37232 0.17693 -0.13268 -0.030128 0.13324 0.032146 0 0 0 0 0.043921 -0.029973 0.043921 0.030213 0.014123 -0.028219 0.03235 0.042602 -0.014442 -0.0030969 0.014604 0.0035318
-0.0045999 -0.00094819 0.0046168 0.0010236 0.0058089 -0.02572 0.020569 0.029368 0.012103 0.0012785 0.020233 0.018782 -6.356e-05 -0.0028291 0.0018707 0.0031731 -0.05047 -0.019839 0.05047 0.021258 0.24432 -0.10628 0.39974 0.25424 0.092225 0.024267 0.14354 0.11313 -0.015932 0.0019805 0.016242 0.012321 -0.065445 -0.05157 0.065445 0.05157 0.52254 0.0046347 0.57441 0.072573 0.033167 0.017214 0.061479 0.085234 -0.017171 0.002971 0.017791 0.010135 -0.0031617 0.00049058 0.0035273 0.0030572 0.072868 -0.036548 0.07405 0.040291 0.023858 -0.028614 0.026197 0.036136 -0.0014262 -0.00073035 0.0025658 0.003813
-2.4465e-06 -9.0739e-05 0.00020693 0.00025516 0.0029477 0.0061222 0.022401 0.01327 0.066617 0.0019386 0.068792 0.017998 0.0005217 -0.00026263 0.00066558 0.000539 0.00013904 0.00048695 0.0011815 0.00080353 0.051341 -0.0084563 0.10805 0.10368 0.41349 -0.0067816 0.47799 0.10348 0.0028264 7.9255e-05 0.0040663 0.0021332 -0.00023563 -0.00024032 0.0011997 0.00080772 0.050944 0.011673 0.16178 0.096431 0.42486 0.039432 0.54879 0.15223 0.0047655 -0.0025026 0.0052903 0.003237 -2.8992e-05 3.2931e-05 3.2931e-05 3.2931e-05 0.014928 -0.0075646 0.016302 0.014044 0.05611 -0.011744 0.0691 0.030472 -0.00062325 0.00024746 0.0014724 0.00080319
4.214e-05 4.214e-05 4.214e-05 4.214e-05 -0.0013124 0.00076453 0.0032475 0.0022003 0.032727 0.017597 0.074423 0.027695 -0.00172 0.00065526 0.0030036 0.0014761 0.00056754 0.00055167 0.001375 0.0015101 0.019322 0.0080214 0.02183 0.015069 0.27767 -0.010257 0.47235 0.12207 -0.04135 0.02657 0.046829 0.029092 0.00079956 0.0026166 0.0012884 0.0029105 0.0011177 -0.0039013 0.02985 0.015055 0.338 -0.0033589 0.71084 0.17865 0.032642 0.046014 0.075658 0.059009 5.4835e-05 -0.0010606 0.00046474 0.0010606 -9.0759e-05 0.00052353 0.0062306 0.0067013 0.034114 0.00039967 0.05933 0.018298 0.013262 -0.00021637 0.013338 0.0018248
-0.0016538 -0.00089914 0.0084465 0.0043066 0.0092835 0.0022545 0.027137 0.022953 0.077576 0.025602 0.0821 0.035263 -0.0018386 -0.0040038 0.002825 0.0042946 -0.0017292 -0.00075095 0.01353 0.018043 0.064634 -0.0012745 0.12019 0.12225 0.35603 -0.29376 0.5202 0.3227 -0.054342 -0.032808 0.0632 0.05576 -0.0043446 -0.0080715 0.017204 0.014004 0.12584 0.099231 0.13141 0.14761 0.054923 0.017371 0.36691 0.35206 -0.020692 -0.023045 0.031388 0.084268 0.00097652 0.00031925 0.0018104 0.00098532 0.0097198 -0.029658 0.036037 0.078424 -0.028107 -0.04649 0.032004 0.046656 -0.00026911 -0.0001346 0.00040898 0.0003074
0 0 0 0 0.032676 -0.0061706 0.033932 0.010841 -0.017069 -0.0029114 0.096666 0.013216 0.0074468 0.0023864 0.0074468 0.002595 0 0 0 0 0.009147 -0.0042824 0.018291 0.014362 0.24667 -0.007542 0.62628 0.17589 0.036954 0.024216 0.065796 0.038677 0 0 0 0 0.0024672 -0.00093672 0.0024672 0.0024672 0.40487 0.044738 0.52302 0.1952 -0.051155 -0.047498 0.064718 0.059386 0 0 0 0 0.00042929 -9.6041e-05 0.00042929 9.6041e-05 0.0054849 -0.045183 0.03006 0.045183 -7.5454e-05 0.00014356 0.00019967 0.00029141
0 0 0 0 0.072139 0.0090388 0.072816 0.010325 0.0047128 -0.0018444 0.0055611 0.0034555 -0.0010501 0.00046411 0.0010501 0.00049268 0 0 0 0 0.4877 0.038734 0.495 0.048017 0.01042 0.0047254 0.077199 0.034889 -0.0036639 -0.00035585 0.0038006 0.001715 0 0 0 0 0.48947 -0.010381 0.49034 0.047941 -0.01072 -0.008132 0.050588 0.019434 -0.00023076 -0.00090904 0.0030813 0.0013705 -8.1978e-07 2.5258e-06 1.3728e-06 2.5258e-06 0.06904 -0.0053033 0.069097 0.0072077 0.00013746 -0.00010995 0.0051495 0.0032152 -0.00015685 -0.00017273 0.0011792 0.00065628
0.00051999 0.00061646 0.0043994 0.0041321 0.0022914 -0.0010331 0.041846 0.02362 0.007616 -0.01007 0.023108 0.036482 -0.0014576 0.0013475 0.0046671 0.0047541 -0.053359 0.024081 0.057357 0.042061 0.14167 -0.071122 0.42208 0.2943 0.060291 0.062329 0.21335 0.19185 -0.037101 -0.0077566 0.044248 0.020817 -0.070802 -0.0064647 0.071524 0.047444 0.07867 0.094602 0.5091 0.35058 -0.055376 -0.26189 0.12727 0.30609 -0.022183 -0.023605 0.037658 0.046654 -0.00049753 -0.00066953 0.0011995 0.0021275 -0.027514 0.022049 0.029021 0.025426 -0.0061366 0.047876 0.014742 0.047876 0.00046704 0.0075778 0.0019261 0.0075778
-2.1203e-05 1.9944e-05 0.0009512 0.00074921 0.067763 0.0069332 0.068352 0.011048 0.0043177 0.0030983 0.0055513 0.0053538 -0.0041326 -0.0021507 0.0045091 0.0022252 0.00035986 0.0013745 0.0021485 0.0024936 0.48195 -0.0054976 0.48409 0.060697 -0.081533 -0.060562 0.12076 0.080132 -0.0034894 -0.0033777 0.0072167 0.0088873 0.0021851 -0.0014846 0.0051255 0.0024181 0.43899 -0.022458 0.48214 0.098964 -0.096145 -0.060759 0.15356 0.090752 0.0033696 0.0047681 0.0049726 0.0058004 0.00025235 0.00030757 0.00062231 0.00062672 0.051922 -0.0053226 0.070393 0.022756 0.0029249 0.0017322 0.0055237 0.0042066 0.0004108 0.00039064 0.00089223 0.001114
2.682e-05 0.00021466 0.00027159 0.00024254 0.077512 0.00068083 0.079033 0.022111 0.0010349 -0.0019449 0.0037452 0.0033372 -0.00093659 0.00027799 0.0011839 0.00042584 0.001988 -0.00083968 0.002473 0.002851 0.49446 0.053908 0.50151 0.10264 -0.0063014 -0.006994 0.033589 0.017474 -0.001108 -0.00094002 0.0030432 0.0028965 0.0059339 0.0025349 0.0066909 0.0032996 0.47067 -0.031876 0.4809 0.10534 0.0031671 -0.0091465 0.032378 0.028912 -0.0015868 -0.00077506 0.0054255 0.0031578 0.0012641 -0.0010146 0.0013323 0.0014125 0.065532 -0.00085912 0.068571 0.012878 0.00014183 0.00050815 0.0030484 0.0023851 -2.0919e-05 -0.00024552 0.00056885 0.0011382
0.0054923 -0.0017952 0.0061226 0.0042776 -0.0065679 -7.6374e-05 0.02508 0.024684 0.083155 0.020348 0.086948 0.026539 -0.0025164 -0.0053889 0.0026059 0.0056466 0.0061444 0.0015247 0.012081 0.014753 0.036172 0.0016462 0.0882 0.097341 0.31844 -0.22307 0.53853 0.34032 -0.038704 -0.012662 0.053125 0.070938 0.0040985 -0.0090192 0.018789 0.022431 0.12367 0.11149 0.16563 0.18553 0.016699 -0.080779 0.3506 0.40058 -0.024873 -0.045275 0.025852 0.04629 -0.00066043 -0.00075094 0.00084064 0.00077227 0.0016602 -0.071501 0.024446 0.07156 -0.006981 -0.011064 0.011596 0.012205 -0.00014521 -0.00034018 0.00036845 0.0004523
0.00049697 0.00028226 0.00059529 0.0004082 0.018409 0.0055872 0.019469 0.01019 0.032048 0.00067453 0.058438 0.048637 0.0067679 0.0034894 0.0070847 0.003626 0.0016049 0.013098 0.022478 0.014868 0.048382 0.025809 0.12271 0.093299 0.46329 0.022093 0.4798 0.19095 -0.0003835 -0.0003418 0.00701 0.010294 -0.018414 -0.0009015 0.033361 0.04108 0.051228 -0.010407 0.12346 0.089773 0.45 -0.015766 0.45 0.20617 -0.013678 -0.0078778 0.02146 0.013184 0.00050076 0.0012961 0.0013244 0.0014701 0.007699 0.0062917 0.015122 0.01071 0.034465 -0.018108 0.043663 0.028558 -0.0021594 -0.0053026 0.0059544 0.0056735
0.0043295 -0.0085487 0.00463 0.0089251 0.022395 -0.033058 0.028133 0.034058 0.0083795 -0.023711 0.011279 0.025362 0.0020524 -0.0019595 0.0030436 0.0020507 0.025291 -0.017505 0.02548 0.031859 0.16641 -0.13295 0.21615 0.2611 0.31494 -0.017667 0.33322 0.28506 0.0017676 0.0049245 0.027387 0.017842 0.028897 0.0047702 0.036769 0.031509 0.11417 -0.014787 0.2445 0.18052 0.43137 -0.0014455 0.44024 0.086853 -0.071831 -0.062049 0.072625 0.062265 0.0037002 -0.00072416 0.0049337 0.0033888 0.052219 0.021955 0.057496 0.031099 -0.036831 -0.063671 0.083643 0.067812 -0.0037843 -0.0051669 0.0060178 0.0064276
0.0026018 -0.0033484 0.0037047 0.0035588 -0.0047208 0.030954 0.02872 0.031981 0.086559 0.021454 0.089715 0.033801 -0.0022633 -0.0025785 0.0032619 0.0035687 0.010349 0.0022722 0.012433 0.015001 0.027411 -0.014355 0.10455 0.14151 0.35995 -0.19156 0.58212 0.29343 -0.052295 -0.029557 0.064776 0.073195 0.011893 -0.00022622 0.012939 0.014111 0.12356 -0.041424 0.16942 0.20118 -0.0052841 -0.1168 0.31978 0.36885 -0.021499 -0.040733 0.023554 0.042175 -0.00024337 -0.00071924 0.00074218 0.0010502 -0.000509 -0.0045301 0.0019976 0.0046701 -0.00032808 -0.0015403 0.0022749 0.0016917 2.1553e-05 -3.1091e-05 9.4766e-05 0.00031185
-1.9966e-05 0.00024683 0.00022558 0.00035419 0.07686 0.0030214 0.077762 0.017604 0.00063299 -0.0024665 0.0042258 0.0031628 -0.00092192 0.00025983 0.0012378 0.0004674 0.0017985 -0.0012228 0.0025529 0.0027852 0.49405 0.025215 0.49682 0.15355 -0.0051702 -0.0072857 0.02458 0.01758 -0.0012983 -0.00079232 0.0023965 0.0030044 0.0028913 0.0010361 0.003748 0.0027406 0.46795 -0.019954 0.47348 0.12395 0.0058374 -0.0088665 0.037922 0.026029 -0.0018214 -0.00073652 0.0060072 0.0032684 4.7813e-05 -0.00020052 0.00040925 0.0004255 0.066361 7.0581e-05 0.074943 0.01588 0.0012523 -3.0573e-06 0.0042382 0.0019841 3.5278e-05 -0.00035461 0.0006115 0.0010297
-0.0044908 -0.001208 0.0061205 0.0015057 0.031115 0.0019892 0.031479 0.0084328 0.054137 -0.041691 0.055825 0.045373 0.0020309 -0.0015261 0.0025385 0.0015572 -0.019077 -0.0030871 0.028644 0.0058406 0.29369 -0.059438 0.29561 0.066269 0.22987 -0.00049452 0.38814 0.14418 0.0013109 -0.0022085 0.01404 0.011587 -0.00585 0.0093079 0.03301 0.020514 0.052374 0.072338 0.13105 0.090303 0.48895 0.011561 0.50543 0.19779 -0.034819 -0.024328 0.036732 0.02702 0.0063137 -0.0024731 0.0067143 0.0028278 -0.0098396 -0.013905 0.018266 0.021135 0.047178 -0.029973 0.048966 0.032399 -0.0094969 -0.0039405 0.011809 0.0067614
-0.0064873 3.3825e-05 0.0086727 0.0045029 0.00039993 -0.004488 0.0052712 0.0072242 0.0047104 -0.00062641 0.029642 0.016304 0.0066375 -0.0011653 0.0095376 0.0023279 -0.020565 -0.012331 0.023201 0.014307 0.36294 0.028853 0.36594 0.062125 -0.28621 0.06216 0.42189 0.081692 0.02517 0.0091345 0.071394 0.021285 -0.0012203 -0.00059232 0.0013508 0.00075861 0.22017 -0.054382 0.22183 0.057533 0.013216 0.077086 0.53941 0.18306 -0.043828 -0.0069019 0.072291 0.020022 -2.3724e-06 -2.3724e-06 2.3724e-06 2.3724e-06 0 0 0 0 0.045289 -0.0047017 0.069297 0.02802 -0.010819 -0.0048009 0.010886 0.0048344
0.00038518 -0.0020717 0.0013137 0.0021235 0.074854 -0.012683 0.074854 0.01591 0.009028 -0.0052799 0.0098246 0.0069286 0.00080797 -0.0011085 0.00096476 0.0011966 0.012651 0.0070759 0.015069 0.043462 0.52094 0.019561 0.59283 0.15762 0.078473 -0.002918 0.078659 0.02144 0.0023367 0.00043884 0.00379 0.0042916 -0.0090889 0.049188 0.012257 0.060978 0.32807 0.12375 0.34128 0.20624 0.12101 -0.04766 0.12101 0.061915 -0.0026076 -0.0024474 0.011016 0.01048 0.00083719 0.00059249 0.0017218 0.0021006 0.013128 0.0087285 0.013557 0.010484 0.01176 0.0045089 0.012442 0.0073701 0.0013801 -2.1057e-05 0.0022102 0.00066726
0.001931 0.0006666 0.0020445 0.00071789 0.064943 -0.00037949 0.069919 0.015561 0.0010288 -0.0021015 0.0048573 0.0035564 -0.00025447 5.6634e-05 0.00063628 0.00043606 0.00015313 -0.0010174 0.0052134 0.0034233 0.45088 -0.014603 0.49259 0.16121 0.016093 0.025292 0.033735 0.034898 -0.00067421 0.0035341 0.004206 0.0059786 0.0051387 0.00027566 0.0053047 0.0038045 0.46584 0.024368 0.5201 0.12501 0.032946 -0.01458 0.045502 0.024191 -0.0029927 0.0014274 0.0034967 0.0030279 -0.00021685 0.00029417 0.00032634 0.00042265 0.056447 0.017442 0.057083 0.021837 0.0045892 -0.0017421 0.0066629 0.0031545 0.00015977 -0.00020917 0.0002315 0.00029072
0.0015852 -0.00080123 0.0031043 0.0075949 -0.010484 -0.024019 0.029803 0.039483 0.015391 -0.027678 0.038955 0.036998 0.001754 -0.0030079 0.0044361 0.0043969 0.0076846 -0.021867 0.017726 0.025972 0.011034 -0.21387 0.21896 0.27184 0.26432 0.020016 0.39745 0.2801 -0.017339 0.022809 0.031937 0.042568 -0.00095647 -0.0018542 0.0052225 0.011949 5.841e-05 -0.0082042 0.03943 0.036448 0.45574 -0.030625 0.51773 0.11981 -0.065052 -0.030928 0.065516 0.03229 0.00014646 -0.00046863 0.00035346 0.00060406 0.00079362 -0.00099616 0.0013896 0.0018846 0.056343 -0.0096857 0.069135 0.015713 -0.012102 0.00020319 0.012138 0.0015755
0.00046864 -9.713e-06 0.00049022 2.1478e-05 0.06949 -0.0083745 0.072996 0.010949 0.0036124 -0.0026471 0.0046164 0.0042686 -0.00022686 -4.336e-05 0.00027723 0.00020538 0.017322 0.007253 0.017742 0.00994 0.44726 0.0026568 0.54122 0.10556 0.038339 0.0028903 0.042651 0.02577 -0.0018592 0.000506 0.002046 0.00093202 0.012445 -0.0087107 0.013666 0.010295 0.46 0.0046787 0.49064 0.11101 0.030867 -0.00059955 0.032136 0.01693 0.0013534 0.0014361 0.0025518 0.0017211 0.00021317 -7.8968e-06 0.00028133 7.8968e-06 0.070003 -0.035578 0.071195 0.039948 0.011515 -0.0057235 0.012548 0.010531 9.0673e-05 -9.8571e-05 0.00020804 0.00016794
0.0028408 -8.9052e-05 0.0095385 0.0020985 -0.016303 0.01162 0.018398 0.012376 0.052613 0.0062659 0.053269 0.012139 -0.018549 0.0013409 0.018607 0.0020137 0.060321 -0.019971 0.060633 0.020074 -0.19971 0.061945 0.25673 0.097839 0.41682 0.089875 0.42101 0.11381 -0.14163 -0.0173 0.14221 0.019065 0.0016426 -0.0022306 0.002179 0.002767 0.087724 0.0076891 0.33768 0.26184 0.10782 0.078078 0.45039 0.16258 -0.037454 -0.017402 0.039453 0.027844 0 0 0 0 0.033841 -0.031926 0.034138 0.032514 -0.011008 -0.04868 0.037279 0.050518 0.00012194 -0.00014361 0.00033454 0.00039082
0.00010588 -0.00206 0.0048006 0.0033213 0.010487 -0.017355 0.017151 0.018699 -0.0021923 -0.0082375 0.050326 0.0086136 -0.004605 -0.0004267 0.0046052 0.00079442 0.016869 -0.026205 0.048344 0.02827 0.043051 -0.14873 0.16661 0.15804 0.093578 -0.042366 0.60684 0.11309 -0.0043286 0.0012466 0.00526 0.0052731 0.0076039 -0.0048425 0.0076655 0.0059765 0.14279 -0.0039457 0.26608 0.088367 -0.0037091 -0.19082 0.56279 0.26514 0.0039069 -6.6361e-05 0.0051361 0.0021572 0.00029972 2.7495e-05 0.00033002 0.00019024 0.0092141 -0.0087826 0.010085 0.010317 -0.0097935 -0.014407 0.010554 0.014527 0.00045231 -0.00055571 0.00045231 0.00055571
4.9931e-05 -1.3417e-05 4.9931e-05 4.9931e-05 0.079544 0.010098 0.079803 0.019489 -0.0056216 -0.0006614 0.0067293 0.0042599 0.0011905 -4.4545e-05 0.0012305 0.00039213 0.00028428 -7.0358e-06 0.00083792 0.00058665 0.49725 0.031131 0.50022 0.082963 -0.022477 -0.010186 0.030008 0.021775 0.0044238 -0.0007296 0.0046154 0.0020866 -0.00044826 -0.00011544 0.00059302 0.00036391 0.47786 -0.02547 0.4796 0.09683 -0.0087274 -0.0057852 0.026916 0.023427 0.0044495 -0.0001762 0.0049535 0.0020096 0.00014647 9.3027e-05 0.00019024 0.00023944 0.067751 0.001353 0.068928 0.010176 0.00082203 0.0049839 0.0054761 0.0060513 0.00066266 0.00050871 0.0007548 0.00059651
0.0058493 -0.0048555 0.006025 0.0059414 0.005662 -0.023237 0.033392 0.045987 0.010226 -0.027166 0.032499 0.037879 -0.0024935 0.0013871 0.0027085 0.0029133 0.0062492 -0.014325 0.01209 0.022914 0.073145 -0.22589 0.13164 0.25945 0.2003 -0.023793 0.36015 0.28931 -0.010966 0.0056799 0.024995 0.031938 0.0018884 0.0026155 0.0052339 0.0064821 -0.0053875 0.0021687 0.027523 0.032588 0.40226 -0.021791 0.62383 0.11401 -0.070524 -0.04721 0.079591 0.04778 -0.00053396 -6.9632e-05 0.00053667 0.00033407 0.00079007 0.00073474 0.0013477 0.0022648 0.044612 -0.0022214 0.099854 0.024605 -0.0065944 0.0018835 0.0066577 0.0021091
0 0 0 0 0.053911 0.0037135 0.053911 0.0037951 -0.016486 -0.0040191 0.023868 0.0088867 -0.0042621 -0.002928 0.0043624 0.002928 -0.00043683 0.00049399 0.00052673 0.00055441 0.40023 0.040762 0.40046 0.04304 -0.31666 -0.12499 0.31666 0.12527 -0.0028103 -0.0023785 0.0053791 0.0037867 -0.025703 0.014377 0.026027 0.016251 0.30647 -0.029471 0.30828 0.105 -0.31083 -0.035927 0.31214 0.18136 0.0088147 0.0086983 0.0089572 0.0087189 -0.0042998 0.00010916 0.0049973 0.00092152 0.027806 0.030274 0.027806 0.030274 -0.0012945 0.034224 0.010867 0.034224 -0.0012451 0.005793 0.0036202 0.0063792
0 0 0 0 -0.0021923 0.00017058 0.0044816 0.0055338 0.062206 0.0034185 0.10804 0.010972 -0.0061334 -0.001403 0.0061747 0.0017183 0 0 0 0 0.0043571 0.0027454 0.012295 0.016433 0.38812 -0.0894 0.57005 0.14311 -0.071484 0.0050382 0.071965 0.012568 0 0 0 0 0.0046929 0.0014064 0.025285 0.018955 0.41337 0.07138 0.4932 0.15643 -0.075934 0.01531 0.076706 0.021711 -2.4958e-05 -4.0599e-06 3.3361e-05 1.8782e-05 0.0036168 -0.00096953 0.0075558 0.0060492 0.045843 0.012476 0.096312 0.020302 0.00017863 -0.0018966 0.0083568 0.0041115
-0.0015477 -0.0010809 0.0015799 0.0011567 -0.00034349 0.00034993 0.00094502 0.0011166 0.015187 0.0053152 0.10373 0.011945 0.0068902 0.0038362 0.0078628 0.0045909 -3.575e-05 -6.685e-05 9.3734e-05 0.0001965 -0.00019876 -0.0012126 0.0058332 0.0053744 0.23552 0.00034072 0.65461 0.16415 0.012107 0.014144 0.082529 0.041999 0 0 0 0 0.0020044 0.00047996 0.0020044 0.001479 0.32309 -0.044602 0.52888 0.26511 -0.061423 -0.048563 0.062028 0.048942 0 0 0 0 0.00016596 -0.00016596 0.00016596 0.00016596 -7.6129e-05 -0.0012558 0.0010644 0.0012558 0 0 0 0
-0.00028712 0.00012149 0.00030222 0.00026818 0.053595 -0.0061551 0.053595 0.0077711 -0.0079813 -0.0042321 0.060442 0.019904 -0.0031959 -0.0011995 0.003719 0.0016682 -0.0017102 0.0048774 0.0039298 0.00585 0.15405 -0.0029923 0.16035 0.08849 0.10097 -0.026826 0.63978 0.12555 -0.0013702 0.0021394 0.0037005 0.0066716 -0.0032788 0.0085855 0.0062024 0.0087732 0.15788 0.051116 0.19091 0.079115 0.13516 0.053358 0.62044 0.10447 -0.016305 -8.3268e-05 0.018358 0.0063002 -0.0034065 0.00022383 0.0034065 0.0012104 0.038263 0.0045204 0.044461 0.0085645 -0.0045554 -0.0041087 0.068224 0.016486 0.00047436 -9.0142e-05 0.001424 0.0006151
0.0013876 0.0041421 0.001942 0.0041529 0.082426 0.047699 0.086947 0.048224 0.044385 -0.0025757 0.044394 0.032722 -0.001025 -0.00060995 0.0010708 0.00080074 0.0040299 0.013459 0.017892 0.017347 0.30539 -0.063309 0.32463 0.22819 0.24999 -0.22524 0.28142 0.24449 0.0048618 -0.015423 0.008507 0.018423 0.004299 -0.0035498 0.014835 0.025772 0.094447 -0.081556 0.1742 0.16788 0.41021 0.035681 0.41021 0.20597 0.019725 0.012597 0.0204 0.015926 -0.0018657 -0.0020081 0.0028861 0.0038341 0.05004 0.019048 0.050586 0.019845 0.047604 0.017756 0.047604 0.019485 0.00063078 3.649e-05 0.0012053 0.0009544
0.0013265 0.00080399 0.0016748 0.0013851 -0.034276 -0.018819 0.090481 0.034912 0.023505 -0.0012977 0.027098 0.0059273 0.0065612 -5.3679e-05 0.0084887 0.0065964 0.013473 0.0037936 0.017053 0.011942 -0.19671 -0.053682 0.44868 0.14551 0.19253 0.0175 0.1963 0.071304 0.04644 0.019241 0.086524 0.068756 0.021397 -0.016992 0.023053 0.019111 -0.015694 0.074924 0.58354 0.34346 0.058634 0.10362 0.21084 0.20646 0.16114 0.0088804 0.16521 0.060499 -0.000157 0.00074745 0.0010349 0.0010815 0.0085708 -0.0049172 0.024103 0.028716 0.010504 0.00021091 0.017811 0.020502 0.012379 -0.0089006 0.01508 0.0097594
-0.0045322 -0.0048981 0.0045891 0.0058271 -0.0038453 -0.01447 0.017529 0.02516 0.073086 -0.023896 0.1073 0.032796 0.0050606 -0.0022139 0.0050606 0.0022614 -0.022927 -0.010384 0.026681 0.013377 -0.0055779 -0.03342 0.35358 0.36743 0.36335 -0.10617 0.516 0.15413 0.057723 -0.0085552 0.057723 0.010751 -0.011494 0.0041623 0.019326 0.014787 0.019709 0.0055993 0.04026 0.056215 0.31841 0.064047 0.36232 0.12135 0.057209 0.0028161 0.061832 0.010052 -0.0021663 0.0014867 0.0049169 0.0035616 0.014345 0.019104 0.016089 0.02483 0.060116 0.043922 0.060166 0.044469 0.0022446 0.0038976 0.0028676 0.0044194
0.003271 -0.00016306 0.0033353 0.0038985 0.012514 -0.0084518 0.016889 0.017574 0.0023668 -0.0019073 0.0074213 0.011876 0.0011506 0.0048883 0.0017963 0.0053352 -0.031679 0.0094977 0.036785 0.015031 0.28637 -0.10904 0.43203 0.26717 0.16021 0.15555 0.18784 0.17426 0.0051084 0.0072542 0.016064 0.014382 -0.017234 -0.0081655 0.026435 0.015139 0.2859 0.11093 0.50164 0.2783 0.17577 -0.11977 0.19319 0.13032 -0.01931 -0.019455 0.023928 0.021803 0.0021189 -0.00087387 0.0052684 0.00221 0.00698 -0.0036421 0.016334 0.019226 0.0092142 -0.024633 0.016583 0.026931 -0.0019566 -0.0017329 0.0022356 0.0025454
0.013997 0.011072 0.014211 0.011347 0.036178 0.011455 0.036768 0.018161 0.022843 -0.0026304 0.026083 0.015334 -0.002899 -0.00011602 0.0029531 0.001004 0.048539 -0.012951 0.048539 0.040169 0.38172 0.021285 0.40312 0.23414 0.037195 -0.0057043 0.18613 0.14895 -0.057284 -0.065649 0.057284 0.065649 0.06004 0.010548 0.060722 0.02961 0.35034 -0.016508 0.37701 0.18819 -0.20048 -0.16548 0.26924 0.24252 -0.13512 -0.033707 0.13512 0.045715 0.0066047 0.0032045 0.0066102 0.0040327 0.019937 -0.0087987 0.022534 0.024193 -0.020954 -0.0094036 0.032533 0.014522 -0.013117 0.0041232 0.014004 0.0047658
0.0007938 0.0074504 0.0045874 0.0076333 0.092134 -0.032383 0.099594 0.039344 -0.042053 -0.043501 0.061426 0.045176 -0.0002781 -0.00017854 0.0068575 0.004398 0.0026478 -0.0097339 0.037014 0.026314 0.045574 -0.03887 0.13858 0.092046 0.18099 -0.19022 0.60002 0.28421 -0.040688 -0.023265 0.050614 0.045073 0.015367 -0.0080308 0.019323 0.017916 0.05436 -0.05203 0.15382 0.13101 0.013838 -0.084436 0.52885 0.28984 -0.0068009 -0.0047691 0.0075915 0.0051301 0.00076371 0.0017849 0.00097458 0.0021459 0.0004584 0.00032033 0.0090135 0.01371 -0.004286 -0.013374 0.0055329 0.014677 2.0614e-05 -4.5677e-05 2.0614e-05 4.5677e-05
