0.00039113 0.0009409 0.00061646 0.0009829 0.038842 0.01563 0.039289 0.017 0.011908 0.011588 0.013771 0.01988 0.0006465 0.0012496 0.00186 0.002656 -0.016495 0.027607 0.02134 0.031473 0.38508 0.12581 0.40388 0.14333 -0.046078 0.11778 0.15579 0.17795 0.0093698 -0.00018669 0.017386 0.01034 -0.020704 -0.028116 0.032735 0.031464 0.35023 -0.21792 0.37282 0.24256 -0.034794 -0.21187 0.2268 0.30651 -0.017718 -0.015212 0.027228 0.023547 0.00086139 0.00071001 0.0012423 0.0012922 0.013795 0.0028401 0.015976 0.034168 0.0071233 -0.050828 0.014017 0.060151 -0.0037682 -0.0085444 0.0039284 0.0087346
0.00064054 0.00089997 0.00080961 0.0010616 0.036526 0.023849 0.037355 0.023956 0.013373 0.030223 0.015161 0.030347 0.00090669 0.0018482 0.0019556 0.002356 -0.014537 0.036546 0.023423 0.041243 0.37759 0.13989 0.40018 0.15542 -0.032468 0.13449 0.1465 0.1767 0.0040142 -0.00090381 0.01236 0.010675 -0.024036 -0.034959 0.036603 0.040608 0.3394 -0.19761 0.37573 0.25887 -0.020086 -0.22084 0.22532 0.29703 -0.027613 -0.02807 0.033713 0.038379 0.0010559 -6.6622e-05 0.00128 0.00088901 0.01228 -0.016462 0.015199 0.036291 -0.00012526 -0.061951 0.012267 0.076988 -0.0033936 -0.0050208 0.003661 0.0054963
-0.0023551 0.00071544 0.0029675 0.00071574 0.0072019 0.053666 0.024415 0.066003 0.038265 0.057141 0.046222 0.058315 0.0043487 0.0074494 0.0051549 0.0075355 -0.006907 -0.001227 0.016435 0.010753 0.15856 -0.2172 0.18889 0.348 0.22276 -0.094233 0.27548 0.29151 0.063881 0.016177 0.071514 0.03069 -0.01206 0.0016332 0.013926 0.014163 0.053267 0.092503 0.16483 0.38867 0.34443 0.037768 0.37645 0.21079 0.073276 -0.022873 0.073276 0.033228 -0.0020483 0.012455 0.0029439 0.017031 -0.015247 0.060812 0.016982 0.078919 0.033369 0.0020491 0.034355 0.020501 -0.00067765 -0.0020045 0.00084911 0.0028858
0.0030544 -0.0096961 0.0030955 0.010186 0.020144 -0.025258 0.030599 0.027428 0.012437 -0.031534 0.038677 0.041628 0.0010325 -0.0094936 0.0030734 0.0094936 0.01016 -0.0032662 0.010321 0.011661 0.38992 -0.032049 0.38992 0.20507 -0.18223 -0.21358 0.3322 0.25233 0.023513 -0.04144 0.041749 0.045013 0.0047223 0.0036138 0.0053631 0.011326 0.21686 -0.17698 0.27499 0.26176 -0.19531 -0.14109 0.255 0.1763 0.03834 -0.0057237 0.072208 0.031224 0.00045638 0.0017666 0.0010448 0.0020017 0.00033221 0.022811 0.0042355 0.023807 -0.00015533 0.0097355 0.008046 0.015591 -0.0010671 0.0014131 0.0037884 0.0030875
0.0003334 3.4159e-05 0.00072954 0.00038962 0.060607 0.024925 0.063237 0.025071 0.012778 0.0037927 0.014565 0.0047309 -0.00050637 -0.00039626 0.0021231 0.00044236 0.0020794 0.0012845 0.0027782 0.0031213 0.47733 0.079657 0.48694 0.15704 -0.064213 -0.076005 0.19001 0.17723 0.0077652 -0.0045505 0.017723 0.013104 0.0053409 0.0041319 0.0058396 0.0047837 0.19539 -0.17104 0.2141 0.21923 0.085682 -0.26063 0.15414 0.3851 -0.018412 -0.021136 0.057266 0.047971 0.00051542 0.00023545 0.00064087 0.0004896 0.00098214 0.0081812 0.022583 0.010598 0.017552 0.0029588 0.018783 0.011268 0.0015986 0.0025356 0.0051302 0.0059064
-0.00042768 0.00037624 0.0011422 0.00075737 -0.00033869 0.020378 0.020383 0.020767 0.00054462 0.0026522 0.0041787 0.0064371 -0.00080076 -0.00064777 0.0018755 0.0013488 0.0075437 0.0045175 0.013037 0.0071211 0.29337 0.10922 0.42543 0.17755 -0.32007 0.18764 0.33615 0.20131 0.0022318 0.010247 0.011099 0.011001 0.0048735 0.0040309 0.0076881 0.0059444 0.20114 -0.19049 0.26433 0.22614 -0.14807 -0.13778 0.19517 0.31081 0.00343 0.018584 0.0081242 0.025637 0.00022858 0.00015132 0.0018981 0.0012344 0.012038 0.013322 0.02 0.023527 0.044275 0.080571 0.054007 0.09471 -0.001722 0.007136 0.0037814 0.0074617
-0.00015918 0.0023707 0.0025075 0.0034518 0.0041683 -0.0036768 0.021688 0.013773 0.0016839 0.0076774 0.027134 0.011097 0.00064614 -0.00081708 0.0016358 0.0011527 0.017079 -0.022011 0.026038 0.031538 0.24296 0.20376 0.29592 0.24358 -0.15024 0.17666 0.23895 0.26718 -0.033538 0.024811 0.034803 0.025962 -0.0050805 0.0075515 0.011907 0.021569 0.41455 -0.040183 0.42667 0.14213 -0.15162 -0.051775 0.36502 0.11301 -0.058693 0.017961 0.058693 0.032567 -0.0001644 -0.00014377 0.00062827 0.0013956 0.03946 -0.029033 0.046033 0.031514 -0.0022889 0.0006355 0.023379 0.011645 -0.0028239 2.5227e-05 0.0036935 0.00076265
0.0013688 0.00032417 0.0019837 0.0012525 0.027867 0.028605 0.051485 0.039994 0.019125 0.012979 0.023394 0.026147 0.000203 0.00037685 0.000271 0.00097499 0.010486 0.0080982 0.017143 0.013454 -0.071585 -0.070558 0.24906 0.4044 0.40055 -0.11812 0.40172 0.18129 2.1249e-05 0.0012429 0.00042812 0.0031496 0.010495 -0.0064249 0.013554 0.021528 0.051892 -0.0051799 0.27146 0.26026 0.29432 0.14369 0.30631 0.19028 -0.00025549 -0.0025468 0.0010728 0.0108 -0.00013316 0.0014402 0.0011692 0.0015769 0.042998 0.0048877 0.053478 0.0063753 0.010299 0.0028692 0.011244 0.0034914 0 0 0 0
-0.0026383 0.0020693 0.0030144 0.002559 0.0044009 0.0040118 0.014404 0.011021 0.00024629 0.00075855 0.0062288 0.010017 -0.00047601 0.0032282 0.0025429 0.0034993 -0.0010568 0.017244 0.012063 0.017263 0.16663 0.097752 0.26605 0.21896 -0.17855 0.187 0.21045 0.25679 0.0013414 -0.0046381 0.011846 0.015468 -0.032831 -0.0086752 0.064766 0.029209 0.18671 -0.074209 0.49938 0.17389 -0.023364 0.030763 0.27033 0.49217 0.0032906 0.047799 0.023788 0.080774 -0.0028092 0.001518 0.004717 0.0044119 0.030266 0.03479 0.053614 0.055748 0.033348 0.027218 0.04434 0.028266 0.0018925 0.0016935 0.0031247 0.0026365
-0.00052085 0.00039797 0.00089078 0.00045854 0.0586 0.0047431 0.060036 0.0053264 -0.0025312 0.00045542 0.0030845 0.0025421 0.00048742 0.0001679 0.00048742 0.0001679 -0.0057457 -0.00039489 0.0062272 0.0028416 0.38109 0.033964 0.41837 0.051791 -0.015453 -0.0029795 0.030145 0.012127 0.0013924 -0.0016482 0.0013924 0.0031305 -0.007031 0.0020818 0.010957 0.0040841 0.27578 -0.017972 0.37518 0.16685 -0.094594 -0.23055 0.17856 0.56053 0.025561 -0.033357 0.025561 0.040028 -0.00076402 -2.1395e-05 0.0019217 0.0004222 0.046859 -0.0040834 0.051109 0.010641 -0.014718 0.037011 0.01815 0.053967 0.0018194 0.0097886 0.0021911 0.011711
-0.0024767 0.00074051 0.0037877 0.0014269 0.0037712 0.0074471 0.025051 0.021418 -0.00016496 0.009676 0.0063423 0.011655 -0.001091 0.0008333 0.0011351 0.0009845 0.0011533 0.022828 0.017512 0.023054 0.13998 0.12204 0.2892 0.21015 -0.16781 0.16419 0.21301 0.2276 -0.0099917 -0.0012166 0.015312 0.013851 -0.0081937 -0.014296 0.070849 0.037741 0.15468 -0.10357 0.52349 0.20034 -0.0040581 0.13198 0.30926 0.42523 0.011478 0.058274 0.040266 0.091232 -0.0052406 0.0077052 0.0062845 0.0077946 0.047898 0.076877 0.054292 0.080901 0.0093313 0.017098 0.023129 0.018765 0.000449 0.0006312 0.0027171 0.00083687
-0.00078993 0.00032348 0.0016761 0.0046528 -0.0028632 0.012401 0.02267 0.035358 0.012151 -0.0010442 0.037147 0.038094 -0.00073402 -0.0006699 0.001022 0.00069208 -0.0060512 -0.042335 0.016317 0.052861 -0.025587 -0.33968 0.081825 0.39391 0.30888 -0.13231 0.34217 0.17909 0.00035761 -0.0057474 0.0056057 0.0057717 -0.0026901 0.038868 0.01344 0.039721 0.059427 0.36635 0.089979 0.36635 0.21086 0.1312 0.24208 0.21278 -0.0030218 -0.0084835 0.0050779 0.016061 -0.00076087 0.002357 0.0012668 0.0049731 -0.0059475 -0.014848 0.012292 0.016733 -0.0025072 -0.0058141 0.0053931 0.0076407 -0.00027726 -0.0013124 0.00065849 0.0017121
-0.0012378 -0.0077912 0.0018211 0.0090386 0.016237 -0.078546 0.025704 0.096937 -0.0032049 -0.016891 0.034889 0.050045 0.0055572 0.0016454 0.0065601 0.0032638 0.0032422 -0.015775 0.008126 0.039322 0.00086317 -0.13031 0.033423 0.27898 0.40618 -0.056976 0.45047 0.16233 0.005575 -0.0041538 0.01144 0.0087602 -0.0044265 0.050526 0.0090572 0.052158 0.0038252 0.31148 0.053681 0.33536 0.30241 0.12165 0.32403 0.23052 0.0023162 -0.005975 0.0052378 0.011032 -0.0026744 0.0011912 0.0032927 0.0061714 -0.0022745 0.012899 0.013014 0.019065 0.0023534 0.013607 0.0078491 0.018433 -0.00033086 0.0015956 0.00062337 0.0025797
0.002381 -0.010509 0.0049468 0.012044 -0.009205 -0.062048 0.013106 0.068278 -0.0096612 -0.027769 0.027094 0.029068 -0.0023987 -0.00026188 0.0027145 0.00040964 -0.058533 -0.010342 0.059209 0.018771 0.32897 -0.027278 0.38386 0.16705 -0.22667 -0.054384 0.46166 0.13256 0.02648 0.004661 0.046144 0.01593 -0.010109 -0.016031 0.046457 0.025552 0.15303 -0.11619 0.24177 0.17842 -0.060668 -0.15138 0.45898 0.18051 0.013212 0.012762 0.06175 0.014967 0.00010595 0.00091061 0.0014404 0.0027287 0.0021382 0.010419 0.011183 0.014739 0.023811 0.026456 0.039385 0.028237 -0.00017847 -0.00055108 0.0070481 0.0019167
-0.00054223 0.00044994 0.00088788 0.0015917 -0.0025543 -0.00083896 0.00543 0.014911 -0.0045139 -0.013195 0.009127 0.029779 -0.00073838 0.0001194 0.0023743 0.0080867 -0.014609 -0.061614 0.02206 0.072004 0.18408 -0.097936 0.30372 0.35654 0.090178 0.14669 0.13487 0.24168 -0.003189 0.01051 0.0078033 0.01051 0.0010884 0.0091177 0.0039892 0.032308 0.51611 -0.0018111 0.53962 0.16547 -0.078473 0.0098201 0.09994 0.034099 -0.0063788 -0.0014666 0.0073472 0.0036653 0.00027402 -0.0012099 0.00049507 0.0029616 0.083175 -0.0084835 0.09008 0.019502 -0.0069504 -0.0010955 0.014445 0.0084895 -0.00093311 0.00087992 0.0011115 0.0014152
0.00051883 0.0010246 0.0011562 0.0028344 0.0072608 -0.0018513 0.0077764 0.010065 0.0065498 -0.0056508 0.0066917 0.00684 7.4256e-05 -0.00089432 0.00096778 0.0010533 0.0049772 -0.00095827 0.0052679 0.004705 0.20581 0.18038 0.20907 0.20068 0.091766 0.3721 0.092563 0.37848 0.0086544 0.041743 0.0092899 0.042972 0.0013292 -0.006852 0.0030505 0.0078695 0.49198 -0.097301 0.51206 0.11929 0.012551 -0.0010696 0.012551 0.003528 0 0 0 0 0.00048067 -0.00058966 0.00063378 0.00069668 0.065802 -0.015552 0.067213 0.015915 0.014328 -0.0049655 0.014328 0.0049655 0 0 0 0
-0.00055783 0.0011506 0.00094686 0.0022232 -0.0012699 0.01096 0.0059223 0.021117 -0.00028331 -0.0038465 0.01268 0.017097 0.00070459 -0.0011043 0.0023138 0.0057518 -0.00068531 -0.037013 0.0068669 0.072094 0.22526 -0.075229 0.36738 0.4076 0.033255 0.11525 0.092095 0.19284 -0.0069883 0.0094262 0.012266 0.018491 0.0014094 -0.01603 0.0036622 0.023033 0.50324 -0.098507 0.52364 0.13582 -0.050849 -0.0082874 0.063435 0.020026 -0.0042755 -6.1477e-05 0.0056753 0.0033261 0.00018038 0.00010672 0.00093479 0.00090965 0.069818 0.0032085 0.072307 0.013868 -0.0061061 -0.0038202 0.010372 0.0077288 -0.00025729 -0.00077738 0.00061659 0.00090519
-0.00043563 -0.00030229 0.0080897 0.0046176 0.0037292 0.012167 0.012972 0.013254 -0.0013443 0.018902 0.022129 0.019115 -0.001326 -0.0003585 0.0018081 0.0011611 0.030972 -0.0060945 0.12502 0.011235 0.24006 0.055233 0.35293 0.15487 -0.27028 0.031336 0.37443 0.10679 0.066927 0.029841 0.082198 0.035415 0.024854 0.028599 0.090096 0.045481 0.10638 -0.083125 0.35912 0.25795 -0.12496 -0.17265 0.40048 0.25323 0.017401 -0.019431 0.081831 0.069745 -0.0019735 0.011599 0.0031086 0.012639 -0.047242 0.04484 0.055133 0.058593 0.024169 0.070117 0.04031 0.084407 0.0018385 0.011805 0.010848 0.011832
-0.00041532 -7.1406e-05 0.0010501 0.00073126 0.0014698 0.0024091 0.0050405 0.007632 0.088207 -0.00059251 0.096173 0.012259 -0.0012192 -0.00083704 0.0024405 0.0010018 -0.00052715 0.038085 0.016248 0.040629 0.02501 0.063013 0.11417 0.21409 0.40509 -0.043948 0.45952 0.16594 0.0010276 -0.0045092 0.0066174 0.0066106 -0.013223 0.014441 0.015213 0.032065 -0.11392 0.23872 0.20943 0.41573 0.22972 -0.028292 0.28154 0.28902 0.0099181 -0.020038 0.014426 0.020415 -0.0018402 -0.00091882 0.0020313 0.005332 0.0016895 0.004275 0.022957 0.034862 -0.0077815 0.0079232 0.03735 0.043322 0.0015964 0.00026181 0.007707 0.0022386
-0.0025864 0.0060455 0.0080059 0.006172 0.0052746 0.060023 0.020729 0.061473 0.017186 0.005984 0.047025 0.059736 0.004355 0.0032647 0.0052018 0.0093264 -0.05086 -0.0076422 0.068925 0.041506 0.19967 0.039601 0.36473 0.56058 0.015642 0.0964 0.073736 0.22696 0.0011 -0.0068643 0.01979 0.012662 -0.005974 -0.030032 0.063356 0.031086 0.28149 -0.069589 0.50287 0.26334 0.008885 0.0064165 0.028125 0.032036 -0.0028097 0.010201 0.012346 0.012242 -0.0002193 -0.0014356 0.0027347 0.0026887 0.046871 -0.017798 0.048235 0.031157 0.0054717 -0.0079206 0.0064697 0.017296 0.00016275 -0.00053024 0.00024883 0.00083298
0.0026245 -0.00040569 0.0056374 0.00098649 0.05421 -0.008182 0.075457 0.018778 -0.0049385 -0.011978 0.025532 0.016141 -0.0057027 -0.00011279 0.0070007 0.0030272 0.038826 -0.0031562 0.044311 0.0096549 0.35265 0.075847 0.48624 0.12809 -0.0095393 0.024161 0.18689 0.14811 -0.054658 -0.012452 0.065457 0.028973 0.03651 0.047462 0.040703 0.055498 0.24585 0.093388 0.37547 0.25436 -0.12895 -0.11664 0.37966 0.26633 -0.016031 0.02758 0.039591 0.036712 0.00055339 0.00068025 0.0016038 0.0013365 -0.0027177 0.0016 0.027792 0.026255 -0.0062353 0.011412 0.038123 0.04313 0.0049245 0.00084494 0.0050979 0.0014865
0.00012143 0.0013212 0.00070633 0.0016933 0.035854 -0.017477 0.051206 0.0344 0.0093731 0.071716 0.039974 0.071742 -0.0016022 0.0034959 0.0043765 0.0037041 -0.0017719 -0.00015229 0.0051829 0.014224 0.34446 0.13222 0.43153 0.17661 0.05746 -0.030453 0.34277 0.20932 0.0061744 0.015136 0.053551 0.022012 -0.011493 -0.0045295 0.014683 0.015569 0.36825 -0.10533 0.47488 0.17243 0.03293 -0.028195 0.19076 0.093296 -0.012568 -0.0071213 0.038772 0.012803 -0.0027993 -5.2747e-07 0.0031356 0.00093914 0.010765 0.0013526 0.036706 0.012592 0.044882 -0.011165 0.063279 0.020626 -0.00096301 0.00044938 0.0053062 0.0021922
0.0012549 -0.0054479 0.0027131 0.0059066 -0.0030245 -0.027134 0.0069591 0.035893 0.0027366 -0.017837 0.028095 0.053027 0.00051629 0.0028521 0.0014522 0.0051191 0.0032728 -0.019172 0.008357 0.022088 0.0038719 -0.1706 0.030821 0.29306 0.41903 -0.014098 0.4955 0.13746 -0.00206 -0.00014435 0.0055261 0.0035959 -0.0010374 0.0034628 0.0096348 0.0085391 0.025374 0.056832 0.051464 0.09014 0.43823 0.035869 0.46505 0.075625 0.00023566 -0.00037003 0.010132 0.0073656 -0.0015383 0.0078596 0.0019723 0.0084251 0.004312 0.028117 0.016417 0.035503 0.040225 -0.0073488 0.044465 0.017452 -0.00061146 -0.00092026 0.00066461 0.00093275
-0.0020581 0.00080158 0.0021435 0.0017549 -0.03228 -0.0051987 0.032497 0.0083435 -0.01006 -0.016569 0.035528 0.033844 0.0014062 -0.0038451 0.0037723 0.0060401 -0.013647 -0.043097 0.038892 0.060647 0.18677 -0.061272 0.59988 0.27655 -0.00060097 0.1356 0.28525 0.22297 -0.082306 -0.0019304 0.095449 0.024693 0.024808 -0.023244 0.037036 0.028583 0.29322 -0.056455 0.38461 0.1473 -0.10096 -0.053261 0.18221 0.11783 -0.074448 -0.0061677 0.093513 0.02454 -0.00087714 -0.00026556 0.0011969 0.00070187 0.053336 0.0087759 0.072618 0.014453 -0.01253 0.0051627 0.027333 0.0085845 -0.0086745 0.002081 0.0099091 0.0026842
0.00096958 0.0004163 0.00096958 0.001786 0.039811 -0.0014568 0.041834 0.0089122 0.035113 -1.14e-05 0.040259 0.0074739 0.0019698 0.0013459 0.0066992 0.0015873 0.0051233 -0.0031052 0.013094 0.0088666 0.44216 0.12934 0.45677 0.17564 0.11786 0.037188 0.1478 0.099926 0.0065477 -0.0051314 0.017247 0.013703 0.0071723 0.0057658 0.010001 0.0060919 0.2949 -0.14085 0.29609 0.1748 0.29355 -0.14461 0.30787 0.22939 -0.033363 0.022161 0.040194 0.032485 0.0014531 -0.0011694 0.0016151 0.0023562 0.013682 -9.89e-05 0.017453 0.017684 0.031579 -0.042483 0.055936 0.051162 0.0017331 -0.011295 0.017728 0.011312
0.0046803 -0.0036559 0.0085241 0.0042686 -0.012934 0.0035443 0.044817 0.01596 0.0049389 0.023903 0.03884 0.025949 0.0019783 -0.0019596 0.0044982 0.004092 -0.010331 0.0062132 0.01939 0.021244 0.34894 0.095706 0.41362 0.2009 0.12606 0.19043 0.35808 0.26892 -0.063994 0.034181 0.064276 0.055172 -0.015452 0.0032081 0.019689 0.015709 0.33446 -0.12496 0.35313 0.17509 0.12434 -0.02406 0.25366 0.12265 -0.0030333 -0.0030099 0.016022 0.014046 -0.0013135 -0.0012692 0.0019353 0.0016795 0.033861 -0.0055611 0.040358 0.012609 0.037675 -0.016696 0.038788 0.017927 -0.0019857 -0.00079602 0.0034476 0.0013694
0.0045892 -0.0051333 0.0063782 0.006152 -0.01094 0.0015205 0.054448 0.014379 0.015307 0.033226 0.052877 0.033653 -0.0013462 0.010517 0.004016 0.011189 -0.0033616 0.0074181 0.012973 0.020323 0.35676 0.090294 0.43432 0.16376 0.050763 0.15498 0.39702 0.18402 0.01678 -0.0057888 0.054355 0.045429 -0.0069482 0.0018033 0.01668 0.011622 0.34142 -0.12547 0.3786 0.13241 0.10316 -0.08763 0.27446 0.14497 -0.00225 0.0010749 0.014306 0.01331 1.2885e-05 -7.9685e-05 0.0031091 0.0013824 0.0068723 0.001688 0.012003 0.0074134 0.056393 0.0017079 0.057304 0.026171 0.00061286 -0.00033514 0.0016867 0.00081652
0.0016645 -0.0027721 0.0017209 0.0030306 0.034086 -0.014412 0.03941 0.02455 0.029861 0.0073438 0.036893 0.010994 -0.00035291 0.00082859 0.0045334 0.0012591 0.0037508 -0.00035164 0.006268 0.006719 0.40114 0.11753 0.40155 0.15519 0.1413 0.026728 0.18679 0.069532 -0.017838 -0.0039947 0.024089 0.0099795 0.0028184 0.00053546 0.0040113 0.0070343 0.29913 -0.13854 0.30036 0.17935 0.21339 -0.1 0.43849 0.28198 -0.0099775 -0.015085 0.042833 0.021157 0.00017121 0.001694 0.0004768 0.0025128 0.0094051 0.034392 0.043855 0.047963 0.010458 -0.041473 0.039595 0.048314 -0.0017807 -0.0060262 0.0069563 0.0070315
0.00039496 0.0021635 0.00077937 0.005601 0.0044007 0.016948 0.0069401 0.029706 0.073666 -0.00083864 0.084596 0.0075986 0.00040559 6.9727e-05 0.0010173 0.0014873 0.00066397 -0.00023348 0.0065559 0.0024887 -0.012077 -0.022309 0.035693 0.024797 0.51043 -0.012638 0.53875 0.10428 0.00021942 0.0011362 0.0072294 0.0087265 0.0069995 0.013886 0.010751 0.015753 0.041654 0.1421 0.055562 0.18509 0.39107 0.0098289 0.43428 0.11463 -0.0058541 -0.0052104 0.012194 0.010271 0.0011656 -0.0006974 0.0013757 0.0027557 -0.0078087 -0.010929 0.010075 0.024361 0.049257 0.002301 0.055993 0.011052 -1.0533e-05 -0.0011587 0.0010703 0.0013141
-0.0015147 0.00032054 0.0021367 0.00093742 0.025934 0.0033389 0.033778 0.0086789 0.042594 0.00878 0.055335 0.028431 0.002524 0.0032787 0.0074497 0.0035977 -0.0010023 -0.0014363 0.01041 0.0053834 0.13275 -0.059196 0.21737 0.12891 0.34534 -0.15723 0.47107 0.22736 -0.0031326 0.0033152 0.017353 0.01043 0.0069861 -0.0013783 0.016668 0.0043003 0.28653 0.071466 0.37662 0.12753 0.1859 0.15868 0.32971 0.24923 0.0050561 0.0025048 0.010918 0.0045544 0.0022176 0.00013717 0.0024115 0.0006071 0.040243 0.0028706 0.092745 0.0087853 0.023093 0.0035066 0.042018 0.0083834 0.0010524 -2.5913e-05 0.0021543 0.00087686
0.001297 0.00096043 0.0025997 0.0011001 0.047009 -0.0037027 0.051738 0.01649 0.015336 -0.00036162 0.016098 0.0114 0.00055307 0.00046988 0.00072467 0.00066585 0.0071023 0.0039444 0.013005 0.004011 0.45893 0.040764 0.4747 0.14074 -0.020999 0.036955 0.18005 0.10681 0.0015503 0.0041255 0.0056476 0.0094419 0.0057259 0.0030507 0.00729 0.0042998 0.45609 -0.035839 0.48643 0.095864 -0.0046201 0.02191 0.11627 0.10789 0.0018374 0.0030995 0.0047681 0.0075171 0.00076723 0.00056749 0.0016745 0.00072028 0.054111 -0.0098498 0.071774 0.016217 0.013359 -0.00090965 0.024921 0.02277 0.0010231 0.00042923 0.0012447 0.0013273
0.00044684 0.00090745 0.00055668 0.0009362 -0.0015354 0.010127 0.0032942 0.010727 0.0069094 0.011434 0.012387 0.014004 0.005203 0.017153 0.0057015 0.017402 0.0040422 0.0061806 0.0060031 0.0072395 0.0030076 0.075981 0.094162 0.089281 0.42373 0.090426 0.46561 0.34994 0.0070752 -0.003383 0.0085791 0.020465 0.0171 0.00050085 0.020439 0.01243 0.18192 0.072252 0.26245 0.16284 0.13307 0.059366 0.40621 0.32915 0.025913 -0.010131 0.027007 0.030856 0.0028542 -0.0018059 0.0075603 0.0068834 0.012726 -0.020024 0.020799 0.031158 -0.012332 -0.059482 0.024176 0.099597 0.010088 -0.0073495 0.011422 0.010127
-0.0013776 0.00031874 0.0022267 0.00075772 0.039934 -0.0052532 0.041349 0.012813 0.029 -0.0072501 0.051163 0.017417 -0.001524 0.0014516 0.0026814 0.0019126 0.0044346 0.0010289 0.010727 0.0043616 0.18134 0.081779 0.28324 0.1974 0.30168 0.046207 0.31692 0.25469 0.0019384 -9.1507e-05 0.0098439 0.0057951 0.020757 0.0025087 0.021406 0.0054289 0.37607 -0.015667 0.61105 0.081478 0.059873 0.0086039 0.17509 0.063847 0.0031357 0.0018131 0.0081825 0.0067069 0.0033432 -7.802e-05 0.0033964 0.00061396 0.043537 -0.010842 0.095713 0.016248 0.018502 -0.0029263 0.042888 0.019177 0.00022129 -0.00057525 0.0023765 0.00093972
0.00039627 -0.0024901 0.00043058 0.0030488 0.00038614 -0.018776 0.0034497 0.01963 0.075676 -0.016531 0.092114 0.017385 -0.0011613 -0.00041761 0.0016956 0.0007154 -0.0011492 0.0050491 0.0065299 0.013857 0.020943 0.025627 0.044156 0.092947 0.50167 -0.035532 0.5577 0.11863 -0.0035576 0.00052246 0.0085831 0.0062752 0.0014545 0.0069302 0.0045003 0.012578 0.072276 0.12889 0.098425 0.19182 0.36554 0.039026 0.3969 0.16186 -0.0068399 -0.0080158 0.013818 0.0093043 -0.0030788 0.0071767 0.0031395 0.008068 -0.0033528 0.027742 0.013267 0.037148 0.028851 -0.0027515 0.04866 0.028855 0.00049925 -0.0014994 0.001413 0.0016275
-0.00035347 0.01021 0.0036558 0.01021 0.018848 0.033565 0.024402 0.03835 0.024233 0.005245 0.047874 0.050786 0.006595 -0.0010802 0.006595 0.0021291 0.01252 -0.063356 0.017216 0.064974 0.2183 -0.10065 0.29054 0.2881 0.17146 0.07084 0.26267 0.1969 0.012865 0.0084079 0.013564 0.010882 -0.0049353 0.02149 0.013093 0.041056 0.4833 -0.0030624 0.50234 0.14588 0.16667 -0.027969 0.25797 0.05376 0 0 0 0 0.00014183 -0.003977 0.0034448 0.0059621 0.020587 -0.014355 0.031249 0.043903 0.023568 -0.02457 0.028391 0.02506 0.00050989 -0.012177 0.00095638 0.012177
0.00025501 0.0003377 0.0005795 0.00064859 0.0032363 0.0047475 0.0081389 0.0061618 0.065266 -0.0047846 0.067116 0.013109 0.00080912 0.00072237 0.0015643 0.0021363 0.0058474 0.0037418 0.0075062 0.0052788 0.036431 0.044736 0.087254 0.052837 0.41436 0.030947 0.54954 0.1045 0.015169 0.0032952 0.018397 0.0076295 -0.0012676 0.059958 0.016549 0.059958 0.041232 0.34542 0.077572 0.37618 0.1793 0.10065 0.22568 0.34555 0.013366 -0.002601 0.014977 0.019337 0.00062127 0.00023843 0.0026801 0.003481 -0.0052259 0.010969 0.0078065 0.024463 0.0011882 0.0019248 0.010734 0.021626 0.0014622 -0.00093536 0.0020941 0.0016632
0.0025784 -0.0006933 0.0051646 0.0013775 0.013844 0.00036303 0.018567 0.0055852 0.022913 0.010955 0.083075 0.022743 0.0017006 0.0017893 0.0020963 0.0026337 0.020335 -0.00011415 0.038265 0.0073822 0.061489 -0.024934 0.10714 0.047987 0.30972 0.014894 0.56014 0.1728 -0.0066799 -0.011888 0.023481 0.02182 0.013268 0.054715 0.036619 0.066925 0.074182 0.29791 0.19246 0.40867 0.048344 0.03185 0.34472 0.30998 -0.0021802 -0.0086497 0.024184 0.026228 0.00086516 0.00068873 0.001282 0.0012279 0.00014405 0.00047024 0.014501 0.010435 -0.01121 0.00097834 0.045405 0.026301 0.00011551 0.0018535 0.0039442 0.0088626
8.8745e-05 0.00064595 0.00043962 0.0007917 0.0017759 0.0021601 0.0034641 0.0067591 0.044096 0.053141 0.050139 0.055963 0.0025342 0.0049974 0.0026681 0.0072956 0.0099211 0.0018143 0.017883 0.020755 -0.011741 0.016246 0.10045 0.070114 0.29007 -0.034965 0.4245 0.16378 0.034929 -0.005005 0.041147 0.023138 -0.00064798 0.002287 0.0075504 0.0057724 0.1288 0.19824 0.29695 0.23425 0.091072 0.068276 0.54871 0.38891 0.020215 -0.012475 0.021682 0.035072 0.00038171 2.3194e-05 0.0012748 0.00067984 0.020643 -0.029275 0.034766 0.041524 -0.0089054 -0.035391 0.029394 0.064088 0.0020422 -0.00077378 0.0084787 0.010532
0.00037153 0.0011232 0.0007221 0.0012215 -0.014683 -0.031685 0.018166 0.035772 0.0029277 -0.0026133 0.017932 0.012184 -0.0034807 -0.0015551 0.010566 0.0042162 -0.041134 -0.012657 0.043377 0.025994 -0.021326 -0.084873 0.26817 0.41624 -0.01798 -0.10519 0.2389 0.35008 -0.054183 -0.012841 0.067875 0.04748 -0.028658 0.015591 0.028658 0.018907 -0.2378 0.091767 0.3569 0.24434 0.27229 0.018963 0.3383 0.25467 -0.039886 0.042802 0.056931 0.071309 -0.00080042 0.0006281 0.0021872 0.0038954 -0.017861 -0.01377 0.075765 0.0682 0.0070687 0.054758 0.026116 0.061653 -0.0020309 -0.0011995 0.0032699 0.0021305
0.00043677 0.0011321 0.0014548 0.0018035 -0.0014159 -0.06042 0.031225 0.083707 0.043341 -0.069256 0.080946 0.077733 0.00050265 -0.00017196 0.0011845 0.00078472 0.014601 0.0046632 0.019516 0.021103 0.007088 -0.049781 0.22363 0.41988 0.25731 0.05798 0.45321 0.32327 0.0075987 0.0045034 0.011166 0.016674 -0.010848 -0.018403 0.023367 0.031526 0.026896 0.072697 0.15336 0.35145 0.27437 0.0015196 0.29249 0.20004 0.026353 -0.0098853 0.026465 0.01213 0.016406 -0.0034911 0.021108 0.0093552 -0.0012415 0.0049231 0.013216 0.0097479 -0.005495 0.00063428 0.0078376 0.004222 0.01467 -0.0052423 0.01467 0.0053376
0.0002632 0.00078969 0.00046112 0.00097056 0.00045532 0.0073711 0.0036788 0.0085967 0.010541 0.055763 0.017608 0.057005 0.0029661 0.014848 0.0032362 0.014848 0.00091164 0.0073935 0.020142 0.025172 -0.0057669 0.015349 0.058682 0.059624 0.36768 -0.04878 0.56938 0.23754 0.015123 -0.00087689 0.015672 0.010229 0.0085672 0.00049585 0.015734 0.013759 0.05064 0.16764 0.15603 0.18757 0.23942 0.058146 0.47284 0.27966 0.0073684 -0.00035906 0.012005 0.023563 0.00061537 -0.00066562 0.001265 0.0014243 0.021414 -0.0022197 0.032094 0.032202 -0.018457 -0.024219 0.067042 0.059024 0.0055485 -0.0041773 0.0056199 0.0045569
0.00034936 -0.0050022 0.0026789 0.0051724 0.014946 -0.018595 0.031332 0.030236 0.028034 -0.0044669 0.059784 0.030612 -0.012015 -0.0028188 0.013357 0.0030137 0.0012697 -0.0035556 0.02238 0.0097086 0.38283 0.018516 0.39922 0.096803 -0.01795 0.037614 0.20577 0.10755 -0.075891 0.0055955 0.083314 0.013171 -0.0028943 0.014626 0.0096505 0.017385 0.40535 -0.0065511 0.43467 0.10759 -0.080488 -0.085566 0.36686 0.28026 -0.063211 -0.017677 0.070303 0.03913 -0.00048601 -0.0016098 0.0014104 0.0034611 0.013816 -0.0042428 0.028595 0.015198 -0.001765 -0.029151 0.020615 0.03384 -0.0061889 0.0011977 0.0079614 0.0029854
-0.0015674 -0.001691 0.0022181 0.0086919 0.072496 -0.030867 0.09284 0.045571 0.015131 -0.0053799 0.016156 0.0098491 -0.001009 -0.0010981 0.0011626 0.0017073 -0.027788 -0.013904 0.043378 0.060407 0.26346 0.24426 0.37102 0.33551 0.19149 0.0083881 0.23072 0.18378 0.00081005 0.0055901 0.0059331 0.0084868 0.0018987 -0.0024064 0.031792 0.061019 0.35794 -0.12806 0.43058 0.2754 0.1395 0.034398 0.15484 0.094934 0.00019267 8.7901e-05 0.0015159 0.0013022 -0.00054908 0.0015413 0.00068962 0.0016064 0.0031155 -0.0015515 0.0088544 0.0075325 0.060044 -0.023363 0.060844 0.023787 0 0 0 0
-0.0019065 -0.00039118 0.0022954 0.00081941 0.0055807 0.0064314 0.019139 0.0068171 0.041763 0.0099343 0.046905 0.011736 0.00098354 0.0007873 0.0016103 0.0010181 -0.00078616 0.0018076 0.025104 0.0054992 -0.039913 0.014647 0.23902 0.032774 0.38732 0.013372 0.44352 0.062189 -0.0029951 -0.0025997 0.010806 0.0055699 -0.0035504 0.067558 0.012662 0.079107 -0.10918 0.37212 0.18177 0.41021 0.18975 0.054888 0.38938 0.16291 -0.011145 -0.0019579 0.016326 0.005675 0.00024422 -0.00056354 0.00078292 0.001222 -0.0023821 -0.0060883 0.0037066 0.006763 -0.018358 0.01542 0.047231 0.022178 0.001081 -0.00086315 0.0021277 0.0014293
0.00027707 -0.0009349 0.00077698 0.0010548 0.00081409 -0.0080276 0.0044765 0.0097938 0.015779 0.0030637 0.019847 0.014733 -0.002243 0.00088678 0.0078432 0.0016426 0.00096568 0.010192 0.0028122 0.016481 0.25852 0.11768 0.38038 0.18658 -0.14194 0.14716 0.22596 0.23158 -0.0043211 0.0051765 0.043652 0.020638 0.001616 -0.0024619 0.004846 0.009593 0.3108 -0.073606 0.56778 0.1334 -0.11498 0.067059 0.30332 0.15168 -0.0012145 0.0083583 0.021745 0.019152 0.00019659 0.0013416 0.00081513 0.0016658 0.010357 0.0031225 0.052393 0.032442 0.051373 0.012753 0.071444 0.034739 -0.0024273 0.012771 0.0042294 0.016236
0.001056 0.00011065 0.002209 0.0016767 -0.0007473 -0.0010318 0.0085953 0.006285 0.061853 0.0058869 0.062132 0.0072796 -0.0002206 -9.9082e-05 0.0002206 9.9082e-05 0.00079446 -0.00045462 0.005122 0.0064878 0.00030221 -0.0082516 0.026814 0.023419 0.49321 0.052155 0.52444 0.17492 0.0056558 -0.017141 0.014233 0.017472 0.0020806 0.0022477 0.0062026 0.0035595 0.029979 0.04686 0.055186 0.051618 0.38764 -0.11009 0.43672 0.25737 -0.0064617 -0.027243 0.05689 0.075344 0.00071279 0.00054818 0.00085812 0.00090967 0.0046067 0.0012748 0.0069152 0.0042481 0.0048219 -0.00040026 0.011034 0.0086342 0.002517 -0.001766 0.003674 0.0034729
-0.0068456 0.00050148 0.0071419 0.0011581 0.046991 0.00075515 0.071513 0.0049997 0.0048106 -0.0010733 0.013159 0.004351 0.0013351 0.00017819 0.001424 0.00031054 -0.055884 -0.0061709 0.061742 0.011762 0.37959 -0.03224 0.53767 0.090281 0.026155 0.029943 0.077455 0.043153 0.011463 0.0064651 0.011463 0.0073613 -0.069487 0.014474 0.076261 0.027893 0.43263 0.13395 0.49068 0.20522 -0.0011208 -0.083239 0.11645 0.093403 0.012761 -0.00054583 0.013478 0.0028554 -0.0045456 -0.0019459 0.0049556 0.0035614 0.0014482 -0.030774 0.025909 0.033309 0.0044386 -0.0070368 0.028446 0.013744 0.00074277 0.00011656 0.00090564 0.00058707
-0.0081864 0.00068006 0.0086758 0.0017185 0.053449 -0.00054395 0.071421 0.0062412 -0.0015482 0.00071343 0.011796 0.0033969 0.001192 0.00059664 0.0029003 0.00076818 -0.060097 -0.0038238 0.062651 0.0091344 0.41599 -0.053262 0.57542 0.12208 -0.010051 0.029251 0.077315 0.042017 0.0082856 0.0032394 0.019271 0.0053265 -0.075713 0.020664 0.081545 0.030645 0.33026 0.13142 0.46846 0.23476 0.077953 -0.078015 0.10812 0.089674 0.0040005 -0.00025005 0.016796 0.0034059 -0.008479 -0.0024688 0.008479 0.0039606 0.012969 -0.034498 0.033899 0.040878 0.01348 -0.0067047 0.035963 0.015921 0.00010659 0.00025911 0.0019152 0.0010933
0.0022746 -0.0066072 0.0061384 0.0067675 0.02624 -0.01843 0.036773 0.035528 0.0010655 -0.00057759 0.016348 0.010106 2.2443e-05 -0.00014475 0.00080623 0.00066617 -0.0035309 -0.0030868 0.012627 0.020406 0.45069 0.014465 0.6718 0.22117 0.011707 -0.01791 0.10282 0.062472 -0.0098384 -0.016823 0.015612 0.024863 0.036669 0.043164 0.038704 0.047141 0.19808 0.01923 0.30696 0.28655 -0.021098 -0.083824 0.11516 0.17309 0.00621 0.0077995 0.011852 0.017167 0.00063754 0.0026602 0.0012767 0.002832 0.003282 0.0070041 0.022747 0.018442 0.0059795 0.012142 0.011365 0.013091 -0.00061851 0.00049524 0.00076981 0.00079089
-0.016422 0.00028996 0.016422 0.00091869 0.057722 -0.00028032 0.084996 0.0045647 0.00070308 0.0014704 0.012985 0.0031503 -0.0047458 0.00030569 0.0050049 0.0012168 -0.11708 -0.0047193 0.11708 0.0068866 0.42083 -0.00060128 0.58819 0.075057 0.033686 0.04689 0.1062 0.057762 -0.045425 0.0005392 0.045425 0.0049747 -0.12148 0.019546 0.12148 0.028743 0.31055 0.085961 0.37736 0.26203 0.12577 -0.061291 0.14711 0.068964 -0.055932 -0.0022747 0.055932 0.0071711 -0.0135 -0.0065179 0.0135 0.0066479 0.028215 -0.051383 0.059843 0.053411 0.028362 0.0084404 0.032099 0.01258 -0.0065359 -0.00066879 0.0065359 0.00078228
5.2956e-06 -0.0015782 0.00052152 0.0015782 0.080998 -0.013667 0.097968 0.014902 -0.008991 -0.005802 0.017697 0.0080551 -1.9824e-05 -0.00036206 0.0012252 0.00069681 0.0038522 0.0052415 0.0076341 0.014945 0.4814 0.048762 0.54039 0.069908 -0.018722 0.026673 0.064068 0.10897 0.0031994 -0.0012036 0.0079354 0.010689 0.0031611 0.005537 0.0069324 0.0092968 0.43828 -0.0122 0.44288 0.11784 0.00028073 -0.04383 0.11015 0.11007 0.0045876 -0.0022955 0.0074684 0.0066173 0.0012638 0.0016372 0.0022057 0.0040183 0.044184 -0.01499 0.0515 0.025173 0.0014034 -0.001335 0.0085075 0.0067955 0.00015221 -0.00028986 0.0012108 0.00078786
0.00071263 0.0042795 0.0023297 0.0047265 0.099134 0.023514 0.10021 0.033351 -0.0085458 -0.01122 0.010876 0.012289 0.0021069 -0.00066042 0.0029618 0.0013563 -0.0092133 0.022258 0.015271 0.046858 0.16492 -0.052046 0.42626 0.44447 0.086032 -0.17424 0.12892 0.17547 0.027135 -0.0088456 0.028885 0.013835 0.008269 -0.064181 0.012569 0.073998 0.20284 -0.086381 0.40535 0.43508 0.11399 0.032538 0.18481 0.08881 0.0010446 -0.012291 0.0070455 0.014133 -0.0011724 0.0095941 0.0015639 0.0096701 0.056328 0.036915 0.058332 0.043467 0.0023243 -0.0075526 0.005814 0.010875 -0.00037514 -0.00138 0.00071356 0.0015457
9.7189e-05 -0.002117 0.00030725 0.0028683 0.079625 -0.0081694 0.080754 0.011995 -0.010126 -0.0031987 0.011782 0.0050462 -0.00048761 -0.00038624 0.00068623 0.00060369 0.0049793 0.0033415 0.010327 0.010371 0.52688 0.0026671 0.53225 0.10355 -0.025857 -0.0085862 0.063056 0.057317 -0.0081193 -0.00073384 0.0096045 0.0064992 0.011006 0.016569 0.012665 0.02349 0.41782 0.040188 0.44246 0.1349 -0.03121 -0.046348 0.062557 0.063421 -0.0053289 -0.0057877 0.0058153 0.0057877 -0.00055427 0.0063379 0.0021276 0.0073353 0.029701 0.0094764 0.043718 0.02824 0.0050326 -0.010679 0.0080734 0.010967 -0.00053869 -0.00061658 0.00061861 0.0010972
0.00019041 -0.00060055 0.00058062 0.0023184 0.0037408 -0.0021646 0.0099665 0.01877 -0.0037273 0.001424 0.0057154 0.019982 -0.00018494 -0.00065684 0.0006922 0.002901 0.00053932 0.002032 0.0075972 0.014631 0.18311 -0.041398 0.42813 0.1493 -0.13294 0.12329 0.27971 0.14073 -0.0058324 0.0077233 0.0067602 0.01476 -0.002315 0.0056692 0.015431 0.036199 0.23434 0.065275 0.44275 0.22006 -0.10594 0.10877 0.39309 0.33749 -0.0059299 0.01827 0.033663 0.042542 -0.0025402 -0.0023559 0.004885 0.0026256 0.075241 0.035825 0.080291 0.043837 0.020022 0.051501 0.057715 0.062226 -0.017678 0.013014 0.017712 0.016438
-0.00026906 -0.0010747 0.0034094 0.0014442 0.014455 0.0079525 0.026673 0.014403 0.042117 0.063573 0.051445 0.066195 -0.0035176 0.0021899 0.011505 0.0038197 -0.0076294 0.00064221 0.01555 0.0083563 0.35759 0.10988 0.35925 0.11718 0.095413 -0.02334 0.30085 0.14449 0.0046567 0.008794 0.057259 0.021391 -0.0070249 0.0031862 0.012614 0.0047408 0.30714 -0.072127 0.39268 0.33773 0.18376 0.01303 0.39248 0.12251 -0.0089597 0.0086749 0.02652 0.012215 -0.00117 0.0011041 0.0026437 0.0015329 0.033632 0.00098617 0.050456 0.020093 0.027542 0.0035207 0.0284 0.0092795 0.00033193 0.00038708 0.0031934 0.00066248
-0.0038173 0.01163 0.0043585 0.012004 0.06828 0.017285 0.076954 0.035247 0.023455 -0.005761 0.034094 0.014672 -0.0008863 -0.001204 0.0012357 0.0013572 -0.004187 0.0013069 0.013075 0.034401 0.10117 0.026567 0.40743 0.41261 0.12049 -0.20936 0.14613 0.21038 0.0034504 -0.0078668 0.0061556 0.0095634 0.021041 -0.065183 0.023489 0.078185 0.18195 -0.083669 0.42408 0.40858 0.12827 0.07133 0.2584 0.12952 0.0027751 -0.0050867 0.0057511 0.0064101 -0.0012918 0.0080361 0.001581 0.0080361 0.061829 0.021221 0.064187 0.027223 0.0033673 -0.0027011 0.0087583 0.0074865 -0.00018721 -0.0015202 0.00058113 0.0015386
0.0040339 0.00086467 0.0041087 0.0054541 -0.036481 -0.0011794 0.046644 0.055318 0.016349 0.030164 0.038248 0.043823 -0.0026887 -0.001081 0.015642 0.0038742 0.004396 -0.019559 0.012681 0.040295 0.23361 -0.096919 0.36396 0.26877 0.030897 0.08922 0.12025 0.29609 0.024973 0.010042 0.02896 0.016589 0.0039735 -0.029135 0.009731 0.037973 0.41728 -0.068409 0.5665 0.2659 0.025021 -0.021764 0.09342 0.096386 0.0051657 -0.0038242 0.0080746 0.0083501 -0.00027586 0.0033984 0.001757 0.0045621 0.053779 0.036891 0.075893 0.048782 0.0018525 0.0030374 0.01192 0.0088867 0.0014675 0.0002188 0.0018731 0.0011498
0.00042855 0.001211 0.0015546 0.0016104 0.039217 0.030773 0.056395 0.03885 -0.0086404 0.070072 0.062388 0.072818 -0.0037588 -0.00021539 0.0039369 0.0039814 -0.0095179 -0.0070764 0.015284 0.012842 0.44338 0.016856 0.454 0.086722 -0.023877 -0.0049212 0.18582 0.091352 -0.084287 0.00077082 0.084287 0.025483 -0.010558 0.048666 0.012666 0.052121 0.34478 0.15023 0.47049 0.29165 -0.036811 -0.033906 0.19424 0.06104 -0.055162 0.025972 0.065501 0.033855 0.00051325 -0.0010365 0.0010028 0.0017845 -0.028407 0.0082515 0.029486 0.020324 0.0085784 0.0084087 0.020155 0.012449 0.0015528 0.0022706 0.00249 0.0027365
0.00017217 0.0012365 0.0011583 0.0033288 0.0015794 0.0045454 0.0073885 0.022679 -0.00044066 -0.0024646 0.005396 0.021495 -0.00045748 -0.00038694 0.00090924 0.0030394 0.0020451 0.010405 0.0061241 0.01544 0.14952 0.022511 0.42219 0.15028 -0.11764 0.1227 0.24156 0.18135 -0.0017817 0.0014869 0.0058844 0.010468 -0.0029807 -0.01069 0.0060584 0.014532 0.24429 -0.064743 0.61775 0.11668 -0.049928 0.075925 0.35624 0.20296 -0.0044996 0.0066852 0.012196 0.016774 -0.0007632 0.0021493 0.0018749 0.0050101 0.027216 0.0061766 0.074441 0.032138 0.00084415 -0.0056829 0.091891 0.04753 0.00047665 0.0040708 0.0065929 0.0053634
-0.00019063 0.00066221 0.0021923 0.0012576 0.0023772 0.0061939 0.0096019 0.01211 -0.0047731 -0.0049162 0.015054 0.014852 -0.00042281 -0.00014004 0.0015837 0.00080405 -0.0045848 -0.009206 0.010994 0.036215 0.012 -0.075353 0.096817 0.23692 0.25624 0.22805 0.38117 0.33228 0.012611 0.019433 0.032755 0.06866 -0.011715 -0.0018231 0.020867 0.018524 0.10442 -0.011176 0.18574 0.24812 0.19043 -0.31329 0.3023 0.4528 0.0021672 -0.020494 0.041635 0.063719 -0.0029193 -3.8172e-06 0.0029318 0.00089442 0.0012853 0.016068 0.0086605 0.019034 0.007287 0.013861 0.016448 0.019234 0.0014777 -1.8701e-05 0.0021061 0.0017401
-0.00075197 0.00068534 0.0017766 0.0007335 0.0023872 0.0071946 0.012405 0.0078102 0.0071531 0.020362 0.011627 0.020643 0.0013684 0.0073897 0.0021354 0.0074973 -0.009837 0.0077615 0.018237 0.0081639 0.11142 -0.054305 0.20075 0.31637 0.29316 0.086201 0.49846 0.4284 0.0016148 0.024688 0.01157 0.026838 -0.025104 0.0098875 0.028748 0.011193 0.086764 0.059456 0.11075 0.081223 0.1837 -0.16737 0.27961 0.35997 -0.014271 -0.064505 0.022392 0.064736 -0.0030505 0.00045151 0.0036586 0.0013376 -0.0065842 -0.025998 0.014977 0.051599 0.0073484 0.012625 0.025057 0.027787 -0.002027 0.0021184 0.0022325 0.0030166
0.00114 0.00054075 0.0016305 0.0013533 0.039872 -0.0084981 0.04122 0.025971 -0.0053079 -0.012976 0.035308 0.018085 0.00017725 -0.00013305 0.00026122 0.00033957 0.0025073 -0.0013158 0.0035487 0.0045601 0.32544 -0.01118 0.3331 0.1291 -0.05795 0.017889 0.42832 0.23367 0.0039255 -0.00059074 0.017113 0.018855 -0.001845 0.026475 0.024151 0.027959 0.0030349 -0.025916 0.46266 0.3289 0.23674 -0.012797 0.29373 0.18487 0.0015146 0.0034628 0.0043018 0.0055255 0.0026419 0.00081408 0.0043787 0.0019468 -0.017159 -0.0037105 0.078828 0.035659 0.0098082 -0.051209 0.028554 0.070671 0.0029298 -0.0021648 0.0031189 0.0023223
-0.00022008 0.0012333 0.001422 0.0017403 0.025595 0.0069112 0.051795 0.016917 -0.016216 0.016206 0.02023 0.019971 0.0041213 -0.0015276 0.012141 0.0030726 -0.011175 0.0049899 0.015623 0.011778 0.084907 -0.00037963 0.27299 0.18591 0.20759 0.024774 0.32608 0.24432 -0.010447 0.07272 0.036437 0.072783 -0.017592 0.0061519 0.026835 0.016199 -0.054605 -0.0039136 0.090512 0.094656 0.50217 0.13364 0.54847 0.20586 -0.055648 -0.038348 0.074955 0.046835 -0.0060107 0.0015361 0.006025 0.002597 0.0025901 0.0055367 0.013248 0.011885 0.051348 -0.023499 0.069697 0.025268 0.0003409 0.00087269 0.0048388 0.001987
0.0039488 -0.0014911 0.0045037 0.00591 -0.035243 0.026822 0.043609 0.033889 0.023921 0.012767 0.05016 0.044463 0.0033433 -0.00044985 0.0040945 0.0011259 0.0066646 -0.028397 0.010792 0.052402 0.22968 -0.1141 0.37081 0.29211 0.09193 0.090707 0.18729 0.19627 0.0017796 -0.0056778 0.010203 0.012264 0.00027317 0.00083282 0.0072148 0.046071 0.4494 0.00013704 0.55063 0.2842 0.035678 -0.02733 0.078627 0.078756 0.0022302 -0.0039518 0.006245 0.006071 -0.00056041 0.0042531 0.001803 0.0044244 0.017727 0.01547 0.047968 0.031698 0.0037159 -0.0019446 0.008884 0.013217 -0.0001217 -0.00024775 0.00068099 0.0013951
-0.00022454 0.0010798 0.001778 0.0018984 0.0038942 -0.0042768 0.054338 0.025494 0.0075665 0.020926 0.046663 0.025884 0.00060649 -0.00036277 0.0010491 0.0022385 -0.0012112 -0.0047962 0.0046834 0.01112 0.28349 0.02039 0.57123 0.11187 -0.052079 0.024838 0.28338 0.1219 -0.012422 0.022675 0.016658 0.027926 -0.0076218 0.0033913 0.0081571 0.0098798 0.27969 -0.065227 0.51167 0.14405 0.092313 0.019338 0.21314 0.17015 -0.06308 -0.0057788 0.064389 0.020862 -0.0011645 0.0014946 0.003165 0.0087275 -0.0057337 0.013669 0.037138 0.035521 0.035206 -0.026336 0.081169 0.066113 2.0286e-05 0.00052566 0.0033039 0.0046653
0.001208 0.00096566 0.001587 0.0010055 0.0012793 0.011952 0.0069056 0.012518 0.012428 0.012695 0.014478 0.015118 0.0044987 0.010613 0.0053256 0.010619 0.0038083 0.00025082 0.009751 0.0063959 0.085651 -0.13223 0.29219 0.46861 0.26331 0.14718 0.45782 0.26533 -0.017014 0.010911 0.031164 0.045084 -0.000727 0.0041554 0.010042 0.0052445 0.043547 0.027086 0.079491 0.048763 0.25183 -0.1181 0.26907 0.34985 0.012074 -0.036281 0.028142 0.049455 -0.00064685 0.00061596 0.0027286 0.00098128 0.020064 0.0067739 0.024928 0.023524 -0.016844 -0.035685 0.03024 0.042331 0.00025376 -0.0038393 0.0019215 0.0047642
-0.007237 -0.0026819 0.0076964 0.0027205 0.069662 -0.010193 0.092371 0.030897 0.013292 -0.0069924 0.017 0.011476 -0.0004055 0.00055686 0.003549 0.0013866 -0.011944 0.033555 0.031537 0.08837 0.02675 -0.035698 0.33956 0.22901 0.21294 -0.061048 0.2924 0.11175 -0.0085894 -0.0021161 0.023769 0.0087963 -0.038323 -0.077577 0.041695 0.089212 0.26546 -0.057433 0.57274 0.17366 0.29297 0.077778 0.3003 0.12012 -0.019801 -0.0020125 0.030323 0.011598 -0.0069501 0.00068055 0.0069835 0.0015278 0.063686 -0.0033103 0.068991 0.010187 0.021115 -0.0077539 0.021307 0.0099309 -0.0022118 -0.00083137 0.0037669 0.0015891
-0.01422 -0.00057204 0.01422 0.0011757 -0.012068 -0.012407 0.015918 0.021193 0.061799 -0.0067166 0.077922 0.012315 0.0027982 0.0014312 0.0028521 0.0015517 -0.093417 0.0015666 0.093417 0.0051855 -0.11443 0.027153 0.12073 0.033702 0.42885 -0.040965 0.48882 0.043848 0.013142 -0.002171 0.017061 0.0064368 -0.091985 -0.00082576 0.091985 0.0029975 -0.11967 0.0074536 0.1357 0.035326 0.40592 0.03123 0.5278 0.061124 0.013374 -0.0043272 0.013374 0.0045589 -0.012658 0.00022374 0.012658 0.00073032 -0.02093 0.003824 0.022574 0.01002 0.060183 0.0017801 0.099479 0.012189 0.0013538 -5.0425e-05 0.0017726 0.00076971
-0.0036709 0.00052843 0.004311 0.00249 0.057889 -0.017422 0.080338 0.02613 0.018 -0.0066187 0.020426 0.0093662 -0.00085965 0.00038974 0.0043661 0.0011985 -0.016437 -0.028645 0.036644 0.12415 -0.06788 -0.11655 0.29075 0.24632 0.34343 -0.022941 0.34425 0.10408 -0.012314 -0.0044017 0.026654 0.010452 -0.025986 -0.036655 0.028592 0.046844 0.32577 0.034566 0.50793 0.14724 0.25956 0.042831 0.26848 0.10886 -0.021106 0.0011643 0.030911 0.014403 -0.0058113 0.00096535 0.0058474 0.0011854 0.064254 -0.0073402 0.077565 0.010547 0.01943 -0.010462 0.020807 0.01108 -0.0012428 -0.0018139 0.0046929 0.0023014
-0.00010426 0.00026938 0.0012456 0.00074668 -0.0017876 0.0030277 0.0068189 0.0046884 0.062257 -0.0001936 0.072569 0.018995 0.0015954 0.00029258 0.0016203 0.00057704 0.0093483 0.0032206 0.010483 0.0046434 -0.069662 0.0079099 0.11734 0.037331 0.46418 -0.017196 0.49949 0.15516 0.0064652 7.401e-05 0.011682 0.010846 0.0090511 0.0042744 0.009875 0.005581 -0.042927 0.041366 0.066621 0.043677 0.44257 0.036545 0.48314 0.16094 0.001001 0.0044061 0.013509 0.014116 0.0021311 0.00040935 0.002294 0.000733 -0.0088961 0.0014283 0.012163 0.0059505 0.071657 0.01627 0.082575 0.029912 -0.0012178 0.0010147 0.0023873 0.0044061
-0.0014132 0.001027 0.012024 0.0020362 -0.015645 0.00038997 0.029487 0.011153 0.067257 0.0053417 0.071339 0.0085815 0.0064866 -0.0010258 0.0091776 0.0022193 -0.040512 -0.016046 0.054357 0.039004 0.013543 -0.0057384 0.042535 0.13221 0.4265 0.011833 0.43744 0.095716 0.049362 0.0087451 0.063714 0.010794 0.00057935 -0.0067834 0.040656 0.028084 -0.030186 -0.0012013 0.045162 0.081083 0.46079 -0.0045977 0.56981 0.071088 0.04353 0.0012478 0.050378 0.011721 -0.001091 0.0022523 0.010119 0.0028773 -0.0013484 0.0019261 0.0034633 0.0065787 0.080562 0.0063396 0.090263 0.0069893 0.0054614 0.00089732 0.005982 0.0013275
0.0070029 -0.0049964 0.0081682 0.0062911 0.020059 0.068294 0.033124 0.071454 -0.014925 0.049872 0.03505 0.050046 -0.0055481 0.00014318 0.0062771 0.001372 0.041942 0.0097957 0.067523 0.025589 0.15474 -0.040368 0.68263 0.27204 -0.037475 -0.010181 0.32066 0.17114 -0.073317 0.016307 0.073811 0.024779 0.039047 -0.00090413 0.060169 0.027204 0.028924 -0.051358 0.36861 0.1335 0.11174 0.011422 0.25138 0.095805 -0.069204 0.0071105 0.069555 0.017369 0.00048873 0.00046226 0.0032216 0.0010299 0.032067 -0.011332 0.059655 0.016115 0.0080035 -0.0022963 0.025841 0.010988 -0.0098236 0.00041777 0.010233 0.003432
0.0011179 0.0017219 0.0019937 0.0017663 -0.0046557 -0.0028019 0.018677 0.012309 0.00013135 0.0010219 0.006852 0.0057387 0.0016656 0.0023012 0.0023571 0.0031984 -0.01095 0.012021 0.0176 0.014286 -0.015281 -0.040478 0.32561 0.094577 0.3017 0.10973 0.39477 0.23893 -0.016719 0.030815 0.033746 0.046703 -0.04276 0.0020421 0.054567 0.023674 -0.0099232 0.0046488 0.31093 0.072803 0.34697 0.031098 0.49703 0.25373 -0.012498 -0.036385 0.032886 0.065733 -0.0038428 -0.0033912 0.006336 0.0036504 0.0048127 -0.0050777 0.036356 0.0074826 0.021767 -0.037414 0.078885 0.06467 0.0055891 0.0088907 0.0099889 0.0091099
-0.00060676 0.00077406 0.0012007 0.0037449 0.10414 0.0046469 0.11238 0.019235 -0.0046624 0.0018675 0.0089063 0.0092523 0.0010844 0.00040734 0.0029994 0.00074003 0.0071571 0.049571 0.025769 0.050988 0.50941 0.0063224 0.55222 0.19867 -0.026239 -0.072395 0.066669 0.074351 0.018628 -0.0079265 0.021609 0.0106 0.014209 -0.0005707 0.027736 0.058095 0.082515 0.019742 0.32342 0.38983 0.10344 -0.12831 0.16139 0.13545 0.022708 -0.0079225 0.024071 0.011603 0.0021056 -0.0055448 0.0028155 0.0060482 0.032074 -0.035791 0.033767 0.060838 0.016856 0.0040294 0.023921 0.015259 -0.00025034 -0.00085103 0.00089061 0.0010623
-0.0039033 0.00023198 0.0052488 0.0023709 0.014733 0.0072339 0.017388 0.015642 0.0030594 0.007973 0.032458 0.023717 -0.00010278 0.0010471 0.0023604 0.0024799 -0.070568 0.023624 0.074858 0.025529 0.10713 -0.00062581 0.21635 0.15283 0.18737 0.10158 0.30682 0.31169 -0.022393 0.037924 0.041693 0.040527 -0.086207 0.020304 0.086502 0.020959 -0.02631 0.03551 0.076057 0.11412 0.40351 0.033663 0.62265 0.2494 -0.002593 -0.00068699 0.055439 0.029352 -0.0041245 0.00063146 0.0044666 0.0014565 -0.015481 -0.0059818 0.043549 0.015292 0.038784 -0.01227 0.054201 0.024322 0.00033517 -0.00097324 0.0043235 0.0018238
0.0017493 0.00011671 0.0029951 0.0013894 0.061819 0.026009 0.065505 0.038085 0.010916 0.0084181 0.030336 0.011331 -0.0017347 -0.00017491 0.0038297 0.0033808 0.027354 0.0058641 0.034236 0.0067347 0.35058 0.024337 0.53783 0.068486 0.067308 -0.023971 0.19268 0.052376 -0.026784 -0.0079743 0.03037 0.010775 0.006679 0.081172 0.022128 0.095841 0.20122 0.13815 0.52306 0.33577 8.3928e-05 -0.0097009 0.22447 0.052187 -0.021663 -0.0050028 0.028845 0.009557 9.9469e-05 -0.00093418 0.0006981 0.0010575 -0.013528 0.0085372 0.062512 0.015257 -0.0044395 -0.001999 0.026542 0.015719 6.8296e-05 0.0016327 0.0035639 0.0018173
0.0012592 0.00034405 0.0020495 0.00079404 0.044145 0.011299 0.061839 0.013806 0.019464 0.0087394 0.026666 0.014259 -0.00020865 0.00031522 0.0029983 0.00050343 0.016176 0.0049819 0.019757 0.0058744 0.36312 0.0008917 0.61172 0.066395 0.058115 0.042239 0.19673 0.059589 -0.0088458 -0.0059412 0.017943 0.0067158 0.0086926 0.061508 0.022723 0.073642 0.14532 0.1753 0.45899 0.26156 0.13129 -0.042511 0.22256 0.11955 -0.0050143 -0.0018536 0.018165 0.0076562 0.00049054 -0.00095583 0.00060356 0.0014299 -0.052642 0.0096286 0.053065 0.01903 0.035394 -0.0017555 0.0449 0.0086858 0.00018812 0.00026584 0.0059851 0.0016188
-0.0011515 -0.0014983 0.0078512 0.0048246 0.0096683 -0.027241 0.074647 0.053522 0.0034461 -0.0041911 0.010177 0.012466 9.4112e-05 -0.00064031 0.00050227 0.0011253 -0.049365 0.0070327 0.054625 0.022139 0.14534 0.086692 0.63806 0.17243 0.045887 0.032763 0.06147 0.05637 0.0013662 0.0022192 0.0024503 0.0049736 -0.0035734 -0.0048195 0.010554 0.011693 0.13083 -0.07793 0.65233 0.20315 0.034326 0.011306 0.058138 0.041635 0.00079529 0.0047467 0.0047459 0.010032 -0.0014678 -0.00035769 0.0033627 0.0011554 -0.0073163 0.0062349 0.081616 0.017415 0.032474 -0.025395 0.039101 0.039819 0.00085633 0.0011776 0.00112 0.0016413
