-0.003906 0.0041793 0.0059241 0.008143 0.01472 -0.025136 0.034994 0.050841 -0.0079885 0.017756 0.017154 0.026111 -0.0003206 0.00082902 0.00085986 0.0013617 0.024083 0.0085237 0.067458 0.034143 0.17028 0.15657 0.37787 0.28561 -0.12826 0.07406 0.35348 0.38728 -0.00011347 -0.0018882 0.035799 0.048414 -0.049077 0.012851 0.073421 0.060322 0.20713 -0.19076 0.25529 0.2154 -0.21384 -0.20668 0.24172 0.22141 0.012549 -0.015977 0.015899 0.02136 -0.0048724 0.0067365 0.0048724 0.0067538 -0.041633 0.052268 0.044817 0.054213 -0.0019456 -0.00072393 0.0070567 0.0054333 6.9593e-05 -0.00012779 0.00031796 0.00047175
1.3126e-06 -1.3126e-06 1.3126e-06 1.3126e-06 -0.0001636 -0.0001636 0.0001636 0.0001636 0.00015642 -0.00032002 0.00015642 0.00032002 0 0 0 0 0.00024741 -0.04729 0.0058091 0.04729 -0.082762 -0.35971 0.25633 0.39076 0.15947 -0.20494 0.15947 0.20546 0 0 0 0 0.0055073 -0.01702 0.017114 0.038299 -0.044011 -0.054758 0.25078 0.20161 0.41391 0.06582 0.43013 0.16767 1.8822e-05 -8.4131e-05 1.8822e-05 8.4131e-05 0.0021862 -0.0026517 0.0024729 0.0032801 0.019073 0.006979 0.029639 0.017687 0.046057 0.016624 0.046095 0.017232 4.8784e-05 2.5e-05 4.8784e-05 2.5e-05
0.00026356 -0.00081188 0.0013307 0.0017336 0.06422 -0.014353 0.076473 0.02161 0.0018405 -0.00071176 0.0018405 0.0011026 0 0 0 0 0.0089161 -0.0066986 0.014949 0.01965 0.15909 -0.095099 0.34463 0.30716 0.24774 -0.14939 0.24812 0.22111 0.00016419 -0.00016419 0.00016419 0.00016419 -0.010669 0.063566 0.012972 0.063586 -0.031955 0.39322 0.13368 0.39539 0.27625 0.16724 0.27663 0.16724 0.00032118 0.00015699 0.00032118 0.00015699 -2.2944e-05 5.9315e-05 7.498e-05 5.9315e-05 0.0001911 0.00028108 0.0001911 0.00028108 0 0 0 0 0 0 0 0
0 0 0 0 0 0 0 0 0 0 0 0 0 0 0 0 0.0030513 -0.047153 0.013153 0.047153 -0.14018 -0.37025 0.14678 0.40942 0.1914 -0.18428 0.1914 0.18498 0 0 0 0 -0.017742 -0.012111 0.041619 0.047171 -0.040567 -0.057429 0.21569 0.16438 0.44629 0.08405 0.44629 0.10923 0.00010641 -1.4565e-05 0.00010641 0.00010641 -0.0010849 -0.00041044 0.0016081 0.0011154 0.0051138 0.0033297 0.0072898 0.0070385 0.055034 -0.024095 0.055207 0.030977 0.00017093 -0.00018236 0.00017093 0.00018236
-0.0009013 -0.00017909 0.0048415 0.0020856 -0.0026392 -0.002986 0.023545 0.0097707 0.051492 0.013066 0.051652 0.019794 2.3913e-06 3.9878e-06 3.9878e-06 3.9878e-06 -0.015787 -0.0041568 0.048364 0.0097723 -0.074796 0.011814 0.17644 0.13482 0.45176 -0.065314 0.45722 0.15521 0 0 0 0 -0.0063492 0.018206 0.032967 0.040916 0.13717 0.28166 0.18073 0.43623 0.18087 0.20397 0.18195 0.25004 0 0 0 0 6.6498e-05 0.00096559 0.00039056 0.00097592 0.00097015 0.0014499 0.0010308 0.001557 0 0 0 0 0 0 0 0
0.00024517 -9.1705e-05 0.00048653 0.00020586 0.00033917 -0.00016532 0.00033917 0.00016532 0 0 0 0 0 0 0 0 -0.062043 -0.0022411 0.062391 0.030962 0.038289 -0.32049 0.11795 0.38614 0.21231 -0.23154 0.21231 0.23154 0 0 0 0 -0.014193 0.0087011 0.014193 0.0087985 -0.20657 0.091305 0.24723 0.13129 0.41503 0.088685 0.41503 0.18319 0 0 0 0 0 0 0 0 -0.041858 0.015821 0.050302 0.019912 0.036511 -0.030721 0.042087 0.043579 6.5806e-05 -2.0841e-05 6.5806e-05 5.2884e-05
0.0023107 -0.000133 0.0052322 0.0030266 0.018529 -0.0093638 0.05657 0.016214 0.042816 0.0035823 0.042816 0.0053604 2.2615e-05 -1.9909e-05 2.2615e-05 2.2615e-05 0.0018144 -0.0098814 0.031316 0.01707 0.13991 -0.013274 0.26468 0.33221 0.26824 -0.13213 0.34277 0.18749 0.00041798 6.8886e-05 0.00041798 0.00019688 -0.0051641 0.061193 0.015528 0.062935 -0.0051992 0.40212 0.21973 0.41036 0.22971 0.16828 0.22971 0.1689 0.00041468 -3.5708e-05 0.00041468 0.00013288 4.1183e-05 2.8694e-05 4.1183e-05 2.8694e-05 -0.00025289 0.00025289 0.00025289 0.00025289 0.00018006 0.0012334 0.00034865 0.0012334 0 0 0 0
-0.0020745 -0.00097039 0.0023952 0.0013023 0.062464 -0.014039 0.062727 0.015475 0.00044932 -0.00051569 0.0010787 0.00066779 7.7474e-05 -2.8849e-06 7.7474e-05 2.8849e-06 -0.00013956 -0.0030789 0.017356 0.063415 0.070233 -0.11856 0.40718 0.37292 0.28603 -0.09475 0.28807 0.17058 0.00070614 -7.258e-05 0.00070614 0.0004998 -0.0029207 0.037565 0.0063631 0.038836 0.017981 0.29056 0.22063 0.31087 0.31392 0.1061 0.31406 0.13835 0.0002537 -1.666e-05 0.0002537 0.00012172 9.8371e-06 0.00026594 5.5587e-05 0.00026594 -0.0012254 0.0035171 0.0013161 0.0035171 0.0011542 0.0013765 0.0016123 0.0014671 4.6919e-05 2.4044e-05 4.6919e-05 2.4044e-05
-0.0074984 -0.0025662 0.0074984 0.0025662 -0.013626 -0.0044856 0.031581 0.015728 0.043335 0.02977 0.052479 0.038806 0.00094026 0.0021049 0.00094026 0.0025776 -0.096635 -0.0070887 0.096635 0.010458 -0.022545 -0.016177 0.16049 0.063524 0.44412 -0.02874 0.44412 0.11661 0 0 0 0 -0.070278 0.015121 0.070802 0.020048 0.15582 0.30398 0.24532 0.42 0.19623 0.18642 0.19623 0.23973 0 0 0 0 0.0004006 0.00010067 0.00097724 0.00022384 0.00059638 0.00018603 0.00067119 0.0002087 0 0 0 0 0 0 0 0
-0.004527 0.0031795 0.0087775 0.0050414 0.028731 -0.0075476 0.031159 0.016797 0.035172 -0.0064531 0.035172 0.017379 2.4228e-05 -1.6462e-05 2.4228e-05 2.4228e-05 0.029388 -0.021073 0.050281 0.027529 -0.12923 0.054755 0.25033 0.12992 0.4488 -0.12911 0.4488 0.1702 0.00045875 -0.00013428 0.00045875 0.00025676 -0.0052901 0.0028584 0.010313 0.0095069 0.24271 0.032149 0.37395 0.25564 0.19794 0.21345 0.19794 0.21345 0.00017895 0.00018149 0.00026378 0.00026632 -0.0032151 0.0021412 0.0096019 0.0056935 0.056392 0.017395 0.061228 0.019202 0.0013078 9.815e-05 0.0013386 0.00077874 0 0 0 0
0.005127 -0.0025776 0.0070847 0.0074739 0.052483 -0.016678 0.08741 0.037227 0.0085544 0.0002036 0.0085544 0.00342 0 0 0 0 -0.0089066 -0.0077892 0.03685 0.019317 0.48567 0.11539 0.51365 0.13059 0.016082 -0.00019577 0.016498 0.0086014 0 0 0 0 -0.00041421 0.00064081 0.0018011 0.0027386 0.24686 -0.18755 0.25769 0.20073 0.1947 -0.29458 0.1947 0.29558 0.002113 -0.0025665 0.002113 0.0025665 -0.00022343 0.00047562 0.00050256 0.00076128 0.00099402 0.018423 0.017336 0.021611 0.0072562 -0.0030349 0.022268 0.016762 0.0069175 -0.01022 0.0073221 0.011069
-0.0011237 -0.0039799 0.0030113 0.01021 0.021249 -0.0014023 0.036911 0.074866 0.032585 -0.048899 0.048978 0.048899 2.3164e-05 -2.3164e-05 2.3164e-05 2.3164e-05 -0.0040663 0.0014911 0.0056991 0.0027796 0.22772 0.17478 0.26718 0.28552 0.24128 0.23915 0.25116 0.25891 3.6661e-05 3.6661e-05 3.6661e-05 3.6661e-05 0.0095197 0.016343 0.029919 0.031192 0.43271 -0.10047 0.52476 0.14422 0.0098075 -0.0017335 0.0098075 0.0052518 0 0 0 0 -0.0019188 -0.0025176 0.0040117 0.0053393 0.035076 0.0067382 0.048457 0.038005 0.031181 -0.011931 0.031181 0.012006 0 0 0 0
0.0032663 -0.013784 0.0039336 0.014397 0.026606 -0.073881 0.053356 0.073881 0.0048613 -0.0038884 0.0048613 0.0040243 0 0 0 0 -0.012375 0.0095447 0.02116 0.023055 0.4385 0.14151 0.56658 0.20542 0.014474 0.0075953 0.014474 0.0090148 0 0 0 0 0.0014598 -0.0014125 0.019952 0.023686 0.20445 -0.22672 0.35266 0.25174 0.21257 -0.098668 0.21273 0.13259 0.00010793 -0.00010793 0.00010793 0.00010793 -0.0021901 0.0025869 0.004951 0.0067341 0.013858 0.013197 0.024714 0.017309 0.054877 0.017742 0.055115 0.018361 4.9886e-05 -7.6884e-05 5.4932e-05 9.7706e-05
0.0016514 -0.0038204 0.0025404 0.0067915 0.055825 -0.025815 0.088312 0.044754 0.002684 0.0010791 0.002684 0.0014608 0 0 0 0 0.012543 0.011058 0.030494 0.035268 0.41164 0.10259 0.5166 0.13505 0.0069982 -0.0029058 0.0069982 0.0046291 0 0 0 0 -0.0052844 -0.0045772 0.02199 0.032463 0.17406 -0.17804 0.39422 0.28795 0.19742 -0.25829 0.19797 0.25829 7.564e-05 -0.00029933 7.564e-05 0.00029933 0.00073212 -0.00028877 0.0027658 0.0061203 -0.0098978 -0.0061547 0.015146 0.014081 0.046127 0.0090829 0.047042 0.010979 -1.4985e-06 -1.226e-05 6.0743e-05 9.3873e-05
-0.00013391 -0.0002845 0.00090483 0.00089517 0.041847 0.0022838 0.058315 0.019379 0.025648 0.019141 0.025648 0.021177 4.6649e-05 4.6101e-05 4.6649e-05 4.6649e-05 0.014163 -0.008347 0.057929 0.045435 0.38207 0.16092 0.52878 0.16532 0.018499 0.0059472 0.018499 0.012092 3.2627e-05 3.2627e-05 3.2627e-05 3.2627e-05 0.0012085 0.017109 0.01764 0.027026 0.29534 -0.10915 0.4535 0.40636 0.10649 -0.014434 0.10698 0.063248 0 0 0 0 -0.0047044 0.0055537 0.0056493 0.0055537 0.023595 0.057876 0.036398 0.057921 0.00058263 0.00023522 0.0010133 0.0011045 0 0 0 0
0.00059134 9.2077e-05 0.005481 0.0018858 0.0073608 0.0043557 0.062646 0.017039 0.032061 0.00689 0.070668 0.019076 5.8423e-05 -4.2177e-05 8.053e-05 6.1562e-05 -0.0036061 -0.0030891 0.030664 0.010339 -0.050952 -0.044853 0.38942 0.11923 0.37256 -0.058544 0.40122 0.14749 0.00032018 0.00033215 0.00044068 0.00039286 -0.0093488 -0.0015118 0.03106 0.010693 -0.092645 -0.034292 0.23001 0.088351 0.44237 0.07926 0.44237 0.11669 0.00035001 -3.0352e-05 0.00035001 3.0352e-05 0.0049807 0.0013396 0.0087195 0.0024013 -0.018819 -0.0071718 0.021121 0.0081997 0.064725 -0.013649 0.065038 0.013993 0.00014115 -7.0665e-05 0.00014717 9.3127e-05
-0.0029745 -0.0019139 0.0070041 0.0043365 0.065744 0.0030418 0.077862 0.01668 0.0050828 0.0023034 0.0050828 0.0032809 1.5262e-05 8.8688e-06 1.5262e-05 8.8688e-06 -0.01258 -0.0055022 0.016558 0.012284 0.50108 0.026293 0.50383 0.054085 0.005455 -0.004805 0.013032 0.0070713 0.00045426 -2.9212e-05 0.00045426 0.00027993 -0.0038173 0.0091318 0.024379 0.067603 0.16788 -0.091982 0.39703 0.3183 0.25967 -0.064075 0.26822 0.1418 0.00053931 1.3767e-05 0.00053931 0.00026448 -0.0017736 0.0087033 0.0017736 0.0098336 0.030389 0.064119 0.071756 0.064359 0.017691 0.0092468 0.017882 0.0094524 4.5579e-05 -4.4743e-05 4.5579e-05 6.855e-05
-0.00027252 1.2088e-05 0.00032734 0.00026023 0.0092336 -0.07494 0.045143 0.07522 0.0083831 -0.024319 0.0088059 0.024405 0.000281 -0.00013934 0.000281 0.00017296 -0.0010097 -0.035857 0.0049774 0.038702 0.0055985 -0.024349 0.38762 0.27775 0.33218 -0.064368 0.34098 0.25584 0.0013859 0.00052267 0.0013859 0.00064698 0.036238 0.014002 0.044247 0.02676 -0.098118 -0.043537 0.19396 0.070234 0.43643 0.071605 0.43653 0.072938 3.1077e-05 -3.1077e-05 3.1077e-05 3.1077e-05 -0.0015407 0.0017511 0.0044449 0.0081448 -0.0019906 0.01328 0.017319 0.022126 0.059766 2.4634e-05 0.059868 0.016206 9.2986e-05 -4.9101e-05 9.4426e-05 4.9101e-05
-0.0039426 -0.0094002 0.0043546 0.0096096 0.02914 -0.06152 0.02914 0.06152 0 0 0 0 0 0 0 0 -0.057558 0.01503 0.066561 0.018136 0.35548 0.06207 0.47058 0.36588 0.12268 0.017722 0.12268 0.089158 0 0 0 0 -0.1022 0.021248 0.1022 0.021248 0.35183 -0.12461 0.46663 0.17099 0.10758 -0.087596 0.10758 0.087596 0 0 0 0 -0.0041614 0.0028907 0.0041614 0.0028907 0.0017102 0.029152 0.059712 0.03789 0.041212 0.034958 0.041212 0.034984 0 0 0 0
-0.00097593 0.00054226 0.0062332 0.00081879 0.020239 -0.0054646 0.045705 0.011055 0.040037 -0.0049592 0.040037 0.0060218 9.7955e-05 3.3396e-06 9.7955e-05 9.4974e-06 -0.0055169 -0.00063404 0.035953 0.0069829 -0.07536 0.0039915 0.15055 0.035174 0.45847 -0.11456 0.45882 0.11719 0.00075276 1.2851e-05 0.00075276 0.00014034 -0.0058181 -0.0034265 0.024913 0.0094373 -0.096025 0.0090061 0.12446 0.046774 0.4783 0.10362 0.4783 0.10516 0.00024452 7.6594e-05 0.00024452 7.6594e-05 -0.00080468 0.00010926 0.002228 0.00042116 -0.0029009 0.001963 0.019686 0.021212 0.061175 0.0061191 0.061267 0.0064935 0 0 0 0
-0.00075391 7.3853e-06 0.0014454 0.003381 0.033114 0.0088733 0.083966 0.024791 0.021475 0.0075329 0.021512 0.0077089 3.3321e-05 1.2815e-05 3.3321e-05 1.2815e-05 -0.013199 0.0021705 0.030935 0.010573 0.33928 0.055314 0.66645 0.10921 0.014688 -0.00076332 0.016473 0.0053601 0.00046989 -4.5755e-05 0.00046989 4.5755e-05 0.044796 0.0021097 0.066945 0.01278 0.30424 -0.1119 0.51965 0.14765 0.016973 0.0026899 0.016973 0.0066748 7.9382e-05 7.9382e-05 7.9382e-05 7.9382e-05 0.00064339 0.00040428 0.0086199 0.0019686 0.055626 0.00068544 0.079127 0.020535 0.0029855 -0.00056851 0.0029932 0.0017207 1.0634e-05 -1.3217e-05 1.0634e-05 1.3217e-05
0.0011617 -0.0018011 0.0049658 0.0082222 -0.0015214 0.0091009 0.025336 0.023253 0.056706 -0.035909 0.056706 0.036031 3.3064e-05 -4.7684e-05 3.3064e-05 4.7684e-05 0.0021838 -0.0040722 0.0054346 0.0056945 0.0011531 -0.10225 0.16855 0.26889 0.33909 -0.0051293 0.51419 0.19411 0.00043612 0.00018529 0.00043612 0.00018529 -0.00079947 -0.00022483 0.0024541 0.0018884 0.0017359 0.032262 0.17789 0.24746 0.35263 -0.051542 0.44129 0.1829 0.00034647 -0.00010235 0.00034647 0.00027682 0.00054864 0.010069 0.0048177 0.010078 -0.014721 0.045272 0.015657 0.046197 0.035798 0.024126 0.056622 0.047081 0.00024896 5.5269e-08 0.00031125 0.00011291
0.00041317 0.0012778 0.0043159 0.0050074 0.0072968 0.0035058 0.043967 0.035974 0.04969 0.028777 0.050176 0.030328 2.2963e-05 5.6511e-05 4.2145e-05 6.2729e-05 -0.019309 -0.00015297 0.03578 0.036491 0.47748 0.058435 0.54244 0.11152 0.014614 0.0041778 0.014614 0.0071217 0 0 0 0 0.00014366 0.0033163 0.026011 0.052398 0.29634 0.017861 0.44144 0.34766 0.11912 -0.017136 0.11912 0.057106 0 0 0 0 -0.0031381 0.0086445 0.0031705 0.0086445 0.014878 0.058508 0.043387 0.058508 0.00179 0.0012139 0.00179 0.0012139 0 0 0 0
-0.001768 -0.0079196 0.0018617 0.0079196 -0.020847 -0.054512 0.033435 0.072717 0.044084 0.0030972 0.044095 0.037675 5.9141e-06 3.1538e-06 5.9141e-06 3.1538e-06 -0.01137 -0.0023349 0.012748 0.037505 -0.0222 0.0047684 0.37209 0.12472 0.42625 -0.060803 0.44723 0.091392 8.6005e-05 -8.6005e-05 8.6005e-05 8.6005e-05 -0.0050863 0.0035147 0.0166 0.056286 -0.03739 0.015897 0.12784 0.28321 0.32632 -0.089442 0.39983 0.2319 0.007565 -0.017103 0.007565 0.017103 -0.00068701 0.00045692 0.0022644 0.0072123 -0.012327 0.0093786 0.022472 0.038889 0.0041769 -0.0013637 0.040819 0.010608 0.0047551 -0.00666 0.0050017 0.0070152
0.0010004 -0.00070307 0.002577 0.0019744 0.0020893 0.0063348 0.043459 0.028521 0.070704 0.023029 0.070704 0.023976 0 0 0 0 -0.01478 0.0098578 0.027001 0.014893 0.40471 0.1158 0.43079 0.17008 0.1024 0.036594 0.1024 0.039505 0 0 0 0 -0.002073 0.0003023 0.079632 0.043636 0.39811 -0.11619 0.55552 0.22545 0.074669 -0.043068 0.074669 0.054643 0.00012977 -5.4407e-05 0.00012977 5.4407e-05 0.00053631 -0.0012253 0.0018291 0.0025288 0.032122 0.016496 0.079629 0.050423 0.038003 0.016444 0.038003 0.016444 6.638e-05 -8.6827e-06 6.638e-05 6.638e-05
-0.00090785 -0.017865 0.0011026 0.017865 -0.022696 -0.041751 0.055115 0.06045 0.05843 -0.035108 0.058439 0.064181 3.7035e-05 1.4156e-05 3.7035e-05 2.7467e-05 -0.012831 0.031276 0.017176 0.043766 -0.035805 -0.021706 0.38253 0.13839 0.42653 0.0051693 0.4297 0.042578 9.0748e-05 -9.0748e-05 9.0748e-05 9.0748e-05 -0.0052226 -0.012343 0.014105 0.04317 -0.02059 0.069628 0.12761 0.33151 0.25809 -0.10981 0.3804 0.27422 0.015893 -0.033078 0.015893 0.033078 -0.0009699 -0.00019953 0.003593 0.010009 -0.010811 -0.009987 0.029389 0.035893 0.0021082 0.0012527 0.039595 0.014048 0.0028641 -0.00084126 0.0031893 0.0014785
0.00087023 -0.0019822 0.0029641 0.0032505 0.036204 -0.027975 0.036204 0.02817 0.00072292 -0.00075787 0.00078982 0.00080866 6.3232e-05 -3.7637e-05 6.3232e-05 3.7637e-05 -0.023552 0.0032497 0.044817 0.078012 0.4127 0.033796 0.49795 0.26237 0.014786 0.0031557 0.014891 0.0067209 0.00013447 0.00013447 0.00013447 0.00013447 -0.0038457 -0.013455 0.014795 0.019508 0.45313 -0.11816 0.49219 0.15713 0.010358 -0.0046702 0.010358 0.0061969 0 0 0 0 -0.0026626 0.0044919 0.0064545 0.011695 0.058635 0.0029842 0.076894 0.031418 0.0063111 -0.01263 0.0096399 0.014689 -9.3705e-07 -3.3021e-06 1.7521e-06 3.3021e-06
-0.00067651 0.00077847 0.0039135 0.0057454 0.056049 -0.026471 0.064853 0.037897 0.00067482 -0.0004782 0.00067482 0.00050316 0 0 0 0 0.00305 -0.0059944 0.0062327 0.0080549 0.41171 0.0099783 0.57345 0.19217 0.046676 0.0062112 0.046676 0.030417 0 0 0 0 -0.01149 0.043973 0.023978 0.050487 0.28504 0.12969 0.3839 0.40732 0.121 -0.011979 0.12136 0.059218 0 0 0 0 0.00014137 0.00033937 0.00028044 0.00033937 0.00034938 0.0042575 0.0019505 0.0042575 0.00021361 0.00021361 0.00021361 0.00021361 0 0 0 0
-5.6605e-05 -5.8605e-05 0.0016069 0.0014798 -0.013258 0.014855 0.048355 0.019528 0.06369 0.0025499 0.06369 0.006616 1.2181e-05 1.3257e-06 1.883e-05 2.2201e-06 -0.0038929 0.00047323 0.0069884 0.0038496 -0.076876 -0.046865 0.26093 0.08799 0.4557 -0.031827 0.45688 0.067175 -0.00063498 -0.0003625 0.0021948 0.00048986 5.4769e-05 -0.00033776 0.0033496 0.0017422 -0.080961 0.015419 0.20863 0.031496 0.45305 0.034981 0.45509 0.095531 5.4831e-05 0.00047574 0.0010859 0.00060926 1.527e-05 3.5813e-05 0.00065464 0.00026147 -0.0075004 -0.00063175 0.029273 0.0031484 0.061672 0.0097849 0.061672 0.010359 2.1157e-05 2.1157e-05 2.1157e-05 2.1157e-05
1.9683e-05 -0.00023897 9.2777e-05 0.00023897 -0.013119 -0.068932 0.033076 0.069017 0.020936 -0.036451 0.020936 0.036499 0 0 0 0 -0.013076 -0.046905 0.015703 0.053625 -0.097114 -0.069542 0.36445 0.18911 0.40267 -0.046019 0.4046 0.20192 0.00036193 -0.00023596 0.00036193 0.00039802 -0.0035827 0.0038659 0.013422 0.011954 -0.053629 -0.025619 0.17248 0.092791 0.43126 0.044995 0.43383 0.047878 0.00032665 -0.00014578 0.00059754 0.00042366 0.00010278 -9.0643e-05 0.00029114 0.00044239 -0.00024645 0.00095839 0.0013168 0.0031131 0.041545 -0.044997 0.042332 0.04756 0.0018319 -0.0032254 0.0018509 0.0032415
-0.002117 -0.00094361 0.0069777 0.0017283 -0.0061469 0.0013298 0.011656 0.006037 0.058037 -0.0036026 0.077161 0.0081072 6.7984e-05 1.9887e-05 6.7984e-05 1.9887e-05 -0.012364 0.0026625 0.043815 0.0080638 -0.020615 -0.0047239 0.091443 0.095921 0.38493 -0.020151 0.52209 0.075252 0.00093017 -0.00043607 0.00093017 0.00043607 -0.0076619 -0.0030251 0.048119 0.011337 -0.10663 -0.0037372 0.11041 0.016051 0.46875 0.027326 0.52736 0.085279 0.0010306 0.00033243 0.0010735 0.00060096 -0.00084709 -0.00057137 0.0060109 0.0014457 -0.016163 0.0021009 0.021752 0.0064032 0.071394 0.0065823 0.071584 0.0086189 -2.513e-05 3.0111e-06 8.0864e-05 3.0111e-06
-0.00075747 -2.6592e-05 0.0011346 0.00023874 -0.018651 -0.0027337 0.030683 0.010701 0.069028 0.0037401 0.069108 0.0052155 7.596e-05 3.3228e-05 7.596e-05 3.3228e-05 -0.0076401 -0.0063493 0.024572 0.026545 -0.12813 0.0021117 0.12813 0.019645 0.47181 0.0034381 0.47181 0.035021 8.1574e-05 0.00011999 0.00063294 0.00011999 0.0015523 0.0052972 0.0091151 0.0083771 -0.11419 0.011421 0.23765 0.1553 0.44758 -0.0064471 0.44758 0.051911 8.4914e-05 -0.00029998 0.00070541 0.00040788 -0.0003523 1.1352e-05 0.0012188 0.0002543 -0.017946 0.003119 0.02279 0.010429 0.06915 -0.0010809 0.069162 0.0064255 -3.6441e-05 -7.4015e-06 0.00026766 1.9336e-05
0.0033281 -0.0018037 0.0053253 0.0087424 -0.020649 -0.0046309 0.020952 0.011736 0.066866 0.0027563 0.066899 0.004107 8.6421e-05 -2.6271e-06 0.00012254 2.1046e-05 -0.0022478 0.0011811 0.010171 0.0040507 -0.11819 -0.021129 0.19974 0.14184 0.47102 -0.0023444 0.47396 0.069257 0.001227 -0.00023235 0.001227 0.00023235 -0.0052118 0.00014148 0.0072125 0.0015943 -0.081726 0.0071669 0.18234 0.051859 0.44986 0.011217 0.45235 0.075768 0.00093969 9.4813e-05 0.0010687 0.00017736 -0.0006729 0.0001574 0.0016092 0.00067467 -0.010538 0.0015355 0.013496 0.0037587 0.063241 0.0056988 0.063334 0.0075031 1.7776e-05 7.9183e-05 7.7834e-05 0.00010038
-0.00069985 0.00014945 0.0011215 0.00054496 0.00088645 -0.00087848 0.003792 0.005405 0.054948 0.016349 0.056161 0.017643 0.00061221 0.0011354 0.00065102 0.0012454 0.020289 -0.002185 0.037216 0.046253 -0.11398 -0.01641 0.15949 0.11392 0.40833 0.018927 0.42657 0.055295 0.00053719 0.00012404 0.00053719 0.00022166 0.005815 -0.0065938 0.029863 0.026754 0.12235 0.068255 0.18256 0.32564 0.23918 -0.016194 0.58888 0.099964 0.00060821 -0.0001585 0.00060821 0.00046749 0.0070203 0.0001895 0.0098975 0.00042064 0.0097746 0.0092754 0.061975 0.011952 0.028048 -0.0031682 0.072512 0.012988 8.7428e-05 7.5278e-06 0.00013014 8.3046e-05
-0.00062676 -5.0574e-06 0.00077342 0.00021763 0.0061233 0.0040471 0.041438 0.010967 0.047491 -0.0010214 0.059655 0.0073478 4.5421e-05 1.9135e-05 4.5421e-05 1.9135e-05 -0.0027063 0.0019205 0.0057692 0.0040615 -0.08789 -0.010689 0.34953 0.11308 0.41592 -0.016764 0.41592 0.063992 4.6978e-05 -0.00020998 4.6978e-05 0.00020998 0.034829 0.011256 0.041646 0.016111 -0.18382 -0.026438 0.25192 0.08221 0.43438 -0.010308 0.43487 0.065845 0.0011662 -0.00053905 0.0011662 0.00053905 0.0012294 0.00081571 0.004911 0.0013667 -0.022246 -0.0002396 0.022957 0.0050334 0.061214 -0.0063838 0.061214 0.011745 0.00016692 6.7452e-05 0.00017308 0.00012699
-0.00085871 -2.8218e-06 0.0010543 0.00041352 0.00096969 0.0010535 0.0043185 0.0040176 0.052695 0.027817 0.058695 0.028487 0.0012376 0.0023212 0.0013054 0.0023212 0.023807 0.018407 0.036322 0.041176 -0.12556 0.033213 0.17139 0.081385 0.42668 0.016008 0.43552 0.053633 0.00072856 0.00013296 0.00072856 0.00020521 0.0016625 -0.02369 0.032336 0.045704 0.087554 0.014863 0.16206 0.34613 0.29034 -0.012241 0.54832 0.089229 0.00073308 -8.4471e-05 0.00073308 0.00038699 0.0070026 0.00015576 0.010592 0.00082662 0.0071275 0.013281 0.059519 0.018358 0.034676 -0.0040691 0.064633 0.0098824 0.00011452 -4.0916e-05 0.00011452 0.00010556
-0.0012373 7.2122e-05 0.0047971 0.0025221 -0.008458 0.027448 0.038072 0.03262 0.053627 -0.037749 0.057695 0.043839 0.0013197 -0.0010922 0.0013297 0.0012253 -0.028625 -0.005801 0.042773 0.013452 0.017679 -0.091248 0.38108 0.168 0.17667 -0.037931 0.53557 0.32886 0.050189 0.0043643 0.050189 0.017253 -0.021072 0.012302 0.038301 0.024196 -0.059277 0.042028 0.13729 0.079704 0.35458 0.10307 0.37853 0.22306 0.0083891 0.0030695 0.0086387 0.0048008 -0.0015758 -0.001107 0.013832 0.011404 -0.011822 0.011783 0.018334 0.016401 0.047449 -0.010913 0.050926 0.016221 0.0010296 -0.00017941 0.0010296 0.00040971
-0.00011172 -0.0028949 0.003147 0.0033059 -0.0061319 -0.022871 0.010867 0.023291 0.0056183 0.00073703 0.012502 0.013282 0.013799 0.0022528 0.013801 0.0022528 0.035326 0.0098059 0.04401 0.015055 -0.041272 -0.028512 0.089846 0.33378 0.102 0.015694 0.31736 0.32077 0.046556 0.0093309 0.046565 0.0093913 0.02174 0.0042333 0.055443 0.0083428 -0.10782 0.065176 0.26881 0.1245 0.23792 0.050293 0.68342 0.084886 0.0059466 0.0014424 0.0059466 0.0020405 -0.0047411 0.0001668 0.016064 0.0010093 -0.0099576 -0.0016354 0.035343 0.0083315 0.034151 -0.0071282 0.09819 0.019429 0.0039641 -0.0015125 0.0039641 0.0016011
-0.00095486 0.0001687 0.0097558 0.0011708 -0.011037 0.00089102 0.013788 0.0038628 0.06261 0.0068473 0.08411 0.012553 6.0405e-05 1.3988e-05 0.00026189 6.3729e-05 -0.0077356 -0.002866 0.053338 0.0077828 -0.062863 0.026767 0.089383 0.041182 0.42281 -0.014092 0.53305 0.067182 0.00038984 0.00037773 0.00065359 0.000636 -0.012185 0.00074605 0.04278 0.0073632 -0.017109 -0.0096461 0.16645 0.19031 0.37508 0.020168 0.52309 0.11412 0.00028461 8.9153e-05 0.00028461 8.9153e-05 -0.001698 0.00011794 0.0055831 0.0024221 -0.0083268 -0.00021016 0.010531 0.0031049 0.062049 -0.0037848 0.072205 0.0067411 0 0 0 0
-0.0005729 -3.1054e-05 0.0012136 0.00038853 -0.018175 -0.0013054 0.018196 0.0027071 0.062801 0.0036894 0.064142 0.006248 0.00026612 0.00019144 0.00031045 0.00022628 0.0044317 0.0077518 0.017435 0.014445 -0.11766 0.0068785 0.12422 0.026346 0.42011 0.023356 0.45363 0.053713 0.0016455 3.1713e-05 0.001744 0.00078385 0.0060252 -0.0099263 0.016702 0.014295 -0.052359 0.024944 0.28836 0.28132 0.33622 -0.012988 0.52215 0.12052 0.0011759 0.00017339 0.0011875 0.00017339 -0.00019242 -1.2802e-05 0.0011214 0.00056523 -0.015342 0.00036556 0.016529 0.0015132 0.060993 -0.0076712 0.062117 0.0098217 2.3008e-05 2.3008e-05 2.3008e-05 2.3008e-05
0.0017507 0.00044344 0.013536 0.0020969 -0.021888 0.0054931 0.081161 0.010117 0.018319 0.0021202 0.050832 0.01308 -0.00095528 0.00019814 0.0026188 0.0010323 -0.024206 0.025876 0.090403 0.036678 -0.11322 -0.085116 0.36241 0.30448 0.12632 -0.03149 0.32657 0.11918 -0.00046393 0.0022084 0.015674 0.019933 -0.033471 -0.029916 0.039014 0.039731 0.14532 0.18149 0.26165 0.39242 -0.078245 0.05823 0.51288 0.1734 -0.0014157 -0.00099709 0.0095404 0.0052473 -0.006789 0.00080559 0.0068493 0.0013466 0.00715 -0.060696 0.0254 0.062336 0.0053772 -0.017646 0.050588 0.023282 0.00089197 -5.6104e-05 0.0013035 0.00046656
-0.0010721 -0.00021882 0.0070615 0.00049461 -0.0057491 0.008719 0.012355 0.011011 0.051563 0.001972 0.075739 0.0049203 7.569e-05 2.502e-05 0.00010852 5.0058e-05 -0.0085991 0.0004635 0.02852 0.0063273 -0.037013 -0.052198 0.13818 0.13236 0.38227 0.02816 0.46986 0.072949 0.00012151 5.0942e-05 0.00012151 5.0942e-05 -0.004139 -0.0041814 0.024126 0.015658 -0.13198 -0.0075535 0.141 0.014225 0.51093 -0.00042438 0.51093 0.05704 0 0 0 0 0.0015494 -0.0011862 0.0031435 0.0014071 -0.019242 -0.0011201 0.021716 0.0038605 0.076538 0.0084389 0.076538 0.0084927 0 0 0 0
-0.00028826 -0.00023763 0.00083567 0.00063245 -0.0081926 -0.027874 0.036748 0.040782 0.047133 0.014606 0.056333 0.021578 0.00095583 0.00064292 0.00095583 0.00064292 0.015375 0.020462 0.035535 0.036326 -0.085594 0.07085 0.090692 0.10127 0.39035 -0.017436 0.40781 0.032818 0.0025324 -0.0010048 0.0025324 0.0011576 0.012543 -0.027403 0.019843 0.03104 -0.013703 0.018402 0.33575 0.42951 0.24719 0.065767 0.463 0.21819 0.012211 -0.011262 0.012211 0.014403 -0.0008258 0.0025132 0.001373 0.0030569 0.0051495 0.0012662 0.010495 0.012906 0.004096 -0.041767 0.044609 0.056997 0.01647 0.0014853 0.016473 0.0037002
-0.0019456 -0.00082987 0.013261 0.0036102 -0.01575 0.0025002 0.061592 0.01738 0.017462 0.0030248 0.050804 0.015556 0.0060556 -0.0029798 0.013259 0.003637 0.018328 0.0040136 0.070861 0.012045 -0.13454 0.0056574 0.5458 0.062253 0.13194 0.011496 0.42945 0.064394 0.00034663 -0.0014065 0.049939 0.012869 0.023629 -6.259e-05 0.067028 0.0089938 -0.15338 -0.010657 0.4301 0.10459 0.13502 0.022667 0.44506 0.084135 -0.0035466 0.0014268 0.023784 0.011465 0.00060873 0.00026607 0.0091629 0.0016706 -0.015831 0.0047713 0.062996 0.0080733 0.023167 -0.00033853 0.057713 0.014781 -0.0047437 0.0014417 0.0073965 0.0050459
0.0010298 -1.6082e-05 0.013879 0.0015735 -0.01792 -0.0019725 0.055724 0.011939 0.019469 -0.0029561 0.046082 0.0072676 -1.796e-05 0.0028686 0.0051707 0.0034762 0.024838 0.0031414 0.085036 0.010535 -0.15143 0.017449 0.57653 0.067115 0.12281 0.0020386 0.42942 0.094315 -0.00097951 -0.0049892 0.021836 0.0096821 0.012881 0.0046019 0.068685 0.028286 -0.1271 -0.055542 0.35902 0.12598 0.12956 0.039914 0.46355 0.083379 -0.0081407 0.00017201 0.010906 0.0042316 0.00038135 -0.0087827 0.0032776 0.010777 -0.0050558 0.00043408 0.022005 0.031852 0.017301 -0.0051465 0.064021 0.015971 -0.001539 0.00034134 0.0033919 0.0013932
-0.00048678 0.002879 0.00094549 0.0029946 -0.0087518 -0.0062269 0.017303 0.018389 0.0080017 -0.0019083 0.01348 0.015687 -4.6259e-05 0.00037451 0.0002062 0.00064311 -0.00091419 0.027376 0.0099112 0.068 -0.049742 0.036742 0.12058 0.41001 0.079578 0.078419 0.16297 0.45783 0.00064563 -0.012872 0.013739 0.054409 0.0025972 -0.02033 0.0129 0.071436 -0.15997 -0.041569 0.43972 0.19992 0.22168 -0.14601 0.39734 0.21507 -0.025502 -0.0031361 0.026782 0.007583 5.6356e-05 0.00051454 0.001915 0.019736 -0.016732 0.036023 0.033454 0.069903 -0.0083635 0.044596 0.01498 0.046746 -0.00072219 0.00292 0.0015878 0.0038382
0.00028096 4.4351e-05 0.0069057 0.0023097 0.023092 0.014402 0.048558 0.028152 0.033282 0.018845 0.03357 0.018977 -6.0187e-07 1.8544e-06 1.0079e-06 1.8544e-06 -0.005211 0.00037035 0.025919 0.01449 0.40101 0.035944 0.5588 0.14599 0.0070507 0.0021467 0.0070507 0.0021467 0 0 0 0 7.4008e-05 -0.0048041 0.038166 0.0097784 0.3972 -0.088458 0.5263 0.18833 0.037516 -0.015504 0.037516 0.01709 0 0 0 0 0.00010977 0.0076149 0.003157 0.010332 0.038221 0.059405 0.064456 0.0626 0.0084932 0.00524 0.0084932 0.0055205 0 0 0 0
-0.0062512 0.0033721 0.012202 0.0040729 -0.00027898 0.00061124 0.0025577 0.0024332 0.029814 0.0082443 0.045061 0.02608 0.0034266 0.0023144 0.0034378 0.0023822 0.012082 -0.0089899 0.092817 0.031656 -0.090579 0.014118 0.11032 0.034721 0.37232 -0.013585 0.44514 0.13135 0.0019391 0.0005933 0.0019439 0.00086191 0.071147 -0.019596 0.074536 0.022263 -0.22154 0.023732 0.30895 0.1228 0.42395 0.014437 0.46465 0.16769 0.00089 9.3304e-05 0.00096628 0.0004442 -0.0010793 -0.00040004 0.0014447 0.0012941 0.012646 -0.0039891 0.034584 0.043453 0.047961 0.051176 0.047961 0.064145 0.00034517 2.5335e-05 0.00034517 7.2864e-05
0.00096122 -0.00043251 0.0072216 0.0024622 0.0077112 0.0092162 0.030407 0.021775 0.048575 0.025327 0.050105 0.025566 1.5073e-06 5.5996e-06 6.0167e-06 5.5996e-06 -0.0026275 0.00016808 0.025811 0.013113 0.39309 0.0010204 0.61076 0.13115 0.036637 0.014132 0.036637 0.01783 0 0 0 0 -0.00079451 0.00037908 0.022977 0.013943 0.32721 -0.015795 0.455 0.27715 0.12814 -0.031073 0.12814 0.050912 0 0 0 0 0.0075359 0.0083012 0.007539 0.010301 0.0051847 0.085128 0.010276 0.085128 0.008577 0.0073552 0.008577 0.0073552 0 0 0 0
0.0020795 -0.013543 0.0035281 0.013553 0.0062705 -0.011196 0.0063699 0.011196 0.00058406 0.00020553 0.00066891 0.00044821 0 0 0 0 -0.0042518 -0.010439 0.030543 0.041932 0.40634 0.010541 0.42795 0.38158 0.0060371 -0.00063191 0.0060371 0.0040042 0 0 0 0 -0.0098908 -0.0035817 0.014677 0.0094249 0.45755 -0.095808 0.47536 0.22303 0.013453 -0.0046676 0.013875 0.0065471 3.5869e-05 -0.00016691 0.00022045 0.00028597 0.00019717 -3.0377e-05 0.00036946 0.0004362 0.058465 0.010295 0.060353 0.011879 0.001582 0.00059146 0.0016277 0.00089705 6.7121e-05 2.515e-05 6.7121e-05 2.515e-05
-0.0012507 0.00015526 0.0023462 0.00039925 -0.0016768 0.00065373 0.0032715 0.0010951 0.032304 0.064531 0.037314 0.070716 0.0041 0.0064088 0.0041647 0.0065203 0.012708 0.019164 0.041174 0.021111 -0.077011 0.10596 0.12207 0.11712 0.4618 -0.014739 0.46325 0.049935 3.9532e-06 0.0004524 0.00018286 0.00056874 0.011635 -0.01469 0.052924 0.024524 -0.020561 -0.049521 0.18456 0.30814 0.37014 0.0099709 0.46547 0.10544 0.00028512 -0.00010621 0.00028512 0.00010621 -0.0032084 0.00017672 0.0047066 0.00044786 0.00014001 0.0092769 0.045059 0.01347 0.053305 -0.0065054 0.058564 0.0085852 0.00014687 -3.0919e-05 0.00014687 4.4938e-05
-0.0019281 0.00057062 0.0041953 0.00088141 -0.0014906 0.00042907 0.0022027 0.00085979 0.012899 0.025493 0.023821 0.03978 0.0076794 0.010587 0.0078926 0.011533 -0.013671 0.006157 0.033585 0.010684 -0.035659 0.13663 0.10181 0.15428 0.45668 0.056108 0.45668 0.1415 0.00049579 0.00081436 0.00049579 0.00081436 0.00088466 -0.00025852 0.061419 0.012689 -0.079676 -0.078439 0.22309 0.26078 0.41471 0.015021 0.41525 0.064748 0.00020067 -9.2268e-05 0.00020067 0.00020067 -0.0046159 0.00073443 0.0071584 0.0012589 -0.0090775 0.0099754 0.056104 0.013966 0.061776 -0.0068519 0.1007 0.01118 0.00015063 -3.1709e-05 0.00015063 4.6086e-05
-0.0015013 -0.00082099 0.010803 0.0024462 -0.014634 0.0008944 0.047063 0.013054 0.019147 0.0010486 0.043613 0.0063306 0.0010085 -0.00026289 0.0095008 0.0031222 0.019921 0.0015446 0.088454 0.010709 -0.14417 -0.0037087 0.52003 0.053251 0.13197 0.01353 0.43667 0.059691 -0.0047938 2.1873e-05 0.028741 0.0083041 0.027331 -0.00076039 0.072192 0.008808 -0.14351 -0.010971 0.38328 0.11878 0.13523 0.010886 0.50921 0.084394 -0.01351 0.0038025 0.020953 0.011825 -0.00016862 0.001373 0.0079582 0.0017479 -0.015432 0.003042 0.055408 0.0087163 0.017521 0.0056809 0.048773 0.011505 -0.0011928 -0.0003728 0.0041436 0.0023006
-0.00098043 3.848e-05 0.005694 0.0023312 0.033769 0.019161 0.046547 0.034637 0.031407 0.020658 0.031592 0.020658 0.00016268 0.00061245 0.00016268 0.00061245 0.0019735 -0.00044428 0.029013 0.010118 0.40385 0.061887 0.48859 0.13328 0.0036462 0.0015284 0.0036462 0.0015284 0 0 0 0 -0.00025218 0.0016888 0.02238 0.016135 0.43221 -0.036904 0.5458 0.27419 0.0074411 -0.0016213 0.0074411 0.0026694 0 0 0 0 0.0091654 0.0079208 0.0091829 0.0097127 0.0098849 0.050849 0.01162 0.050849 0.0004737 0.00021682 0.0004737 0.00021682 0 0 0 0
0.00037141 -0.00016718 0.0013116 0.00099494 -0.00092643 -0.0011538 0.0060754 0.0040192 0.023654 -3.9487e-05 0.086901 0.017021 -0.00038839 -0.00025264 0.0009648 0.00044207 0.003125 -0.002114 0.007715 0.0028583 -0.0010185 -0.0071382 0.027643 0.019301 0.15989 -0.02036 0.61157 0.12121 0.0084502 -0.0057798 0.03605 0.033752 0.0026459 0.01889 0.0079443 0.06736 0.002072 0.11807 0.045979 0.44422 0.041028 0.0097158 0.54364 0.23697 -0.0026935 -0.0012942 0.0059627 0.0015696 -0.0012449 0.002644 0.0023973 0.003264 -0.0024501 0.00080346 0.0061196 0.0077347 0.011051 -0.0062878 0.026622 0.012449 -0.00016924 -0.00024807 0.0018558 0.00099429
0.00094916 -0.0061551 0.004818 0.0073754 -0.0096186 -0.013718 0.015343 0.017099 0.05062 -0.0016716 0.05064 0.01755 0.00016947 -2.1072e-05 0.00017024 4.8097e-05 0.019034 0.0083566 0.032972 0.015182 0.087521 0.019284 0.21378 0.29812 0.20945 0.032237 0.48642 0.06286 0.00054658 -0.00017848 0.00054658 0.0004609 0.023024 0.00082621 0.032855 0.0084101 0.13478 0.018679 0.40247 0.082038 0.12634 -0.050597 0.58024 0.10338 0.00047201 0.00011679 0.00077658 0.00042379 0.00079417 -0.00068904 0.003951 0.0010259 0.019537 -0.0012474 0.044697 0.0062926 0.0079047 -0.010235 0.07927 0.011342 0.00012739 -9.5661e-05 0.00012739 9.6435e-05
0.0006378 0.0045759 0.0020145 0.0064454 0.0010484 -0.016339 0.021184 0.087661 0.016997 -0.040327 0.057106 0.076703 0.012895 -0.0068219 0.012895 0.0068219 0.013878 0.00042352 0.029263 0.014114 -0.092804 0.0021263 0.11964 0.06622 0.325 0.17659 0.35672 0.28979 0.029701 0.022313 0.029701 0.022313 -0.016656 0.00029528 0.041485 0.015744 -0.013287 0.079337 0.32014 0.25466 0.32724 -0.06884 0.51797 0.19573 0.00049883 -0.00028856 0.00049883 0.00028856 -0.0086367 0.0043218 0.0096175 0.0052686 -0.0022782 0.00524 0.047992 0.014945 0.029526 -0.010402 0.042684 0.023707 0.0042798 -0.0030976 0.0042804 0.0030976
-0.0014603 -0.0018782 0.0054004 0.0044654 -0.011441 0.0039404 0.025983 0.0075619 0.066244 0.0067501 0.066244 0.0068328 0.00010356 9.3879e-06 0.00011374 1.4952e-05 -0.0026482 0.0006865 0.0087056 0.0034771 -0.083908 -0.055464 0.29162 0.24252 0.44539 0.0053192 0.44968 0.056262 3.4604e-05 3.4604e-05 3.4604e-05 3.4604e-05 0.001593 -0.00094576 0.0028769 0.0025174 0.0017312 -0.014205 0.30739 0.020759 0.40274 0.015987 0.40274 0.053169 0 0 0 0 0.00014838 -0.00011129 0.00082263 0.0005917 -0.0053409 0.00019716 0.037083 0.0032837 0.064194 0.0059343 0.064194 0.0059343 0 0 0 0
0.0056037 -0.00029432 0.006815 0.0032301 -0.0079078 0.0084084 0.027638 0.02607 0.060745 -0.028614 0.060745 0.030846 7.3341e-05 -7.0295e-05 7.3341e-05 7.3341e-05 0.028711 -0.0022365 0.04178 0.019732 0.057307 -0.09528 0.32972 0.27117 0.32959 0.017913 0.50432 0.089727 0.0016227 0.00010356 0.0016227 0.00063476 0.0016659 0.00067979 0.0063962 0.0049049 0.041063 0.054681 0.18299 0.1902 0.38409 -0.0055992 0.42672 0.094669 0.0014329 -0.00021491 0.0016518 0.0012999 -0.0029527 0.0036368 0.0058404 0.0068487 -0.0021328 0.0023346 0.0053616 0.0045993 0.056174 -0.013994 0.059312 0.014512 0.00017506 -0.00016393 0.00017506 0.0001685
-0.00385 -0.0032909 0.0050372 0.0051155 0.0035089 -0.012174 0.024335 0.017354 0.056304 -0.001405 0.056304 0.012382 0 0 0 0 -0.01 -0.0072587 0.015495 0.016872 -0.01952 -0.013844 0.17589 0.1522 0.42922 -0.07309 0.42922 0.1084 0 0 0 0 0.0027016 0.0132 0.025953 0.027243 -0.041952 0.13922 0.14637 0.2719 0.44533 0.069703 0.44533 0.16803 0 0 0 0 0.0051996 0.006901 0.0052668 0.006901 -0.012633 0.032175 0.013025 0.032175 0.013745 0.019007 0.013745 0.019007 0 0 0 0
0.0035059 3.5464e-05 0.010923 0.0024093 -0.020778 0.0027967 0.075204 0.011391 0.018003 0.0040767 0.058799 0.010976 0.0018719 -0.0009419 0.0069606 0.0049237 0.028747 0.0024265 0.096497 0.016966 -0.16551 -0.024593 0.53575 0.10071 0.13389 0.025225 0.38799 0.083882 -0.0064914 -5.4387e-05 0.0085461 0.0034627 -0.0039157 -0.0053123 0.041003 0.046707 -0.087448 -0.057765 0.25686 0.23102 0.14479 -0.0071127 0.54823 0.1118 -0.014396 0.0015812 0.016152 0.0086356 0.00056431 -0.00035366 0.0024168 0.0028166 -0.0080014 0.040237 0.031746 0.044388 0.017112 0.0066348 0.060111 0.017248 -0.00058531 0.00021242 0.001998 0.0012189
0.00029352 -5.3208e-05 0.0022145 0.0022787 0.0011103 -0.003238 0.060597 0.022505 0.024738 -0.016808 0.053175 0.028573 0.00063262 0.00013015 0.00063558 0.00025841 -0.019533 -0.0072608 0.031858 0.015996 -0.077429 -0.0080747 0.50059 0.1403 0.28917 0.012553 0.42819 0.13249 0.0020216 0.0004279 0.0020216 0.00068479 0.01841 0.0064343 0.038741 0.017081 -0.17049 -0.067357 0.34015 0.12594 0.32156 -0.073979 0.36626 0.12241 0.00097648 -0.00097354 0.0015829 0.0017806 0.0012106 -0.00023924 0.011425 0.0025423 -0.016154 -0.0011744 0.022513 0.013935 0.027927 -0.0063242 0.032505 0.012664 0.0033642 -0.0022163 0.0046291 0.0022486
-0.0029568 -0.00016471 0.0061327 0.00081654 -0.0074594 0.0033937 0.037927 0.0042149 0.062202 -0.0078678 0.082566 0.014329 0 0 0 0 -0.0020766 0.0029749 0.054848 0.0065488 -0.0473 -0.0039503 0.17055 0.042958 0.41002 0.012756 0.50278 0.10041 0.00044652 -7.3957e-05 0.00044652 7.3957e-05 0.010189 -0.0039522 0.04724 0.012525 -0.052188 0.0017558 0.11554 0.029987 0.40485 -0.0016918 0.5695 0.033307 0.0010597 -2.3457e-05 0.0010597 0.00017137 0.0023352 0.0025203 0.0071768 0.004778 -0.00048511 0.0047083 0.017469 0.014733 0.050209 0.0037049 0.088871 0.013167 0.00015501 -2.7717e-05 0.00015501 3.898e-05
0.00089444 -0.0037103 0.0019022 0.0084547 0.0059498 -0.049205 0.027213 0.088926 0.0033174 0.014247 0.02196 0.043305 -0.00060103 0.0033474 0.0016369 0.0078774 -0.0033997 -0.0017154 0.01443 0.073247 -0.12831 0.075329 0.26295 0.25705 0.18082 0.0066983 0.31683 0.27874 -0.016579 0.024069 0.025701 0.068053 -0.016879 -0.0019634 0.022884 0.028242 -0.16027 -0.014446 0.51132 0.095816 0.34389 -0.064557 0.35599 0.2079 -0.046039 -0.025226 0.058056 0.046905 -0.0019134 0.0078423 0.0037534 0.022132 -0.022975 0.010021 0.060851 0.046983 0.00142 0.0019136 0.011957 0.012308 -0.00022416 -0.00014771 0.00097087 0.00094984
6.2838e-05 0.00025698 0.00071562 0.0005142 0.034607 0.0014923 0.038496 0.0079633 0.024775 -0.016313 0.098242 0.017562 0.00084642 -2.5637e-05 0.00084642 6.9129e-05 -0.035221 0.011239 0.092275 0.061825 0.29846 0.071636 0.40415 0.090944 -0.1002 -0.046057 0.61116 0.11547 0.059333 -0.014842 0.059333 0.014842 -0.038515 -0.0074763 0.098162 0.021602 0.099842 0.0061547 0.38555 0.1246 -0.091981 -0.030658 0.25654 0.06344 0.12232 -0.021204 0.12232 0.021269 -0.0041274 0.00013392 0.0078694 0.001048 0.0056493 0.0030932 0.051539 0.013206 -0.015608 0.0020716 0.027126 0.0054109 0.016025 -0.0038121 0.016025 0.0038179
-2.4586e-05 0.00031937 0.00045693 0.00068467 -0.00065341 -0.00036759 0.010368 0.011038 0.067079 0.026638 0.067704 0.031871 0.00059432 0.0013615 0.00061656 0.0013615 -0.03565 0.02504 0.042102 0.028599 0.0076006 0.0022508 0.033489 0.018907 0.49221 -0.017024 0.49363 0.11451 0.001392 0.00018051 0.0014304 0.00054458 -0.033441 -0.027549 0.037132 0.032848 0.032871 0.048583 0.10596 0.083077 0.46435 0.0010623 0.46435 0.066926 0.0011083 -0.00011322 0.0011083 0.00019001 0.0023533 0.0042859 0.0034086 0.0093221 -0.022796 0.014824 0.079896 0.061577 0.073739 -0.001085 0.073739 0.0067704 7.4803e-05 9.0923e-07 7.4803e-05 7.5576e-05
-0.00052578 2.3838e-05 0.0010848 0.00033529 -0.0011113 0.00054146 0.0033489 0.0018272 0.023935 0.054767 0.028668 0.056069 0.0051267 0.0099809 0.005205 0.0099892 0.0011195 0.033611 0.012474 0.040887 -0.022914 0.050282 0.06056 0.074249 0.4725 0.0038794 0.49043 0.086415 0.0010391 0.00071785 0.0011202 0.00092547 0.022382 -0.019892 0.036821 0.047207 -0.12199 -0.00052635 0.19721 0.13829 0.43867 0.016949 0.46339 0.09202 0.0013626 -5.1012e-05 0.0013626 0.00013096 0.0028031 0.0031972 0.0063892 0.0046718 0.0057152 0.007592 0.02361 0.069183 0.044871 -0.0083052 0.068623 0.011432 8.1315e-05 -1.2818e-05 8.1315e-05 9.2452e-05
-0.0083734 -0.0041413 0.011984 0.0070902 0.014827 0.058869 0.025732 0.096119 0.00064617 0.04166 0.065465 0.055345 0.00081649 1.9228e-05 0.0028912 0.0020322 -0.042042 0.002445 0.044653 0.010955 0.19523 -0.24308 0.30948 0.36369 -0.10117 -0.1469 0.59439 0.23759 0.01062 -0.00042854 0.014478 0.0067749 -0.016778 -0.015229 0.022155 0.017571 0.019223 -0.007469 0.030317 0.022038 0.12088 0.0098608 0.4215 0.078303 0.015475 0.0014228 0.018679 0.0076317 -1.6399e-05 7.5053e-05 0.00096275 0.00089463 0.0016291 -0.00071433 0.003947 0.0025379 0.01797 -0.00055443 0.056906 0.0069644 0.0024624 -0.0026527 0.0044683 0.00392
0.0039686 0.0030189 0.010479 0.0041462 -0.0052118 -0.0042605 0.019207 0.010358 0.051154 -0.0028419 0.081475 0.0079869 0.0001552 -1.3246e-05 0.0001552 1.3246e-05 0.057793 -0.0071305 0.072164 0.014538 -0.10487 0.003157 0.13549 0.030618 0.40174 0.0034286 0.55138 0.042297 0.00092016 0.00018289 0.00092016 0.00028792 0.060033 0.00051615 0.061097 0.003478 -0.069882 0.0062684 0.17526 0.097894 0.37376 0.0075827 0.52807 0.053655 0 0 0 0 0.0043094 0.0013418 0.0048991 0.006046 -0.010777 -0.0023175 0.017901 0.0040097 0.058747 0.00043482 0.074864 0.0038785 0 0 0 0
-0.0011524 0.0002556 0.009714 0.0026176 -0.017904 -0.0008779 0.058726 0.015362 0.02156 0.00066095 0.057622 0.0087834 -0.00017243 -0.00025768 0.0062346 0.0016123 0.0068657 -0.00018074 0.10045 0.010996 -0.14317 -0.021983 0.54556 0.08547 0.1486 0.010487 0.51274 0.10524 -0.0057873 0.00014446 0.021795 0.010243 0.019455 0.003101 0.069685 0.011245 -0.13912 -0.0021793 0.35212 0.064862 0.15775 0.026625 0.39535 0.098574 -0.021155 0.0036449 0.045363 0.037972 0.00097051 0.00044987 0.009662 0.0044751 -0.020926 -0.0016295 0.068167 0.010505 0.019205 -0.0016828 0.067923 0.01427 -0.00010917 0.00014134 0.0040295 0.00055268
0.0017735 0.00026191 0.0029376 0.00086232 0.0033935 -0.005235 0.030556 0.022216 -0.022769 0.01908 0.03323 0.026785 0.00073746 0.0004732 0.0010495 0.0018316 0.012003 0.0011082 0.022783 0.0044408 -0.036978 0.0052534 0.087318 0.071184 0.15035 0.075184 0.40601 0.40368 0.01508 0.0017266 0.028813 0.21466 0.013389 -0.00055949 0.026938 0.0035939 -0.047638 0.025644 0.066881 0.048053 0.11116 0.028696 0.69964 0.22522 -0.00065998 -0.022597 0.020084 0.028376 0.0036058 0.0089154 0.0079266 0.014843 -0.011902 0.0051898 0.042467 0.019461 0.010799 0.0030468 0.092333 0.02669 0.00021158 -9.5834e-05 0.0016257 0.00051724
-0.0069872 -0.0023673 0.0078219 0.0027869 -0.0037111 0.00049149 0.0075877 0.0048584 0.034772 -0.0054046 0.078818 0.014828 0.014243 -0.0032806 0.014243 0.0032806 -0.019602 -0.00089004 0.065847 0.046607 -0.106 0.026797 0.46028 0.23277 0.091988 0.015541 0.53436 0.12586 0.12315 -0.039427 0.12315 0.039427 0.019908 -0.00017967 0.085631 0.015868 -0.13603 0.021815 0.34644 0.086588 0.11599 0.040269 0.41176 0.076924 0.041284 -0.012776 0.086021 0.018543 0.0034223 -0.0001112 0.0095777 0.0013322 -0.023506 -0.0019728 0.052382 0.010037 0.020031 0.004114 0.06719 0.012119 0.0006061 -4.1951e-06 0.006903 0.0026604
-3.7896e-05 0.00010752 0.00038745 0.0010907 0.00073849 -0.0040169 0.011487 0.010639 0.064868 0.013209 0.0706 0.018904 0.0003747 0.00025888 0.00052183 0.00042205 -0.009181 0.0037904 0.012901 0.0073453 0.0129 0.004007 0.036871 0.015477 0.46474 -0.0014991 0.52015 0.065372 0.0019126 0.00041714 0.0020017 0.0010038 -0.01109 -0.0025389 0.018518 0.0077375 0.0077928 0.023294 0.094188 0.07016 0.46824 0.029645 0.49403 0.068996 0.00052238 0.00016291 0.00081086 0.00065848 0.00086616 0.00041782 0.001198 0.0065153 -0.0045655 0.010746 0.029796 0.036897 0.069331 -0.01462 0.069331 0.030806 0.00012998 -1.7412e-06 0.00013307 5.3502e-05
4.1534e-05 -0.00046256 0.00037846 0.00094062 0.018566 0.0034007 0.026888 0.014631 0.040961 -0.0015452 0.068454 0.011024 0 0 0 0 -0.018453 0.0038075 0.036834 0.017638 -0.069613 0.023577 0.34259 0.091463 0.43448 -0.023312 0.43632 0.032477 0.00022149 -7.022e-05 0.00022149 0.00022149 -0.0019022 -0.00086045 0.028932 0.013128 -0.12248 -0.01596 0.27787 0.066103 0.43039 -0.03446 0.43039 0.039864 0.00078798 -0.00042657 0.00078798 0.00055247 0.0046492 0.0010229 0.0069702 0.0016614 -0.01839 -0.0022792 0.018415 0.0040141 0.055163 0.00012166 0.057694 0.0079635 5.7835e-05 8.6942e-05 9.966e-05 0.00018002
-0.032421 -0.00020274 0.03243 0.0018575 0.022067 -0.032407 0.036453 0.057242 0.00077514 -0.0090323 0.065851 0.022278 0.001734 -3.6822e-05 0.0088784 0.001486 -0.044652 -0.011973 0.056072 0.099724 0.025449 -0.010548 0.035037 0.018654 0.1875 -0.012369 0.39505 0.077574 0.011349 0.00020273 0.064385 0.030073 -0.01518 -0.016639 0.069033 0.088425 0.024002 0.10744 0.052585 0.617 0.067313 -0.0047278 0.32049 0.47979 0.016456 -0.0079069 0.04761 0.0080986 -0.013658 0.022879 0.013664 0.022879 -0.040092 0.070836 0.046603 0.072097 0.0062096 -0.0066026 0.029456 0.037292 0.002054 -0.00059675 0.0073923 0.0023285
-0.0014028 -0.0011644 0.003896 0.0026648 -0.0086759 -0.0024195 0.012496 0.0030165 0.061929 0.0049039 0.074671 0.0075577 0 0 0 0 0.011708 -0.0093615 0.022777 0.016184 -0.070359 -0.0061353 0.11805 0.03097 0.45076 0.025334 0.4932 0.048748 0 0 0 0 -0.017298 0.0036557 0.024194 0.045635 0.036807 -0.042365 0.11852 0.072652 0.4067 0.0051592 0.55348 0.053165 0 0 0 0 -0.00038559 0.015449 0.0020203 0.01553 -0.0021614 0.073022 0.022108 0.084765 0.038289 0.01398 0.059329 0.034201 0 0 0 0
-0.0051687 0.0057093 0.0083842 0.0073594 -0.014282 0.034236 0.031241 0.035512 0.020401 0.005318 0.081997 0.011757 0.018525 -0.005705 0.018525 0.005705 -0.00076148 -0.0089387 0.094329 0.021168 -0.12069 -0.010517 0.52049 0.11172 0.099856 0.029481 0.43025 0.087692 0.069975 -0.02307 0.10272 0.029109 0.022138 0.0020232 0.087949 0.012417 -0.15276 0.012196 0.44331 0.073686 0.13714 0.0063566 0.43814 0.044338 0.0091273 -0.0033396 0.060426 0.017466 0.0037346 -0.000271 0.010453 0.0013598 -0.023234 -0.0063154 0.046829 0.012109 0.02046 0.0046637 0.075631 0.016841 0.00060886 -6.3706e-05 0.0063424 0.0018114
-0.0003646 -0.00038594 0.00040405 0.00038594 -0.078053 -0.062554 0.083767 0.069002 0.0010622 -0.025614 0.028649 0.07044 0.0035142 0.0012167 0.01081 0.0033919 -0.0013797 -0.096032 0.023211 0.10386 0.012303 -0.099121 0.26448 0.18863 0.068755 -0.048355 0.53389 0.52206 -0.014757 -0.0074752 0.03389 0.017746 -0.0086668 0.012924 0.02339 0.039074 0.054482 0.021113 0.065438 0.04135 0.12649 0.060825 0.42982 0.18515 0.011385 0.0076819 0.055883 0.025593 0.0013015 -0.0010792 0.0053623 0.017577 0.013523 0.034237 0.053991 0.079152 -0.013472 -0.011804 0.044993 0.028572 0.013112 0.0078185 0.020633 0.0086441
-0.0015757 -0.0034162 0.0021343 0.0036213 0.0057876 0.0070726 0.012363 0.010164 0.038613 0.0023773 0.049378 0.012013 6.9952e-05 -1.4854e-06 8.4114e-05 8.0855e-06 -0.00063217 3.1063e-06 0.0094126 0.04969 -0.048843 -0.0079787 0.3935 0.30122 0.30694 0.031347 0.34611 0.0483 0.00054123 0.00010066 0.00059602 0.00021045 0.012617 0.0087639 0.034207 0.016525 -0.081064 0.018774 0.52586 0.066357 0.3315 0.0022335 0.33418 0.081776 0.00025254 -0.00025418 0.00060578 0.00047087 0.0015997 -0.00051774 0.0071946 0.0012945 -0.014065 -0.00046457 0.062175 0.01245 0.046843 -0.020894 0.050129 0.020918 3.6684e-05 1.5237e-05 3.7293e-05 2.2439e-05
-0.0015579 0.00010879 0.0026415 0.0005148 -0.00087006 0.00082938 0.0023873 0.0012585 0.0018754 0.0021463 0.012126 0.017972 0.0080501 0.013093 0.0085036 0.014621 -0.014494 0.0034277 0.033346 0.0067381 -0.0053057 0.0081399 0.031177 0.028032 0.41408 0.099978 0.42698 0.18785 0.0045774 0.0059467 0.0047661 0.0059467 0.0053701 0.005646 0.055206 0.017616 -0.12907 0.067819 0.29965 0.31125 0.40879 0.01212 0.44188 0.10385 0.001009 -3.2897e-05 0.001009 0.00014581 -0.0039161 0.0004997 0.0072633 0.0018252 0.0025631 0.0093703 0.027423 0.047455 0.047431 -0.023047 0.071686 0.029164 9.4662e-05 -8.923e-05 9.4662e-05 9.337e-05
-0.0037253 -0.00042253 0.0085432 0.0015821 -0.0031445 0.0025617 0.054113 0.005267 0.057966 0.0010251 0.07259 0.0032926 0 0 0 0 -0.0033552 -0.010523 0.061146 0.026127 -0.035646 -0.022918 0.23576 0.15056 0.40325 -0.0027615 0.49827 0.04591 0 0 0 0 -0.0034906 -0.0098853 0.0076872 0.011784 0.059476 -0.0040041 0.15755 0.047326 0.38706 0.01502 0.54306 0.053044 0 0 0 0 -0.0012313 0.0067293 0.0025244 0.01569 -0.0020409 0.00030226 0.013931 0.032627 0.060396 -0.0018833 0.082183 0.0064041 0 0 0 0
-0.00085769 -0.0018122 0.0038877 0.0044601 -0.019313 -0.00025736 0.019392 0.0031529 0.067267 0.0033148 0.067267 0.0038645 1.8936e-05 1.0826e-05 1.8936e-05 1.3373e-05 0.00086859 0.0015639 0.0062635 0.0059554 -0.093048 -0.035477 0.32017 0.14039 0.4213 -0.012713 0.4213 0.042528 -9.6522e-05 -0.00054737 0.00042353 0.00054737 0.00027988 -0.00029689 0.003846 0.0025907 -0.11953 0.00079491 0.17746 0.053031 0.46931 0.026762 0.46986 0.054348 -0.00079787 1.1858e-05 0.0020269 0.00013236 7.2999e-06 -7.7258e-05 0.00036468 0.00018778 -0.0034743 -0.0012207 0.036264 0.0031787 0.055426 0.0029125 0.056241 0.0083175 9.6309e-06 5.9643e-05 8.6638e-05 9.9677e-05
-0.010325 -0.0098126 0.010329 0.0098597 -0.04313 -0.020377 0.050245 0.03975 0.014496 -0.0034892 0.14446 0.018923 5.4934e-05 0.00083278 0.00051822 0.001504 -0.083169 -0.04145 0.13346 0.0508 0.031706 -0.052555 0.12567 0.11207 0.13125 0.016517 0.72995 0.16076 0.0037666 0.041611 0.0063049 0.04901 -0.05391 -0.00028999 0.17733 0.036908 0.053145 0.08119 0.19855 0.19724 0.13657 -0.055048 0.28719 0.30946 -0.0037768 -0.020351 0.019724 0.070917 0.00016219 0.001138 0.0036293 0.0031187 0.0047733 0.0042369 0.01656 0.021417 0.0027192 -0.00078405 0.0049957 0.013802 0.0008975 -0.00063408 0.0017435 0.0029736
-0.0011527 -8.0208e-05 0.0069821 0.0011545 -0.017775 0.002621 0.06142 0.011971 0.01829 -0.005849 0.059923 0.019744 0.0015006 0.00015833 0.0022742 0.00073442 0.00039361 -0.016427 0.031999 0.028467 -0.12095 -0.015852 0.65099 0.098154 0.14279 0.018088 0.34253 0.15824 0.0028915 7.2436e-05 0.0091501 0.0036608 -0.0043591 0.0039237 0.016262 0.087013 -0.063254 -0.078749 0.24585 0.23224 0.12221 0.015386 0.449 0.11628 0.0050748 -0.0015174 0.033608 0.02682 0.0045708 0.0051152 0.0056131 0.0052141 -0.013542 0.044535 0.026946 0.06638 0.018278 -0.0024027 0.070926 0.018976 -0.0003992 0.00029985 0.0011492 0.0006689
0.0046004 7.9581e-05 0.0055799 0.0017928 -0.011437 -0.0058121 0.027802 0.0327 0.0031079 0.021111 0.019952 0.050168 0.008096 0.0014343 0.012623 0.0033603 0.043017 -0.00071165 0.05068 0.0065366 -0.10535 0.022724 0.55881 0.091152 0.067637 0.023357 0.24949 0.24032 0.067186 0.0045189 0.086351 0.0094927 0.031778 0.0031772 0.03259 0.0065468 -0.061319 -0.005812 0.55757 0.054991 0.01414 -0.025688 0.41497 0.072331 0.087156 -0.018318 0.090332 0.023257 0.0037724 0.00043032 0.0047989 0.0017741 -0.0048437 -0.00089022 0.050685 0.010861 -0.0021356 0.00088145 0.052113 0.0081101 0.0057339 -0.001694 0.011621 0.0032771
-0.0049271 0.0052531 0.014216 0.0068041 0.014298 -0.0018602 0.014928 0.0076289 0.00053248 0.0019249 0.09302 0.018624 -0.010792 -0.00062427 0.015726 0.0012979 -0.02248 -0.012419 0.084566 0.017461 0.15185 0.0070277 0.31534 0.14637 -0.09486 0.010583 0.56428 0.082445 -0.065211 0.0077683 0.10973 0.017022 -0.020641 0.0048161 0.087477 0.021428 0.25475 -0.0087406 0.28519 0.04009 -0.17605 -0.036566 0.51519 0.10327 -0.04718 -0.0066864 0.071915 0.023392 -0.019211 0.0050005 0.019212 0.0050216 0.046765 -0.0023971 0.048058 0.0079894 -0.035118 -0.00084577 0.084566 0.011592 0.0010626 -0.001199 0.0052914 0.0027794
0.012663 0.0063399 0.013295 0.0065028 -0.056825 0.048846 0.065128 0.058323 0.019804 -0.0041411 0.065158 0.024492 0.0028775 -0.00017876 0.0036002 0.00056156 0.049663 -0.026396 0.053031 0.029515 -0.14985 -0.31187 0.24146 0.40853 0.11975 0.0044786 0.51139 0.12023 0.017728 0.00015972 0.02225 0.0017358 0.00065131 -0.001885 0.0076902 0.0065408 -0.017485 0.0079153 0.05506 0.033348 0.19244 0.0042585 0.52853 0.09807 0.016091 -0.0023079 0.019902 0.0031209 0.00023018 0.00015232 0.0012483 0.00025739 -0.0020987 -0.0016045 0.0077546 0.0024833 0.024402 0.0057058 0.077265 0.011587 0.0021711 0.00051156 0.003736 0.0018977
-0.0020595 0.0013513 0.0032129 0.0014865 0.066341 -0.017929 0.073908 0.020465 0.00030608 -4.0845e-05 0.00044041 0.00012085 0 0 0 0 -0.0044081 0.00040378 0.0060465 0.0047224 0.44828 0.014472 0.53454 0.087288 0.0033834 0.0026304 0.0044344 0.004978 0.00024872 -7.791e-05 0.00024872 7.791e-05 -0.004476 0.002225 0.013564 0.0094231 0.42405 0.04512 0.54456 0.067053 0.0060168 -0.0034687 0.0066123 0.0045197 0.0001195 5.1309e-05 0.0001195 0.0001195 0.000183 -0.0011741 0.0016148 0.0019205 0.057375 -0.019597 0.084229 0.025119 0.0014606 -0.00010982 0.0023955 0.0005969 0.00019289 -3.3957e-05 0.00019289 3.3957e-05
-0.0040063 0.0014717 0.013156 0.0033536 -0.004457 0.0024135 0.015221 0.0082354 0.028697 0.0030223 0.10344 0.017115 -0.003895 -0.00078885 0.0070471 0.011055 -0.02089 -0.0075902 0.073178 0.011415 0.0685 0.021662 0.24884 0.15503 -0.095206 -0.021656 0.61308 0.15965 -0.003561 -0.011049 0.016125 0.11816 -0.01714 0.00058418 0.078934 0.020518 0.22394 0.023477 0.28477 0.068285 -0.18999 -0.030185 0.50526 0.11744 -0.035195 0.0089917 0.067728 0.028196 -0.00072249 -0.00010351 0.0060542 0.0034947 0.017897 -0.0022308 0.041817 0.010727 -0.018237 -0.00040431 0.078409 0.012457 -0.0005005 -9.2833e-05 0.0063589 0.0018341
-0.0024379 -0.0015111 0.0038022 0.0029686 -0.0075904 0.054072 0.043288 0.066604 0.014594 0.004266 0.057421 0.012835 0.00071101 -0.00010729 0.0034757 0.0019644 -0.0071027 -0.0014812 0.011609 0.0086272 -0.059854 -0.25314 0.2898 0.3972 0.12262 0.0089215 0.50486 0.11555 -0.0068452 0.00090703 0.0088564 0.0054013 -0.00052086 -1.4014e-05 0.0041064 0.0029136 0.0031454 0.0011088 0.041818 0.021395 0.14815 0.014833 0.59034 0.11966 -0.0079964 0.002335 0.0095076 0.0056425 -0.00025459 -0.00042457 0.00093107 0.00055861 0.00041333 -0.00062549 0.0086981 0.0019525 0.025987 -0.0032238 0.071658 0.019635 -0.0033671 -0.0012917 0.0066902 0.005427
-0.010628 0.0045362 0.010628 0.0047215 -0.024879 0.010176 0.044888 0.015021 0.037491 -0.001 0.076389 0.010158 0.0026557 -0.00015445 0.0026557 0.00028814 -0.0081464 -0.00066251 0.0081464 0.0023318 -0.25559 0.069455 0.40213 0.30612 0.21347 0.0015436 0.45993 0.05086 0.031337 -0.0026404 0.031337 0.0029 -0.035661 -0.053189 0.035983 0.065875 -0.09221 -0.17421 0.3108 0.18526 0.17007 0.0093227 0.42799 0.036363 0.044379 -8.1838e-05 0.044379 0.0024228 -0.007284 0.0034183 0.0078973 0.01015 0.0078359 0.012781 0.013564 0.035798 0.018146 -0.011086 0.047643 0.01748 0.0079539 -0.00038045 0.0079539 0.0004297
-0.00011588 -0.00034004 0.00014321 0.00035757 -0.022917 -0.096773 0.023684 0.096964 -0.0022588 -0.10524 0.073195 0.10524 0.0010605 -0.00021249 0.0010605 0.00032362 -0.079579 -0.04293 0.086308 0.046603 -0.048475 -0.13867 0.064097 0.17284 0.22866 -0.03862 0.51273 0.071348 0.091031 -0.021862 0.091031 0.022035 -0.046895 -0.003414 0.083684 0.04155 -0.094213 0.10464 0.20483 0.39094 0.10104 0.043195 0.49681 0.089136 0.13539 -0.035946 0.13539 0.035946 -0.0023942 0.00014119 0.0078722 0.0029162 -0.014893 0.0041802 0.059481 0.010169 0.017028 0.0063444 0.060756 0.010825 0.0060536 -0.00258 0.013392 0.0034208
-0.0015788 0.00018442 0.011203 0.0015114 -0.021308 0.0011211 0.074981 0.013911 0.02381 0.0082703 0.071015 0.015369 -0.0011901 -0.00021375 0.0039912 0.0013532 0.021475 0.0030383 0.101 0.0097784 -0.14189 0.013339 0.54669 0.076473 0.14894 0.0096243 0.46389 0.11052 -0.013024 0.0047955 0.031833 0.031663 0.019417 -0.0011743 0.088893 0.015884 -0.15942 -0.031232 0.39815 0.10561 0.13249 0.0055976 0.4023 0.076959 -0.0015772 -0.0044781 0.023594 0.0097726 -0.0012626 0.0010906 0.0071084 0.0080422 -0.013128 -0.0064655 0.039507 0.027341 0.022339 0.0036131 0.076874 0.016707 -0.00049133 0.0001101 0.0034423 0.0006308
-0.0074802 -0.022662 0.0075093 0.022684 -0.029173 -0.067112 0.034724 0.082742 0.051818 -0.022444 0.099233 0.038199 0.009833 -0.002877 0.009833 0.0031841 -0.0012003 -9.5461e-05 0.0056433 0.0056755 0.012872 0.0070295 0.096755 0.029495 0.18482 -0.013793 0.58839 0.17272 0.13586 -0.044565 0.13586 0.045439 -0.0063981 0.01292 0.01489 0.086678 -0.036977 0.062009 0.16204 0.1306 0.083268 0.073819 0.60223 0.15775 0.12003 -0.034873 0.12379 0.035441 -0.0032287 0.0028357 0.0050806 0.0060192 -0.015967 0.00036309 0.080503 0.011814 0.031251 -0.0040903 0.1084 0.018469 0.0011338 -0.00073601 0.014272 0.0045195
0.0059136 -0.00015769 0.0060367 0.0010485 -0.00068453 -0.0058453 0.01856 0.016251 0.043567 -0.0077216 0.063522 0.022742 0 0 0 0 0.015395 -0.012058 0.019828 0.051065 -0.015515 -0.018696 0.075085 0.043263 0.35199 0.0074217 0.589 0.034698 0 0 0 0 -0.0008227 0.0058994 0.019177 0.039313 0.026467 -0.039174 0.10763 0.094218 0.38184 0.025559 0.56705 0.047773 0 0 0 0 -0.0037975 0.010486 0.0038564 0.010998 -0.00076233 0.055531 0.018003 0.067962 0.046278 0.02045 0.054261 0.022195 0 0 0 0
0.00056793 -0.00043226 0.0049588 0.0024081 0.058527 0.0021114 0.079161 0.013968 0.00066546 0.00010196 0.0018678 0.00060299 0.000104 -6.9114e-06 0.000104 6.9114e-06 -0.00099885 0.0015738 0.0023822 0.0022914 0.42307 0.029184 0.56964 0.12978 0.0053822 -0.0037559 0.011497 0.0066483 0.0012771 -0.00015301 0.0012771 0.00015301 -0.0029775 -0.00033179 0.0034984 0.0018186 0.41058 -0.016336 0.53265 0.080032 0.011245 0.004363 0.012012 0.0097629 0.00044726 0.00054141 0.0008334 0.00054141 -0.00019364 7.3668e-05 0.00059507 0.00043675 0.057746 -0.001376 0.076638 0.0083737 0.0020003 0.0011552 0.0021001 0.0013451 -2.2385e-05 2.6822e-06 7.2031e-05 2.6822e-06
-0.00059456 0.00013432 0.0012389 0.00034297 -0.016984 -0.0040992 0.022222 0.011562 0.073303 0.0018831 0.073958 0.0096378 0.00021946 -2.5414e-05 0.00021946 2.5414e-05 -0.0043863 0.00042369 0.0061259 0.0019919 -0.063609 0.0029426 0.28552 0.071186 0.46577 -0.019871 0.46737 0.068877 0.00075234 0.00011812 0.00075234 0.00011812 -0.0042864 0.00016612 0.017619 0.015085 -0.05661 -0.0038089 0.13242 0.022315 0.45765 0.039977 0.45846 0.040517 7.0181e-05 0.00022786 0.0007119 0.00022786 1.1939e-05 0.00053638 0.0011666 0.00098293 -0.0064873 0.01248 0.057771 0.027314 0.062171 -0.0083471 0.062217 0.011505 1.6788e-05 -1.5516e-05 7.0095e-05 4.1232e-05
-9.8994e-05 0.0090352 0.0010042 0.0097223 0.023883 0.015478 0.035187 0.017255 0.03736 -0.011796 0.088659 0.018823 2.6433e-05 -2.6433e-05 2.6433e-05 2.6433e-05 -0.022095 -0.011041 0.062173 0.023366 0.017766 0.0029334 0.3234 0.12322 0.32254 -0.049397 0.58701 0.079018 0.0021383 -0.00069315 0.0021383 0.00069315 -0.018122 -0.0032723 0.04098 0.010707 -0.016138 0.00082228 0.2457 0.064628 0.2931 -0.010955 0.49176 0.043704 0.001774 0.00017062 0.0019759 0.00081366 0.0050939 0.0015272 0.0083726 0.0029883 -0.010583 -0.001278 0.025396 0.0056839 0.037596 -0.0042946 0.078456 0.010022 0.00020417 -1.4039e-06 0.00025221 6.9381e-05
-0.00012531 -0.00025034 0.0006555 0.00041753 0.065356 0.0020504 0.082711 0.0095747 0.00061027 5.0248e-05 0.00061027 0.00031913 0 0 0 0 0.00010108 -0.00026128 0.010826 0.007272 0.43179 -0.0040959 0.54775 0.065678 0.0087176 -0.00024305 0.0087176 0.001579 0 0 0 0 0.0067943 -0.0074029 0.022941 0.012299 0.426 0.0079981 0.549 0.061996 0.0084438 -0.002006 0.0084438 0.0032941 0 0 0 0 -0.0010939 0.010103 0.0038347 0.01289 0.049346 0.024797 0.075931 0.028779 0.0023678 0.0006695 0.0023678 0.00090779 0 0 0 0
-0.0031441 -0.0038052 0.0040769 0.0045596 -0.00067034 -0.0079001 0.0063246 0.010087 0.010892 -0.0041001 0.072708 0.0090307 0.0055118 -0.0010133 0.0082496 0.0032463 -0.006378 -0.0091422 0.026667 0.089135 0.0097251 -0.13157 0.12939 0.52024 0.034379 0.021523 0.43144 0.14426 0.022501 0.0054577 0.042082 0.017923 -0.097149 0.06469 0.099696 0.065404 0.093147 0.0093038 0.1619 0.039387 0.072222 0.015383 0.60035 0.1181 0.026722 0.00032224 0.050661 0.020404 -0.0026074 0.001997 0.0026667 0.0020292 -0.033954 0.028074 0.065213 0.034549 0.014129 -0.002399 0.11686 0.010755 0.0018364 -0.000263 0.00666 0.0017207
0.0012288 -0.00041287 0.0097554 0.0024473 0.0029208 -0.00079572 0.0083075 0.0023636 -0.0084771 0.0097031 0.079349 0.023386 0.0077651 -0.00012998 0.014712 0.0031889 -0.0092243 -0.0060632 0.090654 0.054788 -0.0048928 0.017816 0.08447 0.099391 -0.0051083 -0.038635 0.45695 0.17394 0.046592 -0.0065008 0.073826 0.016016 -0.0011431 -0.00047028 0.059984 0.015451 0.038069 -0.019846 0.32513 0.23396 -0.045728 0.052086 0.71105 0.11941 0.041714 0.0020511 0.061372 0.014023 -2.9806e-05 -0.00030486 0.012441 0.0038956 0.013711 0.0011709 0.029595 0.015625 -0.010432 -0.0060157 0.12958 0.014556 0.0071074 -0.00099039 0.012195 0.002521
-0.0054836 -0.00036045 0.0087086 0.0012639 -0.016611 0.00045482 0.03001 0.0052351 0.024379 0.028356 0.028968 0.031591 0.0064803 0.012774 0.0065075 0.015026 -0.047197 0.002463 0.063551 0.010118 0.056421 -0.00011626 0.27404 0.29612 0.2479 0.088205 0.55782 0.22179 0.0013754 0.00028694 0.0013754 0.00028694 -0.056227 0.0022765 0.089937 0.01036 0.078876 -0.012046 0.32345 0.056203 0.24445 -0.050168 0.43057 0.11234 0.001533 -0.00027217 0.001533 0.0004603 -0.0097113 0.0010009 0.016362 0.0017357 0.0096855 0.0011862 0.042899 0.0082945 0.0029806 -0.015983 0.060697 0.025441 0.0090795 -0.0069075 0.0090795 0.00785
-0.0010182 -0.00015361 0.0021284 0.0014613 -0.0046513 0.0050549 0.021521 0.012642 0.047507 0.012464 0.073055 0.028403 0.00015512 -1.8327e-05 0.00015512 0.00010798 -0.011269 -0.012351 0.024608 0.032287 0.038797 -0.057775 0.25582 0.23067 0.27854 -0.038686 0.47171 0.19755 0.0010724 -0.00039675 0.0010724 0.00059729 -0.0045845 -0.00046992 0.0053812 0.0055436 0.037222 -0.020138 0.076247 0.089165 0.31254 0.042286 0.55063 0.2891 0.0011221 0.0004432 0.0011221 0.00064875 0.0057741 0.0087889 0.006101 0.0092098 -0.024184 0.055792 0.042895 0.067901 0.055333 0.003319 0.072953 0.063708 1.7044e-05 -6.2076e-06 1.7044e-05 9.506e-06
0.0018603 0.00013911 0.0026369 0.00059734 -0.002076 0.00082569 0.0045007 0.0021358 0.010608 -0.00040159 0.10416 0.023146 0.0011007 -0.0038785 0.0022631 0.007638 0.033846 0.016661 0.052687 0.067453 -0.072762 0.016767 0.23382 0.064602 0.044566 0.0042753 0.66557 0.093458 0.0012452 0.00013319 0.010259 0.0033986 0.020075 -0.022806 0.027349 0.032501 -0.080226 0.021533 0.33775 0.31697 0.058514 -0.0074425 0.46046 0.12836 0.0037353 0.0011847 0.0098617 0.0032638 0.0018848 -2.4381e-06 0.0030157 0.00046715 -0.0011812 -0.00026859 0.0047402 0.0024362 0.0055347 0.0086526 0.067199 0.020843 7.0911e-05 0.00028643 0.0011668 0.00064969
0.00074105 -0.0022765 0.0043945 0.0036083 -0.0011617 -0.0021532 0.021711 0.0094908 0.051633 0.0024498 0.072665 0.0080184 7.0018e-05 2.0603e-05 7.0018e-05 2.7613e-05 0.0023243 0.016663 0.0039956 0.019681 0.041058 0.0069857 0.27766 0.079192 0.34976 -0.0012821 0.51945 0.093687 0 0 0 0 -0.020588 0.0080513 0.024659 0.038779 0.015125 -0.048814 0.089487 0.10032 0.39022 0.0073516 0.56031 0.03042 0 0 0 0 -0.0086546 0.0069156 0.0086546 0.0069156 -0.011413 0.033431 0.023099 0.071895 0.052736 0.014157 0.059705 0.020444 0 0 0 0
-0.0022224 -0.00022283 0.0049805 0.001311 -0.010167 0.0010979 0.027445 0.0020893 0.033079 0.044541 0.035529 0.050514 0.0047828 0.0063922 0.0047974 0.0073845 -0.012285 0.0016836 0.030269 0.0080758 -0.089574 0.017715 0.34014 0.35885 0.42762 0.069537 0.44167 0.078961 2.2927e-05 0.00010248 2.2927e-05 0.00010248 -0.012572 0.00064113 0.032046 0.0051839 -0.0017033 -0.011524 0.16142 0.07524 0.33927 -0.074285 0.42047 0.10102 0.00020632 -5.5028e-05 0.00020632 0.00020632 -0.0027807 -0.00049552 0.0066531 0.0013554 0.0010218 0.0026892 0.034292 0.005323 0.023731 -0.022464 0.070573 0.033328 0.0018587 -0.0025391 0.0018587 0.0029283
-0.0011367 0.00046447 0.0016589 0.00077286 0.061315 -0.0011061 0.077053 0.0073265 0.00077452 0.00027633 0.0011627 0.00047196 0 0 0 0 0.00068819 -0.00082886 0.023598 0.014637 0.41071 0.014346 0.56082 0.080205 0.0037492 -0.0031857 0.0052596 0.0031857 0 0 0 0 -0.00072597 0.0015365 0.0042815 0.0025928 0.41964 -0.003704 0.55214 0.099602 0.0080166 0.0012507 0.012244 0.0053732 0 0 0 0 -0.00037317 0.00022693 0.00094053 0.00048565 0.058846 -0.0013287 0.069101 0.012652 0.0010806 3.153e-08 0.0013524 0.00044694 0 0 0 0
0.00037869 0.00066035 0.006664 0.0031623 -0.0096642 -0.004261 0.03045 0.031732 0.014485 0.065718 0.017876 0.07939 0.00096194 0.0068221 0.0069265 0.0081493 -0.024291 -0.0036961 0.080298 0.016696 0.16512 0.044501 0.3356 0.10671 -0.17428 -0.017097 0.34274 0.27817 0.035356 -0.0082248 0.095218 0.0278 -0.022287 -0.00011677 0.045654 0.014571 0.14521 0.022754 0.49437 0.082234 -0.13855 -0.03878 0.50709 0.0983 0.052352 0.0038069 0.11056 0.01848 -0.002487 -0.0013109 0.0076775 0.0021405 0.00018633 -0.006493 0.090825 0.0090427 -0.0026384 0.0046118 0.043374 0.020074 0.004724 -8.8368e-05 0.012541 0.0027235
0.0014958 0.00022643 0.0022678 0.00047725 -0.0054415 0.0023784 0.0080208 0.0047034 0.015857 -0.0055245 0.11401 0.033769 -2.9517e-05 -0.0057252 0.0017523 0.011815 -0.043986 -0.006868 0.10353 0.066689 -0.014733 -0.0024619 0.15779 0.045124 0.030665 0.021904 0.468 0.11988 0.00074278 4.2931e-06 0.0069007 0.0027375 0.0060246 0.0018857 0.010711 0.0070423 -0.11405 0.012747 0.35322 0.15088 0.057625 -0.015584 0.71512 0.13002 0.0054111 0.0020683 0.0092145 0.0048306 0.0010307 0.00013608 0.0014439 0.00047861 -0.013299 0.0012831 0.018142 0.003069 0.0088034 0.012407 0.10962 0.020403 0.00085478 8.9003e-06 0.0016925 0.0006399
0.0013417 -4.6117e-05 0.0021342 0.00065997 -0.0039517 0.0020939 0.0059909 0.0047363 0.010977 -0.0091996 0.11381 0.029048 -0.00027703 -0.0037516 0.0019831 0.010411 -0.038132 -0.0070166 0.09187 0.060767 -0.021289 -0.0075988 0.18318 0.068129 0.033599 0.032316 0.46152 0.10489 0.0013094 0.00080579 0.0064652 0.0027577 0.0067154 0.0014136 0.0097164 0.0051214 -0.11791 0.01476 0.32424 0.21415 0.05798 -0.026668 0.71912 0.11578 0.005358 0.0019685 0.010925 0.0024587 0.0008991 0.00013012 0.0010187 0.00033223 0.0078492 0.0052887 0.013006 0.011505 -0.01432 0.0065213 0.076766 0.024877 0.00039156 -0.00023151 0.001641 0.00060413
-0.0016749 0.0018562 0.0018161 0.0020736 0.067739 -0.0034995 0.068132 0.0072671 0.0015239 0.00051835 0.001593 0.00057702 1.2196e-05 2.149e-05 1.2196e-05 2.149e-05 -1.0844e-05 0.012233 0.020755 0.031164 0.44531 0.067362 0.50539 0.12633 0.0065112 0.00035362 0.0065112 0.0019761 0 0 0 0 -0.0084895 -0.0053563 0.020607 0.04959 0.4147 -0.051938 0.56443 0.08677 0.005949 -0.0022986 0.005949 0.0040623 0 0 0 0 -0.0045887 -0.0011556 0.0074434 0.0017188 0.061805 -0.015984 0.079812 0.019611 0.0048821 -0.0011488 0.0048821 0.0018542 0 0 0 0
-0.0021177 0.0023233 0.0039263 0.003928 0.052127 -0.001828 0.054937 0.0076246 8.207e-05 -8.207e-05 8.207e-05 8.207e-05 0 0 0 0 0.0036458 -0.0083043 0.0085045 0.0093811 0.40539 -0.021001 0.56956 0.21545 0.0040407 0.0006469 0.0040407 0.0028959 0 0 0 0 -0.0062733 0.047216 0.023469 0.049865 0.33426 0.13684 0.45578 0.33877 0.002127 -5.1073e-06 0.002127 0.0016329 0 0 0 0 0.00013678 0.00020803 0.00024344 0.00020803 0.00011871 0.00039307 0.00024333 0.00039307 0 0 0 0 0 0 0 0
0.010326 0.0020342 0.014226 0.010566 -0.017965 0.0030516 0.051238 0.012228 0.0051925 0.012437 0.0797 0.018689 -0.00057577 5.5165e-05 0.0014107 0.00066703 0.010386 -0.011273 0.05183 0.02307 -0.082156 -0.031887 0.29352 0.35054 0.082164 -0.042421 0.46344 0.20582 -0.0060984 0.001854 0.015457 0.0062175 0.017191 -0.0020605 0.052254 0.011303 -0.0065762 0.0028503 0.033537 0.028848 0.043134 0.070571 0.66691 0.18162 -0.0063434 -0.00074284 0.015639 0.0072204 0.0024432 -0.0012709 0.0068514 0.0021272 0.0036028 -0.0010161 0.0062045 0.0056802 -0.0014438 -0.012371 0.10965 0.025891 0.0046048 0.0052168 0.0090816 0.0096644
-0.00022342 -3.4327e-06 0.00097843 0.00030138 -0.0017086 0.00086462 0.0046055 0.0022152 0.026198 -0.0015241 0.052738 0.013753 -0.00072208 -0.0021396 0.011752 0.0024879 -0.00018293 0.022637 0.014078 0.084919 -0.11674 0.066105 0.30431 0.23617 0.19769 0.058448 0.392 0.10769 -0.02594 0.0074755 0.048144 0.016158 -0.013599 -0.011551 0.031079 0.05162 -0.10486 0.0032309 0.61847 0.071284 0.19589 -0.046966 0.37658 0.1068 -0.015866 0.0010783 0.01977 0.0059615 -0.00019977 -0.00019368 0.0056825 0.0031745 -0.018705 0.0013638 0.098686 0.014783 0.025575 -0.0001335 0.051601 0.010443 -0.0011054 0.00047733 0.0020651 0.0010463
-0.019288 0.00070101 0.019288 0.0051211 0.0005911 0.0030836 0.065138 0.015171 -0.001129 0.0019309 0.063822 0.023379 0.003466 0.0017561 0.01039 0.0026159 -0.051685 -0.019905 0.12972 0.024468 -0.0047397 -0.050152 0.35324 0.14725 0.025308 -0.022925 0.46607 0.1195 -0.033869 -0.0060843 0.039991 0.01345 -0.026366 -0.024136 0.054021 0.029406 0.006659 0.074412 0.1263 0.5998 0.017052 0.011258 0.40104 0.15091 0.00051909 -0.0050036 0.016659 0.01354 -0.0023563 -0.0006519 0.002933 0.00088124 0.017706 -0.0078889 0.057937 0.051879 -0.018494 -0.0015746 0.081589 0.023457 -0.00060388 -9.8187e-05 0.0013374 0.00090125
0.00081282 -0.0017822 0.0015905 0.0022363 0.028174 -0.04484 0.028459 0.059258 0.036048 -0.095664 0.03611 0.11827 0.00094314 -0.0040962 0.0016163 0.0041018 0.052813 0.0052624 0.055392 0.055834 0.094553 0.022854 0.52839 0.13121 -0.16576 -0.026636 0.37036 0.28324 0.0017022 -0.022047 0.020736 0.087251 0.0029003 -0.0014452 0.015723 0.064629 0.0024143 0.035111 0.18948 0.35406 0.0085347 0.03251 0.12925 0.4545 -0.0053312 -0.008936 0.021663 0.046977 0.00029455 -0.00080141 0.0015766 0.0029494 0.0064062 -0.0020649 0.013143 0.018511 0.00088254 -0.017778 0.014774 0.052612 -0.001371 0.0048211 0.0024645 0.0078864
-0.0004463 -0.00068186 0.00081628 0.0011584 0.028663 0.0066836 0.036941 0.017996 0.027305 -0.0077421 0.061938 0.012812 0.00063798 8.1232e-05 0.00063798 0.00016247 -0.0012436 0.00067184 0.0052145 0.0017965 0.076296 0.021758 0.31259 0.084836 0.23212 -0.0486 0.53143 0.10622 0.0034342 0.00039982 0.0034342 0.0010553 6.6327e-05 0.002479 0.006692 0.0065853 -0.043205 -0.0025772 0.40089 0.088611 0.27796 -0.051582 0.51568 0.079917 0.0012094 -0.00041263 0.0014607 0.0010116 0.0059213 0.0013195 0.0069009 0.0019831 -0.02608 0.0008293 0.039958 0.011392 0.042198 -0.0089862 0.063836 0.014882 0.00035705 -0.0001302 0.00036536 0.00013844
-0.01976 -0.0037223 0.01976 0.0045872 0.0093644 -0.0062357 0.013178 0.015664 -0.0041326 -0.0060943 0.058558 0.010098 0.0069114 0.00064285 0.011963 0.0027406 -0.11288 -0.015012 0.13576 0.015527 0.10499 -0.0041941 0.1997 0.14987 -0.062724 0.0089502 0.54981 0.1088 0.05081 0.012811 0.14403 0.019551 -0.133 0.027954 0.13307 0.030749 0.18585 0.0072656 0.21599 0.058217 -0.032878 -0.023443 0.62269 0.11751 -0.051308 -0.011667 0.087392 0.022514 -0.022737 0.0048357 0.022741 0.0048583 0.036256 -0.00081236 0.059663 0.0086033 -0.032054 -0.0049742 0.068495 0.012117 -0.00025403 -0.0016631 0.0061192 0.0030989
-0.0033952 0.00091409 0.0045364 0.0014487 0.062345 -0.018164 0.062345 0.018187 0.00054489 -1.4286e-05 0.00076633 0.00011354 0 0 0 0 -0.014283 0.0020634 0.015947 0.0060611 0.46425 0.033716 0.52701 0.12326 0.0042801 0.00057217 0.0057482 0.0034527 0 0 0 0 -0.0025407 0.0074008 0.024814 0.011165 0.4302 -0.014807 0.52276 0.1048 0.0040284 -0.0011934 0.0048052 0.0022308 0 0 0 0 0.0023385 -0.003283 0.0042131 0.00402 0.059332 -0.013012 0.083154 0.017521 0.0003015 -0.00034116 0.0013909 0.0004863 0 0 0 0
-0.00083737 -0.00010944 0.001068 0.0005695 0.063682 -0.006003 0.085224 0.017066 0.0010646 -0.00017683 0.0010646 0.0004835 0 0 0 0 -0.005107 0.0011519 0.0076038 0.0025795 0.43328 0.0019016 0.55325 0.10041 0.010055 0.0013206 0.011042 0.0037376 0 0 0 0 -0.0052929 -0.0014065 0.017473 0.011377 0.42445 0.013325 0.53416 0.079633 0.011112 -0.00031209 0.012812 0.0032751 0 0 0 0 -0.0018465 0.00016217 0.0021139 0.00089018 0.065655 0.0041212 0.082766 0.012639 0.00087698 -0.0001971 0.0013016 0.00037775 0 0 0 0
-0.00064813 -0.00061282 0.0010515 0.0007396 0.059343 0.0029891 0.06071 0.026118 0.00037985 -2.1287e-05 0.00062108 0.00011689 0 0 0 0 0.005568 -0.0054831 0.020113 0.068904 0.33692 0.026765 0.59844 0.1035 0.0040284 0.00057552 0.0053286 0.0032029 0 0 0 0 0.020615 0.0060436 0.037813 0.013947 0.32051 0.00060428 0.62174 0.056146 0.005989 -0.002785 0.008368 0.0040328 0 0 0 0 0.0072387 0.00094185 0.011223 0.0021139 0.039449 -0.011397 0.080608 0.026541 0.0031187 -3.1855e-05 0.003374 0.0012138 4.5211e-06 -1.7687e-06 4.5211e-06 4.5211e-06
-0.010892 -0.0025831 0.036912 0.0052203 0.060313 0.00021968 0.072038 0.019889 -0.057017 -0.0025055 0.074202 0.013151 0.02071 -0.0054716 0.02071 0.0054804 -0.050503 0.011815 0.11391 0.033385 0.14317 0.025268 0.49617 0.20168 -0.18496 0.056063 0.22227 0.14076 0.079299 -0.026619 0.11362 0.039926 -0.068105 -0.010745 0.15757 0.023095 0.10469 0.017905 0.63852 0.13493 -0.0578 -0.041421 0.15361 0.084841 -0.012596 0.0031534 0.074035 0.018419 -0.0087081 -0.00065702 0.013995 0.0038862 0.0075617 0.0080037 0.12537 0.021375 -0.00090686 -0.00015843 0.024131 0.011571 -0.0056879 0.00023375 0.0089548 0.0020503
-0.00030041 -0.00011853 0.0032005 0.0011085 0.0029997 -0.015617 0.055569 0.024648 -0.0096943 -0.0206 0.028494 0.039208 0.016122 0.0019968 0.016124 0.0019968 0.0009266 -0.0019415 0.015185 0.0035466 -0.049995 0.025195 0.4645 0.10573 0.22413 0.077506 0.50808 0.25966 0.010046 0.00468 0.010046 0.0049723 0.0090607 0.0034761 0.024499 0.010255 0.0025608 -0.0049489 0.38203 0.069079 0.14865 -0.068344 0.42552 0.10551 0.012087 -0.0046343 0.012087 0.0056116 0.0048852 0.00039335 0.0059675 0.00086679 -0.00044378 -0.0066393 0.059173 0.0088596 -0.013472 -0.0048027 0.068283 0.015856 0.015618 -0.0065347 0.015752 0.0076283
-0.00052429 0.00042174 0.0087712 0.0010314 0.0024907 -0.0010101 0.06114 0.011783 -0.0039022 -0.0053929 0.05932 0.014793 -0.0029534 -0.0016543 0.0034135 0.001752 -0.027691 -0.0029605 0.067279 0.012537 0.035883 -0.0081846 0.46753 0.074628 -0.018066 -0.015652 0.43378 0.12283 0.0025492 -0.0042453 0.016055 0.037059 -0.042528 -0.0086206 0.076672 0.011699 0.050226 -0.052682 0.24785 0.25791 0.13551 0.0054024 0.42878 0.4358 0.020956 0.088212 0.020956 0.088231 -0.0052451 -0.00026582 0.0080777 0.0012061 0.0016252 0.0031319 0.0033918 0.0058432 0.049657 0.01492 0.053797 0.017481 0.00028775 7.3295e-05 0.00028775 7.3295e-05
-0.0041283 0.00041293 0.023311 0.0032827 -0.00023511 0.0040105 0.02886 0.013453 0.010941 -0.0028581 0.10225 0.022094 0.00086647 -0.011057 0.0066233 0.017003 -0.038038 -0.0098668 0.13373 0.011825 -0.025958 -0.011217 0.15072 0.12384 0.0030049 0.0078023 0.60984 0.12123 0.014633 0.0071263 0.038939 0.061531 -0.039159 0.0035439 0.085214 0.022238 0.0207 0.0034738 0.084777 0.023515 0.071867 -0.01054 0.69052 0.10871 -0.060397 0.0089314 0.09711 0.020355 -0.0076249 -0.00079555 0.018164 0.0068792 0.014742 0.0043838 0.029597 0.016746 0.00074678 -0.0041907 0.093791 0.014517 -0.011228 -0.00020181 0.016316 0.0016831
