-0.011407 -0.0038953 0.011455 0.0039208 0.04773 -0.014871 0.050635 0.019804 0 0 0 0 0 0 0 0 -0.05399 -0.0093901 0.058041 0.01489 0.11768 -0.23309 0.41266 0.34535 0.23339 -0.21862 0.23339 0.21862 0 0 0 0 -0.027747 -0.0050207 0.031461 0.0088612 -0.027726 -0.012922 0.055246 0.076679 0.43845 0.10753 0.43845 0.10753 0 0 0 0 -0.0045462 0.010196 0.005259 0.010412 0.0091937 0.011527 0.031718 0.012288 0.045466 0.012101 0.045466 0.012101 0 0 0 0
-0.00063199 -3.9316e-05 0.0018611 0.00082364 0.0079093 -0.0027339 0.010357 0.0054296 0.058658 -0.011085 0.058658 0.011085 0 0 0 0 -0.00043646 0.049409 0.036882 0.049626 -0.16977 0.12339 0.21198 0.13866 0.41212 -0.082124 0.41212 0.082124 0 0 0 0 -0.010637 0.001486 0.010637 0.007066 -0.19025 0.025152 0.27467 0.37887 0.27085 0.038656 0.27085 0.33733 0.00206 -0.0029587 0.00206 0.0029587 -0.0022258 0.0012926 0.0022258 0.0012992 -0.030118 -0.0013775 0.033121 0.021796 0.0097779 -0.042132 0.011143 0.045294 0.010677 -0.0076028 0.010677 0.0076028
-0.00084689 -0.00049958 0.0011073 0.00090776 0.032011 0.0097029 0.034018 0.011067 0.03004 0.0063992 0.05816 0.014792 0.0021506 0.0019201 0.0025176 0.0019201 -0.0014848 -0.0010644 0.003524 0.0018519 0.43928 0.12494 0.44977 0.14874 -0.020976 0.0095383 0.20535 0.046876 0.0023182 0.0001979 0.0023182 0.00083778 0.00018967 -0.00028565 0.010061 0.0055089 0.20812 -0.23071 0.22342 0.25115 0.16965 -0.30711 0.25618 0.33696 0.00098976 -0.00019092 0.00098976 0.00067599 -0.00016369 -0.00013559 0.0012443 0.001274 -0.0013801 -0.001117 0.0090301 0.0027636 0.036072 0.00087093 0.040742 0.011087 0.00047012 2.7373e-05 0.00047012 0.00014606
-0.0013258 0.00082708 0.0018328 0.00098604 0.053836 -0.010812 0.056852 0.017772 0.024828 -0.010431 0.024828 0.010579 0 0 0 0 -0.013765 0.033829 0.016742 0.038493 0.0074215 0.040902 0.054084 0.065317 0.46774 -0.13071 0.46774 0.13108 0 0 0 0 -0.030862 0.0060573 0.030862 0.062616 -0.041012 0.29273 0.17183 0.42858 0.24756 0.18583 0.24756 0.19539 0 0 0 0 -0.0046121 -0.00055772 0.00462 0.0012208 0.039981 -0.0098669 0.061098 0.017047 0.013406 -0.0062448 0.018721 0.0086265 7.5801e-06 -4.7117e-06 7.5801e-06 4.7117e-06
-7.0964e-05 -0.0004093 0.0003593 0.00045451 0.0013188 -0.00042817 0.0022043 0.0016405 0.00032128 -0.00044629 0.00047622 0.00044629 0 0 0 0 -0.033797 -0.044005 0.033797 0.044005 0.075495 -0.3845 0.27987 0.38477 0.2249 -0.12183 0.23026 0.21136 0 0 0 0 -0.00023321 -0.00058502 0.0064325 0.0037954 0.0059337 0.00051696 0.04781 0.02894 0.46095 0.068442 0.46095 0.078099 0 0 0 0 0.00082562 0.00015772 0.00087493 0.0003283 -0.0077488 -0.0057334 0.0083331 0.0059703 0.075227 -0.01112 0.075233 0.014877 2.7255e-06 -2.7255e-06 2.7255e-06 2.7255e-06
-0.0044001 -0.0019732 0.0044298 0.0020487 0.045699 0.012168 0.068982 0.017009 0.015414 0.0081901 0.01964 0.0089945 1.7782e-05 7.9536e-06 1.7782e-05 1.4506e-05 -0.010081 -0.0034952 0.010818 0.005178 0.13764 -0.25609 0.2187 0.2708 0.32382 -0.18281 0.32382 0.18991 0 0 0 0 0.0015287 0.0030775 0.0068008 0.01131 0.013572 0.018033 0.056117 0.034096 0.48445 0.10924 0.48445 0.11056 0 0 0 0 -0.0084016 0.004941 0.014517 0.0080696 0.051277 0.013878 0.056004 0.01915 0.025459 0.0097908 0.025459 0.0099588 0 0 0 0
-0.0047029 0.00014973 0.0047029 0.00054489 -0.0034323 -0.02822 0.043912 0.032149 0.046075 -0.041474 0.046075 0.041474 0 0 0 0 -0.020331 0.0034368 0.020331 0.0051712 -0.19658 0.11787 0.21476 0.12611 0.42447 0.0020458 0.43035 0.019954 0 0 0 0 -0.00056966 -0.00021802 0.00056966 0.00037803 -0.16156 0.10736 0.35444 0.39582 0.24102 0.16235 0.26379 0.16721 0 0 0 0 -0.0034041 -0.0010683 0.0034041 0.0010683 0.014152 -0.017199 0.052812 0.018531 0.022311 -0.018831 0.022311 0.019365 0 0 0 0
-0.012681 -0.003755 0.012681 0.003755 0.040239 -0.010893 0.058685 0.026408 0.013085 0.023101 0.022431 0.023489 0 0 0 0 -0.064883 -0.023686 0.065439 0.023871 0.15325 -0.16744 0.2703 0.20117 0.31993 -0.19472 0.31993 0.19581 0 0 0 0 -0.020853 -0.0013645 0.042786 0.024404 -0.016286 0.045431 0.097606 0.075852 0.48775 0.11863 0.48775 0.11909 0 0 0 0 0.00058654 0.011325 0.0052234 0.01164 -0.00088863 -0.0020895 0.078972 0.028101 0.046236 0.010804 0.046236 0.010831 0 0 0 0
-0.0018261 -0.00061418 0.0020856 0.00068195 0.072915 -0.039408 0.076411 0.040881 0.0034976 -0.0022313 0.0034976 0.0022569 0 0 0 0 -0.010955 -0.00076631 0.012037 0.0023688 0.079051 -0.029739 0.088928 0.051393 0.46916 -0.17068 0.46916 0.17094 0 0 0 0 -0.0027793 0.0014056 0.008773 0.002899 0.10229 0.05269 0.11567 0.058972 0.42954 0.16924 0.42954 0.17138 0 0 0 0 -0.00055178 0.00027194 0.00099654 0.00036045 0.069611 0.031638 0.07038 0.031812 0.0037014 0.0013737 0.0037014 0.0018215 0 0 0 0
-0.00015324 1.5239e-05 0.00015324 7.1616e-05 -0.00012462 -0.0002805 0.0036933 0.00033141 0.00096031 0.00013958 0.00096031 0.00031175 0 0 0 0 -0.035791 -0.043325 0.035801 0.043325 0.088874 -0.3659 0.26379 0.3659 0.17561 -0.18041 0.22745 0.21333 0 0 0 0 -0.024352 -0.022355 0.026207 0.023639 0.0030641 -0.0019485 0.056447 0.04238 0.47136 0.097521 0.47175 0.11336 0 0 0 0 0.00068643 0.00047701 0.0009627 0.00075575 -0.0093245 -0.0079146 0.010312 0.0090595 0.078729 -0.014131 0.078729 0.020707 0 0 0 0
0 0 0 0 -0.059129 0.013805 0.059129 0.019805 -0.0040464 0.012591 0.027276 0.015065 0.011113 0.0055329 0.011113 0.0060081 -0.040597 -0.039005 0.040597 0.039005 0.16639 -0.070165 0.40771 0.30342 0.0013791 0.31759 0.3347 0.31759 0.0010889 0.0010197 0.0010889 0.0010197 -0.025197 -0.011538 0.031797 0.032574 0.39206 -0.064021 0.40046 0.22457 0.020539 0.010588 0.020539 0.013199 0 0 0 0 -0.0071027 -0.0021335 0.0091069 0.0079041 0.046304 0.037336 0.046512 0.038614 0 0 0 0 0 0 0 0
0 0 0 0 -0.049036 -0.0050212 0.055235 0.012547 0.071449 0.001108 0.071449 0.021317 0 0 0 0 -0.0040808 -0.003557 0.0040808 0.003557 -0.10664 0.10252 0.4456 0.36108 0.2561 0.11089 0.2561 0.11089 0 0 0 0 -0.079855 -0.016274 0.079855 0.036977 0.37774 -0.087589 0.4893 0.25309 0.0016196 -0.00016925 0.0016196 0.001094 0 0 0 0 -0.0018839 0.0022732 0.0018839 0.0026286 0.02779 0.018352 0.081681 0.031957 0 0 0 0 0 0 0 0
-0.0012915 0.00035816 0.0013113 0.00075171 0.03969 0.013657 0.040433 0.015354 0.039255 0.013478 0.039384 0.013524 3.5986e-06 -0.0001806 0.00013393 0.00024052 -0.0092916 0.0077936 0.012485 0.0092633 0.41639 0.11843 0.43007 0.13615 -0.11041 -0.15107 0.24377 0.19514 -0.0014864 -0.055974 0.011779 0.055974 -0.0035803 0.0011569 0.012877 0.0070773 0.24095 -0.1285 0.25764 0.14428 -0.25778 -0.22155 0.36023 0.23447 0.00084937 -0.0051628 0.005667 0.010453 0.00054367 -0.00056647 0.00082668 0.00071005 -0.00064466 -0.0074892 0.0053165 0.0089878 -0.0018077 -0.0011843 0.0073706 0.0042557 -0.00083961 0.00079003 0.0010162 0.00083016
0 0 0 0 -0.031291 -0.00088686 0.045186 0.022491 0.054253 0.011839 0.059707 0.033543 0 0 0 0 -0.038932 -0.014098 0.038932 0.014098 0.053574 0.10609 0.45283 0.38688 0.1501 0.072909 0.1501 0.072909 0 0 0 0 -0.11821 -0.0079999 0.11821 0.025444 0.46536 -0.1289 0.48817 0.2273 0 0 0 0 0 0 0 0 -0.0036938 0.0034715 0.0036938 0.0034715 0.031377 0.038294 0.070258 0.038408 5.6063e-06 -5.6063e-06 5.6063e-06 5.6063e-06 0 0 0 0
-0.0062401 -0.0060557 0.0062401 0.0060557 -0.016771 -0.027933 0.027037 0.033938 0.055223 0.0014846 0.0557 0.035137 0 0 0 0 -0.020581 -0.021966 0.025394 0.029171 -0.044599 -0.041735 0.074286 0.063839 0.49049 -0.070727 0.49238 0.078221 0 0 0 0 -0.0018396 -9.8483e-05 0.0070092 0.0048098 -0.024447 -0.0004046 0.046472 0.036247 0.47502 0.069595 0.47738 0.069595 0 0 0 0 -0.00040019 0.00013996 0.00082141 0.00077388 0.041321 0.049804 0.044131 0.049883 0.027664 0.032643 0.027664 0.032643 0 0 0 0
-0.003424 -0.011777 0.0034741 0.011777 0.015274 -0.02626 0.015398 0.02626 -0.00173 -0.0024081 0.0021832 0.0025647 -0.002344 -0.0034327 0.0026642 0.0050797 -0.0053856 -0.015913 0.0098606 0.017482 0.36686 -0.047575 0.3678 0.17379 -0.028723 -0.017781 0.087555 0.2607 -0.0068756 -0.036076 0.017658 0.054316 0.019622 0.0038454 0.022207 0.0062635 0.30165 0.014699 0.30762 0.21475 -0.31499 -0.2812 0.31499 0.29543 -0.0061771 -0.026293 0.010578 0.028306 0.0040189 0.00066236 0.0042617 0.001125 0.039306 0.022648 0.039808 0.022711 -0.068003 0.015148 0.068003 0.019666 0.0006783 0.0013953 0.001049 0.0017762
-0.0020396 -0.0028257 0.0020396 0.0028257 0.0091958 -0.028857 0.013914 0.029129 2.3352e-05 1.2453e-05 2.3352e-05 1.2453e-05 0 0 0 0 -0.030317 -0.035418 0.033371 0.037474 0.43856 -0.046678 0.47395 0.22239 0.0079273 0.0012669 0.0079273 0.0050628 0 0 0 0 -0.0024435 -0.0014745 0.0092654 0.0076374 0.47972 -0.061344 0.52028 0.093462 0.0042788 -0.00089322 0.0042788 0.0021504 0 0 0 0 -0.001059 -0.00032701 0.0011324 0.00071311 0.073345 0.0092149 0.074117 0.0097005 0.00030634 0.00013503 0.00030634 0.00013503 0 0 0 0
0.013988 0.0012771 0.014001 0.0045191 -0.00475 -0.0029542 0.016495 0.014759 0.0016968 -0.007135 0.033592 0.028537 0.00082325 0.0010612 0.001004 0.001064 0.02641 -0.02903 0.028795 0.034312 0.30909 -0.13835 0.40417 0.32173 0.056954 0.086304 0.091178 0.090085 -1.3749e-05 4.4243e-05 4.4243e-05 4.4243e-05 0.00134 -0.0023016 0.0070013 0.0078888 0.53193 0.012656 0.5345 0.089915 0.0061518 -0.002662 0.0080626 0.0053431 0 0 0 0 0.0038067 0.0046082 0.0042328 0.004613 0.048364 0.037951 0.049235 0.037951 0.00080992 0.00072527 0.00080992 0.00072527 0 0 0 0
0.00063425 0.00044046 0.00068376 0.00058855 0.049465 0.014299 0.054486 0.020855 0.016381 0.010256 0.016685 0.010589 0 0 0 0 -0.0056352 -0.0067408 0.0063296 0.0074741 0.46665 0.053474 0.50081 0.086184 0.0016812 -0.0014929 0.0022837 0.0026387 0 0 0 0 -0.0035565 -0.0033299 0.0055664 0.0088244 0.48828 -0.062955 0.49233 0.14035 0.0096886 -0.00078804 0.012701 0.0087962 0 0 0 0 0.00016589 4.1942e-05 0.00019879 0.00026513 0.066027 0.013101 0.06694 0.013496 0.00086508 7.2235e-05 0.00086508 7.2235e-05 0 0 0 0
0.0044593 -0.0085337 0.0044786 0.0085354 0.0040822 -0.0053053 0.0040822 0.0053053 -0.00013539 -0.00024618 0.00013539 0.00024618 -0.0043484 -0.002215 0.0043484 0.002215 0.016634 -0.02654 0.01836 0.028428 0.39371 -0.095241 0.39809 0.14541 -0.065742 -0.077501 0.07566 0.083789 -0.071358 -0.050525 0.071707 0.050678 0.010526 0.0041401 0.012485 0.0075845 0.32545 0.0024528 0.40818 0.17501 -0.28662 -0.25532 0.28662 0.2569 -0.036693 -0.017301 0.036693 0.01802 0.0075173 0.01062 0.0075718 0.010907 -0.010543 -0.0096489 0.02293 0.088765 -0.032364 0.0015977 0.038254 0.040109 -0.0038125 -0.0026254 0.0039841 0.002713
0.00012848 -0.00029956 0.00019802 0.00029956 0 0 0 0 0 0 0 0 0 0 0 0 0.021642 -0.081572 0.024071 0.084567 0.40949 -0.15434 0.41068 0.22181 0.00086431 -0.0067969 0.00086431 0.0067969 -7.9713e-05 -0.00012717 7.9713e-05 0.00012717 0.041503 0.044395 0.042543 0.04614 0.32442 0.086609 0.35118 0.39291 0.016754 -0.10049 0.076026 0.34839 -0.0028439 -0.017262 0.0092127 0.048909 0.0052173 0.0031927 0.0058344 0.0084533 -0.0081583 -0.096334 0.03551 0.098847 0.016292 -0.089308 0.018522 0.089569 -0.00080255 -0.0065299 0.003236 0.0099911
0.00052686 0.00065022 0.0006493 0.00077356 0.0016387 -2.3998e-05 0.004089 0.0044113 0.038495 -0.00087039 0.04932 0.018719 0.001848 0.0010514 0.0018738 0.0010644 0.0009215 0.00037569 0.0029236 0.0038872 -0.046816 -0.055602 0.04837 0.056702 0.42167 0.021989 0.47938 0.098619 4.1698e-05 4.1698e-05 4.1698e-05 4.1698e-05 -0.009731 -0.0085884 0.0099022 0.0087619 -0.025827 -0.046421 0.037099 0.060211 0.50291 -0.010333 0.51986 0.1666 0.0010397 -0.0011927 0.0017349 0.0033194 -0.00055317 -0.00023297 0.00081652 0.00083381 0.0020592 0.0082028 0.0028488 0.0084733 0.059533 0.01148 0.060963 0.015713 0.00052191 0.00015838 0.00052191 0.00020629
6.5541e-06 -1.8639e-05 1.8639e-05 1.8639e-05 0 0 0 0 0 0 0 0 0 0 0 0 0.022774 -0.10941 0.023858 0.10963 0.28727 -0.22598 0.28814 0.22598 0 0 0 0 -0.00011483 -0.00040466 0.00021471 0.00040466 0.042319 0.042218 0.042775 0.046201 0.34818 0.018102 0.38742 0.48142 0.023578 -0.10177 0.062339 0.28981 -0.078316 -0.076039 0.080522 0.082646 0.0022362 0.012836 0.0079943 0.014868 -0.023976 -0.10228 0.048854 0.11482 0.021384 -0.14586 0.039929 0.14677 -0.011324 -0.0060712 0.01153 0.0066311
-0.0025708 -0.00094562 0.0025724 0.0010874 -0.0038014 -0.0053001 0.0054945 0.0065476 0.069036 -0.00055987 0.069963 0.0073688 0.0059156 0.00026483 0.0059631 0.0005074 -0.019037 0.0047768 0.021325 0.0135 -0.020674 0.024984 0.051916 0.035945 0.50686 0.012881 0.51552 0.051869 0.028487 -0.001053 0.040317 0.0059607 -0.001663 -1.4226e-05 0.011518 0.0072182 -0.06397 0.10565 0.07802 0.10895 0.43273 0.0043186 0.45858 0.13337 0.025468 -0.028333 0.058864 0.029427 -0.00099055 0.00078389 0.0016982 0.0010785 0.00097205 0.0014592 0.020888 0.012889 0.01032 -0.0045842 0.01543 0.01535 0.004081 -0.0098742 0.0075803 0.0099423
0.00035421 -4.2812e-05 0.00066033 0.00019749 -5.8763e-05 0.00020741 0.0049855 0.0033059 0.085803 -0.02504 0.085803 0.02504 0.00032149 -2.9438e-05 0.00032149 0.00017333 0.0023494 0.00052975 0.0051739 0.0051195 -0.019938 -0.019348 0.035677 0.045476 0.49314 -0.076634 0.50627 0.090573 0.008248 -0.00054703 0.0084852 0.001374 -0.0060838 0.0022709 0.010742 0.010874 0.027068 0.020075 0.060257 0.073479 0.45779 0.064211 0.46134 0.079773 0.0078471 0.00021498 0.0078471 0.0038539 -0.0039488 0.0098454 0.005333 0.010661 0.0093548 0.053606 0.017484 0.054198 0.06097 0.06582 0.061488 0.065837 0.00027182 0.00012299 0.00027182 0.00012299
0.00062534 0.00097805 0.00073137 0.0012839 0.068944 -0.012137 0.069275 0.014826 0.00088988 0.00034111 0.00097887 0.00039922 0 0 0 0 0.00058022 -8.6912e-05 0.0014074 0.0031181 0.48276 0.042852 0.49173 0.10699 0.0036371 0.00050105 0.0036371 0.00154 0 0 0 0 0.001346 0.00092259 0.0019011 0.003303 0.4872 -0.031135 0.49377 0.11506 0 0 0 0 0 0 0 0 0.0042937 0.0040422 0.004302 0.0040471 0.043142 0.036496 0.043263 0.037065 0 0 0 0 0 0 0 0
0.0059058 0.0038526 0.0064073 0.0045261 0.039019 0.04798 0.049754 0.058938 0.0013758 0.0055516 0.037881 0.033932 -0.0012476 0.0033927 0.0022804 0.0034797 0.057324 -0.021864 0.059883 0.036062 0.24419 -0.14305 0.37772 0.33078 0.06533 0.061878 0.067097 0.062138 0.00024481 0.00015471 0.00026137 0.00015471 -0.0012685 -0.00039132 0.0096983 0.0093687 0.54969 0.041096 0.55195 0.13162 0.0038502 0.0013074 0.0038502 0.0013074 0 0 0 0 0.0077965 0.010807 0.0078135 0.010807 0.027862 0.03323 0.028122 0.03323 0 0 0 0 0 0 0 0
