-0.0024508 -0.0011509 0.002731 0.0024887 0.013249 -0.03757 0.015661 0.046371 -0.005248 -0.057818 0.0090503 0.065487 -3.9086e-05 -0.0012351 0.0030684 0.0037318 -0.031032 0.0038269 0.036826 0.014996 0.18079 0.17686 0.18398 0.21983 -0.15224 0.19547 0.23049 0.21023 0.011928 -0.00048438 0.012353 0.0086848 -0.032959 0.0021667 0.041577 0.0032824 0.41007 -0.026104 0.41516 0.037539 -0.36624 0.031422 0.4218 0.081813 0.011396 -0.00069022 0.011641 0.0089054 -0.0041253 0.00015457 0.0057319 0.00058704 0.060537 -0.0085425 0.06815 0.010497 -0.050396 0.0051086 0.061256 0.0082066 0.0023932 5.3873e-05 0.0024108 0.0015467
-0.00048343 0.0024971 0.0026583 0.0038816 0.029396 -0.0059258 0.034343 0.016619 -0.012416 0.001122 0.01352 0.016928 0.0032 0.0059515 0.0073124 0.0088943 -0.016977 3.5586e-05 0.037641 0.015888 0.06478 -0.086175 0.19851 0.27947 0.31696 -0.0059756 0.31696 0.27498 0.0084565 0.018256 0.0086625 0.018661 0.0016748 0.0080538 0.018532 0.03658 0.013142 0.31998 0.26696 0.37205 0.27122 0.14229 0.35054 0.22459 0.0010836 7.1162e-05 0.0010836 0.00035639 -0.0021476 0.0015482 0.0052334 0.0040031 0.027654 0.0048298 0.034442 0.042755 -0.0014345 -0.019499 0.039981 0.036837 0.0002464 -0.00018727 0.00028952 0.00020993
-0.0025664 -0.0033205 0.010124 0.0054068 0.019611 0.0038819 0.025148 0.017752 0.0045109 0.0088148 0.0053302 0.0099479 5.037e-05 6.3882e-05 5.4228e-05 9.042e-05 0.0054439 0.024358 0.080212 0.030096 -0.23174 -0.12801 0.36151 0.1731 0.32731 -0.15193 0.3288 0.15221 0 0 0 0 0.018011 0.0077423 0.036651 0.017782 -0.30074 0.027559 0.30857 0.12 0.36043 0.12422 0.36114 0.12483 0.00048511 -0.00014306 0.00048511 0.00025794 -0.0027985 -0.0024145 0.0046355 0.0036154 0.02084 -0.0096344 0.04592 0.028916 0.01188 0.0055913 0.011927 0.0058439 2.3021e-05 2.3021e-05 2.3021e-05 2.3021e-05
-0.00083608 0.00062542 0.0014338 0.00074294 0.05154 -0.014896 0.065299 0.022633 0.012917 -0.0074869 0.012917 0.0075804 0 0 0 0 0.0083365 -0.015171 0.011334 0.015887 -0.055604 -0.0051629 0.13396 0.073035 0.44217 -0.15226 0.44217 0.15943 0 0 0 0 0.049348 -0.005841 0.055322 0.026563 0.052231 0.20212 0.22691 0.36319 0.30498 0.21982 0.30542 0.22013 0 0 0 0 0.0013573 0.0021548 0.007129 0.0070705 0.056955 -0.001386 0.065275 0.035823 0.00065267 -0.00024273 0.00065267 0.00024273 0 0 0 0
0.0054967 -0.0090228 0.0055471 0.0090732 0.015458 -0.025918 0.015606 0.025918 0.00030816 -0.0013342 0.00058351 0.0013342 0 0 0 0 -0.0014727 0.0086731 0.0047235 0.010566 0.0090394 -0.19901 0.16188 0.22642 0.40744 -0.1663 0.40744 0.16669 0.00042392 -7.0215e-05 0.00042392 7.0215e-05 0.0072967 0.00045677 0.01866 0.016295 -0.069987 0.1247 0.15319 0.13771 0.43233 0.14217 0.43274 0.16526 0.00026788 -2.3092e-05 0.00034173 0.00038489 0.0041754 -0.0055549 0.0062429 0.006596 0.020303 -0.011178 0.041118 0.028826 0.033264 -0.029914 0.034054 0.039227 0.00017021 -0.00024993 0.0002221 0.00032348
0.0011857 -0.00081355 0.007061 0.0017785 -0.0089211 0.0087278 0.027576 0.016458 0.011124 -0.013938 0.026898 0.016366 0.00033049 -0.0007227 0.00067934 0.0010891 0.0073438 -2.4885e-05 0.01693 0.010647 0.22556 0.10145 0.28673 0.25419 0.14438 0.31472 0.18943 0.31472 0.0035142 0.023276 0.0038365 0.023276 -0.0031343 -0.0086276 0.0038939 0.012477 0.4969 -0.10072 0.5021 0.10802 0.013754 0.00227 0.014035 0.012518 8.1078e-05 8.1078e-05 8.1078e-05 8.1078e-05 -0.0013139 0.00071405 0.0013989 0.00095845 0.0752 -0.0033123 0.075241 0.0067344 0.0040523 -0.0014414 0.0041345 0.0024022 0 0 0 0
-0.0034524 0.0008953 0.0034524 0.0011651 -0.0025752 0.0043544 0.040228 0.01071 0.019753 -0.011124 0.043907 0.023008 -0.0023934 0.0027435 0.004174 0.003523 -0.0046264 -0.0059687 0.017072 0.015652 0.21401 0.10979 0.3179 0.24244 0.1597 0.26806 0.16035 0.3032 0.0031452 0.026939 0.0050238 0.026939 -0.013448 0.0019253 0.013448 0.012531 0.50901 -0.11248 0.51484 0.11469 0.011385 -0.00048576 0.011385 0.008837 -0.00014695 4.9092e-05 0.00014695 4.9092e-05 -0.0023581 0.00055371 0.003025 0.0021356 0.063335 0.014462 0.067589 0.025365 0.0084335 -0.0014414 0.0084335 0.0033199 0 0 0 0
-0.0043211 -0.003491 0.0046502 0.0039125 0.0085675 -0.0074578 0.018277 0.013878 -0.0011425 -0.002473 0.025652 0.010121 0.007387 -0.0050041 0.007387 0.0050041 -0.02018 0.0064975 0.036287 0.018153 0.1751 0.16387 0.28991 0.26739 -0.11857 0.29529 0.3238 0.38361 0.041245 0.039507 0.044277 0.052741 -0.027566 0.0083141 0.048832 0.0201 0.37191 -0.024036 0.46361 0.23714 -0.0087659 0.05109 0.02296 0.05109 0.00072922 0.00088152 0.00072922 0.00088152 -0.0029475 0.0084023 0.0030059 0.0084136 0.012649 0.031226 0.012649 0.031226 0 0 0 0 0 0 0 0
-0.0069971 -0.0010315 0.0070986 0.0019383 0.067122 3.3416e-05 0.072106 0.02195 0.016117 0.0043565 0.016117 0.0056299 0 0 0 0 -0.029282 0.0069976 0.029419 0.015471 0.48913 0.14614 0.52585 0.15351 0.012649 -0.0023588 0.014208 0.010133 0.00024541 -8.4074e-05 0.00025638 8.4074e-05 -0.017417 -0.0074306 0.017417 0.01023 0.25033 -0.14851 0.30129 0.22753 0.083646 -0.28816 0.090076 0.30868 0.0078298 -0.030319 0.0085187 0.031626 -0.0009871 -0.00029591 0.0011654 0.00083518 0.004745 0.003107 0.011101 0.012328 0.013473 -0.022554 0.022944 0.030269 -0.00062058 0.00029848 0.001028 0.0019176
0.00049291 0.00051192 0.0015024 0.0049266 0.051173 -0.04915 0.052625 0.04927 0.00062435 -0.00022674 0.00062435 0.00032352 -5.3885e-06 -5.3885e-06 5.3885e-06 5.3885e-06 -0.030814 -0.0015982 0.03395 0.013932 0.46008 0.11373 0.56698 0.15192 0.0072124 -0.0015318 0.0072124 0.0044559 -0.00039078 -0.00024831 0.00039078 0.00036096 -0.014389 -0.0045056 0.014789 0.0053099 0.20608 -0.17129 0.2976 0.20668 0.088475 -0.3014 0.092 0.31629 -0.0073883 -0.04243 0.01936 0.044374 -0.0013602 -0.0013255 0.0020532 0.0024445 -0.003019 0.013242 0.023966 0.013439 0.022961 -0.0064667 0.033861 0.020463 -0.0070096 0.00063732 0.0083782 0.0026055
0.0022546 -0.0069872 0.0026579 0.010051 0.026725 -0.045687 0.026725 0.045687 0 0 0 0 -6.4013e-06 -1.523e-05 6.4013e-06 1.523e-05 0.0066458 0.0057862 0.0086744 0.019454 0.38776 0.037582 0.58379 0.2409 0.0029115 -0.00020885 0.0039485 0.0020311 -0.036624 -0.019318 0.037242 0.019371 -0.0098091 -0.007717 0.013092 0.0097919 0.19815 -0.17786 0.3019 0.20864 0.056538 -0.30062 0.13724 0.31854 -0.050909 -0.032044 0.057196 0.04266 0.00060953 0.0018848 0.001512 0.0030174 -0.01292 0.0092972 0.020712 0.013491 0.013016 0.0014466 0.09587 0.026831 -0.0011068 4.2538e-05 0.0068535 0.0021618
-0.0030647 -0.0054924 0.0034782 0.0054924 0.032954 -0.046164 0.034362 0.046347 0 0 0 0 0 0 0 0 0.0031032 0.0033161 0.010601 0.0083102 0.33506 0.080166 0.508 0.27392 -0.0048619 -0.011757 0.020171 0.017535 5.0106e-05 -0.034102 0.0071032 0.034102 -0.0032405 -0.0021269 0.0077718 0.025625 0.18358 -0.1402 0.332 0.21895 -0.12549 -0.33352 0.26734 0.34227 0.020767 -0.029313 0.030264 0.045365 -0.0012926 -0.00099921 0.0027571 0.0023887 -0.0092052 -0.011967 0.055366 0.034304 0.0062009 0.010291 0.026872 0.024633 0.00025589 0.0026616 0.004972 0.0036109
0.0014239 -0.0069913 0.0059622 0.0093787 -0.019511 -0.0023042 0.063406 0.043784 0.053798 -0.022564 0.05384 0.023115 2.0641e-05 -2.0641e-05 2.0641e-05 2.0641e-05 0.0050444 -0.0036397 0.013271 0.023515 0.074451 0.030415 0.55337 0.18635 0.25378 0.10939 0.27109 0.15927 -0.027038 -0.023528 0.032706 0.042765 0.018682 -0.0090228 0.027908 0.02058 0.23514 -0.12444 0.33619 0.165 0.028224 -0.21722 0.16292 0.40346 -0.0055447 0.015187 0.025271 0.03895 -0.00043422 0.003035 0.0054823 0.0035918 0.023514 -0.021693 0.037531 0.026688 0.018523 0.00023794 0.038387 0.040288 0.0011966 -0.0015616 0.005516 0.004953
0.0012013 -0.0018069 0.0047379 0.011983 -0.011711 0.0026791 0.026674 0.023092 0.0044422 0.00049769 0.02533 0.0087238 0.0059511 0.0027648 0.0060099 0.0029603 0.031988 -0.024661 0.035978 0.044027 -0.035989 -0.20269 0.11997 0.21003 0.38392 -0.043757 0.39241 0.24992 0.0018343 0.0021357 0.0020579 0.0022753 -0.015748 0.025746 0.026722 0.029315 -0.033141 0.10885 0.13294 0.17687 0.45085 0.084569 0.45085 0.1823 0.00092234 -0.00039743 0.00096208 0.00057879 0.003923 -0.0048025 0.0050396 0.0065305 -0.028959 -0.011178 0.038829 0.017522 0.067513 -0.026768 0.069097 0.042822 0.0010083 -0.0029509 0.0010934 0.0032123
-0.013871 0.0037891 0.014481 0.011612 -0.0081582 -0.0043651 0.03334 0.031758 -0.0087833 -0.024708 0.029714 0.045758 0.00033062 0.00018855 0.0042832 0.0079526 -0.016136 -0.068011 0.06267 0.07347 0.026357 -0.016449 0.35535 0.35588 -0.080452 0.072871 0.19988 0.32698 0.011354 -0.033272 0.03584 0.076476 -0.028955 0.025401 0.051499 0.064463 0.12973 -0.12581 0.36681 0.25451 -0.15183 -0.0049479 0.40442 0.341 0.043242 0.020672 0.052834 0.039148 -0.0084572 0.0033393 0.0097603 0.0052397 -0.0065456 0.015828 0.011023 0.025146 0.031596 -0.0087297 0.071219 0.032706 -0.0010405 0.00031174 0.0092007 0.0035195
-0.00067178 -0.0051755 0.0022524 0.0054335 0.010099 8.5233e-05 0.0114 0.018923 -0.005166 0.0061027 0.0072764 0.015675 -0.0039763 0.0017084 0.0047453 0.0030649 -0.03362 0.012647 0.03819 0.020687 0.11405 -0.15016 0.13107 0.27682 0.14775 -0.0097876 0.32283 0.23322 -0.06266 -0.0048398 0.066137 0.014962 -0.012963 0.0040852 0.013807 0.010087 -0.095969 -0.012392 0.097563 0.048652 0.42994 0.015492 0.65627 0.064754 -0.098297 -0.00027737 0.10377 0.0092534 -0.0011152 -0.00033154 0.0020167 0.0010127 -0.01233 -0.00039184 0.012863 0.009909 0.059011 0.0035447 0.10405 0.0073774 -0.011903 0.00073978 0.012894 0.0012342
-0.00047687 -0.0004076 0.00047687 0.0004076 -0.051971 -0.019264 0.05399 0.019446 0.046521 -0.0040179 0.050333 0.011978 -0.0036481 0.00043931 0.0073999 0.0010645 -0.0033573 -6.4033e-05 0.0033573 0.0032105 -0.36887 -0.026625 0.37519 0.099866 0.36852 -0.055341 0.38805 0.083113 -0.024748 0.0020061 0.048749 0.01326 -0.0018184 0.00087094 0.0019773 0.001579 -0.28743 0.13589 0.30871 0.15651 0.25277 0.10171 0.29627 0.11853 -0.015036 0.0039035 0.033432 0.0066177 -4.5495e-05 -4.0014e-05 5.3171e-05 7.3804e-05 -0.031398 0.0075758 0.031766 0.0077537 0.017748 -0.0085123 0.026027 0.010127 -0.00082415 0.00025664 0.0017248 0.00079496
0.0015211 -0.0078513 0.0015665 0.0079978 0.033898 -0.056624 0.033929 0.056655 0.0088606 -0.01173 0.0088606 0.01173 0 0 0 0 -0.0045619 0.012601 0.010277 0.028796 0.041517 -0.20556 0.10312 0.258 0.3119 -0.16206 0.34741 0.17318 0.00067767 -4.3013e-05 0.00067767 0.00020896 -0.037468 0.00044451 0.03769 0.010435 -0.045769 -0.026683 0.084322 0.038937 0.52289 0.1033 0.52289 0.1085 0.00043097 -0.0001057 0.00043097 0.00069186 -0.0055321 -0.00027663 0.0055597 0.0016957 0.0062332 0.017731 0.016392 0.020579 0.067821 0.010916 0.067821 0.011551 5.9562e-05 -7.1757e-05 0.00011483 7.1757e-05
0.0077352 0.0020427 0.010127 0.0043876 0.013332 0.055085 0.064363 0.060063 0.028136 0.0032015 0.03667 0.029844 0.00065827 -0.00089931 0.00068387 0.00093639 0.019451 0.0054457 0.0252 0.014874 0.23006 -0.098909 0.33403 0.19756 -0.13884 -0.028623 0.36249 0.19107 0.052482 0.005684 0.052646 0.016874 0.01724 0.0046389 0.028184 0.029998 0.089037 -0.075129 0.46495 0.37157 0.1335 -0.0031358 0.32281 0.26971 0.0021571 0.002115 0.0028456 0.0027065 -0.00092487 0.0045759 0.0054371 0.010483 0.021653 0.044435 0.049875 0.077949 0.018979 0.020688 0.01928 0.020729 -1.1242e-05 4.3692e-05 1.1242e-05 4.3692e-05
0.003763 -0.0056638 0.0046819 0.0074656 0.015418 -0.07172 0.050728 0.074919 -0.033564 -0.0081378 0.070859 0.033322 0.0066949 -0.0022884 0.0067709 0.0023849 0.011955 -0.015633 0.021717 0.023578 -0.031395 -0.078547 0.18362 0.21895 0.053371 -0.041978 0.62772 0.2273 0.10527 0.0019056 0.1054 0.015521 0.015259 -0.013081 0.043817 0.01783 -0.038058 0.054088 0.13897 0.09073 0.28615 0.062497 0.50669 0.17487 0.033829 0.0094564 0.036661 0.022313 -0.0030688 0.0020954 0.003617 0.0024405 0.0034683 -0.021098 0.022755 0.021343 0.030346 -0.0047916 0.043186 0.02668 0.0032419 -0.0061797 0.0062126 0.0097025
-0.0034918 -0.0022975 0.0057218 0.0042142 -0.0048299 -0.044858 0.013955 0.053906 -0.0084573 -0.014335 0.023728 0.038969 0.0024069 0.0014467 0.0039233 0.0043504 -0.00057057 -0.0027582 0.038838 0.026661 -0.058672 -0.043781 0.20306 0.23563 0.055996 -0.12602 0.13851 0.34898 0.0095743 -0.0099078 0.030378 0.017056 -0.016446 -0.004182 0.027695 0.028324 -0.083878 0.099079 0.38729 0.14774 0.18466 0.21792 0.58492 0.31547 0.020904 -0.0012341 0.022272 0.0059421 -0.0019388 0.0013998 0.0023061 0.0015048 -0.0076183 0.0015095 0.060651 0.013213 0.028243 -0.011409 0.080706 0.019739 -0.0072217 0.0014751 0.010332 0.0028381
0.0032472 -0.0026969 0.0035124 0.0042679 0.026396 -0.043803 0.026754 0.044169 -0.004218 -0.02596 0.010857 0.030505 -0.0018091 -0.0012823 0.0052057 0.0025329 0.0010665 0.00090848 0.0134 0.021679 0.27347 0.12499 0.28674 0.29408 -0.042289 0.19601 0.18971 0.35239 -0.0046559 0.0089529 0.012071 0.033691 -0.0059291 0.014647 0.041919 0.03789 0.4097 -0.038148 0.49159 0.2646 -0.027108 -0.0072988 0.13757 0.15195 -0.018785 0.0088517 0.023791 0.031928 0.0031818 0.00043615 0.016008 0.0060193 0.015666 -0.0046468 0.029117 0.017364 0.010912 -0.0011939 0.014073 0.0080026 -0.0017891 0.0015227 0.0021566 0.0021974
-0.00023021 0.00098163 0.002539 0.0023876 0.017896 -0.021032 0.047158 0.031295 0.0029271 -0.003083 0.0029476 0.0032296 0 0 0 0 0.011476 -0.018984 0.029745 0.051811 -0.10222 -0.059091 0.4973 0.19807 0.35719 -0.054814 0.35719 0.05834 7.7007e-05 -7.7007e-05 7.7007e-05 7.7007e-05 -0.0063777 -0.0055751 0.018135 0.020257 0.095699 0.12705 0.48126 0.2047 0.20545 0.045123 0.24976 0.10776 0.0020941 -0.026869 0.0087645 0.026869 -0.00062209 -0.0027254 0.003709 0.0029054 0.020991 -0.035387 0.035691 0.05763 0.019122 -0.025072 0.034148 0.042029 -0.004929 0.00821 0.0075584 0.0091494
0.0023864 -0.0021502 0.0024627 0.0027445 0.0099833 -0.032548 0.014177 0.041602 0.0057198 -0.022148 0.011224 0.024852 -0.0042368 -0.008287 0.0063628 0.0083215 0.0060424 0.013104 0.014794 0.01326 0.031875 -0.048701 0.23054 0.15479 0.10501 -0.019846 0.27534 0.21687 -0.027275 -0.011471 0.036143 0.021977 -0.0074122 -0.0012126 0.0083994 0.0056729 -0.13005 -0.0069818 0.13005 0.046562 0.26557 0.072273 0.78231 0.18064 -0.010398 -0.00021082 0.032318 0.0084327 -0.0022221 -0.00057581 0.0023212 0.00072899 -0.014001 -0.0026142 0.019751 0.0088878 0.03431 0.0088576 0.12993 0.027125 0.00053173 -0.00048028 0.005104 0.0013892
0.00082018 0.0018836 0.0040673 0.0043233 0.01736 -0.0064364 0.034206 0.031131 0.0372 -0.031915 0.041672 0.060007 0.00056733 0.0005459 0.00059954 0.0005881 -0.027684 -0.015412 0.041092 0.036349 0.1036 0.19949 0.28874 0.2976 0.22244 0.22657 0.35001 0.31175 0.0070475 -0.002472 0.0070718 0.002472 0.0050112 0.014368 0.015744 0.025769 0.31619 -0.017009 0.38351 0.24783 -0.113 -0.042631 0.21034 0.22657 0.060971 -0.0074358 0.061207 0.027743 -0.0014304 0.0079213 0.0025271 0.011476 0.0082656 -0.010797 0.032768 0.095583 0.023672 0.0082677 0.029942 0.04644 0.00019521 0.00027861 0.00025818 0.0003499
0.0002546 -0.0056321 0.0074991 0.0057753 0.02354 -0.032907 0.038585 0.037002 0.012751 -0.067082 0.051483 0.07189 0.0012032 -0.0077596 0.0030344 0.0077612 0.0067443 -0.004615 0.021365 0.013164 0.098806 -0.066207 0.27512 0.24387 0.10138 0.054138 0.39856 0.32511 0.042257 0.025213 0.082857 0.039928 -0.03204 0.019093 0.039561 0.06482 -0.073461 0.14276 0.31185 0.37496 0.21764 -0.056761 0.43351 0.14158 0.024718 -0.03974 0.06617 0.058407 0.0047155 0.0016339 0.0063614 0.0024358 -0.017925 -0.012021 0.032008 0.023037 0.029884 0.0039034 0.037241 0.01729 0.0023884 -0.0029038 0.0094038 0.0050045
0.0004725 -0.0075577 0.0020698 0.0087836 -0.010555 -0.031687 0.020076 0.040542 0.02503 -0.0095927 0.027485 0.030669 -0.00029826 0.00085819 0.00079334 0.0031836 -0.015307 0.0021819 0.033198 0.034722 0.048131 -0.12084 0.1208 0.43571 0.072492 -0.018352 0.2231 0.14632 0.00041413 -0.0020509 0.0047204 0.0033098 -0.038518 0.0051155 0.06706 0.0077095 -0.097437 0.26132 0.67435 0.2876 0.16081 6.0504e-05 0.16081 0.042714 -0.00014664 -0.00117 0.0050364 0.0034737 -0.0063611 0.00035321 0.011099 0.00075843 -0.016852 -0.0017694 0.13068 0.01282 0.020582 -0.0017106 0.022105 0.0068216 -0.0021591 -0.0018757 0.0025139 0.0020158
-0.00087951 -0.0048459 0.0076166 0.0057503 -0.00041609 -0.0035565 0.024892 0.030632 0.055933 -0.015889 0.075896 0.027163 0.0011169 -0.0014943 0.0011188 0.0019389 0.029449 -0.00025255 0.043219 0.020298 0.29498 0.15991 0.37052 0.29984 0.042323 0.13218 0.38144 0.16842 -0.030528 -0.00034724 0.037284 0.017581 0.030372 0.0086588 0.064218 0.021592 0.22384 -0.1243 0.28622 0.18936 0.12856 -0.17679 0.35934 0.25402 -0.038766 -0.011881 0.042766 0.017419 0.0017295 0.0018461 0.0030803 0.0020587 0.011572 0.0032226 0.021059 0.032572 0.01913 0.0020016 0.11202 0.030175 -0.0011222 -0.0044542 0.0080391 0.0058472
-0.0019971 0.0011194 0.0058601 0.0032938 0.0075959 -0.0040655 0.016208 0.0081136 0.029881 -0.017263 0.045383 0.025515 0.0001581 -6.9687e-05 0.0001581 6.9687e-05 -0.0052108 -0.010582 0.067924 0.037714 0.10403 -0.048351 0.30665 0.24928 0.26629 0.01962 0.35441 0.30047 0.00061034 0.0002412 0.00061034 0.00029943 -0.011536 0.0036859 0.036829 0.058368 0.17461 0.11049 0.3236 0.23927 0.22872 0.14488 0.36454 0.32077 0.00044579 -0.0012094 0.00058572 0.0014892 0.0011 0.0089309 0.0028855 0.0094007 0.0042517 0.044094 0.036766 0.082628 0.029107 0.02841 0.029235 0.038225 -0.00013251 0.00021389 0.00015099 0.00025625
-0.0028213 -0.00094899 0.0028457 0.0010124 0.024513 0.0003474 0.060399 0.0075739 -0.028834 -0.0023872 0.061832 0.0040212 0.0089154 0.00064792 0.011198 0.0014652 -0.010165 -0.025176 0.016722 0.028381 0.25067 0.044072 0.52177 0.15149 -0.21057 0.032443 0.27513 0.12243 0.025958 -0.018852 0.028719 0.032948 -0.0040148 0.0047671 0.0083652 0.020655 0.13294 -0.13498 0.19702 0.29571 0.072015 0.13089 0.31736 0.40516 0.042139 0.074598 0.048416 0.081883 -0.0010206 -0.00048528 0.0010917 0.0021662 0.0037434 -0.015182 0.0064951 0.016552 0.10647 0.0020272 0.10795 0.012156 0.00010714 0.00018494 0.00015969 0.00021772
-0.003176 0.0028281 0.0050004 0.003249 0.029531 0.01426 0.031707 0.017644 0.014653 0.01008 0.071797 0.01092 0.0016587 0.00076657 0.007721 0.0014344 -0.022262 0.004189 0.024233 0.0077905 -0.019522 -0.078555 0.20538 0.11904 0.20453 -0.14595 0.45448 0.15478 0.02586 -0.0032431 0.048674 0.021151 -0.019365 -5.8694e-05 0.020242 0.0058908 -0.16999 -0.01993 0.32584 0.052116 0.27262 0.096751 0.58668 0.17339 0.08407 0.0090607 0.092192 0.026084 -0.0030559 -0.0015108 0.0032612 0.0018328 -0.0041568 0.0033582 0.057971 0.022213 0.045573 0.013379 0.098743 0.038655 -0.00091171 -0.0008713 0.0032084 0.0012162
0.0014681 -0.003805 0.004905 0.0091064 0.0078898 -0.010522 0.05556 0.025678 0.0080986 0.0072571 0.067382 0.035092 0.008757 0.0056215 0.012917 0.0067119 0.019098 0.0039246 0.073298 0.034249 -0.074134 0.028635 0.40541 0.15389 0.27312 -0.10119 0.37246 0.18132 0.037372 -0.010236 0.060812 0.046252 -0.0033974 0.010283 0.016756 0.039587 -0.11343 0.066697 0.34884 0.26999 0.29359 0.093751 0.42697 0.15364 0.027786 0.00037205 0.077496 0.028815 4.6951e-05 0.0017033 0.00073237 0.0018913 0.0019615 0.0061544 0.006212 0.0080058 -0.010856 -0.0015267 0.037679 0.010174 0.014711 -0.00092697 0.017641 0.0023435
0.00020438 -0.00044344 0.0031609 0.0026244 0.00043522 -0.012068 0.020299 0.012441 -0.0012591 -0.008352 0.0058203 0.010591 0.00031297 -0.00053408 0.00046772 0.00085824 -0.052411 -0.029047 0.060996 0.031108 0.16236 -0.015358 0.2822 0.25781 -0.035612 0.010321 0.2238 0.26169 0.0024443 -0.017019 0.0075566 0.01748 -0.025925 0.009013 0.031022 0.028619 0.36924 0.026935 0.42857 0.10642 -0.34444 -0.064146 0.45711 0.13497 0.014976 0.0040464 0.020065 0.043344 -0.0079413 -0.0016156 0.0089976 0.0032822 0.03239 -0.012009 0.042708 0.020598 -0.018633 -0.018869 0.068777 0.03023 0.0078025 0.0052828 0.010332 0.016972
-0.00063268 0.0060808 0.0032327 0.0099854 0.024859 0.0054455 0.045763 0.040049 0.023669 -0.02453 0.054834 0.042028 0.00037028 4.129e-05 0.00037028 0.00015991 -0.052459 -0.017517 0.055698 0.10912 0.058268 -0.032899 0.40523 0.14516 0.30111 -0.0097517 0.45049 0.25346 0.019285 -0.026756 0.019285 0.026937 -0.0018376 0.024745 0.005318 0.026852 0.005665 0.12085 0.22153 0.21027 0.2809 0.031303 0.44059 0.14988 -0.023643 0.0013269 0.092944 0.02425 0.0006901 -0.0012479 0.00088675 0.0013319 -0.0048818 -0.0080087 0.0077288 0.0081716 0.033849 0.0071587 0.064778 0.01509 -0.0034065 0.0036445 0.013203 0.0043992
0.015241 0.0043304 0.01905 0.0058667 -0.020372 -0.0045265 0.095559 0.029123 -0.00072695 0.0055597 0.037617 0.023908 0.00059201 0.0014934 0.0034977 0.0019882 -0.0081167 -0.0039342 0.074649 0.077241 -0.10487 -0.12684 0.47096 0.21562 0.22452 -0.06169 0.23166 0.11709 -0.0093488 -0.0029661 0.025461 0.011289 -0.0071109 -0.010243 0.024705 0.055685 -0.060851 0.1322 0.32096 0.37203 0.17779 0.19896 0.31422 0.28858 0.028173 0.022241 0.049566 0.040513 -0.00046648 0.0054462 0.0077976 0.0097999 -0.017469 0.072201 0.069039 0.09237 0.056277 0.054556 0.064748 0.054556 0.0016804 0.0050892 0.0016804 0.0050892
-0.013163 -0.0027681 0.013281 0.0031943 0.013004 0.0014541 0.039535 0.0090899 0.007344 0.0036442 0.066246 0.013782 0.0029932 -0.00078914 0.0044395 0.0022193 -0.016244 -0.031693 0.02441 0.038056 0.26778 0.051089 0.33972 0.080174 -0.18816 -0.060589 0.41755 0.12843 0.0065073 -0.011535 0.014572 0.012879 -0.019509 0.021744 0.025934 0.028949 0.26645 0.039746 0.27614 0.32693 -0.26111 -0.040192 0.31974 0.34939 0.0054237 0.021311 0.025381 0.022563 -0.0011859 -0.0022876 0.0040592 0.0032916 0.031153 -0.0014608 0.033961 0.036766 -0.039594 -0.020884 0.05593 0.024751 0.0021776 -0.0025687 0.010071 0.0037258
-0.00036857 0.0021168 0.0010773 0.0035569 -0.020438 -0.017967 0.020668 0.018448 0.073297 -0.013321 0.073297 0.013819 0.00040039 -0.00011109 0.00040039 0.00011764 -0.0084283 0.0054637 0.0086579 0.0063151 -0.16935 -0.020272 0.17376 0.039964 0.50424 -0.034285 0.50693 0.046885 0.0032415 -0.00050449 0.0037449 0.002093 -0.0063333 -0.0051988 0.0081533 0.011344 -0.10415 0.14709 0.16993 0.20735 0.37634 0.052553 0.38255 0.11063 0.0036821 0.00046674 0.0037592 0.0012925 -0.00025219 0.0003888 0.00077865 0.0014577 -0.0094372 -0.0030473 0.010998 0.0091573 0.040226 -0.0057715 0.044382 0.0078134 0.00057022 -3.9473e-05 0.00058231 0.00028535
-0.0065383 0.00035052 0.020166 0.0008149 0.020574 0.0015119 0.028943 0.01397 0.014706 -0.0020176 0.016367 0.0069404 -0.0027729 -0.0003773 0.0027729 0.00087746 -0.041426 -0.00070452 0.13896 0.0084022 0.051543 -0.1896 0.18485 0.19236 0.21535 -0.084807 0.23673 0.35155 -0.0094654 0.0013153 0.015553 0.0093783 -0.0010401 0.0030735 0.079029 0.078407 -0.090411 0.16152 0.35389 0.28179 0.33201 0.12893 0.3857 0.27011 -0.016379 0.010691 0.023947 0.030987 0.0034757 -0.0066727 0.0046246 0.010369 0.0059622 0.011619 0.080089 0.060805 0.050895 -0.061829 0.06146 0.101 0.0014307 0.013899 0.0016968 0.013934
0.0066929 -0.00094622 0.010661 0.0021604 -0.039904 -0.023477 0.059868 0.028082 0.0074787 -0.0016685 0.031382 0.022761 0.011338 -0.0044456 0.014452 0.0053713 -0.0099452 -0.00061099 0.031314 0.023625 0.22994 0.031591 0.35521 0.23839 0.088895 0.33989 0.31899 0.34945 0.015981 0.037988 0.061356 0.041953 -0.042582 0.023068 0.048881 0.046752 0.32837 -0.015518 0.36395 0.093727 0.21287 -0.090836 0.24355 0.15356 -0.01311 -0.0064534 0.031927 0.010277 -0.010109 -0.0042758 0.011638 0.0043105 0.028327 0.0048264 0.035882 0.015007 0.0059686 -0.014102 0.019089 0.024 0.0011541 -0.013595 0.009406 0.015442
0.0119 0.0042246 0.019602 0.0066681 -0.0017899 -0.002334 0.085033 0.03297 -0.020156 -0.0069375 0.055521 0.022421 0.0013326 0.0029637 0.0024016 0.0032551 -0.028926 -0.018942 0.076352 0.083531 -0.092474 -0.11292 0.54244 0.23765 0.21749 -0.028714 0.24036 0.10264 -0.0043072 -0.0017002 0.0073552 0.0046691 -0.0047235 -0.0044995 0.036249 0.046513 -0.082658 0.05573 0.36876 0.27424 0.187 0.12224 0.28565 0.314 -0.0080202 -0.0080947 0.014199 0.0098803 -0.0014454 0.0021702 0.004106 0.0063033 -0.023737 0.05881 0.054474 0.081366 0.050983 0.025695 0.074105 0.080558 -0.0034101 0.0085546 0.0085534 0.014379
0.0095106 -0.00047766 0.011399 0.0029841 0.026267 -0.036903 0.070774 0.053481 0.0029455 -0.0021353 0.0029455 0.0021353 0 0 0 0 -0.00065652 -0.002134 0.031979 0.026733 -0.025064 -0.043757 0.62033 0.17182 0.2872 -0.022277 0.2872 0.046295 0 0 0 0 0.039766 0.011454 0.053403 0.022705 0.098531 0.19498 0.52364 0.22731 0.1004 0.046189 0.1004 0.046938 0 0 0 0 0.013902 0.0025474 0.014551 0.0027386 0.00061714 0.00026149 0.00061714 0.00042559 0 0 0 0 0 0 0 0
-0.0039217 -0.0083069 0.0039217 0.0083069 0.0094452 -0.13114 0.016564 0.13114 0.012933 -0.027222 0.012933 0.027222 -7.7059e-05 -0.00011831 7.7059e-05 0.00011831 -0.092541 -0.037206 0.092541 0.039076 0.1778 -0.0016995 0.20525 0.22563 0.13521 -0.18034 0.36739 0.41192 0.050129 -0.0019866 0.050283 0.0147 -0.040128 -0.0047588 0.043803 0.02971 0.23407 -0.00045953 0.25405 0.14299 0.14313 0.0569 0.48639 0.20365 0.010571 0.0057691 0.010571 0.0057691 -0.00011195 0.0025495 0.0068452 0.0036768 -0.0075692 0.0091603 0.031194 0.018106 0.061357 0.022654 0.07141 0.026371 7.5166e-05 1.6816e-05 7.5166e-05 1.6816e-05
0.00041181 -0.0010032 0.003723 0.0020181 0.042787 -5.2731e-05 0.079887 0.01467 0.0031944 -0.00014023 0.089217 0.012751 -0.0077332 0.0049829 0.015581 0.0050009 -0.0080126 -0.0057941 0.022621 0.0082814 0.29409 0.057064 0.50003 0.19905 0.094474 0.12809 0.25481 0.14296 0.00091487 0.01059 0.0056529 0.01059 -0.0053799 -0.0025267 0.009473 0.010118 0.45452 -0.099117 0.50374 0.10887 0.014526 0.0010255 0.014526 0.011836 0 0 0 0 -4.8069e-05 -0.00017392 0.00090321 0.00075639 0.062722 -0.0070064 0.069876 0.012515 0.0092128 -0.0038135 0.0093465 0.0042738 0 0 0 0
0.00085784 -0.0010499 0.0010011 0.0014723 0.0047354 -0.0058406 0.013116 0.01898 0.019191 0.018644 0.027825 0.046056 0.00055287 0.00098737 0.0018187 0.004698 0.0090067 0.012392 0.022053 0.030448 -0.057603 -0.01367 0.10432 0.11992 0.38374 -0.11952 0.43281 0.24586 -0.0069787 0.012679 0.019478 0.021828 0.0082249 0.040338 0.045182 0.051779 -0.12235 0.16329 0.44979 0.31736 0.2688 0.12801 0.2688 0.18751 0.0036944 0.00048693 0.0065605 0.0063037 0.0057435 -0.0058197 0.0065119 0.0063052 -0.032061 0.0084346 0.056417 0.034092 0.026944 -0.016009 0.026944 0.020923 0.001939 -0.0011875 0.0024602 0.0014491
-0.00044353 -0.0019993 0.00080204 0.0020425 -0.027994 0.016709 0.032309 0.031578 0.047111 0.028057 0.05669 0.0281 0.0029033 0.0016822 0.0029464 0.0017313 -0.0052407 -0.00011269 0.0092126 0.0058975 -0.1453 -0.071769 0.14955 0.13175 0.50683 0.1036 0.57588 0.22128 0.0052221 -0.0010197 0.0056958 0.0020112 -0.014789 -0.011156 0.015124 0.012738 -0.027773 0.032671 0.11589 0.1569 0.22834 -0.11959 0.23474 0.32239 0.024574 -0.057927 0.02513 0.059562 -0.0012691 -0.0016623 0.0015315 0.0019102 0.0044914 0.0040803 0.007063 0.0077354 0.0069969 -0.0091352 0.016118 0.024372 0.0031033 -0.0019591 0.0039215 0.0048649
0.0044225 0.00099257 0.0083755 0.0019352 0.001073 0.0047351 0.025071 0.023105 0.018512 0.036149 0.099907 0.054331 0.0079111 0.0038178 0.0079111 0.0038217 -0.0086533 -0.0075284 0.021546 0.017134 0.29692 0.021298 0.37012 0.25595 0.1233 -0.043961 0.29022 0.24614 0.012159 -0.024011 0.012159 0.024871 0.00088271 0.02291 0.02818 0.026293 0.30134 0.10013 0.40531 0.13804 -0.047518 0.078588 0.45199 0.11277 0.0018212 -0.0085168 0.075476 0.042269 0.003619 0.001099 0.0043234 0.0012337 0.038831 -0.0091277 0.057458 0.020152 -0.0093973 -0.0073947 0.060861 0.011479 -0.0010152 -0.0022319 0.00684 0.0024519
0.0025048 -0.0025499 0.0043907 0.0040312 0.0013124 -0.0083859 0.015545 0.019619 0.024147 0.029352 0.050474 0.067793 -0.00099416 -0.0066473 0.0082871 0.0091273 0.0003403 0.024571 0.042379 0.042011 0.23761 0.13597 0.31743 0.30949 -0.091691 0.25644 0.20422 0.48006 0.025503 0.035296 0.025545 0.035296 0.03548 0.028248 0.061948 0.043583 -0.080728 0.037513 0.42812 0.21101 0.19412 -0.12455 0.19538 0.14276 0.00026787 8.3911e-05 0.00026787 8.3911e-05 0.0033306 0.0013944 0.0055366 0.0058493 -0.032723 -0.003434 0.044591 0.027732 0.044321 0.027958 0.044321 0.027958 0 0 0 0
0.00084639 -0.0017632 0.0020021 0.0021948 0.002182 0.0018504 0.012412 0.010063 -0.009777 0.0068587 0.021224 0.013485 -0.0030567 0.00017352 0.0038435 0.00094697 0.0049012 -0.054671 0.015479 0.057066 0.23132 -0.083412 0.31309 0.34655 -0.076398 0.094087 0.2683 0.20032 -0.023208 0.00042445 0.023627 0.016441 -0.0086886 0.021284 0.022271 0.026357 0.40799 -0.10995 0.4376 0.24228 -0.045193 -0.037574 0.1918 0.29021 -0.0041174 0.04267 0.031828 0.061857 -0.0043675 -0.0019807 0.0089987 0.0056913 0.045352 0.019437 0.053234 0.086858 0.042328 0.00030301 0.053398 0.078739 0.0049805 0.01006 0.004995 0.010404
0.0043362 -0.0013925 0.00667 0.0036452 0.031844 -0.021929 0.050628 0.047316 0.0011992 -0.0011992 0.0011992 0.0011992 0 0 0 0 0.04342 0.017574 0.058477 0.025324 -0.064714 -0.069667 0.5634 0.18693 0.30862 -0.08613 0.30862 0.09679 0 0 0 0 -0.0018796 -0.0083028 0.0099992 0.010979 0.10633 0.10439 0.5145 0.14687 0.20315 0.10836 0.20315 0.10836 0 0 0 0 -0.0002041 -0.00014185 0.00071973 0.00096055 0.042728 0.0021575 0.044924 0.005196 0 0 0 0 0 0 0 0
-0.00043259 6.123e-06 0.00043259 8.6065e-05 -0.039997 0.0036149 0.059528 0.042384 0.036721 0.015875 0.067196 0.032703 -3.6347e-05 -4.3308e-05 0.011931 0.0073687 -0.0020849 -0.0003233 0.0020849 0.00096537 0.089033 0.026882 0.35887 0.13763 -0.087994 0.0083159 0.30481 0.12091 -0.054603 -0.0020654 0.068693 0.025867 -0.0017566 0.00029359 0.0017566 0.0014138 0.12199 0.077195 0.4962 0.19455 -0.21329 -0.11324 0.55796 0.14953 0.012424 -0.0092031 0.034461 0.014379 -0.00016966 -6.5756e-05 0.00016966 8.7779e-05 -0.0055035 -0.010478 0.0090444 0.01749 -0.035648 0.013873 0.061179 0.034628 -0.0038812 -0.0027538 0.0064818 0.0039572
7.3556e-05 0.0090197 0.0013242 0.011351 0.0094741 0.032373 0.028659 0.059821 -0.0027643 -0.0064157 0.039371 0.043622 0.0023081 -0.0053066 0.010165 0.0087842 0.0087156 0.067774 0.012277 0.11612 0.04956 0.10968 0.43547 0.31754 -0.10977 0.026224 0.33834 0.18422 0.042718 0.0086604 0.071237 0.027452 -0.0053544 -0.073997 0.0089811 0.10309 0.1277 -0.085551 0.36273 0.32806 -0.15787 0.033491 0.35332 0.2383 0.059028 0.0059853 0.081281 0.024747 0.00027608 0.0017527 0.00077892 0.0022875 0.0010262 0.0093065 0.0041364 0.0095678 0.0012966 0.017168 0.0070776 0.017996 0.0013836 -0.0019334 0.0088404 0.0023349
-0.00020689 0.0037727 0.0013597 0.0038602 0.024353 0.0051035 0.027365 0.025797 0.05133 -0.028544 0.053954 0.03086 0.0017366 -0.0014152 0.0017402 0.001691 -0.0137 -0.0039001 0.01942 0.020429 0.10718 0.10218 0.39077 0.40616 0.13298 0.07447 0.20701 0.20219 0.090215 -0.049695 0.093747 0.051326 -0.021424 -0.019425 0.023536 0.019729 0.25812 -0.16102 0.37083 0.30717 0.056755 0.066313 0.22798 0.20521 0.011199 -0.032416 0.038929 0.033281 0.0019391 0.0033585 0.0058485 0.0083087 0.08056 0.13777 0.10886 0.17818 -0.071137 -0.030166 0.083166 0.084531 -0.0056582 -0.00036209 0.0071659 0.003978
0.00176 0.00040423 0.0075336 0.0021312 0.028722 0.031203 0.060403 0.045395 0.026786 0.035736 0.045174 0.040216 1.43e-06 1.43e-06 1.43e-06 1.43e-06 -0.0086847 0.018403 0.030647 0.034706 0.30922 0.0751 0.35231 0.19799 -0.0058192 -0.045184 0.41256 0.19834 0.00088979 -0.00017431 0.00088979 0.00027703 0.022445 0.007119 0.036588 0.010308 0.21543 -0.064794 0.41915 0.12964 -0.039989 -0.068587 0.47964 0.11895 0.0026402 -9.4676e-05 0.0026402 0.00075203 0.0016771 -0.0019277 0.0037808 0.0023492 0.034737 0.023915 0.049175 0.030314 -0.0067763 0.017814 0.072499 0.040352 9.3342e-05 3.4342e-06 9.3342e-05 4.8388e-05
-0.0011784 0.0098838 0.0042698 0.012433 0.02396 -0.031976 0.040664 0.042993 0.031264 -0.010499 0.076719 0.060361 -0.015802 0.00032162 0.02542 0.003458 -0.0095047 -0.024587 0.037254 0.045337 0.12917 -0.0041773 0.37819 0.11094 0.20723 0.041678 0.43379 0.1957 -0.071015 0.050403 0.13731 0.053063 0.02579 0.021618 0.032641 0.026538 0.026864 -0.065292 0.38879 0.1914 0.24954 -0.13391 0.40851 0.19796 0.022575 -0.043199 0.036108 0.074567 0.010564 -0.0032707 0.011289 0.0048452 -0.053523 0.024252 0.056765 0.029256 0.046552 0.0038291 0.067505 0.020616 0.0093038 0.0039492 0.014758 0.0063084
-0.001566 0.0038383 0.0052349 0.0051331 0.012865 0.015577 0.03416 0.031048 0.0031508 0.010292 0.017488 0.01412 0.0019443 0.0006109 0.0025143 0.00080932 -0.099219 0.025389 0.099219 0.061954 0.11288 -0.0063505 0.5176 0.18916 -0.10075 -0.0048466 0.10691 0.06194 0.024039 -0.0011043 0.024039 0.009761 -0.15237 0.014803 0.15237 0.039065 0.011075 0.1545 0.34857 0.50024 -0.06104 -0.15881 0.13678 0.22632 0.04789 0.016221 0.04789 0.016221 -3.761e-05 3.761e-05 3.761e-05 3.761e-05 -0.025532 0.089844 0.025532 0.089844 -0.022936 0.17665 0.026443 0.17665 0.0064235 0.013224 0.0064501 0.013225
-0.00039942 -0.0011475 0.0055879 0.0020091 -0.019493 -0.032125 0.047367 0.032837 -0.0003933 -0.03181 0.025632 0.032201 0.0001871 -0.0047041 0.0026799 0.0049132 0.0085196 -0.0028252 0.043031 0.027514 -0.19492 -0.1412 0.30686 0.15584 0.28942 0.05704 0.36896 0.20099 -0.032741 0.0088676 0.060305 0.036146 -0.026432 -0.023644 0.035634 0.041024 -0.14183 0.11027 0.18217 0.15909 0.44922 0.014139 0.45867 0.10114 -0.089189 -0.0089235 0.094119 0.014207 0.0015765 0.0012189 0.0037294 0.0028325 -0.034184 -0.0083582 0.040351 0.018935 0.04765 -0.008384 0.05199 0.022378 -0.010359 -0.0033485 0.012403 0.0041543
0.00073972 -0.00044067 0.007645 0.00092398 -0.014155 -0.00076368 0.047278 0.0055927 0.061863 -0.0011864 0.07256 0.006459 -0.012257 -0.0010139 0.013325 0.0016405 -0.010533 -0.0030906 0.057421 0.0062118 -0.070138 -0.012713 0.26573 0.036807 0.45511 0.010645 0.51062 0.060772 -0.098846 -0.0053925 0.10109 0.0080675 -0.024881 -0.0001982 0.045189 0.031431 -0.054091 0.065025 0.26705 0.11539 0.35763 -0.027175 0.37631 0.19518 -0.060885 -0.0096306 0.065257 0.033668 -0.0054591 -0.00099349 0.0065349 0.0031683 -0.0067454 -0.00025509 0.016955 0.020302 0.026243 -0.0093436 0.026486 0.021763 0.00080303 -0.00070973 0.0013189 0.0019074
-0.0031081 0.0037921 0.0045826 0.0058143 0.027482 0.015917 0.03541 0.020398 -0.0059286 -0.00055489 0.0117 0.010057 0.00021355 0.00044751 0.0010962 0.00080585 -0.21013 0.03158 0.21013 0.050906 0.31506 -0.051347 0.34534 0.16543 -0.11094 0.026798 0.12409 0.067736 0.0016683 -0.0046626 0.010052 0.012571 -0.20515 0.018364 0.20515 0.039837 0.18954 0.052616 0.33608 0.27958 -0.11798 -0.23418 0.16536 0.30151 0.014021 -0.0027239 0.016465 0.021415 -0.0009815 0.0011408 0.0009815 0.0011408 -0.037136 0.16052 0.037136 0.16052 -0.014924 0.17841 0.016354 0.17841 0.0040081 0.021489 0.0040387 0.021489
0.001003 -0.001614 0.0029107 0.0022164 0.073775 -0.020139 0.10419 0.021843 0.0064404 -0.0018748 0.0065917 0.0027797 0 0 0 0 -0.022247 0.023555 0.025346 0.023593 0.15591 0.001379 0.44837 0.1238 0.37636 -0.069642 0.37636 0.071917 0 0 0 0 -0.011644 -0.032312 0.013332 0.032382 0.13221 0.024337 0.30434 0.18109 0.36941 0.04323 0.36959 0.050996 0.00010791 -0.00022282 0.00010791 0.00022282 0.0017206 0.010774 0.0034723 0.010806 0.045671 0.095406 0.045717 0.095406 0.010696 0.0091611 0.011146 0.009419 7.0733e-05 -6.4297e-05 8.0456e-05 8.0456e-05
0.0020524 -0.0040024 0.0065342 0.0040178 -7.9394e-05 0.019949 0.019516 0.053412 0.0060184 0.014363 0.027065 0.041684 -0.00026979 -0.00085452 0.0018271 0.0034531 -0.004162 -0.0045396 0.01823 0.0088957 0.32298 0.014607 0.33536 0.08214 -0.27846 0.021272 0.40359 0.10969 0.0032799 -0.02716 0.009323 0.032183 -0.016529 0.017524 0.018393 0.026122 0.32087 -0.021882 0.34924 0.068018 -0.35079 -0.049416 0.37476 0.082911 0.025874 0.020075 0.027203 0.028122 -0.0050698 -0.0016794 0.0055917 0.0019877 0.02955 -0.014405 0.033326 0.025138 -0.038107 -0.022606 0.041061 0.025794 0.012178 -0.0025891 0.012187 0.0055937
-0.0088015 0.0003776 0.01012 0.0061716 0.034207 0.0068965 0.042832 0.013038 0.0042926 0.016816 0.039404 0.030457 -0.00039737 0.0012274 0.0030046 0.0036172 -0.0067335 -0.01559 0.024061 0.040018 0.043506 -0.024938 0.40969 0.18282 0.037884 -0.19804 0.27936 0.51676 -0.0078532 -0.013109 0.014638 0.03583 -0.0021578 -0.0027057 0.014679 0.011943 -0.011747 -0.094467 0.12931 0.14163 0.27927 0.089458 0.48306 0.15655 -0.028209 0.011654 0.033164 0.013932 -0.0024082 0.0062422 0.0027669 0.0065643 -0.0076477 0.016987 0.020732 0.0186 0.037576 0.0043032 0.070424 0.008461 -0.0049794 0.00027184 0.0061195 0.00072905
-0.013549 0.00083145 0.013549 0.0035393 -0.018562 0.010811 0.03398 0.022258 0.012885 0.0008822 0.088511 0.016264 0.0037458 -0.0023511 0.0053538 0.0023952 -0.10867 0.0055288 0.10867 0.0055288 -0.12504 -0.099457 0.21266 0.12027 0.25226 0.065776 0.37085 0.22297 -0.0076084 0.052878 0.021049 0.053596 -0.063552 0.00982 0.063552 0.00982 -0.18556 0.075509 0.33063 0.19171 0.37057 0.042118 0.46795 0.18686 -0.003292 0.0024939 0.003292 0.0024939 -0.00027273 0.00012751 0.00028716 0.0002405 -0.0079213 0.10567 0.018934 0.10567 0.019911 0.062756 0.019911 0.062756 0 0 0 0
0.00060853 0.0014904 0.0053249 0.0067609 0.015427 0.0062884 0.044974 0.029536 0.020064 0.03808 0.056605 0.070651 0.0030143 -0.0011811 0.0030243 0.0019272 -0.0036058 -0.0074551 0.033047 0.026651 0.12316 0.049219 0.24081 0.18235 0.23015 -0.034743 0.35075 0.27093 -0.020385 -0.0051367 0.072608 0.032117 0.012702 0.0035773 0.042955 0.033794 0.067958 0.1425 0.19605 0.29285 0.10702 0.014689 0.42667 0.51408 0.037802 0.020225 0.037813 0.020309 0.0011959 0.0038854 0.006222 0.0047394 0.022407 0.0045604 0.043336 0.02644 0.011827 0.021316 0.012214 0.027443 7.8316e-05 3.452e-05 7.8316e-05 3.452e-05
0.00085019 -0.00070994 0.0042637 0.0014815 0.066561 -0.014216 0.10189 0.020064 0.014093 -0.0059014 0.014093 0.0060717 0 0 0 0 -0.025023 0.018774 0.029298 0.018774 0.11679 0.0074068 0.39753 0.10156 0.40963 -0.043398 0.40963 0.048016 0 0 0 0 -0.020618 -0.038921 0.021115 0.039521 0.15137 0.048537 0.3074 0.16755 0.37915 0.031198 0.37915 0.065097 0 0 0 0 0.0013761 0.00864 0.0023976 0.0086716 0.055649 0.064774 0.055649 0.06798 0.011332 0.008353 0.011332 0.008353 0 0 0 0
-0.011937 0.0042505 0.012051 0.0053062 0.06151 -0.03455 0.075857 0.04875 0.0022918 -0.0029112 0.002882 0.0039294 0 0 0 0 0.0078113 0.00011159 0.020922 0.017135 -0.1244 0.068346 0.43589 0.18448 0.36624 -0.059265 0.3721 0.093466 0 0 0 0 0.034051 -0.015655 0.075023 0.028945 -0.18474 0.22705 0.33652 0.23655 0.30062 0.079815 0.30062 0.079815 0 0 0 0 0.0089764 6.7636e-05 0.016079 0.002773 0.004605 0.0039188 0.0071281 0.0056458 0.00040529 0.00040529 0.00040529 0.00040529 0 0 0 0
-0.0030281 0.015035 0.0030961 0.01522 -0.0051918 0.00077349 0.036775 0.028389 0.020768 0.0057613 0.022176 0.016932 0.00043831 -0.00026884 0.00098389 0.0013083 -0.016143 0.0087227 0.016488 0.012954 -0.26268 -0.11435 0.4284 0.19275 0.22262 -0.080826 0.22397 0.14146 6.7187e-05 0.0097386 0.0079296 0.013708 -0.046709 -0.0080059 0.046882 0.0095623 -0.31184 -0.033933 0.33492 0.063294 0.40566 0.02038 0.40566 0.072381 -0.0052669 -0.0059865 0.0055661 0.0082113 -0.013384 0.00052423 0.013388 0.0015073 -0.0119 0.061635 0.044757 0.06271 0.0057068 0.0075152 0.011809 0.03671 -0.0019348 -0.0049553 0.0020377 0.0077812
-0.0041127 0.0031385 0.010671 0.0041915 0.055902 -0.016445 0.060744 0.028232 0.0064282 -0.0018656 0.06195 0.043416 9.9906e-05 -7.1344e-05 9.9906e-05 7.1344e-05 -0.0038821 0.012197 0.032459 0.031057 0.16016 -0.013978 0.33744 0.15168 0.12124 -0.069633 0.63127 0.14065 0.01703 -0.00058026 0.01703 0.0068645 0.0013466 -0.0069592 0.0043473 0.0093764 0.034755 -0.043699 0.17487 0.091575 0.33192 0.15646 0.40461 0.18649 0.0022507 0.0020542 0.0022507 0.0020542 -2.8636e-05 -0.00011381 0.00068797 0.00086849 0.012061 0.0031376 0.020292 0.0077451 0.058243 6.5755e-05 0.058243 0.0045911 0 0 0 0
-0.0043823 0.001415 0.0044967 0.0029219 -0.0058465 -0.012533 0.012942 0.012642 0.069125 -0.0068096 0.072774 0.0092861 0.00030906 -6.1772e-05 0.0004834 0.00026788 -0.060472 -2.8147e-05 0.060472 0.0067257 -0.010745 0.0067824 0.053783 0.01746 0.49207 -0.0077994 0.5242 0.067214 0.0039116 -0.00027888 0.0041189 0.0029279 -0.041494 0.0029 0.0416 0.015826 -0.012214 0.15345 0.092685 0.16385 0.38505 0.017643 0.4775 0.10823 0.0036048 -0.0010343 0.0050729 0.0027759 -0.0017177 0.0006914 0.0023569 0.0018848 -0.016405 -0.0010405 0.021295 0.0082707 0.029194 -0.021946 0.048675 0.032171 0.0011775 -0.010804 0.0019574 0.011023
-0.0032006 -0.0032827 0.0046783 0.0034025 -0.0051391 -0.014582 0.033925 0.041995 0.071272 -0.025946 0.080418 0.068904 0.00036946 -0.0023204 0.010994 0.0051723 -0.0018993 -0.012443 0.0057744 0.095723 -0.036153 -0.061866 0.22823 0.40584 0.090295 -0.054867 0.37004 0.21696 0.047342 -0.0094357 0.11085 0.043355 -0.04666 0.03289 0.056068 0.11273 -0.073549 0.13154 0.52354 0.17799 0.17924 -0.063331 0.32135 0.14444 0.070474 0.015078 0.091686 0.069297 2.9149e-05 0.0049605 0.0011533 0.0049605 0.010839 -0.0038777 0.053449 0.035931 0.0014875 0.02613 0.06674 0.028596 0.0054772 0.0035328 0.010105 0.0048944
-0.0031795 -0.0025394 0.0031795 0.0025394 -0.035766 -0.032347 0.037322 0.041877 0.054581 -0.043477 0.060822 0.064312 0 0 0 0 -0.059584 -0.040279 0.059584 0.040279 0.0021785 -0.10427 0.090434 0.17092 0.30261 0.05457 0.54487 0.3601 -0.0018023 -0.0033787 0.0020161 0.0035051 -0.016316 0.0081924 0.031091 0.016615 -0.046189 0.09865 0.075297 0.17632 0.17534 -0.11413 0.39914 0.34653 -0.018432 -0.073354 0.055491 0.085259 -0.004994 0.0026312 0.0094527 0.0044493 -0.027447 -0.0037457 0.041321 0.037628 0.011848 -0.027987 0.071988 0.049035 0.00071048 0.0039873 0.0032026 0.0058749
0.00057911 0.000257 0.00087653 0.00072657 0.0030926 0.0066098 0.054027 0.036663 0.05816 0.036988 0.05816 0.041332 -8.2017e-06 -1.1305e-05 8.2017e-06 1.1305e-05 -0.0054191 0.0059361 0.0075701 0.033785 0.090411 0.027292 0.197 0.15841 0.27352 -0.29064 0.28584 0.34499 -0.0060882 -0.057927 0.031939 0.057927 -0.0013901 0.0019767 0.005611 0.006668 -0.0096979 0.0085278 0.25507 0.16717 -0.020347 -0.047487 0.54819 0.35401 -0.000636 -0.015839 0.041198 0.046842 -0.00041745 -0.0022894 0.0040472 0.0045049 0.0031456 -0.021631 0.090808 0.063893 -0.0092777 -0.0091408 0.059174 0.03901 0.0029019 0.0028187 0.0030588 0.0028351
-0.00068923 -0.0018756 0.0027538 0.0021721 0.042388 0.010331 0.051959 0.030583 0.016722 0.00274 0.02998 0.03479 0.00061762 0.00023068 0.00061762 0.00042192 0.0076958 0.028378 0.026956 0.030293 0.23289 0.11099 0.45372 0.17858 -0.0459 0.032871 0.53102 0.13711 0.040698 -0.014997 0.058002 0.046225 0.0060069 0.0067641 0.033077 0.0096167 0.19781 -0.067943 0.39654 0.11382 -0.037614 -0.018957 0.3716 0.071612 0.023429 0.00093508 0.031901 0.013859 -0.0027929 -0.0013452 0.006297 0.0014782 0.014143 0.015385 0.075287 0.027327 -0.0030076 -0.0027526 0.065401 0.022201 0.010505 0.0013634 0.010505 0.0042763
-0.0054328 -0.00083781 0.0098331 0.0029403 0.025221 0.0010596 0.041773 0.020822 -0.021762 0.0085236 0.03313 0.024286 -0.0039247 0.0011638 0.007109 0.0045026 0.0047662 -0.0097895 0.031334 0.018562 0.05269 -0.23936 0.17958 0.28724 0.11784 0.068039 0.25556 0.29748 0.036303 0.073367 0.039995 0.076921 0.0026452 0.0028609 0.007112 0.013439 0.0015973 0.028371 0.062217 0.19677 0.5102 -0.042526 0.5358 0.17678 0.0019217 0.0024725 0.004276 0.0039997 -0.0012987 0.00041259 0.0016998 0.0013696 0.0020904 0.0018731 0.0049728 0.0044031 0.056305 -0.020945 0.058321 0.026657 0.0014588 -0.00093743 0.0014685 0.0010292
-0.00027377 -0.0045313 0.0035849 0.0058308 -0.01544 0.0090441 0.049559 0.029634 0.079792 -0.020785 0.09858 0.022156 8.5873e-06 8.5873e-06 8.5873e-06 8.5873e-06 0.0016147 -0.0014668 0.02309 0.013542 0.076774 -0.10521 0.17502 0.17579 0.40303 -0.012785 0.51086 0.071493 0 0 0 0 -0.010627 0.015758 0.03593 0.025024 0.0060768 0.11937 0.212 0.14706 0.41595 0.014349 0.4513 0.057151 0 0 0 0 0.0028655 -0.00057438 0.0090612 0.0011566 -0.0048307 -0.00015704 0.019198 0.0054739 0.054925 -0.0059101 0.066704 0.0071909 1.7664e-06 -1.7664e-06 1.7664e-06 1.7664e-06
0.00059444 -0.0020904 0.0015154 0.0027795 -0.0029907 -0.0011868 0.014819 0.01405 0.068091 -0.0030666 0.068121 0.012046 0.00036283 -1.4666e-05 0.00036283 0.00024242 -0.0029649 0.0071043 0.020535 0.019886 -0.030718 0.0041083 0.083398 0.097437 0.48521 -0.0089639 0.49261 0.051671 0.0034451 0.00056453 0.0046225 0.0040219 -0.011521 0.0039212 0.024798 0.017095 -0.0085392 0.050176 0.19182 0.19286 0.42927 0.065585 0.45269 0.098261 0.002819 -0.00082384 0.0042424 0.0059517 -0.0011461 0.00050932 0.00235 0.0016875 0.0028744 -0.0036141 0.024065 0.019283 0.065287 8.5145e-05 0.065595 0.023336 0.00020418 0.00019328 0.00036593 0.00040308
-0.0010153 -0.00043864 0.00105 0.00050286 0.0052762 -0.0017418 0.061105 0.0066875 0.053225 -0.0028729 0.05551 0.0081754 0.00080886 -0.00024976 0.00082372 0.00029035 0.0084661 -0.0034804 0.017465 0.0068924 0.020921 -0.029365 0.37568 0.059373 0.39459 -0.015849 0.39667 0.050703 0.0025111 0.00069804 0.0028637 0.0022405 0.0048132 0.0074367 0.022972 0.0074367 0.0035249 0.026185 0.38343 0.058644 0.42203 0.036071 0.42512 0.066266 0.0020843 0.00011433 0.0020843 0.00086229 -0.0016721 0.00042858 0.0017923 0.00080459 0.0017514 0.0049805 0.058087 0.0066634 0.060495 0.006103 0.065702 0.0098366 0.00014428 0.00015243 0.00014428 0.00017498
-0.00097036 0.00063942 0.0014353 0.0027299 -0.010719 0.00090547 0.016328 0.00889 0.056204 0.0010912 0.081299 0.0087182 -0.0099785 -0.00055628 0.010102 0.001494 -0.0099574 -0.0021001 0.013196 0.012857 -0.094503 -0.013724 0.13106 0.12532 0.41348 -0.018978 0.52197 0.073367 -0.061926 -0.0034176 0.063366 0.013827 -0.014965 0.00032533 0.019959 0.010937 -0.074657 0.023597 0.11223 0.10711 0.39103 0.012252 0.52767 0.099767 -0.06246 0.0043087 0.063532 0.011846 -0.0030472 -0.0001134 0.0038993 0.0023675 -0.0076319 -0.0033832 0.020593 0.016104 0.046398 -0.013084 0.075885 0.017536 -0.0074148 -0.0034517 0.0085438 0.0037172
-0.010532 -0.0056625 0.010532 0.0057442 -0.02136 -0.031818 0.12019 0.038915 0.0044828 0.017776 0.038133 0.031342 -0.0044997 0.01187 0.005168 0.011889 -0.14922 -0.051333 0.14947 0.051333 -0.039365 -0.042975 0.60677 0.19516 0.35818 -0.058597 0.36155 0.074527 -0.0045554 -0.0038008 0.0090182 0.0099852 -0.096407 -0.022469 0.11217 0.034754 0.015429 0.099702 0.31882 0.16329 0.17643 -0.019551 0.18152 0.15251 0.0056717 -0.020604 0.010126 0.02378 -0.001687 0.0048353 0.0096641 0.0062394 -0.0067169 0.0056717 0.013518 0.006647 0.00065113 -0.0018858 0.0045484 0.0040577 0.0019885 -0.00024409 0.0024785 0.00068356
7.1673e-05 -0.0086859 0.0030872 0.0087806 0.015587 -0.075442 0.015709 0.075442 0.043862 -0.033639 0.043924 0.0337 0 0 0 0 0.0036711 0.015853 0.012886 0.017045 0.09588 0.10477 0.15719 0.1356 0.34599 -0.06639 0.50574 0.069898 0.00026442 -8.2828e-05 0.00026442 8.2828e-05 0.0064358 0.0093235 0.014518 0.019634 -0.052655 0.024839 0.1715 0.18335 0.33928 0.082243 0.56812 0.083002 0.00026442 8.2828e-05 0.00026442 8.2828e-05 -0.00032876 0.0065806 0.00059521 0.008404 0.010439 0.048705 0.027367 0.072907 0.046009 0.027496 0.046055 0.02765 1.7354e-05 -1.0695e-05 1.7354e-05 1.0695e-05
-9.641e-06 -0.0065135 0.00072074 0.013557 0.012516 -0.03222 0.034878 0.069746 -0.0062921 -0.016772 0.06064 0.040366 0.0025157 -0.0056579 0.0079863 0.0077859 0.00047313 -0.021776 0.0088164 0.15379 0.099593 0.084611 0.46005 0.23809 -0.14118 -0.033607 0.49782 0.14691 0.077311 0.015488 0.095709 0.048179 -0.00080675 0.026317 0.0074074 0.026317 0.11785 0.04049 0.23404 0.24936 -0.052628 0.15614 0.39684 0.20751 0.029271 0.0017616 0.064725 0.036177 0.00027215 9.5494e-05 0.00049198 0.00077975 0.0014555 0.0034542 0.0036815 0.0061178 -0.0056685 -0.00039054 0.023031 0.0070444 0.0086221 -0.0024807 0.013169 0.0046447
-0.023025 -0.012668 0.023071 0.012676 0.019549 -0.0032789 0.10086 0.053522 0.0077564 -0.0016889 0.051101 0.025092 0.0003251 0.0039913 0.0023088 0.0039913 -0.083255 -0.035328 0.10417 0.056884 -0.045941 -0.038544 0.54257 0.35106 0.37272 -0.023468 0.40863 0.10967 0.0048592 -0.0043997 0.0070021 0.0070407 0.039236 0.020585 0.10184 0.047396 -0.11564 0.047106 0.16137 0.17043 0.20624 -0.063374 0.21988 0.17133 0.013745 -0.032581 0.018731 0.032703 -0.0064909 -0.0039918 0.0075632 0.0055066 0.001996 -0.051868 0.019768 0.051944 0.0058796 -0.023523 0.019912 0.023833 0.0025721 -0.0044176 0.0041629 0.0054492
-0.00060781 -0.00060781 0.00060781 0.00060781 -0.0066736 -0.11302 0.011385 0.11302 0.015512 -0.038405 0.015778 0.038676 5.9208e-05 0.00010785 6.6146e-05 0.00011586 -0.083176 -0.019331 0.083295 0.022882 0.065068 -0.074884 0.28861 0.16505 0.32497 -0.033684 0.53564 0.097314 0 0 0 0 -0.013616 -0.036918 0.072187 0.048607 0.026322 0.11021 0.21612 0.12304 0.37961 0.03799 0.43823 0.041066 0 0 0 0 -0.0016384 -0.0020867 0.0057863 0.0059499 0.019115 -0.0022159 0.041625 0.03037 0.046198 0.011165 0.060771 0.020653 0 0 0 0
-0.0010132 -0.005969 0.0054026 0.0063487 -0.0015716 -0.013843 0.038985 0.022261 0.013046 0.012116 0.029813 0.020569 0.0086601 0.0060152 0.009586 0.0060167 0.0030609 -0.0011539 0.011785 0.013648 0.15612 -0.10859 0.32423 0.23353 0.14428 -0.095695 0.42703 0.27651 0.064825 -0.069751 0.065495 0.08222 0.017038 0.020049 0.039371 0.057225 0.10655 -0.056988 0.31992 0.25119 -0.13625 -0.10421 0.36709 0.34542 0.045112 0.0029191 0.076909 0.037045 -0.0018571 0.0050643 0.0081623 0.0073832 -0.023861 0.010134 0.035661 0.033973 0.058679 0.014765 0.067189 0.024321 0.0040318 0.0089775 0.01217 0.0098037
-0.0014826 0.0011732 0.0023953 0.0022688 0.069524 0.010293 0.071469 0.019558 -0.037842 0.0040348 0.041834 0.014692 0.0046496 -0.0043427 0.0048797 0.0044076 -0.027939 0.0049511 0.035525 0.024224 0.37572 0.0016395 0.42349 0.1227 -0.29831 -0.10725 0.35675 0.12474 0.0049618 0.012374 0.013236 0.01942 -0.023335 -0.010111 0.035275 0.022899 0.23162 -0.035751 0.25744 0.14178 -0.27996 -0.18434 0.29754 0.21389 0.05592 0.0040891 0.056192 0.030205 0.0031158 0.0028193 0.0056149 0.004335 0.0012207 -0.0097657 0.03607 0.042068 -0.028279 -0.014091 0.032365 0.030081 0.003234 -0.0007196 0.0037511 0.0027976
-0.0043707 -0.007456 0.0068657 0.0077251 0.00092886 -0.013607 0.030767 0.016854 0.0029463 -0.0094905 0.031487 0.011149 0.00017512 -2.4574e-05 0.00019355 0.00014601 0.0076783 0.0043259 0.019119 0.018252 0.031368 -0.05472 0.50709 0.1369 0.046577 -0.012527 0.39464 0.13118 0.00083441 -0.00027877 0.0023505 0.0016831 -0.0058625 -0.008632 0.013314 0.019701 -0.038826 -0.0020592 0.59408 0.13573 0.20513 0.065142 0.29412 0.17418 0.0014028 0.00067007 0.0021044 0.00093079 -0.00052226 -0.00029883 0.0013818 0.0013483 0.0058074 0.018966 0.039684 0.028528 0.019797 0.020934 0.020451 0.022744 4.2323e-05 -4.3387e-05 0.00026954 0.00023286
-0.00058745 0.0011802 0.0018639 0.00192 -0.012826 0.00035669 0.019189 0.011931 0.056329 0.004669 0.076628 0.0075416 -0.010133 -0.00013287 0.010356 0.0010147 -0.01096 -0.0045025 0.012833 0.01222 -0.10059 -0.0034994 0.13486 0.10859 0.42269 -0.004017 0.48836 0.11698 -0.063052 0.0027844 0.066758 0.011842 -0.016924 8.3399e-05 0.021567 0.011834 -0.083971 0.019516 0.13813 0.13755 0.41734 0.0033358 0.51212 0.10299 -0.066227 -0.0029369 0.068115 0.0088103 -0.0021558 0.00033362 0.0042431 0.0028588 -0.017076 -0.001691 0.018594 0.014585 0.043347 -0.027918 0.053552 0.029752 -0.0056416 -0.0066101 0.0073538 0.0067809
-0.0023244 -0.0053116 0.0039839 0.0061126 0.061965 -0.018478 0.064068 0.032519 0.0063994 0.014037 0.010015 0.01857 -0.0023142 0.00054724 0.0023502 0.0024191 -0.0091625 -0.0028266 0.013118 0.0045025 0.53022 0.045319 0.53046 0.079353 0.023191 0.00083222 0.048822 0.026175 -0.01214 1.9305e-05 0.01214 0.0037739 0.016545 0.049553 0.028751 0.049995 0.25404 0.014492 0.27354 0.24947 -0.022205 -0.27089 0.064811 0.3058 -0.021161 -0.047564 0.022276 0.07336 -0.0036262 0.0074049 0.0038555 0.0083513 -0.015549 0.0080786 0.021659 0.10387 -0.0070132 -0.00024257 0.015485 0.1202 -0.0011612 0.0010088 0.0018593 0.017187
0.00020388 -0.00023186 0.0018643 0.0013172 0.010976 -0.0031379 0.025143 0.0084281 0.078598 -0.029752 0.079151 0.03034 -2.3296e-06 -0.00020848 0.00027663 0.00021783 -0.0014385 -0.00097906 0.0067901 0.0054752 -0.0035265 0.017855 0.053606 0.043623 0.51921 -0.097232 0.51921 0.11605 0.0018386 -4.2043e-05 0.0023364 0.0010659 0.0025919 0.0043183 0.0038859 0.007033 0.019046 0.059756 0.044836 0.069329 0.43915 0.069009 0.43915 0.08485 0.0028808 0.00026303 0.0028808 0.002828 0.00072821 -0.00051404 0.00084992 0.0018096 0.017269 0.015423 0.017537 0.01912 0.053073 0.033353 0.053217 0.033557 0.00019318 8.7655e-05 0.00019318 9.1749e-05
-0.023466 0.0012624 0.023466 0.0042798 0.032361 -0.022637 0.050275 0.035593 0.037347 -0.0070796 0.083309 0.02357 1.9708e-06 1.9708e-06 1.9708e-06 1.9708e-06 -0.080092 -0.051084 0.080092 0.072882 0.13034 0.11383 0.4061 0.1649 0.22356 0.0071437 0.4308 0.12255 0.0016966 -0.00024263 0.0016966 0.00024263 -0.060094 0.009723 0.15645 0.035333 0.11283 -0.077125 0.42667 0.1207 0.19571 -0.040665 0.40341 0.10891 0.023236 -0.0041595 0.023236 0.0098052 -0.00037419 -0.0048223 0.0038729 0.0153 0.0012699 0.014358 0.055091 0.057293 0.070146 0.064976 0.077839 0.093062 0.0007275 0.0007275 0.0007275 0.0007275
0.00040598 -0.00090212 0.00057489 0.00090212 -0.0028912 -0.01751 0.025317 0.017755 0.053234 -0.0043466 0.05528 0.013434 0.00043057 -7.4698e-05 0.00043057 0.00019641 -0.0038723 -0.0032985 0.004167 0.0034789 0.03192 -0.054184 0.39935 0.095614 0.36684 -0.0052366 0.40052 0.065115 0.00045522 0.00056762 0.00073074 0.0010074 0.00032193 -0.0056386 0.010179 0.0068855 0.038821 -0.016095 0.40124 0.062929 0.3992 0.013296 0.42278 0.058269 0.0023404 -0.00061878 0.0023404 0.0015958 0.0014663 0.0010673 0.0034213 0.0010673 0.0049243 0.0014564 0.058796 0.0066525 0.064045 0.010669 0.065404 0.010978 0.00018067 9.8914e-05 0.00018067 0.00010829
-0.00312 -0.0003624 0.0038233 0.0010551 0.017251 -0.0018627 0.07816 0.0044164 -0.0049052 0.00041815 0.016781 0.003672 0.00099099 -0.00013874 0.0016063 0.0012188 -0.019081 -0.01479 0.019774 0.015983 0.16967 -0.051885 0.59427 0.12582 -0.071963 -0.012799 0.17233 0.041221 0.0068426 -0.02282 0.020383 0.024277 -0.0060933 0.003754 0.037624 0.0082807 0.20665 0.03964 0.65133 0.11802 -0.16429 -0.012732 0.17588 0.048792 0.023274 0.01266 0.025764 0.013821 0.0086262 0.0030208 0.012672 0.0038889 0.016594 -7.3612e-05 0.064494 0.017703 -0.02662 -0.0090453 0.031632 0.017629 0.0057836 0.0042971 0.0059887 0.0046707
-0.0046099 -0.00026072 0.00568 0.0016175 0.041461 0.0094381 0.049794 0.028439 0.026126 -0.0093415 0.0345 0.029772 0.0012071 -0.00010221 0.0014705 0.0024318 -0.00036088 0.020034 0.03493 0.024981 0.20346 0.11112 0.39494 0.142 0.10329 0.096129 0.49475 0.14093 -0.055034 -0.0032803 0.10586 0.036367 0.02697 0.0062963 0.039261 0.0083679 0.26035 -0.052495 0.44787 0.14179 -0.030285 -0.054625 0.3649 0.10652 -0.019532 -0.014125 0.054604 0.021643 0.00070327 -0.0013924 0.0031004 0.0017822 0.013486 0.0097496 0.083943 0.033804 -0.00073474 0.00018857 0.064837 0.028948 0.0084325 0.0033813 0.009164 0.0040303
-0.0031572 0.00086761 0.00361 0.0026825 -0.019577 0.0057904 0.037082 0.012221 0.041641 -0.0043036 0.088534 0.012914 -0.0048468 0.0018394 0.0062473 0.0020284 -0.017303 -0.0044895 0.021374 0.015906 -0.11737 0.01554 0.15157 0.15894 0.27643 -0.039919 0.60141 0.085767 -0.055414 0.0046893 0.059242 0.010632 -0.013953 0.0018798 0.017402 0.014498 -0.13269 0.05011 0.20707 0.13821 0.27442 0.02534 0.48959 0.21424 -0.056861 0.0035053 0.06532 0.022128 -0.0037171 -0.006405 0.0037626 0.0066053 -0.018512 -0.019265 0.094358 0.031437 0.054943 0.019781 0.058868 0.031806 -0.0076858 0.0023433 0.0090666 0.0062016
-0.0066608 -0.0068284 0.010615 0.0091302 0.026733 -0.01701 0.047402 0.038666 0.056345 -0.011759 0.11991 0.046955 4.052e-05 -4.052e-05 4.052e-05 4.052e-05 -0.10164 0.029335 0.11364 0.068605 0.2624 -0.01901 0.32043 0.30325 0.24151 -0.020583 0.43634 0.21709 0.029808 -0.011141 0.029808 0.011141 0.01709 -0.01556 0.10002 0.060257 0.13185 0.09474 0.42961 0.21319 -0.037166 0.025391 0.20196 0.096769 0.14448 -0.043564 0.14448 0.043564 -0.012766 0.0040693 0.027812 0.011015 0.0050613 -0.019567 0.080188 0.044288 0.022097 -0.022638 0.047253 0.046724 0.012978 0.0012754 0.0168 0.010114
-0.000362 0.000883 0.0015301 0.0026601 0.060366 0.069902 0.061889 0.072397 0.0065394 0.053886 0.014313 0.054918 0.0019612 0.0032923 0.0023548 0.0034039 0.0059288 -0.0048655 0.0073799 0.0123 0.47166 -0.023113 0.47741 0.067029 0.0049494 0.014255 0.027025 0.021463 0.00012018 0.00024819 0.00024318 0.00033085 0.0031048 0.001629 0.010425 0.0087076 0.48876 0.0026513 0.50862 0.11293 0.019259 -0.0048877 0.026118 0.016238 0.0011304 0.00011561 0.0011304 0.00062767 0.0030376 0.002171 0.0030376 0.0022443 0.058999 0.0083628 0.059267 0.010008 0.00078162 0.0009914 0.0011218 0.0012948 7.8888e-05 1.7649e-05 7.8888e-05 1.7649e-05
0.0042175 0.00059399 0.0054952 0.0028347 -0.012476 0.0086983 0.024444 0.021898 0.048646 0.019474 0.066667 0.032048 -0.010858 0.0032228 0.017616 0.0045449 0.044194 -0.0088213 0.046781 0.016256 -0.1169 -0.094979 0.1436 0.15042 0.44378 -0.05844 0.55902 0.19746 0.011209 -0.0010786 0.030195 0.050521 0.0079946 -0.0095879 0.046126 0.025701 0.21119 -0.099112 0.32661 0.1611 0.12356 0.018001 0.2767 0.25857 0.011877 -0.023687 0.0592 0.059729 -0.0040395 0.0023812 0.0040615 0.0026781 0.042514 -0.0029349 0.044495 0.013699 0.0023582 0.0044417 0.048187 0.01748 0.01504 0.0013715 0.018328 0.0083276
-0.0094063 0.0015748 0.011768 0.0022641 0.016956 -0.015793 0.026712 0.02879 0.053997 -0.006631 0.06716 0.057581 0.0028001 0.0015652 0.0028057 0.0040607 -0.047724 -0.01884 0.063389 0.032509 0.30124 0.10636 0.38646 0.12647 0.13249 0.087073 0.48223 0.23804 -0.0060927 -0.0020393 0.045889 0.022297 0.0060301 0.02689 0.019375 0.029476 0.1031 0.10687 0.28516 0.13684 0.13739 -0.10757 0.45434 0.12874 0.03844 -0.0037012 0.062248 0.0076542 -0.00030284 -0.00025898 0.00080272 0.0006018 -0.018975 -0.0035928 0.053742 0.0080131 0.036241 0.013916 0.080328 0.020285 0.0023658 0.0011938 0.0095942 0.0023803
0.0023212 -0.0026811 0.0026879 0.0027639 0.0098805 -0.025915 0.016322 0.038798 -0.0066852 0.015586 0.022526 0.021362 -0.0014773 -0.0014288 0.0051612 0.0020145 0.0060636 0.0064372 0.031283 0.027709 0.2391 -0.0003897 0.30095 0.18579 0.059167 0.093782 0.14479 0.21597 0.032719 0.06875 0.052589 0.074153 -0.017469 0.021964 0.058973 0.037497 0.12604 -0.021947 0.35585 0.2585 0.23828 -0.22843 0.41889 0.4386 0.011999 -0.0062218 0.012093 0.0087434 -0.0029834 -0.0060302 0.0073372 0.0087818 0.034204 0.033858 0.064395 0.043979 0.0049031 0.077131 0.048601 0.091328 0.0082514 -0.00051182 0.0085592 0.0037325
8.243e-05 -0.0020299 0.0010724 0.0026166 -0.00020933 -0.028902 0.0074764 0.028925 -0.0099357 -0.0084265 0.022497 0.045946 0.0056437 0.020387 0.0060777 0.022603 -0.012228 0.014376 0.013965 0.018628 0.039272 0.0084716 0.17913 0.17683 0.41378 0.11941 0.43906 0.25153 0.0033603 0.0085654 0.0038414 0.0088088 -0.0068744 -0.024939 0.015672 0.026194 0.1442 0.17032 0.25145 0.32913 0.29977 -0.039988 0.36578 0.10069 0.00073207 -0.00037615 0.00077696 0.00060074 0.0025582 0.014746 0.0054662 0.028238 -0.028836 -0.044453 0.049653 0.11258 0.014741 -0.051007 0.048113 0.065275 0.0060604 -0.0066852 0.0070258 0.0066852
-0.0028569 0.0011476 0.0056896 0.0057015 0.0011743 0.010707 0.043073 0.05081 -0.0050023 0.028154 0.016054 0.057311 0.00056049 0.0093604 0.0024378 0.011619 -0.030864 0.002403 0.032502 0.034025 0.084355 -0.018471 0.40825 0.16962 -0.015614 0.052171 0.28391 0.27977 -0.0038606 -0.010739 0.027216 0.041014 -0.017299 0.0056714 0.018011 0.0081734 0.018741 0.032213 0.44311 0.049685 0.12361 -0.0050809 0.621 0.022392 -0.045747 -0.00025906 0.070822 0.0095285 -0.0022454 -0.00056615 0.0023122 0.00088322 -1.2764e-05 0.0012025 0.056724 0.0071272 0.016375 -0.0018754 0.083914 0.0074819 -0.0053043 0.0010817 0.0080634 0.0015775
0.0037529 -0.0019587 0.0089446 0.0034674 -0.044621 -0.0091533 0.049814 0.022867 0.05638 -0.027836 0.05638 0.028277 0 0 0 0 0.011115 -0.0095554 0.072413 0.032232 -0.2834 0.081232 0.52227 0.15253 0.3516 0.02663 0.40934 0.12306 0.0003341 4.9729e-05 0.0003341 0.00022849 0.071405 -0.0094895 0.093534 0.021212 -0.036724 0.037097 0.39071 0.083654 0.14024 0.17047 0.18707 0.17047 0 0 0 0 0.012029 -0.00081983 0.012816 0.0045415 0.0072468 0.012115 0.011372 0.014161 0 0 0 0 0 0 0 0
-0.0012455 0.00279 0.0036466 0.0029229 -0.0070784 0.0047518 0.053651 0.010747 0.067984 -0.010012 0.067984 0.010752 0.00026042 9.5085e-05 0.0002976 0.00012855 -0.02085 0.0073408 0.021092 0.0083282 -0.15626 0.061382 0.34927 0.091409 0.47091 -0.029805 0.48167 0.054972 0.0050191 -0.00077835 0.0051317 0.0018133 -0.010919 -0.028115 0.012527 0.028115 0.095492 -0.02927 0.19579 0.075848 0.26739 0.15705 0.42179 0.17745 0.0018202 0.00096251 0.0021344 0.0024287 0.00082143 0.0019623 0.000888 0.0030142 0.037276 0.0079929 0.037744 0.040827 0.042937 0.014165 0.042937 0.01598 2.6451e-05 -3.0753e-05 0.00012111 0.00012424
-0.0010645 0.0031003 0.0035655 0.005344 0.019353 -0.045008 0.047315 0.062845 -0.028424 0.0019689 0.041761 0.036115 0.0056429 0.0043682 0.011123 0.0066159 -0.0037755 0.034689 0.026415 0.057176 -0.11795 0.078882 0.1659 0.17162 0.39764 0.053246 0.49748 0.23792 0.065364 0.031825 0.084726 0.034816 0.0063235 -0.023566 0.032408 0.033445 -0.11442 0.02609 0.49727 0.20823 0.18138 -0.017194 0.23803 0.11121 0.044714 -0.057337 0.066974 0.061259 -0.0025244 -0.0015333 0.0030417 0.0026699 0.022317 0.0062693 0.0364 0.015885 0.011258 0.0012428 0.021949 0.02013 0.00029493 0.0062642 0.0087988 0.0085646
4.0276e-05 -0.0015702 0.00095399 0.0024977 -0.015601 -0.041612 0.02422 0.041841 0.0613 -0.023076 0.079554 0.031477 0.00050978 -0.00042774 0.00054301 0.00049378 -0.055673 0.0078819 0.055692 0.017003 -0.034751 -0.028464 0.073155 0.034095 0.48479 -0.025952 0.50554 0.082184 0.0022126 -0.00084769 0.0039763 0.0028724 -0.069978 0.0022839 0.070025 0.0060744 -0.026663 0.032638 0.066949 0.042977 0.455 0.018988 0.47678 0.076325 0.0047813 -0.00073385 0.0048565 0.0044661 -0.0057049 -4.3085e-05 0.0057632 0.0017679 -0.0048023 0.047329 0.018582 0.05257 0.039091 0.0040818 0.070596 0.01997 0.0018246 -0.0010996 0.0021103 0.0015913
