0.0017905 -0.0084867 0.002069 0.0084867 0.011022 -0.027712 0.01619 0.027897 0.0060138 0.014711 0.035103 0.017581 -0.0092146 0.0057382 0.0095713 0.0058866 -0.00070643 -0.003713 0.0055107 0.012271 0.16251 -0.14724 0.23464 0.26464 0.30952 -0.19495 0.3119 0.23077 -0.044596 0.028563 0.044983 0.028563 0.0023359 -0.0033873 0.0026038 0.0043636 0.0058518 0.012195 0.084381 0.042278 0.48262 0.15324 0.48262 0.16044 -0.010114 0.0031738 0.010274 0.0038666 -0.00013733 0.00034988 0.00023145 0.00045178 0.040023 0.0305 0.049991 0.03277 0.030742 0.005925 0.030742 0.0066707 -9.6341e-05 6.7457e-05 0.00010702 7.2262e-05
-0.0017758 0.0002042 0.0062967 0.004775 -0.0067561 0.00018331 0.014733 0.015012 0.067288 0.035529 0.067288 0.035706 0 0 0 0 0.00014733 0.0023981 0.025431 0.037887 0.01636 0.095105 0.10427 0.13932 0.47438 -0.091746 0.47438 0.17801 0 0 0 0 -0.0032183 0.059318 0.0064052 0.061427 -0.046827 0.31329 0.17459 0.34534 0.24388 0.19655 0.24388 0.19655 0 0 0 0 0.0062615 -0.0047607 0.0062825 0.0047943 0.0060547 -0.00057946 0.04614 0.0072169 0 0 0 0 0 0 0 0
0.001681 -0.002467 0.0025904 0.0027939 -0.00087709 -0.0031714 0.010631 0.0149 0.014071 -0.0083678 0.017392 0.035297 -0.00079379 -0.0033692 0.001869 0.0051627 0.0032075 -0.0019371 0.0219 0.010517 0.18622 0.1324 0.21772 0.29949 0.092117 0.33802 0.12058 0.48448 -0.018896 0.046084 0.024331 0.061462 -0.015006 0.01888 0.019405 0.020749 0.39811 -0.06561 0.46403 0.15245 -0.006714 -0.10399 0.011068 0.10399 -0.0095478 -0.013015 0.0095478 0.013015 0.0016607 -0.00031261 0.0016607 0.00032263 0.011654 -0.0072007 0.043351 0.023099 0.011091 -0.022399 0.014187 0.02243 -0.00070974 -0.0020672 0.00070974 0.0020672
-0.00039008 -0.0025642 0.0018867 0.0074575 0.061011 0.008962 0.066802 0.014354 0.019472 0.0057402 0.019561 0.0060573 -1.6275e-06 -1.6275e-06 1.6275e-06 1.6275e-06 -0.00031578 -0.0049345 0.005775 0.015286 0.50357 0.12931 0.50839 0.15209 0.0044174 0.0028437 0.0044174 0.0034542 0 0 0 0 -0.0038455 0.015838 0.0058963 0.018253 0.24817 -0.2211 0.29415 0.24587 0.24428 -0.1562 0.24834 0.16057 -4.0489e-05 4.0489e-05 4.0489e-05 4.0489e-05 -0.00028678 -1.8482e-05 0.0012584 0.0041582 0.0010848 0.0082792 0.015768 0.019951 0.062677 -0.0043799 0.062677 0.0131 -6.591e-05 -1.4745e-05 6.591e-05 1.4745e-05
0.002066 -0.0030519 0.0034672 0.0030809 0.025519 -0.011487 0.025566 0.011872 -0.00019848 0.00035173 0.00047827 0.00047827 0 0 0 0 -0.0053774 0.017382 0.013318 0.02379 0.20043 -0.0026666 0.25888 0.43693 -0.0010366 0.1205 0.051272 0.63709 -0.007716 0.01746 0.015107 0.083225 0.011416 -0.0008754 0.015974 0.019613 0.28212 0.020344 0.41579 0.067072 0.0053332 0.0058494 0.010777 0.016339 -0.0041614 -0.0088681 0.004409 0.012113 0.0024161 -0.0011318 0.0039886 0.0012422 0.027956 0.0047156 0.044094 0.024591 -0.013008 -0.035959 0.026081 0.063798 -0.0013126 -0.00013418 0.0031958 0.013536
-0.0041615 -0.0059376 0.0048437 0.0059376 -0.039371 -0.045218 0.055315 0.050851 0.03926 -0.05808 0.043428 0.05808 0.0050168 -0.006571 0.0085597 0.0082554 -0.011624 -0.038562 0.027216 0.048031 0.15982 0.1575 0.22253 0.30922 -0.16617 0.14706 0.34858 0.29769 0.023781 -0.055838 0.032775 0.056323 -0.064627 0.056189 0.066861 0.059863 0.15889 -0.19324 0.25214 0.32383 0.1118 0.042937 0.32112 0.30566 -0.015062 0.098551 0.043194 0.098669 -0.0045668 0.0040212 0.0045668 0.0040212 -0.051466 0.047042 0.059677 0.056611 0.095651 0.042487 0.095651 0.046539 0 0 0 0
0.0015231 0.00043219 0.001793 0.00062857 0.0084338 -0.019613 0.055017 0.020512 0.014693 0.0017121 0.065981 0.024787 -0.0022602 -0.00091862 0.013274 0.0023155 -0.0024617 0.0031406 0.01096 0.0067306 0.29113 -0.0043047 0.4854 0.23317 -0.028356 0.020055 0.27061 0.11368 0.040268 0.015284 0.040492 0.01563 -0.010547 0.0022097 0.012327 0.0038528 0.40871 -0.12625 0.43336 0.14487 -0.063439 -0.046647 0.31266 0.15348 0.00028519 0.00019197 0.00052071 0.00038805 0.00059719 0.00078664 0.00062423 0.00080919 0.02317 -0.0077962 0.035757 0.011973 0.033559 0.011218 0.039721 0.015992 0 0 0 0
-0.0028014 -0.00022925 0.0032569 0.00025377 0.0037843 -0.0033666 0.013893 0.014539 0.0014338 0.018997 0.017222 0.037657 0.0019486 0.0036578 0.002617 0.0048898 -0.0151 0.0087539 0.022615 0.010607 0.21437 0.14117 0.27466 0.26643 -0.038895 0.34186 0.11868 0.54959 -0.0034088 0.016678 0.022947 0.060632 0.013949 -0.0012664 0.015242 0.0040204 0.26926 -0.028898 0.42934 0.13565 -0.016439 -0.1703 0.044094 0.1703 -0.048763 -0.014147 0.048984 0.014577 0.0011319 -0.0037436 0.001397 0.0040025 0.023338 -0.007581 0.045037 0.013568 -0.0034102 -0.0063768 0.004757 0.017506 -0.0031462 0.00056652 0.0035239 0.0020553
0.0019782 -0.010545 0.0023038 0.010584 0.0016566 -0.0018816 0.0017219 0.001947 0 0 0 0 0 0 0 0 0.012233 -0.0024999 0.024255 0.035344 0.24277 -0.078199 0.26752 0.44867 -0.023922 0.036579 0.068014 0.44866 -0.0060621 -0.036261 0.0076347 0.10334 0.0052876 -0.0043905 0.029307 0.013032 0.28957 -0.066175 0.38338 0.15628 0.0015272 -0.017463 0.16343 0.37623 0.001155 0.045412 0.0033395 0.045656 0.00077946 -0.0013893 0.0061361 0.0016929 0.055443 -0.010849 0.0557 0.012059 0.00043591 -0.00026687 0.00082916 0.00059693 -2.5382e-05 -1.9303e-05 2.5382e-05 1.9303e-05
0.00097861 -0.00066144 0.0024242 0.0030684 0.030417 0.0070563 0.043106 0.018746 0.041643 0.027111 0.041942 0.0272 0.00030555 0.00028186 0.00030555 0.00028186 0.0020494 -0.0014194 0.013576 0.018255 0.50686 0.13264 0.52927 0.17975 0.022039 0.01173 0.022039 0.012023 0 0 0 0 0.00097663 0.010634 0.0039318 0.016186 0.26121 -0.17932 0.30979 0.25144 0.2409 -0.088876 0.24311 0.090324 0 0 0 0 -0.00020938 0.00341 0.0015928 0.0075089 0.0030766 0.017832 0.02455 0.032009 0.061978 0.0097325 0.062095 0.011266 0 0 0 0
-0.0048093 -0.011075 0.0048093 0.011075 0.054782 -0.054988 0.058195 0.055068 0.0095712 -0.0069652 0.0095712 0.0069652 0 0 0 0 0.0015178 0.002289 0.0068028 0.018948 0.41609 0.15251 0.42492 0.21213 0.11406 0.026889 0.11406 0.036407 0 0 0 0 0.0040009 0.0035974 0.014215 0.013298 0.45238 -0.15588 0.48881 0.19105 0.066792 -0.04338 0.066792 0.04338 0 0 0 0 -0.002515 -0.00021628 0.0066469 0.0021881 0.012397 -0.0013163 0.018294 0.019539 0.043249 -0.080198 0.051683 0.084762 1.6621e-05 -6.0537e-06 1.6621e-05 9.2705e-06
-0.00056324 -0.00055879 0.00094869 0.00064728 0.063658 -0.01345 0.068577 0.013595 0.01336 -0.005401 0.01336 0.005401 0 0 0 0 -0.00064708 -0.002338 0.0030607 0.0024652 0.05685 -0.03522 0.092356 0.038775 0.47172 -0.1377 0.47172 0.1387 0 0 0 0 -0.0015239 -0.0010773 0.0018587 0.0018783 0.084635 0.027715 0.11736 0.057443 0.45814 0.13744 0.45888 0.14241 0 0 0 0 -0.00058864 -0.00052132 0.00061861 0.00052756 0.054712 0.018722 0.055807 0.019823 0.023664 -0.0059153 0.02367 0.0061998 0 0 0 0
-0.0021358 0.0013502 0.0023 0.0013617 0.078866 -0.048601 0.081193 0.052577 0.00054768 -0.0007953 0.00069041 0.00093802 0 0 0 0 -0.0026461 0.0028391 0.0039629 0.0032076 0.082544 -0.0093499 0.20377 0.12694 0.45601 -0.17807 0.46019 0.17967 0 0 0 0 0.0030242 -0.00061682 0.0030242 0.0011183 0.12112 0.10798 0.15532 0.11348 0.379 0.18927 0.37952 0.18927 0 0 0 0 0.001088 0.00072417 0.001088 0.00079869 0.057951 0.046625 0.057995 0.046658 0 0 0 0 0 0 0 0
-0.0027589 -0.00014641 0.0037666 0.002291 0.0063452 0.0077037 0.0094697 0.017802 0.071303 0.035983 0.071303 0.036873 4.6184e-05 0.00033092 5.9734e-05 0.00033092 -0.0015958 0.01153 0.0097038 0.016629 0.1027 -0.038734 0.15631 0.16957 0.42781 -0.0762 0.42873 0.17688 0 0 0 0 -0.0097407 0.01616 0.010715 0.032466 0.032554 0.18053 0.16493 0.24143 0.42603 0.11145 0.42603 0.11145 0 0 0 0 -0.0079113 0.0074623 0.011976 0.009308 0.025343 0.058473 0.025343 0.058473 0.00027195 6.0841e-05 0.00027195 6.0841e-05 0 0 0 0
0.0022029 -0.0019497 0.0039823 0.0024275 0.020041 -0.02384 0.020041 0.02384 0.014753 -0.014755 0.014753 0.014755 0.0012241 -0.0011795 0.0012241 0.0011797 -0.012794 0.0023972 0.012978 0.0029125 0.30047 0.071341 0.31722 0.18704 0.10578 0.19132 0.10578 0.19717 -0.0020165 0.010147 0.011157 0.014864 -0.0068253 -0.0022191 0.0071515 0.0028459 0.53407 -0.081021 0.58381 0.13928 0.002712 0.010184 0.0061609 0.013572 -0.023187 -0.0057109 0.024061 0.0067842 0.0019367 0.0036652 0.0027389 0.004191 0.052184 0.064109 0.05282 0.06412 0.0001916 -1.9929e-05 0.00050562 0.00044045 -0.0058335 -0.00086166 0.0060155 0.0013897
-0.0011598 8.3198e-05 0.0011598 0.00014559 0.053416 -0.0053394 0.053852 0.0075306 -0.014214 -0.0045676 0.014347 0.0054398 0.0042578 0.0020113 0.011645 0.0039799 -0.0059523 -0.00099714 0.0062718 0.0011719 0.37061 0.018986 0.37206 0.037164 -0.098853 -0.037283 0.31252 0.10476 0.003742 0.0033868 0.050739 0.015883 0.0010818 0.0013044 0.006021 0.0037706 0.34675 -0.15066 0.37093 0.17114 -0.016049 -0.01422 0.48117 0.20431 -0.027131 -0.0068212 0.052966 0.014365 0.0011545 0.0012327 0.0015886 0.0013997 0.01913 0.0018029 0.02847 0.0091605 0.036706 0.0079293 0.050284 0.023335 -0.0010456 0.001156 0.011082 0.0028327
3.5546e-05 0.00011772 0.00031321 0.00018226 0.055137 -0.0054835 0.06349 0.0061882 0.0086836 -0.0039413 0.011667 0.0041294 -0.0049475 -0.00082309 0.012036 0.003362 -0.0027637 -0.00032835 0.0040485 0.00084 0.4173 0.051137 0.4563 0.062817 -0.046629 -0.041914 0.26076 0.10981 0.00090006 0.005639 0.071928 0.022836 -0.0047655 -0.002908 0.0089877 0.0065706 0.33274 -0.055211 0.37701 0.10865 0.048213 -0.0072756 0.40548 0.25509 -0.0043262 0.0011031 0.063975 0.018109 0.001349 0.0011306 0.0014425 0.0013812 0.0035158 -0.0015038 0.016204 0.0065733 0.047945 -0.016094 0.078183 0.024971 0.0013609 0.0011208 0.0013609 0.0011208
0.0013378 0.0012731 0.0036893 0.0014787 -0.017569 0.0042778 0.021929 0.0053953 0.009539 0.04199 0.010891 0.042551 0.00060468 0.0050216 0.00075767 0.0051376 0.033101 -0.010431 0.047467 0.019768 -0.13702 0.0096545 0.2621 0.081448 0.30655 0.022338 0.33202 0.22287 -0.0093602 0.021515 0.0093602 0.021515 0.026934 -0.0030941 0.046532 0.012993 -0.16443 0.025506 0.27123 0.091398 0.46684 0.059862 0.52355 0.14984 -0.014912 0.0046028 0.014912 0.0047099 -0.003175 0.0019976 0.0037952 0.0038132 -0.0056027 -0.011801 0.031998 0.013301 0.051333 -0.023359 0.070648 0.030243 -0.002824 -0.0025259 0.002856 0.0031306
0.0020172 0.00065777 0.0050753 0.001813 0.058869 -0.0028289 0.058882 0.012247 0.00072432 -0.00033145 0.0020112 0.0022979 0 0 0 0 -0.0135 0.010145 0.038489 0.018295 0.42215 0.11916 0.42628 0.16317 0.0067446 0.0016917 0.0069285 0.0049569 0 0 0 0 -0.028502 0.01052 0.050487 0.018394 0.21505 0.033311 0.50334 0.45071 0.11964 -0.11816 0.15334 0.13727 0 0 0 0 0.0085745 0.0063719 0.0094747 0.0085301 -0.0039806 0.0076631 0.0074428 0.0080447 -0.016489 0.014767 0.083139 0.061065 0.00071871 -0.00049834 0.00074868 0.00052872
0.0063612 -0.0061999 0.0067011 0.0063967 0.014529 -0.033297 0.014539 0.033307 0.0080021 -0.02151 0.0080021 0.021534 -0.00014847 -0.0034885 0.00047229 0.0035038 -0.0037064 -0.0026346 0.017749 0.0099887 0.30712 0.051096 0.31766 0.23153 0.044375 0.10267 0.14755 0.1383 -0.08489 -0.034574 0.088637 0.037483 -0.0030201 -0.0028468 0.0051767 0.003444 0.5037 -0.031275 0.55136 0.24585 -0.14927 -0.0063578 0.15157 0.011308 -0.034825 0.013874 0.038029 0.019479 0.003439 0.0057196 0.0036764 0.00672 0.030608 0.035802 0.030704 0.035905 -0.019183 -0.00065825 0.019249 0.0029842 -0.0031219 0.00047376 0.0032446 0.00093573
-0.0015231 0.0018788 0.0019884 0.0026161 0.0060648 0.0018661 0.015306 0.010675 0.053549 0.050406 0.053763 0.050489 0.00082846 0.00066184 0.00086341 0.0006725 0.0011973 0.00012228 0.010602 0.014062 0.058303 -0.05831 0.12263 0.16001 0.4567 -0.0081466 0.45975 0.17246 0 0 0 0 -0.010427 0.00542 0.021553 0.043491 0.081019 0.13764 0.15593 0.18742 0.43149 0.094101 0.43406 0.098102 0 0 0 0 0.0013017 0.0077591 0.003802 0.0082439 0.039496 0.060342 0.0416 0.060386 0.0001302 0.0007561 0.00025046 0.00087635 0 0 0 0
-0.0010417 -7.6078e-05 0.00205 0.00053279 0.048111 -0.0082612 0.053161 0.014051 -0.010584 -0.0010403 0.078477 0.031724 4.1576e-05 1.1731e-05 6.3787e-05 9.4667e-05 -0.0096869 0.0050368 0.013775 0.0062426 0.32747 -0.018731 0.52077 0.29209 0.09736 0.065947 0.10953 0.080817 0 0 0 0 -0.017621 0.0014509 0.018232 0.0025274 0.47048 -0.10155 0.48069 0.12563 -0.0067093 -0.0034737 0.014801 0.010079 0 0 0 0 -0.001789 0.00032359 0.0018866 0.00043762 0.069427 -0.0083704 0.076545 0.013039 0.0022915 -0.00064957 0.00411 0.0037674 -3.1509e-06 3.1509e-06 3.1509e-06 3.1509e-06
-0.0018404 0.0013567 0.0040192 0.0017363 0.023706 0.010534 0.040035 0.028377 -0.0045033 0.034354 0.0053609 0.03437 -0.0009464 0.0033262 0.0010481 0.0033285 0.0047062 -0.0011373 0.024425 0.015246 0.35211 0.069227 0.52072 0.143 -0.082829 0.064798 0.082829 0.064798 -0.015826 0.0042432 0.015826 0.0042793 0.017917 -0.012179 0.030875 0.0157 0.37685 -0.11372 0.58057 0.14125 -0.084197 0.0016147 0.094411 0.020149 -0.020666 -0.0043809 0.020666 0.008092 0.00058494 0.00014446 0.0025715 0.0010757 0.014952 -0.0088414 0.037035 0.017745 -0.0016604 -0.088215 0.039105 0.090125 -0.0010089 -0.0070808 0.0033271 0.010619
0.0048942 -0.0058134 0.004936 0.0058552 0.0062867 -0.029468 0.0063191 0.0295 0.0017104 -0.016626 0.002209 0.016769 -0.0016012 -0.0071226 0.0017923 0.0071464 0.0072761 -0.014383 0.022879 0.021305 0.27239 0.0038295 0.2771 0.23553 -0.20934 -0.0038857 0.31441 0.12542 -0.0096682 -0.02366 0.017517 0.028966 -0.00090053 -0.0030334 0.0048412 0.0042472 0.44339 -0.016291 0.48544 0.2508 -0.24821 0.047889 0.24821 0.052482 -0.025648 0.018483 0.025736 0.019155 0.0044247 0.0058921 0.0047608 0.0061808 0.026383 0.019203 0.026465 0.019284 -0.025883 -0.0027781 0.026466 0.0042605 -0.0052716 0.00041681 0.0052716 0.002067
8.3896e-05 -0.0023781 0.006151 0.0060582 -0.0077865 -0.036545 0.070537 0.03813 0.021924 0.022607 0.066386 0.076582 0.00086712 0.00095638 0.00095823 0.0010046 0.017408 -0.00306 0.028914 0.015386 0.24943 0.039142 0.62075 0.33901 0.080282 0.047569 0.089459 0.060095 -4.945e-05 -4.945e-05 4.945e-05 4.945e-05 0.0096028 -0.0019623 0.019505 0.0089139 0.37396 -0.18155 0.41795 0.18789 0.035763 -0.021511 0.043753 0.027335 0 0 0 0 0.0023496 -0.0011234 0.004532 0.0028103 0.014274 -0.0080249 0.024988 0.010898 0.048654 -0.02688 0.049862 0.027216 8.4202e-07 3.1335e-06 3.1335e-06 3.1335e-06
-0.0010094 0.0021024 0.0015745 0.0021939 0.017352 0.024936 0.035582 0.027008 0.033818 0.065093 0.033859 0.065837 0.00044084 0.00037743 0.00044084 0.00038566 -0.00039545 -0.0034938 0.002135 0.0075439 0.44191 0.064993 0.52972 0.17509 0.0071681 0.014137 0.013188 0.015972 -0.00012828 -5.378e-05 0.00012828 5.378e-05 -0.00812 -0.0040445 0.015352 0.020722 0.47244 -0.080021 0.47244 0.11084 -0.0015442 0.00071926 0.0035096 0.0029457 0 0 0 0 0.00069495 0.0010367 0.00081294 0.0011179 0.065555 -0.0063022 0.065705 0.0088796 0.006222 -0.0020536 0.0063923 0.0023046 0 0 0 0
0.0030365 0.0010735 0.0050845 0.0057395 0.053191 -0.0041055 0.068473 0.017753 -0.026411 -0.045099 0.029299 0.083037 0.0029887 0.0075585 0.0052382 0.01729 0.013404 -0.0019963 0.026459 0.0061011 0.27805 0.0078189 0.50971 0.39637 0.096127 0.13787 0.15389 0.22413 0.00027331 0.00012567 0.00027331 0.00027331 0.025921 -0.0051293 0.038627 0.012358 0.4076 -0.061576 0.44485 0.067146 0.0013742 0.0018685 0.0051605 0.0025719 0 0 0 0 0.0060356 -0.0014204 0.00763 0.0029484 0.063691 -0.0094028 0.0689 0.010096 0.0028181 -0.0012813 0.0031166 0.001365 0 0 0 0
-2.0374e-05 2.3795e-05 0.00068449 0.00012092 0.015299 -0.0001105 0.017873 0.0055399 0.066286 0.0016164 0.066286 0.011038 0 0 0 0 0.0043878 0.0001144 0.006648 0.0022216 0.056202 -0.0070051 0.083313 0.024275 0.4711 -0.094665 0.47154 0.095499 0 0 0 0 -0.0017021 0.00056878 0.0054746 0.010735 0.033525 0.0080618 0.056947 0.036802 0.49517 0.071183 0.49517 0.071183 0 0 0 0 -0.001206 0.0037388 0.0016501 0.0038549 0.03799 0.047949 0.041023 0.048823 0.03221 0.021718 0.032448 0.021909 0 0 0 0
-0.00067041 -0.00012654 0.0006735 0.00041187 0.053428 -0.015461 0.077502 0.039117 0.0079087 -0.0094876 0.092053 0.020718 -3.143e-05 -1.0201e-05 3.143e-05 1.7083e-05 -0.0010368 0.0020227 0.0022277 0.0028573 0.31023 -0.10673 0.32476 0.11875 0.14931 -0.064316 0.45978 0.13834 -0.00088351 -5.063e-05 0.00099168 0.00062055 0.0002694 0.00097229 0.0015749 0.002909 -0.0076877 0.0043748 0.045954 0.040692 0.48228 0.015516 0.48667 0.11636 3.8779e-05 2.6209e-05 0.00014431 0.00014431 0.00042506 0.00042132 0.00054526 0.00075699 -0.004127 0.0030225 0.0095095 0.0048911 0.066143 -0.0019219 0.067004 0.0052791 1.7656e-05 -2.6169e-06 2.3359e-05 1.3466e-05
0.0012395 -0.0011184 0.0016797 0.0013196 0.019386 -0.013243 0.021911 0.016339 0.053608 -0.030726 0.053835 0.032938 3.2507e-05 -3.2507e-05 3.2507e-05 3.2507e-05 0.033286 0.012777 0.041002 0.020581 0.011563 -0.014691 0.22726 0.14469 0.34216 -0.068397 0.39201 0.087493 -0.00025354 1.0573e-05 0.00055645 0.00085747 -0.0084426 -0.0049483 0.040133 0.033741 -0.13094 0.11426 0.2508 0.1537 0.40045 0.0598 0.48374 0.30927 0.017384 -0.027979 0.021488 0.038546 0.0016786 0.00088709 0.0029219 0.0015689 -0.010207 0.0096181 0.047405 0.015216 0.066331 0.037505 0.070743 0.037581 -0.0062768 0.0098818 0.008658 0.013817
0.0017566 -0.0011447 0.0058626 0.0065572 0.056491 0.010602 0.066992 0.043939 -0.013478 0.00069078 0.016763 0.08484 -0.00064102 -0.011063 0.0014592 0.029405 0.014844 -1.0269e-05 0.041467 0.0083895 0.35712 0.0016829 0.42563 0.2583 0.047512 0.08914 0.10859 0.30065 0.0016764 0.025502 0.0018165 0.025591 0.015509 -0.014039 0.029146 0.023675 0.48154 -0.058541 0.48705 0.063533 -0.00035578 0.00061096 0.0014155 0.0014155 -0.0027307 -0.0024079 0.002791 0.0027397 0.0063393 -0.0001184 0.0063967 0.0021158 0.075793 -0.0067269 0.076039 0.01647 -1.943e-05 2.4248e-06 1.943e-05 3.6436e-05 -0.0046123 -0.0023006 0.0046742 0.0025219
0.00092935 -0.00077992 0.0013948 0.0049363 0.00080203 4.8255e-05 0.0034264 0.030924 0.041068 0.045632 0.048847 0.05407 0.0044145 0.0034329 0.0044145 0.0034329 0.0031303 0.0050582 0.023982 0.0075415 -0.00032657 -0.06229 0.12864 0.18754 0.48371 0.010103 0.48414 0.054188 0 0 0 0 -0.012108 0.0012666 0.033114 0.0077341 0.062917 0.038564 0.10794 0.0904 0.45651 -0.055242 0.45651 0.10436 4.1644e-05 -4.1644e-05 4.1644e-05 4.1644e-05 0.00089125 -0.00054429 0.0041306 0.0010626 0.0038659 0.020009 0.0069597 0.027291 0.020415 -0.026199 0.037498 0.032194 0.0060405 -0.0023059 0.0060556 0.0023678
-0.00013581 -6.257e-06 0.00020063 0.00012656 0.0033983 0.0021559 0.0076148 0.002265 0.06015 0.0016273 0.060344 0.0039581 0 0 0 0 0.00034323 -0.0019769 0.00078535 0.0022784 0.14148 0.01796 0.1649 0.038078 0.2435 -0.015541 0.52088 0.20163 0.00016825 -2.614e-05 0.00032403 0.00018192 -0.00026115 0.0015216 0.0010291 0.0016399 0.31471 0.023695 0.33202 0.033013 0.050573 -0.017559 0.57909 0.12277 0.00046301 8.1054e-06 0.00051476 0.00084906 -0.00013512 0.00025076 0.00025051 0.00051049 0.031008 -0.0025494 0.033623 0.01694 0.026378 0.015438 0.058693 0.033933 0 0 0 0
-0.00028367 -4.5509e-05 0.00042354 8.2855e-05 0.0088364 0.006769 0.016012 0.0097919 0.050545 0.010517 0.061688 0.018241 -0.0018212 -0.00049395 0.010813 0.0049713 -0.005076 -0.0038396 0.0060752 0.0057286 0.1144 -0.0050034 0.15221 0.063275 0.25748 -0.10117 0.56383 0.28911 -0.0018345 0.0023776 0.051496 0.024609 0.0074429 0.0080775 0.0084006 0.010028 -0.033106 0.0075042 0.054943 0.023562 0.39769 0.04397 0.5127 0.17308 0.00093227 0.0020576 0.05343 0.030065 0.00029698 0.00034255 0.00029698 0.00035948 -0.0090055 0.0047717 0.01082 0.005821 0.054346 -0.0054236 0.068612 0.035377 5.4342e-05 0.00017431 6.834e-05 0.00028545
-0.00032346 -0.0001911 0.00063475 0.00031453 0.083755 -0.0099037 0.084147 0.016461 0.00010742 -0.00010113 0.00022912 0.00029311 0 0 0 0 -0.0031236 -0.0013328 0.005864 0.00332 0.53312 0.097582 0.53773 0.11681 0.0065787 -0.00060072 0.014855 0.019025 0 0 0 0 0.0015087 -0.00070853 0.0063763 0.0030358 0.42523 -0.031378 0.42523 0.1128 0.060093 -0.031819 0.060093 0.031819 0 0 0 0 0.0032022 0.0012726 0.0034587 0.0013191 0.03613 0.0056624 0.03613 0.0072736 0.021237 -0.0031674 0.021557 0.0033077 0 0 0 0
-0.00040905 -0.00032358 0.00070667 0.00066049 0.035545 0.0016131 0.035615 0.0076956 0.027178 0.0095919 0.027178 0.0095919 0.00059762 0.0020613 0.00063171 0.0020613 0.0061741 -0.0021909 0.009296 0.0091517 0.30158 0.013249 0.33103 0.092758 0.19979 0.049847 0.20764 0.075407 0.0072108 0.014105 0.0072108 0.014105 -0.0038173 0.018636 0.0053468 0.01997 0.18066 -0.092044 0.20401 0.23716 -0.088382 -0.4203 0.1839 0.55391 0.028941 -0.091313 0.032636 0.10685 0.0022703 -0.00015182 0.0028406 0.0012861 0.0070459 0.025303 0.017363 0.033942 -0.0041617 0.044999 0.018581 0.057642 0.00022139 0.0053347 0.0039078 0.0087857
-0.00044169 0.0034587 0.0017814 0.0052296 0.0038523 0.0048297 0.004055 0.025684 0.016852 0.035064 0.018104 0.041338 0.010082 0.0090884 0.010082 0.0091072 -0.013057 -0.0033582 0.059382 0.015314 -0.020943 -0.032579 0.11414 0.17958 0.45671 0.073303 0.46829 0.11099 0.0015593 0.0016469 0.0015593 0.0016469 0.014756 -0.0039643 0.03765 0.016865 -0.025571 0.060944 0.077463 0.091265 0.4436 -0.10116 0.46861 0.21489 0.0001652 4.902e-05 0.00021573 0.00021573 0.0010286 0.0023537 0.0019907 0.0043937 0.0030685 0.01323 0.0070199 0.033056 0.030087 0.016972 0.048117 0.027061 6.2015e-05 -5.7487e-05 9.7462e-05 0.00010551
-0.00042575 0.00023631 0.00069751 0.00034215 0.064408 0.015649 0.068639 0.016143 0.021602 0.0031651 0.021602 0.0031651 0 0 0 0 0.0046525 0.0019125 0.0076736 0.002351 0.48916 0.068767 0.51202 0.070303 0.048942 0.01011 0.048942 0.01011 0 0 0 0 0.0052435 0.0015039 0.0092874 0.0055876 0.41564 0.045602 0.46505 0.18543 0.0945 -0.041744 0.0945 0.049994 0 0 0 0 -0.0016875 0.019177 0.0027637 0.019177 -0.012222 0.015832 0.050875 0.067483 0.007567 -0.086499 0.048045 0.087211 0.0014104 -0.00070393 0.0014104 0.00070393
9.7127e-05 -0.0026646 0.0038626 0.0080632 0.043769 -0.0099394 0.044981 0.07959 0.0016382 -0.018133 0.0062524 0.066727 0.00044735 -0.012828 0.00064132 0.012828 0.030314 -0.0092023 0.033943 0.012338 0.39824 0.014032 0.42694 0.1759 -0.019859 0.10612 0.072124 0.23092 0.0033561 0.027392 0.0044484 0.027633 0.020105 -0.011374 0.033855 0.021973 0.49693 -0.034666 0.49693 0.063728 -0.037008 -0.015188 0.037242 0.01576 -0.050865 -0.066958 0.052017 0.068009 0.0030209 0.00059127 0.0043218 0.0010256 0.076353 -0.018723 0.076353 0.019191 -0.051213 -0.025235 0.051833 0.032093 -0.0012835 -0.0014009 0.0028476 0.0026314
-0.00046885 0.00074385 0.00064854 0.0011722 -0.00049743 -0.0041154 0.0085781 0.014608 0.064868 -0.0034875 0.065127 0.011964 9.0025e-07 -3.3393e-07 9.0025e-07 1.885e-06 -0.00064051 -0.0031116 0.0015615 0.0032582 -0.0064202 0.006223 0.039473 0.018734 0.43385 -0.062269 0.43626 0.099718 0 0 0 0 -0.00020755 0.00053933 0.001238 0.0023613 0.13149 0.022855 0.15253 0.036183 0.26917 0.032343 0.67577 0.13068 7.7785e-05 -1.4127e-05 7.7785e-05 7.7785e-05 -8.545e-05 0.00019861 0.00023744 0.00034474 0.036594 0.0030003 0.040598 0.01244 0.023206 0.013698 0.051313 0.023953 0 0 0 0
0.0011167 -0.0011757 0.0031833 0.0031796 0.065537 -0.034099 0.065565 0.034323 0 0 0 0 0 0 0 0 -0.012308 0.013996 0.039423 0.028505 0.47608 0.13817 0.5251 0.17139 0.00016193 -1.4346e-05 0.00071772 0.0014498 0 0 0 0 0.021639 0.028335 0.040468 0.055335 0.14815 0.071068 0.49033 0.36591 0.071351 -0.038248 0.071351 0.038248 0 0 0 0 -0.001564 0.0087071 0.0027148 0.00875 -0.017202 -0.01026 0.064723 0.062718 0.027941 -0.010967 0.07099 0.021417 0 0 0 0
0.004012 -0.0079666 0.0045332 0.0093588 -0.0071356 -0.01756 0.011291 0.018251 0.012611 0.013551 0.016447 0.01418 0.0048434 0.0056778 0.0060084 0.0056815 -0.004952 -0.006337 0.010931 0.023563 0.056955 -0.11464 0.15441 0.17015 0.34378 -0.0082888 0.34378 0.19478 0.021001 0.013989 0.021001 0.013989 -0.010833 -0.0070289 0.013282 0.007816 0.039335 -0.023825 0.062314 0.057389 0.53797 0.086961 0.55475 0.13451 0 0 0 0 -0.003687 0.0037982 0.0037624 0.0044425 0.026324 0.033705 0.031354 0.040929 0.074264 0.046848 0.074264 0.046848 0 0 0 0
0.0005724 -0.0041622 0.001485 0.0046293 0.06751 -0.069418 0.06757 0.071041 0.0029182 -0.0029182 0.0029182 0.0029182 0 0 0 0 0.0010634 0.0039318 0.0042115 0.0080722 0.17813 -0.044271 0.19309 0.12856 0.43211 -0.071254 0.43211 0.089635 0 0 0 0 0.0072745 -0.0087886 0.013145 0.013466 0.21847 0.068448 0.29168 0.15352 0.39102 0.063626 0.3929 0.12465 0 0 0 0 0.0026999 0.002035 0.0034844 0.0028368 0.0011415 -0.0266 0.017894 0.028961 0.075253 -0.050034 0.075754 0.050751 0.00013487 -0.00013487 0.00013487 0.00013487
0.0006353 -0.00028473 0.0012599 0.00034981 0.020002 -0.00078431 0.044646 0.0054945 -0.014552 0.0019528 0.028668 0.02679 0.00077161 0.0039216 0.0045345 0.0047129 0.00099467 -0.0022684 0.015472 0.0051875 -0.030897 -0.026976 0.17682 0.10529 0.21145 0.2019 0.28692 0.39751 0.0052667 0.066069 0.024019 0.10766 -0.0085446 0.0016604 0.026051 0.0072718 -0.067387 0.13144 0.17858 0.17049 0.39774 -0.088504 0.55297 0.21863 -0.004827 -0.028993 0.0054505 0.028993 -0.0029649 0.00020717 0.0047484 0.00074913 0.01689 -0.010569 0.017684 0.010958 0.0030867 -0.008902 0.050399 0.02552 -0.00030511 -0.0027225 0.00065099 0.003359
0.00016191 0.001201 0.00035744 0.0038241 0.0039391 0.012065 0.0051322 0.020998 0.011779 0.012239 0.015604 0.026175 0.006751 0.0050746 0.006834 0.006051 0.0025892 -0.00070717 0.0038555 0.02118 0.020424 -0.010752 0.044416 0.096553 0.37627 0.12734 0.40405 0.26699 0.01585 0.027135 0.015909 0.027233 0.0072698 0.0043506 0.0074032 0.023162 -0.00018377 -0.0081448 0.11422 0.15922 0.51359 0.030839 0.514 0.11475 0 0 0 0 -0.00048603 -0.0019135 0.0018811 0.003111 0.013396 0.0066267 0.014055 0.0074562 0.069008 -0.0010384 0.069316 0.0097552 0 0 0 0
-0.0022365 -0.00027083 0.0027375 0.00055674 0.005822 -0.023935 0.025936 0.027946 0.0060382 5.8631e-05 0.019134 0.020865 0.0015665 -0.0011753 0.0022277 0.0066347 -0.00085756 -0.0005098 0.0077646 0.0039738 -0.025723 -0.033857 0.14662 0.13138 0.25653 0.17703 0.31038 0.42595 0.013073 0.060962 0.019163 0.089647 0.010925 0.0024607 0.010925 0.0089548 -0.13074 0.15926 0.15939 0.17473 0.43204 -0.083729 0.49156 0.17345 -0.0012842 -0.019572 0.0030489 0.019572 0.0013139 -0.00027493 0.0013408 0.00037413 0.0093471 9.8908e-05 0.013028 0.0031497 0.0059393 -0.0079298 0.054783 0.030211 -0.00024063 -0.0032743 0.00058011 0.0032743
-0.00040761 0.00034939 0.00042427 0.00040099 -0.0049024 0.0042782 0.0054576 0.0046066 0.059035 0.0045209 0.059398 0.0089951 5.7352e-07 -2.1343e-06 2.1343e-06 2.1343e-06 -0.0001964 -0.0020086 0.0014773 0.0024668 -0.025164 0.00056625 0.027613 0.0085202 0.41042 -0.058957 0.41193 0.12423 -0.00018906 0.00017425 0.00031717 0.00030236 -3.9949e-06 -0.00096606 0.00097633 0.0024156 -0.010479 -0.0084471 0.015501 0.013275 0.36595 0.095148 0.65943 0.19306 -0.00038789 -0.0001758 0.001589 0.0005307 -3.6933e-05 0.00020365 0.00016497 0.00024621 0.0038541 0.0020689 0.0082492 0.0035622 0.049401 0.0022093 0.12355 0.027335 -5.7973e-05 1.5492e-05 9.9366e-05 0.00014069
0.0020666 -0.0026214 0.0030365 0.0033288 0.0058596 -0.010435 0.022492 0.021983 0.032494 0.0035555 0.040787 0.012505 0.004293 -0.0035695 0.0060386 0.0087391 0.014742 0.032291 0.029022 0.059113 -0.14618 0.0021838 0.1864 0.28439 0.37588 -0.040594 0.40986 0.085418 0.0073579 0.01172 0.0074702 0.011751 0.010002 -0.015659 0.016617 0.030782 -0.15105 -0.037972 0.2387 0.11228 0.4495 0.02666 0.4495 0.1344 -0.014892 -0.0091126 0.015104 0.009125 0.00062263 0.011477 0.0012281 0.011477 -0.052943 0.023032 0.053798 0.038863 0.055925 -0.009811 0.057055 0.033941 -0.0053259 -4.6185e-05 0.005385 0.003846
0.0023379 -0.0015617 0.003278 0.0028368 0.056072 -0.025669 0.057213 0.025928 9.8496e-05 3.0609e-05 9.8496e-05 9.8496e-05 0 0 0 0 -0.013673 -0.0009422 0.021757 0.0076745 0.55954 -0.038521 0.56083 0.091068 0.0011332 3.1381e-05 0.0018074 0.0018074 -6.4553e-05 0.00028854 6.4553e-05 0.00028854 0.0041144 0.0070683 0.0070326 0.014826 0.34908 -0.0075526 0.34908 0.20439 0.077068 -0.16348 0.078416 0.16348 0.003845 -0.01083 0.0047037 0.01144 0.0080163 0.0018391 0.0085757 0.0032066 0.011541 -0.016819 0.011541 0.020842 0.0084783 -0.023123 0.0084783 0.023123 0.0013787 -0.0043074 0.0013787 0.0043074
5.7917e-05 -1.5332e-05 6.0997e-05 3.3088e-05 0.010359 -0.002132 0.089179 0.009947 -0.0076382 -0.00059154 0.093369 0.0061931 -0.0090641 0.0041863 0.0091595 0.0042541 0 0 0 0 -0.020503 -0.03146 0.42717 0.06845 0.041474 0.00091216 0.57574 0.023814 -0.0099858 0.0065776 0.010178 0.0069383 0 0 0 0 -0.080066 -0.0013087 0.51688 0.029416 0.10682 0.010737 0.39551 0.029939 -6.4076e-06 2.2596e-05 5.3057e-05 5.3057e-05 0 0 0 0 0.003877 -0.00087369 0.093746 0.00769 -0.00066126 -0.0021025 0.089466 0.0054447 -1.5403e-06 1.5403e-06 1.5403e-06 1.5403e-06
0.0025676 -0.00020479 0.002639 0.0007706 -0.017339 8.7295e-05 0.11027 0.023194 -0.025314 0.01057 0.053654 0.031545 -0.00023663 -0.0064221 0.0019289 0.016916 -0.10073 -0.027653 0.12196 0.042863 0.16447 0.033185 0.47353 0.13514 -0.27424 0.088541 0.36038 0.15205 0.039535 0.014307 0.044486 0.025437 0.003958 -0.071066 0.0088197 0.071913 0.18782 -0.054257 0.42194 0.10051 -0.1638 -0.068822 0.3868 0.14165 -0.0031298 0.0095217 0.010579 0.040785 0.000313 1.772e-05 0.0010062 0.00089427 0.015585 -0.0031605 0.030227 0.01463 0.0048418 -0.002405 0.039046 0.024246 0.00091103 0.0012222 0.001063 0.0034641
-0.00030267 9.6316e-05 0.00035909 0.00013736 0.073141 0.0040898 0.073141 0.0049053 0.0015388 0.00064227 0.0019474 0.0011314 0 0 0 0 -0.0029943 0.00014512 0.0034297 0.00057945 0.50455 0.041874 0.50455 0.080223 0.0017683 0.00059607 0.0050295 0.004044 0 0 0 0 -0.0014903 0.001236 0.0028002 0.0015852 0.47459 -0.055037 0.47459 0.077247 0.024741 -0.0075558 0.032476 0.013318 0 0 0 0 -0.00037272 -0.00032874 0.00062754 0.00077902 0.07048 0.014857 0.07048 0.017139 0.0023327 0.0023618 0.0023887 0.0024156 0 0 0 0
-0.00031111 0.00011726 0.00031111 0.00057388 0.0041434 0.0034728 0.0073872 0.0063226 0.079697 -0.0025725 0.079707 0.0074416 0 0 0 0 0.0018625 0.0092979 0.00262 0.0095126 0.04181 0.010181 0.076124 0.094194 0.48338 -0.028782 0.48525 0.035001 0 0 0 0 -0.006863 0.0020503 0.006863 0.0020596 0.016284 0.0040139 0.041945 0.010731 0.49127 0.026766 0.4937 0.034785 0 0 0 0 -0.00097358 0.00030545 0.0010796 0.00051961 0.0028905 0.00229 0.0067581 0.0036975 0.070025 -0.0056205 0.07003 0.0064613 0 0 0 0
0.010382 -0.0054119 0.011227 0.0056758 0.024142 -0.013913 0.024154 0.013926 -0.015878 -0.0014063 0.015897 0.0015093 0.0074117 -0.0016925 0.015241 0.0025897 -0.00073998 0.0022245 0.0049011 0.0055261 0.39423 -0.066955 0.40882 0.094029 -0.1368 -0.053346 0.16611 0.073216 0.037355 0.014635 0.075283 0.020958 -0.00063377 0.0029691 0.0061706 0.0047971 0.39879 -0.012984 0.50125 0.058848 -0.078012 -0.036944 0.34983 0.20895 0.0066417 0.0066417 0.0066417 0.0066417 -0.0010315 -0.00029224 0.0017715 0.0012047 0.042077 0.000805 0.080529 0.034194 0.011842 0.010769 0.04099 0.012585 0 0 0 0
0.0010767 -0.0057809 0.0024587 0.0077027 0.0019701 -0.034539 0.031379 0.045246 0.047402 -0.0029913 0.049026 0.059248 0.0001256 -0.00048609 0.0009477 0.008438 -0.011571 0.040484 0.028705 0.054412 0.084075 -0.049604 0.18232 0.18715 0.40984 0.02429 0.41528 0.091094 -0.0036116 0.0066518 0.0044346 0.024151 -0.0054955 -0.022006 0.022477 0.03079 0.039121 -0.0073006 0.2884 0.08733 0.45166 -0.016 0.46141 0.098181 -0.0723 -0.051893 0.073641 0.052448 0.0005467 0.010883 0.001 0.010883 -0.025102 0.011177 0.037928 0.034328 0.069213 -0.013365 0.079246 0.037726 -0.015102 0.005678 0.015867 0.0082065
0.00053954 -0.00069065 0.0013733 0.0044951 0.0206 0.0055121 0.049248 0.013044 -0.011617 0.0070054 0.069981 0.017928 -0.0008378 0.0083994 0.0017403 0.0084465 -0.032491 -0.0080247 0.035488 0.018173 0.20272 -0.035597 0.31849 0.15275 0.043499 0.046313 0.58924 0.14255 0.012073 0.020627 0.035967 0.023171 0.0044593 0.021154 0.01196 0.10542 0.060752 -0.04542 0.28462 0.18769 0.14732 -0.093493 0.51605 0.11317 -0.0076114 -0.0068079 0.022536 0.0082525 -0.00024717 0.00062428 0.00063807 0.0013529 -4.9508e-05 0.0043266 0.022679 0.022153 -0.004623 -0.008783 0.030467 0.022859 0.002359 -0.021825 0.0084695 0.022207
-0.001076 0.0037907 0.0019979 0.0037914 -0.012696 0.0087002 0.072215 0.03214 0.023452 -0.00014102 0.046989 0.0051138 0 0 0 0 0 0 0 0 -0.069648 -0.014957 0.4627 0.12217 0.094802 -0.021188 0.41855 0.034891 0 0 0 0 0.0063777 -0.0046399 0.0064102 0.0046725 -0.081043 0.027149 0.44182 0.03969 0.074543 -0.0083837 0.59501 0.022821 0 0 0 0 0.0095427 -0.0067213 0.0096845 0.0068633 -0.023724 -0.004268 0.044222 0.0078166 0.023454 0.0045585 0.053766 0.0064566 0 0 0 0
0.00015488 -0.0023112 0.0021799 0.0025406 -0.0027948 -0.011299 0.014588 0.011902 0.033065 -0.017108 0.033065 0.022573 0.011111 -0.0066435 0.011136 0.0067033 -0.0057255 0.011046 0.01591 0.019967 0.074967 0.12999 0.50205 0.17858 -0.073596 0.12734 0.24369 0.32666 0.066329 -0.020615 0.068851 0.030218 0.0045807 0.0017738 0.016454 0.0071275 0.1174 -0.02528 0.43154 0.20822 0.023373 -0.035697 0.37069 0.30098 -0.0032755 0.023878 0.080313 0.050856 -0.0017238 -0.000844 0.0036778 0.00093692 -0.002611 0.002196 0.064137 0.010766 0.027128 0.013926 0.033421 0.021262 0.0031089 0.00056762 0.011113 0.0048207
0.0045357 0.0015241 0.011121 0.0059845 0.021368 -0.0036963 0.036672 0.008505 0.051332 -0.0023737 0.065498 0.0062095 2.2619e-06 2.2619e-06 2.2619e-06 2.2619e-06 0.025698 0.0041167 0.026005 0.0091056 0.14177 -0.053214 0.19944 0.093606 0.38059 0.011671 0.47512 0.056871 -0.00088987 0.00032605 0.00088987 0.00060796 0.02513 0.0070159 0.02513 0.017079 0.047451 0.15356 0.21215 0.18932 0.39911 -0.025526 0.5109 0.072087 -0.0011851 -0.00026112 0.0011851 0.0009032 0.002699 -0.0005783 0.002699 0.0009086 0.025194 -0.014717 0.025194 0.015312 0.045894 0.016055 0.069876 0.025713 0 0 0 0
-0.0013752 -0.00053745 0.0017997 0.0012908 0.004461 -0.0061874 0.0072553 0.012288 0.077847 -0.013884 0.077847 0.015204 0 0 0 0 -0.0046429 0.0142 0.0058936 0.016034 0.026821 0.033381 0.046113 0.069777 0.48886 -0.014939 0.48886 0.04997 0 0 0 0 -0.0063163 -0.001036 0.013397 0.0034364 -0.01969 0.011863 0.044383 0.013526 0.49105 0.0071299 0.49187 0.038819 0 0 0 0 0.0019338 -0.0017854 0.0027663 0.0020762 -0.004637 -0.0021718 0.0066735 0.0031879 0.068522 -0.0072328 0.068538 0.0076784 0 0 0 0
0.00040889 6.6066e-05 0.0024634 0.0015745 -0.0028842 -0.0010038 0.039966 0.012392 0.025134 0.0039832 0.05517 0.014202 -0.001774 0.0028109 0.001774 0.0028109 -0.026404 0.0018131 0.030164 0.014494 -0.048781 -0.071185 0.29497 0.086428 0.39172 0.064139 0.54501 0.099704 -0.014149 -0.00053411 0.014149 0.002959 -0.025029 0.0056686 0.025451 0.012541 0.0092941 -0.030952 0.093041 0.083491 0.32315 -0.14547 0.49806 0.16965 -0.0098712 -0.036159 0.01438 0.036159 0.00062225 -0.0051432 0.0011061 0.0057159 -0.0024305 -0.0040735 0.02594 0.029859 -0.011056 0.00061737 0.016828 0.0079128 0.0018741 0.0026906 0.0018778 0.0027258
0.00010948 0.00018361 0.0014464 0.0015547 0.032186 -0.0038726 0.043587 0.013939 0.034382 0.017335 0.063561 0.065145 -0.0027024 -0.00020449 0.011281 0.0042566 0.0034492 0.0049666 0.004056 0.0065057 0.12851 0.018127 0.23744 0.053507 0.29605 -0.095525 0.52969 0.27895 0.014083 0.0089627 0.014265 0.0089867 0.0047118 0.0036473 0.0047118 0.0037619 0.021083 -0.0063994 0.16827 0.026434 0.43666 0.11029 0.44109 0.13222 0 0 0 0 0.00040284 0.00017061 0.00040922 0.00019157 -0.0056745 -0.00064248 0.014066 0.0026569 0.071724 -0.0037522 0.071879 0.0038684 0 0 0 0
-0.005589 -0.00087355 0.0056018 0.00091656 0.024846 0.0048999 0.098588 0.01283 -2.8479e-05 -3.463e-06 5.6684e-05 8.7602e-05 7.0745e-08 -2.2177e-07 1.063e-06 5.6688e-07 -0.069027 -0.0019156 0.069027 0.0086885 0.18773 -0.027041 0.63234 0.10256 0.009944 -0.0063819 0.014293 0.0096515 0 0 0 0 -0.078998 0.00019795 0.079087 0.0066195 0.054238 0.021601 0.67833 0.075044 0.14293 -0.024623 0.14443 0.028672 0 0 0 0 -0.010964 -0.00099256 0.010993 0.0015277 -0.01897 0.012956 0.064175 0.014224 0.039704 -0.0051793 0.043258 0.0058654 0 0 0 0
-0.007996 0.0062201 0.012896 0.0088853 0.0026159 0.0065688 0.012057 0.037588 -0.013912 -0.004358 0.025131 0.036815 -0.0027089 -0.0015131 0.0049279 0.0062937 -0.17258 -0.010996 0.17264 0.064562 -0.12811 -0.15454 0.17382 0.31109 0.15114 -0.044516 0.45305 0.15932 0.01099 0.020454 0.07203 0.049095 -0.13899 -0.026591 0.13926 0.033293 -0.057787 0.10763 0.20425 0.32928 0.080658 -0.020872 0.4462 0.1613 0.14652 0.06387 0.16703 0.067642 -0.0051492 -0.0031413 0.0057004 0.0079499 -0.015791 0.0016119 0.018475 0.026851 0.021958 -0.0064618 0.049558 0.020162 0.010926 -0.0078368 0.014917 0.0099124
0.00097771 0.0010792 0.0012079 0.0017566 0.071995 0.00027983 0.085095 0.019452 -0.0056354 -0.00018382 0.053756 0.036678 0.0013853 0.00076691 0.0013888 0.00076932 0.0048792 0.004884 0.0049317 0.0049603 0.42989 -0.016941 0.55458 0.075984 0.078212 0.057321 0.16049 0.13646 0 0 0 0 0.0034629 0.001122 0.0034629 0.0013389 0.35839 -0.030554 0.48949 0.046917 0.15679 -0.024603 0.16096 0.028837 0 0 0 0 0.00029044 5.6995e-05 0.00038315 0.00017177 0.019635 -0.001066 0.036529 0.0069819 0.053162 -0.0038514 0.05347 0.0041831 0 0 0 0
0.0029855 -0.004504 0.0029855 0.0045348 0.051517 -0.010438 0.060988 0.010968 3.4825e-05 1.1994e-06 3.4825e-05 6.2856e-05 -0.0030737 0.0015876 0.0030999 0.0017284 0.0032548 -0.0032481 0.0066525 0.0093844 0.4962 -0.041262 0.50677 0.055172 -0.015924 -0.021952 0.017977 0.024342 -0.01594 -0.020572 0.01602 0.021164 -0.010017 -0.00091878 0.018712 0.010967 0.46094 0.042993 0.47605 0.10797 -0.070726 -0.088801 0.070726 0.090046 -0.019561 -0.0053857 0.019561 0.012068 0.0049117 0.0091488 0.0051379 0.0093013 0.02038 0.022255 0.021171 0.022657 -0.0039342 0.007725 0.0039342 0.007725 -0.00078114 0.0021874 0.00078283 0.0021874
0.00098567 0.0082394 0.0010455 0.0082537 0.0080538 0.038408 0.027165 0.05561 0.0090483 0.017641 0.068365 0.018096 -3.5496e-06 -4.4297e-07 3.5496e-06 6.6562e-06 0 0 0 0 0.048289 -0.025477 0.41458 0.11866 -0.040511 -0.0023049 0.58593 0.012865 0 0 0 0 0.0040911 -0.0035598 0.0042209 0.0036043 -0.025611 0.0097226 0.42106 0.024041 0.021085 -0.0058513 0.52149 0.022226 0 0 0 0 0.0066246 -0.0038965 0.006738 0.0039466 -0.026648 -0.005801 0.029517 0.0066874 0.027849 0.0067922 0.027849 0.0067922 0 0 0 0
-0.0008313 -0.00081963 0.00083437 0.0009587 0.023351 0.0011366 0.13719 0.0080628 -8.721e-05 -1.7312e-05 0.00015742 0.00034151 -0.0032849 0.002144 0.0033447 0.0022665 -0.071023 -0.010445 0.071124 0.010647 0.22063 0.023099 0.49696 0.06167 0 0 0 0 -0.0013548 0.00066295 0.0014678 0.00077918 -0.11323 -0.0030677 0.11334 0.0084931 0.27265 -0.019203 0.73894 0.09772 -0.0010899 -0.00064014 0.0055276 0.002888 0 0 0 0 -0.015082 0.00037393 0.01512 0.00061713 0.034274 -0.00028751 0.11147 0.009316 -0.00014284 0.00013111 0.00062859 0.00053632 0 0 0 0
-0.0019989 -0.00047745 0.0041304 0.0047135 0.02863 -0.017157 0.045701 0.030981 -0.01867 -0.0058098 0.067327 0.017736 0.0038572 0.003712 0.0057223 0.0085042 -0.02002 -0.0089209 0.02188 0.020721 0.21578 0.035111 0.33866 0.15765 -0.0059697 0.060111 0.57965 0.1158 0.044195 0.027361 0.067215 0.027759 -0.0032696 0.02496 0.016445 0.12833 0.072398 -0.10563 0.31036 0.1624 0.11178 -0.11318 0.48586 0.12869 0.0085552 -0.010577 0.030858 0.012181 -0.00038409 0.00056435 0.00053836 0.0022428 -0.0045316 0.0055251 0.0334 0.02891 -0.00030684 -0.010008 0.029671 0.029018 0.00081801 -0.023559 0.0046516 0.023901
0.0005964 0.003862 0.0022697 0.0051505 0.018093 -0.0035536 0.039828 0.044478 0.042942 0.020319 0.05278 0.072794 0.00022777 0.0048699 0.001042 0.0078403 0.015128 -0.00476 0.045446 0.022162 -0.017093 0.015689 0.16051 0.21558 0.42709 -0.069923 0.53993 0.11041 -0.0048685 -0.0084843 0.006779 0.0099462 0.0077856 0.0019624 0.03351 0.0078454 0.063059 0.016433 0.18325 0.091037 0.22987 -0.049205 0.46426 0.28644 -0.0041274 -0.011624 0.051916 0.098072 0.00024074 -9.9364e-06 0.0043589 0.00091186 0.016407 -2.9291e-05 0.028679 0.0066734 0.035756 0.028483 0.042482 0.032588 1.2413e-05 -0.00029799 0.00017227 0.00042086
-0.00016773 0.00013664 0.00016773 0.0001818 -0.04026 -0.0014153 0.10308 0.011952 0.050931 -0.0048061 0.051221 0.0054025 0 0 0 0 6.363e-05 6.5374e-06 0.00031681 0.00031681 -0.14627 0.033857 0.50929 0.094786 0.1745 -0.016218 0.39639 0.037286 0 0 0 0 0 0 0 0 -0.04851 -0.0052086 0.41379 0.022884 0.049351 0.0029541 0.55991 0.019939 0 0 0 0 6.337e-05 -4.8458e-05 7.2258e-05 5.3998e-05 -0.0030183 0.0010515 0.077167 0.0019682 0.0014366 0.00047256 0.075561 0.0078529 0 0 0 0
0.00072071 -0.0026916 0.0012438 0.0026987 0.030223 -0.068069 0.031568 0.068069 0.020607 -0.050795 0.020673 0.050842 0 0 0 0 -0.0049554 -0.01001 0.0057693 0.012119 -0.033356 -0.064401 0.048369 0.067972 0.448 -0.020071 0.46 0.088281 0 0 0 0 -0.0015422 -0.0042239 0.0051382 0.0047136 -0.029355 -0.010182 0.031919 0.017379 0.51637 0.03267 0.51637 0.037688 0 0 0 0 -0.00010524 -0.00010547 0.00018307 0.00018169 -0.0016643 -0.0021069 0.0039234 0.0029389 0.074951 -0.0052503 0.074951 0.019206 0 0 0 0
0.00046733 0.00032883 0.0011612 0.0017826 0.068583 -0.0045435 0.070596 0.0075009 0.0051715 -0.0016141 0.0055993 0.0016842 0 0 0 0 -0.0051768 0.0006914 0.0051768 0.00073444 0.49569 0.028123 0.49841 0.031646 0.023636 0.0057542 0.024871 0.010855 0 0 0 0 -0.0054518 0.0018818 0.0054518 0.0032391 0.48909 -0.031804 0.49243 0.047085 0.020914 -0.0082347 0.020914 0.010167 0 0 0 0 -0.00059494 -0.00016887 0.00063986 0.00060596 0.054174 -0.0019104 0.054738 0.0045491 0.020581 -0.0014073 0.020727 0.003761 0 0 0 0
0.0004132 -0.002234 0.001002 0.0022358 0.018618 -0.046236 0.023606 0.047029 0.035453 -0.051762 0.035481 0.051762 0 0 0 0 -0.0050915 -0.0098801 0.0057728 0.011796 -0.038406 -0.057501 0.048336 0.058603 0.45843 0.0015683 0.47045 0.058897 0 0 0 0 -0.0011728 -0.0037809 0.0045679 0.0044793 -0.027228 -0.0083769 0.030013 0.012084 0.51286 0.016468 0.51286 0.044578 0 0 0 0 -0.00013602 -0.00010752 0.00020522 0.00019299 -0.00026276 -0.0021587 0.0052452 0.0047382 0.072414 0.0090128 0.072414 0.014969 0 0 0 0
-0.00021958 0.00016841 0.00022255 0.00017311 -0.03265 -0.00075276 0.10081 0.013584 0.041365 -0.0051283 0.041575 0.0055632 0 0 0 0 -0.00013946 6.3986e-06 0.00013946 0.00013946 -0.084642 0.033761 0.43459 0.091116 0.10574 -0.012753 0.4171 0.031535 0 0 0 0 -2.3805e-06 6.085e-06 6.085e-06 6.085e-06 0.00074647 -0.0031761 0.44147 0.014076 -0.0099209 0.0041534 0.62271 0.021779 0 0 0 0 0.00016211 -0.0001526 0.00019546 0.00017728 -0.0040401 -0.00041466 0.061699 0.002165 0.002512 0.001002 0.077419 0.0039396 0 0 0 0
-0.0051909 -0.0061183 0.0052493 0.0061826 -0.025065 -0.15383 0.031527 0.15384 0.047751 -0.11555 0.048179 0.11567 9.1065e-05 -9.1065e-05 9.1065e-05 9.1065e-05 -0.085602 -0.05594 0.085939 0.078405 0.12368 0.013325 0.21563 0.22806 0.082397 0.023093 0.32045 0.45124 0.079298 -0.053636 0.084862 0.1171 0.01064 -0.0092709 0.026766 0.019207 0.15011 -0.0089092 0.28186 0.1291 0.039196 -0.028494 0.4767 0.26169 0.047712 0.0037983 0.095391 0.028764 0.0048967 -0.00075494 0.00634 0.0020888 -0.0040853 -0.0052006 0.0179 0.0060727 0.029695 -0.0070192 0.07724 0.012489 0.0046978 -0.0016716 0.0066509 0.0036817
-0.00053717 -8.6084e-05 0.00056905 0.00020846 0.045792 0.0014969 0.045933 0.010973 -0.0004002 0.00012882 0.0004002 0.00016871 0 0 0 0 -0.0012363 -0.00089878 0.0023459 0.0022644 0.26858 0.027281 0.59073 0.15711 0.019663 0.00084092 0.024572 0.020763 0 0 0 0 0.006821 0.0042503 0.009781 0.0047165 0.22309 0.026917 0.68415 0.16144 0.0045896 -0.00059723 0.010849 0.013818 0 0 0 0 0.0055638 0.00074014 0.0056671 0.0029823 0.022094 0.020567 0.026612 0.029754 -0.00026534 7.3735e-05 0.00026534 0.00018948 0 0 0 0
-0.00068061 0.00012461 0.00096932 0.00026146 0.0084021 -0.00054882 0.0093983 0.0012722 0.068927 0.0025511 0.071842 0.015171 0 0 0 0 -0.0048025 0.00074504 0.0070578 0.0012205 0.044188 0.0026682 0.051343 0.014222 0.4826 -0.00075327 0.48392 0.09776 0 0 0 0 -0.0049784 0.00038428 0.0080038 0.0016599 0.03762 -0.00015484 0.049874 0.013481 0.49151 -0.011073 0.49289 0.099735 -0.0015445 0.0002008 0.0019471 0.00064817 -0.00071362 4.6159e-05 0.0011017 0.00024316 0.003795 0.00078976 0.0054012 0.0020923 0.063598 -0.015807 0.068642 0.018584 -3.2548e-05 -9.3936e-05 7.4642e-05 0.00012824
-2.4271e-05 -0.00019856 0.0010009 0.0025515 0.026791 -0.01815 0.031181 0.027586 0.066938 -0.038945 0.067114 0.039014 0 0 0 0 0.0031887 5.4463e-05 0.0040243 0.0034417 -0.01578 -0.0078269 0.096043 0.048623 0.54554 -0.081859 0.54855 0.10068 0.0011199 -0.0028682 0.0011927 0.0038208 0.0027282 0.0028532 0.0029361 0.0031968 0.030963 0.051724 0.054069 0.072852 0.40112 0.028232 0.40112 0.1307 0.0084433 -0.028094 0.0084433 0.028094 2.9561e-05 0.0015115 0.00072599 0.0048865 -0.0015733 -0.01278 0.014155 0.018531 0.042469 -0.0060265 0.042572 0.013071 0.00051153 -0.0027665 0.00051153 0.0027665
4.4347e-05 -0.00012441 0.00018975 0.0003019 0.0082105 0.001087 0.072449 0.007933 -0.003598 0.0011524 0.067072 0.013953 3.2688e-05 3.1247e-05 7.1208e-05 8.7803e-05 0.011447 -0.003792 0.012475 0.0049987 0.10058 -0.005049 0.55831 0.014576 -0.079841 0.023553 0.55128 0.049667 -0.00049848 -0.00016205 0.00049848 0.00045148 0.044848 -0.041648 0.049265 0.04302 0.13625 0.0080422 0.43425 0.068664 -0.080409 0.0028768 0.34402 0.018515 -0.00019919 6.6618e-05 0.00055762 0.00049737 -0.00055585 0.0004418 0.001192 0.00068436 0.043941 -0.0304 0.044796 0.031179 -0.0076962 -0.0029699 0.056253 0.0063753 5.5601e-05 4.6058e-06 5.5601e-05 5.5601e-05
1.5992e-05 3.7355e-05 5.4516e-05 4.8014e-05 -0.0095615 0.0091499 0.10709 0.015607 0.019506 -0.0040365 0.078201 0.0063673 0 0 0 0 0.00021388 -0.00012997 0.00051027 0.00025967 0.094489 0.00035735 0.41896 0.045843 -0.081711 0.021673 0.56835 0.15672 8.8664e-05 -8.8664e-05 8.8664e-05 8.8664e-05 0 0 0 0 0.099651 -0.0072418 0.5487 0.053799 -0.11834 0.086035 0.25996 0.15804 0.024647 -0.017302 0.032791 0.01948 0 0 0 0 0.0078599 -0.0049511 0.089611 0.015589 -0.005507 -0.024017 0.010605 0.027226 -0.0041897 0.0014503 0.0074716 0.01012
0.00013134 0.00023704 0.00023889 0.00033981 0.00045699 0.0051162 0.0051444 0.010018 0.095016 0.011025 0.096233 0.021807 0.001747 -0.0069465 0.0017475 0.006948 0.009641 0.01506 0.010811 0.03829 -0.065893 -0.066779 0.15276 0.32275 0.46613 -0.065858 0.54539 0.15362 0.0044149 -0.038448 0.0044961 0.038448 -0.012267 -0.0051422 0.012267 0.0061691 -0.0576 -0.0023297 0.062664 0.021982 0.36277 -0.042862 0.37478 0.10175 0.00345 -0.028428 0.0049958 0.02848 -0.0017183 -0.00055581 0.0017183 0.00055581 -0.00084037 0.00067302 0.0089461 0.0043809 0.035992 0.0066087 0.037608 0.010768 0.001272 0.0013578 0.0012729 0.0013646
-0.00050025 -0.0001923 0.00052054 0.00027364 0.049615 -0.011489 0.04986 0.036829 0.00068786 -0.0014073 0.0016907 0.0017663 0 0 0 0 -0.0012401 0.00050475 0.003171 0.0018653 0.19154 -0.015753 0.71643 0.0912 0.12762 0.0091025 0.12941 0.032944 0 0 0 0 -0.0014866 0.00030246 0.0052091 0.0016645 0.32549 0.090093 0.4981 0.19003 0.0053791 0.0059454 0.0080719 0.0077676 0 0 0 0 0.00014546 0.00034417 0.00099594 0.00072776 0.032083 0.0099546 0.032547 0.010857 -3.346e-05 1.1766e-05 3.346e-05 3.346e-05 -3.1176e-06 -1.5963e-06 3.9662e-06 2.8225e-06
0.00021454 0.00085411 0.0084868 0.0047809 0.0075098 -0.00023666 0.036768 0.036159 0.070637 -0.00073866 0.073349 0.034552 -0.0014426 -0.00039399 0.0015275 0.0051158 0.027556 -0.0036488 0.044832 0.0074345 0.11432 -0.010007 0.25509 0.066782 0.26198 -0.012288 0.47848 0.43892 0.00090937 0.016574 0.024328 0.069696 0.054702 -0.013183 0.060236 0.022533 0.059386 0.0092354 0.20774 0.041805 0.40647 0.0087384 0.40821 0.07705 0.00013334 0.00013334 0.00013334 0.00013334 0.0031877 0.00038431 0.0046864 0.0038428 0.015238 -0.014499 0.037269 0.021452 0.062071 -0.0073702 0.06299 0.0076977 -2.1397e-06 2.1397e-06 2.1397e-06 2.1397e-06
-0.0040308 0.00014644 0.0040546 0.00093925 -0.028139 0.0044777 0.10623 0.014709 0.047956 -0.0075336 0.048292 0.0080117 0 0 0 0 -0.011808 0.0013626 0.012098 0.0050176 -0.099351 0.054457 0.57362 0.089247 0.17534 -0.026505 0.38218 0.068951 0 0 0 0 -0.0078003 -0.00012786 0.0079876 0.0025707 0.10007 0.0069677 0.36386 0.031242 -0.07254 0.017754 0.5198 0.16159 0.00032047 3.5119e-05 0.00042625 0.00034992 -0.0011732 8.6202e-05 0.0012067 0.00057086 0.016019 -0.00075413 0.052276 0.0069383 -0.014735 0.012163 0.035106 0.019616 0.0022241 -0.0017489 0.002578 0.0021842
0.0001319 -9.2153e-05 0.00023315 0.00034157 0.0046812 0.0033959 0.0059477 0.004384 0.067741 -0.01005 0.080532 0.011356 -0.0050708 -0.0025828 0.0075193 0.0045917 0.0041617 0.0014985 0.0046195 0.002304 -0.010079 -0.0089427 0.065242 0.029745 0.42977 -0.04317 0.60087 0.16746 -0.0014676 0.0084037 0.073467 0.010923 0.0048302 0.00019221 0.005566 0.0075471 0.053906 0.043629 0.078524 0.082702 0.32225 0.0088236 0.50058 0.15312 0.019465 0.0097851 0.019465 0.010623 0.0012629 0.0012012 0.0012892 0.0012666 0.0088911 0.003599 0.0088911 0.003599 0.036825 -0.0053985 0.058223 0.0085543 3.7576e-06 -3.7576e-06 3.7576e-06 3.7576e-06
1.5189e-06 -1.5189e-06 1.5189e-06 1.5189e-06 0.013804 -0.0021184 0.058692 0.0075107 -0.036113 0.017632 0.036432 0.017815 -0.00076459 0.00093708 0.0025834 0.0020999 -0.00044217 -0.00026947 0.00044217 0.00044217 0.10915 0.010198 0.50911 0.039585 -0.012858 0.008996 0.012858 0.0092694 -0.068249 0.041499 0.071316 0.04229 -0.0070823 -0.00082317 0.0074147 0.0014221 0.12546 -0.019424 0.82299 0.049108 0 0 0 0 -0.0096477 0.010113 0.011771 0.011844 -0.0034614 -0.00079433 0.0034889 0.00080649 0.015119 0.0050191 0.097202 0.018169 0.0021261 -0.0013255 0.0022035 0.0013778 -9.6634e-08 -9.6634e-08 9.6634e-08 9.6634e-08
-8.7321e-05 6.6082e-05 0.00017472 9.3294e-05 -0.045156 0.0048171 0.11448 0.021314 0.056253 -0.0063291 0.056426 0.0064329 0 0 0 0 8.0202e-05 4.1623e-05 0.0002097 0.00010686 -0.23394 0.020892 0.69217 0.054707 0.2688 -0.0028398 0.27787 0.028794 0 0 0 0 -6.9427e-06 9.503e-07 6.9427e-06 6.9427e-06 -0.12146 -0.0036535 0.25052 0.040454 0.13592 -0.005654 0.42616 0.027851 0 0 0 0 0.00012282 -9.408e-05 0.00014229 0.00011235 0.0015607 0.0044622 0.051525 0.0050301 -0.00044079 0.0014119 0.086877 0.0085073 -1.3112e-06 1.3112e-06 1.3112e-06 1.3112e-06
8.9533e-05 0.00016536 0.00012178 0.00021646 0.0047695 0.0060566 0.0077705 0.0070057 0.077677 0.0088829 0.077677 0.014776 0 0 0 0 0.0070953 0.013894 0.0075089 0.014626 0.038446 0.0053728 0.098532 0.15607 0.47137 0.0082863 0.47152 0.084817 -0.0009204 -0.00024726 0.0013806 0.00091061 -0.0036837 -0.0065166 0.0058335 0.0072926 0.04076 -0.004412 0.057738 0.015365 0.48559 -0.0007245 0.48997 0.08157 0.00033418 0.00019912 0.00053743 0.00070659 -0.00055575 3.5971e-05 0.00055575 4.4141e-05 0.0062504 -0.00029757 0.0067266 0.0018662 0.075097 0.0063761 0.075766 0.012538 0 0 0 0
-0.0016986 0.0019511 0.0026517 0.0048787 0.0039833 -0.020575 0.017007 0.030965 0.017408 -0.0053335 0.054489 0.014398 0.003463 0.0006903 0.004159 0.0013352 -0.0065877 -0.0096022 0.017041 0.016177 -0.068521 0.092471 0.22132 0.20261 0.21185 -0.063335 0.45292 0.28932 0.024391 0.0071304 0.031088 0.0096487 0.0083625 -0.017536 0.0099267 0.018115 0.029913 -0.12676 0.18975 0.28211 0.13502 0.019903 0.54195 0.31882 0.0083436 0.0046304 0.022885 0.010432 -0.00023155 -2.8431e-05 0.0004082 0.00053103 0.0074443 -0.0013169 0.0098981 0.013026 0.03602 0.011747 0.03602 0.011979 0.0021576 -4.3386e-05 0.0071909 0.00089538
-0.0039907 0.00079573 0.0042282 0.0016244 0.046486 0.034738 0.049154 0.057475 -0.0058209 0.12762 0.008433 0.14331 -0.0042892 0.013461 0.0050304 0.018162 -0.017187 0.014599 0.026094 0.016103 0.46672 0.047567 0.58598 0.10962 0.029854 -0.11962 0.030718 0.11962 -0.013042 -0.0035937 0.013215 0.024706 0.004108 0.0013883 0.012118 0.0038047 0.24358 -0.087449 0.46082 0.11647 0.029267 -0.15094 0.029267 0.15094 -0.0049809 -0.020908 0.0056498 0.020908 0.0032362 -0.005554 0.0032362 0.0058514 0.024369 -0.00064521 0.053337 0.0087362 0.00055084 -0.0061503 0.002699 0.010126 -0.00084848 -0.0021955 0.00085458 0.0024486
0.0062091 -0.010154 0.0063294 0.011298 0.026803 -0.049952 0.027006 0.050942 -0.010294 0.011478 0.010482 0.011651 -0.0066601 0.0032393 0.0068643 0.0045718 -0.0061173 0.0044549 0.0062172 0.0056934 0.47919 0.033876 0.50461 0.10295 -0.00015675 2.8469e-05 0.00015675 0.00015675 -0.020814 0.016674 0.021275 0.017215 -0.0029153 -0.0025927 0.0037232 0.0038958 0.4539 -0.019373 0.51176 0.1281 -9.7115e-06 1.424e-05 0.0010654 0.0021405 -0.00053293 0.00049327 0.00053293 0.00049842 -0.00053529 0.00025811 0.0011541 0.00044784 0.055512 0.017151 0.07886 0.024668 0 0 0 0 -7.4856e-05 -6.547e-05 7.6734e-05 7.1986e-05
-0.014078 -0.00076923 0.01409 0.0017898 0.038064 -0.0040572 0.082677 0.011771 0 0 0 0 -7.4646e-05 4.0126e-05 8.9333e-05 5.8127e-05 -0.0058591 -0.001578 0.10665 0.0077675 0.15927 0.020816 0.64766 0.063656 0.00054999 7.528e-05 0.00054999 0.00054999 2.638e-06 -2.638e-06 2.638e-06 2.638e-06 0.050879 0.0061571 0.15145 0.015247 0.051822 0.0042358 0.68724 0.14685 0.0071548 -0.0059789 0.0098897 0.0080293 0 0 0 0 0.0065433 -0.0003513 0.015475 0.0012426 -0.033729 0.013044 0.044728 0.027421 0.030759 -0.01853 0.040247 0.022463 -3.7091e-05 -0.00067318 6.6029e-05 0.00068945
4.0654e-05 0.00012468 0.00035811 0.00030184 0.012685 -0.00055871 0.072376 0.02156 -0.0031791 0.013378 0.0050534 0.015052 -0.0045122 0.0013647 0.011064 0.0025295 -5.3014e-05 2.7658e-05 0.00017879 0.00032993 0.067525 0.00025383 0.55988 0.084882 -0.037674 -0.022634 0.059463 0.027998 -0.023863 -0.0077783 0.10459 0.022238 0 0 0 0 0.021337 -0.03309 0.72593 0.045645 -0.11549 -0.059852 0.26863 0.080803 0.05946 0.022362 0.05946 0.022362 -2.2063e-05 -5.6138e-06 2.5565e-05 3.9762e-05 0.012238 0.004014 0.095962 0.014055 -0.017401 -0.0092596 0.072588 0.021924 0.00013752 9.1952e-05 0.00019308 0.00013071
-0.0019089 -1.8326e-05 0.0036225 0.0014193 0.023649 0.046778 0.027587 0.06977 0.00328 0.14302 0.010285 0.15885 -0.0034088 0.0098326 0.0040123 0.01561 -0.022067 0.017908 0.028083 0.019474 0.48679 0.041367 0.5719 0.10569 0.024621 -0.10278 0.026321 0.10827 -0.016783 0.0040134 0.017218 0.029859 0.0030538 0.0025931 0.010648 0.0027679 0.25318 -0.080177 0.45498 0.12156 0.02542 -0.14663 0.02542 0.14663 -0.005555 -0.019808 0.0059692 0.019808 0.0030101 -0.0045249 0.0030101 0.0046976 0.02126 -0.0015484 0.055501 0.0067138 0.0011685 -0.0088663 0.0025465 0.011646 -0.00080797 -0.0021825 0.00080956 0.0023542
-2.6197e-06 -5.9308e-05 0.00023184 0.0001673 -0.048859 -0.04346 0.09755 0.083615 -0.006217 -0.032901 0.068316 0.075844 0.0019095 -0.0018044 0.0053979 0.0047946 -0.070304 -0.05161 0.070566 0.052432 -0.23103 -0.10935 0.3258 0.23109 0.15495 -0.059754 0.40682 0.14679 0.0081858 0.0049647 0.019769 0.067085 -0.052185 -0.013252 0.053826 0.017408 0.044413 -0.053004 0.35692 0.21274 0.04368 -0.017402 0.30052 0.47443 -0.012863 -0.0226 0.015341 0.05819 -0.013758 0.0041523 0.013804 0.0053886 -0.012474 -0.001563 0.013499 0.013938 0.0095259 -0.0078301 0.02449 0.025269 -0.00026329 -0.00017872 0.00098894 0.0022382
0.0006224 0.0018376 0.00069611 0.0018641 0.071277 -0.0056262 0.072577 0.013541 0.00023944 -8.0068e-05 0.00023944 0.00023944 0 0 0 0 -0.0057797 0.0011258 0.0065639 0.0025012 0.49399 0.027618 0.50155 0.037045 0.0021804 0.00020453 0.0021804 0.0014878 0 0 0 0 -0.0061419 0.00075233 0.0073657 0.0044253 0.48508 -0.031636 0.49322 0.049935 0.0019762 -0.00060785 0.0019762 0.0013005 0 0 0 0 -7.5318e-05 0.0003083 0.00082829 0.00051987 0.067612 -0.0025389 0.069344 0.0029551 0.0043864 -0.00091244 0.0044197 0.00098391 0 0 0 0
0.0018957 -0.0012291 0.0033673 0.0018258 0.0091183 -0.00055561 0.070435 0.0087635 0 0 0 0 0 0 0 0 0.037992 -0.010748 0.1063 0.029228 0.076167 -0.01538 0.515 0.055865 -0.00075669 0.00075669 0.00075669 0.00075669 0 0 0 0 -0.049712 0.0060833 0.079569 0.0090303 0.20003 -0.045081 0.79432 0.067073 -0.00084779 -0.0007814 0.0014223 0.0013559 0 0 0 0 -0.0061528 0.0025346 0.006205 0.0025737 0.0283 -0.0010748 0.13916 0.0091591 0 0 0 0 0 0 0 0
-0.014229 -0.00086769 0.014237 0.00088381 0.034018 -8.5607e-05 0.060545 0.0040745 0 0 0 0 -0.00028101 0.00011765 0.00030875 0.0001434 -0.071058 -0.00019798 0.071322 0.0091053 0.22238 -0.010991 0.66272 0.061336 -0.00044762 0.00026914 0.0019766 0.0024353 -1.4478e-05 -1.5199e-06 1.4478e-05 1.7062e-05 0.0028667 -0.003176 0.096728 0.0069486 0.11345 0.020473 0.67278 0.097715 0.00065117 3.0908e-05 0.00087095 0.00087095 0 0 0 0 0.006715 0.0010883 0.019318 0.0016274 -0.014772 0.010603 0.072357 0.017941 0.016769 -0.0091309 0.018346 0.0096966 4.8213e-06 -1.8861e-06 4.8213e-06 4.8213e-06
-0.00071917 0.00024056 0.0019165 0.0023288 0.033695 0.012406 0.059978 0.094229 0.018931 -0.035914 0.062599 0.052222 0.0033474 -0.00058883 0.012173 0.0019539 -0.0022204 -0.030238 0.0076007 0.033659 0.079381 -0.17943 0.21748 0.32765 0.24488 -0.099431 0.45108 0.34135 0.027048 -0.0086839 0.0651 0.011761 -0.0096718 0.0023675 0.01544 0.0081121 0.022462 -0.0033165 0.054229 0.0952 0.41497 0.058543 0.41497 0.13857 0.027616 0.010483 0.039242 0.043508 -0.0014169 5.9772e-05 0.0018464 0.00074203 0.01801 0.010518 0.01801 0.011025 0.030891 -0.0092589 0.030891 0.014001 0.006503 -0.0050992 0.006503 0.0051143
-0.0060808 0.00038891 0.0060964 0.0009151 -0.038319 0.010513 0.11555 0.012427 0.060741 -0.0075941 0.061533 0.0084579 0 0 0 0 -0.044273 -0.0033544 0.044571 0.0065119 -0.091966 0.064359 0.54657 0.093738 0.19274 -0.047576 0.44439 0.11174 0 0 0 0 -0.080211 -0.0052485 0.080211 0.010738 0.17722 0.0086801 0.19625 0.030602 -0.091988 0.060722 0.52063 0.18044 0.00039769 -0.00010478 0.00070973 0.00069047 -0.01231 0.0012266 0.012325 0.0016185 0.028659 0.0006716 0.029311 0.006841 -0.017672 0.010762 0.035148 0.01605 0.0029055 -0.0034311 0.0047556 0.0047651
-0.013535 -0.0022096 0.013548 0.0022436 0.039338 -0.0065509 0.10368 0.010975 -6.341e-05 -0.00015661 6.341e-05 0.00028343 -4.5651e-05 2.4179e-05 5.9985e-05 3.3927e-05 0.00034863 0.0028301 0.12562 0.0078606 0.16758 -3.3171e-05 0.63044 0.072369 0.00086812 0.00032622 0.0015304 0.0016849 9.3478e-06 -1.2795e-06 9.3478e-06 9.3478e-06 0.052569 0.0050185 0.16132 0.013539 0.075097 0.017707 0.6917 0.13477 0.0014275 -0.0019297 0.0020736 0.0027701 0 0 0 0 0.0072241 0.00057739 0.016382 0.0016467 -0.027439 0.012479 0.071579 0.019997 0.027025 -0.014029 0.031302 0.01709 9.9958e-06 2.7128e-07 1.2544e-05 9.0775e-06
-0.0030439 -0.00044766 0.012797 0.0012549 0.023524 -0.0029678 0.099993 0.010708 0.00054643 0.00010132 0.0021144 0.0020789 0 0 0 0 0.011698 0.0042913 0.12794 0.018845 0.12149 -0.0065882 0.68278 0.091988 -0.0021977 0.0010217 0.0082444 0.010465 0 0 0 0 0.038173 0.0010086 0.13779 0.012226 -0.077129 0.062585 0.62602 0.11872 0.1251 -0.049777 0.12579 0.066113 0 0 0 0 0.0071515 0.00085139 0.014602 0.0032767 -0.033054 0.014767 0.035003 0.015285 0.027183 -0.0068712 0.060657 0.018522 -1.1174e-05 9.0354e-07 1.2618e-05 2.2503e-05
2.351e-05 -8.677e-06 4.1617e-05 4.4186e-05 -0.043832 0.0031683 0.089827 0.01285 0.054469 -0.0028074 0.054469 0.0042024 0 0 0 0 0 0 0 0 -0.25851 0.012779 0.59652 0.040442 0.29394 -0.015312 0.29519 0.0182 0 0 0 0 2.1399e-05 -3.637e-05 6.3577e-05 8.3448e-05 -0.19288 0.0098756 0.42835 0.046022 0.22478 0.00086703 0.3168 0.044695 0 0 0 0 0.0011938 -0.0007267 0.0012131 0.00074408 0.0057764 0.0019033 0.051128 0.0049569 -0.0042299 0.00041349 0.082315 0.0064124 0 0 0 0
-5.2381e-05 1.4076e-05 5.2381e-05 5.2381e-05 0.016358 -0.00015484 0.097818 0.013651 -0.081799 0.032446 0.087587 0.03472 0.00064969 -0.00065744 0.0014645 0.00067314 0 0 0 0 0.14013 -0.0033644 0.54715 0.058774 -0.17997 0.12609 0.18081 0.12609 -0.083067 0.049302 0.089717 0.056689 -0.0002202 -2.0163e-05 0.0002202 0.0002202 0.14662 -0.021596 0.69794 0.058814 0.00045934 -7.8923e-05 0.00045934 0.0016738 -0.049891 0.045506 0.055192 0.048044 1.4902e-05 5.24e-06 1.4902e-05 1.4902e-05 0.016962 0.00317 0.10096 0.021038 0.0021491 -0.00154 0.0024125 0.00154 0 0 0 0
-0.010602 -0.00093263 0.010602 0.0013838 0.02814 -0.005083 0.087685 0.00894 9.2863e-05 1.9781e-05 0.00013254 0.00016823 0 0 0 0 -0.072111 -0.0036497 0.072199 0.005511 0.19552 -0.009942 0.64021 0.10171 0.0038152 -0.0024251 0.0098267 0.0066986 0 0 0 0 -0.061108 0.0016094 0.061227 0.0096368 0.087157 0.021555 0.69452 0.070998 0.074251 -0.016321 0.075724 0.02692 0 0 0 0 -0.00497 -0.00013478 0.0066934 0.00059078 -0.022706 0.013634 0.051326 0.015603 0.036405 -0.0086077 0.040116 0.0091667 -6.9014e-06 2.6999e-06 6.9014e-06 6.9014e-06
-0.014544 0.0021437 0.015186 0.0022162 0.042094 -0.002314 0.10451 0.013354 2.9141e-05 9.2405e-06 4.4625e-05 8.001e-05 0 0 0 0 -0.062925 0.0052391 0.063202 0.010418 0.25405 -0.012061 0.47847 0.055636 0 0 0 0 0 0 0 0 -0.072918 -0.0064139 0.073374 0.0098043 0.2535 0.018177 0.76254 0.056398 0 0 0 0 0 0 0 0 -0.01695 -0.00098786 0.017037 0.0010885 0.039433 0.0064096 0.13922 0.014925 0.00010295 5.1019e-05 0.0004009 0.00057117 0 0 0 0
-0.0127 0.00096241 0.012732 0.0010064 0.037605 -0.001952 0.085463 0.0073265 0 0 0 0 0 0 0 0 -0.084105 -0.0022078 0.084281 0.0069696 0.25954 0.017705 0.50768 0.078606 0 0 0 0 0 0 0 0 -0.10307 -0.0045859 0.10309 0.0052336 0.24942 0.014987 0.73471 0.064964 0.00030136 0.00057254 0.0013859 0.00057254 0 0 0 0 -0.0099595 -0.00044332 0.01095 0.00076398 0.028701 0.0026874 0.12735 0.0069769 -0.00013601 -0.00038336 0.00035259 0.00061628 0 0 0 0
-0.001857 -0.0075566 0.0033667 0.0082305 -0.0018271 -0.038324 0.005595 0.044318 0.01272 -0.0070574 0.052524 0.017049 0.0011614 0.0052385 0.004897 0.0067964 -0.0073456 0.0027987 0.024866 0.039619 -0.1911 -0.056133 0.26813 0.22486 0.26423 -0.123 0.46323 0.19011 -0.0087868 -0.0012553 0.029116 0.062308 -0.010755 -0.010164 0.014192 0.016985 -0.09479 -0.041116 0.19676 0.13284 0.24714 0.068066 0.48005 0.13526 -0.035287 -0.0092905 0.058635 0.04024 0.012909 0.0055965 0.017742 0.013069 -0.021923 0.11731 0.034291 0.28088 -0.012672 -0.00035684 0.056414 0.033324 7.5479e-05 -0.0062656 0.007842 0.0064469
-0.0036768 0.00051049 0.0037021 0.0007916 -0.019534 0.0059702 0.10576 0.014883 0.040034 -0.0084091 0.041002 0.0088732 0 0 0 0 -0.0086326 0.00097578 0.0092283 0.003613 -0.12924 0.057913 0.59516 0.085541 0.20296 -0.012463 0.39681 0.062523 0 0 0 0 -0.0039667 0.00028133 0.004054 0.0024371 0.095045 0.0072487 0.36356 0.049697 -0.077276 0.013206 0.45659 0.1941 0.00080554 -0.00053004 0.0011521 0.0014548 -0.00019387 -2.5638e-05 0.00020082 0.00013263 0.015158 -8.748e-05 0.05036 0.0037028 -0.016769 0.011292 0.025953 0.014589 0.0045572 -0.0033068 0.0057822 0.0050438
-0.0076908 0.00024831 0.0092844 0.0010083 -0.023384 0.020612 0.04216 0.021737 0.060218 0.023267 0.079617 0.049632 -0.00057152 0.013885 0.0022318 0.020095 -0.041712 -0.0093833 0.052931 0.011288 0.1608 0.0021452 0.18281 0.037887 0.1592 0.025063 0.63679 0.2012 0.0045811 -0.043732 0.0062649 0.043732 -0.038193 -0.0096256 0.04707 0.034796 0.11589 -0.20498 0.12944 0.22277 0.13269 -0.11252 0.48744 0.18376 -0.0016548 -0.0087835 0.0065131 0.027783 -0.0054406 0.0014552 0.0061863 0.0035097 0.023789 0.0062444 0.023862 0.022341 0.048429 0.03424 0.072968 0.040238 0.00030182 0.0098669 0.0012184 0.0098669
-0.010088 0.0029908 0.010547 0.0031009 0.033646 -0.0039244 0.090384 0.0086074 0 0 0 0 0 0 0 0 -0.0024142 0.0016371 0.0024142 0.0020909 0.1427 -0.0015342 0.43005 0.040904 0 0 0 0 0 0 0 0 0.006608 -0.0048909 0.0075646 0.0050256 0.13335 0.0051182 0.86315 0.064586 -0.00019682 0.00019682 0.00019682 0.00019682 0 0 0 0 0.0067631 -0.0030916 0.0074575 0.003248 0.016657 0.0013243 0.1255 0.008289 -0.00012435 -0.00012435 0.00012435 0.00012435 0 0 0 0
0.0035237 0.0019272 0.0036561 0.0029295 0.035763 0.0087507 0.037184 0.011652 0.019011 0.0054098 0.058022 0.0061818 0.018035 0.0018151 0.018041 0.0018385 0.036244 0.012563 0.036244 0.016459 0.19361 0.10767 0.19361 0.15971 0.18801 0.15224 0.44886 0.21285 0.029315 0.0094924 0.031334 0.012196 0.019263 0.0029394 0.019263 0.0052185 0.26549 -0.066972 0.26549 0.094628 0.29127 0.053057 0.54501 0.14568 -0.0020218 -3.4604e-05 0.0026284 0.0031319 0.0027375 -0.00010685 0.0027375 0.00042976 0.027319 0.0023084 0.027319 0.0036514 0.058555 -0.012447 0.060967 0.013779 5.8444e-05 -2.2941e-05 6.6246e-05 4.2589e-05
9.4658e-05 0.0017559 0.0038719 0.0030664 0.024879 0.031544 0.043857 0.039099 0.037242 0.02536 0.037475 0.025466 0 0 0 0 0.0057603 0.044799 0.018193 0.057257 0.16649 0.10654 0.52333 0.20754 0.0034856 0.0032459 0.0044245 0.0045016 0 0 0 0 0.020796 -0.01434 0.035994 0.021056 0.062182 0.0042717 0.77929 0.036335 0 0 0 0 0 0 0 0 0.0033963 -0.0010614 0.015967 0.0042285 0.014609 -0.0025989 0.11697 0.0052263 -1.7161e-05 3.8772e-05 7.8473e-05 7.8473e-05 0 0 0 0
-0.00043154 3.2343e-05 0.00046625 0.00011028 0.042663 -0.013973 0.04302 0.017331 -7.6579e-05 0.00015536 0.00019679 0.00019679 0 0 0 0 -0.0016112 -0.00044107 0.0024173 0.0010377 0.2534 0.040262 0.66227 0.15102 0.027321 -0.0029107 0.033909 0.017264 0 0 0 0 -0.00020352 0.0014155 0.0029909 0.0024785 0.25881 0.010357 0.60419 0.17809 0.006106 0.0040223 0.011225 0.0080531 0 0 0 0 0.0025467 0.0006476 0.0028761 0.0012218 0.026617 0.017529 0.027762 0.021708 -0.00028907 -0.00016438 0.00028907 0.00016438 0 0 0 0
-0.0072545 0.00035847 0.0073694 0.0014477 0.029417 -0.0008624 0.077206 0.010129 -0.020344 0.012549 0.1313 0.034499 1.7434e-06 1.7434e-06 1.7434e-06 1.7434e-06 -0.070584 -0.0043354 0.070584 0.015418 0.23498 0.0071854 0.43957 0.065139 -0.19906 0.089366 0.56205 0.21934 0.025157 -0.017557 0.026249 0.018763 -0.090907 0.00053562 0.091613 0.014841 0.2563 0.0030768 0.35808 0.057797 -0.15065 0.08054 0.15792 0.089238 0.03521 -0.010847 0.10152 0.038508 -0.0075333 0.0014847 0.0076621 0.0017171 0.032405 -0.010022 0.077662 0.014764 -0.002156 -0.010515 0.0059424 0.014096 -0.0045345 0.004101 0.007423 0.0085111
-0.00014309 0.0013023 0.00033603 0.0015034 0.0070045 0.010432 0.075171 0.030981 -0.019271 0.057371 0.020994 0.072175 -0.0014032 0.0078361 0.0036897 0.0097465 6.2918e-05 6.2445e-05 0.00034249 0.00047283 0.067228 -0.0089317 0.61187 0.079861 -0.00031566 -0.0056856 0.030718 0.0171 -0.047572 -0.010889 0.11661 0.024663 8.7424e-05 -8.7424e-05 8.7424e-05 8.7424e-05 0.025171 -0.0034472 0.69573 0.053304 -0.10603 -0.065559 0.21195 0.080086 0.048296 0.018715 0.082728 0.024725 1.2031e-05 6.7738e-06 2.6248e-05 5.8323e-05 0.011621 0.003181 0.099286 0.017147 -0.017037 -0.0069288 0.067782 0.027378 0.00043006 0.00048612 0.00049608 0.00049826
-0.010791 -0.0012638 0.010791 0.0012771 0.029837 0.00090694 0.04866 0.005421 0 0 0 0 -0.00049412 0.00020627 0.00052132 0.00022566 -0.085805 -0.0043164 0.085805 0.0050971 0.22384 0.004089 0.57871 0.046518 -0.00063342 0.00059792 0.0025216 0.0017533 -2.4951e-05 7.3137e-06 4.5104e-05 2.7466e-05 -0.023863 -0.00045936 0.064579 0.0058092 0.14791 -0.00134 0.74572 0.074075 -0.0013246 -0.00034475 0.0019962 0.0013078 0 0 0 0 0.006023 0.00012287 0.020155 0.001303 -0.0028771 0.0062889 0.073258 0.015964 0.0074519 -0.0039856 0.00773 0.0044454 1.0123e-06 -2.6181e-06 2.6181e-06 2.6181e-06
0.00035558 -0.0010884 0.00066614 0.0033595 0.0029397 -0.0075535 0.013589 0.013844 0.074416 0.0021536 0.074854 0.021004 -0.0001051 -2.783e-05 0.00012941 9.5891e-05 -0.0034722 -0.011016 0.013391 0.060731 0.071437 0.016051 0.12552 0.075155 0.47631 -0.061159 0.48469 0.12085 0 0 0 0 0.0058126 0.0060218 0.0080329 0.0090352 0.048012 0.034273 0.11073 0.082537 0.45956 0.039585 0.46818 0.11868 5.1347e-05 -2.6188e-05 0.00010714 7.9245e-05 -0.00032549 -0.00079349 0.00097145 0.0022821 0.011015 -0.01005 0.0215 0.020133 0.050087 -0.028579 0.051774 0.033204 0.0023421 -0.0037914 0.0026169 0.0042364
0.00025511 0.00029581 0.00033814 0.00042156 0.074301 -0.014954 0.081302 0.018416 0.0039549 -0.00347 0.0040627 0.0037045 -0.0032992 -0.0010631 0.0054933 0.0017825 0.0044795 0.0017798 0.0045814 0.0028178 0.14063 -0.021983 0.2406 0.04559 0.3423 -0.058311 0.44257 0.059009 -0.0086757 -0.0025649 0.054598 0.023853 0.0059753 0.0021891 0.0059753 0.0022238 0.17203 0.022776 0.25813 0.062302 0.25412 -0.030173 0.61024 0.16422 0.013468 0.012259 0.060615 0.015031 -0.00025234 -0.00050124 0.0010751 0.0011718 0.0076816 0.00061684 0.019335 0.014529 0.059412 0.0062834 0.09075 0.033478 0.00087287 0.00087287 0.00087287 0.00087287
-0.0017895 0.0045603 0.0018501 0.0046676 -0.01328 0.019439 0.020293 0.027243 -0.0034766 0.0037374 0.0071928 0.015366 -0.00095657 0.0017628 0.002271 0.0032197 0.00013596 0.0002061 0.0012995 0.0014686 0.037494 0.023749 0.57566 0.11383 -0.11282 0.18791 0.14605 0.25154 -0.019809 0.037111 0.023595 0.067989 0.00033833 8.7143e-05 0.00033833 0.00027554 0.053307 -0.0058744 0.70351 0.046735 0.0086772 0.012547 0.022458 0.027035 -0.025072 -0.0081517 0.042999 0.015889 2.1101e-05 -1.8576e-05 2.1101e-05 2.1101e-05 0.012385 0.0043214 0.082564 0.017903 -0.007829 -0.0053337 0.0095803 0.0062324 -0.0022084 -0.0020177 0.013031 0.0066634
-0.0011795 4.4377e-05 0.0028969 0.003987 0.014591 0.015016 0.026419 0.048899 0.049576 0.004206 0.051011 0.069232 -0.00070869 0.0069004 0.0017084 0.017541 -0.00067085 -0.0017587 0.012799 0.0048249 0.12264 -0.023006 0.29146 0.068127 0.32524 -0.009001 0.47251 0.29118 -0.0001711 0.0080429 0.017853 0.059385 -0.0050226 -0.0051918 0.011299 0.020748 0.14081 -0.044986 0.30161 0.078489 0.40584 0.0040734 0.40752 0.059928 0 0 0 0 -7.9209e-05 -0.0028256 0.0013885 0.0035007 0.03571 -0.0031934 0.042334 0.01522 0.052042 -0.0059675 0.053736 0.0099284 -1.2505e-07 -1.2505e-07 1.2505e-07 1.2505e-07
-0.0021448 -0.0025577 0.0042642 0.0035702 0.014377 -0.0248 0.017131 0.025772 0.056723 -0.048838 0.056774 0.049317 2.8379e-05 -2.8379e-05 2.8379e-05 2.8379e-05 -0.0029174 -0.0020088 0.0085754 0.0063367 -0.065402 0.092021 0.26625 0.13289 0.39345 -0.057116 0.40856 0.12071 0.00035971 9.1552e-05 0.00035971 0.0010096 0.012785 0.011443 0.028769 0.022982 0.024568 0.050942 0.16301 0.16806 0.23513 0.15967 0.554 0.29454 0.012507 -0.013203 0.012744 0.013951 0.0016001 0.0012863 0.0028342 0.0023569 0.014607 0.022956 0.025628 0.038294 0.036434 0.03676 0.05406 0.049465 -0.0019724 0.0021103 0.010978 0.0086291
-0.00066031 -1.8381e-05 0.00066031 0.00017419 0.0036047 0.0018452 0.0055122 0.002529 0.070703 0.0042107 0.070703 0.012867 -9.0266e-05 -2.5757e-05 9.2352e-05 5.5943e-05 -0.0043139 0.0011496 0.0043139 0.004433 0.033247 -0.0034378 0.044713 0.028145 0.49079 0.0052327 0.49079 0.11671 0 0 0 0 -0.0047377 -0.0011467 0.0051141 0.0038459 0.04115 0.0053483 0.049838 0.023707 0.48595 -0.0013533 0.48695 0.044067 3.5318e-05 9.1443e-05 0.0004626 0.00020578 -0.00064956 0.00012881 0.00088445 0.00055597 0.0057908 0.000932 0.0070007 0.0018118 0.071302 0.0017342 0.071377 0.0094263 6.2828e-06 -2.8429e-05 9.2009e-05 8.0119e-05
