-0.0053176 -0.0058395 0.0056947 0.0068679 -0.005226 -0.011237 0.022335 0.026172 0.0057402 -0.0073182 0.012034 0.0088131 -0.00041846 0.00076046 0.0042568 0.0012824 0.002022 0.0004078 0.019138 0.011331 0.25349 0.19615 0.31566 0.21892 -0.24908 0.20427 0.33425 0.23645 -0.0011748 -0.0055807 0.0096854 0.01204 -0.00043347 -0.0067536 0.016064 0.007891 0.24455 -0.18934 0.29925 0.23145 -0.21187 -0.15532 0.25959 0.28854 -0.0031297 0.0054123 0.0073724 0.0055227 0.00012441 0.00012506 0.00067756 0.00048884 0.013584 0.00085909 0.015974 0.01205 0.02814 0.073382 0.063157 0.077094 0.00031783 0.0071092 0.0020778 0.0071092
-0.00072361 0.0010425 0.0016038 0.0010716 -0.0039152 -0.0042004 0.0081638 0.0063136 0.00080283 -0.0068158 0.0020141 0.0091938 0.00014068 -0.0011162 0.00051559 0.0016034 -0.01167 -0.0023115 0.012071 0.00502 0.35468 0.13302 0.40524 0.13807 -0.076392 0.26175 0.088033 0.2689 -0.070871 0.015461 0.072165 0.018568 -0.0032575 -0.0031111 0.0077706 0.015993 0.16209 -0.17996 0.20444 0.19649 -0.011621 -0.42041 0.086652 0.4243 -0.033038 -0.019146 0.036304 0.019721 -0.00016339 -0.00033729 0.00021111 0.00033729 -0.002854 0.0050331 0.0052069 0.005781 -0.0016262 0.011751 0.0026983 0.013404 -7.4982e-05 0.0013615 0.00027218 0.0015742
-0.00030142 0.0011943 0.0012749 0.0013287 0.0090829 -0.0074381 0.009953 0.014217 0.057362 -0.0034818 0.057362 0.018871 0 0 0 0 -0.017634 0.010672 0.024914 0.01559 -0.010428 0.084172 0.15239 0.16711 0.45504 -0.07253 0.45504 0.17592 0 0 0 0 -0.055806 0.038325 0.059637 0.039449 0.066844 0.14466 0.25328 0.31585 0.33121 0.17393 0.33121 0.17393 0 0 0 0 -0.0036734 -0.00061474 0.0036734 0.00061474 0.02013 0.0024276 0.05738 0.0041374 0.00015143 0.00015143 0.00015143 0.00015143 0 0 0 0
0.00045216 -0.001332 0.0021593 0.0021369 0.049695 -0.029116 0.057803 0.032904 0.00049946 0.00015549 0.0016441 0.0016666 0 0 0 0 0.0021757 -0.0031186 0.0030755 0.0046195 0.39108 0.05275 0.49713 0.10065 0.0024019 -0.00091263 0.0092018 0.010443 -0.00027086 -0.0020431 0.0022093 0.0021122 0.0026327 0.0032266 0.0060495 0.0067002 0.26201 -0.13415 0.28699 0.16191 -0.13634 -0.36351 0.1431 0.45282 -0.00048764 -0.056758 0.0071351 0.060157 -0.0014388 -0.00076481 0.002221 0.0020909 0.0068232 -0.0055685 0.0081551 0.010759 -0.00095102 0.0085673 0.0065921 0.011547 -0.00036329 0.00030749 0.00063605 0.0011406
-0.001505 0.00068588 0.0024539 0.0012758 -0.014068 0.027548 0.074867 0.03465 0.0059955 0.0020507 0.01732 0.0065911 0.0011234 -0.00056288 0.0039435 0.0055482 0.0039475 -0.0016794 0.010135 0.0056549 0.20486 0.11429 0.27663 0.28012 -0.011994 0.38814 0.19288 0.39301 0.0086546 0.040434 0.012483 0.049018 -0.007313 0.00097889 0.0095537 0.0087183 0.43084 -0.052938 0.43265 0.2303 0.0013677 0.00072655 0.001875 0.0017899 0 0 0 0 -0.00032759 0.0041013 0.0045146 0.0064132 0.046486 0.011876 0.055623 0.023221 0 0 0 0 0 0 0 0
0.0012557 -0.0005156 0.0019026 0.0021042 0.056541 -0.036917 0.056636 0.036989 0.0011686 -0.0010344 0.0011686 0.001082 0 0 0 0 0.0013392 -0.0067457 0.0032395 0.0099746 0.42092 0.11989 0.42227 0.18447 0.028964 0.0046476 0.031801 0.012177 -0.0067306 -0.023261 0.0091628 0.023261 -0.02067 0.033574 0.03596 0.035619 0.24374 -0.20222 0.24853 0.24006 -0.035553 -0.38443 0.22591 0.39126 -0.018416 -0.047261 0.030623 0.047261 -0.011344 -0.0043009 0.012188 0.0077917 -0.0043229 -0.0043732 0.010906 0.012925 -0.0033672 -0.0025447 0.0094178 0.0059181 0.0014308 -0.00085389 0.0022717 0.00098009
0.000854 0.00042772 0.0015064 0.0011865 0.007042 0.0030376 0.0080964 0.0057976 -0.00027298 0.0096539 0.0049049 0.0097505 -0.0017691 0.0022965 0.0029875 0.0023355 0.0028476 -0.0043071 0.0056713 0.015138 0.24433 0.15561 0.28755 0.25646 0.19312 0.28028 0.20363 0.28717 -0.043122 0.038803 0.043759 0.039111 -0.00086329 0.005892 0.0025489 0.0090427 0.48235 -0.10209 0.49771 0.14787 0.027677 -0.017552 0.027677 0.01944 -0.0016257 0.0028106 0.0016257 0.0028106 0.00051975 -0.00024747 0.00051975 0.0002845 0.025948 -0.0030424 0.026543 0.0074085 0.043737 -0.0020526 0.043737 0.0070144 0 0 0 0
0.00035062 -0.00048816 0.00047586 0.00060242 0.058274 -0.031283 0.058341 0.031798 0.0011013 8.3117e-07 0.0011013 9.9466e-05 0 0 0 0 0.00027542 -0.0016159 0.001615 0.0025245 0.44707 0.10377 0.46014 0.16299 0.01438 0.00027243 0.01438 0.0080058 -0.01006 -0.0059028 0.010149 0.0061868 -0.0024807 -0.0055348 0.0079423 0.015516 0.24795 -0.2146 0.25136 0.23534 0.10773 -0.35293 0.11653 0.39318 -0.046639 -0.053615 0.047839 0.053889 -0.0014639 0.0038309 0.0030875 0.0055747 0.0012662 -0.0018916 0.0071288 0.0076419 -0.0025508 -0.011114 0.0066864 0.011635 -0.00054692 0.00086558 0.0014546 0.0014385
0.00060986 -0.0009102 0.00060986 0.0010536 0.0037824 -0.0013061 0.0041216 0.0023648 0.071482 0.017786 0.071482 0.024657 0 0 0 0 0.0047593 -0.0032092 0.0058186 0.0063513 0.41098 0.19711 0.41151 0.22682 0.16585 0.077816 0.16585 0.078132 0 0 0 0 -0.014231 0.018623 0.029074 0.025526 0.36727 -0.21772 0.38451 0.2622 0.18564 -0.074924 0.18564 0.074924 0 0 0 0 -0.0020367 -0.00047813 0.0040688 0.0033429 0.013804 0.0013277 0.032505 0.010798 0.071454 0.011998 0.071454 0.012323 0 0 0 0
0.00071127 0.0014363 0.0012716 0.0023446 0.054666 -0.039685 0.054677 0.043397 0.01695 -0.0081476 0.01695 0.0081476 0 0 0 0 0.0011205 -0.0071824 0.002727 0.0091532 0.46426 0.14526 0.46447 0.18487 0.075871 0.024679 0.075871 0.024679 0 0 0 0 0.0025033 0.026543 0.023206 0.037571 0.36927 -0.17233 0.4572 0.25015 0.13194 -0.031642 0.13194 0.039311 0 0 0 0 0.00015686 -0.0036316 0.0034229 0.0045624 0.055837 0.033032 0.079847 0.039694 0.01485 0.0070556 0.01485 0.0070556 0 0 0 0
0.001111 -0.0011811 0.0015844 0.0017457 0.064233 0.021344 0.065566 0.026611 -0.0028222 0.01865 0.0061437 0.01865 0.00076915 0.00081895 0.00076915 0.00081895 0.0010851 0.0038298 0.0087971 0.015862 0.25171 -0.20016 0.25617 0.26057 0.30774 -0.17754 0.30774 0.17864 0 0 0 0 -0.00098625 -0.0064899 0.0037326 0.011247 0.13961 0.0067276 0.14001 0.091485 0.44581 0.1462 0.44581 0.1462 0 0 0 0 0.0017279 0.0040509 0.002291 0.0045158 0.02141 -0.0086234 0.040316 0.036617 0.056031 -0.028821 0.056031 0.030615 0 0 0 0
0.0014136 -0.0010321 0.0021849 0.0021221 0.059961 -0.047816 0.060702 0.049459 0.0075836 -0.0074197 0.0099299 0.0091451 8.2254e-05 8.2254e-05 8.7762e-05 8.7762e-05 0.014271 -0.0024285 0.022898 0.019408 0.056727 -0.030167 0.15137 0.08121 0.46339 -0.13436 0.46339 0.14145 0 0 0 0 -0.0037518 0.003248 0.0072479 0.0064914 0.25023 0.089553 0.30555 0.20533 0.30051 0.16889 0.3017 0.22039 0 0 0 0 -0.0011007 -0.0012523 0.0016642 0.0020018 0.020407 -0.028361 0.022744 0.035379 0.033722 -0.087458 0.035126 0.087678 0.002578 -0.001913 0.002578 0.0019139
-0.0038739 -0.0011672 0.0063072 0.0031916 0.076392 -0.0093097 0.086623 0.020053 0.00073017 -0.001033 0.00073017 0.0010922 0 0 0 0 0.0080209 -0.0031824 0.011153 0.021872 0.09871 -0.074381 0.10142 0.093902 0.46015 -0.14593 0.46015 0.1478 0 0 0 0 0.00034928 -0.0042827 0.0045945 0.011218 0.20864 0.0098303 0.21022 0.14614 0.37719 0.14428 0.37756 0.21058 -0.0071575 -0.015549 0.0079303 0.015549 -0.0031367 0.015428 0.013106 0.016262 -0.0022859 -0.0038538 0.021124 0.015344 0.035224 -0.09388 0.058109 0.096302 -0.0070703 -0.012018 0.0081756 0.012026
0.00074536 -0.00098732 0.0018704 0.0011474 0.047853 -0.043413 0.051311 0.043438 0.025397 -0.11844 0.032644 0.11844 0.00099407 -0.00099407 0.00099407 0.00099407 -0.010843 0.00068841 0.023454 0.0074035 0.28581 0.12486 0.2954 0.13723 -0.17763 0.14833 0.42016 0.24715 0.11275 -0.021607 0.11275 0.031244 -0.014354 0.020018 0.019125 0.027437 0.21359 -0.047284 0.24659 0.1908 -0.1749 -0.15533 0.30462 0.21102 0.11371 -0.010325 0.11376 0.042518 -0.00071446 0.016135 0.00075352 0.016135 -0.011121 0.12812 0.011121 0.12812 0.0012293 0.13878 0.014727 0.13878 -0.0054477 0.0068486 0.01185 0.014604
-0.0030852 -0.0024156 0.0058368 0.0031304 0.039703 -0.0091254 0.058051 0.023008 0.04066 -0.0018568 0.040758 0.00596 0 0 0 0 -0.013844 0.0026577 0.021524 0.019577 0.47212 0.17457 0.48943 0.17656 0.071956 0.028576 0.071956 0.028576 0 0 0 0 0.00858 -0.005727 0.0086975 0.014866 0.42589 -0.16349 0.43622 0.16862 0.091925 -0.035604 0.092311 0.038471 0 0 0 0 0.00024757 0.0001109 0.00034662 0.00018505 0.024342 0.00016507 0.024626 0.0054003 0.053336 -0.00052036 0.053379 0.0047163 0 0 0 0
-0.0013102 -0.0024601 0.0044574 0.0059991 0.056984 -0.01855 0.092592 0.026031 0.010967 -0.0013114 0.010967 0.0024789 0 0 0 0 -0.014332 -0.0081677 0.027903 0.014315 0.48061 0.14075 0.51975 0.1593 0.045444 0.013707 0.045444 0.019958 0 0 0 0 0.0068789 -0.0028736 0.0068875 0.015198 0.43378 -0.13117 0.43877 0.1362 0.071895 -0.02677 0.071895 0.029429 0 0 0 0 0.00027107 -0.000121 0.00036105 0.00047343 0.042224 0.0071915 0.042306 0.0096456 0.0326 0.0020016 0.0326 0.0040807 0 0 0 0
0.0029852 -0.00069737 0.0037765 0.0015574 -0.011338 -0.0013736 0.021616 0.0058317 0.064382 0.0050824 0.064386 0.012122 9.9579e-05 0.00020098 9.9579e-05 0.00020098 -0.0060249 -0.0041474 0.010506 0.012697 -0.0010042 -0.01171 0.046766 0.042376 0.46076 -0.012158 0.46076 0.023813 0 0 0 0 0.012847 0.010744 0.023222 0.024288 -0.076924 0.13502 0.19057 0.35752 0.39972 0.01153 0.438 0.067365 0 0 0 0 -0.0063069 0.011308 0.006315 0.011308 -0.0035176 0.029518 0.02736 0.066631 0.052839 0.038275 0.054303 0.038954 7.0217e-06 -4.3646e-06 7.0217e-06 4.3646e-06
-0.0014324 -0.0019751 0.0041534 0.007047 0.0015629 -0.0029918 0.010961 0.015059 0.0013679 -0.012311 0.014003 0.021459 0.00082218 -0.00022887 0.0010683 0.00037805 -0.0012091 -0.00021339 0.0042239 0.0045444 0.15836 0.026528 0.18373 0.39816 -0.12325 0.17155 0.19568 0.2287 -0.0050525 0.0082804 0.010845 0.011652 0.0027353 -0.00023339 0.0035112 0.0024845 0.14795 -0.0011554 0.2818 0.37684 0.037687 0.013297 0.38406 0.48716 -0.046201 0.010642 0.057199 0.030673 -0.00031448 -1.2771e-05 0.00054109 0.00035571 -0.0037028 0.001966 0.0051211 0.0039073 0.042356 -0.018042 0.05054 0.063651 -0.004312 0.00036044 0.0060111 0.0048119
0.0039193 -0.00034175 0.0055388 0.0021831 0.015067 -0.033432 0.043339 0.050089 0.022406 0.015064 0.025201 0.015666 -0.0052352 -0.0021716 0.0063259 0.0025278 0.04451 -0.0017977 0.04956 0.010323 0.33982 0.023539 0.49056 0.11879 -0.075869 -0.064074 0.13399 0.12055 -0.026071 -0.026839 0.087834 0.039838 -0.0027128 0.020973 0.024895 0.026517 0.19612 -0.067845 0.37444 0.2037 -0.20832 -0.32696 0.20832 0.35909 -0.0037413 -0.015847 0.016258 0.019491 -0.0065858 0.018925 0.0066331 0.018955 -0.026883 0.063715 0.029559 0.06375 -0.012252 0.040077 0.01252 0.040077 -0.0012615 0.0022211 0.0017472 0.0022896
0.00030772 -0.00060034 0.0012663 0.0010827 0.01115 -0.017977 0.078417 0.048044 0.046081 0.026834 0.053772 0.031941 -0.0044611 -0.0015561 0.0045541 0.0020328 0.0092156 -0.0021723 0.0098291 0.0075274 0.4083 0.10734 0.4716 0.14408 -0.079684 -0.10377 0.16192 0.17105 0.0025068 -0.027472 0.048266 0.04319 0.0066369 -0.0011581 0.011532 0.0067889 0.24301 -0.13481 0.34963 0.18379 -0.16233 -0.2282 0.21112 0.351 0.011172 -0.017176 0.030735 0.030627 -0.0012243 0.0030276 0.0015011 0.0030506 0.016315 -0.0029834 0.023466 0.012205 -0.011536 -0.0060742 0.017206 0.040545 -0.00062662 0.0023981 0.0019039 0.0031595
-0.0060893 0.0002835 0.0060974 0.0018705 -0.008588 -0.00302 0.013162 0.00752 0.014189 0.0054813 0.031225 0.0080263 0.0072559 -0.0015314 0.007296 0.0020869 -0.0673 0.011427 0.0673 0.017686 -0.0859 0.021522 0.33719 0.19069 0.23677 0.026502 0.27574 0.09743 -0.0073658 0.034318 0.051485 0.044357 -0.098163 0.042625 0.098861 0.043524 -0.11131 0.25429 0.45084 0.33376 0.098651 -0.028102 0.33153 0.35166 -0.011681 -0.039404 0.032493 0.0422 -0.0014803 0.0016243 0.0016131 0.0017879 -0.037927 -0.00027613 0.10188 0.070588 -0.030538 6.5415e-05 0.033546 0.018255 0.0020873 -0.0028296 0.0024741 0.0036262
0.0008336 -0.0021627 0.0008336 0.0021627 -0.053005 -0.050119 0.053005 0.051082 0.002802 -0.019372 0.01602 0.025986 0.0054796 -0.0048676 0.0054796 0.0052968 -0.0073282 0.0028595 0.0078914 0.029175 -0.173 -0.064777 0.27149 0.14577 0.036374 0.095815 0.38273 0.38083 0.038064 0.050031 0.040794 0.061442 -0.012858 0.0051272 0.012858 0.0051272 -0.23288 0.085695 0.25362 0.11096 0.38527 0.061713 0.41758 0.25522 0.0087741 0.012576 0.0087741 0.012576 0 0 0 0 -0.036576 0.030653 0.061393 0.043078 0.045394 0.013591 0.067149 0.029729 0 0 0 0
0.00076128 -0.0015787 0.0019748 0.0019069 -0.0031154 -0.029466 0.020421 0.032233 0.057695 -0.029945 0.057695 0.032361 0.00011874 -2.6564e-05 0.00011874 2.6564e-05 -0.0020451 0.0034999 0.014503 0.01059 0.017466 -0.022353 0.035001 0.095392 0.31144 0.075327 0.31144 0.19048 0.0013034 0.00011817 0.0014695 0.00067467 0.0089044 -0.0032037 0.019496 0.020774 -0.1296 0.3439 0.44404 0.40445 0.25475 -0.16039 0.26107 0.22812 -0.01159 -0.064984 0.028112 0.066656 0.00058191 -0.0014391 0.0017326 0.0024595 -0.017565 -0.10104 0.043073 0.10922 0.00067429 -0.00040648 0.0088422 0.010639 0.00029341 -0.00010399 0.0024298 0.00072448
-0.00056357 -0.00071137 0.00076481 0.00077364 -0.0010118 0.0068537 0.0094866 0.012146 0.003175 0.003283 0.0092167 0.0073244 -0.00092341 0.00048538 0.0015178 0.0019088 -0.0029265 0.00085777 0.0058081 0.0065981 -0.02121 -0.067786 0.052523 0.095768 0.43318 0.043193 0.46874 0.17503 -0.0048563 0.043577 0.013279 0.046018 -0.0091953 0.00015878 0.011297 0.0045705 -0.015133 0.0030731 0.058544 0.019948 0.4898 0.010124 0.5306 0.053918 0.0037633 0.00029818 0.0041483 0.0044439 -0.0019845 -0.0003277 0.0024899 0.00078826 -0.0028125 0.00010304 0.0057231 0.0048935 0.064374 -0.014871 0.066495 0.026681 0.0009057 -0.0040894 0.0012611 0.0046418
-0.00061474 -0.010971 0.0021646 0.010976 0.043001 -0.11658 0.045371 0.11712 0.027773 -0.052666 0.02895 0.052742 -4.7313e-06 -0.00013411 0.00039397 0.00014998 -0.0063781 0.018733 0.0072621 0.032032 0.025979 -0.0052304 0.065605 0.088609 0.30384 -0.13539 0.40495 0.44187 0.067999 -0.057682 0.068124 0.058045 -0.0027647 0.0053217 0.019842 0.039595 -0.002686 0.24773 0.19272 0.2808 0.094745 -0.053562 0.3668 0.34323 0.0029473 -0.02489 0.07186 0.057903 -0.0035384 0.0033967 0.0038148 0.0034673 -0.0035535 -0.013812 0.055145 0.043056 -0.030024 -0.00024696 0.04315 0.023483 0.00073636 -0.00090196 0.003831 0.0039453
-0.00084931 0.00014978 0.0017472 0.00076866 0.033249 -0.013901 0.052918 0.026866 -0.016764 0.0001023 0.040494 0.044657 -0.0018686 0.0014007 0.0029074 0.0016251 -0.0010498 0.0014056 0.010591 0.0048556 0.25159 0.043767 0.28004 0.19156 -0.059888 -0.048084 0.39181 0.41901 -0.038775 -0.0019646 0.048731 0.031668 -0.0022461 -0.0022644 0.01429 0.0052229 0.1114 -0.10557 0.1693 0.12633 0.030575 -0.14057 0.38762 0.47572 -0.039642 0.0004658 0.04498 0.032195 4.3805e-05 -7.5224e-05 0.0013043 0.0010109 -0.0056941 0.0036373 0.011246 0.01658 -0.0021906 -0.00013468 0.0076386 0.0097395 0.0006845 0.00067259 0.0011943 0.0013195
0.0075838 -0.0013278 0.010602 0.0046114 -0.014069 -0.019952 0.046969 0.042443 0.039094 0.041581 0.040163 0.042229 -0.010913 -0.0014633 0.012574 0.0044821 0.042295 -0.0029659 0.043532 0.0081442 0.21001 -0.0023809 0.40808 0.1175 0.038752 -0.054643 0.34524 0.17687 -0.0081301 -0.014664 0.11525 0.062507 0.025407 0.0050948 0.032515 0.019265 0.23894 -0.037833 0.37482 0.16355 -0.20725 -0.32525 0.2937 0.34731 -0.022753 -0.024067 0.027563 0.02506 -0.0057793 0.0081639 0.0059212 0.0086241 -0.016379 -0.013359 0.017649 0.018596 -0.009498 -0.0059252 0.012426 0.0072873 0.00024556 -0.00018892 0.00077969 0.00061827
0.001852 0.00085062 0.0021812 0.0017609 0.0020661 -9.1661e-05 0.0029823 0.0031216 0.054166 -0.015995 0.055432 0.018807 0.00090847 -0.00037529 0.00090847 0.00040999 0.0036643 0.00043792 0.0037425 0.0036992 -0.017922 -0.093947 0.03402 0.1013 0.52642 0.06326 0.54822 0.273 0.005788 0.0011783 0.005788 0.0015672 -0.0037537 -0.0098849 0.0086586 0.023242 0.023026 0.035648 0.056441 0.15012 0.26611 -0.18874 0.26745 0.252 0.032772 -0.089006 0.039517 0.10311 0.017892 0.014022 0.017984 0.014833 -0.061784 0.076942 0.07705 0.090664 0.0056803 -0.012171 0.015591 0.012552 -0.00075198 -0.0036199 0.0013159 0.003736
-0.00061638 -0.00020438 0.0022597 0.0010784 -0.0021724 -0.0013927 0.011915 0.0080747 0.0095693 -0.0053085 0.010453 0.030044 0.0061066 0.0060157 0.0061967 0.0061374 0.0050419 0.0048823 0.012455 0.0073098 0.12548 0.0010338 0.22189 0.13149 0.31714 0.19919 0.38406 0.3435 0.016473 0.023477 0.016488 0.023569 -2.7417e-05 -0.0055366 0.0077899 0.0071881 0.059524 0.0064122 0.11321 0.060146 0.48506 0.037205 0.48506 0.05711 0 0 0 0 0.00031618 0.0030564 0.00092082 0.0032711 0.060888 0.050004 0.062417 0.052689 0.0094161 0.0076223 0.0094161 0.0076223 0 0 0 0
-0.00026941 0.002308 0.0026939 0.0033998 -0.0013312 -0.0016396 0.0083872 0.01233 0.013356 0.025963 0.029198 0.047893 -0.0034155 0.0087177 0.0042985 0.011441 -0.030682 -0.0019486 0.042244 0.025205 -0.077394 -0.028258 0.11497 0.039898 0.60043 -0.0358 0.61368 0.27848 -0.089962 -0.039259 0.091689 0.082482 -0.012455 -0.0035201 0.023026 0.0096584 -0.053104 0.0090752 0.08343 0.072654 0.086845 -0.159 0.13086 0.23924 -0.023979 -0.029585 0.035448 0.035329 0.00096248 -0.00039092 0.0011739 0.0019345 -0.0029771 0.021846 0.018072 0.025675 -0.0063715 -0.0069716 0.023494 0.023334 0.00070062 0.00073507 0.0027964 0.001961
-0.00010987 -0.00028036 0.00067074 0.00038399 0.044052 -0.0054387 0.051225 0.013684 0.011685 -0.026891 0.05043 0.081853 -0.012729 0.0011916 0.012981 0.0047088 -0.0031005 0.0011372 0.0048629 0.0065568 0.31799 0.037892 0.36015 0.096938 -0.018539 -0.03293 0.44362 0.3236 -0.070148 0.00066963 0.072064 0.029226 -0.03536 0.084459 0.036549 0.087081 0.1159 0.054474 0.26086 0.28181 -0.035511 -0.20317 0.27819 0.30919 -0.060793 -0.012669 0.063065 0.021432 -0.00041572 0.00067288 0.00072172 0.00067288 -0.093326 0.050197 0.095672 0.055496 -0.0070265 -0.0052069 0.015595 0.018098 0.00014297 0.00053571 0.00042877 0.0041256
-0.00081654 0.0010951 0.0012419 0.0016974 0.00025076 0.0045675 0.0022142 0.0060561 0.0060506 0.0089395 0.0074538 0.018367 -0.0012357 0.0023576 0.0017652 0.004629 -0.0027519 0.0012539 0.013859 0.0069324 0.033798 0.026027 0.079836 0.090723 0.024487 0.13532 0.11634 0.27477 -0.015472 0.058534 0.016779 0.075821 -0.026612 0.076242 0.053726 0.082437 -0.092575 0.1054 0.11745 0.12055 0.51894 0.078106 0.60311 0.36928 -0.061823 -0.013845 0.061844 0.082998 -0.001746 -0.0010441 0.0017759 0.0010593 -0.061575 8.8673e-05 0.061584 0.037284 -0.00049489 -0.021048 0.014819 0.031167 -0.00031909 0.00096539 0.00095757 0.0020766
0.00088104 -0.0068686 0.016906 0.013282 -0.02419 0.040615 0.059289 0.081106 -0.0012404 0.027633 0.035337 0.03752 0.0053538 0.0068209 0.0061498 0.0088802 -0.02978 -0.020828 0.039373 0.024026 0.24711 -0.13996 0.31962 0.24144 0.056362 -0.054811 0.37505 0.34729 0.0070746 0.010103 0.017994 0.015079 -0.025546 0.0021693 0.029331 0.0092686 0.019791 -0.027329 0.2929 0.080565 0.40043 0.1272 0.40555 0.13899 -0.027868 -0.023949 0.037461 0.029593 -0.0078412 0.0065257 0.0078418 0.0065283 -0.0026728 0.0004922 0.022317 0.024346 0.033347 -0.045879 0.068899 0.049992 -0.0048281 -0.0053389 0.005132 0.0056428
0.00058804 0.0012357 0.0013296 0.0013402 0.0064029 0.019214 0.013491 0.025854 -0.0038732 -0.0085553 0.014667 0.019235 -0.00070549 -0.0014386 0.00086355 0.0015687 0.0017926 0.0043478 0.010513 0.015662 -0.004234 -0.043474 0.084094 0.086966 0.22788 0.27932 0.30977 0.32269 0.0093066 0.086738 0.025765 0.087422 0.0009136 0.0075913 0.012299 0.014046 -0.020662 0.058612 0.091196 0.064408 0.47126 -0.15009 0.56179 0.23458 -0.0079522 -0.021279 0.01801 0.021666 -0.0048179 0.01122 0.0074284 0.013719 -0.01094 0.0046634 0.012041 0.015424 0.0025287 -0.0049373 0.013329 0.015559 -0.0019023 -0.014846 0.007359 0.015533
-0.00021422 -0.000403 0.00086172 0.00058961 -0.087732 -0.012273 0.091893 0.018666 0.00070461 0.030846 0.011589 0.034135 0.0037858 0.0091169 0.0051841 0.010068 -0.070464 -0.092769 0.092171 0.095811 -0.027828 -0.10174 0.38114 0.19888 0.12852 -0.0068882 0.36513 0.45871 -0.01236 -0.0020881 0.042556 0.062067 -0.013562 -0.022325 0.018767 0.025613 0.00566 -0.0014287 0.14305 0.073214 0.1621 -0.090209 0.42603 0.37515 0.0064156 -0.02913 0.022565 0.037239 -0.00050698 0.00075929 0.0022114 0.0014732 0.0058972 0.00086847 0.018832 0.0045893 0.0021138 0.0055215 0.0067565 0.0089615 -0.00026268 0.00046195 0.00074194 0.0017349
-0.0036804 -0.00096441 0.0045371 0.0026558 0.0029735 0.0077291 0.034907 0.026228 0.014653 0.039942 0.062185 0.044227 -0.0024228 0.0038037 0.0042576 0.0041198 -0.026523 -0.0093418 0.027565 0.012081 0.031156 0.01455 0.27326 0.11321 0.37356 -0.041772 0.39695 0.083026 -0.032101 0.02804 0.045577 0.034201 -0.021796 0.030735 0.045387 0.050221 0.25624 0.15116 0.3931 0.27076 0.050286 0.022711 0.37888 0.31391 -0.0052514 -0.00098481 0.014224 0.0079725 -0.0001438 0.0018521 0.016757 0.010992 -0.0033076 -0.064615 0.076731 0.085814 -0.015233 -0.021624 0.039133 0.031672 0.0069088 -0.0077667 0.0083843 0.0085465
-0.00042768 -2.5972e-05 0.00068644 0.0010668 0.020796 0.00085913 0.021433 0.013693 0.059599 0.0064551 0.06033 0.012474 1.8941e-05 6.5108e-05 5.0094e-05 7.8227e-05 -0.0020223 -0.0011698 0.0041054 0.0058315 0.14787 -0.02797 0.15112 0.055462 0.45064 -0.0033064 0.45301 0.079805 0.0015593 -0.00090163 0.0015593 0.00090163 -0.010322 0.013901 0.013158 0.018959 0.1011 0.037431 0.10519 0.045224 0.49251 0.012555 0.49251 0.084664 0.0011401 0.00092086 0.0011401 0.00092086 -0.0052373 0.0048602 0.0054739 0.0066124 0.0058717 0.00671 0.02703 0.016896 0.066219 0.008552 0.066261 0.011962 4.7913e-05 -1.7763e-05 4.7913e-05 3.1834e-05
-0.0032231 0.0035771 0.0035538 0.0037494 -0.011295 0.022617 0.011891 0.031623 -0.0055103 0.020765 0.0061503 0.025032 0.00031419 0.0017168 0.0011268 0.0020349 -0.078932 -0.0031483 0.078932 0.022029 0.013405 -0.04636 0.19654 0.099427 0.2252 0.15014 0.47057 0.25726 -0.027223 0.032821 0.041229 0.033457 -0.098639 0.027777 0.099747 0.0283 0.20058 0.1398 0.42289 0.27306 0.14531 -0.055223 0.35302 0.25052 -0.052691 0.012876 0.056122 0.018574 -0.016329 0.0074475 0.016346 0.0074539 -0.031008 -0.021697 0.078246 0.04687 0.0065764 -0.035743 0.035549 0.046156 0.00088232 -0.0073706 0.007367 0.0096411
-0.0092118 -0.0086415 0.0092207 0.0086727 -0.01515 -0.040804 0.026654 0.049579 -0.0011626 0.0025394 0.015417 0.017497 0.0017053 -0.0015962 0.0023074 0.0019743 -0.023295 -0.014614 0.029467 0.019616 -0.0052439 0.0059811 0.11822 0.077813 0.085908 0.16847 0.14901 0.23829 -0.030435 0.044028 0.040671 0.051685 -7.8924e-06 0.0072229 0.022467 0.012919 -0.039121 0.027139 0.14811 0.08423 0.57611 0.021504 0.60622 0.30216 -0.089597 0.02536 0.090964 0.074265 0.0005303 -0.00043434 0.0062536 0.0019603 0.0029382 -0.010072 0.025161 0.013726 0.0068041 -0.026799 0.024593 0.042385 -0.0028773 -0.0085855 0.0049373 0.01044
-0.0077115 -0.0046286 0.0077115 0.004769 -0.065023 -0.018679 0.099086 0.061835 0.0089786 0.029086 0.027442 0.046964 0.0012792 0.0019296 0.0033708 0.0054907 -0.14903 -0.038555 0.14903 0.038642 0.16876 -0.10797 0.27897 0.1635 0.16493 0.040617 0.34464 0.33261 -0.016607 0.0083659 0.037329 0.030432 -0.12346 0.031536 0.12346 0.040567 0.021526 0.045449 0.23278 0.11395 0.28275 -0.069086 0.47129 0.29902 -0.03317 -0.042085 0.047532 0.046154 -0.0064804 0.0058761 0.0064924 0.0059165 -0.04597 0.075124 0.046714 0.075124 -0.020275 0.016918 0.020275 0.038639 -0.00035835 0.00099434 0.00082069 0.0010445
-0.00060985 -0.00010616 0.00080914 0.00059789 0.0022013 0.0093182 0.010785 0.0093871 0.038094 0.054643 0.065153 0.055587 -0.0055857 0.0025698 0.0088504 0.0026397 0.0038848 -0.0018464 0.010071 0.0051603 0.21224 -0.016344 0.21629 0.11939 0.21917 -0.040269 0.61736 0.25321 -0.056711 -0.021846 0.064149 0.027368 -0.025043 0.037588 0.034609 0.042768 -0.029982 0.061774 0.078441 0.074598 0.21659 -0.1729 0.47213 0.20001 -0.019502 -0.015841 0.041622 0.029166 -0.0080265 0.01763 0.0080395 0.017641 -0.039928 0.061504 0.040143 0.061504 -0.0080594 0.011681 0.034409 0.021778 -0.0013484 -0.0033058 0.0014817 0.0047742
-0.00070776 0.0037559 0.0019546 0.0042809 0.010145 -0.0049576 0.01998 0.011735 0.076966 -0.021279 0.08776 0.023709 0.00065399 0.00032687 0.00066118 0.00075562 0.0050455 0.0057172 0.014112 0.019848 -0.037735 -0.013384 0.12407 0.10538 0.47543 -0.0633 0.54439 0.13403 0.0028602 -0.0019032 0.0032479 0.0042492 -0.030746 0.0077202 0.033522 0.059392 -0.045003 0.0042372 0.16059 0.11191 0.41947 0.0027214 0.41947 0.098577 0.0094272 -0.0014843 0.012968 0.0058789 -0.00126 0.00048792 0.0024513 0.0038347 0.0070639 0.0015716 0.0075144 0.0069551 0.039232 -0.0083472 0.039283 0.01353 0.0044375 -0.00042106 0.0044397 0.0010746
-0.00099441 -0.0015301 0.0026707 0.0027799 0.019459 0.0013726 0.020506 0.0069486 0.018337 0.00038104 0.068155 0.021732 0.014334 0.0030544 0.01465 0.0032767 -0.0012899 -0.00030441 0.0080177 0.0036592 0.077628 -0.035368 0.12007 0.062382 0.48451 0.066048 0.63752 0.21915 -0.0011666 -0.015466 0.0076037 0.02149 -0.0085282 0.015866 0.048667 0.039073 -0.00058941 0.023315 0.056335 0.068966 0.22499 -0.18636 0.27061 0.27547 -0.024253 -0.095577 0.031486 0.11873 -0.00059546 -0.00038821 0.0011191 0.0014255 -0.0041086 -0.0068735 0.0082596 0.015374 0.01805 0.0048369 0.018491 0.013777 -0.001085 0.0023915 0.001361 0.0030598
1.018e-05 -0.00034106 0.00036637 0.00051432 0.029288 -0.00079849 0.035295 0.050492 -0.014572 -0.0037889 0.048612 0.075252 -0.00078133 0.0014073 0.0020473 0.0018449 -0.002155 -0.00031493 0.0033592 0.0017553 0.14342 0.076229 0.21612 0.21757 0.032889 -0.014306 0.43367 0.43981 -0.041386 -0.0083288 0.041848 0.019945 0.0016767 0.00050906 0.004693 0.0059044 0.11471 -0.0073642 0.32509 0.17626 -0.0061024 0.064428 0.28649 0.48492 -0.013276 0.0021672 0.014584 0.010912 8.2663e-08 -0.00012041 0.00042312 0.00040191 0.017136 -0.0070031 0.047538 0.013522 -0.0015546 -0.0267 0.040633 0.053053 -0.0018304 0.00010216 0.0020811 0.00080652
-0.0060673 -0.0058178 0.0061324 0.0081391 0.016954 0.0074836 0.024255 0.013039 0.069799 -0.011217 0.070647 0.013383 0.00043241 0.00011887 0.00043241 0.00016897 -0.0059278 -0.0065712 0.0080385 0.019958 0.086689 -0.037301 0.089083 0.06751 0.47943 -0.01146 0.48065 0.087639 0.0014807 0.00026194 0.0018831 0.0016251 -0.0061745 -0.0017914 0.0062118 0.0047002 0.2456 0.013026 0.26278 0.076734 0.35661 -0.022771 0.46639 0.091175 0.0023209 0.00015605 0.0023209 0.001364 -0.00020164 0.00033431 0.00037633 0.00045947 0.039115 0.0061943 0.040039 0.0076757 0.036767 0.0013669 0.064415 0.010712 0.0003072 -0.00017284 0.0003072 0.00035271
0.00071436 -8.2948e-05 0.001114 0.0010081 -0.011005 -0.0063304 0.012708 0.0078316 0.063446 0.023056 0.064803 0.030972 -0.0040585 0.0087842 0.0042097 0.0092855 0.0026885 0.0013793 0.0087282 0.0049336 -0.062479 -0.015978 0.070339 0.024353 0.6182 -0.085859 0.61919 0.26659 -0.03142 -0.026811 0.03189 0.028325 -0.004336 -0.00031011 0.012487 0.0037812 -0.02249 0.020019 0.05963 0.04561 0.12867 -0.16787 0.13678 0.21903 -0.017461 -0.074297 0.043245 0.075486 -0.0012499 0.0004239 0.0016686 0.00075093 -0.0015918 -0.0014934 0.0076498 0.014555 0.00061648 -0.0042453 0.013669 0.017758 -0.00074557 9.6096e-05 0.0014085 0.00047882
-0.00073689 -0.0012751 0.0013102 0.0012751 0.021878 -0.0078568 0.023684 0.0093937 -0.01302 0.0082109 0.020211 0.026285 0.0017566 -0.00072485 0.002755 0.0039305 0.00041551 -0.00060264 0.0053747 0.0048456 0.1069 0.024229 0.11737 0.058398 0.28674 0.071437 0.441 0.2172 -0.040937 0.043304 0.048098 0.046813 0.0053552 0.0012499 0.0083471 0.0035881 0.071314 0.0057249 0.083459 0.062958 0.33137 -0.051179 0.62868 0.31486 -0.02533 0.0061548 0.033138 0.016359 -0.0001345 0.00041503 0.0005574 0.00051631 0.0033125 -0.002309 0.0072109 0.0040042 0.014393 -0.023021 0.06618 0.023994 0.0084253 -0.0085116 0.011631 0.009575
-7.9865e-05 -0.0028733 0.0016138 0.0053683 0.023331 -0.026552 0.030856 0.032351 0.082817 -0.097138 0.083171 0.097376 0.00035461 0.00020893 0.00043767 0.00022629 -0.0083444 -0.0051012 0.010259 0.022071 0.0068994 -0.039916 0.13379 0.15612 0.42524 -0.055364 0.47995 0.20378 0.017938 0.0011849 0.017938 0.012015 -0.065378 0.063058 0.067859 0.068202 -0.021949 0.061991 0.14493 0.15672 0.3611 -0.065694 0.3911 0.29754 0.021717 -0.089719 0.022519 0.089719 -0.018423 -0.012613 0.018507 0.012902 0.0082671 -0.0072925 0.0089329 0.019157 0.0054337 0.0038909 0.019298 0.013137 -0.0015177 0.00013186 0.0029568 0.0016786
0.00029049 -0.0014231 0.0019532 0.0023578 -0.00098062 -0.0077295 0.011752 0.011762 0.094123 0.025515 0.11568 0.055068 0.0057704 0.0023507 0.0059054 0.0032359 0.00082505 0.011817 0.015494 0.020291 -0.068853 -0.026664 0.18358 0.2887 0.40361 -0.25116 0.46048 0.4616 0.014677 -0.1447 0.023747 0.14523 -0.017683 -0.017058 0.020554 0.019588 -0.028044 0.035262 0.13911 0.17334 0.149 0.087044 0.18208 0.19232 -0.017358 0.0067783 0.027386 0.024109 0.00099009 0.0030687 0.0011734 0.0030853 0.015597 0.020854 0.017793 0.025236 -0.00117 0.002238 0.0098055 0.015314 -8.1094e-05 -0.00049137 0.0027605 0.0015354
0.00014739 -7.4154e-05 0.0014705 0.00098313 0.011472 0.0071279 0.016021 0.010603 0.0093403 0.0085615 0.015379 0.019115 0.016176 0.026383 0.016488 0.02641 -0.00024148 8.5714e-05 0.0019986 0.0020198 -0.07118 0.015503 0.35457 0.15275 0.35989 0.015869 0.37417 0.24791 0.070604 -0.079226 0.15249 0.079638 -0.011567 0.0080491 0.018953 0.013052 -0.046946 -0.0004653 0.59667 0.16792 0.16307 -0.052573 0.17592 0.09427 -0.0027476 -0.031603 0.092694 0.034902 -0.0047471 -0.00094711 0.0056921 0.0017261 0.015504 -0.0024704 0.028459 0.033061 -0.008396 -0.0034185 0.020571 0.019555 0.0045402 0.00023786 0.0052593 0.0020833
-0.00028777 -0.00074317 0.0021 0.0050456 0.0041166 0.023551 0.010792 0.028968 0.014949 0.022831 0.016946 0.024101 0.014299 0.009432 0.014314 0.0094374 0.0057126 0.003163 0.0083993 0.016613 0.042982 -0.039416 0.055867 0.095207 0.45035 0.053471 0.50687 0.17516 0.0037524 0.0039198 0.0037524 0.0045594 0.00082801 0.00091199 0.0049166 0.0041682 0.0054009 0.0038874 0.027691 0.029318 0.47663 -0.028774 0.47864 0.12484 0.0034687 -0.0018895 0.0034687 0.0043443 -3.2148e-05 5.7734e-05 0.00072727 0.0004309 0.004332 0.0011216 0.0056411 0.0030208 0.072895 0.019135 0.079017 0.022079 0.0004717 0.00014037 0.00081648 0.00036607
0.00051798 -0.0003046 0.0059485 0.00879 -0.017482 0.029345 0.027668 0.039564 0.023321 -0.047173 0.02551 0.053308 0.011705 -0.017999 0.011705 0.017999 0.020523 -0.026831 0.028545 0.032887 -0.11348 -0.053104 0.20015 0.17432 0.39934 0.045969 0.48982 0.26599 -0.044993 -0.0046822 0.094277 0.072665 -0.11249 0.093842 0.15693 0.15839 0.0030657 0.036369 0.19642 0.12321 0.13684 0.024194 0.2944 0.29629 0.064542 0.077544 0.076998 0.13778 -0.0031678 -0.01666 0.010428 0.018022 0.018695 0.087823 0.060866 0.090579 0.084578 0.10317 0.085358 0.10317 0.0002192 6.4102e-05 0.0002192 6.4102e-05
-0.0010889 0.0022397 0.0012235 0.0030127 -0.0019719 -0.0025457 0.005993 0.0087347 0.06814 -0.023785 0.06838 0.024014 0.00023979 -2.9525e-05 0.00023979 7.0791e-05 -0.003246 -0.0041388 0.0053081 0.0079184 -0.039466 0.027107 0.07422 0.069147 0.43247 0.049151 0.43247 0.098184 0.0010005 6.394e-05 0.0010005 0.00060216 0.012104 0.012557 0.019303 0.017738 -0.093654 0.084311 0.25777 0.20105 0.40567 -0.084574 0.46164 0.28149 0.0023356 -0.0033803 0.0024112 0.0035886 -0.00059696 0.0010605 0.0047868 0.0028608 -0.020437 -0.0080759 0.028632 0.018951 0.013272 -0.005812 0.013811 0.0090198 0.014573 -0.008242 0.014655 0.0083892
-0.0011272 0.00068082 0.0014669 0.0019695 0.0090331 -0.0047819 0.020462 0.021415 -0.0073366 0.0041115 0.014218 0.011966 -0.00022967 -0.00013782 0.0010707 0.0006912 0.00050402 -0.0015051 0.019078 0.020229 0.0037001 -0.015569 0.05804 0.045083 0.17468 0.22774 0.2172 0.28161 -0.019109 0.083085 0.05118 0.083856 0.014157 -0.0018637 0.023912 0.010197 -0.053162 0.034657 0.069313 0.0513 0.58308 -0.026276 0.58648 0.24622 -0.017286 0.012556 0.017986 0.016281 6.2005e-06 -0.00065231 0.0039214 0.0019911 -0.0053492 0.0030487 0.020465 0.012789 0.041315 -0.03174 0.050745 0.038424 -0.0040416 -0.011988 0.0042322 0.012248
-0.00057832 0.00014624 0.00057832 0.00022399 0.0048093 -0.0046396 0.014692 0.010327 0.0097113 0.0035244 0.014235 0.014953 -0.00076314 -0.0004383 0.0015691 0.00287 -0.00035111 -0.00025102 0.005613 0.0097827 0.0070278 -0.044543 0.064489 0.12245 0.38456 0.12509 0.41159 0.29961 0.017193 0.069723 0.043044 0.069723 -0.0064482 -0.00055854 0.0097327 0.03442 0.037928 0.070585 0.052486 0.14009 0.47434 -0.028417 0.49416 0.15511 0.0012914 -0.00028006 0.0013833 0.0012091 -0.0025095 0.0035272 0.0028892 0.0044354 0.023984 0.011651 0.026164 0.017431 0.066647 0.064696 0.066647 0.064846 6.5478e-05 6.5478e-05 6.5478e-05 6.5478e-05
0.00074599 -0.00043931 0.001153 0.0015639 0.014077 -0.0051105 0.017319 0.0070911 0.021578 0.0026105 0.052996 0.019491 0.0072458 0.0033137 0.0072615 0.0033879 0.0028244 0.00055206 0.01098 0.012464 0.050155 -0.080998 0.13325 0.14116 0.38745 0.10875 0.58776 0.21362 0.0055423 0.001631 0.0055423 0.0028239 0.0028437 -0.0014445 0.0064266 0.022554 -0.051616 0.015408 0.1187 0.10721 0.29392 -0.27175 0.31504 0.2991 0.062162 -0.067772 0.062456 0.067772 -0.00076351 -0.0011777 0.00083969 0.0012152 -0.0041285 -0.0068141 0.006758 0.010284 0.0030106 -0.0023272 0.0071341 0.013924 0.0031907 -0.0017982 0.0032462 0.0054248
-0.0056979 -0.00020026 0.0056979 0.0010663 0.023813 -0.0010741 0.04497 0.010443 0.026425 0.00018053 0.056541 0.025088 0.0011066 0.00031431 0.0013449 0.0010253 -0.048649 0.026085 0.048649 0.026379 0.044126 -0.0023948 0.29532 0.11316 0.34943 0.017159 0.55382 0.10135 -0.025962 -0.049847 0.028318 0.053449 -0.080348 0.086877 0.08038 0.087157 -0.11822 0.30259 0.16209 0.32334 0.0041748 -0.055321 0.1737 0.31041 -0.018402 -0.018203 0.018402 0.035047 -0.00020726 0.00070712 0.00022275 0.00070712 -0.058489 0.095613 0.058801 0.095967 -0.038571 0.083337 0.038609 0.083337 -0.0029418 0.0047666 0.0029418 0.0047666
0.00076576 1.6635e-05 0.00085828 0.00042659 0.022631 -0.0054749 0.022631 0.010369 0.043357 3.6357e-05 0.061425 0.014061 0.00048514 0.00027735 0.00049543 0.0004272 0.0031863 -0.0011401 0.0044819 0.0077779 0.10598 -0.026783 0.1102 0.068997 0.37975 -0.021857 0.55526 0.13669 0.0015116 -0.00065622 0.0015116 0.00065622 0.0035194 0.00062609 0.0040737 0.0034391 0.096452 0.0095348 0.10365 0.049379 0.41199 0.030071 0.52095 0.11383 0.0015691 0.00056144 0.0015691 0.00084187 0.00066548 -9.3996e-05 0.00071317 0.00067321 0.0079192 -0.0036987 0.010173 0.015509 0.07712 0.030528 0.080356 0.031265 0.00026168 -0.00011311 0.00027608 0.00013473
