-0.00052064 0.0019279 0.00054675 0.0019279 0.059844 -0.013726 0.061895 0.017794 9.1132e-05 3.3119e-05 9.1132e-05 8.1067e-05 0 0 0 0 0.0047887 0.025871 0.012565 0.037116 0.40292 0.086981 0.47691 0.17538 0.0082366 -0.0099313 0.010255 0.013745 4.147e-05 -0.0010878 0.00089672 0.0010878 0.011932 -0.013128 0.035131 0.030823 0.1231 -0.20872 0.27156 0.25823 -0.088191 -0.39976 0.14573 0.40493 0.0089628 -0.056132 0.010335 0.056641 -0.0020876 -0.00081217 0.0024728 0.0030649 0.0052994 0.0065149 0.0075035 0.010045 0.0018252 -0.00041449 0.006025 0.001399 -0.00015791 -0.00024742 0.00032839 0.00028115
-0.00097721 -0.00022486 0.0025766 0.0009018 0.01634 -0.019388 0.034616 0.045337 -0.0067096 -0.02464 0.044643 0.037118 -0.00066827 -0.00028213 0.0025754 0.00091122 -0.0055157 0.005289 0.0056475 0.0053336 0.24012 0.1599 0.25513 0.20428 -0.18101 0.36067 0.22226 0.43794 0.0067968 0.047289 0.012059 0.050885 0.0028462 0.0021093 0.0036445 0.0071713 0.4092 -0.053989 0.42648 0.16213 -0.0048002 0.041844 0.035185 0.04589 0.0019799 0.028701 0.0058788 0.028701 -7.8129e-05 -2.7346e-05 0.00022864 0.00020801 0.056631 0.021483 0.057099 0.022198 0.001264 6.1154e-05 0.001264 0.00068717 0 0 0 0
0.00034811 8.5709e-05 0.00077718 0.001325 -0.00059465 -0.0032604 0.013584 0.0092443 0.0028674 0.00037231 0.0031178 0.0017364 0.00060133 0.0017296 0.0018877 0.0018979 -0.0022467 0.0019218 0.0023262 0.0025493 0.21097 0.1885 0.22525 0.22518 0.10591 0.38718 0.10927 0.3884 0.015661 0.038801 0.015682 0.039011 -0.0017561 0.00047724 0.0017663 0.00083651 0.4718 -0.095187 0.49013 0.10282 0.0054503 0.00021441 0.0060848 0.0025922 0 0 0 0 -8.4885e-05 0.00034001 0.00028668 0.0006693 0.059858 -0.0071707 0.064446 0.010291 0.012058 -0.0040041 0.012058 0.0040142 0 0 0 0
-0.00038998 0.00036088 0.00058454 0.00058994 0.0032011 -0.0058284 0.013161 0.0079744 0.0013034 0.0011214 0.0024709 0.0013063 0.0001825 -2.5484e-05 0.000243 0.0003307 -0.0021704 0.00099514 0.0022938 0.0018723 0.20881 0.19674 0.22357 0.20853 0.10219 0.39157 0.10824 0.39292 0.011389 0.04442 0.011937 0.04442 -0.0026478 0.00079402 0.0026478 0.00099012 0.47501 -0.095278 0.485 0.10222 0.011546 0.0071835 0.014089 0.010299 6.7499e-05 0.0001471 0.0001213 0.0001471 -0.00022664 7.4938e-05 0.00023093 0.00012307 0.063859 -0.0071249 0.067022 0.0087466 0.010399 -0.00323 0.010399 0.0033756 0 0 0 0
-0.00066429 -0.00063526 0.002002 0.0023172 0.0020584 0.0029526 0.005066 0.01051 0.0017906 0.0045182 0.01225 0.01829 -0.0015365 0.0016009 0.0024074 0.004016 -0.0046458 0.00364 0.0062452 0.0064304 0.20488 0.18475 0.22676 0.2289 0.018985 0.36092 0.27679 0.36785 -0.035898 0.018856 0.038289 0.048469 -0.00048301 -0.007833 0.0030114 0.0082175 0.44955 -0.10179 0.46945 0.12667 -3.2832e-06 0.0002705 0.002111 0.0013094 -0.068525 0.027543 0.068801 0.027568 -0.00021612 -0.00021198 0.00021891 0.00085146 0.072163 -0.0084367 0.072506 0.023424 0.0074215 -0.001823 0.0074215 0.0037346 -0.0059335 0.00072754 0.005938 0.00072754
0.0036855 -0.010039 0.0051067 0.010039 0.042187 -0.079041 0.042187 0.079041 0.00020911 -0.00020911 0.00020911 0.00020911 0 0 0 0 -0.0062602 0.0044587 0.014498 0.010124 0.18092 -0.06725 0.18711 0.099844 0.37279 -0.18512 0.38191 0.18512 -8.076e-05 -7.0659e-05 8.076e-05 7.0659e-05 -0.010365 0.005577 0.025789 0.015657 0.25812 0.1003 0.35306 0.28845 0.28663 0.20419 0.28663 0.20452 -0.00031049 -1.2166e-05 0.00031049 0.00015561 -0.0022777 -0.0012841 0.0048791 0.0023877 0.078082 0.021145 0.080257 0.035783 0.00024353 -2.4951e-05 0.00036673 0.00014548 -2.8134e-05 -2.2089e-05 7.5546e-05 8.2258e-05
-0.0020953 -0.001403 0.0020978 0.0014082 0.0092808 0.0037823 0.018554 0.0057126 -0.0058231 0.0034063 0.022655 0.007042 0.009213 0.005243 0.009213 0.0052459 -0.0074828 -0.0086161 0.00823 0.0086161 0.25393 0.14159 0.29268 0.19599 0.12045 0.34616 0.17459 0.35381 0.01678 0.015025 0.016831 0.015208 0.00047425 0.00032806 0.0020966 0.0025018 0.4817 -0.087226 0.4817 0.09448 0.022963 -0.025252 0.026253 0.037253 0 0 0 0 0.00021935 0.00040459 0.00096569 0.0015599 0.011566 -0.0086426 0.019754 0.011071 0.052417 -0.065613 0.052469 0.066304 0.00025624 -0.00019214 0.00025624 0.00019214
0.00050789 -0.00022794 0.00096568 0.0003812 0.066656 0.024525 0.071392 0.038762 0.00032933 -2.8883e-05 0.00032933 2.8883e-05 -3.9421e-05 3.7207e-05 3.9421e-05 0.00012524 -0.015368 -5.8641e-05 0.023546 0.0086996 0.2622 -0.19557 0.29602 0.3531 0.26255 -0.18342 0.26255 0.18372 -0.00028544 -0.00011545 0.00028544 0.0004159 -0.007088 0.0047614 0.029261 0.043419 0.083966 0.0032722 0.23002 0.11005 0.4165 0.10808 0.4165 0.144 -0.00040066 0 0.00040066 0 -0.0013715 -0.00054298 0.0022191 0.0027043 0.016077 0.0062958 0.021556 0.010409 0.062039 0.0058368 0.062039 0.0061846 -5.787e-05 0 5.787e-05 0
-0.0002899 -0.0022598 0.00034699 0.0022598 0.019313 0.0034102 0.021768 0.0091457 0.0028852 0.00092811 0.01709 0.021554 0.00015593 0.0016053 0.0023402 0.0021345 0.0025078 -0.00058973 0.0029898 0.004158 0.48351 0.17367 0.48396 0.17384 -0.0043791 0.21056 0.045643 0.21269 0.0070701 0.029714 0.0095359 0.029749 0.0099723 0.013151 0.022117 0.013549 0.30651 -0.17565 0.33078 0.20616 0.18945 -0.094596 0.18945 0.09516 0 0 0 0 -0.0015357 -0.0011614 0.0020387 0.0044062 0.0046587 0.00024525 0.013261 0.0075116 0.064117 -0.01177 0.064117 0.013474 0 0 0 0
-0.00076833 0.0010506 0.00076833 0.00113 0.026104 -0.0016614 0.029144 0.011364 0.04613 -0.0075339 0.04613 0.0084452 0 0 0 0 0.0019915 -0.0062102 0.0032894 0.012029 -0.01859 -0.031428 0.036602 0.10618 0.4502 -0.10041 0.4502 0.10183 0 0 0 0 0.013318 0.014423 0.016146 0.02452 -0.086901 0.17901 0.19397 0.25239 0.36697 -0.024489 0.42622 0.29855 0.00602 -0.033611 0.0063855 0.033611 0.00080542 -0.0010275 0.0016138 0.0012727 -0.0087253 -0.033061 0.025725 0.036931 0.0022887 -0.0048307 0.011452 0.0084957 -9.4893e-05 -0.00015927 0.00025041 0.00024851
-0.00068621 0.00042837 0.0033644 0.0019849 0.0057715 0.0069216 0.0098181 0.0073716 0.075962 0.0049508 0.075962 0.011265 0 0 0 0 0.02679 -0.011446 0.03072 0.014371 0.36148 0.20462 0.42466 0.22277 0.15172 0.072303 0.15172 0.072514 0 0 0 0 0.034018 -0.0078104 0.03488 0.01393 0.37734 -0.23257 0.43182 0.23897 0.16693 -0.091601 0.16693 0.091601 0 0 0 0 -0.00027766 0.0027314 0.00061472 0.0027314 0.011906 -0.0030978 0.020843 0.012344 0.071328 -0.021501 0.071328 0.021501 0 0 0 0
-0.001214 9.0946e-05 0.0014933 0.0017518 -0.0037579 0.0036913 0.0053554 0.0041437 0.070865 0.014635 0.070865 0.014701 1.3319e-06 1.3319e-06 1.3319e-06 1.3319e-06 -0.0019122 -0.0038823 0.0071865 0.012269 -0.0075814 -0.018657 0.045784 0.116 0.44171 -0.051088 0.46325 0.067886 0 0 0 0 -0.0014865 0.0076217 0.018805 0.016428 -0.050679 0.14533 0.21321 0.32502 0.35208 -0.06107 0.39686 0.30434 0.0098552 -0.031038 0.010089 0.031038 0.0015705 -0.00018057 0.0027338 0.0017957 -0.006498 -0.010825 0.011147 0.022557 0.0060333 0.0005949 0.0066557 0.0070566 0.00028478 -0.00087211 0.00065365 0.00092378
0.0027037 0.001646 0.0053825 0.0027072 0.037926 -0.014539 0.042787 0.02285 0.041326 -0.0091002 0.041326 0.0091002 -8.775e-06 1.7119e-06 8.775e-06 1.7119e-06 0.027183 -0.015209 0.042709 0.015493 0.37979 0.18953 0.40589 0.21092 0.1303 0.042452 0.1303 0.043827 -1.8476e-05 5.1751e-06 1.8476e-05 5.1751e-06 -0.0017583 0.013666 0.01104 0.01476 0.44502 -0.2099 0.4663 0.23759 0.1277 -0.04271 0.1277 0.043298 0 0 0 0 -4.8482e-05 0.00027501 0.0019753 0.0010302 0.012974 -0.00073365 0.013098 0.0037681 0.067253 -0.0023794 0.067253 0.0045992 0 0 0 0
0.00018203 0.0016317 0.00030052 0.0016322 0.00081561 0.0095271 0.01016 0.018955 0.062789 -0.059948 0.066125 0.060069 -5.6575e-05 -0.000433 0.00062204 0.00059077 -0.0040085 -0.01048 0.0069321 0.017339 0.091968 0.12747 0.15637 0.23658 0.1228 0.1167 0.24385 0.28306 -0.0042652 -0.071993 0.040387 0.072079 0.00067663 0.0036648 0.0017927 0.0037605 0.32945 -0.02991 0.37351 0.28968 -0.2096 -0.0089431 0.34803 0.4442 -0.019353 -0.008976 0.030727 0.011294 -0.0011022 0.004111 0.0013299 0.0056305 0.001936 0.002681 0.01709 0.019083 -0.0086311 -0.0036382 0.014559 0.010044 0.0014491 0.0020553 0.0026111 0.0027379
-0.00032576 0.00023096 0.00036355 0.00026091 0.0049483 0.0062256 0.010393 0.012637 0.030199 0.072625 0.059354 0.0754 -0.0026451 0.012585 0.0064255 0.01409 -0.00010758 0.003639 0.0015522 0.0060754 0.06329 0.036009 0.10742 0.11297 0.46331 -0.12046 0.4675 0.17339 -0.0077306 0.014817 0.0099679 0.014817 0.0010067 -0.00038554 0.0020179 0.0028753 0.05815 0.0057976 0.083736 0.061646 0.45085 0.14801 0.45085 0.15102 0.00013161 -1.8014e-05 0.00013161 0.00013161 -7.9166e-05 -0.00025256 0.0003092 0.00029177 0.067361 0.021113 0.068176 0.022814 0.007938 0.0045003 0.007938 0.0060162 0 0 0 0
-7.101e-05 9.1587e-06 8.5349e-05 6.2762e-05 0.0046891 0.0052818 0.02094 0.0065572 0.074613 0.0071829 0.074711 0.0088798 0 0 0 0 0.00040619 -0.0010786 0.0014245 0.0018873 0.40396 0.16955 0.42455 0.17419 0.12596 0.048391 0.12596 0.058343 0 0 0 0 0.0049214 0.00054446 0.0050139 0.0034135 0.44937 -0.19122 0.49456 0.19409 0.092053 -0.024921 0.092376 0.030194 0 0 0 0 0.00068046 -0.00026292 0.0023668 0.0017459 0.042626 0.0079091 0.058835 0.01035 0.04084 0.0020913 0.041247 0.0029586 0 0 0 0
-0.0052689 -0.0016102 0.0057984 0.0032191 -0.0085321 -0.0033469 0.0085321 0.0083881 0.056397 0.028534 0.056909 0.029831 0.00047231 0.00033981 0.00047231 0.00033981 -0.02144 -0.0012546 0.025858 0.01101 -0.037736 0.0044272 0.060182 0.10748 0.48037 0.019394 0.49081 0.084275 -1.6274e-05 -5.098e-06 1.6274e-05 5.098e-06 -0.012609 -0.0021283 0.018952 0.014221 0.036015 0.083444 0.17808 0.23799 0.2999 -0.10875 0.43819 0.31632 0.0056193 -0.034086 0.01473 0.034086 -0.0073027 0.0020462 0.0074027 0.0034714 0.00014509 0.0039978 0.017363 0.015002 0.0041643 0.005843 0.006795 0.0083817 -0.00017115 -0.00067034 0.0011978 0.00094032
0.0017788 -0.0013445 0.0020712 0.0069685 0.008538 0.00065881 0.026714 0.024083 0.069096 0.0056957 0.069096 0.0078596 0 0 0 0 0.010131 0.0019077 0.010131 0.0076998 0.45338 0.13314 0.45627 0.16377 0.11247 0.040389 0.11247 0.041298 0 0 0 0 0.005627 -0.00059726 0.005627 0.0016749 0.43076 -0.1784 0.43076 0.1784 0.14878 -0.073753 0.14878 0.07496 0 0 0 0 0.00045158 -2.5227e-05 0.00045158 9.5576e-05 0.010683 -0.0042636 0.010683 0.0043524 0.071319 -0.023981 0.071319 0.023981 9.4313e-06 -5.8623e-06 9.4313e-06 5.8623e-06
0.0020889 -0.0042605 0.0023671 0.0077759 0.016238 0.0045594 0.027363 0.019618 0.060011 -0.00067854 0.060011 0.0018883 0 0 0 0 0.010318 0.0044168 0.010318 0.0070631 0.43232 0.1198 0.44094 0.17285 0.1428 0.042962 0.1428 0.042962 0 0 0 0 0.0060027 0.0021872 0.0060027 0.0023961 0.46961 -0.14699 0.46961 0.14808 0.10587 -0.039077 0.10587 0.039966 0 0 0 0 0.00045672 2.2158e-05 0.00046014 0.00015009 0.015405 -0.005326 0.015405 0.005483 0.069175 -0.017869 0.069175 0.017918 0 0 0 0
0.0010591 0.00014799 0.0010696 0.00071112 -0.0024934 0.0026269 0.0043033 0.0029668 0.071463 0.017916 0.071463 0.019145 0 0 0 0 0.00082619 -0.00057038 0.0012973 0.0021671 0.039093 -0.034625 0.081544 0.063932 0.46468 -0.08776 0.46468 0.13452 0 0 0 0 -0.00127 0.0025979 0.0058379 0.010932 0.018466 0.022121 0.12056 0.081523 0.48111 0.089699 0.48111 0.099879 0 0 0 0 -0.001734 0.0047573 0.0020375 0.0056498 0.054712 0.064395 0.05586 0.065703 0.006203 0.006475 0.006203 0.006475 0 0 0 0
-0.0030729 0.0002544 0.0030729 0.0008403 0.0012645 -4.3195e-05 0.011408 0.0071639 0.076781 0.019397 0.076781 0.019397 -1.6239e-05 -1.6239e-05 1.6239e-05 1.6239e-05 -0.02971 -0.00019949 0.02971 0.016478 0.45819 0.07692 0.49367 0.10752 0.13587 0.046484 0.13587 0.046484 -0.027229 -0.0090101 0.027229 0.0093964 -0.018921 0.000859 0.019999 0.014207 0.35239 -0.017325 0.41068 0.22205 0.2013 -0.075786 0.21539 0.085395 -0.053957 -0.012629 0.057302 0.013054 -0.0030904 0.00057926 0.0034382 0.0030948 0.00088186 -0.0064422 0.031469 0.034092 0.010286 -0.093425 0.030414 0.095127 -0.0022292 -0.011235 0.0038967 0.011698
-0.001956 0.0021447 0.0026557 0.0028849 0.019139 -0.010574 0.020456 0.030545 0.061187 -0.00797 0.061204 0.016712 -0.00010041 2.0691e-06 0.00010041 5.2889e-06 -0.017606 -0.013177 0.042128 0.059202 0.096449 0.0011945 0.20558 0.15221 0.44287 -0.0763 0.44287 0.13686 -0.00035891 0.00014363 0.00035891 0.00014363 -0.0078908 -0.0016824 0.022678 0.015875 0.093783 0.016577 0.1219 0.078393 0.46586 0.090908 0.46586 0.094293 -0.00017891 3.4159e-05 0.00017891 3.4159e-05 0.0014144 -2.4941e-05 0.0017338 0.0019958 0.063927 0.028403 0.065938 0.032808 0.014595 0.0082834 0.014595 0.0082834 -1.2055e-05 3.0485e-06 1.2055e-05 3.0485e-06
-0.00064767 -0.00084975 0.0010051 0.0014285 0.014166 0.0091442 0.015329 0.010565 0.0104 0.034499 0.032638 0.046589 0.00072602 -0.00025784 0.0010866 0.0015041 0.0018417 0.00097201 0.0022004 0.00146 0.19172 -0.051962 0.20958 0.15945 0.043558 -0.056824 0.55798 0.48186 -0.018803 -0.0071003 0.042958 0.071572 0.0016235 0.00091172 0.0020301 0.0017404 0.043434 0.023265 0.065527 0.061556 0.14087 -0.057359 0.46708 0.27218 -0.025512 -0.0015941 0.026208 0.030079 -0.00053253 0.004289 0.00076453 0.0052333 0.0078721 0.0076582 0.01482 0.035281 -0.0039488 -0.0054293 0.0072191 0.010609 7.9143e-05 -0.00054372 0.00061817 0.0009129
-0.003278 -0.0022181 0.0038483 0.0024042 0.020077 0.0088644 0.021476 0.019736 0.026896 0.092602 0.054677 0.095307 0.0038897 0.015067 0.0050055 0.015204 -0.00685 -0.0013468 0.0082481 0.024626 0.19184 0.00044921 0.23212 0.17046 0.41378 -0.053554 0.42478 0.11844 0.0021702 0.0037952 0.0021702 0.0037952 0.020765 0.01562 0.027565 0.027849 0.10745 0.13779 0.17212 0.16658 0.4288 0.086745 0.4288 0.089786 0 0 0 0 0.0016468 0.012704 0.0035525 0.012755 0.029768 0.077606 0.031723 0.077606 0.00010615 0.00010615 0.00010615 0.00010615 -1.1871e-06 -4.1832e-06 2.2196e-06 4.1832e-06
-0.00089008 0.00074346 0.00089008 0.00086837 0.00085493 0.0019547 0.0028907 0.0036369 0.067656 0.020402 0.067656 0.020402 0.0002168 0.00014618 0.0002214 0.00014636 -0.0067264 0.0073055 0.0068174 0.0073055 -0.0083982 0.035269 0.018505 0.036685 0.49017 -0.033683 0.49017 0.097188 0.00067164 0.0002152 0.00084591 0.00052594 0.0036978 -0.0078991 0.0070671 0.016149 -0.032424 -0.004548 0.050115 0.069087 0.48012 0.053976 0.48755 0.073387 0.00026011 8.1479e-05 0.00026011 8.1479e-05 -0.001795 0.0052372 0.0023692 0.0058616 0.0060309 0.010017 0.018871 0.013542 0.067727 0.0047587 0.067849 0.021225 0 0 0 0
0.0011833 0.0025354 0.0030123 0.0039267 -0.00079914 0.0012991 0.016235 0.0096335 0.012325 0.00087712 0.012635 0.0076325 0.012111 -0.0082629 0.013555 0.0082629 -0.042824 0.011119 0.043297 0.01768 -0.021542 -0.036719 0.12259 0.093464 0.13105 0.088967 0.19445 0.27106 0.062267 0.071254 0.067508 0.073675 -0.04416 -0.0061254 0.065757 0.076665 -0.10295 0.022735 0.19873 0.17046 0.55831 0.023321 0.56917 0.26394 0.0046133 0.0061746 0.0046133 0.0061746 0.0031137 -0.0023932 0.0047485 0.0041312 0.022396 0.015461 0.055839 0.028337 0.049608 0.051452 0.057553 0.052402 -3.2822e-06 -5.2765e-06 3.2822e-06 5.2765e-06
-6.4956e-05 0.00026676 0.00012355 0.00062969 0.031092 0.019799 0.031092 0.02041 0.05737 0.034368 0.05737 0.034413 4.762e-05 1.9458e-05 4.762e-05 4.762e-05 -0.0037562 0.0041088 0.0038335 0.0055639 0.43839 0.066047 0.43958 0.073502 0.17412 0.014729 0.17412 0.022311 0 0 0 0 -0.0057828 0.0094334 0.0061731 0.010337 0.47366 -0.080219 0.49667 0.11862 0.12099 0.0062561 0.12167 0.03379 0 0 0 0 0.00076821 -0.0021164 0.0014883 0.0035485 0.057308 0.0016321 0.065628 0.01324 0.026991 0.0017291 0.026991 0.0036702 0 0 0 0
-0.00056548 -0.00029912 0.00059069 0.00033197 0.004362 0.016721 0.021171 0.025458 0.0050848 0.017085 0.0070245 0.018832 0.00074583 1.552e-05 0.0010052 0.001029 -0.02741 0.079537 0.034786 0.080648 0.038573 0.065147 0.12565 0.1216 0.13695 0.011525 0.47979 0.39053 -0.027031 0.028394 0.037397 0.058567 -0.020848 0.00078799 0.02203 0.010773 -0.18232 -0.048415 0.27257 0.17323 0.20415 0.025423 0.41317 0.41167 -0.038264 -0.031267 0.045112 0.082916 -0.014634 -0.0076116 0.014658 0.0099373 -0.013308 -0.021926 0.022418 0.027412 0.0084008 -0.023629 0.012371 0.027304 -0.00040953 -0.0027348 0.00074613 0.0027595
-0.00065488 -0.00018274 0.0023006 0.004013 -0.00083505 0.02157 0.023591 0.047529 -0.0032501 -0.0072226 0.028738 0.017813 0.0016923 -0.00029713 0.0032274 0.0010661 0.0019232 -0.011777 0.024008 0.023241 0.037754 -0.04769 0.20072 0.11866 0.0075525 -0.05589 0.37287 0.3191 0.017401 -0.00016054 0.032536 0.011093 0.0094539 0.017022 0.017795 0.022828 -0.032568 0.032567 0.054232 0.069124 0.3832 0.26953 0.4898 0.43315 0.023139 0.09801 0.023194 0.09801 0.00028069 -0.00092295 0.0012859 0.0012003 0.0021913 -0.0013272 0.003396 0.0055352 0.076407 0.0139 0.07722 0.014864 0 0 0 0
0.00012611 -0.0016337 0.001036 0.0019608 0.066074 -0.0068327 0.068973 0.0077093 0.0033398 -0.002411 0.0033398 0.002411 0 0 0 0 0.0038122 0.0054917 0.0083429 0.0088618 0.4758 0.14633 0.48763 0.35836 0.013652 0.011285 0.021423 0.0231 -7.3652e-05 -0.00018272 0.00013947 0.00018272 -0.016991 0.013809 0.01863 0.016515 0.38503 0.015157 0.40434 0.17554 -0.020543 -0.030646 0.030947 0.038678 -0.0027319 -0.033026 0.0079642 0.033952 -0.00014383 0.00024881 0.00076093 0.00085089 0.041755 -0.064079 0.045383 0.064422 -0.036771 -0.071659 0.037188 0.072491 0.0015882 -0.00265 0.0019061 0.0038508
0.0025793 -0.0022441 0.0029953 0.0043947 0.005971 0.0079239 0.06051 0.087021 0.08846 -0.072659 0.08846 0.072659 0.0054308 -0.0031933 0.0054308 0.0031933 0.0011492 0.00541 0.0066468 0.01188 0.099493 -0.085545 0.22188 0.22888 0.26718 -0.094002 0.42262 0.1885 0.10885 -0.015115 0.10885 0.01838 0.0042095 0.016328 0.0093316 0.024354 -0.0063276 0.14176 0.12175 0.21404 0.37308 0.13014 0.43768 0.23532 0.090774 0.029852 0.090924 0.029937 -0.00041797 -0.0072325 0.00068409 0.0072988 -0.0012682 -0.029602 0.0087863 0.03192 0.094255 0.029043 0.094255 0.0295 0.0019529 0.00072823 0.0019978 0.000781
-0.0027022 0.00124 0.0027022 0.002735 0.0015949 0.016707 0.0070615 0.02155 0.12327 -0.1136 0.12327 0.11988 0.0004344 -0.00075693 0.00047163 0.00075693 -0.026085 0.013765 0.026139 0.048755 -0.058414 -0.073461 0.080904 0.23004 0.19908 0.15454 0.35451 0.41074 0.07385 -0.092314 0.15207 0.11373 -0.051089 0.026409 0.051201 0.030799 -0.077514 0.20512 0.10344 0.33747 0.15989 -0.13324 0.32427 0.33063 -0.037503 -0.016226 0.058172 0.045641 -0.016284 0.015583 0.016284 0.015583 -0.039454 0.057055 0.039556 0.07504 -0.0013284 0.025633 0.038283 0.041327 -0.0041047 -0.0010605 0.0050294 0.0026673
0.004158 -0.0024628 0.0046467 0.0027229 0.018902 -0.032882 0.065446 0.049253 -0.012312 -0.019275 0.030774 0.036079 -0.00072112 -0.00324 0.0040436 0.004713 -0.0081219 0.017551 0.012711 0.019802 0.10075 -0.065137 0.12224 0.18558 0.24372 0.15293 0.25479 0.2659 -0.011009 0.089846 0.047034 0.099599 -0.002003 0.0024123 0.0022738 0.0029352 -0.0037601 0.044921 0.012519 0.047897 0.57163 -0.022155 0.57662 0.12193 0.0010449 0.00074367 0.003844 0.0042134 0.00010808 -2.3074e-06 0.00031333 0.00043999 -0.0021164 0.0036369 0.0088826 0.0078879 0.029068 -0.031189 0.038906 0.050278 0.011152 -0.0075399 0.011316 0.0082152
0.0059642 -0.0037181 0.0062939 0.0038348 0.0079646 -0.0056506 0.0097141 0.012191 -0.011979 0.011957 0.024049 0.037722 0.0032211 0.0041697 0.0059013 0.0095843 0.024924 0.033637 0.027082 0.040215 -0.12827 -0.11465 0.23246 0.20674 0.22719 -0.09993 0.28252 0.19499 0.023486 0.038517 0.10709 0.086244 -0.0061679 -0.0082763 0.011471 0.020661 -0.23969 0.021316 0.24402 0.086169 0.43609 0.026666 0.49711 0.27068 0.0047099 -0.037606 0.067507 0.1083 0.00014546 8.5502e-05 0.00046091 0.0014593 -0.0019798 0.0030837 0.0043286 0.0052288 0.046611 0.046534 0.059246 0.055041 -0.0085724 0.01639 0.0089547 0.019147
-0.0016964 0.0065879 0.0028846 0.006847 -0.0048157 0.005632 0.053776 0.032812 0.022534 0.00066328 0.074082 0.03219 0.0033342 -0.0027797 0.0035854 0.0037893 0.0015027 0.0087003 0.0042401 0.0087003 0.017062 0.097364 0.49005 0.29868 0.034304 0.086687 0.35923 0.19403 -0.0048111 0.006109 0.028556 0.019852 -0.027275 -0.027059 0.032318 0.03278 0.3019 -0.094526 0.55361 0.11575 -0.1101 0.021285 0.15934 0.041885 0.0088919 0.0084248 0.026399 0.010715 -0.00071587 -0.0014413 0.0025779 0.0017332 0.056436 -0.0056005 0.065398 0.0089785 -0.0079778 0.005955 0.024141 0.0094088 0.0089326 0.0041106 0.011277 0.0051306
-0.0018447 0.0015034 0.0019407 0.0017596 0.012223 0.011025 0.013173 0.011946 0.044078 0.044173 0.044089 0.044197 -0.004854 0.0087485 0.005537 0.0096523 -0.015288 0.0092069 0.018231 0.014953 0.044767 0.014255 0.1135 0.10543 0.46962 -0.016787 0.46962 0.18444 -0.0017626 0.0023607 0.0020178 0.0023607 -0.0049281 0.0013484 0.011693 0.043874 0.019773 0.022312 0.1112 0.10461 0.45789 0.047542 0.48896 0.053904 0 0 0 0 -0.00067751 -0.0004146 0.0010825 0.0011842 0.020272 0.016486 0.022382 0.017659 0.052876 0.028311 0.052876 0.028419 0 0 0 0
-0.01941 -0.0050948 0.023942 0.005239 -0.019952 -0.025834 0.06313 0.033149 0.019785 -0.013204 0.01984 0.015887 -0.0077636 -0.001658 0.0090141 0.0022955 -0.0048222 -0.020222 0.028217 0.025114 -0.25576 -0.12535 0.299 0.12598 0.34564 -0.023897 0.38681 0.14759 -0.04788 0.026151 0.059811 0.047319 -0.06993 -0.025674 0.093272 0.030641 0.033285 0.24139 0.2099 0.34012 0.17826 0.096828 0.36607 0.28534 0.029953 0.0019029 0.072284 0.06415 0.00252 0.0025235 0.0075692 0.0094929 -0.0021745 -0.01429 0.007642 0.015974 -0.006917 -0.0096347 0.021817 0.018117 0.0033647 -0.0091174 0.0048747 0.010963
-0.0036066 0.0043361 0.003838 0.0043615 0.0050859 0.0078577 0.02266 0.033153 0.005039 -0.016136 0.041683 0.030949 0.020116 0.0084291 0.020116 0.010373 -0.1569 0.011899 0.15716 0.076902 -0.16653 -0.18248 0.41882 0.5147 0.081057 0.01543 0.26891 0.18732 0.13053 -0.029111 0.13053 0.030119 -0.21633 -0.046846 0.21633 0.046846 0.058277 -0.011435 0.15504 0.16916 0.12359 0.039873 0.19604 0.12854 0.14506 0.045684 0.14506 0.045732 -0.007849 -0.0054627 0.008099 0.0061246 0.022029 -6.3831e-05 0.022426 0.022087 0.062375 0.033296 0.082999 0.039729 0.0059655 0.0037193 0.0059655 0.0037193
0.0020059 0.00060895 0.0024014 0.0034653 0.070581 -0.025383 0.073926 0.028705 0.014372 -0.0073555 0.014372 0.0073555 0 0 0 0 0.00029618 0.0014353 0.0017794 0.001998 0.13348 -0.047552 0.13348 0.050447 0.47599 -0.06375 0.47599 0.06375 0 0 0 0 -0.00029531 0.00013116 0.0064535 0.0034178 0.15358 0.042701 0.15534 0.046034 0.45321 0.070901 0.45321 0.075622 0 0 0 0 0.0008894 0.00039189 0.0017907 0.0010755 0.077167 0.013675 0.0773 0.014516 0.0096394 0.0055906 0.0096394 0.0059862 0 0 0 0
-0.0011411 0.0044857 0.0017803 0.0064977 -0.00077981 0.011027 0.016617 0.027915 0.073387 -0.015971 0.073961 0.017838 0 0 0 0 0.0084826 -0.022043 0.012527 0.048388 0.074091 -0.057764 0.13223 0.23084 0.43552 0.012795 0.47866 0.068624 0.00027042 -8.2317e-05 0.0004567 0.00021133 0.0075067 0.0046872 0.0075067 0.0052796 0.11234 -0.010188 0.11234 0.051872 0.46528 0.00052458 0.46528 0.106 0.00056234 9.314e-05 0.00056234 9.314e-05 0.00078267 -6.8528e-05 0.00078267 0.00020442 0.007851 -0.005192 0.007851 0.005192 0.050295 -0.040874 0.050295 0.04101 0.0018773 -0.0019919 0.001913 0.0019961
-3.5431e-05 0.00041632 0.0013855 0.0013249 0.01443 -0.0043532 0.014853 0.0066087 0.06455 -0.016904 0.06455 0.016904 0 0 0 0 0.0007114 0.00052424 0.0015161 0.0011727 0.024269 -0.0061051 0.024269 0.010399 0.47748 -0.065694 0.49685 0.071134 0.000223 -0.000223 0.000223 0.000223 0.0016033 0.00058625 0.0022715 0.0014013 0.014236 0.0020534 0.017475 0.014354 0.48057 0.08091 0.49769 0.095933 0.0023308 -0.00013994 0.0023308 0.00060708 0.0002983 -1.9754e-05 0.00072817 0.00043834 0.013323 0.0049224 0.014178 0.0051655 0.066237 0.018211 0.066326 0.019101 1.621e-05 7.2458e-05 1.621e-05 7.2458e-05
0.00038287 -0.00067068 0.0005896 0.00090453 0.023357 -0.017671 0.025492 0.025746 -0.0090581 0.0086418 0.0098075 0.010019 0.0082086 0.0035565 0.0094054 0.0036898 0.0011788 -0.0047694 0.0030516 0.0066003 0.048973 -0.085822 0.058715 0.091078 0.1557 -0.059482 0.32798 0.14166 0.15716 0.05752 0.15824 0.05836 0.00012838 0.0030188 0.0047356 0.021933 0.0039053 0.045169 0.016757 0.17141 0.5233 0.18412 0.56867 0.2197 0.039241 0.021925 0.039241 0.022024 -0.0017135 0.01128 0.0017135 0.011607 0.030477 0.086933 0.030619 0.090104 0.077519 0.095709 0.077572 0.095709 9.7678e-05 2.1853e-05 9.7678e-05 2.1853e-05
0.0011314 0.0030871 0.0091943 0.013698 0.0070495 0.0099319 0.016266 0.025871 -0.0012107 0.0030319 0.0079129 0.012164 -0.00040452 -0.0071929 0.0067074 0.0081935 -0.06111 -0.020989 0.075852 0.033686 0.074385 -0.38785 0.092019 0.38785 0.22636 -0.16424 0.31174 0.18249 -0.076044 0.020075 0.083103 0.037951 -0.071146 -0.0037473 0.071146 0.014563 0.00010771 0.050378 0.037391 0.13892 0.43465 0.061749 0.44778 0.098552 -0.045572 -0.002252 0.0469 0.0053291 -0.0061351 -0.00021465 0.0070105 0.0015769 0.0072949 0.027792 0.0094527 0.031559 0.048409 0.01754 0.056548 0.019245 -0.0038577 -0.00072617 0.0043566 0.00084317
0.0007933 0.00053838 0.00089378 0.00057411 -0.0025572 -0.0017795 0.0032547 0.0024835 0.0040739 0.0014348 0.01201 0.0048266 0.00090043 0.0004835 0.0020763 0.00084311 -0.00099594 -0.006487 0.0054124 0.0078749 -0.077549 -0.11408 0.087449 0.11408 0.23525 0.14771 0.28842 0.20173 0.031593 0.073436 0.037851 0.073436 -0.025997 -0.0059182 0.028218 0.0097544 0.010912 -0.025887 0.038255 0.046705 0.60057 -0.01608 0.60157 0.10449 0.001927 0.0025194 0.0021364 0.0035237 -0.0043944 0.00015422 0.0047598 0.0013033 0.0025426 0.0086925 0.008901 0.016285 0.03464 -0.02833 0.043786 0.032635 0.010854 -0.0095747 0.010854 0.0095977
-0.00055067 8.5984e-05 0.00060697 0.00044461 0.072756 -0.013047 0.073603 0.015626 0.00017145 0.00044789 0.00026038 0.00050216 0 0 0 0 0.001777 -0.0053611 0.0072619 0.0083582 0.48871 0.06894 0.49778 0.11233 0.0048522 -0.0033757 0.0048522 0.0033757 0 0 0 0 0.0094893 0.0056113 0.010926 0.0094719 0.45491 0.053079 0.46337 0.23861 0.011089 -0.0042516 0.026367 0.019785 0 0 0 0 0.0074406 0.00082558 0.010387 0.0045378 0.026477 -0.00066623 0.027215 0.0074641 0.00027885 0.00033291 0.00075865 0.0017483 -3.1422e-06 -4.9707e-05 3.6403e-05 5.0392e-05
0.0029862 -0.00054792 0.0034677 0.0023862 0.077712 -0.020513 0.080967 0.024752 0.0056175 -0.004296 0.0056175 0.0044208 0 0 0 0 0.0078551 -0.010877 0.0086063 0.051064 0.17546 -0.010933 0.21624 0.17175 0.42906 -0.053037 0.42906 0.054407 0 0 0 0 0.012685 -0.0011033 0.012685 0.0083182 0.27029 -0.019653 0.27286 0.15031 0.39489 0.055913 0.39489 0.064927 0 0 0 0 0.0012375 0.00048592 0.0012375 0.00048972 0.033651 -0.016462 0.033651 0.016921 0.061942 -0.028832 0.061942 0.028832 0 0 0 0
0.00045399 0.00056835 0.00058177 0.0026493 0.013926 -0.0080178 0.016235 0.013321 0.061762 -0.012428 0.064929 0.015221 0 0 0 0 0.0066543 -0.012354 0.0070577 0.014185 0.10371 -0.089308 0.11213 0.24388 0.40769 -0.01029 0.41956 0.13462 0 0 0 0 0.0048687 0.0039729 0.0060789 0.0039729 0.080355 0.039843 0.080355 0.041957 0.49442 -0.029836 0.49442 0.16754 0.00011421 -2.0743e-05 0.00011421 0.00011421 0.0010114 0.00031565 0.001155 0.00031565 0.0063577 0.0010187 0.0063577 0.001744 0.0457 -0.018357 0.0457 0.018357 0.0022734 -0.0011311 0.0022734 0.0011311
0.00091517 0.0018953 0.001143 0.0018953 0.0005674 0.008629 0.0055054 0.0097193 -0.0073431 0.0036221 0.066872 0.061672 -0.0010624 0.00052456 0.0079408 0.0034047 0.0042011 0.0042542 0.0062396 0.0059749 -0.22531 -0.2056 0.27098 0.24297 0.3142 0.022014 0.49073 0.20295 -0.034135 0.0049393 0.044287 0.0098192 -0.025616 -0.030844 0.043552 0.040577 -0.051581 -0.082327 0.13489 0.11403 0.36726 -0.042857 0.42971 0.079362 -0.018956 0.0087393 0.029575 0.010384 -0.0049126 0.002258 0.0083294 0.0025394 0.008887 0.004618 0.012202 0.0059537 0.048051 0.0067257 0.057628 0.017087 0.0014439 0.0014206 0.0075467 0.0039021
-0.0046214 -0.0035365 0.010848 0.0084928 -0.015423 -0.073494 0.022761 0.073494 0.048959 -0.013772 0.073805 0.025747 -0.00068698 0.003019 0.0012471 0.0040186 -0.11307 0.021964 0.11406 0.023476 -0.0012613 -0.0010408 0.039673 0.13737 0.43432 -0.071875 0.50746 0.092314 -0.023126 0.0023686 0.025165 0.007344 -0.166 0.010019 0.16734 0.031411 0.16424 0.24842 0.182 0.25776 0.25697 0.17531 0.29043 0.18876 -0.044266 -0.00081447 0.05713 0.010825 -0.014513 0.0020237 0.01609 0.0029108 0.030334 0.027301 0.030418 0.027613 -0.005166 0.0061556 0.011161 0.0098286 -0.0027171 0.00019425 0.0052534 0.0030827
0.0017232 -0.0030138 0.0027643 0.0034792 0.0045804 -0.0056075 0.012229 0.010726 0.070924 -0.0058867 0.070924 0.0068855 0 0 0 0 0.0025809 0.00237 0.0040847 0.016591 0.098221 -0.027333 0.12039 0.077099 0.43878 -0.01547 0.46253 0.031749 0 0 0 0 0.012402 -0.0093819 0.012413 0.019062 0.09498 0.0067283 0.16438 0.25468 0.45133 0.060685 0.46946 0.079092 0 0 0 0 0.0012149 0.0009588 0.0012149 0.0009588 0.02055 0.008862 0.02055 0.010283 0.076921 0.030206 0.076921 0.033861 0 0 0 0
-0.0039101 0.00026181 0.0054041 0.0075747 0.011237 0.0054478 0.013657 0.029465 0.065737 -0.012881 0.067312 0.015234 0 0 0 0 -0.060114 0.011893 0.06344 0.028495 0.08977 -0.087663 0.091759 0.14868 0.43342 -0.022508 0.43342 0.16923 0.00020618 1.888e-05 0.00020618 0.00020618 -0.08143 -0.0052756 0.08143 0.0077673 0.081623 0.046671 0.081623 0.046671 0.4844 -0.022153 0.4844 0.15619 9.8487e-05 -9.8487e-05 9.8487e-05 9.8487e-05 -0.0082177 -0.00068003 0.008289 0.0011021 0.0097847 0.0020397 0.0097847 0.0057775 0.043198 -0.010868 0.043198 0.016536 0.0031326 -0.0012459 0.0031326 0.0012459
0.00074533 -0.00042855 0.0009861 0.00076475 0.0021496 -0.0016134 0.011577 0.0041843 0.078076 -0.014096 0.078076 0.016411 0.00026537 -0.00017591 0.00026537 0.0002279 0.003127 0.00049121 0.012265 0.013494 -0.016959 -0.010433 0.067258 0.025298 0.5169 -0.039174 0.5169 0.11172 0.0062785 -0.00082296 0.0062785 0.00222 0.013748 0.0072393 0.015795 0.0088049 0.0035606 -0.0022515 0.071581 0.03573 0.45425 0.0076973 0.45425 0.086264 0.010667 -0.00071161 0.010673 0.0041486 -0.0007864 -0.00061602 0.0014035 0.0011156 0.015148 0.0073081 0.017163 0.0086258 0.048357 -0.0009838 0.048357 0.006431 0.0021898 3.9459e-05 0.0021957 0.00043418
-0.0092017 -0.0018838 0.0092806 0.002002 -0.0026759 -0.016075 0.0073902 0.016192 0.00066116 -0.0073959 0.0084466 0.013472 0.00027418 -0.000274 0.001614 0.0042927 -0.051923 0.0016291 0.052488 0.023891 0.029109 0.025396 0.070515 0.15707 0.070265 0.099831 0.12832 0.18161 0.039608 0.096877 0.072794 0.099996 -0.028276 -0.0075441 0.028276 0.0075441 -0.038388 0.017292 0.039239 0.026156 0.56977 0.13621 0.60288 0.38503 -0.00086468 0.0051389 0.0042857 0.0051389 -0.0027595 -0.0026612 0.0028377 0.0026612 0.0040241 -0.014083 0.0052044 0.019269 0.060682 -0.01836 0.067414 0.035484 0.00016493 -8.5865e-05 0.00016493 8.5865e-05
7.7423e-05 0.00095403 0.0010155 0.0010052 0.055736 0.0041163 0.059281 0.011497 -0.0030335 -0.0091958 0.018387 0.021263 0.014515 0.017997 0.016551 0.018418 -0.012601 0.02076 0.012751 0.02076 0.30731 0.048186 0.38437 0.099371 0.2901 0.0028738 0.4148 0.10223 0.034492 0.018161 0.036001 0.030745 -0.0017633 0.0095858 0.0029922 0.0097428 0.09882 0.030886 0.39226 0.21074 0.24892 -0.068536 0.34852 0.19574 0.10814 -0.01283 0.10879 0.02211 6.6038e-05 0.00026807 0.00036346 0.00031543 0.0044331 0.0065304 0.010944 0.007177 0.047769 0.01204 0.047769 0.01323 0.011266 0.001121 0.011266 0.0021427
0.00012548 0.0047877 0.003742 0.0047996 0.0029243 0.022998 0.0077991 0.023055 -0.0023615 -0.0024637 0.065876 0.046488 -0.0019625 0.0015125 0.0068987 0.0030306 0.0046496 -0.0026752 0.014129 0.0081617 -0.20077 -0.22049 0.24396 0.26528 0.25333 0.011325 0.53066 0.15537 -0.00082368 0.0056567 0.020157 0.0094262 -0.006954 0.0029657 0.050989 0.032056 -0.087107 -0.073292 0.19936 0.12946 0.37817 0.0015754 0.40934 0.073632 0.013223 0.030969 0.048052 0.034835 -0.002245 -0.00065368 0.0058058 0.0018977 -0.016628 0.016143 0.024151 0.016591 0.048671 -0.0012623 0.060542 0.010496 0.022846 0.005421 0.022846 0.0097635
-0.00030438 3.1196e-06 0.00040933 0.00011823 0.0045372 -0.0050838 0.03518 0.0066206 0.065407 -0.016536 0.069696 0.016632 0.00017506 -0.0001173 0.00017506 0.0001173 -0.0030394 -0.00015403 0.0032699 0.0010557 -0.0049688 0.0085495 0.20002 0.026897 0.4296 -0.025531 0.5164 0.065803 0.003205 -0.00026516 0.0033789 0.002558 -0.00064089 0.00028634 0.00064089 0.00045524 -0.05585 0.029123 0.087886 0.054772 0.4779 0.045525 0.47884 0.082931 0.0013279 0.00078272 0.0014483 0.0021687 -1.8799e-05 -1.6355e-05 4.0543e-05 6.9918e-05 0.001953 0.0011588 0.014331 0.0077325 0.067454 0.02195 0.068814 0.023076 0.0007029 -0.00028492 0.0007029 0.00048674
0.00020797 -0.00085428 0.00045929 0.0012469 0.046269 0.01046 0.046577 0.012331 0.11195 0.026374 0.11621 0.027882 0.00046651 -1.0451e-05 0.00050507 0.00041693 -0.0057937 0.010053 0.011723 0.017144 0.30649 0.035492 0.30649 0.0596 0.24302 -0.30694 0.37966 0.33097 0.1085 -0.11032 0.1085 0.11037 -0.02122 0.032469 0.021692 0.03276 0.081565 0.041461 0.34936 0.18883 0.054387 -0.062065 0.29467 0.17017 0.055007 -0.032056 0.060809 0.04154 -0.0014645 -0.0012574 0.0017827 0.002118 -0.015214 -0.023156 0.041547 0.070737 0.022096 0.02303 0.088888 0.046532 0.0014688 -0.00040638 0.002021 0.0015071
0.00019007 -5.9977e-05 0.00035238 0.00019691 0.013668 0.0055495 0.022564 0.0058791 -0.013227 0.0029436 0.039454 0.0061685 -0.0033873 -2.4336e-05 0.0041598 0.00096091 0.012732 -0.015483 0.032944 0.01574 0.13952 0.026157 0.18496 0.044564 -0.086698 0.049431 0.33689 0.084644 -0.026154 0.005961 0.044297 0.015796 -0.0010697 -0.010889 0.035377 0.010889 0.28621 -0.08521 0.28958 0.11821 -0.027452 0.21661 0.61088 0.3706 0.045827 0.083144 0.07312 0.087757 -0.0015697 -0.00091995 0.0018599 0.00091995 0.028563 -0.01048 0.030049 0.015067 0.11909 0.028468 0.11925 0.076041 -0.00011495 0.00033636 0.00049028 0.00065792
