-0.0016604 6.9495e-05 0.0025895 0.00026323 -0.0020099 0.0025483 0.0063372 0.0030092 0.0046083 -0.0040417 0.014754 0.0053296 0.0011404 -0.00040283 0.0015753 0.00076186 -0.0011545 -0.004006 0.0032176 0.004102 0.16402 0.16417 0.1975 0.19251 -0.17077 0.17254 0.20855 0.18612 0.015282 0.00019194 0.016255 0.0033646 -0.00099958 0.00193 0.0022323 0.001949 0.43581 -0.073437 0.43933 0.075484 -0.39716 0.04941 0.40292 0.050146 0.012868 0.0011111 0.013228 0.0025125 1.1946e-05 0.00010491 0.00077064 0.00020777 0.060179 -0.0067601 0.063378 0.0077144 -0.042186 0.0065624 0.054625 0.01101 0.0008696 6.1619e-05 0.00092699 0.00050704
-0.0014283 0.00070324 0.0014429 0.001937 0.049354 -0.00072896 0.050073 0.017823 0.022968 0.0049616 0.022968 0.0074025 -0.00027064 -0.00039735 0.00028032 0.00039808 -0.00010256 -0.0061952 0.0057494 0.0068016 0.4651 0.096719 0.48026 0.10913 0.0045173 0.0013289 0.004758 0.004532 -0.038877 -0.019777 0.039666 0.019877 -0.00063485 -0.0022008 0.004018 0.0049372 0.22536 -0.16151 0.23751 0.21215 0.092536 -0.38611 0.13133 0.39356 -0.063591 -0.035487 0.074536 0.039171 0.0013566 0.00085525 0.0015148 0.00095825 -0.0018409 -0.0064349 0.0083637 0.022589 -0.0024735 -0.0039356 0.0073392 0.0090788 0.0016117 -0.0013988 0.001998 0.0014848
0.00036306 -0.00021772 0.00060501 0.0011972 0.053982 0.018032 0.056962 0.021762 0.017889 0.0069365 0.017889 0.0069365 0 0 0 0 -0.00039679 -0.0022453 0.0041244 0.0028441 0.4723 0.079057 0.48103 0.092784 0.0049969 -0.00244 0.0062097 0.0046321 -0.00055092 -0.00051291 0.00055092 0.00051291 0.0062998 -0.0019618 0.0072438 0.0060794 0.22659 -0.16182 0.23543 0.23666 0.097993 -0.37705 0.12134 0.40395 0.0046816 -0.039942 0.02299 0.039942 0.0021205 7.1782e-05 0.0021213 0.0016744 0.0019395 -0.002212 0.0065429 0.012982 -0.0060723 -0.0033477 0.0068277 0.0053074 -2.4976e-05 -0.00019848 0.0010883 0.0011211
0.00076725 -0.0011321 0.002487 0.0014536 0.060253 0.0020837 0.066898 0.0096843 0.0031659 0.012109 0.0039676 0.012287 1.1879e-05 0.0015921 0.00029516 0.0015921 0.0011432 0.0021672 0.0087066 0.0056439 0.46762 0.078344 0.49166 0.099625 0.0049065 -0.0012061 0.0049065 0.0032618 0 0 0 0 0.0010058 -0.0091058 0.0041857 0.0094206 0.23414 -0.15897 0.24128 0.25461 0.098909 -0.36811 0.10561 0.38843 0.0060459 -0.041266 0.0062205 0.041266 0.0015162 0.00296 0.0020096 0.0036708 0.0023645 0.010224 0.0073803 0.014 -0.0045252 0.0097868 0.0082466 0.010483 0.00078076 0.0013095 0.00083139 0.0013169
-0.0015636 0.0012475 0.0015711 0.0013645 0.022072 0.0303 0.02972 0.030481 -0.0027255 0.11357 0.0052989 0.11494 0.00036305 0.014845 0.0018253 0.014915 0.007211 0.0016502 0.014723 0.011776 0.46251 0.061948 0.48296 0.1013 0.0030676 0.0044728 0.0045292 0.0056497 -0.0006554 0.004484 0.00090902 0.004484 0.0013816 -0.0057835 0.0053492 0.014859 0.22922 -0.12838 0.24023 0.27129 0.1125 -0.35573 0.12363 0.38722 0.015458 -0.031794 0.015479 0.032178 0.00061253 0.00090683 0.00090014 0.0032104 0.0042086 -0.0082386 0.0086321 0.014404 -0.0019351 0.0053131 0.011479 0.013725 0.0055168 0.0026677 0.0058752 0.0031368
-0.0012395 6.579e-05 0.0012395 0.0005421 0.069304 0.0052408 0.0724 0.0057391 5.0638e-05 -9.9515e-05 0.00046527 0.00012249 0 0 0 0 -0.0092275 0.0010631 0.0092275 0.0012517 0.47334 -0.0010668 0.4983 0.053548 0.0022965 -0.0032977 0.0067274 0.0087351 0 0 0 0 -0.0057463 -0.011848 0.0061698 0.012284 0.26392 -0.079365 0.28011 0.34465 0.21501 -0.10172 0.21739 0.3585 0 0 0 0 -0.00063952 0.0030025 0.00063952 0.0031228 0.061994 0.014388 0.064258 0.014941 0.0024462 0.002784 0.0025898 0.002967 0 0 0 0
-0.0013203 0.00046402 0.0013203 0.00046554 0.047926 -0.014568 0.048929 0.014874 0.00071038 -0.00050236 0.00071038 0.00052626 0 0 0 0 -0.013372 -0.011971 0.013372 0.016015 0.34792 -0.030787 0.38362 0.40633 0.16131 0.026676 0.16131 0.1174 0 0 0 0 -9.1454e-05 0.01911 0.0092101 0.021505 0.44639 -0.099625 0.49275 0.15909 0.057106 -0.021294 0.057106 0.02254 0 0 0 0 -0.0012571 0.00018241 0.0015123 0.00041983 0.011489 -0.0023862 0.027848 0.0088216 0.056404 -0.011356 0.056404 0.011356 0 0 0 0
-0.001503 -0.00048933 0.001503 0.00059406 0.032389 0.0027257 0.043963 0.0070477 0.03694 0.0064723 0.03694 0.0064723 0 0 0 0 -0.012057 -0.00024746 0.012106 0.0027562 0.45274 0.091262 0.49979 0.098294 0.020374 0.0091443 0.023167 0.01824 0 0 0 0 -0.0044529 -0.010166 0.0061838 0.024025 0.31877 0.0097029 0.33147 0.47859 0.16087 -0.027467 0.16087 0.14321 0 0 0 0 -0.0017697 -0.0005432 0.0017697 0.00061323 0.049315 0.012404 0.050643 0.012978 0.00047827 0.00060895 0.00062161 0.00060895 0 0 0 0
0.0019775 -0.00033914 0.0023138 0.00036426 0.04921 -0.0068706 0.04921 0.0069002 0.00039849 -0.00089085 0.0007235 0.00091086 0 0 0 0 0.00069085 -0.0038287 0.010617 0.018456 0.28898 -0.026131 0.36188 0.43975 0.16075 0.028031 0.16164 0.11525 0.00015729 7.2169e-06 0.00015729 0.00015729 -0.0033749 -0.0006372 0.0043944 0.0028702 0.5004 -0.073572 0.5004 0.074324 0.0093732 -0.0027922 0.0093732 0.0053439 0 0 0 0 -0.00082997 0.00023764 0.00087271 0.00027444 0.058037 -0.013014 0.058095 0.013058 0.020953 -0.006114 0.020953 0.0064105 0 0 0 0
-0.00011983 -0.00023444 0.00037828 0.0003188 0.038967 0.01102 0.04024 0.013106 0.039505 0.0081974 0.039505 0.0084319 0 0 0 0 -0.0065856 0.0089967 0.0079521 0.013779 0.47729 0.12201 0.48061 0.12392 0.033143 0.013581 0.033357 0.015556 0 0 0 0 0.0071543 -0.007906 0.01093 0.012553 0.30669 0.023321 0.39876 0.44983 0.12565 -0.021625 0.12593 0.092287 0 0 0 0 0.0025144 0.00065906 0.002718 0.00082851 0.043896 0.014183 0.043896 0.014225 0.00027998 0.0014803 0.00076655 0.0014803 0 0 0 0
0.0028731 0.00018272 0.0032523 0.0007326 -0.010364 0.0038114 0.015059 0.0039028 0.067895 -0.0021446 0.067895 0.0022519 0 0 0 0 0.028658 -0.0053094 0.029688 0.014537 -0.095445 -0.052162 0.12764 0.089236 0.45112 -0.16216 0.45112 0.16216 0 0 0 0 0.0043623 0.00087566 0.0077145 0.0099977 -0.024212 0.041675 0.10267 0.17807 0.4442 0.14345 0.4442 0.15677 0 0 0 0 -0.0007511 0.00049304 0.001603 0.0014231 -0.00070855 0.0016798 0.018775 0.021084 0.060523 -0.00083921 0.060523 0.0093388 0 0 0 0
0.00086678 0.0024819 0.0015247 0.0025108 -0.013097 0.00089356 0.013097 0.0030697 0.065344 -4.3556e-05 0.065344 0.0047165 0 0 0 0 0.011044 -0.01047 0.01348 0.013536 -0.093862 -0.03581 0.09762 0.055178 0.43586 -0.20238 0.43618 0.21115 0 0 0 0 0.010353 -0.0031797 0.010459 0.025776 -0.048536 0.036626 0.061029 0.15929 0.43663 0.1826 0.43663 0.21363 0 0 0 0 0.0022082 -0.00055123 0.0022291 0.0010825 -0.010569 -0.0019876 0.012834 0.005241 0.062164 0.0036589 0.062164 0.0050856 0 0 0 0
-0.0014712 0.0011528 0.0095159 0.00126 0.019777 -0.0011322 0.035912 0.0052942 0.0013837 0.0049905 0.028085 0.0067323 0.011819 0.00017455 0.015593 0.0016102 -0.022569 -0.0083262 0.027049 0.018955 0.33778 0.17641 0.35274 0.20088 -0.10101 0.1669 0.20539 0.17002 0.089802 0.0042558 0.11881 0.010579 -0.022005 -0.0019486 0.022316 0.012427 0.34401 -0.19281 0.34401 0.2094 -0.10226 -0.24766 0.2136 0.28919 0.094151 -0.015299 0.12703 0.026615 -0.0047102 0.0022307 0.00594 0.0032335 0.0099609 0.00049931 0.011959 0.035283 0.0042731 0.03206 0.021771 0.063466 0.01585 0.0123 0.017813 0.012423
-0.00056597 -4.2693e-05 0.00076187 0.00026083 0.065433 -0.0068965 0.065433 0.0073334 0.00012756 -0.0002172 0.00012756 0.00026646 0 0 0 0 -0.0067653 -0.003025 0.0096558 0.01862 0.41747 -0.011008 0.42213 0.27991 0.070716 0.010561 0.070716 0.054453 0 0 0 0 -0.003561 0.00041638 0.0047637 0.0010749 0.50896 -0.037869 0.52246 0.038447 0.0032463 -0.00083259 0.0032463 0.0019142 0 0 0 0 -0.00046689 -5.061e-05 0.00050351 0.0001949 0.075551 -0.0045842 0.077967 0.0047758 0.00081877 -0.00022439 0.00081877 0.00022439 0 0 0 0
-0.00083769 0.00035745 0.0008787 0.00093144 0.073816 0.009876 0.076723 0.01158 0.0035453 0.0010223 0.0035453 0.0011473 0 0 0 0 -0.0023725 -0.0020873 0.0045626 0.0044569 0.51072 0.045064 0.52014 0.05432 0.0052822 0.0015544 0.0058187 0.0022649 0 0 0 0 -0.0069298 0.0017377 0.0098061 0.024815 0.40393 0.020391 0.41755 0.29767 0.080059 -0.011386 0.080059 0.055096 0 0 0 0 -0.00081091 -0.00010281 0.00087984 0.00019229 0.065207 0.0081753 0.065207 0.0085623 0.00011063 0.00022395 0.00011063 0.00027323 0 0 0 0
0.0017822 0.00020777 0.001875 0.001062 -0.013014 -0.00098585 0.013014 0.0039337 0.061633 0.0082752 0.066339 0.015975 0.00030877 0.0022317 0.00044726 0.0022531 0.010081 -0.016233 0.010081 0.023823 -0.081034 -0.048343 0.081609 0.11886 0.47166 -0.0035548 0.47783 0.16712 -1.5379e-05 5.7229e-05 5.7229e-05 5.7229e-05 0.012877 0.015787 0.012877 0.026631 -0.077847 0.056978 0.077847 0.070053 0.4596 0.0084949 0.48564 0.039905 0 0 0 0 0.0034776 0.0033067 0.0034797 0.0033654 -0.0064672 0.038114 0.015313 0.038114 0.051816 0.035716 0.053586 0.035837 0 0 0 0
6.8635e-05 -0.0039169 0.00078284 0.0077524 -0.00933 -0.0057669 0.010064 0.012701 0.00070701 -0.0005604 0.0017587 0.0045106 -7.2436e-05 -0.00029794 0.00022849 0.00058664 0.00054384 -0.0055777 0.0043027 0.017651 -0.0001109 -0.033161 0.017458 0.11719 0.37494 0.2472 0.42255 0.29736 0.0031348 0.092102 0.0085629 0.092505 0.0020993 0.0032391 0.00415 0.009045 0.0041603 0.038164 0.025449 0.11174 0.39465 -0.23168 0.41137 0.29589 -0.0081194 -0.091903 0.0088671 0.092499 0.00021767 0.0012224 0.00031241 0.0021578 -0.0034924 0.0025671 0.0046054 0.010159 -0.00014976 -0.0027887 0.00051853 0.0033443 1.5548e-05 -1.2047e-05 0.0001792 0.00022433
-0.0023821 -0.00021795 0.002423 0.0005184 0.014362 -0.0021441 0.017821 0.0058577 0.067879 -0.0013801 0.067879 0.0024028 0 0 0 0 -0.0082773 -0.0016452 0.011755 0.021516 0.10575 0.030723 0.16632 0.12887 0.42286 -0.17278 0.42286 0.19092 0 0 0 0 -0.0096572 -0.0021287 0.011699 0.0031819 0.11843 -0.035453 0.15365 0.04662 0.44171 0.17588 0.44171 0.19249 0 0 0 0 -0.0010901 -0.00018633 0.0010901 0.00026502 0.016549 0.00066544 0.022696 0.0018678 0.066634 0.0013324 0.066634 0.0024527 0 0 0 0
0.0012192 0.00068058 0.0012194 0.0013657 -0.013361 0.0012705 0.013594 0.0067009 0.063979 0.0031821 0.07095 0.0075604 6.6253e-06 1.7997e-05 6.6253e-06 1.7997e-05 0.0085998 -0.015763 0.0085998 0.019182 -0.085813 -0.040755 0.086254 0.089078 0.46659 -0.0022297 0.4956 0.13686 9.1753e-05 -9.1753e-05 9.1753e-05 9.1753e-05 0.015321 0.011944 0.015321 0.013489 -0.080803 0.048244 0.082254 0.050271 0.4572 0.010403 0.48989 0.03949 0.00054893 1.3527e-05 0.00054893 0.00036542 0.0032567 0.0048673 0.0032601 0.0048837 -0.0084111 0.044128 0.011906 0.044128 0.052273 0.041814 0.055865 0.041846 2.3143e-05 2.3143e-05 2.3143e-05 2.3143e-05
-0.001631 0.0012963 0.0016478 0.0012963 0.0024789 0.010824 0.01243 0.010853 0.005794 0.03803 0.016242 0.040008 0.00039715 0.011746 0.0015426 0.012008 -0.0091723 -0.010263 0.010183 0.013244 0.030422 -0.042933 0.093839 0.064349 0.42466 0.065013 0.5187 0.10178 0.00038093 0.01299 0.0014995 0.01299 -0.0062289 -5.971e-05 0.010557 0.011292 0.011912 -0.017112 0.049243 0.048755 0.48262 -0.082282 0.48321 0.18819 0.0047589 -0.010241 0.0047589 0.010241 -2.4528e-05 0.00031522 0.00015627 0.00042685 0.0082482 0.0049237 0.0088714 0.0097423 0.0075955 0.0051433 0.0094184 0.01834 0.0032901 -0.011463 0.0049164 0.012418
-0.00024615 0.0007298 0.0021919 0.00074535 -0.0009148 0.0094683 0.0095841 0.0097384 0.019871 0.076059 0.026184 0.077016 0.0014317 0.015848 0.0020211 0.015943 -0.0029502 -0.0059399 0.018561 0.0093945 0.00058409 -0.034598 0.061265 0.045589 0.45685 -0.011526 0.45756 0.050215 7.995e-05 0.00030627 0.00022413 0.00036069 0.0062037 0.0040678 0.014328 0.0063418 -0.016097 -0.02058 0.038268 0.052838 0.51378 0.048052 0.51443 0.077453 0.00041299 -0.00067588 0.00041299 0.00067588 0.00056366 -0.002308 0.00065473 0.0023583 0.003251 -0.0081493 0.0061125 0.013991 0.023495 -0.079834 0.024134 0.087961 0.0033163 -0.014337 0.0036057 0.014853
-0.00024474 -6.8706e-05 0.00043062 0.00011773 0.015191 -0.001891 0.016322 0.0034247 0.070976 -0.007809 0.071065 0.0080712 0.00018428 9.573e-05 0.00023928 0.00013749 -0.002312 -0.0019426 0.0033544 0.0029255 0.11162 -0.0018885 0.1229 0.031055 0.49187 -0.0071371 0.4922 0.073455 0.00093704 -0.00064103 0.0011001 0.00069485 -0.023237 0.011684 0.035233 0.031933 0.12599 0.054655 0.1619 0.17472 0.26162 -0.14719 0.42224 0.32811 0.034763 -0.031829 0.035128 0.043052 -0.00080364 -0.00081265 0.00090902 0.0010667 0.018068 -0.010483 0.018743 0.01111 0.046499 0.036238 0.057694 0.056267 0.005172 0.010383 0.0052442 0.010436
0.0013047 0.00054843 0.0063609 0.0008048 -0.00026383 0.0041608 0.0047352 0.0046305 0.049827 0.02455 0.06992 0.02455 0.00060362 0.0048035 0.00064111 0.0048162 0.014666 -0.0046859 0.028838 0.0062318 -0.012905 -0.041566 0.028752 0.061539 0.46781 -0.0029816 0.50125 0.027611 2.4201e-05 6.2592e-05 6.2592e-05 6.2592e-05 0.0083838 0.0022464 0.01797 0.016005 -0.010298 -0.02103 0.025163 0.060437 0.46977 -0.095421 0.47064 0.2337 0.0030811 -0.017739 0.0031102 0.018284 0.00021506 -0.00026484 0.00036392 0.00035464 0.0056194 9.5993e-05 0.0075876 0.010264 0.0084543 0.0043367 0.010694 0.013413 0.0014867 -0.0074436 0.0023338 0.008674
-0.001133 0.001737 0.0029865 0.0029345 -0.0049381 0.013804 0.011355 0.015424 0.0065584 0.011332 0.015217 0.015976 0.0017742 0.0082885 0.0020795 0.0099255 0.0038023 0.0019528 0.011107 0.0073501 -0.079264 0.020502 0.080888 0.04427 0.46351 0.11576 0.47115 0.18762 0.0030838 0.019495 0.0030964 0.019741 0.0046389 -0.005056 0.007296 0.010597 -0.076046 -0.0085369 0.076046 0.087417 0.47702 -0.0086348 0.47702 0.11288 8.5487e-05 8.5487e-05 8.5487e-05 8.5487e-05 0.0010839 0.0027616 0.0010839 0.0041353 -0.0078539 0.010855 0.0078539 0.010994 0.065954 -0.0041372 0.068991 0.0050703 0 0 0 0
-0.0036345 -0.0008177 0.003779 0.001376 -0.00036637 0.00090613 0.0034184 0.0018355 0.036469 -0.003406 0.038934 0.0055517 0.0015254 0.00098104 0.0019255 0.0014795 -0.016073 0.002345 0.017776 0.0079843 0.14447 0.24022 0.15765 0.2686 -0.047138 0.23905 0.2174 0.40691 0.0001853 -0.027568 0.015914 0.038574 -0.01407 0.0037806 0.017235 0.0056619 0.37273 -0.070929 0.3848 0.094563 -0.24649 -0.019889 0.41277 0.043343 -0.01856 0.00056992 0.031395 0.00333 -0.0034408 -0.00011558 0.0034432 0.0010935 0.051662 -0.0045499 0.052201 0.0067643 -0.028657 -0.0010886 0.057358 0.014839 -0.003562 0.00036167 0.0056508 0.0012587
-0.00060228 0.0035362 0.0011713 0.0036097 -0.0052823 0.0062699 0.0068533 0.0093611 0.072698 0.0060501 0.072795 0.010702 6.3275e-05 8.8774e-05 8.0185e-05 0.00012605 -0.010692 -0.00036973 0.010976 0.0049795 -0.059031 0.005058 0.059244 0.025398 0.48629 -0.041754 0.48668 0.1018 0.00024524 -7.6822e-05 0.00024524 7.6822e-05 -0.0087486 -0.0053405 0.010026 0.015147 -0.054369 -0.014327 0.060461 0.080869 0.477 0.038558 0.47821 0.12036 0.00092997 -0.00011498 0.00092997 0.00026862 -0.00057173 0.0031542 0.0011147 0.0037311 -0.0042853 0.0089304 0.00569 0.0096369 0.067513 -0.0053616 0.068823 0.010585 0.00019514 1.7488e-05 0.00019784 3.1484e-05
-0.00065646 0.0005366 0.00099853 0.00092637 0.00060831 -0.0020383 0.0059664 0.0033407 0.073288 -0.0024528 0.073288 0.0081479 4.7844e-05 -9.0821e-05 6.6658e-05 0.0001304 -0.0011442 -0.0059733 0.0053366 0.023794 0.0052821 -0.031233 0.091609 0.1458 0.32599 0.057656 0.40105 0.41077 0.041171 0.0034295 0.041171 0.02623 -0.00088094 -0.00052683 0.0036638 0.0024529 0.026782 -0.001923 0.071864 0.011568 0.49798 0.0088348 0.49858 0.033637 0.00019029 0.0010096 0.00038712 0.001212 -0.00020491 0.00010559 0.00031525 0.00023615 0.0054562 0.00052093 0.012351 0.0030446 0.072391 0.0058076 0.072391 0.0080838 9.8426e-05 1.577e-05 9.8426e-05 1.577e-05
-0.00021906 -0.0057161 0.00096007 0.0057161 0.010486 -0.055624 0.01055 0.055635 0.046176 -0.036291 0.046457 0.036675 1.5554e-05 6.5375e-06 1.5554e-05 6.5375e-06 -0.004932 -0.0033846 0.004932 0.0039762 0.024533 -0.027416 0.046429 0.027416 0.47436 0.010846 0.47436 0.061289 0 0 0 0 -0.002938 0.0040329 0.0047165 0.016636 -0.0090996 0.022354 0.038848 0.092377 0.49527 -0.0078744 0.49553 0.12929 8.3431e-05 -1.5153e-05 8.3431e-05 8.3431e-05 -0.00012531 -0.00032573 0.00070196 0.00049815 -0.000674 -0.0024577 0.0049106 0.002787 0.068338 -0.010525 0.068338 0.015953 -2.3434e-05 -0.0022245 0.00033602 0.0022245
-9.8996e-05 -0.0010409 0.0014069 0.0013795 -0.0079006 -0.0057028 0.0092411 0.008173 0.073334 -0.0041571 0.07369 0.0044971 8.1133e-05 9.1954e-06 0.00012015 7.6741e-05 -2.3078e-05 -0.0010985 0.0066449 0.015145 -0.028817 -0.007666 0.037714 0.10471 0.51452 -0.043135 0.51917 0.069282 0.00066227 -0.00013102 0.0013301 0.00058408 -0.0028291 -0.00084698 0.010105 0.0075904 -0.0052983 -0.0079064 0.023764 0.049852 0.43717 -0.099926 0.44114 0.18231 0.00139 -0.029183 0.0030454 0.029907 -0.00028942 -0.0012654 0.00075586 0.0012933 0.0015162 -0.0051211 0.0045131 0.007548 0.008509 -0.0017866 0.010032 0.010673 0.00045461 -0.0023975 0.00066327 0.0031355
-0.00044626 -0.00036231 0.00060897 0.00069261 0.0016135 -0.0022978 0.0062421 0.0076777 0.068689 0.0033043 0.068689 0.011082 0.00024801 -3.5746e-05 0.00024801 4.27e-05 -0.00093928 -0.0018316 0.0032646 0.003496 0.032248 0.00013403 0.059087 0.018754 0.48063 0.034096 0.48063 0.052442 0.00034382 0.0003048 0.00073551 0.00032775 -0.00031883 0.007121 0.009726 0.032853 0.029208 0.037418 0.13688 0.17678 0.35855 -0.063375 0.4385 0.36027 0.019928 -0.0049053 0.019928 0.013762 -2.3315e-05 -0.00022072 0.00032971 0.00025969 0.0099803 0.00036007 0.014467 0.0029023 0.065954 0.0191 0.068687 0.024598 0.00055422 0.00061355 0.00061146 0.00072701
0.0014645 0.00085835 0.0020285 0.0015582 -0.0041511 -0.017214 0.017109 0.019471 0.031868 0.022669 0.040138 0.031743 -0.0052851 0.02196 0.005799 0.022164 -0.0021068 0.0017909 0.007413 0.013246 0.034843 -0.052221 0.066544 0.098392 0.54215 0.016894 0.55093 0.3139 -0.00045891 0.0019356 0.0014217 0.0021698 -0.0034179 0.0065087 0.013754 0.03357 0.045237 0.13048 0.10159 0.21337 0.13319 -0.070474 0.2023 0.34235 0.048444 -0.07938 0.048894 0.091833 7.9278e-06 -0.00020311 0.00047357 0.0012508 0.0040563 -0.0070381 0.028509 0.014529 0.010834 -0.02394 0.015523 0.024033 0.0042474 0.0014797 0.0042835 0.0047255
0.00076683 -0.0066241 0.0042221 0.0067242 0.00040039 -0.077304 0.013839 0.077318 0.038235 -0.05755 0.038781 0.057634 0 0 0 0 -0.0063143 -0.00090234 0.021429 0.012962 -0.074916 -0.016082 0.076131 0.046665 0.48494 0.011278 0.48494 0.017986 0 0 0 0 -0.0025603 -0.009206 0.021332 0.015633 -0.054844 0.0075128 0.066692 0.10351 0.47447 -0.0059168 0.47447 0.11111 0.00019406 -3.0228e-05 0.00019406 9.7267e-05 7.1813e-05 0.00020961 0.0039849 0.0004745 -0.0060869 -0.00063434 0.0061404 0.0012647 0.0743 0.0054563 0.0743 0.0055415 0 0 0 0
0.0004178 -0.00055185 0.00092999 0.002409 -0.0048166 0.0013245 0.011882 0.017623 -0.0011375 -0.010703 0.0027366 0.011284 0.0002351 -0.0012336 0.00046643 0.001327 -0.0026484 -0.011039 0.0052918 0.039498 -0.023101 -0.053232 0.045093 0.17557 0.42829 0.22833 0.46349 0.36016 0.013414 0.0763 0.021075 0.092046 0.00057764 0.0019577 0.0022158 0.0090466 0.023893 0.024004 0.030864 0.095529 0.1916 -0.28849 0.2785 0.35541 -0.028186 -0.11741 0.028625 0.11904 0.00036171 0.0017048 0.00063987 0.0023821 0.0023357 0.022708 0.0060303 0.027271 -0.010332 0.0040189 0.011106 0.0057215 0.00030177 0.00010709 0.00030704 0.00031364
0.0003127 0.00062159 0.0022849 0.00064151 -0.0058159 0.0055196 0.0077683 0.0056869 0.048362 0.027116 0.053147 0.027176 3.5116e-05 0.0063449 0.00066378 0.0064426 0.0004999 -0.0058811 0.0084792 0.010129 -0.07294 -0.039893 0.081567 0.067158 0.48256 0.00061575 0.48584 0.073502 0.0012124 0.00016275 0.0012732 0.00037018 0.00066261 -0.0018847 0.006915 0.0065017 -0.044714 -0.015806 0.052119 0.044747 0.48996 0.0074543 0.49341 0.013222 0.00094265 -5.0622e-05 0.00094265 0.00033828 -0.00019653 7.4425e-05 0.00098401 0.00064656 -0.0028406 0.0029556 0.0055775 0.0055414 0.068655 -0.0029105 0.069001 0.012319 0.00029147 -0.00057756 0.00029182 0.0008225
-0.0025054 -0.0002362 0.0025249 0.0004836 -0.0023812 -0.00034083 0.0040801 0.0026023 0.076185 0.00016759 0.076226 0.0057252 2.0027e-05 6.2238e-06 2.0027e-05 2.0027e-05 -0.007799 -0.0025778 0.012624 0.014462 -0.025724 -0.023661 0.06576 0.15593 0.44147 -0.02153 0.44493 0.24027 0.0014046 0.00026617 0.0014046 0.00095682 -0.010787 -7.0813e-05 0.015027 0.0013994 -0.025632 -0.00026469 0.030714 0.011742 0.49672 -0.0042033 0.49672 0.040404 0.00012058 -1.6504e-05 0.00012058 0.00012058 -0.0015981 -6.444e-06 0.0020079 0.00010985 -0.0047031 -0.00044724 0.0049422 0.0012996 0.06957 -0.0027755 0.06957 0.0047857 2.0425e-05 -7.182e-06 2.0425e-05 2.0425e-05
0.00047113 -0.0011174 0.0010471 0.0032215 0.0033431 0.0072686 0.01856 0.029998 -0.0051069 0.0051552 0.018187 0.02907 0.0023966 -0.0014536 0.0039118 0.0027463 -0.012757 0.016771 0.014559 0.031436 0.056074 -0.075495 0.082533 0.121 0.35941 0.18949 0.41737 0.2964 -0.024965 0.09428 0.028931 0.094841 0.0055267 -0.014555 0.0093915 0.022524 -0.013455 0.09038 0.10351 0.24883 0.3214 -0.13715 0.37328 0.38902 0.052932 -0.057276 0.052965 0.074822 -0.0068692 0.019149 0.0068692 0.019149 -0.012071 0.043834 0.031453 0.055157 0.003668 -0.008395 0.020572 0.04173 0.018566 0.0038386 0.018575 0.0056797
-0.0021782 -0.00096677 0.0022736 0.001814 -0.0046235 -0.0035072 0.0051475 0.0039323 0.070411 0.0023667 0.070411 0.0075902 5.9011e-06 3.1469e-06 5.9011e-06 3.1469e-06 -0.015176 -0.0026422 0.015176 0.0042502 -0.0060599 -0.0058099 0.03162 0.045616 0.49317 0.023701 0.49317 0.038191 0 0 0 0 -0.005054 0.00020186 0.007851 0.025312 0.0013613 0.026861 0.063462 0.1136 0.45892 -0.025742 0.46842 0.19413 0.00034571 -0.00020298 0.00034571 0.000419 -0.0010337 -9.6556e-05 0.0010337 0.00028123 0.0067219 -0.00081722 0.011727 0.0029768 0.067632 0.029188 0.067632 0.030052 0.00011153 2.4953e-05 0.00011153 2.4953e-05
-0.0001935 0.0002992 0.00029543 0.00032987 0.043742 0.0075005 0.044561 0.0093655 -0.04317 0.0046956 0.049541 0.0076156 0.00053202 0.00010876 0.0012077 0.00025958 0.00056784 0.0016548 0.0024007 0.0031739 0.34105 -0.0029674 0.35904 0.012474 -0.32674 0.014916 0.37972 0.025646 -0.0014276 0.00095244 0.0035425 0.0041279 0.0011234 -0.0011263 0.0022882 0.0016339 0.34066 -0.0027524 0.36128 0.010263 -0.32287 -0.0063672 0.36577 0.0064645 -0.0011376 -0.0020312 0.0040966 0.0020565 0.00024431 0.0019759 0.00035124 0.002013 0.045971 0.0091354 0.049236 0.010493 -0.044807 0.0086719 0.050185 0.010138 -0.0001096 0.001414 0.0004828 0.0015315
-0.015747 -0.0035158 0.016095 0.0035199 -0.010309 -0.017013 0.019862 0.02488 0.06708 -0.012337 0.067139 0.014393 0 0 0 0 -0.022083 -0.031194 0.02562 0.032403 -0.032612 -0.036583 0.12724 0.097219 0.46613 -0.012564 0.47197 0.11477 0 0 0 0 -0.0077171 -0.00031192 0.010773 0.0042306 -0.021383 0.0035351 0.12248 0.013772 0.48831 0.0014208 0.48899 0.012216 0 0 0 0 -0.00026338 0.00037963 0.0014423 0.00042609 -0.0059363 -0.00042533 0.016494 0.0015057 0.071568 0.00045794 0.071568 0.0019321 0 0 0 0
0.0010299 0.00064837 0.0010299 0.00076889 -0.0066224 0.0025591 0.0071175 0.0031038 0.036189 0.0010623 0.084213 0.0021554 -0.0038096 -7.0041e-05 0.0042708 0.00041634 0.0056578 0.00062383 0.0056578 0.0031642 -0.060953 -0.025975 0.064 0.032671 0.25427 -0.00089342 0.63607 0.024994 -0.0097883 -0.0011959 0.013098 0.0023293 0.0057537 0.001061 0.0057537 0.0013657 -0.061184 -0.0115 0.067972 0.017555 0.25324 -0.055475 0.64467 0.13725 -0.0044871 -0.00072248 0.0056101 0.0022507 0.00036636 -0.00014629 0.0010509 0.00038183 0.00023737 -3.3305e-05 0.016067 0.0068783 -0.0011625 -0.017742 0.011956 0.018578 -0.0011103 8.8575e-05 0.0014534 0.00033347
-0.0021861 -0.0034273 0.0031757 0.0047073 0.079293 -0.086926 0.096868 0.099361 -0.059662 -0.13184 0.06454 0.13404 0.0057859 -0.0071128 0.0088454 0.0076768 -0.093236 0.026084 0.097502 0.051681 0.30613 0.017125 0.31034 0.22931 -0.23013 0.046933 0.31886 0.21213 0.00052995 -0.00015929 0.038364 0.0049658 -0.073189 -0.018456 0.075328 0.026686 0.089588 -0.024915 0.37972 0.34966 -0.079167 -0.18525 0.22137 0.25997 -0.0012017 0.0089702 0.046394 0.022756 -0.0085847 0.00035854 0.008789 0.00058297 -0.022968 -0.0034237 0.076672 0.0091616 0.012558 -0.0011431 0.041448 0.0051766 0.0019933 0.0007902 0.010647 0.0011694
-0.0011951 -0.0021235 0.0035912 0.0047723 0.001401 -0.0057366 0.01559 0.034926 0.01285 -0.044588 0.04169 0.058135 0.0073919 -0.0055753 0.0085566 0.0090701 -0.0046455 0.011906 0.010169 0.027137 0.043853 -0.020295 0.12124 0.13872 0.20981 0.22492 0.30246 0.33887 -0.0047238 0.10991 0.054082 0.12389 -0.0138 0.044416 0.029099 0.074371 -0.028815 0.070481 0.11475 0.26556 0.36767 -0.14513 0.3869 0.36016 0.068742 -0.025784 0.069075 0.049882 -0.0022762 0.003031 0.0022762 0.003031 -0.050557 0.15888 0.053071 0.15888 -0.0023919 0.086304 0.059584 0.094114 0.011202 0.0041448 0.01125 0.0043591
-0.00025808 0.0019746 0.00057524 0.0025072 -0.0017257 0.0088472 0.028332 0.011197 0.0056639 0.040977 0.011163 0.041069 -0.0021957 0.00987 0.0023828 0.0098851 0.0024398 0.027929 0.0069251 0.028301 0.10497 0.12179 0.50055 0.12636 0.18446 0.11854 0.26533 0.23395 -0.047023 0.0017119 0.047347 0.028728 0.0032175 -0.033778 0.0082555 0.035772 0.11051 -0.13417 0.45518 0.13506 0.0014478 -0.22135 0.02994 0.22135 -0.0020845 -0.028489 0.0065507 0.028489 -0.0032614 0.039329 0.0032778 0.039329 6.5466e-05 0.18334 0.14399 0.18334 -0.016133 0.18894 0.01662 0.1891 -0.0017614 0.021179 0.0019235 0.023067
-0.00071836 -0.00011642 0.00083607 0.00027758 -0.0060242 0.00061328 0.0061234 0.0010839 0.071914 0.0035168 0.071914 0.0035454 0 0 0 0 -0.0060649 0.00074685 0.0064543 0.0036298 -0.041783 -0.0044435 0.042432 0.012042 0.48953 -2.3932e-07 0.48953 0.029021 0 0 0 0 -0.0058148 0.0021771 0.0062681 0.0027949 -0.049283 0.0085948 0.049931 0.020004 0.49407 -0.0024072 0.49407 0.039298 0 0 0 0 -0.00064377 -1.5701e-05 0.00075161 0.00034846 -0.0079058 0.00080219 0.0079058 0.0013329 0.07141 0.0031676 0.07141 0.0061844 0 0 0 0
0.0042491 -0.0013388 0.0042491 0.0013437 -0.023127 0.0064266 0.02607 0.0078926 0.013057 -0.0052585 0.022565 0.019596 0.0027029 0.00026224 0.0028399 0.0025669 0.016703 0.017725 0.01789 0.026643 -0.026082 0.13539 0.33009 0.26494 0.2001 0.23102 0.40767 0.33642 0.040906 0.11689 0.040906 0.12453 0.00058636 -0.027248 0.012146 0.03489 0.18036 -0.027225 0.21524 0.096602 0.15197 -0.055145 0.47782 0.17463 0.06426 -0.017798 0.06426 0.021746 -0.00015342 0.00096113 0.0016514 0.0024927 0.027614 -0.011861 0.027977 0.029044 -0.0087069 0.028663 0.027117 0.035126 0.031091 -0.0049654 0.031091 0.0075198
-0.00038454 0.0021227 0.00045613 0.0026747 0.0021297 -0.0052046 0.0063819 0.0063202 0.066105 0.005132 0.066105 0.0080407 0 0 0 0 -0.00064242 -0.003066 0.0035454 0.0040307 0.00077738 0.0037478 0.043303 0.049902 0.48453 0.016931 0.48478 0.096906 0.00016548 7.5926e-06 0.00016548 0.00016548 0.00092619 -0.0034106 0.0035198 0.0049808 0.005655 -0.023872 0.042766 0.024146 0.48075 -0.10764 0.48096 0.16837 0.0025776 -0.016881 0.002716 0.016925 -0.00053641 5.9381e-05 0.00084493 0.00057292 0.010541 0.006989 0.010997 0.0082196 0.0050474 0.0068522 0.0068992 0.020938 0.00051332 -0.0097044 0.0016554 0.011663
0.0010378 -0.00033564 0.0015244 0.0005388 -0.019012 0.0030242 0.042292 0.0086466 0.0097152 0.0013278 0.01951 0.0067862 0.0028325 0.00063829 0.003697 0.0042883 -0.0078032 0.0047148 0.024335 0.033513 0.1026 0.028176 0.21118 0.17501 0.168 0.22138 0.45232 0.29237 0.023438 0.096312 0.030675 0.098788 -0.054888 0.021797 0.059658 0.031911 0.20254 -0.046278 0.206 0.078075 0.28501 -0.03504 0.53434 0.14859 0.007695 -0.0032452 0.0077137 0.0035573 -0.021034 0.0087492 0.021034 0.0087492 0.033236 0.047817 0.033411 0.05492 0.049915 0.08989 0.061749 0.089907 0.0029782 0.0012409 0.0031583 0.0013301
-0.00050566 0.00015852 0.001082 0.00021079 -0.010338 0.0024659 0.010338 0.0037557 0.069668 -0.0014339 0.07004 0.0087482 1.4141e-05 5.1502e-06 1.4141e-05 7.8869e-06 -0.011838 0.0053209 0.013241 0.0070822 -0.074651 -0.0039201 0.074651 0.015237 0.48004 0.0024361 0.49489 0.049233 8.5269e-05 -8.5269e-05 8.5269e-05 8.5269e-05 -0.0057806 -0.0046787 0.0099216 0.0084964 -0.084727 0.0051156 0.084727 0.013811 0.48213 0.011153 0.48651 0.04395 0.00091963 -0.00031962 0.00091963 0.00057856 0.00022747 -0.0023091 0.00064042 0.0029056 -0.010021 -0.010211 0.010263 0.018296 0.056232 -0.037525 0.058238 0.075711 0.00053317 -4.1867e-05 0.00053591 0.00029157
-0.00051853 -0.00013947 0.00056353 0.00020111 0.016501 -0.00092424 0.018681 0.001572 0.06816 -0.0022382 0.06816 0.0024036 0 0 0 0 -0.0022992 0.0013719 0.0027244 0.0077999 0.095712 -0.0058935 0.11172 0.019875 0.48541 -0.019677 0.48541 0.033344 0 0 0 0 -0.0045422 -0.0021564 0.0048047 0.0029629 0.10211 0.0066815 0.10755 0.020756 0.47929 0.031279 0.47929 0.045755 0 0 0 0 -0.00061405 -6.7064e-05 0.00075336 0.00024374 0.018308 0.00014553 0.018788 0.0027316 0.068723 -0.0018839 0.068723 0.0020532 1.799e-05 -7.5613e-06 1.799e-05 7.5613e-06
-0.00051995 5.2425e-05 0.00054882 0.00010599 0.058782 -0.00027082 0.058933 0.0010826 -0.041277 0.00027085 0.041703 0.00058094 0.00075399 0.00047475 0.00085872 0.00053109 -0.0041065 -0.0005492 0.004274 0.0031523 0.40454 0.0008883 0.40505 0.021324 -0.27521 -0.0021267 0.27973 0.01953 0.0040339 0.00033123 0.00412 0.0023106 -0.0034573 0.00044874 0.0037849 0.00081891 0.40884 -0.007945 0.4092 0.0089257 -0.28182 -0.0033359 0.28657 0.0068447 0.004155 -0.00038538 0.004155 0.0010848 -0.00070129 3.7461e-06 0.00072418 0.0001681 0.059467 -0.0011356 0.059477 0.0012391 -0.041564 -0.0010548 0.042177 0.0011261 0.00060643 4.0071e-05 0.00060643 0.00010818
-0.00059555 -0.0040339 0.00091754 0.0041138 -0.0034986 -0.0089915 0.0059991 0.011395 0.06253 0.038747 0.062535 0.069917 0.00039251 0.00010526 0.00048006 0.00021275 0.003912 0.014818 0.0083864 0.018964 -0.074623 0.054867 0.078048 0.070625 0.46649 -0.0091841 0.51269 0.045121 7.4576e-05 0.00021314 7.4576e-05 0.00021314 0.0053447 -0.0049528 0.0063853 0.0092057 -0.08575 -0.019963 0.08575 0.052409 0.45263 -0.0055027 0.48136 0.13604 0.00015054 -5.0505e-05 0.00015054 0.00015054 0.0013401 0.0011532 0.0014277 0.0019702 -0.008044 0.014216 0.0082024 0.014881 0.063421 -0.0060413 0.068799 0.009052 0.00013435 -1.1331e-05 0.00013435 4.5711e-05
-0.00012299 2.217e-05 0.00028141 0.00013567 0.069212 0.0050611 0.069212 0.0059626 -0.010006 0.00062912 0.010331 0.0025525 -0.011705 0.0010259 0.011962 0.0011619 -0.0015226 1.1314e-05 0.0023512 0.0013789 0.48058 -0.0018071 0.48152 0.035287 -0.069902 -0.0023874 0.075093 0.010944 -0.07875 -0.0027392 0.080553 0.0075071 -0.00075791 -0.00031057 0.0020378 0.00055557 0.4831 -0.0092105 0.4831 0.0092105 -0.082502 0.0014474 0.086282 0.0051147 -0.072494 -0.00069543 0.073715 0.0020226 -0.00018458 9.5603e-05 0.00033653 9.8317e-05 0.07037 -0.00066103 0.07037 0.0013113 -0.01306 -0.00049333 0.013978 0.00069862 -0.0096637 -4.0103e-05 0.0098373 0.00027237
-0.0058511 -0.002217 0.006102 0.0022504 0.025583 0.0043151 0.063736 0.014002 -0.026016 -0.0083565 0.06809 0.012422 0.0013715 -0.00076428 0.0072625 0.0016464 -0.041962 -0.010988 0.04203 0.011055 0.32359 0.040057 0.45946 0.07573 -0.31763 -0.062224 0.44138 0.089817 -0.020649 -0.0044173 0.038195 0.0082789 -0.040817 -0.0094099 0.040817 0.0097948 0.087298 -0.16175 0.15935 0.18464 -0.046596 -0.071861 0.33101 0.18887 0.00097764 0.0024503 0.03551 0.0090468 -0.0050424 -0.0012526 0.0050424 0.0013037 -0.0033778 0.0032538 0.0056848 0.0050535 0.1521 0.14146 0.17914 0.14629 -0.035214 0.03291 0.035812 0.041865
-0.00075037 -0.00013249 0.00094652 0.00058713 -0.0056082 0.00060728 0.0056082 0.0021472 0.072123 -0.0017475 0.072123 0.0089136 0 0 0 0 -0.0064241 0.00046198 0.0071792 0.0020867 -0.03215 0.0028228 0.03215 0.011506 0.49876 0.0059981 0.49876 0.027431 0 0 0 0 -0.0055858 0.00037665 0.0064439 0.0022175 -0.033804 0.0053841 0.033804 0.012021 0.48561 -0.0074162 0.48561 0.06562 0 0 0 0 -0.00098076 0.0002131 0.00098262 0.00029412 -0.0050746 -0.001161 0.0050746 0.0033856 0.071399 -0.0017658 0.071412 0.0052749 0 0 0 0
-0.015764 -0.0093213 0.015764 0.013196 -0.010173 -0.033848 0.04061 0.042845 0.038001 0.0065363 0.056037 0.036376 0.0098211 0.0031368 0.0098258 0.0047844 0.021421 0.00082403 0.055338 0.038167 -0.2298 -0.037298 0.23572 0.185 0.51651 -0.086831 0.52139 0.36011 0.0099449 -0.091439 0.064238 0.091947 -0.021948 -0.025305 0.027942 0.027971 0.04676 0.0059804 0.21184 0.18766 -0.014 -0.025574 0.1419 0.16357 0.01281 -0.050097 0.046413 0.052908 0.00095675 3.7618e-05 0.004493 0.0023885 -0.011027 -0.0074689 0.030851 0.013749 0.001286 -0.013133 0.016026 0.017254 0.002858 0.0019561 0.0041864 0.0026441
0.0023935 0.0025535 0.0029398 0.0064846 -0.012956 0.0013469 0.031477 0.0091568 0.012819 0.024507 0.035823 0.050366 0.00054353 0.0028922 0.00078824 0.0077114 0.011714 0.017567 0.013032 0.030899 -0.015434 0.15256 0.55262 0.1747 0.096882 0.075803 0.20303 0.16144 -0.0013672 0.016585 0.0084365 0.021657 0.0074164 -0.012667 0.01402 0.017795 -0.047139 -0.10684 0.65293 0.13714 0.12806 -0.038565 0.21797 0.13447 0.0026137 -0.0075805 0.0099504 0.010452 0.0005437 -0.0041092 0.0027453 0.0044545 -0.014598 -0.019328 0.037366 0.023456 0.02699 -0.033589 0.027665 0.036295 -0.00021914 -0.0044337 0.00058313 0.005596
-0.00020794 0.00016717 0.00083428 0.00017545 0.052723 -0.00094512 0.054641 0.0012327 -0.048026 0.0015858 0.050304 0.002145 0.0015909 0.00023049 0.0017189 0.00029995 -4.1837e-05 -0.00041605 0.0025136 0.0025165 0.35772 0.0167 0.3739 0.031863 -0.31921 -0.016622 0.33747 0.028504 0.0053102 0.00019886 0.0064299 0.0024076 -0.00028434 0.0005972 0.0029162 0.00072662 0.35696 -0.005586 0.3734 0.0079213 -0.32617 -0.0061787 0.34818 0.0071512 0.0033295 -0.00033931 0.0043066 0.00052307 0.00015038 0.0042326 0.00032617 0.0042811 0.041156 0.023135 0.043072 0.023546 -0.039923 0.017349 0.042147 0.01738 0.00030036 0.003131 0.00050045 0.003225
-0.00067175 8.8061e-05 0.00067175 0.00048729 -0.0045971 -0.00061023 0.0046159 0.0026567 0.072561 0.0049875 0.072561 0.0049875 0 0 0 0 -0.0045389 0.0016256 0.004693 0.002728 -0.030966 0.0071353 0.034964 0.01786 0.49482 -0.033223 0.49482 0.056766 0 0 0 0 -0.0058081 -0.00051802 0.0062187 0.0017675 -0.028272 -0.0043336 0.029394 0.015632 0.48912 0.027407 0.48912 0.027676 0 0 0 0 -0.0007778 2.9493e-05 0.00079278 0.000155 -0.005063 0.0010371 0.0051488 0.0014305 0.072972 -0.0011142 0.072972 0.0066585 0 0 0 0
-0.0010877 0.00015942 0.0010877 0.00044933 0.070748 0.002324 0.072863 0.009137 0.00022803 0.0002558 0.00025024 0.00029649 0 0 0 0 -0.0070364 0.00021459 0.0070364 0.0029874 0.47927 -0.013392 0.50712 0.0717 0 0 0 0 0 0 0 0 -0.0078121 -0.00031597 0.0078121 0.002805 0.48205 0.014237 0.50233 0.044603 -0.00042317 -0.0022115 0.0032343 0.0022115 0 0 0 0 -0.0012953 5.9583e-06 0.0012953 0.00022999 0.069404 0.0010024 0.073499 0.0048163 0.00022451 0.0002225 0.00085402 0.0018368 0 0 0 0
-0.0011899 0.00016583 0.0011905 0.00050182 -0.0044559 0.00040341 0.005068 0.0028472 0.071641 0.0063647 0.071736 0.0066775 1.8219e-05 5.662e-06 1.8219e-05 1.8219e-05 -0.00793 0.00079475 0.0080022 0.0021207 -0.040588 0.0011286 0.040588 0.014791 0.48863 0.0053831 0.4932 0.03947 0.00037447 3.433e-05 0.00037447 0.00022462 -0.0076467 0.00034514 0.0077764 0.0034123 -0.040632 0.0087302 0.040632 0.012881 0.49165 -0.0068271 0.49388 0.053782 0.00050238 -0.00012273 0.00050238 0.00021741 -0.0011708 5.952e-05 0.0011708 0.00014424 -0.0062727 -0.0015115 0.0062966 0.0023018 0.070362 0.0038604 0.070618 0.0061795 0.00017584 3.7819e-06 0.00017584 4.5214e-05
-0.0005834 -5.0717e-05 0.00061002 0.00019699 -0.0038578 0.0012742 0.003946 0.0024435 0.068102 0.0012826 0.06887 0.0014799 -0.016125 0.00029694 0.016206 0.00030207 -0.0040994 0.0008204 0.0043801 0.0020588 -0.030333 0.00092872 0.030333 0.0081292 0.47821 0.0061712 0.48076 0.0075405 -0.10895 0.0020251 0.10914 0.0021777 -0.0062238 -0.00050107 0.0067837 0.0070255 -0.030672 -0.0046636 0.032058 0.017139 0.48269 0.0040773 0.48437 0.02751 -0.10702 -0.00058755 0.10723 0.0046515 -0.0019507 8.9705e-05 0.001985 0.00024426 -0.0034467 -0.0028223 0.0040435 0.0039949 0.070952 -0.00045765 0.071163 0.0020421 -0.015421 0.0003996 0.01544 0.00042437
0.00032043 -0.0013681 0.00038772 0.0017056 -0.0069482 -0.01072 0.0073049 0.012922 0.069253 -0.0063556 0.069253 0.0070155 0 0 0 0 0.002264 -7.3247e-05 0.0025919 0.0013807 -0.05065 -0.0013125 0.05065 0.010549 0.49405 0.012984 0.49405 0.012984 0 0 0 0 0.0020772 0.00036015 0.0027681 0.01366 -0.046778 0.0029712 0.046778 0.048868 0.4887 -0.018945 0.4887 0.034838 0 0 0 0 0.00042344 5.2888e-05 0.00050185 0.00020205 -0.0076249 -0.00017665 0.0076249 0.0011657 0.070134 0.0010243 0.070134 0.0011797 0 0 0 0
0.00457 -0.00211 0.004572 0.0023827 -0.011717 0.0052309 0.020997 0.016463 0.0084816 -0.01099 0.05895 0.038605 0.025441 -0.0089344 0.025459 0.0092608 0.013994 -0.021667 0.017629 0.031033 0.088257 -0.02421 0.19431 0.26292 -0.15645 0.12748 0.16395 0.20603 0.18135 -0.058025 0.18425 0.061896 0.015895 0.00058161 0.018067 0.0071501 0.2692 -0.026065 0.2692 0.087474 0.032857 0.41157 0.25639 0.42188 0.10207 0.10152 0.10576 0.1046 0.0041095 0.010345 0.0045975 0.010345 0.089513 0.15328 0.089637 0.15334 0.04042 0.082209 0.041493 0.08244 -1.7038e-05 1.5273e-05 0.0007445 0.00020958
-0.00089663 7.4692e-05 0.00094444 0.00020144 -0.0038789 -0.0008319 0.003911 0.0024641 0.070548 0.0010182 0.070548 0.0051189 0 0 0 0 -0.0052745 0.00069697 0.0053852 0.0010724 -0.035463 0.0027882 0.038339 0.011892 0.49655 -0.033907 0.49655 0.063138 0 0 0 0 -0.0056656 -7.9308e-05 0.00641 0.0040635 -0.031413 0.0050936 0.031413 0.019327 0.48671 0.036639 0.48671 0.037852 0 0 0 0 -0.00091734 0.00014549 0.00098149 0.00030401 -0.0040576 0.0010904 0.0041561 0.001458 0.068538 -0.01182 0.068538 0.014151 0 0 0 0
-5.1087e-06 6.222e-05 0.00026862 0.00020284 0.013993 0.0008042 0.018821 0.0020443 0.070774 0.0015046 0.070781 0.0085144 2.6502e-05 -2.0519e-05 2.6502e-05 2.6502e-05 -0.00092864 -0.00065094 0.0012441 0.0018425 0.08949 0.0021771 0.12048 0.021984 0.48649 -0.0020584 0.48649 0.0566 3.721e-05 3.721e-05 3.721e-05 3.721e-05 -0.00036773 0.00080752 0.0013772 0.0020719 0.10687 -0.0034057 0.13972 0.010602 0.47277 -0.014157 0.47277 0.039298 0 0 0 0 -0.00027823 -3.1657e-05 0.0005481 0.00011299 0.014812 0.0002221 0.019294 0.0026602 0.067916 0.0056674 0.067916 0.0085703 0 0 0 0
-0.00033874 -8.8926e-06 0.00038474 0.00021806 -0.0054762 0.00021509 0.0054762 0.0021479 0.069878 -0.0057914 0.071485 0.0063876 0 0 0 0 -0.0019612 -0.0014299 0.0027595 0.0032316 -0.039149 0.0022752 0.039149 0.009049 0.48574 0.017432 0.50229 0.018014 0 0 0 0 -0.0035432 0.0011444 0.0040667 0.010769 -0.033741 -0.0017248 0.033741 0.035641 0.48639 -0.016259 0.49196 0.078327 0 0 0 0 -0.00029495 0.00025978 0.00034799 0.00050474 -0.0062928 8.5052e-05 0.0062928 0.00098231 0.066697 0.0011143 0.067821 0.0018142 0 0 0 0
