0.0010409 -0.002995 0.0033317 0.0030321 -0.0059156 -0.033433 0.027313 0.052365 0.0038762 -0.0022975 0.019392 0.018423 0.014657 -0.0058917 0.014787 0.0066704 -0.011745 -0.0024868 0.011776 0.0026752 0.28251 0.15054 0.28844 0.21702 -0.20777 0.15159 0.27855 0.1962 0.11375 0.0014929 0.11375 0.0063215 -0.0074898 -0.0010974 0.0082784 0.0024669 0.24855 -0.16283 0.28932 0.21569 -0.10017 -0.11551 0.39041 0.35436 0.12351 0.017008 0.12351 0.018924 0.00037082 0.0015198 0.0021989 0.0027307 0.005221 -0.0023865 0.0096732 0.0063534 0.0086685 -0.0028341 0.019661 0.012453 0.021 0.0027294 0.021 0.0028856
-0.00047895 -0.0034522 0.00065964 0.0034522 0.012511 -0.018439 0.015358 0.027699 0.068485 -0.022179 0.068597 0.022661 6.8139e-06 3.6337e-06 6.8139e-06 3.6337e-06 -0.0023506 0.0054216 0.006229 0.005907 0.33059 0.19172 0.33561 0.20683 0.2456 0.12828 0.2456 0.12828 0 0 0 0 -0.016001 0.0062264 0.026998 0.0099217 0.4701 -0.13496 0.47748 0.17654 0.10489 -0.030228 0.10547 0.032871 0 0 0 0 -0.0021394 -0.00084257 0.0041784 0.0012524 0.02583 -0.0077904 0.030695 0.020317 0.056619 -0.0079762 0.056619 0.02779 0 0 0 0
0.00010296 4.7366e-07 0.00021186 0.00019915 0.013136 0.024649 0.01402 0.02476 -0.0010887 0.071598 0.031029 0.07192 0.00028274 -7.2673e-05 0.0032462 0.00050039 -0.0028723 0.0081108 0.019394 0.0082625 0.38054 0.072781 0.38859 0.07616 -0.26344 -0.036685 0.36772 0.062575 -0.01447 -0.0014187 0.018488 0.0036535 -0.0072562 -0.0021154 0.034918 0.0043906 0.21936 -0.14136 0.25135 0.27768 -0.1306 -0.079979 0.32554 0.35148 0.0036975 0.0034463 0.013608 0.013091 -0.00035999 -0.00039144 0.0021436 0.0015734 0.036115 0.0006129 0.037193 0.010508 -0.018643 -0.00085746 0.041619 0.028239 0.011257 0.012301 0.011257 0.012301
-0.00017827 0.00010222 0.00057606 0.00072554 0.0073598 0.0043883 0.0077831 0.0052441 0.038397 0.0090823 0.043198 0.014191 0.00017419 6.4229e-05 0.00018502 8.0711e-05 -0.0055393 0.00020475 0.0091149 0.010336 0.29204 0.16237 0.29461 0.18796 0.19533 0.28103 0.20032 0.28103 0.00033421 0.0001967 0.00033421 0.0001967 -0.0030349 0.0025949 0.006379 0.0063068 0.48992 -0.058588 0.49023 0.1713 0.019751 -0.00095803 0.019751 0.015419 0 0 0 0 -0.00028841 -0.0001208 0.0011711 0.0010114 0.067025 0.010484 0.078571 0.03016 0.0043644 -0.00066508 0.0046764 0.0035942 0 0 0 0
-0.0004544 -0.0010585 0.0012169 0.0010919 0.0071881 -0.020095 0.012543 0.023197 0.0014746 -0.0029712 0.027143 0.018185 0.00081385 -0.00097564 0.0026821 0.0020164 -0.0028021 -0.0005905 0.0028021 0.0015431 0.25359 0.20696 0.25429 0.20805 -0.16374 0.18431 0.33143 0.27277 -0.00045631 0.0010235 0.0041217 0.0032095 0.0021484 0.00092215 0.003203 0.001671 0.36356 -0.14754 0.36526 0.16209 -0.19017 0.0049553 0.36974 0.20894 -0.0092384 0.0081952 0.025861 0.012094 0.00056204 0.00021515 0.00060688 0.00026194 -0.0022636 0.002759 0.017221 0.013571 0.021516 -0.032753 0.043829 0.049004 -0.0023979 0.0025385 0.0064447 0.0036401
-0.0011288 -0.00024818 0.0019369 0.00055805 0.059925 -0.0096028 0.069443 0.02244 0.021848 0.0021352 0.021957 0.0085484 0 0 0 0 -0.0048185 0.00077939 0.010809 0.0038026 0.11662 -0.041253 0.20104 0.16425 0.40835 -0.16771 0.4091 0.16955 0 0 0 0 -0.0050056 0.0025314 0.019586 0.0076038 0.052069 0.027025 0.081254 0.041058 0.47339 0.14676 0.47339 0.14676 0 0 0 0 -0.0028314 0.00092446 0.0069575 0.0015566 0.071955 0.021757 0.078289 0.02555 0.0065613 0.0054722 0.0065613 0.0054722 0 0 0 0
0.0028103 -0.00064873 0.0030328 0.00073428 -0.011091 -0.0028641 0.035588 0.013446 0.063428 0.0034641 0.067224 0.0083215 0.00013696 3.0711e-05 0.00013696 8.421e-05 0.0038212 -0.0019551 0.007297 0.0080197 0.2148 0.21454 0.2782 0.28379 0.24546 0.20032 0.24546 0.20173 3.5299e-05 3.5299e-05 3.5299e-05 3.5299e-05 0.031938 0.008316 0.031961 0.010638 0.41773 -0.097735 0.54112 0.20017 0.016542 -0.0019482 0.016542 0.011421 0 0 0 0 0.008758 0.00047703 0.0089844 0.0026465 0.044725 0.019466 0.11982 0.038028 0.0044567 -0.00051244 0.0044653 0.0019484 0 0 0 0
-0.0017072 -0.00015266 0.0030187 0.0013009 0.024958 -0.0015019 0.02962 0.031015 0.053764 0.020296 0.063762 0.032525 0 0 0 0 0.006268 0.0016185 0.0092078 0.01264 0.34063 0.19142 0.34597 0.21969 0.17587 0.069619 0.17587 0.069619 0 0 0 0 -0.0041791 0.0012598 0.010312 0.028377 0.3414 -0.26815 0.39501 0.33826 0.22611 -0.09872 0.22611 0.098893 0 0 0 0 0.0016075 -0.00024506 0.0026106 0.0016343 -0.012586 0.013757 0.029373 0.019841 0.079886 -0.013857 0.079886 0.020867 0 0 0 0
-0.0015387 0.001204 0.0025818 0.0014124 0.031869 -0.025987 0.042596 0.031599 0.043673 -0.0090556 0.043733 0.0094347 0 0 0 0 -0.0010574 -0.0082562 0.026519 0.015097 0.044792 0.0001959 0.12372 0.091361 0.46466 -0.14188 0.46466 0.15918 0 0 0 0 -0.020701 0.023612 0.059411 0.026749 0.065966 0.032727 0.11802 0.051668 0.44056 0.16892 0.44056 0.16892 0 0 0 0 -0.0032027 -0.0034571 0.0095617 0.0051529 0.069715 0.03041 0.090184 0.031361 0.00097624 0.00053678 0.00097624 0.00059247 0 0 0 0
-0.00059061 8.7795e-05 0.0016704 0.002958 0.064243 -0.039577 0.067212 0.041913 0.010497 -0.0063786 0.010497 0.0063786 0 0 0 0 3.0282e-06 0.0089948 0.010674 0.013944 -0.010225 0.018876 0.19606 0.093572 0.46958 -0.11672 0.46958 0.12372 0 0 0 0 0.011849 -0.00778 0.012864 0.01655 0.027939 0.017051 0.20857 0.13396 0.42355 0.087321 0.42355 0.16242 0 0 0 0 -0.0010873 -0.0010656 0.001329 0.0014336 0.0047364 -4.8712e-05 0.023272 0.013589 0.04769 -0.054791 0.050813 0.071952 0.001068 -0.00079134 0.001068 0.00079254
-0.0019594 -0.00029365 0.0043208 0.0024622 0.069914 -0.0090117 0.08188 0.020831 0.0075167 -0.0021837 0.0075167 0.0022551 0 0 0 0 0.0074635 -0.00067172 0.012686 0.01116 0.40052 0.17326 0.49316 0.24205 0.080753 0.016146 0.080753 0.030738 0 0 0 0 -0.0036925 -0.0038069 0.010515 0.006291 0.37182 -0.10471 0.48981 0.23439 0.11293 -0.036915 0.11293 0.037844 0 0 0 0 -0.00024639 0.0012263 0.0010385 0.0015667 0.03097 -0.0025061 0.04967 0.045287 0.037354 0.0063324 0.037403 0.0071358 0 0 0 0
-0.0032486 -0.0029588 0.0032486 0.0029943 0.016325 -0.069069 0.059991 0.069239 0.018697 -0.0089973 0.018697 0.0089973 0 0 0 0 -0.040299 -0.024958 0.040299 0.038767 0.10278 -0.045333 0.2222 0.14849 0.40557 -0.13791 0.40557 0.15686 0 0 0 0 -0.036043 0.0066691 0.041048 0.024885 0.065012 0.037615 0.23491 0.13482 0.44574 0.11939 0.44574 0.13036 0 0 0 0 -0.010293 0.0070078 0.010293 0.0070078 0.064532 0.028807 0.076974 0.030855 0.0077088 0.006712 0.0077088 0.006712 0 0 0 0
0.00026254 5.2908e-05 0.00077378 0.00053091 0.048611 -0.027262 0.066134 0.042723 0.016271 -0.011429 0.016389 0.011577 0 0 0 0 -0.0066679 0.0046606 0.0091937 0.010775 0.4638 0.12844 0.47886 0.20724 0.042906 0.02219 0.044058 0.031175 0 0 0 0 0.0086915 -0.0021549 0.011651 0.0051322 0.40392 -0.13379 0.48981 0.19962 0.06343 -0.007077 0.065392 0.020781 0 0 0 0 -3.2947e-05 0.00018964 0.00063184 0.0003874 0.063493 0.034058 0.064849 0.035335 0.0040182 0.0029202 0.004132 0.0029202 0 0 0 0
-0.0040289 -0.0045687 0.0040289 0.0046545 0.066164 -0.019963 0.069186 0.037124 0.0031483 -0.0027946 0.0031483 0.0027946 0 0 0 0 -0.00095592 0.0020099 0.0085982 0.0076542 0.049975 -0.068009 0.14359 0.13782 0.42181 -0.13501 0.42181 0.13501 0 0 0 0 -0.012615 -0.0013135 0.015195 0.010294 0.044532 0.056936 0.28052 0.17441 0.44108 0.13369 0.44108 0.13369 0 0 0 0 -0.0010804 0.00043202 0.0037628 0.0022322 0.064122 0.019046 0.070358 0.021334 0.0076143 0.006269 0.0076143 0.0062798 0 0 0 0
-0.0063094 -0.0055023 0.0063094 0.0055023 0.033288 -0.060214 0.07433 0.06635 0.01367 -0.0099524 0.01367 0.010049 0 0 0 0 -0.044047 -0.033472 0.044566 0.033571 0.15021 -0.035648 0.23326 0.12062 0.39795 -0.16136 0.39795 0.18825 0 0 0 0 -0.016205 -0.0018331 0.029029 0.016757 0.13665 0.0030737 0.18805 0.11916 0.42943 0.12512 0.42943 0.20261 0 0 0 0 -0.00046042 0.0013292 0.0019777 0.0021269 0.0014588 0.010612 0.016234 0.020599 0.075122 -0.00097608 0.075122 0.013801 0 0 0 0
-0.00054949 0.00077513 0.00097602 0.0032387 0.066286 -0.055004 0.068175 0.061346 0.0035689 -0.0031135 0.0035689 0.0032056 0 0 0 0 0.0014688 0.010115 0.010007 0.01711 0.03316 0.024722 0.25915 0.13383 0.44265 -0.1126 0.44265 0.12981 0 0 0 0 0.013408 -0.011729 0.013658 0.016329 0.010824 0.018608 0.23549 0.11473 0.43886 0.08555 0.43886 0.088415 0 0 0 0 0.00082264 0.0017507 0.00083604 0.0017551 0.038618 0.018118 0.038618 0.018118 0.027131 0.0079188 0.027131 0.0079188 0 0 0 0
0.0084539 -0.0076631 0.0086406 0.0088475 0.018174 -0.04449 0.018174 0.04449 0.00017725 -0.0017082 0.00065172 0.0017082 0 0 0 0 0.012542 -0.0087521 0.018833 0.019304 0.13035 -0.10477 0.37884 0.39394 0.28231 -0.16155 0.34916 0.16155 0 0 0 0 -0.0032656 -0.00062489 0.005792 0.0074713 0.13154 -0.08559 0.17217 0.1999 0.38275 0.088417 0.38463 0.1057 0 0 0 0 0.00091254 0.0017883 0.0018537 0.0031477 0.028398 0.0041487 0.031032 0.011588 0.043007 0.01127 0.043007 0.011368 0 0 0 0
-0.0015794 0.00049328 0.0026815 0.0011417 0.0043166 -0.0023857 0.0061839 0.0088516 0.057387 0.059524 0.057718 0.059524 0.0024421 0.0021863 0.0024421 0.0021863 -0.0047183 0.0030387 0.0086089 0.0084474 0.092835 0.018549 0.10919 0.082661 0.44642 -0.076633 0.4481 0.14491 0.00034298 0.00020186 0.00034298 0.00020186 -0.0023959 -0.0028321 0.0063503 0.0081616 0.028937 0.014998 0.14972 0.093816 0.48456 0.050815 0.48505 0.12215 0.0002519 -7.0559e-05 0.0002519 7.0559e-05 -0.0017147 0.00063029 0.0024572 0.0011583 0.05115 0.027454 0.056295 0.030809 0.028879 0.032511 0.028879 0.032725 2.3442e-05 2.3442e-05 2.3442e-05 2.3442e-05
0.0028068 7.4591e-05 0.0047291 0.0031544 -0.024681 0.013773 0.046373 0.022826 0.026657 0.0034686 0.042525 0.0071947 0.0039331 0.000336 0.0039352 0.00042132 0.036059 -0.034993 0.040999 0.039352 0.077869 -0.019759 0.357 0.26543 0.10279 0.12704 0.50343 0.13366 0.0058346 0.00037197 0.0058346 0.0030191 -0.0093031 0.00559 0.019281 0.0094683 0.15546 -0.092865 0.16767 0.12919 0.26799 0.0074938 0.53467 0.19962 0.0018065 0.0011804 0.0018065 0.001792 0.00049279 -0.0014721 0.0011828 0.0014881 0.005473 -0.0019555 0.0074411 0.0027629 0.068677 0.011816 0.068677 0.014988 0.00023107 0.00010531 0.00023107 0.00013761
-0.0026934 0.0016119 0.0051858 0.0020854 0.01975 -0.00097309 0.022886 0.0095839 0.05823 -0.032863 0.05823 0.039551 0 0 0 0 -0.019659 -0.0081896 0.043788 0.014645 0.04078 -0.023327 0.10818 0.083041 0.40787 -0.052996 0.4959 0.13274 0.0002767 3.0905e-05 0.0002767 0.00013698 0.025917 -0.0013553 0.037133 0.019503 -0.025834 0.029827 0.078767 0.078 0.47361 0.044314 0.5055 0.15787 0 0 0 0 -0.0035272 0.00020724 0.0099997 0.0010558 0.011367 0.0091725 0.017702 0.011561 0.058913 0.036733 0.059018 0.036733 0 0 0 0
-0.00072983 0.0016268 0.0023609 0.001635 0.060375 -0.0026946 0.063766 0.01521 0.017923 0.0027678 0.017923 0.015789 0 0 0 0 -0.030937 0.00091497 0.048124 0.01132 0.055043 -0.031511 0.07664 0.11562 0.45118 -0.10399 0.45118 0.10977 0 0 0 0 0.0076198 -0.0081434 0.02937 0.017967 0.0042961 0.019237 0.10773 0.069782 0.49289 0.060314 0.49289 0.13482 0 0 0 0 -0.0022399 0.0007256 0.0084366 0.0015005 0.016224 0.015489 0.02357 0.01674 0.055458 0.022843 0.055458 0.022843 0 0 0 0
-0.00061121 -0.00063517 0.00089672 0.0018539 0.012951 -0.0047495 0.016046 0.013049 0.033943 0.060928 0.044368 0.064944 0.0011171 0.00064484 0.0011171 0.00065257 0.0009086 -0.0020875 0.0051609 0.0059843 0.013389 0.022309 0.17184 0.11477 0.42527 -0.058225 0.4511 0.10767 0 0 0 0 0.00072205 0.0031794 0.0026568 0.0081991 0.19806 0.064133 0.44587 0.17811 0.19823 0.037838 0.45476 0.11674 8.15e-05 -1.4802e-05 8.15e-05 8.15e-05 0.0013442 0.0029847 0.0013925 0.0030415 0.015026 0.03371 0.022075 0.06043 0.036497 0.033472 0.036541 0.033645 3.7677e-05 -2.8755e-05 3.7677e-05 7.9819e-05
0.0005532 -0.0014395 0.0023919 0.002729 0.00067888 -0.0018214 0.0092845 0.005786 0.060289 -0.0053076 0.062733 0.011035 0 0 0 0 0.016845 0.018487 0.040282 0.036369 -0.09094 0.065352 0.13794 0.088131 0.43203 -0.014118 0.47553 0.021501 0 0 0 0 0.031068 -0.026786 0.037194 0.03261 -0.036662 -0.020347 0.27179 0.20971 0.37102 0.051167 0.5099 0.060636 0 0 0 0 0.00078071 -0.00042545 0.0014101 0.00049721 0.0065038 -0.0040271 0.0098536 0.0081574 0.062269 0.0045162 0.062269 0.010685 5.3007e-05 -1.5042e-05 5.3007e-05 2.8125e-05
-0.0014571 0.0027225 0.0041129 0.0028646 0.015592 -0.011187 0.024595 0.022231 0.054355 -0.031341 0.054355 0.031341 0 0 0 0 0.0016628 -0.012472 0.0087673 0.014287 -0.0024697 0.081173 0.10145 0.14071 0.41832 -0.025912 0.43479 0.072014 0 0 0 0 0.0050744 0.00098974 0.0080915 0.002994 0.02606 -0.051939 0.29873 0.22857 0.37163 0.062914 0.5311 0.070741 0 0 0 0 -0.00062755 0.00092464 0.0012178 0.0012722 0.0074944 -0.0036908 0.0088264 0.0065874 0.067415 0.010674 0.067415 0.011087 0 0 0 0
0.00022326 0.00075229 0.00041288 0.00095277 0.011154 0.0052424 0.011834 0.0057696 0.029137 0.026357 0.097428 0.030555 0.0039172 -0.00036515 0.0070137 0.0013112 0.00078981 0.00038424 0.00147 0.0018317 0.071647 -0.027372 0.22686 0.061621 0.13192 -0.3176 0.49097 0.44152 -0.0046598 0.0021663 0.038401 0.009484 0.0025467 0.000405 0.002676 0.0013541 0.029337 0.045715 0.1247 0.083126 0.17159 0.13987 0.40603 0.30885 0.043628 0.056597 0.075747 0.073599 0.00061266 0.00065644 0.0006816 0.00083161 0.013968 0.0095938 0.013968 0.0096422 0.063474 0.068258 0.066618 0.077121 0.0032605 0.0035961 0.0032605 0.0035961
0.0009495 0.0011887 0.00097768 0.001328 0.0028884 0.00039973 0.0067497 0.011399 0.044208 0.035915 0.04424 0.037391 0.002262 0.0014329 0.002262 0.0016011 -0.0080019 0.0060688 0.014737 0.011975 0.17361 -0.040883 0.27177 0.14229 0.36736 0.037514 0.36736 0.17621 3.5655e-05 3.5655e-05 3.5655e-05 3.5655e-05 0.0122 0.0001109 0.014902 0.014579 -0.016274 0.059864 0.20723 0.11141 0.49305 0.038394 0.49305 0.063696 0 0 0 0 0.0011105 0.0008043 0.0011677 0.0025906 0.054301 0.054076 0.059389 0.055975 0.011114 0.0085103 0.011114 0.0085103 0 0 0 0
-0.00053943 -0.00084803 0.00069878 0.00093451 0.0029375 0.0045912 0.0036919 0.0056331 0.021443 0.056978 0.066837 0.059463 0.0038743 0.00065262 0.0071644 0.001273 -0.0044811 0.0031329 0.010611 0.004571 -0.014142 0.0042475 0.094182 0.043265 0.2189 -0.25909 0.58269 0.35975 -0.0070519 -0.00024635 0.027261 0.011567 -0.0041659 -0.001169 0.0098237 0.0022122 0.037427 0.03752 0.12935 0.079989 0.16171 0.18206 0.38993 0.31214 0.065512 0.07931 0.071548 0.08512 0.0009298 0.0014006 0.00094704 0.0014135 0.034304 0.036131 0.034304 0.036131 0.063968 0.10284 0.064042 0.1029 0.00012375 0.00035463 0.00019119 0.00035463
0.0089205 0.0023128 0.01014 0.0035902 -0.027707 0.01855 0.031282 0.019839 0.062185 0.0030829 0.081753 0.01295 0.00036122 0.00020897 0.00041169 0.00033301 0.022621 -0.0050023 0.022929 0.018165 0.037133 -0.16545 0.09919 0.24033 0.34329 0.018661 0.54263 0.14824 0.0028596 -0.00049618 0.0033144 0.0012878 0.0062171 -0.0072266 0.0088655 0.0090114 0.017626 -0.014196 0.044675 0.060829 0.46313 -0.0078554 0.47041 0.053549 0.0025591 0.00050446 0.0027287 0.0020803 0.00033445 -0.00010569 0.00056701 0.00025802 0.0039172 0.00023939 0.0040431 0.0016656 0.06627 -0.0091771 0.066295 0.011284 0.00010683 -7.5085e-05 0.00011743 7.5085e-05
0.0029515 0.0017577 0.0029948 0.0018832 -0.0056988 -0.010558 0.015349 0.056447 0.098667 -0.08086 0.11078 0.10222 0.0013189 -0.00087644 0.0013189 0.00087644 0.019385 -0.0030739 0.021352 0.012945 0.048385 0.1207 0.18497 0.24997 -0.03007 0.073965 0.47718 0.25626 0.20753 -0.030905 0.20753 0.057757 -0.0065606 -0.0052378 0.0071227 0.0056787 0.13134 -0.16871 0.14759 0.20658 0.080228 -0.010295 0.46091 0.22959 0.16951 0.024934 0.16951 0.025816 0.00031811 0.00054378 0.00091212 0.001028 0.013939 0.023171 0.014235 0.023774 0.058434 0.040321 0.058434 0.040321 0.010514 0.0045597 0.010514 0.0045597
-0.0021926 0.0019676 0.0030724 0.0025079 0.00072959 0.011689 0.0032546 0.016979 -5.0654e-05 0.0099457 0.0059886 0.019537 0.00035577 -0.0012135 0.0019268 0.0030267 -0.0044616 -0.018645 0.0069188 0.020429 0.21573 0.01927 0.22663 0.15562 -0.14403 0.10047 0.32482 0.34893 0.013102 0.022461 0.020446 0.031025 0.015917 0.035941 0.019749 0.042772 0.31204 0.043343 0.43931 0.25981 -0.22319 -0.13036 0.28627 0.21762 0.1167 0.064102 0.12039 0.064123 0.0067233 0.00059772 0.016037 0.013765 -0.037489 -0.02462 0.057434 0.033087 0.039295 0.052499 0.061098 0.059018 0.021723 0.010482 0.021723 0.010621
5.241e-05 0.00048592 0.0037473 0.0023323 -0.0062458 0.00058796 0.0081969 0.0036677 0.067413 -0.0064559 0.069537 0.0093569 4.2421e-05 1.6672e-05 4.2421e-05 2.5685e-05 -0.05231 0.016321 0.0636 0.028453 -0.040293 0.028198 0.1487 0.049782 0.44483 -0.00072378 0.47115 0.04629 0.00064709 -0.00045986 0.00064709 0.00045986 -0.005378 -0.029948 0.034561 0.036205 -0.083573 0.12852 0.25893 0.17443 0.40839 0.035415 0.47581 0.057396 0.0018913 5.9813e-06 0.0018913 0.00087947 0.0023272 0.00037029 0.0026074 0.00097778 0.012128 -0.034436 0.013552 0.035452 0.045869 0.01106 0.077728 0.017085 3.162e-06 6.5767e-06 6.074e-05 2.6727e-05
-0.00082587 -0.00029967 0.0015104 0.0016802 0.0038964 -0.0030531 0.0053478 0.01343 -0.0033291 0.0021554 0.0089512 0.018128 0.0016591 -0.0023039 0.0017132 0.0043504 -0.0058423 -0.0017709 0.01034 0.01313 0.17591 0.06368 0.17917 0.1869 -0.15804 0.096226 0.32018 0.24211 0.06015 0.052849 0.061252 0.056233 -0.00022473 -0.0074922 0.0082624 0.02232 0.38512 -0.026793 0.43119 0.23753 -0.25477 -0.090256 0.33872 0.18551 0.1484 0.029317 0.15161 0.049972 0.019053 0.0076961 0.020472 0.011668 -0.048971 0.019437 0.091408 0.054773 0.03842 0.040991 0.05936 0.0483 0.02118 0.018398 0.021189 0.018405
0.0002524 -0.0017556 0.00053621 0.0018943 0.036974 -0.008576 0.038193 0.027546 -0.041263 2.9444e-05 0.050563 0.028416 0.0025309 -0.00037719 0.012887 0.0018627 -0.0006653 0.00026923 0.0028893 0.0055647 0.29529 0.053515 0.30221 0.10255 -0.16522 0.1432 0.27112 0.16914 -0.0058303 0.0097648 0.09065 0.018419 -0.011977 0.024248 0.011977 0.026375 0.14846 -0.017088 0.25207 0.22886 -0.031839 -0.19841 0.3407 0.47781 0.038067 0.047712 0.11577 0.074528 -0.0020153 0.009587 0.0020153 0.009587 0.012982 0.079978 0.023573 0.079978 0.044374 0.19114 0.053547 0.19114 0.015725 0.024257 0.015725 0.024257
0.00083665 -0.00012189 0.0035698 0.0023527 -0.0075989 0.00070226 0.0096741 0.0026549 0.070399 -0.0074259 0.072098 0.0088699 0 0 0 0 0.0044412 0.00013135 0.056325 0.030336 -0.10054 0.096948 0.16366 0.11717 0.44286 -0.011186 0.47372 0.088865 0.003774 -0.0011389 0.003774 0.0027021 0.051118 0.00045284 0.054994 0.01605 -0.16731 0.078258 0.19206 0.12965 0.39071 0.035085 0.48354 0.065794 0.0019148 0.00095723 0.0020743 0.0015231 0.0018001 -0.00026347 0.0018232 0.0008913 0.013742 -0.03643 0.014872 0.037612 0.042593 0.0041878 0.075956 0.017083 0.00017391 -0.00010427 0.0001771 0.00010669
-0.00070713 0.00046277 0.0017423 0.0011047 0.05709 -0.018474 0.05709 0.03437 6.3365e-06 6.3365e-06 6.3365e-06 6.3365e-06 0 0 0 0 -0.0076643 -0.001932 0.020904 0.011372 0.48905 0.0028892 0.49764 0.15515 0.0015726 0.00020259 0.0015726 0.00051786 0 0 0 0 -0.0058857 0.0047906 0.017506 0.0067553 0.47165 0.04292 0.47184 0.17175 0.00066002 -6.0438e-05 0.00066002 0.00066002 0 0 0 0 0.0012543 0.0020907 0.0062887 0.0045123 0.035514 0.022474 0.035514 0.022474 0 0 0 0 0 0 0 0
0.00020782 -0.00016781 0.00026048 0.0002952 0.003528 0.0062222 0.0043879 0.0069687 0.0078389 0.021283 0.017518 0.02452 -0.0022609 0.0051723 0.0043284 0.0059142 0.00021666 -0.011213 0.0022462 0.011213 0.36083 0.055899 0.37132 0.1803 -0.093654 0.030886 0.22449 0.28315 -0.025822 -0.017661 0.033703 0.02272 -0.0029557 0.015734 0.0057974 0.017544 0.37772 -0.07554 0.38986 0.18484 -0.22678 -0.1784 0.25956 0.24435 0.0055971 0.012152 0.0064659 0.015748 -0.016136 0.011378 0.0182 0.019161 0.00037362 0.0066583 0.052984 0.033789 -0.0060167 -0.003948 0.013313 0.011567 0.0037791 -0.0022135 0.0053345 0.006624
0.00050304 -9.6285e-05 0.0014534 0.00052529 0.0016201 -0.012481 0.016918 0.020643 0.060237 -0.014789 0.062044 0.019067 0 0 0 0 -0.0060599 0.0090577 0.014234 0.024991 0.096444 -0.040284 0.16298 0.1259 0.35806 0.010558 0.50222 0.144 0 0 0 0 -0.059714 0.029154 0.059714 0.032755 -0.030515 0.05798 0.11912 0.12837 0.48361 0.030097 0.48361 0.051407 0 0 0 0 -0.0025807 0.0070817 0.0026094 0.0070817 -0.041525 0.053167 0.041525 0.067553 0.06251 0.017156 0.06257 0.033346 0 0 0 0
-0.0031769 -0.001126 0.0035072 0.0020927 -0.0031083 0.026351 0.030383 0.029465 0.050058 -0.063417 0.053132 0.066765 0.020049 -0.0082401 0.020049 0.0082401 0.0035072 -0.0011421 0.01447 0.0054109 0.088031 -0.15271 0.22088 0.23551 -0.067461 -0.10149 0.18443 0.29958 0.08341 -0.042907 0.090705 0.043618 0.0042783 0.010645 0.01494 0.035919 -0.11381 -0.0062266 0.12461 0.036458 0.26209 0.10648 0.57868 0.48039 0.055782 0.013253 0.081712 0.025929 -0.0024276 0.0029347 0.0031093 0.0079488 -0.006297 0.0065637 0.023216 0.01324 0.0053315 -0.00082902 0.017665 0.014064 0.012097 -0.006437 0.012097 0.0069842
-0.012988 -0.0032441 0.012988 0.003271 -0.020285 -0.02752 0.07136 0.039812 -0.0063724 0.008431 0.060305 0.021765 -0.0012455 0.0038807 0.002959 0.0041458 -0.17876 -0.009396 0.17876 0.017732 0.281 0.020745 0.40741 0.079368 -0.12694 0.038307 0.39159 0.15686 -0.0076973 -0.0024587 0.014439 0.0070573 -0.10125 0.034777 0.10173 0.036314 -0.15228 -0.0075878 0.30363 0.1381 0.022264 -0.13251 0.48651 0.21545 0.012016 -0.025162 0.021926 0.025622 -0.0025629 0.0010747 0.0026895 0.0014517 -0.075233 0.02816 0.078695 0.033138 0.011058 -0.0092605 0.02501 0.018564 -0.0015718 0.0009895 0.0031272 0.0037694
-0.00033058 -0.0028267 0.0013186 0.0030574 0.0018723 -0.011513 0.0028077 0.012277 0.0070481 0.0095461 0.0075884 0.013518 0.00044575 0.0066592 0.0035788 0.0075403 -0.00019778 0.0021564 0.0019979 0.0093131 -0.0040036 -0.014993 0.013025 0.049587 0.27671 -0.06243 0.37852 0.21633 -0.033598 -0.021407 0.039198 0.037309 0.052359 0.040684 0.06055 0.046177 -0.27326 0.29183 0.43587 0.51252 0.078276 0.032752 0.25141 0.15098 0.0013537 -0.0016481 0.015834 0.016285 0.0076224 -0.0073255 0.011395 0.016832 -0.020407 -0.02203 0.027537 0.038976 0.0043968 0.0055483 0.01221 0.014849 0.010383 0.014123 0.01116 0.014123
2.6596e-05 -0.0022619 0.002399 0.0031275 0.024112 -0.034847 0.036568 0.085351 0.062244 -0.041154 0.080408 0.11823 0.0027886 -0.0021011 0.0028719 0.0021011 -0.0074667 0.002358 0.012071 0.0079871 0.15662 -0.17349 0.23537 0.30588 0.11459 -0.21012 0.42166 0.50005 0.13884 -0.0077363 0.13897 0.029022 -0.024214 0.016378 0.053502 0.050764 0.011833 0.084207 0.089533 0.12127 0.28191 0.0099583 0.28569 0.10387 0.10505 -0.0061223 0.10505 0.013297 0.0004361 -0.0073781 0.0016983 0.0074492 0.006625 -0.015116 0.019016 0.017738 0.030031 -0.0051729 0.040699 0.023232 0.01255 -0.0012245 0.012557 0.005775
0.0058293 0.00016873 0.0083773 0.0096076 0.034066 -0.038652 0.066524 0.044367 0.00013988 -0.00013176 0.0009804 0.00013176 0 0 0 0 -0.00031919 -0.027354 0.037445 0.061757 0.48143 -0.0079469 0.61479 0.22295 0.0055122 -0.0033549 0.0065911 0.0048459 0 0 0 0 0.024686 0.0037442 0.024697 0.012552 0.38471 -0.0025967 0.38689 0.097675 0.065721 -0.0059517 0.065721 0.012109 0 0 0 0 0.00090633 -0.0012941 0.0014058 0.0018466 0.060649 0.0060174 0.060649 0.012604 0.0089093 0.00047662 0.0089093 0.0010623 0 0 0 0
-0.00034771 -0.00039445 0.0011012 0.0010347 0.034399 0.0092173 0.052644 0.014855 -0.040944 0.017864 0.043866 0.022543 0.0011703 0.00097167 0.001234 0.001266 -0.0040399 -0.0071273 0.0077654 0.01417 0.27999 -0.013617 0.42911 0.084156 -0.18914 -0.043433 0.24337 0.15838 -0.0060964 0.0033181 0.010927 0.012589 -0.0035305 0.00081931 0.0054903 0.011841 0.21327 -0.08528 0.59465 0.15064 -0.17675 -0.14106 0.30663 0.15189 -0.0074198 -0.001798 0.0075744 0.0035576 -0.0011551 -0.0011807 0.0028612 0.0027906 0.0032708 -0.0016018 0.02963 0.011825 -0.0018003 -0.0086456 0.0078985 0.0086456 -0.00089398 -0.00077372 0.0009773 0.0008341
-0.0019966 0.00057239 0.0044682 0.0027989 0.0020026 -0.0016904 0.0076874 0.0043802 0.084503 -0.033744 0.084503 0.035656 0.00025149 -0.00017013 0.00025149 0.00043975 0.024762 -0.0015685 0.037076 0.010455 -0.072372 0.024183 0.084483 0.029576 0.47335 -0.069797 0.47799 0.088109 0.0019398 0.00063682 0.0026254 0.0015561 0.016202 0.0093375 0.033211 0.014104 -0.096794 0.057761 0.17543 0.07389 0.45968 0.068324 0.45968 0.11338 0.0014376 -0.00072396 0.002234 0.0024075 0.004452 6.7888e-05 0.0068747 0.0018112 -0.020908 -0.0089571 0.026011 0.011216 0.069323 0.0073997 0.070101 0.012845 0.00039272 0.00012177 0.00048092 0.00050617
-0.014887 -0.014724 0.014891 0.014739 -0.032054 -0.030218 0.04119 0.041256 0.095255 -0.051799 0.10193 0.073218 0.00085199 -0.00066582 0.00085199 0.00066582 -0.062161 -0.009054 0.066841 0.052234 0.048816 -0.018325 0.14893 0.1026 0.058552 -0.1447 0.3083 0.35083 0.1795 -0.067245 0.18467 0.067883 -0.067809 0.036407 0.086352 0.081226 -0.12117 -0.021176 0.16541 0.13109 0.21133 0.10722 0.47356 0.39771 0.18585 0.044661 0.18585 0.044725 -0.028721 -0.001051 0.028721 0.0032279 -0.017843 0.019272 0.041659 0.037627 0.036387 0.003376 0.050492 0.0146 0.019816 0.0045222 0.019816 0.0045222
0.00018872 -0.00048206 0.00051104 0.00076683 0.001212 -0.0088662 0.0026491 0.0088662 0.039748 0.0065101 0.044476 0.025881 0.00052021 0.00225 0.0013139 0.008762 -0.0029117 0.0068116 0.0046748 0.0081007 0.004023 0.0087085 0.014093 0.0244 0.44316 -0.075378 0.44673 0.24818 -0.034827 -0.033552 0.042934 0.050547 -0.10211 0.064462 0.10506 0.1036 0.051114 0.13597 0.13889 0.16547 0.12899 0.033074 0.47261 0.4171 -0.0082744 -0.011036 0.012497 0.025909 -0.0075945 -0.0081347 0.0099083 0.012582 -0.0013295 -0.0039467 0.03483 0.050246 -0.00028464 0.0015248 0.006835 0.0079953 -0.0017065 -0.0024247 0.0024136 0.0032595
-0.010319 -0.01224 0.010325 0.012277 -0.010671 -0.01996 0.01117 0.01996 0.014157 0.0044801 0.030092 0.03673 0.015366 0.01172 0.019946 0.013293 -0.0081976 0.0047047 0.048966 0.0364 0.34142 0.036348 0.41687 0.075431 -0.2984 0.019312 0.39013 0.13876 0.11726 -0.010786 0.16378 0.078402 -0.038818 -0.020218 0.058152 0.020218 0.23009 -0.067861 0.25494 0.14539 -0.14489 -0.015055 0.31015 0.27458 0.10943 0.013596 0.1102 0.086665 0.00073557 0.0016453 0.00082864 0.0017665 0.0099045 0.017013 0.026267 0.027407 0.039114 -9.1833e-05 0.051494 0.064988 0.021749 0.020764 0.021749 0.022691
-0.00052647 -0.00010691 0.00092442 0.0003481 -0.0051245 0.018694 0.067765 0.042367 0.052305 0.0057806 0.063054 0.0085553 1.6469e-06 1.6469e-06 1.6469e-06 1.6469e-06 0.0010078 0.0014664 0.0070729 0.0021359 0.061719 -0.096113 0.16415 0.14646 0.40503 0.02499 0.49966 0.15844 0.00047043 -7.7917e-05 0.00047043 7.7917e-05 -0.0023295 0.0071779 0.018922 0.028788 0.012773 0.0015915 0.084968 0.036567 0.48151 0.020934 0.48151 0.026904 0.00010263 0.00010263 0.00010263 0.00010263 -0.0019448 0.0026386 0.0028708 0.0035019 0.0034468 0.0059901 0.0097204 0.018035 0.069899 0.0071093 0.071516 0.0094493 0 0 0 0
0.0073267 -0.0021626 0.0093793 0.0026997 0.0038313 -0.020313 0.039383 0.023897 -0.021165 -0.0039388 0.030233 0.014724 -0.00022077 0.00033178 0.00080152 0.0012298 0.054174 -0.0012075 0.060214 0.007583 0.023899 -0.013218 0.22906 0.072636 0.017628 0.081635 0.54866 0.19448 -0.00014751 0.010422 0.0017647 0.010422 -0.012599 0.017459 0.038186 0.030413 0.18926 0.066792 0.41092 0.1873 -0.092777 -0.047005 0.37605 0.19912 0.0021533 0.007928 0.0033333 0.01161 -0.010986 0.025193 0.011097 0.025209 0.011996 0.17015 0.017429 0.17015 0.015442 0.20335 0.021058 0.20345 0.001758 0.032299 0.002588 0.032302
0.00029153 0.00012494 0.0004427 0.00039689 -0.00020474 0.0023193 0.0024188 0.0040881 0.012724 0.0078611 0.013522 0.010925 0.00017174 0.0034709 0.007491 0.0056461 -0.0031217 -0.012718 0.0047985 0.012998 -0.016692 -0.14876 0.060755 0.16107 0.33283 -0.01586 0.34209 0.28468 0.0092647 0.013585 0.051716 0.041998 -0.00049677 -0.009644 0.0050382 0.010162 -0.01704 -0.019571 0.035525 0.070126 0.51777 -0.015142 0.52577 0.26266 -0.023522 -0.018326 0.060997 0.047922 -5.668e-05 3.1584e-05 0.00040548 0.00061499 0.00086554 0.001309 0.0028766 0.0053829 0.044188 -0.01636 0.045518 0.025688 -0.013088 0.0027637 0.01391 0.0076121
0.0062476 -0.0022128 0.0062527 0.0033391 -0.017261 -0.011328 0.072632 0.044076 0.042782 0.012853 0.071681 0.01377 0.00010884 -3.7557e-05 0.00010884 5.2017e-05 0.006111 -0.0016992 0.010073 0.0081554 0.14179 -0.066893 0.22821 0.17118 0.33039 0.0028579 0.46324 0.19096 0.0013478 3.0541e-05 0.0013478 0.00048885 -0.0055365 0.0047842 0.0068432 0.0068735 0.043993 -0.023 0.06919 0.033505 0.49786 0.02256 0.49786 0.053382 0.00049572 0.00027044 0.00049572 0.00027044 -0.0028196 -6.4113e-05 0.005033 0.0021404 0.007092 0.0012826 0.0072719 0.0014915 0.073234 0.0046978 0.073234 0.0050736 7.7456e-06 -4.1305e-06 7.7456e-06 4.1305e-06
0 0 0 0 -0.063278 -0.061254 0.064937 0.061254 0.062537 -0.023502 0.065206 0.038511 0 0 0 0 -0.070756 -0.057782 0.070756 0.057782 -0.10471 -0.06617 0.29094 0.14894 0.3843 0.031731 0.44066 0.21269 0.00017331 1.587e-05 0.00017331 0.00017331 -0.046163 0.0027388 0.06111 0.014968 -0.0052286 -0.015848 0.14738 0.15437 0.39202 -0.04131 0.4342 0.18646 0 0 0 0 -0.0075055 -0.0011344 0.0082977 0.006375 0.014682 0.038641 0.01611 0.043745 0.054884 0.056626 0.054884 0.056626 0 0 0 0
0.00052336 -0.001427 0.00063083 0.0014579 0.06522 -0.01434 0.065703 0.030776 -0.074552 -0.027085 0.10102 0.033373 0.0036555 9.6485e-05 0.017529 0.0024618 0.0020264 -0.00090578 0.010691 0.014365 0.22681 -0.0088927 0.2543 0.077422 -0.10296 0.12222 0.3092 0.17553 -0.041565 0.0087759 0.0904 0.022821 -0.028938 0.017611 0.043975 0.070598 0.24318 0.0048525 0.32171 0.12983 -0.073369 -0.042064 0.56562 0.37853 -0.019363 -0.004758 0.067866 0.034153 8.0007e-05 -0.0005505 0.00067151 0.0014577 0.034056 -0.0022899 0.037647 0.037728 0.0034439 0.071356 0.064651 0.087287 0.018465 0.028998 0.018465 0.028998
0.0065254 -0.001746 0.016891 0.0059872 0.025234 -0.0061034 0.067645 0.037415 -0.051746 -0.0047775 0.065566 0.028126 0.0014482 -0.0022355 0.0015343 0.0022822 -0.020468 -0.00085507 0.10052 0.013732 0.29701 -0.029358 0.37718 0.19377 -0.29376 0.024029 0.40034 0.22451 -0.0040899 0.011497 0.0046565 0.011693 0.017417 0.0046235 0.039982 0.03973 0.14795 -0.11458 0.35717 0.3677 -0.16523 -0.12354 0.1789 0.17181 0.00025544 0.0040967 0.0030563 0.006232 7.3332e-05 -0.0048327 0.0010547 0.0053188 0.0020963 -0.019949 0.0043992 0.020504 0.0029933 -0.025643 0.0034153 0.02573 0.0015536 -0.0040407 0.0016607 0.0045233
0.0087584 -0.0052599 0.017609 0.0085333 -0.03624 0.030731 0.072654 0.090995 -0.003267 0.028831 0.018748 0.037636 0.010465 -0.0019379 0.010529 0.0040204 0.0063871 -0.0062908 0.007367 0.0076499 -0.020779 -0.27056 0.32702 0.66473 0.094087 -0.055919 0.239 0.35313 0.0178 -0.00675 0.035209 0.026396 -0.0056186 0.0045479 0.0099352 0.0074955 -0.037173 -0.022401 0.056523 0.030346 0.19043 0.029561 0.31122 0.11224 -0.018907 -0.014053 0.038234 0.069371 -0.0023985 -0.0019486 0.0028904 0.0024077 0.0085906 0.0020653 0.012059 0.0038812 0.017077 0.00097642 0.039256 0.01438 -0.0010914 -0.003513 0.0031419 0.012797
-0.0095334 0.0056176 0.018554 0.0089027 7.682e-05 0.011563 0.021097 0.015761 0.024684 0.024039 0.054066 0.037973 -0.0082722 0.0081883 0.0084342 0.0084358 -0.049716 -0.0055572 0.060831 0.025288 -0.059416 -0.066348 0.070786 0.13485 0.35392 -0.032935 0.47368 0.10556 -0.060911 -0.0057465 0.062589 0.038695 -0.13898 0.016218 0.13898 0.04707 0.056353 0.011543 0.111 0.096175 0.15103 -0.10718 0.66635 0.18827 0.0028036 -0.01279 0.031725 0.013872 -0.0067576 -0.0081648 0.0069786 0.0083224 0.0044867 -0.012826 0.018819 0.030997 -0.003312 -0.0076971 0.026634 0.012434 0.00038468 -0.0026248 0.0026447 0.0026674
-0.0012547 -0.0019682 0.0028813 0.004324 0.0030446 -0.0043095 0.013516 0.019091 0.024177 -0.012514 0.033396 0.05098 0.012985 0.01513 0.012985 0.015186 -0.0059932 -0.0023347 0.017557 0.010967 0.077777 0.065833 0.093909 0.096396 0.081812 0.085319 0.37584 0.2988 0.15244 -0.060406 0.15251 0.069528 -0.00482 -0.0048214 0.010168 0.0079038 0.28249 -0.062916 0.29138 0.12604 -0.070616 0.073584 0.54441 0.35566 0.050804 0.019681 0.10663 0.062149 -0.00033503 0.0013849 0.0016459 0.0017828 0.02296 0.0011807 0.025308 0.013142 0.046462 -0.023341 0.15122 0.043209 -0.003994 -0.0049696 0.022603 0.010704
0.0018505 -0.0066195 0.0064814 0.018228 0.0070824 -0.020219 0.029878 0.071537 0.01528 -0.020966 0.073975 0.063913 0.011577 -0.036645 0.015182 0.036645 -0.016998 -0.00537 0.017268 0.0056753 0.14372 0.024242 0.22778 0.19379 -0.10296 -0.016467 0.21298 0.19526 0.052354 -0.029357 0.062491 0.07313 -0.02276 -0.0050933 0.02276 0.0051378 0.28765 -0.084067 0.31012 0.12262 -0.16437 0.12888 0.60514 0.36814 -0.011944 -0.0041042 0.021441 0.030338 0.00056409 0.0012975 0.0040341 0.0023243 -0.0064699 0.0039903 0.0080161 0.0046243 0.027554 -0.038922 0.056053 0.080545 -0.0013849 0.0058911 0.0044006 0.012794
-0.00092181 -0.00019455 0.0014235 0.00058602 0.07199 0.0093024 0.073204 0.013833 0.0013625 -0.00020912 0.0015115 0.00053384 0 0 0 0 -0.0079601 -0.00041688 0.0093101 0.0029877 0.48617 0.033053 0.49148 0.053559 0.0093317 0.0036656 0.0093317 0.0099264 0 0 0 0 -0.0052132 -0.0024563 0.0088144 0.0049407 0.49142 -0.012534 0.4999 0.079014 0 0 0 0 0 0 0 0 -0.0015989 0.00035496 0.0017588 0.0008328 0.066263 0.004812 0.066396 0.0095927 0.0010578 -0.00042085 0.0010578 0.00043354 0 0 0 0
-0.00071523 -0.00011924 0.00071523 0.00018072 -0.059045 -0.051656 0.10575 0.060106 -0.010023 0.015456 0.048688 0.026349 -0.0017478 -0.0016816 0.003061 0.0018977 -0.10797 -0.040712 0.10806 0.040988 0.02102 -0.10421 0.38247 0.1612 -0.021726 0.040652 0.39029 0.40799 -0.038329 0.037433 0.047126 0.040747 -0.092498 -0.049725 0.095117 0.053165 0.10474 0.0098273 0.12617 0.032334 0.24698 -0.041916 0.54627 0.087198 -0.078207 0.0060559 0.078433 0.014894 -0.0026869 -0.0010849 0.0037199 0.0023304 0.0042447 -0.0026082 0.0071558 0.0051619 0.014016 -0.024683 0.054812 0.035243 -0.0087082 -0.0090061 0.0087107 0.009013
0.00062978 0.0014527 0.0007267 0.0014636 0.011039 0.017722 0.011073 0.019281 -0.0023608 0.015388 0.019632 0.039651 -0.001897 0.00042031 0.0025119 0.0074613 0.005544 0.0062645 0.0060052 0.0081935 0.08549 0.14734 0.37932 0.16175 -0.18126 0.059208 0.23139 0.21412 0.011214 -0.0072851 0.039071 0.043108 -0.0004184 -0.0011334 0.0029394 0.0025352 0.049117 -0.13602 0.76534 0.15556 0.0054428 0.062649 0.068059 0.10311 -0.028095 0.029678 0.045472 0.035382 -0.00043479 -0.00091593 0.00051439 0.0010883 0.0077757 -0.0076398 0.017645 0.010063 0.032611 0.00662 0.033997 0.018249 -0.0014397 0.0022789 0.0044914 0.002783
