0.00043071 0.0013347 0.00047245 0.0023589 0.038647 0.025062 0.048803 0.027776 0.0025708 0.078042 0.022662 0.080835 0.0036498 0.0058608 0.0036692 0.0059331 0.0021528 0.011057 0.0032317 0.023112 0.18662 -0.1752 0.29854 0.30836 0.22283 -0.23223 0.22547 0.24946 0.00012789 0.00028911 0.00012789 0.00028911 -0.0024609 -0.018832 0.0069103 0.027297 -0.045024 -0.025372 0.18301 0.12949 0.4637 0.10195 0.4637 0.10261 0 0 0 0 -0.00017375 0.003635 0.0015429 0.0037476 0.019315 0.012662 0.040459 0.013217 0.058501 0.0088287 0.058501 0.0088958 0 0 0 0
0.00028872 -9.0606e-05 0.0004116 0.0016022 0.034692 0.014657 0.04522 0.017445 0.0063518 0.073979 0.026534 0.075513 0.0046899 0.0039986 0.0046899 0.0039986 0.0042636 0.011679 0.0045369 0.020731 0.17205 -0.11446 0.27553 0.32747 0.24679 -0.17329 0.24721 0.23214 0.00022072 0.00013963 0.00022072 0.00013963 -0.0049739 -0.013282 0.011151 0.031992 -0.033516 -0.05537 0.2486 0.13766 0.47303 0.069427 0.47303 0.070131 0 0 0 0 -0.0014075 0.0024132 0.002901 0.0033818 0.016856 0.0069042 0.028563 0.011878 0.058758 0.0054832 0.058758 0.0060989 0 0 0 0
7.9424e-06 -0.00044506 0.001543 0.00096586 0.01251 0.010631 0.025263 0.014084 -0.0022957 0.015323 0.02832 0.015952 0.0085187 0.0057002 0.0085187 0.0057695 -0.0014146 0.0045375 0.0083613 0.013716 0.28591 0.076435 0.36585 0.13793 0.12967 0.26437 0.16029 0.27049 0.0068183 0.006841 0.0071692 0.0070509 0.0059118 0.011478 0.0069998 0.016892 0.15107 -0.14721 0.2825 0.28407 0.2181 -0.34547 0.22123 0.37923 0.0027232 -0.00026329 0.0027232 0.0013555 0.00057159 0.00042497 0.0010105 0.0018016 -0.014499 -0.0032824 0.024758 0.013087 0.041768 -0.0058459 0.05317 0.0094476 0.00019156 -4.9743e-05 0.00019156 0.00012994
-6.8729e-05 -4.9694e-05 0.00024172 0.0020954 0.016207 0.0090837 0.019756 0.01441 -0.0071447 0.013428 0.016414 0.015371 0.012277 0.0017246 0.012277 0.0026677 0.0027367 0.0042793 0.0038857 0.013915 0.28189 0.14541 0.35937 0.16193 0.060608 0.3644 0.17052 0.37188 0.025618 0.015694 0.025618 0.015694 0.0054549 0.016714 0.0056375 0.02561 0.16535 -0.15593 0.30951 0.30742 0.25754 -0.12691 0.25754 0.17869 0 0 0 0 -0.0021387 -0.0047825 0.0023684 0.0064703 0.0076694 -0.019097 0.03589 0.035589 0.068109 0.0093319 0.068109 0.0096485 0 0 0 0
-0.00065939 0.0021428 0.0013951 0.0033009 0.048045 -0.021439 0.052658 0.043346 0.01354 0.018836 0.01402 0.020876 0.00053987 0.00039104 0.00053987 0.00039104 -0.0024118 0.0011468 0.011506 0.016051 0.0076426 -0.069922 0.1692 0.17182 0.45529 -0.1106 0.45529 0.12389 0.00037602 9.5524e-05 0.00037602 0.00017697 -0.019863 0.0062414 0.048784 0.046237 0.14123 0.23409 0.20597 0.2633 0.3469 0.15979 0.34715 0.1611 0.00030676 -3.4263e-05 0.00030676 0.00015186 0.0020911 0.005548 0.0021126 0.005548 0.0085017 0.029137 0.010066 0.029137 0.0011362 0.0017303 0.0011362 0.0017303 0 0 0 0
-0.0022733 0.00046611 0.0025136 0.0027931 0.024201 0.013358 0.032722 0.052963 0.01544 0.077677 0.030433 0.080547 0.0034441 0.0024676 0.0034441 0.0024703 0.018825 -0.012321 0.027946 0.021277 0.016484 -0.056654 0.15621 0.16151 0.41989 -0.086397 0.41989 0.13104 7.98e-05 7.98e-05 7.98e-05 7.98e-05 0.0012627 0.042756 0.015724 0.056028 0.10214 0.29339 0.26552 0.36696 0.30462 0.16684 0.30462 0.16804 0 0 0 0 0.0045087 0.0022717 0.0045087 0.0026502 0.002754 0.005334 0.002754 0.005334 9.9948e-05 9.9948e-05 9.9948e-05 9.9948e-05 0 0 0 0
0.0011702 0.0015143 0.0014464 0.0042131 0.0099758 -0.014371 0.017969 0.037338 0.0039025 -0.025925 0.025362 0.02758 0.00021511 -0.00094671 0.0025468 0.002472 0.0024651 0.0052749 0.0081934 0.032369 -0.10489 -0.027575 0.16734 0.26767 0.23202 0.074811 0.29427 0.3567 0.015714 0.046031 0.017707 0.050461 0.00052086 0.019472 0.014817 0.032584 -0.13995 -0.024892 0.20578 0.089477 0.46352 0.12258 0.51477 0.13013 0.00070208 0.00032056 0.00070208 0.00052911 -0.0015365 0.004074 0.0015365 0.004074 -0.0015519 0.089351 0.039849 0.089351 0.027338 0.028936 0.027494 0.029121 3.8622e-05 -1.3298e-05 4.1398e-05 1.6074e-05
-0.00081532 0.00038116 0.0019718 0.004607 0.061586 -0.06321 0.061726 0.06349 0.012558 -0.010072 0.01262 0.010242 -8.2143e-06 9.4997e-06 3.0568e-05 3.0568e-05 -0.0040887 0.0091481 0.02258 0.024474 3.3507e-05 0.0039005 0.17974 0.1027 0.49763 -0.13803 0.49763 0.13803 0.0011986 -0.0007902 0.0011986 0.0007902 -0.02256 -0.00064006 0.024203 0.024355 0.064497 0.084545 0.25433 0.13855 0.36486 0.07627 0.37381 0.13599 0.0091931 -0.017813 0.0093122 0.017813 -0.00074839 -0.0016465 0.0015792 0.0022757 0.033256 0.010776 0.038626 0.036654 -0.016077 -0.050511 0.034238 0.057969 0.002727 -0.0052865 0.0048939 0.0064666
-0.0011972 -0.0012981 0.0015595 0.0025476 0.025807 0.02944 0.034563 0.042074 0.0035722 -0.0044623 0.026117 0.018597 0.0031072 0.0035451 0.010112 0.0039362 0.0013942 0.014688 0.041485 0.038083 0.2356 0.12103 0.43213 0.37161 -0.1405 0.14642 0.21824 0.17262 0.05053 -0.018615 0.094939 0.029641 -0.0024336 0.017631 0.015677 0.020943 0.20602 -0.056 0.42177 0.21954 -0.082071 0.056955 0.37206 0.17508 -0.0029774 -0.0063967 0.040209 0.027833 0.0020069 -0.0011498 0.0027835 0.0014578 -0.024569 0.0131 0.027138 0.016668 0.019554 -0.042829 0.063567 0.0471 -0.0032037 -0.004169 0.0032278 0.0041882
-0.0016822 0.0016129 0.0028453 0.0017427 0.034721 -0.00073048 0.053213 0.013563 -0.024867 0.0030251 0.044895 0.0064997 -0.00021888 0.00039929 0.00096222 0.00055491 -0.024282 0.0025265 0.026753 0.0048871 0.27554 0.015122 0.60929 0.062984 -0.20947 -0.014537 0.36412 0.071318 -0.0020788 -0.0068104 0.0046773 0.0079836 -0.025725 -0.0054301 0.031447 0.0097939 0.049153 -0.15036 0.33232 0.28979 -0.040946 -0.16252 0.2184 0.23572 -0.00096325 -0.017754 0.011712 0.035602 -0.0012435 -0.005083 0.0012435 0.005083 -0.0028675 -0.023272 0.0050318 0.023579 -0.010249 -0.034024 0.012668 0.039809 0.00080621 0.00086006 0.0016753 0.003615
0.0013188 0.0010908 0.0016611 0.0042557 0.048374 0.013288 0.061443 0.01653 0.0315 0.0078569 0.0315 0.0080904 0 0 0 0 0.019714 0.0018409 0.022881 0.04066 0.4567 0.099052 0.54289 0.1407 0.017065 0.0072887 0.017935 0.011487 0 0 0 0 -0.034006 0.0066573 0.052556 0.027076 0.26873 -0.22178 0.27537 0.28493 0.23919 -0.15395 0.24006 0.15625 0 0 0 0 -0.0040832 0.0012113 0.0051579 0.0020295 0.0065955 0.0052947 0.0086921 0.0080662 0.064981 -0.0090452 0.064981 0.012722 8.5611e-06 -8.5611e-06 8.5611e-06 8.5611e-06
-0.002471 0.0059377 0.0042119 0.0078832 -0.0063063 0.033922 0.019047 0.053107 0.00098899 -0.003109 0.028927 0.029449 0.0031757 -0.0011621 0.0033383 0.0025405 -0.0062244 -0.012761 0.018046 0.018386 -0.061737 -0.15968 0.18649 0.2703 0.17387 0.077734 0.35501 0.30468 -0.0094879 0.047712 0.020901 0.055295 -0.02361 -0.017647 0.027801 0.022209 -0.054411 -0.012892 0.15752 0.066085 0.50593 0.1229 0.50679 0.13306 0.0045242 0.02064 0.0056599 0.02064 -0.0026844 0.0033839 0.0030306 0.0058936 0.038053 0.046621 0.045122 0.054192 0.040359 0.030636 0.040359 0.030701 6.2788e-06 -3.3483e-06 6.2788e-06 3.3483e-06
-0.0029674 0.0018588 0.0042926 0.0024691 0.034754 0.030253 0.058498 0.037554 -0.024343 0.019543 0.04838 0.024327 0.0042908 0.00094428 0.0094402 0.0028298 -0.0033595 0.0014144 0.015239 0.0024812 0.2738 0.021107 0.47312 0.031601 -0.29535 0.011976 0.43824 0.03644 0.051112 -0.024421 0.085666 0.031004 0.00056049 -0.014078 0.010314 0.021167 0.06515 -0.17536 0.28138 0.20832 -0.14374 -0.29914 0.17161 0.307 -0.0074552 -0.018803 0.015295 0.029539 -0.0012411 -0.0063202 0.0012927 0.0065504 -0.0057871 -0.030285 0.0068284 0.032917 0.0012613 -0.0031188 0.006354 0.015637 0.0025084 0.0045359 0.0025763 0.0058748
-0.0017384 -0.0043489 0.0021531 0.0057458 0.022642 -0.0031537 0.043349 0.028097 0.05835 0.013307 0.05835 0.019183 0 0 0 0 -0.0037342 -0.00102 0.017245 0.021564 0.47432 0.14143 0.5393 0.16608 0.04569 0.020433 0.04569 0.021288 0 0 0 0 -0.012348 0.029174 0.02676 0.045659 0.26836 -0.19249 0.35801 0.25114 0.21803 -0.076787 0.21803 0.078266 0 0 0 0 -0.0010714 0.0022007 0.0034641 0.002608 0.0068068 0.023096 0.016395 0.024117 0.060567 0.0083729 0.060642 0.0092086 6.6856e-06 -6.6856e-06 6.6856e-06 6.6856e-06
-0.00013516 -0.0041711 0.0067738 0.0070218 0.034281 -0.05376 0.041016 0.056644 0.029574 -0.021829 0.030614 0.021915 0 0 0 0 -0.012457 0.0026163 0.023962 0.016687 0.083507 -0.097804 0.16138 0.24594 0.38691 -0.12398 0.42448 0.15138 0 0 0 0 -0.00077006 -0.013442 0.020992 0.027684 0.098463 0.090833 0.22136 0.26348 0.39718 0.15504 0.39718 0.17675 0.00034403 -2.8658e-05 0.00034403 0.00034403 0.0019043 0.0015417 0.0029873 0.0037333 0.047491 0.03005 0.047589 0.030372 0.021912 0.00086001 0.021912 0.0054579 0.00027326 -0.00026005 0.00027774 0.00026005
0.0027908 -0.00036646 0.003103 0.0059553 0.013194 0.01259 0.014232 0.014672 0.0094774 0.0046055 0.0097218 0.0046055 0.004973 0.0023944 0.004973 0.0023944 0.0040522 -0.00094735 0.02742 0.024215 0.090035 -0.24129 0.096868 0.24475 0.29112 -0.084603 0.29417 0.17139 0.017131 0.0078937 0.017131 0.0080162 -0.0037513 -0.0010931 0.016088 0.036509 0.0074348 0.045501 0.041961 0.24434 0.49087 0.11698 0.51298 0.18494 0.0004603 0.0004409 0.00050725 0.00058908 -0.003532 0.015591 0.0035704 0.015591 0.015503 0.12546 0.025201 0.12546 0.021302 0.034943 0.021435 0.035007 0 0 0 0
-0.00036224 -0.00066935 0.00075696 0.0010104 -0.0052107 -0.00073102 0.0053764 0.0040036 -0.0070488 0.0042817 0.0087371 0.0064795 -0.0018657 0.0012116 0.0034507 0.002151 0.0022138 -0.011396 0.048455 0.048303 -0.026401 -0.25595 0.1922 0.39288 0.17751 -0.16329 0.23912 0.18519 -0.011843 0.0020233 0.033448 0.0057909 0.0072808 0.0010709 0.056366 0.025383 -0.24995 0.028867 0.2563 0.071598 0.43978 0.050906 0.48215 0.058632 -0.015043 0.0010851 0.036918 0.0054511 -0.0015848 0.0083892 0.0034888 0.0083892 -0.012002 0.030174 0.021334 0.091274 0.024406 0.0053073 0.032013 0.05696 -0.00068231 0.00041234 0.0060873 0.0025084
-0.00055745 0.0013559 0.0023449 0.0029893 0.012386 0.034895 0.012737 0.037799 0.076334 -0.080678 0.078041 0.1179 0.0021095 -0.00049253 0.0021095 0.0022673 0.029949 0.0034792 0.032869 0.029878 -0.086979 -0.16608 0.1657 0.32108 0.19005 -0.14998 0.47865 0.24435 0.075181 -0.0060414 0.075181 0.0063765 0.040962 0.0096607 0.046699 0.012394 -0.22351 0.1345 0.32626 0.17768 0.21618 0.069631 0.28234 0.22985 0.11354 -0.038967 0.11354 0.038967 0.0062551 -3.4354e-05 0.00793 0.00048204 -0.022116 0.033712 0.037668 0.033903 -0.00092943 0.0487 0.053589 0.067102 0.0056666 -0.0049137 0.0057244 0.0060776
-0.0013038 0.00013153 0.0024579 0.008682 -0.0099532 -0.024368 0.03292 0.030489 0.041213 -0.0096165 0.04848 0.017766 -0.0012392 0.00039602 0.0030932 0.00084678 -0.024288 0.0015808 0.039607 0.0072975 -0.16176 0.019817 0.19746 0.068196 0.39567 -0.050257 0.41698 0.080498 -0.0065725 0.0041369 0.013165 0.0087243 -0.013194 0.011325 0.033826 0.06946 -0.068915 0.19496 0.15154 0.49521 0.17819 0.04279 0.2429 0.40332 -0.0028154 -0.016996 0.011818 0.029653 -0.0014028 0.0064034 0.0022966 0.0064037 -0.014357 0.030681 0.019469 0.038101 -0.0098127 0.038164 0.016404 0.042794 8.9512e-06 0.0032091 0.0063101 0.0055528
-0.0018691 -0.0029146 0.0025322 0.0071016 -0.0034719 -0.0037074 0.010126 0.0081847 0.02127 0.019537 0.0405 0.029537 0.012363 0.0045316 0.012363 0.0056704 0.025556 0.013249 0.031992 0.040978 0.0051796 -0.031145 0.094327 0.22288 0.38081 0.014559 0.4239 0.2834 0.002406 0.002406 0.002406 0.002406 0.027215 0.0054637 0.041269 0.012514 -0.092176 0.13782 0.1988 0.22265 0.43015 -0.0042604 0.43048 0.17214 0 0 0 0 0.0031645 0.00057819 0.0041282 0.0045549 -0.0082225 -0.0053103 0.028357 0.041654 0.044151 0.026664 0.047094 0.029967 5.4129e-05 -9.0112e-05 6.0683e-05 0.00010322
-0.006896 -0.0064969 0.0069446 0.0064969 0.013166 0.019238 0.034523 0.041688 0.015436 0.034523 0.048144 0.041795 -0.0004221 0.00084603 0.0030773 0.0014754 0.0023692 0.022661 0.038875 0.037356 0.20608 0.13285 0.35483 0.29899 -0.01356 0.017906 0.4018 0.23131 -0.031076 -0.0097274 0.047886 0.018799 -0.007176 0.010337 0.026454 0.017223 0.13067 -0.0049224 0.3708 0.24369 -0.18685 -0.082807 0.39049 0.27447 -0.0094071 -0.024819 0.032771 0.041051 -0.005467 0.001963 0.0055614 0.0021868 -0.012535 -0.02162 0.026429 0.024302 -0.024277 -0.022623 0.027831 0.026484 0.0055427 0.0015897 0.0060112 0.004263
0.003254 -0.0035179 0.0057561 0.0090256 -0.0087921 0.004076 0.026198 0.062662 0.020497 -0.031188 0.040354 0.031622 4.5427e-05 -0.0014013 0.0041056 0.0024447 0.025695 0.0069664 0.030884 0.0094528 -0.040393 -0.10877 0.40227 0.23897 0.10423 0.0043452 0.35571 0.38648 -0.023876 0.011475 0.030928 0.05369 0.014894 -0.0049212 0.027947 0.037577 -0.091365 -0.0028696 0.44472 0.1432 0.31611 0.083228 0.33276 0.093238 -0.018442 0.027761 0.029696 0.03298 -0.0033432 0.0089866 0.003526 0.0090079 -0.0096982 0.028566 0.02444 0.038516 0.043818 0.0066823 0.044608 0.0080397 -0.00083255 -0.000579 0.0029552 0.0012509
-0.0024393 -0.0033006 0.0030342 0.0077838 -0.0044511 -0.00013615 0.010397 0.011099 0.037852 0.052656 0.051762 0.057367 0.0087015 0.0039539 0.0087015 0.0044785 -0.0037454 0.015866 0.010565 0.047535 0.010288 0.025716 0.19228 0.21354 0.40141 -0.043392 0.46858 0.25698 4.252e-05 4.252e-05 4.252e-05 4.252e-05 0.0036324 -0.0068735 0.026228 0.015053 -0.038445 0.1023 0.18568 0.20537 0.33045 -0.055165 0.44177 0.21634 4.252e-05 -4.252e-05 4.252e-05 4.252e-05 0.0039897 0.0058539 0.0056762 0.0058539 0.019615 0.00023478 0.025228 0.051157 0.018627 0.051162 0.039906 0.051162 0.00019367 -0.00028998 0.00027054 0.00047353
-0.012363 -0.0029243 0.012363 0.0029356 0.011855 0.0028662 0.042892 0.029035 -0.0055209 -0.01454 0.072091 0.044024 0.0042169 -0.0023757 0.0052341 0.011324 -0.01418 0.036441 0.06241 0.047152 -0.22505 -0.069974 0.37873 0.26869 0.25787 0.0045146 0.47406 0.10498 0.044443 0.022711 0.068839 0.032937 -0.0099812 -0.017847 0.03353 0.029264 -0.16153 0.1128 0.27238 0.26666 0.091871 0.010547 0.36355 0.18445 0.10781 0.021581 0.10781 0.030597 -0.0039442 0.017125 0.0066865 0.017125 -0.028533 0.049998 0.0635 0.062021 0.0053017 0.015172 0.030022 0.020398 0.015989 0.0050558 0.015989 0.0050558
0.0025609 -0.0024245 0.0036987 0.0047377 0.0066274 -0.030115 0.031614 0.072073 -0.0055821 0.03452 0.036116 0.083968 0.00094232 0.0053291 0.0025577 0.0073872 0.012177 7.6827e-05 0.020474 0.027591 -0.076785 -0.044036 0.55623 0.1525 0.36375 -0.042354 0.37498 0.066809 -0.012877 0.010973 0.036299 0.020179 -0.01176 0.043496 0.015714 0.044285 0.00073717 0.29432 0.11804 0.3767 0.16443 0.12433 0.20678 0.16422 -0.01279 0.0013054 0.025853 0.0044626 0.00092364 -0.0020451 0.00096318 0.0022605 0.0065124 -0.0095266 0.0065834 0.009835 0.0045445 -0.0023622 0.0046452 0.0034641 -0.00023014 -0.00011396 0.0029954 0.00065227
-0.002984 9.1329e-05 0.0067436 0.0016997 0.026229 -0.011709 0.030126 0.014091 0.031132 -0.0045978 0.043573 0.014413 -0.0012294 0.0017592 0.0018642 0.0017592 0.019738 -0.011282 0.040544 0.016177 0.022218 -0.010136 0.16511 0.11312 0.37172 -0.042757 0.39972 0.11983 -0.0034957 0.011243 0.0061321 0.011317 -0.012301 0.028898 0.020441 0.03371 0.054894 0.14283 0.20892 0.29465 0.27384 0.030521 0.45231 0.41642 -0.0096687 -0.032765 0.016174 0.075794 -0.0046421 0.0076529 0.0046421 0.011749 -0.00039443 0.046744 0.021859 0.078977 -0.02157 0.022742 0.029705 0.092586 -0.00068528 -0.011927 0.0018329 0.012817
0.0018948 -0.01699 0.0018948 0.01699 -0.077675 -0.090455 0.079064 0.090455 0.019661 -0.048677 0.027446 0.050187 0.013391 -0.0066344 0.013391 0.0066946 0.027973 -0.034159 0.034748 0.053347 0.0015752 0.029025 0.31411 0.46994 0.11538 0.1871 0.19419 0.35857 0.070851 0.0037161 0.070851 0.025736 0.016246 0.024428 0.028107 0.043375 0.27452 0.083476 0.37758 0.20425 -0.21938 -0.007758 0.25955 0.096385 0.067252 -0.053891 0.068548 0.054948 0.001248 -0.0029439 0.0012642 0.0030703 0.0088411 -0.015778 0.0090972 0.017186 -0.017847 -0.004817 0.032493 0.017305 0.00087927 -0.0012559 0.0076618 0.0022762
0.003675 -0.0029771 0.0052661 0.0030344 0.0084834 -0.022874 0.040837 0.040994 0.035062 -0.0022577 0.047462 0.028026 7.8087e-06 7.8087e-06 7.8087e-06 7.8087e-06 -0.025239 -0.0058953 0.041406 0.018313 0.086556 -0.10125 0.18434 0.22963 0.2565 -0.087666 0.37946 0.16798 0.00010009 -0.00010009 0.00010009 0.00010009 -0.045947 0.008148 0.067193 0.024174 -0.10614 0.0091315 0.32005 0.1132 0.49096 0.0020865 0.49096 0.062109 0.00023378 8.1795e-05 0.00023378 0.00023378 -0.0074416 0.01207 0.013166 0.01207 -0.021134 0.047269 0.066428 0.048067 0.047802 -0.012044 0.057584 0.058083 0.00011773 -3.5377e-05 0.00011773 7.3325e-05
0.0068426 -0.00095558 0.0082095 0.0015627 -0.01062 0.00067852 0.032456 0.0055613 0.067561 0.0064636 0.067561 0.0065135 4.3108e-05 1.1584e-05 4.3108e-05 4.3108e-05 0.0022421 0.020169 0.022944 0.030031 0.0073536 -0.1206 0.1879 0.14894 0.44842 -0.080064 0.44842 0.10709 0 0 0 0 -0.023085 -0.0011684 0.023438 0.0024904 0.049718 0.0060896 0.064568 0.056278 0.48218 0.067629 0.48218 0.067629 0 0 0 0 -0.0048038 0.0079034 0.0075035 0.0095337 0.0052732 0.015105 0.022012 0.020075 0.065269 0.01384 0.065269 0.018357 0 0 0 0
-0.0069867 -0.0016971 0.0079791 0.0039904 0.0090226 -0.0052262 0.050432 0.010547 0.06038 0.0050786 0.060622 0.0063839 0 0 0 0 -0.027567 0.022741 0.028067 0.027924 0.03184 -0.060207 0.22981 0.17379 0.43199 -0.059161 0.43199 0.093694 0 0 0 0 0.010651 0.0062901 0.035535 0.034398 -0.079151 0.10971 0.1125 0.11663 0.46967 0.0755 0.46967 0.0755 0 0 0 0 0.00037954 0.0082349 0.0030947 0.0082349 -0.044792 0.0049504 0.049413 0.033223 0.062674 0.0090058 0.062674 0.017625 1.6017e-06 -1.6017e-06 1.6017e-06 1.6017e-06
0.002632 0.0023071 0.0043355 0.0034391 -0.00037201 -0.023241 0.054429 0.036531 0.06412 -0.10284 0.068664 0.10397 0.0045862 -0.007385 0.0046402 0.007385 0.04294 0.0029286 0.059076 0.041517 0.039053 0.091787 0.24733 0.21134 0.049472 0.11061 0.32568 0.27301 0.086612 0.03021 0.086628 0.055987 0.0036817 0.014254 0.050726 0.04714 0.20568 -0.20537 0.37592 0.27258 0.14686 0.022385 0.46441 0.23791 0.021326 0.012373 0.021326 0.012373 -0.0037475 -0.0037853 0.0056359 0.0056266 0.05444 0.04019 0.074513 0.057674 0.049193 0.060357 0.06027 0.060357 0 0 0 0
0.0026371 -0.0039778 0.0028581 0.0048625 0.0095744 0.0011529 0.010449 0.0069673 -0.028101 -0.002838 0.052175 0.0058061 0.0088078 -0.0013221 0.0088294 0.0016635 0.0013452 -0.011971 0.0087872 0.034047 0.0050398 -0.25357 0.22561 0.2934 0.016607 -0.14566 0.33523 0.21303 0.063123 -0.0040144 0.063123 0.013542 -0.039168 0.012313 0.048217 0.076567 -0.14089 -0.059755 0.39856 0.11461 0.42219 0.070319 0.42219 0.14811 0.036779 0.03763 0.052699 0.037902 -0.001181 0.0023625 0.0042995 0.0065271 -0.016611 -0.0024201 0.050326 0.011319 0.059014 0.0046047 0.059014 0.0092543 0.0088495 -0.0014579 0.0088495 0.0014791
0.0017931 0.0044136 0.0018628 0.0047048 -0.02026 -0.028455 0.033482 0.053831 -0.018907 -0.0077611 0.02797 0.029608 0.00051725 0.0016523 0.00081152 0.0026326 -0.032324 -0.052121 0.034573 0.073316 -0.079367 -0.24716 0.17027 0.34508 0.33926 -0.026695 0.36028 0.19973 0.0039856 0.01093 0.010625 0.035423 0.0045115 0.021116 0.024374 0.053317 0.071452 0.33626 0.14334 0.35158 0.25421 0.1382 0.30913 0.14865 -0.031938 0.0035368 0.037859 0.019231 0.013333 0.00091598 0.016557 0.002412 -0.013199 -0.0065819 0.075743 0.010236 0.013223 0.0048943 0.050899 0.0056381 -0.0032315 0.0015161 0.0042107 0.0030177
-0.0084311 -0.0073676 0.0092952 0.0073676 0.0087455 -0.035411 0.037199 0.036322 -0.015892 -0.02249 0.029441 0.025098 0.00069409 0.001636 0.0018202 0.0050198 -0.062981 -0.004423 0.063356 0.022077 -0.049438 -0.11906 0.12739 0.12333 0.28232 -0.065789 0.36374 0.23215 0.0041246 0.018501 0.0088226 0.031283 -0.10939 0.072242 0.10939 0.0726 -0.17298 0.25873 0.1857 0.27986 0.241 -0.085767 0.49079 0.28469 -0.0081995 -0.052492 0.028241 0.063322 -0.00026845 0.00055478 0.00026845 0.00055478 -0.098499 0.0064238 0.098581 0.023674 -0.0041114 0.023068 0.062087 0.039945 0.0005007 0.0024274 0.0061167 0.0089253
-0.0055686 -0.00037785 0.0069064 0.0060377 0.0014582 -0.0044223 0.030235 0.0059095 0.059498 -0.0041665 0.079126 0.0052784 -0.0041444 -0.00078196 0.0044224 0.00092764 -0.053434 -0.017558 0.054669 0.022557 0.02342 0.010672 0.18692 0.10371 0.42022 -0.062968 0.50254 0.10464 -0.026731 0.0058212 0.03385 0.018973 -0.02095 0.046994 0.021111 0.047446 -0.15505 0.31127 0.23412 0.36708 0.20648 -0.024109 0.2732 0.22315 -0.022629 -0.02734 0.03381 0.03011 0.0016615 -0.0022462 0.0042805 0.0028808 -0.022399 -0.0020642 0.038882 0.0038427 -0.0090692 0.0098258 0.021362 0.014172 0.00076478 5.786e-05 0.0016233 0.0039187
-0.0047694 -0.01044 0.0053151 0.01053 0.0037603 -0.013476 0.072537 0.038616 -0.0036235 0.011663 0.017585 0.015481 0.00092587 0.0017286 0.0013945 0.0035121 -0.0095811 -0.002166 0.021026 0.030995 0.26516 0.081472 0.60332 0.17928 0.035485 0.19391 0.053026 0.2033 0.0051517 0.02226 0.011664 0.035741 0.0060717 -0.012467 0.014321 0.014845 0.37868 -0.086378 0.41362 0.16435 -0.011064 -0.045718 0.094324 0.24846 0.0031183 0.00090241 0.0094677 0.032028 0.00048778 0.0070533 0.00063789 0.0071334 0.051268 0.020444 0.070957 0.024816 0.0050308 0.0083288 0.0052054 0.0085475 -0.00081983 -0.00021307 0.0015815 0.0012855
-0.0054592 -0.013565 0.0059552 0.014056 -0.0077181 -0.038579 0.020509 0.043201 0.032139 -0.0010614 0.061222 0.018808 0.0010046 0.0056487 0.0011266 0.0059713 0.0058532 -0.0137 0.0093934 0.025413 0.0122 -0.087578 0.11068 0.17969 0.40305 -0.029795 0.45389 0.21198 0.0032548 0.0069112 0.0089207 0.026341 0.0076777 0.0393 0.0089477 0.040512 0.047769 0.33882 0.064813 0.33882 0.29542 0.10338 0.40816 0.11935 -0.0020587 0.0066943 0.0083787 0.0092192 0.00074082 0.0017422 0.012475 0.0026923 -0.011991 0.010504 0.022502 0.013933 0.027238 0.0060492 0.041514 0.0069395 -0.0012555 0.00072372 0.0020213 0.00095661
-0.0066392 0.001472 0.0082924 0.0015444 0.035596 0.0010987 0.050127 0.0188 0.028068 -0.089648 0.032606 0.13595 -0.0013956 -0.010677 0.0019183 0.018287 -0.044595 0.044798 0.07829 0.049243 0.2687 -0.013709 0.46987 0.13054 0.033627 0.097247 0.11133 0.11232 -0.0036323 0.012711 0.0048208 0.013242 -0.023846 0.016237 0.10052 0.03091 0.0061742 0.0022421 0.5098 0.20781 0.02186 -0.21441 0.2454 0.41313 -0.0010368 -0.010637 0.010625 0.055743 0.0049131 0.0051254 0.01489 0.0051389 -0.053859 0.025199 0.059582 0.025344 0.031052 0.0022633 0.056638 0.016678 0.0010862 0.00066945 0.0027036 0.0011636
-0.0014373 -0.012042 0.0030597 0.012246 0.00092206 -0.018407 0.016607 0.0258 -0.013249 0.0061013 0.038752 0.0099159 -0.0010067 0.00043493 0.0023889 0.00082667 -0.033649 0.0079232 0.035693 0.013955 0.31213 -0.09094 0.40029 0.13681 -0.091408 0.045147 0.18008 0.058967 -0.013721 0.011651 0.018471 0.01268 -0.0026469 0.026598 0.012012 0.032508 0.059905 0.10482 0.20018 0.37309 0.23165 -0.032815 0.39413 0.38682 -0.013184 0.10217 0.027607 0.10486 -9.1069e-05 0.020209 0.00073053 0.020212 -0.0012058 0.15332 0.0052385 0.15332 0.016743 0.13285 0.028595 0.13308 -0.0015951 0.00083655 0.002027 0.00092952
-0.0023041 0.00011003 0.0061159 0.0016159 0.0074324 0.011834 0.032294 0.049904 0.016494 -0.01157 0.062265 0.028799 0.012751 0.0018894 0.012751 0.0027737 -0.018176 0.0088292 0.046612 0.023732 -0.065662 -0.045547 0.24897 0.18151 0.2348 -0.0087364 0.53648 0.053778 0.066262 -0.0068169 0.066262 0.007948 -0.073557 0.055037 0.10385 0.055958 -0.0045861 0.20497 0.36202 0.2618 0.012313 -0.015963 0.34295 0.26585 0.10844 -0.016081 0.10844 0.040194 -0.0026607 0.0028394 0.0026607 0.0028394 0.0066313 0.061889 0.019813 0.061889 -0.021457 0.14733 0.036497 0.14733 0.0047005 0.0057726 0.0047005 0.0057726
-0.0048977 -0.0010682 0.0049725 0.001122 0.023864 -0.0074859 0.048084 0.017036 0.005007 -0.006941 0.018468 0.024492 0.00049304 -0.0027907 0.0042088 0.009014 -0.024988 -0.0011979 0.025937 0.013502 -0.040946 0.032294 0.4571 0.10077 0.38696 -0.18535 0.4225 0.40059 -0.0063457 0.011581 0.024741 0.055946 -0.027524 0.02753 0.028851 0.032833 0.11455 0.094133 0.28254 0.12771 0.0058021 0.20011 0.050459 0.26745 0.001483 -0.018685 0.022066 0.070419 -0.0032055 0.0071075 0.0060835 0.0072049 -0.0099219 0.022841 0.01606 0.045508 0.0013509 -0.0067572 0.01058 0.023534 -0.00071692 -0.0025487 0.0015163 0.0031205
0.00041361 0.00089825 0.00086349 0.0022866 0.014598 0.00089102 0.086793 0.011906 0.046472 0.009877 0.047427 0.010916 0.00021294 0.0002092 0.00039745 0.00027149 0.0017515 -0.0036637 0.0068241 0.061803 0.018246 -0.023185 0.35021 0.20419 0.38988 -0.011107 0.39134 0.095855 0.00050678 6.8281e-05 0.00050678 0.00040945 0.011329 0.015635 0.017517 0.05041 0.035416 0.062767 0.4135 0.13261 0.32563 -0.08044 0.33223 0.28028 0.017358 -0.018136 0.018766 0.018178 0.00035934 0.00034276 0.00083148 0.0010435 -0.010142 -0.02007 0.046658 0.029018 0.00032354 -0.006854 0.0057299 0.016734 0.0098853 -0.0070912 0.0098853 0.0071684
-0.00035876 -0.0023405 0.0026141 0.0075401 -0.011667 0.040723 0.036324 0.04269 -0.015754 0.0071588 0.02745 0.0092268 0.0045275 -0.0012613 0.005698 0.0017091 -0.0036738 0.0011636 0.01062 0.028851 0.23731 0.0065875 0.25499 0.18718 -0.30475 0.26704 0.39762 0.26704 -0.00026103 0.01512 0.035773 0.02387 -0.012313 0.0070157 0.012356 0.0070157 0.34065 -0.032919 0.44181 0.15987 -0.13606 0.14908 0.16332 0.15728 -0.037122 0.010272 0.041098 0.037361 -0.0022605 0.00053797 0.0024495 0.0017216 0.034567 0.005324 0.046299 0.025418 0.025252 0.0052004 0.027675 0.013521 -0.0037534 0.0061225 0.004008 0.0061352
0.00073932 -0.00020619 0.00097264 0.0018916 0.0046284 -0.0095218 0.021712 0.014315 0.055861 0.0083481 0.056996 0.01218 -0.0064157 -0.00061613 0.0077646 0.0023849 0.0045475 0.0079704 0.0076279 0.020168 0.026098 0.045283 0.043545 0.067683 0.50088 0.027032 0.52773 0.11054 0.010931 0.044442 0.017183 0.047073 0.0056725 0.015885 0.0075371 0.022542 0.051166 0.15241 0.085738 0.21185 0.33072 -0.083471 0.37772 0.28902 0.027566 -0.067939 0.028324 0.070323 -0.00021929 -0.0013685 0.001298 0.0032702 0.0024188 -0.0098691 0.0099746 0.030004 -0.023068 0.013159 0.033215 0.015316 0.0026716 -0.00064575 0.0029986 0.0060908
0.006896 0.0039035 0.0078127 0.0054358 0.0065543 -0.010808 0.031215 0.032704 0.051237 -0.016507 0.051237 0.021166 0 0 0 0 0.012306 -0.017601 0.014564 0.030502 -0.056138 -0.080133 0.24757 0.10136 0.45469 -0.065846 0.45469 0.065846 0 0 0 0 -0.0055586 -0.0086368 0.025813 0.027544 0.23007 -0.0069721 0.3604 0.14034 0.34901 0.092977 0.34983 0.14209 0 0 0 0 -0.0052138 0.00017104 0.0055622 0.0029156 0.042167 0.00033681 0.054354 0.0048032 0.048285 -0.0091049 0.048285 0.0092359 0 0 0 0
0.0051759 0.0021445 0.0073709 0.003661 -0.0063778 0.040739 0.021131 0.045742 0.048514 0.019447 0.048771 0.023518 0.00026935 8.0364e-05 0.00029171 0.00015587 0.0081982 0.0074131 0.014988 0.0091799 -0.0082703 -0.1037 0.25336 0.14409 0.3928 0.012592 0.39355 0.1914 0.00066755 0.00017102 0.00066755 0.00047039 -0.004664 -0.014226 0.030991 0.016914 0.012663 -0.0044562 0.27508 0.053601 0.47163 0.074594 0.47163 0.077615 0 0 0 0 0.0041653 -0.0043884 0.0061928 0.0065685 0.017688 0.0081916 0.036783 0.014934 0.065347 0.016489 0.065392 0.016698 0 0 0 0
8.225e-05 -0.0019591 0.0039362 0.0022429 0.021247 0.0029617 0.040688 0.04206 0.0040641 0.014156 0.020027 0.049148 5.5599e-05 0.00017737 0.0012911 0.0029381 -0.014577 -0.0016049 0.016541 0.012408 0.32712 -0.037595 0.37181 0.10985 -0.023356 -0.041775 0.06808 0.072438 -0.010243 -0.043285 0.022869 0.044289 -0.0051009 0.024829 0.010941 0.037071 0.14902 -0.015491 0.50873 0.21603 -0.20906 -0.33448 0.24004 0.38893 0.0045659 0.0019655 0.028065 0.041387 -0.012021 0.0047194 0.012035 0.007659 0.0059921 -0.00098484 0.093321 0.019312 -0.010489 0.042843 0.040991 0.082502 -0.0012708 -0.0044672 0.0039203 0.005414
-0.0026898 -0.00023355 0.0048921 0.001019 0.035365 -0.0051048 0.049594 0.012335 0.0052394 0.005783 0.0059565 0.0057965 -0.00062459 0.0031273 0.0028615 0.0034687 0.0020556 -0.037661 0.021124 0.052583 0.34345 -0.054719 0.42591 0.099433 0.0071745 -0.013567 0.083093 0.14016 -0.018893 -0.035331 0.025741 0.047295 0.019689 0.0006991 0.030406 0.034306 0.33657 -0.021661 0.4078 0.23955 -0.14507 -0.28351 0.19439 0.39958 0.002925 -0.0034988 0.021296 0.050544 0.0030724 0.0081963 0.004653 0.0081963 -0.0059054 0.020874 0.025454 0.023985 0.0023186 0.019756 0.04602 0.038278 0.0035771 0.0044127 0.004219 0.0056456
0.013249 0.0013658 0.01572 0.0045349 -0.024596 -0.061885 0.050157 0.066568 0.05306 -0.045421 0.053104 0.062812 0.00014452 -8.1362e-05 0.00014452 8.1362e-05 0.045697 -0.00044482 0.054495 0.025758 -0.026211 -0.093832 0.15343 0.17978 0.27082 -0.066856 0.4827 0.24987 0.019183 -0.015327 0.019211 0.015327 0.025831 0.0058467 0.035516 0.033346 -0.18871 0.040257 0.23198 0.21645 0.18315 -0.082571 0.52105 0.20836 -0.0088886 -0.10043 0.018393 0.11315 -0.00085735 0.0045496 0.0064059 0.0077642 -0.025444 -0.026301 0.042281 0.038734 0.035749 0.021964 0.062445 0.028964 -0.0022861 0.0092907 0.0024922 0.010075
-0.0044995 -0.0018853 0.0068687 0.0025823 0.017064 0.0042485 0.018833 0.016183 0.026281 0.029633 0.035316 0.029659 0.0014263 0.00061599 0.0014266 0.00062089 -0.012536 -0.0066072 0.027461 0.010895 0.15575 -0.079705 0.29153 0.15735 0.37869 -0.0096486 0.37869 0.14724 0.0015503 0.00069618 0.0015503 0.0018383 -0.025002 -0.010852 0.038508 0.01341 0.11375 0.043788 0.21041 0.08018 0.47501 0.093766 0.47525 0.094718 0.00013381 0.00013381 0.00013381 0.00013381 0.0035533 0.00097562 0.0084669 0.0021608 0.026339 0.0061887 0.029916 0.011328 0.05508 0.0080958 0.05508 0.0082389 0 0 0 0
-0.00085145 0.0075823 0.0018787 0.0093578 0.0084613 -0.0057726 0.028449 0.027916 0.042102 -0.00091346 0.060901 0.017299 -0.0084607 -0.009381 0.0085249 0.0094095 -0.034137 -0.011691 0.048271 0.013676 0.22675 0.018883 0.37107 0.071483 -0.019633 -0.029728 0.42962 0.10257 -0.027205 0.0043288 0.035425 0.031924 -0.043986 -0.016789 0.050182 0.017854 0.27414 -0.038407 0.32869 0.097561 0.022887 -0.087407 0.58526 0.13962 -0.065428 0.032403 0.066642 0.038372 -0.003094 -0.001102 0.0035244 0.0011998 0.052679 0.021887 0.054693 0.024784 -0.010105 -0.0027135 0.079342 0.017391 -0.00094254 0.00099089 0.0018699 0.0022849
-0.0048825 -0.0016131 0.006583 0.0028062 0.01759 0.0070069 0.019834 0.016929 0.032709 0.031041 0.040381 0.03108 0.00030722 0.00011216 0.00030784 0.000168 -0.013831 -0.0062863 0.029664 0.011299 0.16216 -0.092035 0.29046 0.14974 0.38454 0.00036019 0.38454 0.12078 0.0010883 0.00026479 0.0010883 0.00086725 -0.030009 -0.011401 0.038397 0.01278 0.13238 0.043291 0.22605 0.060509 0.47052 0.077479 0.47052 0.087821 0.00013302 0.00013302 0.00013302 0.00013302 0.0027211 0.00074462 0.0079851 0.0020504 0.033548 0.013658 0.036401 0.015147 0.04875 0.0070521 0.04875 0.0081132 0 0 0 0
-0.00093059 -0.0017488 0.0010212 0.0042872 0.025632 0.0023867 0.034382 0.026476 -0.034476 0.046928 0.050764 0.057446 -0.00034942 -0.0039614 0.0015739 0.010854 0.011723 0.0037228 0.013797 0.013582 0.01696 0.074566 0.21012 0.1597 0.23595 0.09544 0.40575 0.24438 -0.010221 0.078204 0.024199 0.079665 -0.0037881 -0.0075923 0.03708 0.026754 -0.016788 -0.077765 0.11969 0.20644 0.49445 0.069981 0.49445 0.18834 0.0040012 0.010796 0.0040012 0.010928 -0.00041022 0.0076527 0.010032 0.0079838 0.0193 0.059799 0.035575 0.059851 0.044597 0.028525 0.044597 0.029205 0 0 0 0
-0.00089221 -0.0002306 0.0057766 0.0033802 0.011542 0.0072118 0.020978 0.010004 0.024765 0.011558 0.049558 0.02872 -0.0032626 0.0035204 0.0071542 0.0076644 -0.040028 0.034794 0.053006 0.037238 0.10705 0.022744 0.19392 0.20431 -0.078433 -0.050956 0.44667 0.2297 0.05122 -0.011823 0.068912 0.039221 -0.017634 0.018003 0.019277 0.019002 0.043508 0.14241 0.4296 0.3856 -0.16848 -0.059031 0.40413 0.23571 0.062835 0.032678 0.063194 0.033178 0.00056243 0.00027989 0.00056243 0.00059641 -0.0056499 0.0096683 0.011433 0.010795 -0.012268 0.052958 0.053386 0.05317 0.0019831 0.00098224 0.0021888 0.00118
0.0014209 -0.0010613 0.0017766 0.0022012 0.016525 0.00036778 0.031191 0.012202 0.059203 -0.022666 0.059203 0.023875 0.00013389 -9.3793e-05 0.00013389 9.3793e-05 0.0078458 0.018451 0.012332 0.02246 0.012188 0.080275 0.12602 0.21993 0.46274 -0.016212 0.52086 0.1216 0.00089465 -0.0013659 0.0019119 0.0021013 0.014977 -0.010878 0.014998 0.01516 0.051335 0.063941 0.13626 0.20338 0.30503 0.1106 0.42522 0.17404 -0.011621 -0.0095312 0.012888 0.011461 0.0011122 -0.0012646 0.0016599 0.0035126 0.014375 -0.048827 0.018103 0.053532 0.035429 -0.11162 0.037194 0.11172 -0.0065202 -0.011294 0.0082959 0.012603
-0.0013676 -0.0063951 0.0026304 0.006689 0.054065 -0.029947 0.05416 0.034285 0.024732 -0.0047116 0.024797 0.0070484 4.8909e-05 4.7185e-05 5.1254e-05 4.7185e-05 -0.021026 0.017999 0.03715 0.035852 0.32457 0.13517 0.32457 0.20375 0.17366 0.027114 0.17366 0.02999 0 0 0 0 -0.028402 -0.0063343 0.033817 0.0076928 0.51218 -0.11927 0.57895 0.15971 0.035426 0.0041922 0.035426 0.010827 0 0 0 0 -0.0034523 -0.0015877 0.0053439 0.0021285 0.079012 0.0037889 0.080533 0.0080731 0.0043766 0.00015836 0.0043766 0.0011107 0 0 0 0
-0.0019158 -0.0027379 0.0019158 0.0027379 -0.05405 -0.098457 0.05405 0.098457 0.0017802 -0.039731 0.033568 0.045494 0.013427 -0.0039588 0.013427 0.0039588 -0.040572 -0.05684 0.040572 0.058652 -0.027871 -0.099981 0.073365 0.10816 0.4199 0.17045 0.49822 0.28382 0.046303 0.017725 0.046303 0.020111 -0.034313 0.0054614 0.042418 0.045013 0.076047 0.095506 0.11011 0.12816 0.16448 -0.21266 0.30838 0.38085 0.10084 -0.037808 0.10084 0.037808 -0.0039918 -0.0021416 0.0050806 0.0056937 0.037295 -0.0053536 0.037544 0.022376 -0.024993 0.003914 0.052426 0.037247 0.011442 -0.0044385 0.012105 0.0049572
-0.00095328 0.00087789 0.00096455 0.0010287 -0.009831 0.0053158 0.013301 0.0061506 -0.017153 0.0020409 0.034006 0.009034 0.00080666 -3.7348e-05 0.0019923 0.00087605 -0.011113 -0.013979 0.024889 0.033704 0.19155 -0.10344 0.35002 0.15433 -0.11944 0.05247 0.21164 0.061318 -0.010903 0.0067023 0.021576 0.0094665 -0.0049899 0.038122 0.019098 0.043893 0.076357 0.21927 0.19745 0.38774 0.2331 0.21282 0.4069 0.43701 -0.04826 0.073226 0.050504 0.0863 0.00122 0.009206 0.0015368 0.009206 -0.0017788 0.068467 0.0030467 0.068467 0.0078072 0.050907 0.014134 0.050907 -0.0078704 0.0034971 0.0078704 0.0034998
0.003167 0.0013431 0.0032896 0.0028303 0.054854 -0.015076 0.081054 0.019733 0.0059361 -0.003126 0.0059361 0.003159 0 0 0 0 -0.019132 -0.015955 0.027823 0.03089 0.41569 0.039285 0.4696 0.1657 0.16103 0.0089878 0.16103 0.035137 0 0 0 0 -0.049833 -0.0032634 0.053797 0.025922 0.45396 -0.055465 0.46147 0.066858 0.17809 -0.02602 0.17809 0.02602 0 0 0 0 -0.007996 0.0063347 0.012652 0.0064605 0.029809 -0.029357 0.036844 0.051951 0.062078 -0.012424 0.062078 0.020741 0 0 0 0
0.0051316 -0.0019899 0.0057258 0.0091853 -0.0068891 0.0061226 0.016262 0.041233 -0.036262 0.054855 0.038513 0.056863 0.0067879 -0.0038687 0.0090574 0.0050676 0.01458 0.016295 0.070655 0.065423 0.12746 -0.082327 0.2438 0.2111 0.090072 0.07666 0.32118 0.25968 -0.040049 0.085898 0.081695 0.095063 -0.0038166 0.049998 0.10236 0.070119 -0.03594 0.19678 0.37745 0.36312 0.14422 -0.010631 0.35522 0.28436 0.099126 0.030028 0.099515 0.033404 0.0066532 0.0075633 0.0071642 0.0075633 -0.043923 0.10775 0.044592 0.10775 0.042319 0.12176 0.042421 0.12176 0.00027969 0.00014295 0.00027969 0.00014295
-0.00027402 -0.0013469 0.0022874 0.0015792 0.036548 -0.00092494 0.076876 0.0090228 0.0063891 0.0050346 0.0066731 0.0052542 0.00073231 0.00035085 0.00098248 0.00062509 -0.00070618 -0.043634 0.017252 0.052919 0.38378 -0.027305 0.49564 0.17969 0.031227 0.024014 0.081512 0.14342 -0.020997 -0.032957 0.027922 0.047788 0.02199 0.015185 0.022745 0.015891 0.33421 0.0044476 0.44343 0.12783 -0.082961 -0.24581 0.1485 0.32167 -0.0067456 -0.012966 0.013576 0.027357 0.0036326 0.0058646 0.0043453 0.0058646 -0.0021776 0.021229 0.069251 0.022617 -0.0063869 -0.0036143 0.037299 0.025101 0.0028718 0.0048774 0.0039153 0.0073331
-0.00088923 0.0018269 0.0012799 0.0046184 -0.0047797 -0.0059229 0.010534 0.031571 0.030242 0.023155 0.056429 0.032677 -0.0078282 0.0058926 0.011494 0.005973 -0.0024036 0.0066263 0.0080309 0.0077865 -0.13019 0.058381 0.13019 0.058381 0.40168 -0.05754 0.48632 0.15713 -0.043841 0.037303 0.051115 0.038685 0.0049474 -0.015548 0.01397 0.018015 -0.10123 0.021939 0.1317 0.24135 0.38349 0.035324 0.4364 0.27359 -0.010703 0.018793 0.012079 0.018793 0.0014005 0.003533 0.003267 0.0075869 0.0072914 -0.0022324 0.017356 0.039608 0.055943 0.044659 0.087027 0.047625 -0.00010244 0.0019587 0.00029724 0.0019612
-0.0020388 -0.0064844 0.002284 0.0064844 0.00030387 -0.02266 0.015039 0.023483 0.0086629 0.021887 0.023907 0.026535 0.0054067 0.0017865 0.0058186 0.0025529 -0.00056248 -0.00018336 0.010656 0.014706 -0.00081572 0.0024099 0.051839 0.090445 0.40827 0.15543 0.51559 0.23996 0.044159 0.061006 0.044159 0.061006 0.002352 0.0089692 0.018377 0.016898 0.068938 0.13418 0.081188 0.18314 0.27326 -0.17345 0.36253 0.37928 0.062697 -0.0414 0.062982 0.042238 0.0036187 0.00065582 0.0042581 0.0038726 -0.0015229 0.00026048 0.01743 0.025215 -0.01114 -0.025499 0.029468 0.041071 0.016642 -0.0011522 0.016642 0.001507
-0.0060814 0.004298 0.0087264 0.004298 0.036044 -0.019665 0.038069 0.022094 -0.0055888 -0.019632 0.014057 0.040375 -0.00056115 0.0015291 0.0043695 0.0035431 -0.048643 0.018108 0.099182 0.022592 0.22069 0.043791 0.4549 0.13335 0.037652 0.0031058 0.092218 0.37131 -0.029346 0.0048114 0.03137 0.025874 0.072996 -0.021821 0.10027 0.049916 -0.1494 0.069322 0.53077 0.24771 0.11501 -0.10606 0.15146 0.31124 -0.012241 -0.0017453 0.023408 0.03948 0.019464 0.011134 0.020195 0.012303 -0.072406 0.039179 0.078982 0.039179 0.035854 0.0021627 0.052216 0.020357 -0.00098435 0.0015401 0.0083555 0.0029146
-0.0060901 -0.0056608 0.0062714 0.0057075 -0.017587 -0.017991 0.025573 0.027685 0.037861 0.037099 0.046434 0.04465 -0.0013673 -0.00047255 0.0071712 0.0059387 -0.043167 0.0097861 0.046557 0.026208 0.062974 0.13396 0.32585 0.33053 0.14106 0.12538 0.45915 0.35868 -0.0026906 0.004172 0.040773 0.022323 -0.03856 0.029196 0.065758 0.030437 -0.012834 0.11313 0.12635 0.15839 0.15654 -0.044506 0.42975 0.29666 -0.049832 0.015524 0.059522 0.04287 -0.0014402 -5.4822e-05 0.0014744 0.00030517 -0.0031938 0.0003514 0.031441 0.017772 -0.010919 0.0035468 0.021814 0.019716 -0.0017301 -0.0063679 0.0061024 0.0069508
-0.0098452 -0.001732 0.01072 0.0049539 0.04508 -0.0064842 0.070303 0.013205 0.00026732 0.0017157 0.046753 0.017243 0.010953 0.0026176 0.010953 0.0026207 -0.045486 0.0040076 0.045989 0.022273 0.34149 -0.025407 0.46094 0.076659 0.1162 0.069929 0.4353 0.10905 0.047313 0.0062389 0.047313 0.0062389 -0.00095439 0.028733 0.026476 0.037998 0.019844 -0.025002 0.19952 0.21985 0.3028 -0.10904 0.42315 0.19438 0.021562 0.0050829 0.021562 0.0050829 -0.00022754 0.0030724 0.0058144 0.0044932 -0.012271 0.0064432 0.015051 0.013052 0.071884 0.018507 0.071884 0.018507 0.00039318 0.00011728 0.00039318 0.00011728
-0.0030688 0.0031426 0.0031344 0.0046975 -0.00078555 0.0046158 0.043817 0.024398 0.018371 -0.009449 0.077188 0.011958 -0.0010984 0.000943 0.0033128 0.0048628 -0.0067035 -0.0067308 0.013711 0.021956 -0.069295 -0.050152 0.35646 0.05504 0.20223 -0.1288 0.52515 0.15915 -0.038329 0.045607 0.049404 0.052869 -0.026987 -0.0019892 0.041853 0.048359 -0.040353 -0.023824 0.21862 0.038883 0.20922 0.025685 0.60845 0.082329 0.01459 0.00085946 0.02639 0.0070477 -0.0038046 0.00021372 0.0039367 0.0017545 -0.0022859 -0.0051155 0.025983 0.0054912 0.027582 -0.011635 0.06903 0.011712 0.001086 2.1002e-05 0.0031933 0.00058032
-0.00035315 0.00014466 0.0026344 0.0014458 0.025067 -0.010657 0.035895 0.02609 0.069453 -0.024906 0.069524 0.025625 -4.3808e-06 6.3978e-05 0.00011087 0.0001518 0.013316 -0.0014963 0.013328 0.016028 0.12114 -0.0046453 0.1554 0.16939 0.50729 -0.06387 0.50772 0.10193 0.0012351 0.00019995 0.0015545 0.0013514 0.012488 0.022624 0.016774 0.044168 0.11098 0.17139 0.12523 0.20731 0.34708 0.0758 0.36768 0.11765 0.0015809 -0.00066831 0.0017696 0.0018632 -7.7897e-05 -0.0017223 0.0042479 0.0023287 0.028507 -0.034613 0.031729 0.041917 0.048952 -0.0133 0.048952 0.018196 0.00034238 2.346e-05 0.00038997 0.00016782
-0.00788 -0.011524 0.00788 0.011524 -0.037442 -0.080581 0.037442 0.080581 0.028943 0.0049216 0.048768 0.048705 0.012885 0.0030906 0.012885 0.0046982 -0.010986 -0.011333 0.041825 0.048757 -0.030889 0.027824 0.20792 0.22818 0.2731 -0.07096 0.37413 0.336 0.073727 -0.018358 0.073727 0.020445 -0.048002 -0.03974 0.059513 0.063783 0.29129 0.012398 0.38958 0.24266 -0.086909 0.071497 0.33201 0.25863 0.08663 -0.057272 0.1129 0.064114 0.0005057 0.0045685 0.0067055 0.0059425 -0.0028441 -0.017725 0.051766 0.026316 0.028346 -0.011616 0.046109 0.025828 0.0037131 0.0070561 0.010098 0.0070561
-0.00054132 0.00019137 0.0031301 0.0027692 0.012167 -0.0092959 0.039113 0.021523 -0.0083236 -0.029895 0.031281 0.036101 -0.0046742 -0.0065965 0.0059719 0.0068365 -0.014818 -0.0087821 0.035748 0.027108 0.24274 0.17945 0.36311 0.2975 -0.094899 0.33057 0.22795 0.47104 -0.038298 0.061592 0.049486 0.072796 0.0041704 0.016508 0.05613 0.02236 0.1829 -0.0714 0.24129 0.15925 0.21521 -0.058281 0.22479 0.15838 -0.014026 0.034563 0.020118 0.067509 -0.0076408 0.01248 0.0092234 0.01248 0.0027693 0.067625 0.069832 0.067815 -0.012076 -0.01939 0.034319 0.037714 0.0028016 -0.004863 0.0028167 0.0049171
0.00021707 0.00056773 0.0078789 0.0012247 0.019816 -0.0010055 0.038098 0.017172 0.064077 -0.0077932 0.064324 0.011371 0.00010379 6.1292e-05 0.00020544 9.5442e-05 0.010756 0.020336 0.025309 0.045492 0.033676 0.094778 0.17171 0.27969 0.49674 -0.054797 0.497 0.12273 0.00089894 6.2714e-05 0.00089894 0.00075391 0.021217 -0.0018992 0.021217 0.019467 0.056611 0.14815 0.16131 0.17638 0.31718 0.15105 0.33848 0.17708 0.0035933 -0.00059366 0.0037086 0.0029217 0.0036363 -0.00047252 0.0036363 0.0021086 0.021919 0.010579 0.022147 0.015128 0.032473 0.0040706 0.032507 0.0067595 6.2898e-05 2.1423e-05 6.7447e-05 5.2438e-05
-0.0021275 0.0019036 0.0021275 0.0019142 0.047393 0.018633 0.048546 0.019475 0.030805 0.00058798 0.038695 0.013449 0.0034085 0.00023099 0.0034099 0.00043316 -0.0089219 -0.018428 0.0089972 0.035768 0.25192 -0.030392 0.25457 0.17601 0.20231 -0.051912 0.36998 0.15045 0.025003 0.0017899 0.02505 0.0040846 -0.0095221 -0.0046946 0.010292 0.0067626 0.24621 -0.12268 0.28234 0.18792 0.25028 -0.093882 0.52719 0.26339 0.020945 0.0013102 0.02103 0.0045609 0.00024124 -0.00048808 0.00096514 0.0041279 0.015514 -0.0048908 0.019855 0.039451 0.076048 -0.0096732 0.078867 0.025631 0.0024086 0.00023808 0.0024326 0.00037842
0.000365 -0.0012335 0.0028181 0.0014957 -0.027678 -0.0055457 0.032087 0.0074112 0.060554 -0.014868 0.060731 0.019214 0.00060945 0.00042098 0.00073323 0.00043394 0.011759 -0.0014615 0.016042 0.024912 -0.15356 -0.12698 0.17214 0.22192 0.43777 -0.010278 0.44476 0.087843 0.0039317 0.0045999 0.0064705 0.011625 -0.017073 -0.044646 0.022484 0.049529 0.12602 -0.057483 0.14479 0.10379 0.38055 -0.021676 0.47435 0.18625 -0.018296 -0.031197 0.028374 0.054269 0.0013361 0.0023688 0.0016234 0.0024549 0.012885 0.028877 0.030536 0.029407 0.027128 0.0017805 0.055197 0.014954 -0.0021971 -0.0027649 0.0029469 0.0038731
-0.0062342 -0.00053052 0.0079546 0.00073729 0.033959 -0.020791 0.054252 0.021332 0.0039947 -0.015268 0.093979 0.025585 -0.0062862 0.010371 0.0067885 0.010974 -0.025629 -0.0099536 0.041199 0.016489 0.115 0.023382 0.24646 0.062826 0.16525 -0.0099814 0.72309 0.055835 0.0047439 -0.00039672 0.016846 0.0076231 -0.013977 -0.0011841 0.023571 0.012556 0.1592 -0.049565 0.28184 0.053793 0.068521 -0.091782 0.46101 0.093031 0.019883 -0.0033135 0.029742 0.0046813 -0.0050798 1.1606e-05 0.0050798 0.0011406 0.0074944 -0.0023243 0.018932 0.0040588 0.015455 -0.012256 0.046264 0.012621 0.006499 -0.00053286 0.0076517 0.00059759
-0.0018375 -0.0032005 0.0029563 0.0057796 0.013405 -0.016793 0.028119 0.036297 0.061015 -0.028982 0.061015 0.029074 0 0 0 0 -0.0090663 -0.00017105 0.019997 0.0098839 0.021449 -0.071998 0.2752 0.28179 0.45396 -0.066847 0.45396 0.12554 0.0062741 -0.0072011 0.0063033 0.0072011 -0.0090856 -0.0095679 0.017748 0.033533 0.14248 0.017975 0.245 0.11902 0.27003 -0.098416 0.39054 0.19341 0.0013664 -0.070022 0.012433 0.070022 0.00014302 -0.00067823 0.0029774 0.0012941 0.037029 0.0021821 0.07362 0.020802 -0.051314 -0.028926 0.054247 0.041689 -7.6461e-05 0.00098372 0.00050956 0.0024847
0.0082543 -0.003354 0.010021 0.0059994 -0.016064 0.047875 0.038927 0.056793 -0.027475 0.10324 0.037212 0.11467 0.0060295 0.019481 0.0061336 0.019575 -0.0095576 0.004475 0.013671 0.028572 0.37093 -0.039719 0.42469 0.23319 0.043079 0.18379 0.057437 0.18379 0.0077249 0.013434 0.0077249 0.013434 -0.0025039 -0.0021348 0.022642 0.025078 0.4859 0.049467 0.50176 0.13217 0.019084 0.017065 0.020474 0.021012 0 0 0 0 0.0004687 0.0073053 0.0025106 0.0074463 0.044821 0.037901 0.044821 0.038651 0.00086784 -0.00012245 0.00086784 0.00049094 0 0 0 0
1.0839e-05 -0.0026602 0.00044974 0.0029899 0.01595 -0.016505 0.021153 0.021997 -0.061255 -0.0097892 0.072459 0.02715 0.0010904 -0.0042134 0.0033841 0.0089323 0.0090341 0.0006217 0.016244 0.035776 0.16983 0.046231 0.37778 0.14108 0.048432 0.39504 0.23673 0.4077 0.00744 0.062309 0.018888 0.081324 -0.0077174 0.00017819 0.012039 0.016205 0.21532 -0.077355 0.44845 0.10642 0.1251 -0.19701 0.17133 0.19752 -0.019925 -0.032826 0.020158 0.032826 -0.0018973 0.0049168 0.0019102 0.0049168 0.019879 0.02905 0.04799 0.029728 0.01425 0.048724 0.028478 0.052609 -0.0041103 0.0061889 0.004373 0.0066942
-0.00083331 2.2263e-06 0.0015047 0.00054899 0.040183 -0.01491 0.040183 0.01491 0.027921 -0.011486 0.027921 0.011842 0.00094861 -0.0002609 0.00094861 0.00085505 -0.015559 0.0098523 0.022108 0.0099836 0.30219 -0.012087 0.30564 0.098444 0.16648 0.074856 0.26711 0.20019 -0.019176 -0.045256 0.032188 0.051133 -0.069627 0.06133 0.096825 0.069896 0.25787 0.0010545 0.43816 0.14583 -0.069436 -0.37559 0.14514 0.38879 -0.035096 -0.027101 0.038779 0.04167 0.0020945 0.0042193 0.0082198 0.0046514 -0.044911 0.040833 0.073126 0.067138 -0.001066 0.035854 0.0094763 0.083794 0.0018256 0.0039435 0.0038004 0.01272
0.0025765 -0.0015606 0.0035439 0.0030299 0.019859 -0.0033925 0.024013 0.012466 0.072708 0.0068494 0.072708 0.012128 0.0024378 -0.00017572 0.0024394 0.00058093 0.0068949 0.0067487 0.010282 0.028037 0.34005 0.09169 0.35094 0.1464 0.28878 -0.039995 0.3342 0.11637 0.017965 -1.2409e-05 0.018001 0.0023839 -0.010159 0.0076014 0.011102 0.0083791 0.28715 -0.12318 0.2883 0.12701 0.25418 -0.18383 0.40906 0.19225 0.0090418 0.0027982 0.0095237 0.0064373 -0.0027875 -4.2229e-05 0.0027906 0.0021723 0.013335 -0.0017408 0.016619 0.015299 0.055011 -0.0098234 0.056944 0.017904 0.0022328 -0.00075895 0.0023274 0.00087815
-0.0082838 0.00033658 0.0082838 0.00063774 0.018046 -0.0022099 0.0185 0.0042484 0.054084 -0.009425 0.092578 0.014591 0.0032936 -0.0011138 0.0071617 0.0014778 -0.050783 -0.0049259 0.050783 0.0068618 0.19586 0.058908 0.2012 0.069691 0.10144 0.081107 0.57882 0.17193 0.10989 -0.033752 0.12134 0.03907 -0.041846 -0.0013397 0.042494 0.0080863 0.16338 0.00080836 0.20255 0.17906 0.03171 -0.1399 0.51966 0.20785 0.10314 -0.019313 0.10419 0.044787 -0.0025061 0.01611 0.0025162 0.016387 -0.01071 0.075872 0.037511 0.08571 0.0049268 0.032998 0.046818 0.064427 0.0046302 0.0029017 0.0086559 0.012424
-0.00063297 0.00084361 0.001012 0.0017967 -0.0044329 0.016642 0.021032 0.049971 -0.010563 0.032783 0.042466 0.04902 -0.00058556 -0.00072832 0.0025227 0.0050942 0.014127 -0.0043609 0.022868 0.019589 0.037837 0.070015 0.1978 0.15153 0.16311 0.18085 0.39572 0.3551 0.011708 0.076988 0.019183 0.085576 0.023592 0.0049083 0.039036 0.029706 -0.031447 -0.060605 0.14031 0.16363 0.47005 0.044423 0.4826 0.19652 0.0033563 0.0063418 0.0033563 0.0065079 -0.0042246 0.010849 0.0044534 0.010849 0.018987 0.073415 0.039166 0.075306 0.029252 0.034789 0.029302 0.034966 0 0 0 0
-0.0024672 -0.0049184 0.0025279 0.01024 -0.033115 -0.018677 0.033115 0.062722 0.00033567 0.019743 0.01769 0.058312 0.0027683 0.011876 0.0031499 0.012888 0.0026532 -0.0091939 0.018948 0.056439 0.1017 0.01115 0.30834 0.3397 0.19318 0.032501 0.25486 0.42679 -0.0051979 0.0074326 0.015217 0.028611 -0.011423 0.040148 0.016837 0.060873 -0.20554 0.18198 0.21349 0.22341 0.3582 0.059089 0.39043 0.096631 -0.0045471 0.0034759 0.015855 0.0070863 -0.00011292 0.0013794 0.00069814 0.002517 -0.039352 -0.0031996 0.041736 0.0058214 0.039113 0.0030211 0.048449 0.007398 -0.00068854 -0.00074517 0.0020178 0.00091038
0.00056479 0.0075779 0.0012283 0.0078261 -0.024701 0.06366 0.031179 0.064986 0.021023 0.066573 0.037666 0.074124 0.013058 0.010086 0.013241 0.010145 -0.025874 -0.0059114 0.027387 0.053747 0.017416 -0.12269 0.17011 0.52172 0.28644 0.045355 0.29344 0.38097 0.048237 0.0088319 0.048237 0.0093907 -0.034271 -0.0040297 0.034271 0.0060976 0.024631 -0.014867 0.077456 0.050491 0.39244 0.025215 0.39244 0.04298 0.05354 0.0047214 0.05354 0.0055544 -0.0039755 -0.00033747 0.0039755 0.00048175 0.006046 0.00145 0.013301 0.007912 0.063118 0.0096872 0.063118 0.011041 0.0079883 0.00064517 0.0079883 0.0006556
-0.003264 -0.00020836 0.0032921 0.00066825 0.065098 0.0098834 0.069824 0.02035 -0.0027669 0.022723 0.060112 0.05935 0.0017938 -0.00026211 0.0034385 0.0091098 -0.021882 -0.00041326 0.021882 0.0036697 0.3148 0.0059805 0.40145 0.06836 -0.029949 -0.058043 0.17269 0.27414 -0.0040354 -0.0058514 0.021226 0.081855 -0.013095 0.0016161 0.021827 0.0090542 0.27592 -0.009497 0.51933 0.045435 -0.0090489 -0.16094 0.39888 0.21516 0.0034181 0.038524 0.018012 0.057067 -0.0031058 -0.00017986 0.0031784 0.0040985 0.042157 -0.00195 0.078913 0.0050492 -0.019267 0.0013712 0.077171 0.019777 0.0050425 -0.0088724 0.0051496 0.010658
-0.0012985 -0.0094966 0.0020862 0.0094966 -0.040642 -0.058465 0.040642 0.059935 0.058833 0.0029105 0.065932 0.03523 0 0 0 0 -0.023511 -0.0046569 0.03133 0.02585 -0.0079723 -0.023031 0.12794 0.26505 0.32519 0.059499 0.35452 0.29615 0 0 0 0 -0.02772 -0.0088205 0.042056 0.015396 0.10233 0.081991 0.16711 0.30691 0.22418 -0.072165 0.48883 0.33936 3.6003e-05 -0.00053597 0.00010868 0.00053597 0.00063958 0.0046014 0.0021897 0.0060481 0.028396 0.072182 0.028396 0.074071 0.013063 0.043912 0.013124 0.043912 -3.4258e-05 0.00016141 6.0726e-05 0.00018644
-5.0258e-05 0.0036355 0.0034563 0.013042 0.003344 -0.052959 0.097395 0.066972 0.0033245 -0.014312 0.052589 0.026665 0.01228 -0.010822 0.018358 0.010822 -0.052662 0.015499 0.053648 0.017954 0.15061 0.0033642 0.4892 0.16001 -0.08599 0.14102 0.16765 0.28858 0.033787 -0.020762 0.090603 0.032606 -0.065377 0.012904 0.065377 0.01796 0.040158 -0.057157 0.42369 0.10322 0.023523 -0.14415 0.29308 0.45575 -0.0044824 -0.013 0.077563 0.015199 -0.0080113 -0.0030687 0.0080113 0.0045261 0.001289 0.038192 0.046099 0.039149 -0.002009 0.03927 0.014724 0.051421 -0.0058131 0.0015718 0.0095549 0.0021012
0.0026894 0.00038263 0.0066135 0.0031525 -0.0096116 -0.0096018 0.02017 0.024431 0.072427 -0.040754 0.072452 0.043875 9.8946e-05 -9.8818e-05 0.00027551 0.00020528 -0.031716 -0.00045842 0.053526 0.018457 0.041275 0.085414 0.22428 0.19439 0.30687 0.036121 0.30925 0.14171 0.013757 -0.0010294 0.013992 0.0057193 -0.0073903 0.0026619 0.021197 0.038367 0.026014 -0.13401 0.25938 0.42394 0.32574 0.019373 0.38742 0.37142 0.0065362 0.0013972 0.0065362 0.0037797 -0.0006142 -0.00256 0.0020485 0.0049578 0.037836 0.018068 0.037836 0.020196 0.049748 0.021188 0.049748 0.02186 0.0012353 0.00015084 0.0012377 0.00015368
0.00174 -0.00011372 0.0023224 0.0031314 0.0065925 0.00083468 0.0073211 0.0051435 -0.01182 -0.026742 0.015399 0.032434 -0.0019424 -0.001514 0.0040888 0.0086872 0.033298 -0.018667 0.051015 0.048745 -0.18119 -0.3096 0.29454 0.35268 0.18045 -0.084064 0.30966 0.3423 0.0052639 0.020756 0.011299 0.028227 0.063414 -0.025083 0.076286 0.052043 0.035125 0.012531 0.42338 0.1939 0.19375 0.039789 0.24086 0.2329 0.013092 -0.007259 0.014072 0.012375 -0.004915 0.0073172 0.0071716 0.0073306 -0.023151 0.031029 0.052284 0.036303 0.043372 -0.020629 0.066311 0.037249 -0.002037 0.0033144 0.0054164 0.0065528
0.001716 -0.00086847 0.0046524 0.007981 0.096852 -0.0070045 0.10361 0.040361 -0.065094 -0.093572 0.082315 0.10009 0.0067292 -0.008247 0.0067437 0.012568 -0.050551 -0.016141 0.05192 0.049092 0.11334 -0.27049 0.58662 0.32106 0.054853 -0.024578 0.3134 0.14356 0.0024646 -0.0063447 0.057483 0.073749 -0.012236 -0.0043307 0.033075 0.01503 0.19335 0.061978 0.328 0.14714 -0.03616 -0.024988 0.17068 0.24362 -0.011954 -0.015532 0.052349 0.040188 0.0096302 0.0053001 0.011433 0.0063858 0.012152 0.025667 0.045025 0.061624 -0.0067215 -0.0044274 0.021542 0.02689 -0.0077096 -0.0031926 0.016728 0.0039591
0.0015892 0.012738 0.0023883 0.012845 -0.021074 0.073182 0.02949 0.075232 0.015974 0.043751 0.038011 0.061046 0.01804 0.011271 0.01804 0.011418 -0.0095838 0.0015356 0.010429 0.03829 -0.060314 -0.098159 0.18067 0.31748 0.29819 0.12686 0.31702 0.37008 0.06656 0.014046 0.06656 0.014046 -0.019514 -0.004552 0.019514 0.0057133 -0.068806 -0.017334 0.12964 0.023858 0.46332 0.049953 0.46332 0.056864 0.063276 0.0086013 0.063276 0.0087808 -0.0039335 -1.1667e-05 0.0039335 0.00074596 -0.0021649 -0.00048409 0.021548 0.0037888 0.076542 0.0093096 0.076542 0.0093096 0.0082508 0.0015105 0.0082508 0.0015332
-0.0029245 0.001401 0.0030783 0.0016407 -0.028688 0.015714 0.028688 0.016212 0.035666 0.031751 0.042487 0.032854 0.0069524 0.002646 0.007058 0.0045983 -0.018429 -0.020647 0.01917 0.021294 -0.042396 -0.20902 0.10451 0.33232 0.29844 -0.019119 0.30468 0.33017 0.038485 0.0048579 0.050566 0.032 -0.031092 -0.028451 0.034432 0.031613 -0.0040949 -0.058617 0.1257 0.11966 0.40685 -0.10128 0.45903 0.27752 0.019342 -0.029693 0.10479 0.07904 -0.00084084 0.0024213 0.0023578 0.0062591 0.0075763 0.0079757 0.010745 0.030483 0.034077 0.017917 0.037949 0.058864 0.016647 0.0050734 0.016647 0.0051425
-0.0033962 -0.011147 0.0038718 0.011239 0.016878 -0.042046 0.04096 0.044595 0.019309 -0.0041859 0.022527 0.0077597 -0.00078032 -0.00051504 0.00087671 0.0005202 -0.0027972 0.0098565 0.027654 0.083144 0.051267 0.02455 0.51059 0.42032 0.2452 -0.057431 0.25419 0.058989 -0.0076145 -0.0034937 0.0077616 0.0045395 -0.0038949 -0.010941 0.013474 0.034529 0.053097 -0.081286 0.47307 0.19335 0.24489 3.9138e-05 0.26256 0.059266 -0.006201 -0.0044371 0.0063528 0.0049506 -0.0022501 -0.0037831 0.0033233 0.006607 0.048933 -0.0033959 0.055399 0.044485 0.015875 -0.0035778 0.022374 0.0063444 -0.00048176 -0.00034711 0.00066924 0.00051304
-0.0016053 0.0022703 0.002518 0.0046064 0.033601 0.0025635 0.069316 0.0063086 0.050218 -0.0081054 0.050218 0.012534 0.00024108 -8.1357e-05 0.00024108 0.00016725 -0.033354 -0.0076734 0.035859 0.027652 0.26073 0.013401 0.39225 0.04453 0.29983 -0.017066 0.29983 0.024397 0.010385 -0.0016186 0.010385 0.001703 0.0052486 0.034943 0.057882 0.037639 0.057347 0.0025427 0.31254 0.25661 0.22538 -0.2931 0.28543 0.38796 0.038403 -0.0062295 0.038403 0.0072315 0.0014741 0.0079799 0.0062076 0.0081512 -0.041433 0.051463 0.048654 0.10303 0.04217 0.055929 0.052386 0.10402 0.0038969 0.0025143 0.0038969 0.0025143
0.0057754 0.0025737 0.0075305 0.0034494 0.038212 -0.0024169 0.069792 0.034529 -0.038879 0.01786 0.041328 0.03759 -0.00028807 0.0048927 0.0010662 0.0048927 0.044125 -0.0068932 0.04983 0.023861 0.19849 0.1306 0.44148 0.22809 -0.039573 0.25508 0.15356 0.25508 -0.002049 0.033151 0.0061969 0.033151 0.049847 -0.013488 0.052564 0.016465 0.46686 -0.02484 0.48224 0.17625 -0.074151 0.040942 0.098282 0.074397 -0.00026154 0.011213 0.0050545 0.01181 0.003034 0.00053176 0.0058882 0.00479 0.063714 0.02151 0.066985 0.033675 -0.0019671 0.017597 0.0038927 0.017597 0.00031835 0.0027776 0.00068144 0.0027776
-0.016327 -0.00070766 0.021082 0.0017787 0.027465 -0.0035446 0.035723 0.0047043 -0.009152 -0.0011062 0.052421 0.0043769 0.00169 0.0010332 0.0017207 0.0010594 -0.062136 -0.058153 0.079655 0.075314 0.25404 -0.065311 0.25404 0.2124 0.04442 0.0057475 0.26236 0.069798 0.010485 0.0076898 0.010544 0.0078246 -0.0015607 0.0012216 0.014369 0.10411 0.026513 -0.23441 0.10123 0.5131 0.31397 -0.082263 0.43587 0.26777 0.0040794 -0.0033478 0.0091296 0.025069 0.0026398 0.0050815 0.0031173 0.0054833 0.02053 0.051615 0.027845 0.051615 0.030852 0.0057941 0.056061 0.041831 -0.0014975 -0.0056125 0.0021824 0.0091703
-0.0025879 -0.0071575 0.0054019 0.0071734 -0.0606 -0.060708 0.14549 0.078078 0.0028932 0.0098629 0.02578 0.034372 0.0046631 -0.0027005 0.0080731 0.0060479 -0.10736 -0.059951 0.12975 0.059951 0.09864 0.057789 0.27482 0.3545 -0.10757 0.11668 0.22254 0.67025 -0.010335 0.016836 0.040775 0.14791 -0.016423 -0.017242 0.079372 0.03423 0.20209 -0.0079887 0.20209 0.035882 -0.035208 -0.002991 0.21295 0.072317 -0.08611 -0.027908 0.096955 0.02857 -0.00084612 0.001276 0.0064136 0.0087663 0.019703 -0.014274 0.021163 0.02773 -0.015863 -0.02041 0.029452 0.02041 -0.0092842 -0.0026891 0.012562 0.0051332
0.00089644 -0.0040533 0.0055726 0.0044876 -0.0046644 0.020734 0.015455 0.031352 0.038448 -0.0099953 0.063864 0.036894 -0.0050825 0.011889 0.0055625 0.012263 0.024926 -0.0061284 0.048021 0.032415 0.043467 -0.063983 0.2026 0.20413 0.007524 -0.03468 0.21747 0.37013 0.14326 0.0051342 0.14361 0.029862 -0.032004 0.065822 0.035105 0.066425 0.066416 0.016993 0.4877 0.33111 0.083362 0.15797 0.30673 0.29356 0.13364 0.020008 0.13364 0.021336 -8.2562e-05 0.006272 0.0010962 0.006272 -0.014517 0.13045 0.056088 0.13045 0.033587 0.097135 0.033778 0.097287 0.00022327 0.0001479 0.00022327 0.00033625
0.00021704 0.0018514 0.0030535 0.002938 0.00879 0.0031288 0.02942 0.01088 0.038632 0.0007164 0.03922 0.016487 -0.0023142 0.002261 0.0045311 0.0023248 0.0058408 0.0029376 0.013689 0.016088 0.013581 -0.015608 0.20618 0.093683 0.41849 -0.010016 0.41849 0.11424 -0.041541 0.0064052 0.051783 0.014943 0.00057632 -0.00062025 0.0092479 0.021658 0.036619 0.048759 0.085327 0.14999 0.47975 -0.012488 0.52275 0.12966 0.0096627 0.069139 0.02471 0.073261 0.00026656 0.0001621 0.00082706 0.0014602 0.0048427 0.014903 0.0128 0.023375 0.054766 0.014871 0.058644 0.045769 0.0021839 -0.011202 0.0025817 0.011253
