3.1957e-05 -4.9607e-05 3.1957e-05 4.9607e-05 0 0 0 0 -0.0001089 -0.0002306 0.0002306 0.0002306 -2.3573e-05 -1.2802e-05 3.5768e-05 2.2032e-05 0.064256 0.011579 0.089401 0.079533 -0.11999 -0.29737 0.20039 0.29737 0.17032 -0.2039 0.1729 0.21984 0.0010008 -0.0024086 0.0010144 0.0024373 0.009515 -0.0046069 0.042053 0.019413 -0.18684 0.15974 0.42195 0.39703 0.27297 0.096296 0.31743 0.10793 0.0016199 -0.0026793 0.0023037 0.0035483 -0.0043122 -0.0031273 0.010031 0.006084 0.0071791 -0.0054221 0.052527 0.020466 0.015618 -0.003499 0.051701 0.015219 -0.00056388 -0.0022314 0.0015362 0.0025847
-0.0039577 -0.0056401 0.0040704 0.0057784 0.0033993 -0.0097068 0.023432 0.028541 0.012638 0.013131 0.022972 0.024969 -0.0027893 8.5194e-05 0.0054156 0.0051508 -0.014901 -0.015011 0.016538 0.02384 0.028359 -0.15457 0.39612 0.31063 0.1685 -0.093086 0.33553 0.15437 0.022006 0.0010604 0.060833 0.018562 -0.035265 0.047907 0.035417 0.050601 -0.073727 0.24671 0.40355 0.31973 0.22784 0.093089 0.28636 0.23309 -0.0064032 0.0067684 0.023388 0.025127 -0.000146 0.00028399 0.00015213 0.00029462 -0.016538 -0.015909 0.020939 0.025518 0.01668 -0.0040914 0.021462 0.013598 -0.0024877 -0.0022827 0.0032759 0.0029244
0.0028569 0.0018103 0.0062682 0.005347 -0.018361 0.015037 0.053404 0.039125 0.053336 -0.013787 0.053336 0.013984 2.684e-05 4.1694e-05 2.684e-05 4.1694e-05 0.0063682 0.010452 0.033725 0.018079 -0.29306 -0.027854 0.34178 0.38017 0.39843 -0.11828 0.39843 0.17233 8.9719e-05 8.9719e-05 8.9719e-05 8.9719e-05 0.016162 -0.0071256 0.027652 0.024497 -0.12603 0.15481 0.17174 0.15724 0.22104 0.20437 0.22281 0.20437 0 0 0 0 -0.00036195 0.00043152 0.00058067 0.00052881 0.0098561 0.0076457 0.010562 0.0077051 0.00058752 0.00033352 0.00058752 0.00054637 0 0 0 0
0.0035391 0.0083328 0.0041959 0.0088284 -0.032256 0.012762 0.049365 0.021659 0.0045406 0.040946 0.065474 0.061646 0.00022806 -0.0034373 0.0031147 0.0039303 0.0071352 -0.0021814 0.010398 0.010503 -0.22364 -0.088532 0.2697 0.14169 0.21322 -0.064599 0.33147 0.32328 -0.015109 0.0059742 0.015109 0.00891 -0.010056 -0.0021549 0.026104 0.048773 -0.15905 0.04917 0.3395 0.31932 0.20399 0.13918 0.41475 0.29245 -0.013806 0.002851 0.013806 0.0040979 -0.002175 -0.0046668 0.0062663 0.0086226 0.024795 0.0021029 0.041179 0.022982 -0.0022732 0.011418 0.0051901 0.012639 -0.0012497 0.001841 0.001338 0.0023404
0.00085926 0.00058032 0.0020282 0.0032762 -0.0014141 -0.027718 0.020854 0.034693 -0.009426 0.022176 0.023192 0.035919 0.0028754 0.0083875 0.0030923 0.0085351 -0.032334 0.00090025 0.039618 0.027968 -0.023428 -0.10644 0.36147 0.44989 0.22494 -0.16392 0.27441 0.19908 0.00070028 -0.00027279 0.00070028 0.00048418 -0.0056754 -0.0044003 0.013195 0.042207 -0.16861 0.023726 0.20329 0.25951 0.37931 0.054069 0.39837 0.063141 0.0013029 4.6374e-05 0.0013029 0.0006736 -0.00014183 -0.00034608 0.0004541 0.00042193 -0.0129 0.033965 0.014139 0.034119 0.017252 0.030144 0.01741 0.030144 0.00013188 9.1261e-05 0.00013188 0.00011068
0.00061198 0.0004616 0.0027142 0.0025857 0.0089145 -0.068138 0.039852 0.080429 0.01829 -0.061758 0.037519 0.061761 0.0010497 -0.00059284 0.001083 0.00072452 0.042236 0.032024 0.0602 0.049475 0.010524 0.13547 0.3703 0.24477 -0.069683 0.15541 0.25947 0.25503 0.06342 -0.024187 0.06342 0.024221 -0.037815 -0.016946 0.048631 0.043922 0.29482 0.0031859 0.48322 0.12614 -0.27758 0.083428 0.2909 0.23679 0.068806 0.010293 0.068806 0.027123 0.00095213 0.0031267 0.0026377 0.0050272 0.0077094 0.026554 0.011002 0.031174 -0.022439 -0.029013 0.029535 0.035542 0.0067016 -0.0033598 0.0067016 0.0040511
-0.0026863 0.0022516 0.004559 0.0079117 0.013443 0.039135 0.021992 0.05452 0.023984 -0.0042448 0.024622 0.0072511 0.0001494 0.00015849 0.00026312 0.00024616 0.001601 0.0096515 0.060573 0.041676 -0.17808 -0.12278 0.35646 0.17328 0.28985 -0.081059 0.36468 0.095206 0.0026617 0.0027226 0.0029849 0.0027226 -0.0092084 0.010713 0.028205 0.048315 -0.24932 0.2209 0.36336 0.22916 0.27182 0.074616 0.39833 0.082838 0.0020804 0.0017673 0.0021257 0.0018548 0.0070075 0.00047131 0.0094706 0.0084957 -0.017457 -0.022049 0.023584 0.030286 0.013058 -0.03385 0.049565 0.036698 2.4141e-05 -0.00014019 3.6325e-05 0.00015196
-0.00080737 0.0003323 0.0013762 0.00090774 0.0034808 0.020115 0.014343 0.022156 0.0047212 0.0054421 0.0071524 0.0069628 -7.5199e-05 0.00020615 0.0011696 0.00091964 -0.032971 -0.047244 0.033044 0.047501 0.039261 -0.39471 0.082691 0.40643 0.2633 -0.221 0.27952 0.24589 -0.015278 -0.00095653 0.018057 0.0051993 -0.039659 0.0055457 0.043527 0.011173 0.085668 0.10976 0.11678 0.19972 0.36616 0.1465 0.37366 0.16512 -0.017473 0.0030551 0.02088 0.005734 -0.011071 0.0039179 0.011071 0.0039179 0.024116 -0.00087736 0.025236 0.0044153 0.039896 -0.01617 0.041304 0.021421 -0.0040968 -0.0044373 0.0041783 0.0044749
0.0012369 0.0027361 0.0033735 0.0043289 -0.0069612 -0.029905 0.020612 0.044985 0.0047112 0.0071018 0.02992 0.042872 0.0024996 0.0013069 0.002752 0.0016526 0.010318 -0.014092 0.039749 0.044957 -0.028294 -0.22692 0.13436 0.4765 0.18237 -0.15495 0.18804 0.242 7.6471e-05 0.0023184 0.0021815 0.0025589 -0.010923 0.019698 0.043904 0.037004 -0.070614 0.21944 0.36731 0.35444 0.25985 0.081125 0.3116 0.17956 0.0025267 0.0033799 0.0033388 0.0034729 0.0013201 -0.0022127 0.0042859 0.0052933 -0.056882 0.021133 0.079899 0.030978 0.065634 0.016742 0.065638 0.016752 0.00058733 0.00063168 0.00060641 0.00065511
-0.00068331 -0.0030591 0.00086168 0.0031892 -0.012721 -0.034458 0.013574 0.03464 -0.019311 -0.064621 0.022848 0.064754 0.0019028 -0.0082179 0.0020605 0.0093551 -0.063195 0.0045455 0.065714 0.027523 0.20253 -0.034887 0.29475 0.1924 -0.035992 0.22979 0.14613 0.28712 0.040282 0.030606 0.041721 0.054167 -0.0092441 -0.0022908 0.044981 0.027949 0.071931 0.035566 0.42932 0.26321 -0.042585 -0.19733 0.26294 0.5126 0.035184 -0.0013737 0.061358 0.04109 -3.9225e-05 0.0002039 0.0031684 0.0020121 -5.96e-05 -0.011428 0.039852 0.017628 0.0083575 0.00088284 0.048124 0.026247 0.003662 0.00024934 0.0077035 0.0026425
-0.00017499 0.00053423 0.0052104 0.0068622 -0.0084801 -0.0037117 0.039046 0.052458 0.045961 -0.0014933 0.045972 0.0044697 3.1426e-05 8.2147e-05 3.1743e-05 9.0661e-05 0.012831 0.0039295 0.040239 0.03623 -0.2402 0.070888 0.29112 0.10849 0.40219 -0.06351 0.40219 0.086179 0.00018373 0.00084064 0.00025257 0.0011666 0.0052469 0.0062755 0.02056 0.017526 -0.24074 0.048761 0.30459 0.3121 0.32111 0.11884 0.32111 0.12138 6.6288e-05 0.00015155 6.6288e-05 0.00015155 -0.00030433 6.2772e-05 0.00075042 0.00045619 -0.01315 0.016698 0.045011 0.02583 0.046719 -0.0022357 0.046719 0.0093695 0 0 0 0
-0.0054723 -0.0042536 0.0070365 0.0062867 0.022667 0.0082998 0.034116 0.048381 0.022531 -0.0032208 0.02339 0.0052936 0.00031248 0.00029665 0.00042763 0.00039092 -0.012441 0.019195 0.057557 0.046312 -0.14644 -0.065517 0.36925 0.20019 0.30396 -0.099334 0.32732 0.10702 0.0045777 0.0029205 0.0046155 0.0029274 -0.0082716 0.0013221 0.025078 0.047744 -0.22328 0.21972 0.35941 0.24185 0.26441 0.069805 0.42374 0.099436 0.0015683 0.0011823 0.0016487 0.0015149 0.0028534 0.001758 0.0085384 0.0095962 -0.011969 -0.022278 0.03665 0.042389 0.011098 -0.04335 0.063438 0.051294 5.8795e-05 -0.00023481 8.3305e-05 0.00028807
0.0032477 -0.0018478 0.0056482 0.0043064 -0.016724 0.021538 0.028768 0.039308 0.03138 0.0039581 0.048565 0.027901 -0.00074667 0.00064891 0.004685 0.0021216 -0.021154 0.0025051 0.054485 0.027224 0.13796 -0.0099907 0.34545 0.3113 0.066833 0.062385 0.21294 0.38101 0.0038395 -0.0050986 0.01844 0.038941 -0.042741 0.014529 0.045492 0.017478 0.14592 -0.099921 0.36271 0.33499 0.086341 -0.18204 0.1872 0.42839 0.016158 0.023845 0.01922 0.027161 -0.0080097 -0.0057406 0.0080205 0.0057711 0.0079336 0.025102 0.040806 0.061132 0.009505 0.022111 0.04348 0.05452 0.0030403 -0.0039972 0.0037074 0.0041023
-0.00032693 0.006074 0.007837 0.0097921 -0.0077111 -0.0045779 0.024974 0.027176 -0.00049354 0.019122 0.0081065 0.026478 0.00020624 0.0015112 0.0015002 0.0045485 -0.062072 0.0067575 0.065362 0.014805 0.20887 0.075234 0.51894 0.14837 -0.17485 -0.0016034 0.23287 0.2399 -0.0071848 -0.013792 0.012687 0.02866 -0.036301 0.0045868 0.047694 0.014226 0.088383 0.049759 0.39906 0.35357 -0.25973 -0.042413 0.26551 0.23643 0.002651 -0.0054953 0.0080048 0.0065015 0.0021097 -0.0090661 0.0021177 0.0090661 0.0067764 -0.0047582 0.017477 0.062493 -0.029032 0.029831 0.041256 0.050755 -0.00048923 0.0015546 0.0020263 0.0017265
-5.0012e-05 -9.8818e-05 5.9778e-05 9.8818e-05 -0.05898 -0.029066 0.05898 0.029066 0.036226 -0.050098 0.03766 0.050292 -0.00042418 -0.0015647 0.00075656 0.0016097 -0.024287 -0.020759 0.024308 0.02077 -0.092531 -0.020227 0.39386 0.3833 0.10615 0.28098 0.2452 0.29429 0.00026058 -0.00021795 0.0087455 0.0042725 -0.094281 -0.029245 0.094281 0.029245 0.39507 -0.04695 0.41571 0.097447 -0.074431 -0.086629 0.18079 0.13306 0.010992 0.0021544 0.021854 0.019391 -0.0091254 -0.001118 0.010929 0.0052907 0.035277 0.0052919 0.050784 0.021125 0.0027965 0.0025528 0.052652 0.040231 0.0008235 -0.0036057 0.0021672 0.0041861
0.00013368 0.0029635 0.0060474 0.0043222 0.025561 0.021065 0.051025 0.032742 -0.0067242 0.02031 0.026251 0.024169 6.0192e-05 0.0020499 0.00071031 0.0020871 -0.080602 0.0052792 0.080804 0.0094196 0.36003 0.045779 0.41952 0.13604 -0.2384 -0.047554 0.33014 0.1303 0.0063583 -0.023506 0.0064562 0.023506 -0.046986 0.011426 0.047095 0.012152 0.15102 -0.017572 0.34328 0.25003 -0.2404 -0.18184 0.27011 0.29897 0.00071408 0.0014915 0.005951 0.027231 -0.00094101 0.001625 0.0013928 0.0019396 -0.017295 0.028387 0.017728 0.031593 -0.035292 -0.0056208 0.04048 0.01376 0.0037535 0.0056485 0.0059262 0.0060456
-0.0018619 -0.0013489 0.002729 0.0028628 -0.0020195 -0.0085375 0.0126 0.013455 0.070494 0.023577 0.071865 0.026415 -0.00086658 0.0025567 0.00086658 0.0029094 0.012784 0.00059456 0.017918 0.0093898 0.030459 0.036321 0.17418 0.13552 0.45303 -0.0926 0.4565 0.21546 3.355e-06 -0.00057364 0.0024706 0.0046701 0.012895 0.01381 0.018748 0.018089 0.11693 0.2283 0.20058 0.28241 0.32258 0.17698 0.32895 0.18871 0.0013176 0.0021026 0.0025188 0.0031723 0.0022094 0.0079392 0.0024051 0.0079392 0.016635 0.023889 0.017112 0.024307 0.0024726 0.0045022 0.0030199 0.0057167 0.00045484 0.00080192 0.00045484 0.00080192
-0.0021301 -0.0016001 0.0031437 0.0037432 0.0097589 0.01486 0.022117 0.033763 0.010122 -0.014868 0.017303 0.033246 1.1322e-05 0.00025719 0.00036686 0.00055759 0.019539 0.0036267 0.046852 0.03982 -0.028544 -0.024265 0.24024 0.39587 0.12223 0.024607 0.26606 0.2537 0.00029364 0.0016159 0.001814 0.0021917 -0.0037663 0.015062 0.037603 0.027246 0.11171 0.13583 0.37322 0.25231 -0.12562 -0.020617 0.57132 0.1945 0.0028415 0.0030488 0.0028415 0.0030623 0.0021292 -0.0024611 0.0066877 0.0033464 0.014626 -0.020505 0.035397 0.043892 -0.012518 -0.0025612 0.061273 0.032008 0.00056982 -4.3804e-05 0.00057485 0.0003752
0.0009923 0.0020621 0.0080947 0.0089064 0.00086067 -0.031822 0.044869 0.06017 0.011197 0.018115 0.016631 0.024821 0.0001133 -0.00048553 0.00087846 0.00078213 0.0058279 -0.013825 0.027081 0.018458 -0.069691 -0.014443 0.34099 0.30736 0.13784 -0.17166 0.15134 0.17219 0.0004914 -0.0039438 0.0022506 0.0047259 0.033716 -0.029474 0.045866 0.055542 -0.14803 -0.2467 0.30362 0.26752 0.4125 0.085145 0.42871 0.22789 -0.0043291 0.0046649 0.0084422 0.025616 -0.0070392 -0.0018653 0.0093902 0.010929 0.022034 0.023106 0.031945 0.025131 0.019882 -0.021593 0.025841 0.039553 0.001159 -0.0039682 0.0016404 0.0039682
-0.0065961 -0.0018942 0.0078339 0.0018942 0.033455 -0.021767 0.040093 0.024323 -0.0055204 -0.01119 0.03212 0.026582 0.00078253 -0.0016874 0.0024964 0.0028456 -0.076435 0.026039 0.077009 0.026053 0.3199 -0.040123 0.34765 0.12936 -0.041492 0.025708 0.3891 0.3085 -0.035988 -0.0046785 0.050472 0.019987 -0.084096 0.0016964 0.084096 0.014303 0.13487 -0.075014 0.28298 0.36674 0.14496 -0.052454 0.26292 0.36782 -0.0021945 0.01542 0.014718 0.018016 -0.0038168 0.0028001 0.0038168 0.0028042 0.0098548 0.013452 0.056509 0.017559 0.0093397 -0.0028482 0.02456 0.0079657 0.00069626 -0.00020315 0.00069894 0.00044139
-0.000159 -0.00085606 0.00071271 0.0013107 -0.01697 -0.013997 0.017773 0.024434 0.018929 0.001799 0.030076 0.015443 0.0016865 0.0021171 0.0047371 0.0032232 -0.056007 -0.0066077 0.05623 0.026711 0.25568 0.013549 0.27855 0.20082 0.060003 0.043217 0.15189 0.21793 -0.043693 -0.03521 0.060605 0.051758 -0.064842 0.012297 0.067936 0.030317 0.32033 -0.030432 0.40926 0.12349 -0.23283 -0.18653 0.38486 0.41649 -0.018981 0.0065582 0.029165 0.046437 -0.0029771 -0.0068136 0.0039988 0.0070909 0.043049 -0.0055301 0.056004 0.022681 -0.045974 -0.0099 0.048861 0.023081 0.0034448 -0.0014411 0.0057285 0.0020934
0.0015013 -0.01138 0.0017167 0.011385 -0.041568 -0.024739 0.050321 0.026633 0.030437 0.030851 0.036071 0.037448 -0.0038784 0.0048083 0.0057838 0.0059285 -0.012597 0.053138 0.021425 0.060252 -0.035504 0.058262 0.23493 0.30125 0.27226 0.0050616 0.37602 0.27552 0.0077363 -0.01358 0.029471 0.036189 0.016986 -0.036274 0.028244 0.042082 -0.19582 -0.0082481 0.2642 0.17859 0.38478 0.15881 0.42542 0.17624 -0.022122 0.020818 0.027028 0.038512 0.0018987 0.00032437 0.0023749 0.0011069 0.025624 0.0056096 0.056962 0.016413 0.020656 6.0353e-05 0.02165 0.0081973 7.905e-05 -0.00076689 0.00028673 0.00085905
-0.0001885 0.00020341 0.00023782 0.00023921 -0.016013 -0.055081 0.039307 0.055417 0.023194 -0.033286 0.023277 0.033286 -6.4054e-06 -1.9635e-05 1.9635e-05 1.9635e-05 -0.0010043 -0.0028795 0.0011038 0.0031211 -0.12044 0.082777 0.36087 0.25685 0.091537 0.074588 0.38954 0.26205 0.0027642 -0.048215 0.019137 0.062106 -0.030582 -0.013859 0.031141 0.016282 0.14418 -0.04834 0.54039 0.21803 -0.046229 -0.043514 0.28797 0.24458 -0.02302 0.033252 0.060681 0.0348 -0.0054109 -0.0017358 0.0054342 0.003492 -0.027685 -0.012901 0.061998 0.030372 0.043368 -0.014002 0.060228 0.021052 -0.0010032 0.00042492 0.0058897 0.0029447
-0.00062054 0.0010303 0.0031938 0.002887 0.036943 0.0077658 0.050069 0.035863 0.0018887 0.01043 0.039709 0.020812 -0.0016539 0.00042885 0.0046989 0.003455 -0.00059797 0.0025151 0.039076 0.052627 0.24022 0.082468 0.52516 0.36415 -0.02854 0.003124 0.13901 0.11033 -0.0090572 0.021291 0.020378 0.027772 -0.022973 0.029374 0.041456 0.060521 0.17496 -0.055808 0.48507 0.32042 -0.059538 -0.085465 0.24106 0.16585 0.0089071 -0.0053059 0.025498 0.020941 -0.0017216 0.0024141 0.0039491 0.0045283 0.0014853 0.0066778 0.046207 0.036623 0.0041164 -0.0079027 0.026558 0.029064 0.0017105 -0.00061297 0.004211 0.0029152
0.002377 0.0061761 0.0035991 0.0069497 0.0037478 0.0097119 0.012176 0.010869 -0.024306 -0.023046 0.027344 0.043015 0.0024115 -0.0046922 0.0045008 0.0068258 0.0052674 -0.028886 0.025343 0.069618 -0.0017658 -0.12809 0.2862 0.47771 0.0091382 0.03679 0.34702 0.42708 0.0058435 0.009835 0.028486 0.050363 -0.0217 0.0022146 0.036093 0.041151 0.15692 -0.096789 0.25865 0.21168 0.10913 -0.013932 0.38921 0.18385 -0.014219 0.0203 0.016777 0.027841 -0.0033109 -0.0019338 0.0044054 0.002713 0.0073781 0.0054768 0.021867 0.013515 0.04285 0.027761 0.050839 0.02954 -7.1536e-05 0.00030461 0.00052416 0.0008777
0.0073735 -0.0030448 0.0074919 0.0032851 0.020473 -0.029749 0.030012 0.040123 -0.05869 0.016171 0.060157 0.016859 0.00045993 0.0011852 0.0018483 0.0014659 0.0031454 0.0024511 0.028201 0.017222 0.14255 -0.17209 0.20501 0.23533 0.022061 -0.040517 0.42625 0.30278 -0.0077916 0.045406 0.011484 0.048352 -0.009721 -0.01336 0.025026 0.024464 -0.04298 -0.0055143 0.13967 0.15688 0.47343 0.15256 0.47992 0.15714 -0.0046949 0.023914 0.0059098 0.025928 0.00050117 0.00073878 0.0021806 0.0014988 0.017948 0.0097111 0.028864 0.019841 0.055001 -0.010872 0.055804 0.027867 0.00015148 0.0003201 0.00031551 0.00056702
-0.0038827 0.0012905 0.0048293 0.0050972 0.0051122 0.012518 0.018584 0.033716 0.0055323 0.018145 0.011522 0.020931 -0.00031867 0.0037428 0.00062931 0.0040389 -0.048865 -0.00070615 0.048865 0.010493 0.20103 0.1041 0.4043 0.17397 -0.095455 0.10142 0.37782 0.20561 -0.0022851 -0.013574 0.0032066 0.020326 -0.048493 0.0056488 0.048493 0.013829 0.33494 -0.047985 0.34484 0.13749 -0.32917 -0.14187 0.3465 0.17868 -0.00083731 -0.0097705 0.0025356 0.010543 -0.0066967 0.0037339 0.0067075 0.0037587 0.0087435 -0.001504 0.024374 0.045686 -0.015646 0.0097152 0.020198 0.029535 -0.0010642 0.0001743 0.0011659 0.00087934
-0.00074381 -0.0046358 0.0024983 0.0049562 0.016768 0.0038652 0.037135 0.057062 -0.011699 0.05509 0.021821 0.060859 -0.0020343 0.0095236 0.0022828 0.0095848 -0.01081 0.010322 0.017387 0.011913 0.29596 0.013135 0.31117 0.25459 -0.020759 -0.08704 0.55687 0.26751 -0.026038 0.011846 0.029524 0.020502 -0.0053838 -0.00040178 0.0079805 0.020347 0.080144 -0.10869 0.12883 0.25498 -0.0090547 -0.10809 0.42295 0.21077 0.02502 -0.028653 0.028941 0.035203 -0.00068927 0.0036201 0.0020558 0.0042027 -0.0022435 0.025758 0.011259 0.034828 0.017018 0.021129 0.049842 0.034604 0.00048567 -0.0018874 0.013026 0.0040068
-0.0002026 -0.013864 0.00094721 0.013956 -0.0037867 -0.09953 0.010676 0.09953 0.049009 -0.043792 0.049009 0.043801 -5.7944e-06 -1.5909e-05 8.8734e-06 1.5909e-05 -0.02211 0.011791 0.038096 0.021444 0.059807 0.084245 0.10726 0.22102 0.44285 -0.040554 0.47955 0.093621 0.0025907 -0.0021535 0.0027807 0.002179 0.0042179 0.040504 0.054855 0.045039 -0.020424 0.33112 0.087936 0.36225 0.23808 0.17748 0.23852 0.24459 0.0083115 -0.0068293 0.0083115 0.0068293 0.0002433 0.00043876 0.00067013 0.00055398 0.001605 0.0033012 0.004344 0.0040518 0.00091457 -0.0013607 0.0055239 0.0049768 0.001339 -0.00089621 0.001339 0.00096622
-0.0018385 -0.0059895 0.0019423 0.0059895 0.0012131 -0.017801 0.014713 0.02481 0.065477 -0.031687 0.065577 0.031695 -0.00015672 0.00011875 0.00063355 0.00034337 0.0032508 0.036789 0.0034417 0.036789 -0.1084 0.079643 0.21231 0.099836 0.42344 -0.059142 0.465 0.10148 0.0048865 -0.019157 0.023489 0.030693 -0.0096812 0.046873 0.014451 0.050271 -0.2259 0.26189 0.33796 0.36175 0.15892 0.13335 0.20546 0.20369 0.017529 -0.013639 0.025546 0.013639 -0.0015397 0.00056452 0.0037874 0.0018618 0.00068854 0.0022544 0.035898 0.026381 -0.018263 0.0074786 0.023232 0.018367 0.0012627 0.0015564 0.0016947 0.0025237
0.0010287 -0.0018628 0.0024386 0.0036488 0.027094 -0.0089376 0.040665 0.022358 0.045344 -0.0022608 0.045364 0.015585 0.00023496 5.3941e-05 0.00023496 6.6056e-05 -0.008598 0.008573 0.0094723 0.0092171 0.44835 0.1785 0.48403 0.26841 0.078538 0.027402 0.079213 0.041343 0.0010573 0.0002906 0.0010573 0.0002906 -0.0049584 0.0017084 0.013687 0.020413 0.371 -0.14904 0.43804 0.22972 0.10254 -0.044264 0.10254 0.045974 0.0013521 -0.00023719 0.0013521 0.00023719 0.00062324 -0.0020534 0.0012566 0.0023942 0.013667 0.0079831 0.025898 0.020401 0.056288 0.0026242 0.056288 0.016539 0.00018402 7.7209e-05 0.00018546 0.00013098
-0.0028399 7.1055e-05 0.0084809 0.0017256 0.0149 -0.0052083 0.025642 0.0093304 -0.013784 -0.046416 0.015439 0.047847 -0.00086131 -0.01344 0.0012057 0.013596 0.020943 -0.040283 0.043838 0.046419 0.052992 -0.070109 0.36765 0.36766 -0.046115 0.037901 0.10496 0.26939 -0.0055597 0.0072263 0.0076315 0.024358 0.0089858 0.053998 0.018209 0.054029 0.19802 -0.043882 0.53586 0.15075 -0.25881 -0.051913 0.38913 0.18384 -0.002814 -0.017432 0.0052616 0.027698 -0.00031203 -0.00050052 0.0012311 0.0012649 -0.028475 0.030325 0.042743 0.043564 -0.014826 -0.0072806 0.028244 0.041775 0.0038884 0.00097906 0.0044516 0.0058262
-0.00058584 0.0030037 0.0046643 0.0050046 -0.0035616 0.044468 0.018511 0.054988 -0.01705 0.02262 0.063477 0.036357 -0.0047032 -0.0021057 0.011891 0.0080638 0.026544 -0.0050336 0.07447 0.049409 -0.094107 -0.13064 0.37875 0.25017 0.17683 -0.026961 0.3273 0.28295 -0.044382 0.056455 0.046716 0.060043 0.024969 -0.0013537 0.048576 0.031012 -0.15857 0.18634 0.34999 0.20742 0.21849 0.098551 0.40494 0.20801 -0.02998 -0.0033593 0.034459 0.011964 0.0023806 0.0024112 0.0039539 0.0038707 -0.005575 -0.083162 0.025377 0.084832 0.02572 -0.046216 0.030544 0.050492 0.0011938 0.00018297 0.0035037 0.0023571
0.0037345 -0.0050609 0.0047723 0.0057918 -0.0027048 -0.015205 0.043083 0.032101 0.046606 0.017327 0.048061 0.019866 -0.0074643 -0.001179 0.0085454 0.0016272 -0.0029022 0.0058778 0.012417 0.02169 0.1625 0.13455 0.30997 0.38992 0.20883 -0.093577 0.22258 0.15201 -0.017739 0.016204 0.020006 0.018259 0.035532 0.022429 0.04472 0.038664 -0.1558 -0.10542 0.45821 0.24259 0.33997 0.08833 0.34366 0.10338 -0.016526 -0.0078482 0.021494 0.018938 -0.0030086 4.2015e-05 0.003869 0.011007 0.016375 0.012953 0.043438 0.044979 0.030636 -0.036023 0.030934 0.036042 -0.0053898 -0.001175 0.0067208 0.0032204
-0.0024247 -0.00044869 0.0034874 0.0023037 -0.0059568 0.013796 0.025553 0.019058 -0.0041537 -0.015241 0.024879 0.032657 0.0028569 0.0046891 0.0031286 0.01042 0.0038275 0.0065902 0.015216 0.013241 -0.26714 -0.23858 0.28655 0.3099 0.22516 0.0009474 0.26537 0.3507 -0.0035757 -0.003518 0.011965 0.030296 -0.021984 -0.032644 0.025616 0.040076 0.041971 0.059494 0.20233 0.42748 0.1279 0.025909 0.39569 0.18316 -0.001078 0.014661 0.0028129 0.021198 -0.00078273 0.005847 0.0030293 0.0095185 0.0088727 0.001834 0.034952 0.010156 0.019119 -0.0060768 0.043717 0.0089594 -1.7322e-06 -0.00036724 0.00036859 0.00079642
0.00027106 0.00089211 0.0013275 0.0011776 0.026635 -0.015701 0.056071 0.057735 -0.027086 0.048193 0.037485 0.054286 0.0011364 0.00076276 0.003026 0.0039838 0.023102 -0.012206 0.035024 0.03753 0.24505 0.053585 0.5405 0.26929 -0.11681 0.012158 0.229 0.11669 -0.013913 0.013011 0.036305 0.029898 -0.002297 0.016657 0.014787 0.02896 0.2875 -0.018839 0.5152 0.26702 -0.048219 0.049044 0.14516 0.12043 0.00044763 0.01737 0.017669 0.029918 -0.0012132 0.0015005 0.0053433 0.0096344 0.024186 -0.0097283 0.057723 0.049953 -0.0018412 -0.014642 0.038723 0.022142 0.0038876 -0.00056334 0.0076758 0.0027773
-0.00013978 0.0025052 0.0037025 0.012577 -0.004247 0.010062 0.027445 0.061142 0.025474 0.010999 0.030537 0.039956 0.0004278 0.00043995 0.00045867 0.00044352 -0.015206 0.0090213 0.037136 0.022192 0.094184 0.088311 0.2907 0.19115 -0.062894 0.078073 0.52788 0.18678 0.0032906 0.0028054 0.0033436 0.0029451 -0.039877 0.0075897 0.041189 0.010001 0.1445 0.0014988 0.2945 0.36814 -0.073389 -0.039177 0.37945 0.36178 0.00023838 -0.00074875 0.00047625 0.001753 2.5969e-05 0.00032728 4.5421e-05 0.00032771 0.00044156 0.00079324 0.00044156 0.00079324 -7.3832e-05 0.0001761 7.3832e-05 0.0001761 -5.008e-05 0.00022953 5.008e-05 0.00022953
-0.00043869 0.00099605 0.001405 0.0023845 0.079899 0.015745 0.08305 0.025618 0.002666 -0.00065339 0.002666 0.00080141 1.682e-06 1.682e-06 1.682e-06 1.682e-06 0.00015691 0.0012536 0.012859 0.015773 0.16503 -0.10614 0.23331 0.26793 0.35403 -0.15127 0.35403 0.16016 0.00098446 0.00025286 0.001048 0.00086742 0.0011615 -0.013128 0.012112 0.013886 0.13431 -0.0049262 0.20861 0.1506 0.43416 0.14249 0.43416 0.14374 0.00036213 0.00020339 0.00042566 0.00045614 -0.00036672 0.0024667 0.0015662 0.0033805 0.075077 0.059201 0.07646 0.06041 0.0055243 0.0014946 0.0055243 0.0015068 5.987e-05 1.68e-05 5.987e-05 2.4488e-05
3.2738e-05 0.0035294 0.0032256 0.0051702 -0.039246 -0.035642 0.046133 0.040541 0.020803 -0.0032379 0.028313 0.034491 0.0027071 0.0037747 0.0030215 0.0065839 -0.027343 -4.5551e-05 0.031308 0.0083124 -0.23936 -0.0015883 0.25783 0.052447 0.3923 -0.038916 0.41131 0.11838 -0.0036978 -0.017446 0.010513 0.047053 -0.013462 0.0037545 0.014556 0.010525 -0.28276 0.12133 0.28276 0.32502 0.16304 -0.056797 0.20253 0.39956 0.024067 -0.012993 0.028185 0.055879 -0.0059543 -0.0066636 0.0059543 0.006674 -0.01204 -0.019281 0.02555 0.032686 0.0026574 0.034934 0.015098 0.038343 0.0028638 -0.00016059 0.0059346 0.0034367
0.00092864 -0.00011973 0.0012024 0.00071329 0.0024756 0.02145 0.059075 0.028716 -0.029371 0.014229 0.031585 0.020575 0.0036962 -0.0036907 0.003777 0.0038622 0.0063884 0.0092633 0.0095845 0.010917 0.11822 -0.093729 0.26387 0.39063 0.032372 0.077304 0.32791 0.25993 -0.030171 0.03799 0.030428 0.038266 0.0487 0.023693 0.060295 0.049148 -0.20439 -0.081841 0.37726 0.22916 0.35909 0.058891 0.38138 0.13247 -0.034647 0.0043268 0.036052 0.03442 0.0013882 -0.0072072 0.0032629 0.0084932 0.041192 0.01988 0.058432 0.046671 0.0031434 0.0065824 0.030938 0.015864 -0.00024746 0.00069238 0.0026681 0.0019729
0.00044759 -0.0012832 0.0011626 0.0031847 0.04088 -0.0503 0.044598 0.051241 -0.037555 -0.046847 0.052916 0.050907 -0.00014725 -0.00015814 0.0019255 0.0015908 -0.018534 -0.004695 0.020638 0.011546 0.34565 0.065117 0.35202 0.10661 -0.24975 0.12043 0.42581 0.173 0.0085421 0.0027109 0.025851 0.017668 -0.018549 0.016738 0.023277 0.01877 0.15071 0.060387 0.29337 0.2592 -0.0201 -0.041059 0.41788 0.23629 -0.007695 0.00018178 0.035169 0.023603 0.0022228 -0.0026288 0.003573 0.0030856 -0.023992 -0.0446 0.057741 0.063366 0.049378 0.022069 0.061782 0.02561 -0.0084393 0.0043041 0.0085144 0.0053179
0.0048999 0.0016926 0.0071685 0.0043509 0.0073972 -0.00027996 0.073474 0.040841 -0.027884 0.025251 0.030307 0.043231 0.0066784 0.014224 0.011697 0.015473 0.027479 0.0003462 0.041029 0.04272 -0.17152 -0.19615 0.23398 0.43655 0.16672 -0.13177 0.21308 0.19433 0.021291 0.0012792 0.021291 0.0042392 -0.013548 -0.030711 0.043704 0.048849 0.011837 0.19398 0.34211 0.43195 0.14677 0.20367 0.26752 0.20629 0.012269 0.0043304 0.014273 0.0055361 0.00048992 0.0044216 0.0070138 0.015689 0.042421 -0.053735 0.053055 0.094586 0.00018782 0.0020861 0.0050674 0.0075888 0.0020961 0.0012953 0.0020968 0.0013378
-0.00016077 8.5935e-05 0.00016077 8.5935e-05 -0.022112 -0.019351 0.022182 0.019511 -0.037923 -0.058066 0.047979 0.072856 0.0081459 0.0056948 0.0092418 0.0087789 -0.024262 -0.023632 0.024317 0.024001 -0.08154 -0.11702 0.30219 0.35253 0.0075764 0.29477 0.37664 0.37953 5.7521e-05 -0.0095239 0.041776 0.065618 -0.081555 0.005488 0.081555 0.044491 0.29884 0.037331 0.3935 0.2947 -0.0018185 -0.01143 0.052632 0.074112 -0.023853 0.010564 0.028559 0.0374 -0.0052079 -0.0013118 0.0052079 0.0015124 0.017091 -0.027331 0.023591 0.038897 -0.040549 -0.031017 0.045046 0.036336 0.0051413 -0.0055869 0.0055131 0.011481
0.0020173 -0.0017556 0.0032502 0.0048703 0.075675 -0.027311 0.081913 0.029071 0.0064117 -0.00076827 0.0064117 0.001424 0 0 0 0 0.010805 -0.0097743 0.024727 0.033842 0.19556 -0.018778 0.24842 0.15236 0.3358 -0.1764 0.3358 0.18392 0.00024554 8.4396e-05 0.00024554 0.0002761 0.025617 -0.0010643 0.034028 0.0071735 0.10881 -0.013889 0.15894 0.16214 0.46742 0.1536 0.46742 0.15441 0.00013435 0.00034449 0.00013435 0.00046561 -0.0013713 0.011856 0.0024485 0.011918 0.052117 0.084253 0.052626 0.084253 0.0047169 0.0028659 0.0047169 0.0028659 0 0 0 0
-0.0082128 -0.0028867 0.014033 0.0086289 0.023294 -3.5223e-06 0.037887 0.044734 0.0034176 -0.0016241 0.009601 0.0058688 -0.0041997 0.0059213 0.0050373 0.0060152 0.028231 -0.04154 0.044238 0.059425 0.20147 -0.1113 0.483 0.37754 -0.012144 0.054294 0.038717 0.147 -0.0028197 -0.022592 0.012559 0.022673 -0.032282 0.037121 0.042997 0.064796 0.2364 0.038696 0.34649 0.35629 0.014327 -0.27211 0.16176 0.305 -0.044182 -0.045449 0.064833 0.048692 -0.0012764 0.0024491 0.0012866 0.002455 -0.008879 0.03174 0.010409 0.031752 -0.037509 0.06711 0.037509 0.068109 0.00072759 0.0079319 0.0051011 0.0080775
-0.0015813 -0.00031592 0.0019062 0.00061308 -0.024164 -0.048989 0.026348 0.049325 0.034639 -0.033563 0.043414 0.033675 0.0010825 -3.4819e-05 0.0010825 0.0001133 -0.0083878 0.017643 0.04151 0.058708 -0.24811 0.056635 0.35193 0.19903 0.30229 0.021504 0.35936 0.18299 0.0054839 0.0010376 0.0054839 0.0012259 0.011855 -0.0074952 0.035357 0.032182 -0.33978 0.040674 0.35918 0.062404 0.33993 0.025898 0.34106 0.054325 0.0033343 0.001172 0.0033824 0.0012634 0.0016427 -0.00054098 0.0028907 0.0020313 -0.043768 0.012873 0.050835 0.034974 0.044905 0.031569 0.047953 0.031569 0.00012333 0.00012295 0.00014411 0.00014044
-0.00023279 -0.0040406 0.0040879 0.005438 -0.0014224 -0.02657 0.018696 0.028755 0.055954 -0.046523 0.055954 0.046523 0.00031102 -0.0003884 0.00031382 0.00039758 -0.014827 -1.4176e-05 0.032404 0.013723 -0.023207 -0.073439 0.057044 0.11385 0.38999 0.017329 0.39747 0.09436 0.0028986 -0.0031492 0.0031999 0.0031492 -0.032526 0.004864 0.056985 0.058452 0.09901 0.25676 0.25865 0.378 0.11718 -0.11758 0.34658 0.43424 -0.0021709 -0.052498 0.023426 0.054278 -8.3357e-05 0.0097637 0.0026263 0.010615 -0.024411 -0.018472 0.056943 0.047388 -0.0071739 0.012239 0.028992 0.032892 0.0012061 0.00066779 0.0033072 0.0024356
-0.0093849 -0.0037103 0.0096282 0.0041302 0.040579 -0.022834 0.045761 0.034377 -0.036919 -0.0056364 0.075572 0.041563 -0.00067057 0.0011416 0.0034362 0.0037182 -0.0035494 -0.010359 0.035928 0.046275 -0.092741 0.062099 0.35695 0.24713 -0.051648 -0.09195 0.42363 0.24659 0.018277 -0.005402 0.02021 0.011432 0.013304 -0.0026962 0.037642 0.048135 -0.096019 -0.092923 0.19345 0.26873 0.27277 0.26803 0.40111 0.27502 0.00072345 0.054155 0.013917 0.055385 -0.0013085 0.0040067 0.001311 0.0040078 0.0064714 0.062161 0.015291 0.062161 0.0065394 0.009765 0.0065394 0.0098057 0.00024311 0.00034731 0.00024311 0.00034731
-0.0077124 -0.0053857 0.0080521 0.006933 0.039774 -0.041695 0.047515 0.049536 0.010658 0.023416 0.031617 0.037682 -0.0020222 -0.0018127 0.0031171 0.0028786 -0.015784 -0.0589 0.034011 0.073019 0.049426 0.028035 0.26864 0.20163 0.35028 -0.12139 0.37463 0.16435 -0.071011 -0.001157 0.076871 0.023508 0.032098 0.0070433 0.043027 0.044929 0.21569 0.14822 0.30226 0.28761 0.1022 0.044853 0.36728 0.31191 -0.063262 -0.072187 0.068093 0.085768 0.0019408 -0.0011819 0.0036378 0.0025748 0.077105 -0.047985 0.077105 0.047985 -0.076387 -0.029078 0.087786 0.037132 0.0086795 0.0099098 0.0098236 0.013586
0.0038943 -0.0083756 0.0039623 0.0084412 0.011925 -0.023857 0.01265 0.024054 -0.051546 -0.034024 0.061791 0.038119 -0.0013891 0.0014506 0.0015362 0.0017901 0.0023111 -0.0036522 0.013704 0.0097178 0.30226 -0.063345 0.32554 0.10826 -0.3391 0.16859 0.41237 0.18097 0.0072582 -0.0028171 0.030214 0.021317 0.0002904 -0.0032312 0.0037848 0.0064338 0.35016 0.013751 0.36379 0.045534 -0.21362 0.086133 0.31539 0.1064 -0.013152 0.015082 0.02445 0.022672 -0.00014967 0.00037765 0.00046375 0.0004176 0.03184 -0.019424 0.032251 0.027229 0.012628 -0.01974 0.024138 0.033883 -0.0083568 0.0028622 0.0091333 0.0030143
0.00011379 0.00057752 0.0023564 0.002923 0.016206 -0.033363 0.083984 0.038295 0.0061383 -0.0042826 0.049258 0.017787 -0.0054753 0.0036001 0.0061525 0.004065 -0.042618 -0.036406 0.058099 0.039726 0.38326 0.13632 0.48817 0.23882 -0.074082 -0.014562 0.32749 0.19199 0.0070985 0.00040843 0.019733 0.022575 -0.0039559 0.025267 0.017741 0.031708 0.10162 -0.048033 0.29093 0.2895 0.09013 -0.092563 0.28014 0.27783 -0.018082 -0.007732 0.023423 0.040823 -0.003289 2.6583e-05 0.0052416 0.0035609 -0.0023089 -0.016456 0.032982 0.045839 0.040251 0.032702 0.043584 0.036142 -0.0048349 -0.0024806 0.0068448 0.0041658
-0.0064855 -0.00079612 0.007893 0.0031763 0.0085109 0.026537 0.054196 0.069314 0.020944 0.024821 0.038081 0.047729 -0.00033449 -0.0048206 0.0045755 0.0065535 -0.0061502 0.0094654 0.033983 0.088162 0.25811 0.05972 0.47549 0.33908 -0.0649 0.14632 0.13256 0.39562 -0.038275 0.019125 0.059214 0.090086 0.038093 -0.038508 0.044927 0.046114 0.30168 -0.046659 0.48427 0.083137 -0.0061772 -0.036149 0.016861 0.060299 -0.0013791 0.014163 0.0096727 0.014163 0.003292 0.0010002 0.0053152 0.0016018 0.044668 0.0099868 0.056681 0.012029 0.0023093 0.0051027 0.004443 0.0051525 0.00041523 0.00037299 0.00041764 0.00037356
0.011243 -0.0059534 0.017118 0.0061962 -0.0066567 0.0057482 0.033438 0.075537 -0.0058247 -0.01075 0.045845 0.025335 0.0021263 -0.0011378 0.0053182 0.001544 0.028863 0.025038 0.065479 0.037478 0.054524 -0.15711 0.23378 0.34139 0.12588 -0.047389 0.40347 0.18145 -0.032926 0.0047987 0.077163 0.015471 0.027211 0.015447 0.045442 0.035003 -0.11981 -0.072317 0.44058 0.23332 0.26939 -0.17295 0.32487 0.25503 -0.035479 -0.015972 0.077777 0.022501 0.00039321 -0.0078408 0.0021132 0.0085221 -0.046184 0.023339 0.061485 0.039005 -0.00069326 0.011185 0.009974 0.021436 0.0045132 -0.0010748 0.012776 0.0062784
-0.00068696 -0.00031488 0.0037884 0.0036944 -0.0016312 0.016783 0.026268 0.031257 -0.0051772 0.010549 0.006843 0.011308 -0.00086228 0.0040344 0.0039449 0.0044432 -0.0096207 -0.016218 0.049605 0.084805 -0.151 -0.11164 0.31106 0.38706 0.2884 -0.11825 0.33794 0.14561 0.0057639 0.0054162 0.0093124 0.0058062 0.030457 -0.016926 0.051198 0.073259 -0.15577 0.21142 0.29919 0.32756 0.23372 0.17137 0.27956 0.18589 0.004724 0.0038963 0.0079098 0.0070815 0.0034981 0.0017153 0.0046329 0.017652 0.012794 -0.0083667 0.014301 0.016939 -0.0030583 0.0062069 0.0049649 0.0095183 0.00089616 0.00030971 0.0012534 0.00087438
-0.00023831 -0.00022522 0.00023831 0.00022522 -0.0037273 -0.070559 0.01875 0.070559 -0.0208 -0.018431 0.032402 0.018431 -0.00044019 -0.0057234 0.0024418 0.0064679 -0.072825 -0.013961 0.072835 0.029188 -0.10826 -0.076398 0.14349 0.14731 0.14243 -0.064716 0.50661 0.27071 0.020994 -0.0011073 0.050883 0.027677 -0.063102 -0.016257 0.067064 0.02877 -0.010211 0.015668 0.19424 0.19535 0.19053 0.0021845 0.48201 0.42105 -0.054354 0.027321 0.070573 0.057249 -0.0088298 0.0060076 0.0088891 0.006148 -0.0085131 0.030895 0.032237 0.040969 0.039114 0.031402 0.070045 0.050587 -0.0039984 0.0022602 0.0057234 0.003844
2.5904e-06 -0.00041263 0.0002136 0.00063935 0.046269 0.0033979 0.048679 0.017052 0.0061251 0.04321 0.010718 0.04321 -0.00012602 0.0051687 0.0015284 0.0051687 -3.4687e-05 0.018799 0.0022851 0.018851 0.47411 0.12752 0.47672 0.12964 0.022074 0.11571 0.041158 0.11771 0.0019551 0.01422 0.00331 0.014571 -0.0021301 0.032855 0.004411 0.076621 0.33654 0.08311 0.36957 0.38248 -0.011465 -0.10988 0.05292 0.22116 -0.00031623 -0.016106 0.0039584 0.03537 0.00082996 0.00031975 0.0011106 0.00039937 -0.0016412 0.00098592 0.0029495 0.002991 0.0012206 0.0028317 0.0070881 0.0040908 -7.1415e-05 0.00035034 0.00076163 0.00052984
0.00081942 0.0016659 0.0023107 0.0024542 -0.003835 0.017614 0.033301 0.069821 0.019866 -0.009808 0.045785 0.038193 0.0015225 0.0010724 0.0065728 0.0047765 0.0042605 -0.0071069 0.0075353 0.015075 -0.10945 -0.1658 0.18402 0.41718 0.068122 -0.074272 0.37468 0.33267 0.01017 -0.026452 0.034026 0.041674 -0.0051119 -0.07665 0.031726 0.096412 0.09481 -0.045597 0.23734 0.35054 0.25083 0.11931 0.37595 0.16432 0.010722 0.039629 0.035891 0.052794 0.0049679 0.00096371 0.010584 0.0012177 0.025244 0.0516 0.053265 0.081718 -0.0076177 -0.017448 0.037164 0.060676 -0.0028037 -0.014859 0.0069578 0.023271
-0.00091669 -0.0045514 0.0016416 0.0064187 0.017344 -0.018558 0.028465 0.034598 0.01071 0.0075692 0.024016 0.036663 -0.0012261 -0.00077129 0.0039114 0.007943 -0.0085943 0.025868 0.01242 0.041813 -0.20569 -0.028138 0.30809 0.33596 0.25023 -0.062275 0.38596 0.12706 -0.016628 0.0050499 0.025218 0.018139 0.0085578 -0.01855 0.01012 0.024936 -0.225 -0.092364 0.30906 0.13722 0.36482 0.043218 0.4308 0.057635 -0.038712 -0.0062117 0.041583 0.016058 -0.00079748 0.0020682 0.0014966 0.0024484 0.0029275 0.017421 0.050566 0.019243 0.035699 0.01484 0.039485 0.015091 -0.008022 0.0010925 0.0081475 0.0013334
-0.0026202 0.00049601 0.0032345 0.0047775 0.032836 -0.036995 0.053419 0.052127 0.023338 -0.018963 0.043989 0.024433 5.0419e-05 2.6428e-06 0.0018662 0.002202 -0.013658 0.04748 0.022451 0.067367 -0.14495 0.11792 0.25802 0.26719 0.29513 -0.0035142 0.46605 0.12685 -0.012118 -0.013296 0.023271 0.10229 -0.0017006 -0.046465 0.017551 0.056678 -0.10433 0.077604 0.2825 0.35654 0.16861 0.13862 0.31182 0.27819 -0.027442 0.0036646 0.051138 0.083407 -0.00084967 -0.00061294 0.0010996 0.0014238 0.044773 0.022386 0.063812 0.03024 -0.019319 -0.031283 0.034975 0.058603 -9.1734e-05 -0.012246 0.0014406 0.024922
-0.0080805 0.0056348 0.0084551 0.0082744 0.060794 0.049502 0.093315 0.07052 0.018521 -0.015919 0.02552 0.048857 -0.004257 -0.0061386 0.0051457 0.0083027 0.0032475 0.0035737 0.037217 0.031702 -0.037229 -0.043031 0.078086 0.096679 0.30952 -0.063945 0.48645 0.11202 -0.049543 -0.00688 0.054338 0.019421 -0.013152 0.038538 0.019949 0.057588 -0.054632 0.33354 0.14238 0.46986 0.032258 0.15752 0.3395 0.26222 -0.0016727 0.022513 0.028075 0.059085 -0.0044556 0.0032625 0.0055593 0.0039707 0.016129 -0.056235 0.065831 0.076584 0.00015394 -0.037366 0.086624 0.046093 -0.0026371 -0.0042478 0.0072919 0.0055157
-0.0016201 0.0012219 0.0020694 0.0018822 0.021326 -0.009153 0.035837 0.012897 -0.0047972 -0.004555 0.042622 0.065756 -0.00059033 0.0012744 0.0047615 0.007745 -0.016606 0.0042903 0.023344 0.01791 0.084278 -0.076661 0.17514 0.28656 0.13793 0.071218 0.54661 0.2378 -0.022194 0.015316 0.03307 0.030703 -0.033637 0.033017 0.036245 0.038765 0.044551 0.17786 0.20346 0.33552 0.16505 -0.056557 0.43217 0.23923 -0.022644 0.0072292 0.030869 0.028856 -4.432e-05 0.00036902 0.0006475 0.00064048 -0.021837 0.039501 0.033421 0.05789 -0.0059977 0.011575 0.062023 0.051335 0.00089429 -0.00058194 0.0027345 0.0045362
0.002377 -0.00024235 0.00243 0.0056647 0.049498 -0.055636 0.053156 0.058471 0.0090694 -0.0054826 0.0090694 0.005738 -8.5298e-06 -6.5212e-05 6.5212e-05 6.5212e-05 -0.0070182 -0.0096428 0.012109 0.019529 0.057317 -0.081909 0.15821 0.12182 0.4514 -0.10586 0.4514 0.10598 0.00032834 -0.00011844 0.00032834 0.00026673 0.0089023 -0.0092682 0.014004 0.017493 0.067268 0.057961 0.14054 0.12149 0.46941 0.075167 0.46941 0.080253 0.001658 -0.00014832 0.0017031 0.00056282 0.00083699 0.0043512 0.0027404 0.0050382 0.047229 0.058248 0.04733 0.058363 0.010665 0.0042613 0.010845 0.0053141 0.00034825 -2.9264e-05 0.00034916 6.8409e-05
0.00044107 -0.0046914 0.0067477 0.0066739 -0.027333 -0.0052448 0.058888 0.022965 0.031818 -0.065387 0.050106 0.065786 0.0062493 -0.01097 0.0062806 0.010973 -0.01187 -0.026329 0.018426 0.029728 -0.042968 -0.056637 0.13773 0.26823 0.33798 0.1227 0.59574 0.247 -0.062464 0.01574 0.093735 0.035028 -0.002425 0.014171 0.018599 0.025867 0.079049 0.21319 0.083456 0.21319 0.2659 0.029786 0.28973 0.21685 -0.065239 0.0024103 0.07977 0.043954 0.001733 0.000822 0.0024753 0.0026803 0.0025251 -0.024472 0.012304 0.026339 -0.0035318 -0.023624 0.015557 0.048778 -0.0010735 0.0069409 0.0061811 0.0087405
0.00066437 0.0003132 0.0014707 0.0045504 0.0041154 -0.023378 0.0098132 0.02899 -0.05155 0.0018698 0.053607 0.041022 0.00062495 0.001429 0.0020402 0.0023217 -0.022123 -0.017397 0.03558 0.038676 0.14073 -0.17089 0.31348 0.33055 0.027413 0.096715 0.13191 0.14873 0.0014613 0.030906 0.0080189 0.030962 -0.054694 0.0053701 0.057821 0.050143 0.054182 -0.026187 0.40756 0.42725 0.16622 -0.30218 0.30923 0.31028 0.0021354 -0.00081943 0.0021354 0.0011914 0.00031248 -0.0021015 0.002211 0.006729 -0.024496 -0.01352 0.033412 0.030697 0.045741 0.0056032 0.049452 0.0093752 0.00020585 0.00010163 0.00023509 0.00026476
0.00019732 -0.003483 0.0039143 0.0051767 0.025311 -0.042098 0.043939 0.059922 0.040286 -0.022432 0.040936 0.022637 0.00013673 -0.00028636 0.00014731 0.0003448 -0.021312 0.031678 0.025677 0.040401 0.035763 -0.043758 0.11282 0.11555 0.42903 -0.086439 0.42903 0.14041 0.0046566 0.00018157 0.0047493 0.0023915 -0.054091 0.018103 0.054714 0.046084 -0.11963 0.053793 0.15828 0.11373 0.48312 0.10135 0.48312 0.10355 0.0060755 0.0011387 0.0060755 0.0012118 -0.004664 -0.0060332 0.0060281 0.0064249 0.020017 0.0015973 0.039631 0.011139 0.051751 0.011232 0.051751 0.011232 0.00060979 0.0001303 0.00061569 0.00015289
-0.0027956 -0.0095533 0.0029063 0.010218 0.020527 -0.011241 0.027805 0.053838 0.0017886 0.023551 0.0062874 0.060309 -0.0022161 0.0044666 0.0029995 0.0067945 -0.013462 0.010116 0.017341 0.011464 0.46959 0.097101 0.47216 0.13378 0.04534 0.18264 0.052311 0.18264 -0.011935 0.013801 0.019168 0.032498 -0.011674 0.04455 0.024427 0.064995 0.34992 0.12755 0.36965 0.3246 -0.022806 -0.095699 0.049875 0.21464 0.0017759 -0.0021279 0.0067813 0.020256 0.00035137 1.3061e-05 0.00059441 0.00073648 -0.00022588 0.0043326 0.0034021 0.004913 0.0016298 0.0040409 0.0065592 0.004938 0.00021483 0.00021397 0.00076089 0.00049536
-0.0085765 -0.0041821 0.0085891 0.0041863 0.02724 0.0015826 0.045823 0.028725 -0.0012713 0.020135 0.027195 0.026339 -0.0015184 -0.0011554 0.0039642 0.0045945 -0.06205 -0.029628 0.062078 0.029628 0.37341 -0.021731 0.42459 0.066907 -0.034772 -0.031067 0.1636 0.051169 -0.049201 0.020901 0.072972 0.055415 -0.0085541 0.014756 0.034021 0.033395 0.22299 0.055846 0.42399 0.30191 -0.0079392 -0.21083 0.40786 0.25789 0.0062833 -0.0069025 0.039151 0.048119 0.0019619 0.00035861 0.0029968 0.0013783 -0.016983 0.0022623 0.043911 0.013082 0.0030804 -0.011085 0.082899 0.015051 -0.0026783 0.00080508 0.0058149 0.0053343
0.00045126 0.0019142 0.00052301 0.002418 -0.025291 0.0091956 0.071244 0.030922 0.060097 -0.01021 0.060568 0.014149 -0.0080275 0.0013528 0.0091241 0.0031836 -0.0024295 -0.013366 0.0086273 0.032894 -0.16094 -0.15513 0.29894 0.18901 0.39011 -0.11813 0.3945 0.21011 -0.0010998 0.0026847 0.013354 0.01702 -0.003568 0.0090114 0.0092016 0.023731 0.080906 0.1009 0.12199 0.21249 0.072897 0.087643 0.50539 0.29121 0.045975 -0.0074997 0.048969 0.01195 -0.00019083 -0.00086141 0.0013344 0.0050495 0.011121 -0.00093141 0.014316 0.031691 -0.014249 -0.016679 0.060913 0.039344 0.00015258 -0.0067962 0.0052863 0.0094411
0.00024142 -0.00051237 0.00057127 0.001021 0.002455 -0.0026036 0.0033482 0.0058015 -0.022488 0.006139 0.024282 0.015337 -0.0098658 0.0077302 0.010922 0.013687 -0.042479 -0.027068 0.068319 0.036855 0.26851 -0.050917 0.28399 0.21968 -0.23242 -0.11099 0.30212 0.33882 0.00055803 -0.025683 0.029663 0.074557 -0.02877 0.036177 0.046419 0.037797 0.042098 0.0052239 0.23953 0.44659 -0.014911 0.082792 0.32157 0.34707 -0.0047382 0.035688 0.013592 0.052764 0.0032241 -0.0018927 0.0044107 0.0049422 -0.02288 -0.0092952 0.032071 0.016123 0.00027863 -0.023414 0.055249 0.034043 0.0041208 -0.0044385 0.01035 0.0058772
-0.011296 0.0031683 0.011296 0.0033236 0.031776 -0.0063848 0.03303 0.011284 0.04373 0.013473 0.047419 0.019731 0.0011489 0.00070755 0.0029658 0.0039088 -0.065681 0.023315 0.065844 0.02343 0.031803 0.0023772 0.28072 0.075419 0.29058 -0.16562 0.5214 0.17735 -0.040287 -0.0301 0.056447 0.062912 -0.056581 -0.050338 0.05697 0.050338 0.068303 0.054577 0.20734 0.22052 0.22503 0.090756 0.50211 0.1689 -0.027034 0.0031667 0.080378 0.040195 0.00038736 -0.00051478 0.002231 0.0010911 0.011144 -0.0013228 0.037346 0.017626 0.031307 0.0055214 0.087739 0.052875 -0.0059491 -0.0057618 0.006124 0.0058697
0.0003195 0.0032581 0.0050668 0.0046394 -0.0025887 -0.018546 0.047738 0.051179 0.018999 0.02074 0.031479 0.066529 -0.005289 0.006563 0.010526 0.012731 -0.017026 -0.030255 0.044962 0.080287 0.19271 0.10985 0.43949 0.32667 -0.12719 0.13568 0.17748 0.43835 0.072579 0.016422 0.072579 0.049529 0.0061328 -0.018107 0.039942 0.040851 0.33976 -0.057043 0.46593 0.10433 0.018379 0.015787 0.025905 0.026966 0.002614 0.0012546 0.0027313 0.0013584 0.0013284 0.0016756 0.005339 0.0027514 0.04593 0.020006 0.050185 0.022829 0.0024213 0.001741 0.0024213 0.001785 3.606e-05 -3.606e-05 6.1531e-05 6.1531e-05
-0.0027397 -0.0056554 0.0061551 0.010088 0.029066 -0.05207 0.038179 0.068774 0.0024383 -0.015007 0.015213 0.028417 -0.001974 0.00042187 0.0027396 0.0045813 0.049408 -0.0086347 0.057015 0.040092 -0.077743 -0.045009 0.34464 0.32448 0.076855 -0.13532 0.46554 0.49316 0.014995 -0.019459 0.058934 0.052842 0.0084035 0.0031274 0.021897 0.021288 -0.022561 -0.021368 0.17675 0.17822 0.13462 0.05772 0.29322 0.25713 0.039412 0.044892 0.059652 0.050352 -0.0011451 0.0025301 0.002075 0.0036389 0.0089972 0.020312 0.01422 0.026627 0.038901 0.050844 0.041787 0.052663 -0.00013225 0.00015149 0.00055489 0.00065922
0.0052955 -3.4937e-05 0.0089629 0.0061183 -0.0058555 -0.036276 0.022594 0.045992 0.04665 -0.035135 0.0467 0.035302 2.638e-05 1.4527e-05 6.3237e-05 4.9965e-05 -0.028564 0.0098098 0.084789 0.049923 0.040698 0.080277 0.49993 0.24411 0.1617 0.12807 0.30679 0.30381 0.0040676 -0.0009296 0.0040676 0.0009296 -0.019234 0.0026214 0.039377 0.027775 0.1108 0.10041 0.18232 0.19338 -0.099323 -0.096815 0.41615 0.3643 0.016846 -0.00077193 0.016871 0.0078118 -0.0016576 0.002762 0.0029847 0.0043459 -0.020841 -0.019687 0.039578 0.052625 0.035538 -0.0071412 0.043431 0.044356 0.00021108 -0.00014944 0.00021342 0.00015178
0.0001196 -0.00036959 0.00034905 0.0005623 -0.030291 -0.04495 0.031181 0.045178 0.015336 -0.02031 0.044676 0.067516 -0.0053971 0.0088019 0.011875 0.011353 -0.029286 -0.015709 0.041687 0.03776 0.021631 -0.060772 0.39399 0.38695 0.1504 0.0045014 0.31233 0.35873 -0.041315 0.00357 0.09389 0.058662 -0.0056418 0.0069633 0.02533 0.031252 -0.092416 0.0508 0.28358 0.2756 0.18278 0.035541 0.35682 0.24098 0.0023765 0.0044565 0.03044 0.04186 0.0016342 -0.0027011 0.0060264 0.0050219 -0.044818 0.026895 0.05991 0.034318 0.04266 -0.036917 0.053748 0.067934 0.00084085 -0.0021539 0.0020651 0.0026982
0.0024506 -0.0040357 0.0037041 0.0069475 -0.0077825 0.019243 0.025649 0.031155 -0.0037065 0.0022116 0.038656 0.034486 0.0022287 -0.0076678 0.0036653 0.01098 0.0022019 -0.0056408 0.076565 0.066768 -0.15712 -0.1343 0.358 0.19188 0.086187 0.0043347 0.45881 0.19089 -0.0053873 -0.011344 0.026119 0.029796 0.020144 -0.0061945 0.036472 0.055841 -0.013722 0.023327 0.44547 0.43387 0.14289 0.068822 0.22528 0.15794 -0.072378 0.029149 0.0798 0.033584 0.0044373 -0.0063301 0.008269 0.0099701 0.044934 -0.013507 0.079655 0.071022 0.003034 -0.0024196 0.0083313 0.010086 -0.00082112 0.0013519 0.0012866 0.0025364
0.0071873 -0.0068023 0.0088633 0.0072521 0.00029412 7.3889e-05 0.011262 0.0099131 -0.0044869 0.0021875 0.023104 0.018663 -0.00054966 0.0008149 0.0018152 0.0073304 -0.009925 -0.0035616 0.023952 0.013854 0.2895 -0.11409 0.38138 0.29103 -0.26001 -0.010035 0.38045 0.44251 0.036141 -0.047559 0.046807 0.055805 -0.043061 0.016285 0.043095 0.017988 0.21584 -0.012316 0.27415 0.13878 -0.063673 0.085969 0.25486 0.13875 -0.017643 0.022268 0.040307 0.025722 -0.0076616 0.0044673 0.0076732 0.0044899 0.0055341 -0.0021617 0.019525 0.0090763 -0.010406 -0.059099 0.036992 0.059912 0.0015091 -0.0076155 0.0038044 0.0099812
-0.0013827 0.000986 0.002013 0.0013501 -0.01159 -0.011622 0.015202 0.013785 0.033619 0.0067858 0.036425 0.020039 -0.0064443 0.001094 0.011555 0.0039024 -0.019215 0.011774 0.026313 0.020282 -0.035337 0.035268 0.040987 0.042721 0.38624 0.025153 0.38945 0.17283 -0.073773 0.010243 0.073995 0.027985 0.0061439 -0.0063767 0.022859 0.016128 0.028063 0.27348 0.23125 0.43587 0.034342 -0.011869 0.38728 0.39082 -0.01998 0.0034958 0.063778 0.018553 0.0037434 -0.0027928 0.0065873 0.0032481 -0.021825 -0.043198 0.04491 0.078446 0.038198 0.025096 0.043119 0.045776 0.00080671 0.0021276 0.0048514 0.0023304
0.0044225 0.0044829 0.0044459 0.0046176 -0.013721 0.045062 0.014004 0.045062 0.0088003 0.050349 0.0088331 0.050406 0.00021393 0.0078959 0.0017609 0.0079369 -0.00086793 -0.014374 0.039491 0.046934 0.072917 -0.1662 0.21081 0.29228 0.013427 0.089386 0.067064 0.10694 0.0083523 -0.0049391 0.033974 0.041654 -0.056646 0.018762 0.058914 0.027662 0.31542 0.16373 0.4031 0.28005 -0.15043 -0.12885 0.31201 0.52944 0.0099778 0.00067484 0.028336 0.036171 -2.6677e-05 -0.0079959 0.0018906 0.0091282 0.016508 -0.01849 0.021688 0.0231 -0.0061521 0.00063246 0.014819 0.0065341 -0.0005958 0.0023295 0.0056085 0.0054562
-0.0002151 -0.010023 0.0093773 0.011405 0.012083 0.0099286 0.046447 0.065327 0.0016937 -0.013553 0.053822 0.032755 0.0041471 0.0013548 0.0071745 0.003489 -0.080119 -0.0092323 0.098656 0.052429 0.03986 0.016294 0.49847 0.12689 0.22282 -0.018145 0.3181 0.15379 0.0032678 -0.0025713 0.031585 0.048853 -0.056216 0.053059 0.061158 0.0541 -0.0038104 0.19905 0.43307 0.20088 0.10463 0.02119 0.3883 0.27494 0.0043987 0.0090358 0.025524 0.026681 -0.00025982 -0.00016903 0.0004986 0.00037714 -0.0025131 -0.0018796 0.0051999 0.0031322 -0.026077 0.0011218 0.046859 0.052721 0.0021718 0.001733 0.0035742 0.0024021
0.0040914 -0.0053572 0.0057204 0.012124 -0.0163 -0.067433 0.028717 0.073726 0.047359 -0.024845 0.047468 0.026036 0 0 0 0 0.0048152 0.0097577 0.03181 0.052024 -0.063112 0.22611 0.23148 0.38967 0.20421 0.11073 0.20421 0.11128 0 0 0 0 -0.045124 -0.0014795 0.054655 0.051484 0.31663 -0.13246 0.55792 0.41549 0.010044 -0.0021753 0.010044 0.0063842 0 0 0 0 5.9292e-05 0.0033809 0.00066277 0.0045319 0.0060119 0.018708 0.0083298 0.019232 0.0014304 -7.7016e-05 0.0014304 0.00020851 1.0848e-05 -1.4762e-05 1.0848e-05 1.4762e-05
0.00085042 -0.0082869 0.0020953 0.0084505 0.042402 -0.027334 0.042418 0.028023 -0.0032272 -0.0018516 0.0041697 0.0048615 -0.00020997 0.00060049 0.00057501 0.0011579 -0.013015 0.002213 0.02495 0.0086122 0.4927 -0.046611 0.50251 0.084552 0.0083491 0.0055434 0.033464 0.057175 -0.0032553 0.0032119 0.0060874 0.010819 -0.030562 0.019084 0.035938 0.027211 0.37425 0.016832 0.4105 0.1786 0.072225 -0.14652 0.21773 0.24922 -0.013889 0.0021433 0.025444 0.01409 -0.0046162 0.0046677 0.0079255 0.0085019 -0.00065559 -0.0070855 0.0082995 0.012568 0.028354 -0.017534 0.036 0.018479 -0.0020567 -0.00048548 0.0029961 0.0017609
-0.0034942 0.0010506 0.0035691 0.0025638 -0.0024771 0.0015249 0.0037399 0.0049208 0.00059763 0.0029114 0.0049492 0.0046556 0.0071889 0.0075851 0.0074527 0.0081625 -0.033073 0.004593 0.034024 0.0085397 -0.011893 -0.00103 0.028754 0.014816 0.2736 0.10871 0.28968 0.1659 0.0002391 0.010334 0.040186 0.031625 0.028809 0.031143 0.035543 0.065463 -0.20169 0.34041 0.28297 0.55212 0.15317 -0.030257 0.41993 0.16218 -0.013569 -0.0048726 0.04966 0.0089424 -0.0001101 -0.012655 0.0019137 0.013587 -0.0089707 -0.063087 0.027799 0.076772 0.040869 0.025582 0.046656 0.031007 -0.0041403 0.00012749 0.010766 0.0028648
-0.00056117 0.0038053 0.0033959 0.0038905 -0.021936 -0.0045363 0.075996 0.012722 -0.0091875 0.046616 0.03859 0.062198 0.0010613 -0.002369 0.0091623 0.0055743 -0.0075604 -0.0012109 0.01511 0.0024973 0.070411 0.0010143 0.34703 0.089015 -0.080969 0.05336 0.25022 0.3442 -0.013991 0.047912 0.094391 0.05496 -0.010718 -0.0030659 0.017614 0.0045056 0.0046799 -0.15307 0.47686 0.20614 0.03961 -0.15174 0.37675 0.41689 0.0086358 0.0029448 0.036717 0.0082328 -0.006059 -0.00022646 0.0060904 0.0018619 -0.0013693 0.0081981 0.042848 0.04286 0.042047 0.008723 0.061524 0.045209 -0.0023754 -0.0056252 0.0078438 0.0069924
-0.0027568 -0.0055944 0.0027572 0.0055944 -0.023972 -0.087708 0.023972 0.087708 -0.0071789 -0.066532 0.010709 0.068615 -0.00085048 -0.0022351 0.0011686 0.0095194 -0.10962 -0.0037889 0.10962 0.031762 -0.032352 -0.092491 0.041332 0.11529 0.42502 0.061322 0.42502 0.16424 0.0089925 0.031313 0.0091149 0.031313 -0.070931 0.014055 0.070931 0.017468 -0.046585 0.1383 0.12063 0.19561 0.41635 0.048071 0.43842 0.23153 -0.0034462 -0.004879 0.0080723 0.027814 -9.0419e-05 0.00056374 0.0013075 0.0016097 0.00079528 0.094937 0.030162 0.095171 0.012628 0.043127 0.014703 0.043954 -7.6993e-05 0.00042444 0.00045635 0.00051536
-0.0067767 0.0068595 0.010106 0.0089467 -0.01934 0.024921 0.081878 0.047198 0.039003 0.013866 0.053488 0.02052 -0.0005912 -0.00012141 0.00078809 0.00042327 -0.00040514 -0.019436 0.048269 0.050773 -0.19927 -0.063097 0.35089 0.15628 0.26222 0.0016552 0.30699 0.052247 -0.011304 0.0018262 0.01264 0.002501 -0.0059231 -0.014304 0.059707 0.060037 0.028044 0.078476 0.4218 0.28366 0.094748 0.034298 0.5565 0.1181 -0.0072579 0.0027367 0.0078064 0.0033345 -0.0048453 -0.0025534 0.0096047 0.0040843 0.025122 -0.015081 0.070555 0.027461 -0.010854 -0.034058 0.074518 0.037593 -0.0011718 -0.015725 0.0038339 0.018625
0.0037862 0.0027784 0.0038324 0.0030614 -0.050535 -0.013476 0.069888 0.026478 0.053214 -0.012183 0.064939 0.023175 -0.0011739 0.00033642 0.0067384 0.0060551 0.028587 -0.03745 0.033829 0.059529 -0.3507 -0.098364 0.40308 0.14301 0.37699 -0.0037902 0.46079 0.157 -0.0094681 0.0058888 0.042272 0.05086 0.007953 0.0031291 0.015169 0.050886 0.074666 0.086216 0.23538 0.25474 0.029511 -0.0094537 0.2246 0.28506 0.023513 -0.025365 0.035774 0.043526 -0.00066263 0.0034232 0.0013179 0.0078384 -0.0094469 0.012978 0.022001 0.036125 -0.020774 -0.0062215 0.033881 0.025077 0.0062031 3.0362e-05 0.0062295 0.0051412
0.0036123 -0.0004561 0.010465 0.0058933 0.038361 -0.054589 0.038997 0.056169 -0.017345 0.0011917 0.033405 0.037515 -0.0017279 0.0023162 0.0060565 0.0029213 -0.022227 0.025901 0.058284 0.052635 0.22458 0.05155 0.50921 0.27448 -0.14776 0.03041 0.23866 0.21202 0.0079407 -0.02284 0.010216 0.028128 -0.0074517 -0.0022746 0.04083 0.043874 -0.043655 -0.015377 0.2601 0.22976 0.003262 -0.16864 0.24474 0.47766 0.018255 0.0070095 0.030181 0.064887 0.0023521 0.00040222 0.0066189 0.0027302 0.012388 0.031376 0.095975 0.047038 -0.033618 0.021017 0.043749 0.046082 0.0047948 0.0046752 0.0057299 0.0082855
0.0014631 -0.002426 0.0049925 0.0026125 0.0032803 -0.0068494 0.063425 0.049705 -0.044651 0.067118 0.086607 0.072656 0.00038628 -0.010031 0.01192 0.010522 -0.039336 0.040818 0.043767 0.044305 0.054202 -0.071654 0.24396 0.17959 0.043443 -0.036572 0.41468 0.27014 -0.0061806 0.020982 0.039782 0.066836 0.008914 -0.012612 0.034382 0.031514 -0.13931 0.19062 0.29729 0.2535 -0.10267 -0.038869 0.52644 0.28856 0.027766 -0.035081 0.04363 0.07589 0.0024345 -0.005521 0.0073673 0.0074526 0.025031 0.00040293 0.044299 0.024743 -0.087086 0.012389 0.087397 0.017984 0.0084182 -0.0022104 0.00942 0.0046252
0.0022144 0.0027427 0.0050329 0.011893 0.039998 0.01254 0.040052 0.037358 -0.0096812 0.0038719 0.01744 0.01085 0.0032703 -0.00046214 0.0042574 0.0062256 -0.036721 -0.011135 0.046406 0.022225 0.44557 -0.051862 0.44557 0.12169 -0.14578 -0.083018 0.33719 0.15818 -0.0011078 -0.021176 0.033259 0.033255 -0.010224 0.033689 0.036129 0.048877 0.13564 -0.034322 0.35967 0.33523 0.050616 -0.069854 0.25635 0.2388 -0.0095263 0.024412 0.046139 0.037542 0.0058812 0.00024425 0.0077275 0.0036065 -0.015222 0.010809 0.034197 0.016616 0.022341 -0.023542 0.041221 0.029862 -0.00010803 0.00090118 0.0057333 0.0022427
0.0018526 -0.0010455 0.002321 0.0016664 0.0045981 -0.04418 0.020998 0.057007 0.03098 -0.041056 0.036679 0.0581 -0.0024191 0.0012428 0.0025886 0.0029407 0.002074 0.023936 0.0083407 0.024258 0.23112 0.073275 0.3446 0.25113 -0.10671 -0.01817 0.62762 0.11744 0.0030038 0.0046486 0.02479 0.015001 0.0071116 -0.017395 0.010571 0.02612 0.046335 -0.17395 0.15545 0.21054 -0.028568 -0.045377 0.38608 0.24178 0.020062 -0.040523 0.035406 0.049277 -0.00058224 0.0046361 0.0012461 0.0077234 -0.0019439 0.022441 0.0099154 0.027786 0.032035 0.022582 0.050226 0.02813 -0.0086671 -0.0012059 0.016106 0.0022774
-0.010923 0.00031031 0.011665 0.0023666 0.081597 -0.013021 0.08271 0.018124 -0.0082651 -0.017423 0.044868 0.023963 -0.005381 -0.0054474 0.0078647 0.0069168 -0.026137 0.034566 0.053504 0.05761 0.2065 0.051173 0.47856 0.39795 0.078533 -0.13457 0.25103 0.26265 -0.028004 0.031285 0.05074 0.039388 0.02135 -0.0070963 0.036629 0.028702 -0.10176 0.03786 0.3765 0.17635 0.14635 -0.10573 0.328 0.19938 0.0044042 2.4513e-06 0.03332 0.022302 -0.001332 -0.005892 0.011911 0.010412 0.020851 -0.011772 0.073708 0.047311 -0.026097 0.0048219 0.033996 0.016879 0.0082361 -0.0051797 0.0086791 0.0055508
-0.00095963 -0.0016344 0.0019644 0.0026158 0.020594 -0.08696 0.035483 0.08793 0.050551 -0.059201 0.052384 0.06073 0.00040107 -5.7616e-05 0.00041267 0.00037806 0.011759 0.00162 0.016846 0.027596 -0.036567 -0.00047185 0.1208 0.13871 0.48666 -0.021621 0.51866 0.12062 0.0020508 0.00053032 0.0051155 0.0015966 -0.0089373 0.0058468 0.014443 0.012348 0.11735 0.0028563 0.1438 0.12359 0.37737 0.067762 0.41401 0.18622 0.0060356 -0.00038499 0.0072454 0.0026874 -0.0017625 -0.00075436 0.0018828 0.0010886 0.030245 0.018591 0.040605 0.020517 0.048812 0.029637 0.048812 0.029819 0.0017348 0.00067983 0.0017518 0.0007503
-0.0032316 -0.00031616 0.012791 0.0044972 0.037492 0.0062216 0.042819 0.045975 -0.032379 0.0012356 0.052354 0.032245 0.0050665 0.0038134 0.0095624 0.0059066 -0.043072 0.0096486 0.11286 0.021074 0.28156 -0.01515 0.3191 0.066839 -0.098701 0.12766 0.29394 0.49742 0.0085778 0.003499 0.033223 0.051075 -0.067673 0.016163 0.087887 0.021258 0.040768 0.11253 0.36317 0.28679 0.10513 -0.071096 0.26891 0.28645 0.0089916 0.0025143 0.033237 0.039293 -0.0044042 -0.00056319 0.0059751 0.0018753 -0.016757 -0.047138 0.02151 0.058437 0.037194 -0.004421 0.045718 0.012519 -0.0020809 -0.0030679 0.0035345 0.0039546
0.0058712 -0.0016242 0.013608 0.0055374 0.010769 0.012279 0.054655 0.044583 -0.0033817 -0.023195 0.046309 0.058039 0.00032814 -0.0052382 0.0032625 0.012418 0.016885 0.04905 0.079248 0.056567 0.04926 0.041955 0.42399 0.28105 -0.038256 0.16079 0.3243 0.25086 -0.01831 0.017583 0.038438 0.076951 -0.0501 -0.013158 0.051484 0.045095 0.21948 -0.043746 0.31598 0.29042 -0.099356 -0.11676 0.29781 0.36375 -0.040585 0.0065808 0.093068 0.098894 -0.0011257 -0.00016109 0.0013136 0.00090472 -0.006243 -0.0047238 0.0077466 0.0065585 0.0060398 -0.023212 0.039359 0.030647 -0.0078348 -0.0023666 0.0081677 0.0058622
-0.0029549 -0.011284 0.0029549 0.011286 -0.030122 -0.0323 0.052414 0.040067 0.030298 0.042771 0.058695 0.065114 -0.0036317 -0.004629 0.0070696 0.004629 -0.025129 -0.0032537 0.029718 0.018542 0.13904 0.058487 0.41052 0.29452 0.034146 0.023653 0.4177 0.34293 -0.019946 0.0055766 0.023177 0.020071 -0.036562 0.039226 0.036629 0.039286 0.25535 0.058163 0.40382 0.25013 -0.099373 0.071872 0.22866 0.18016 -0.0028113 0.0040324 0.032265 0.030456 -0.002242 -0.0014441 0.0025759 0.0029179 -0.012137 0.00065559 0.051009 0.030082 0.0084881 -0.015139 0.024886 0.038049 0.0010302 -0.0012768 0.0033036 0.0037211
0.00086707 -0.0025062 0.0021335 0.0044381 0.0036506 -0.0046036 0.023057 0.018284 0.059439 -0.046307 0.060551 0.04774 0.00023857 6.2126e-05 0.00023857 0.00015066 0.0076868 -0.0062967 0.016261 0.028076 -0.0070923 -0.075226 0.067641 0.22379 0.41722 -0.080713 0.45317 0.15714 0.0018705 7.7295e-05 0.0018705 0.00076125 -0.0033617 0.011853 0.0080567 0.011999 -0.043013 0.076168 0.062148 0.093717 0.44553 -0.006724 0.48274 0.24508 0.0013955 -0.0015348 0.0019981 0.0018777 -0.0003948 -0.00047388 0.0015712 0.00079038 -0.0015794 -0.0025592 0.0092351 0.017822 0.014328 -0.00036535 0.028505 0.037332 0.0069185 -0.0042876 0.0069185 0.0043906
-0.0033566 0.0013609 0.0096471 0.0049653 0.05654 -0.0018316 0.058536 0.015812 -0.020205 -0.016167 0.030357 0.018721 0.0065308 -0.0031877 0.0076435 0.011563 0.045276 0.017175 0.059823 0.07625 -0.12508 0.0014382 0.23048 0.23264 0.038912 0.059932 0.2982 0.3196 -0.011683 0.029651 0.075397 0.07515 0.053718 -0.012505 0.065298 0.024473 0.01297 -0.011349 0.54841 0.36767 0.098432 -0.048446 0.29916 0.2393 -0.011273 -0.0073685 0.054478 0.050927 -0.00046823 0.00081178 0.014058 0.0066011 -0.0011837 -0.065524 0.10974 0.10473 0.0082777 -0.042015 0.04729 0.084749 0.0038419 -0.0032566 0.0094726 0.0083997
-0.0025648 0.0042546 0.0033242 0.0094486 0.03281 -0.010229 0.05027 0.036689 0.0098886 -0.026983 0.029619 0.043318 -0.00066856 -0.0032147 0.0077247 0.0040315 -0.0073575 -0.021581 0.021242 0.071771 -0.042935 0.054487 0.22582 0.39188 0.04656 -0.017939 0.32694 0.39634 0.010958 -0.025568 0.032644 0.042719 -0.0080002 -0.017447 0.016931 0.022275 0.29302 -0.056544 0.41282 0.090625 -0.19979 -0.065964 0.24322 0.33553 0.040692 0.019094 0.060056 0.052293 0.00027215 0.0039555 0.0031667 0.0061185 0.036433 0.032804 0.051078 0.035768 -0.0059609 0.037758 0.035403 0.056389 -0.0020084 0.0019415 0.0047574 0.0067591
-0.00062637 -0.01292 0.003977 0.015566 -0.016586 0.020225 0.055449 0.051523 -0.028411 0.0094014 0.054636 0.053298 0.0063094 0.0077088 0.0067317 0.0081172 -0.01543 0.051973 0.031051 0.075471 0.14098 0.0052441 0.23497 0.24117 0.014274 0.10712 0.26653 0.33679 0.012477 -0.010918 0.018559 0.058033 -0.079914 -0.038037 0.096439 0.052392 0.32581 -0.11163 0.47798 0.2021 -0.12404 -0.013838 0.43713 0.1198 0.021612 0.0059079 0.030507 0.023773 -0.0059915 -8.7824e-05 0.0066412 0.0016926 0.057931 0.023622 0.058395 0.024495 -0.034816 0.0028782 0.055481 0.0074034 0.0047118 -0.00023673 0.0053163 0.00097403
0.00027424 -0.00012814 0.0003327 0.00037182 -0.020327 -0.06531 0.021961 0.065757 -0.010983 -0.041086 0.036583 0.077396 0.0044537 0.00053723 0.0084857 0.0052723 -0.048476 -0.0076649 0.050852 0.048515 -0.01966 -0.11239 0.30874 0.44565 0.1493 0.032246 0.3536 0.31889 0.031838 -0.024298 0.073748 0.05888 -0.0062035 -0.0018117 0.03256 0.03796 -0.028002 0.10528 0.27404 0.32043 0.15034 0.043962 0.3416 0.22666 -0.0018033 0.037052 0.049898 0.064793 -0.00016294 0.00091712 0.0045614 0.0037119 0.011707 -0.0022299 0.088617 0.037585 0.010746 -0.01646 0.028073 0.054181 -0.00052952 -0.00051582 0.0010558 0.00073554
0.0020714 0.0011995 0.00255 0.002835 -0.017638 -0.03319 0.031127 0.045908 0.013346 -0.01708 0.032303 0.06402 -0.0034606 0.00044489 0.0034606 0.001982 -0.012215 -0.0011101 0.035677 0.051353 -0.17056 0.086986 0.42315 0.33652 0.21211 0.10451 0.54972 0.34416 -0.024548 0.0052375 0.024548 0.0066957 -0.0090234 -0.004669 0.044141 0.059997 0.16783 0.017155 0.30691 0.15942 -0.015676 0.079794 0.062329 0.10184 -0.025642 0.0163 0.025642 0.026103 -0.00045215 0.00011256 0.00051226 0.00053937 -0.0034158 -0.0002721 0.013683 0.0067516 0.020425 -0.01609 0.027083 0.021615 -0.0026439 -0.0022654 0.0027431 0.0026374
-0.0061352 -0.000515 0.0065002 0.0035312 0.018019 -0.032129 0.034551 0.057368 0.017088 0.00092203 0.027407 0.022841 -0.0022677 -0.00019759 0.0048284 0.0020203 0.0013893 -0.023972 0.035984 0.049513 -0.090455 0.024279 0.1859 0.40214 0.14448 0.056345 0.31755 0.34448 -0.019622 -0.00069656 0.038604 0.030091 0.0073434 -0.008878 0.033782 0.035392 0.23488 0.063648 0.3176 0.12349 -0.098036 -0.13168 0.23249 0.52037 -0.017397 -0.015319 0.042626 0.031005 -0.0007134 0.0032733 0.0033668 0.0080954 0.0092118 0.0075867 0.033935 0.020933 -0.0013257 0.0095906 0.019978 0.035608 -0.0055331 0.0001543 0.0077734 0.010803
0.0038466 0.0027955 0.0074786 0.0052252 -0.032517 -0.010967 0.035625 0.021358 0.024274 -0.0014173 0.055462 0.029942 -0.0033087 0.002571 0.0043943 0.0039451 0.0085564 -0.0017341 0.040277 0.055714 -0.032151 -0.03545 0.47497 0.35775 0.14549 0.088518 0.21467 0.17798 -0.020644 0.015104 0.031845 0.020218 0.047888 -0.041831 0.048409 0.04351 0.1037 -0.11939 0.46589 0.48812 0.050501 -0.013219 0.075623 0.11681 0.0013532 -0.0013737 0.0055215 0.0051473 -0.0048496 0.0022814 0.0088812 0.011496 0.062373 0.0046895 0.071197 0.040188 0.0057982 -0.0089145 0.016535 0.028914 -0.0019583 -0.0029745 0.0037791 0.0050985
-0.0083065 0.0071058 0.0084546 0.0080227 0.018165 0.0092795 0.058781 0.071962 -0.0088299 0.040362 0.059381 0.063024 0.0021489 -0.0052773 0.0079742 0.012078 -0.034615 0.00092215 0.061189 0.048903 0.12278 0.11568 0.40302 0.36785 0.0078897 0.080412 0.16605 0.23823 0.002553 0.037661 0.015764 0.039402 0.051728 -0.009653 0.061942 0.069006 0.088366 -0.048831 0.29173 0.22716 -0.16106 -0.16994 0.30046 0.47687 0.052736 0.00055479 0.054625 0.030223 0.00025644 -0.0016511 0.0052389 0.0071321 -0.019232 -0.0044172 0.048084 0.066872 0.014625 -0.0052128 0.061017 0.070403 0.0025741 -0.00059565 0.0028525 0.0014482
-0.0032233 -0.0048038 0.010692 0.0063281 0.00074742 -0.012366 0.032336 0.026838 0.011071 -0.014439 0.052546 0.034127 -0.0019343 0.00086988 0.0050174 0.0015988 0.037905 0.01414 0.082692 0.034894 -0.039213 0.018607 0.59213 0.27879 0.11871 0.11019 0.41733 0.22397 0.018352 0.0010141 0.031932 0.010692 0.0041754 5.6899e-05 0.014972 0.041618 0.085778 0.041779 0.25564 0.24107 -0.15013 -0.071716 0.223 0.25182 0.016375 -0.030057 0.020887 0.086576 -0.0003569 -0.0056184 0.0036999 0.0081541 0.0019896 -0.062265 0.0073369 0.067113 0.033323 -0.043992 0.045709 0.058828 -0.0015545 0.0017259 0.0045251 0.0023362
0.012976 0.0017639 0.013032 0.0021715 0.0018621 -4.5618e-05 0.0098554 0.011334 -0.0033675 -0.0024677 0.0068819 0.0079437 -0.0002813 -0.00016039 0.0014488 0.0014594 0.029465 -0.01571 0.041502 0.035652 0.25152 0.0078937 0.33906 0.3891 -0.17203 -0.0032481 0.25835 0.17402 -0.025828 -0.01855 0.040128 0.048205 0.0046246 -0.0077036 0.015096 0.011769 0.36309 -0.10563 0.43192 0.12395 -0.21608 -0.039977 0.33025 0.12655 -0.051757 -0.0061829 0.055247 0.011017 7.6841e-05 0.0014762 0.00068772 0.0022718 0.050839 -0.0067626 0.057084 0.027825 -0.023598 -0.019837 0.025709 0.030175 -0.0027283 0.0048673 0.0048727 0.00718
-0.00053421 0.00041242 0.0007922 0.00092437 -0.023762 0.040994 0.066203 0.066264 -0.019945 0.057983 0.060008 0.062998 0.002875 -0.0033727 0.0045046 0.0061819 -0.026172 -0.0025642 0.042279 0.012264 -0.12915 -0.047508 0.39458 0.29754 0.16153 -0.05619 0.42504 0.44024 -0.017408 0.0539 0.040224 0.054188 -0.012573 -0.0032743 0.059212 0.025416 0.14228 0.11631 0.28705 0.16529 -0.059692 0.13877 0.27727 0.21911 0.0038517 -0.0052319 0.018356 0.027286 0.00013492 -0.0016966 0.004814 0.0043355 0.010693 -0.018077 0.030257 0.029536 -0.0077674 0.0055316 0.015292 0.032568 -0.00026896 0.00035924 0.00085579 0.00094212
-0.0027038 0.00060045 0.0042241 0.0015859 -0.024249 0.0076458 0.049916 0.024408 0.063798 0.018174 0.063798 0.01826 0.00050624 -0.000122 0.00052125 0.00017786 -0.037359 -0.018913 0.045669 0.01982 0.19288 0.04131 0.47615 0.14785 0.18143 0.043253 0.18143 0.043253 0.0010268 -0.0003839 0.0010885 0.00097729 -0.020313 -0.042867 0.029107 0.089335 0.43251 -0.19354 0.46329 0.28568 0.19047 -0.003383 0.19047 0.040277 3.6818e-05 -0.00032248 0.00019761 0.001514 -0.0066623 -0.0046014 0.0073723 0.0046021 0.066289 0.045089 0.099548 0.05352 0.018426 0.0060737 0.018434 0.006302 4.9362e-06 -4.9899e-05 2.1421e-05 7.6029e-05
0.0011312 -0.0016766 0.0027982 0.0047328 -0.006772 -0.036835 0.025215 0.051441 0.0058057 -0.026321 0.031411 0.038948 -0.00017216 0.00051758 0.0011156 0.00079956 -0.0056539 -0.017624 0.028188 0.04581 0.13961 0.074319 0.2727 0.41018 -0.00060225 0.15539 0.15705 0.16855 0.00087859 0.0050506 0.0052949 0.0052145 -0.0028145 -0.0045571 0.044226 0.06397 0.24264 -0.17998 0.2995 0.66309 0.041762 0.014099 0.062569 0.045167 0.0047856 0.0044177 0.0059714 0.0053645 0.010252 0.0039877 0.020232 0.0051101 0.025236 -0.01463 0.083635 0.02626 0.0026052 0.0041846 0.0035949 0.0046101 0.0011665 0.0011814 0.0012153 0.001196
0.0011455 -0.011212 0.0046967 0.014109 0.038448 -0.054387 0.054848 0.061905 -0.0062647 -0.0064847 0.0074518 0.0077209 0.00034203 -0.00046064 0.00049832 0.0010629 0.02677 -0.0061417 0.055294 0.014666 0.37405 -0.022995 0.5171 0.15035 0.019693 -0.0086114 0.036153 0.037631 0.0034091 0.00041438 0.0047791 0.0083959 0.0062655 0.04174 0.039857 0.048386 0.35787 0.18031 0.41212 0.45691 0.0049055 -0.0050584 0.033614 0.052973 0.0047394 -0.00020456 0.0054248 0.0075672 0.0048015 0.0013054 0.0048015 0.0017865 -0.012772 0.0036329 0.013394 0.008956 -0.0088336 0.0075956 0.024268 0.014116 0.00015822 -0.0012872 0.0019934 0.0030344
0.0081747 -0.016093 0.0081747 0.016382 0.014976 -0.01869 0.015309 0.01869 8.7732e-05 -0.00044992 0.00027333 0.00044992 -6.059e-05 -5.8134e-05 6.4061e-05 5.8134e-05 -0.00040931 -0.0056103 0.010296 0.011689 0.47507 -0.076982 0.50044 0.15834 -0.0068464 -0.016186 0.01592 0.02426 -0.01337 -0.045147 0.016883 0.046969 -0.01898 0.084589 0.039855 0.085884 0.20421 0.12428 0.38065 0.22308 -0.15706 -0.1061 0.27783 0.2486 -0.04641 -0.039108 0.054356 0.076187 0.0023243 -1.4809e-05 0.0028628 0.00063886 -0.0042552 -0.0024524 0.024666 0.010369 -0.047585 -0.086788 0.080075 0.10889 0.0013363 0.0077953 0.013408 0.014364
-0.0069599 0.0061366 0.0071698 0.0066944 0.0072122 -0.023891 0.023347 0.025765 0.03382 -0.055137 0.08004 0.075189 -0.0034914 0.011998 0.0040289 0.012272 -0.10345 0.0081849 0.10369 0.029642 -0.00837 -0.059008 0.11087 0.17133 0.37361 0.083871 0.49034 0.20632 -0.0010473 0.018676 0.0048868 0.022774 -0.068442 -0.035953 0.071974 0.040898 0.015506 0.047732 0.1081 0.12506 0.3902 -0.061016 0.45525 0.2428 0.0013768 0.0012115 0.0027144 0.0050425 -0.0011684 0.00059607 0.001554 0.0033459 0.012573 0.030156 0.027576 0.033652 0.062114 0.062105 0.062188 0.062141 0.00022063 0.00034039 0.00064101 0.00042808
0.0052746 0.0051674 0.0086777 0.0074887 -0.014402 -0.016746 0.024316 0.020487 -0.0098862 -0.0022794 0.053739 0.025433 -0.0017191 -0.0030734 0.0076673 0.0061405 -0.066536 -0.038559 0.072943 0.043577 0.33535 -0.031318 0.41955 0.15723 -0.064741 -0.0045624 0.42109 0.13695 -0.029284 0.036525 0.062007 0.040659 -0.028273 -0.010519 0.03772 0.03207 0.25754 0.052005 0.42138 0.19125 -0.021458 -0.011752 0.30293 0.26024 0.0017766 -0.0087742 0.030534 0.019985 -5.6926e-05 0.0027641 0.0044053 0.0047701 0.028928 -0.03123 0.042338 0.048295 -0.0024268 -0.0010003 0.046624 0.054784 -0.0038527 -0.001589 0.004686 0.0055974
0.0011843 -0.0037121 0.0043825 0.0061347 0.0080989 -0.0017029 0.021049 0.032086 -0.0049109 -0.011679 0.01734 0.028828 -0.0031167 0.0044661 0.0047018 0.0056452 -0.00024441 -0.0018163 0.034445 0.061328 0.12209 0.1004 0.22861 0.49373 -0.005683 0.13316 0.26858 0.21351 0.007136 0.0060624 0.010042 0.0067171 0.0013417 -0.0089967 0.066987 0.06739 0.28904 -0.15673 0.37631 0.51417 -0.010199 0.025407 0.019518 0.032513 0.013509 0.009813 0.014168 0.010043 -0.0081487 0.0027547 0.016089 0.0069217 0.043627 0.0013151 0.069868 0.044832 0.0042859 0.0080861 0.0048865 0.0080861 0.00011352 -2.5844e-06 0.00019473 0.00013926
0.0014553 -0.0006054 0.0019164 0.00086715 0.063732 -0.014745 0.063732 0.017307 -0.040285 -0.018304 0.040335 0.018808 -0.0037216 -0.0029426 0.0045604 0.0048889 0.001102 0.0074886 0.010819 0.011903 0.43615 0.042504 0.43862 0.231 -0.25589 0.058675 0.3754 0.12599 0.024297 -0.0059152 0.049887 0.041466 0.012563 0.0040923 0.022034 0.022165 0.20602 -0.08661 0.22325 0.21487 0.05298 0.037595 0.36249 0.084769 -0.062897 0.011723 0.064853 0.02263 -0.0013421 0.00064325 0.0045661 0.0021692 0.065853 0.031521 0.079861 0.042 -0.038842 -0.031621 0.047303 0.040915 -0.0036319 -0.0038612 0.0038121 0.0038874
0.0040928 -0.003228 0.0049037 0.0036922 -0.029142 -4.2925e-05 0.033966 0.018614 0.06727 -0.018311 0.07565 0.020093 0.00034247 -0.00037418 0.00070833 0.00054212 0.04275 -0.0026659 0.04275 0.0039599 -0.20262 -0.077992 0.23097 0.095343 0.41878 -0.061254 0.47947 0.11342 -9.9358e-05 0.00031739 0.003976 0.0045559 0.037816 -0.0060028 0.041907 0.016085 -0.13924 0.012083 0.1733 0.058519 0.4224 0.080925 0.43358 0.12333 -0.0035036 -0.001739 0.0056737 0.0046364 -0.00098354 -0.00045455 0.0059551 0.0029385 -0.00019527 0.0020736 0.014909 0.018947 0.05265 -0.0048075 0.054839 0.016815 0.00090208 0.00027965 0.0010077 0.00043605
0.0013775 0.0097278 0.0020524 0.010472 0.024872 0.023274 0.034588 0.035819 -9.6685e-05 -0.0053357 0.029609 0.010796 -0.0071383 0.0014414 0.0089561 0.0048017 0.010739 0.0046821 0.024682 0.016754 -0.21098 -0.20465 0.34709 0.23429 0.28692 0.013191 0.46653 0.11111 0.00831 -0.011676 0.035391 0.036925 0.015925 -0.029647 0.046958 0.052032 0.023983 0.032798 0.34093 0.1891 0.16131 -0.065527 0.39318 0.25115 0.00056842 0.0094557 0.032195 0.037363 0.0010712 0.0075039 0.0026928 0.0082016 0.0043388 0.016083 0.029308 0.029654 0.0029834 -0.020702 0.041763 0.047743 0.0023202 0.0036168 0.004944 0.0058233
-0.0055112 0.0034396 0.010555 0.0041655 -0.026698 0.017576 0.042622 0.025916 0.075434 -0.029744 0.075434 0.032679 -0.00064915 -0.00337 0.0018916 0.0039283 -0.027173 -0.03924 0.080075 0.04849 -0.30403 -0.018788 0.48946 0.14895 0.25155 -0.1554 0.30622 0.20015 -0.013801 -0.049276 0.021784 0.063347 -0.010911 -0.015936 0.015148 0.023928 -0.06615 -0.074146 0.14308 0.36318 0.16246 0.026612 0.37787 0.18998 -0.0025336 0.072432 0.072577 0.079221 -0.00097978 -0.0011036 0.0017492 0.003903 0.0019936 0.0090929 0.0087967 0.012444 0.024129 0.017837 0.026373 0.023923 0.0088255 -0.0032954 0.013779 0.0057853
0.006038 -0.00013507 0.0098151 0.0011108 -0.00083721 -0.00013121 0.022688 0.029681 -0.0056639 0.034104 0.050177 0.090217 -0.002149 0.0008384 0.0070581 0.0051588 -0.026711 0.013038 0.047603 0.041858 0.19982 -0.063751 0.46748 0.1912 -0.038249 0.13303 0.28028 0.44502 -0.0083487 0.0071769 0.028867 0.038548 -0.014828 -0.024229 0.019919 0.045189 0.22837 0.015272 0.52205 0.16178 -0.0020163 -0.025418 0.094724 0.10235 -0.0070158 -0.023693 0.018555 0.033499 8.4803e-05 -0.0055747 0.0015535 0.0096984 0.035253 0.0038129 0.045308 0.023173 -0.017876 -0.018435 0.044862 0.025952 0.004553 0.0085052 0.0084204 0.0186
-0.0073243 -0.014148 0.0073243 0.014148 0.0089593 0.014758 0.039672 0.04891 -0.01498 0.10563 0.036659 0.1088 0.0048957 0.0095622 0.010429 0.011946 -0.014859 -0.012991 0.02345 0.016899 0.49912 -0.020441 0.5038 0.22098 0.024349 -0.020552 0.053048 0.042751 -0.022752 0.0091006 0.031259 0.013515 -0.00068137 -0.0023257 0.007516 0.005435 0.3907 0.034078 0.3907 0.1617 0.031518 -0.1362 0.14642 0.16866 -0.0091139 -0.0014145 0.017226 0.011023 0.0063752 0.0011427 0.0065044 0.0015486 0.031305 0.0043033 0.031305 0.0061278 -0.0077583 0.025159 0.042341 0.045199 0.0041011 -0.0059928 0.0084233 0.0093774
-0.0019309 -0.0039264 0.0046851 0.004527 0.022447 -0.0060393 0.022562 0.0089425 -0.030583 0.0052961 0.031117 0.018159 -0.00055439 -0.00014066 0.00094446 0.0013937 -0.016739 -0.00069418 0.033334 0.0084543 0.28688 0.040653 0.28688 0.066064 -0.26384 0.04883 0.26384 0.078345 -0.0050062 0.0019388 0.0069456 0.0032657 -0.00511 -0.0010623 0.016604 0.018281 0.23597 -0.086685 0.27101 0.17892 0.052298 0.15271 0.30262 0.5842 -0.023124 0.088483 0.030235 0.091754 -0.00052323 -2.1576e-05 0.0029134 0.0010849 0.052874 -0.0089458 0.095204 0.054107 0.0076119 -0.017377 0.048452 0.1115 -0.0031443 -0.018302 0.0044532 0.018419
-0.0059188 -0.010168 0.0060126 0.010178 0.034208 0.0082149 0.060097 0.064054 -0.0036696 0.04664 0.049918 0.050764 0.00016318 -0.00023142 0.00018626 0.00023142 0.026494 -0.0089869 0.045517 0.055998 0.09928 -0.060465 0.4005 0.31434 -0.16454 0.0068429 0.46323 0.2988 0.038352 -0.017944 0.04998 0.061839 -0.012868 0.015829 0.037319 0.044162 0.18622 0.044666 0.34957 0.27179 -0.053007 -0.02499 0.23851 0.23408 0.01711 0.037031 0.020641 0.039359 -0.0089373 0.0016452 0.012505 0.004711 0.019592 -0.035335 0.054178 0.049633 0.024008 0.0017117 0.031839 0.039664 0.00036903 4.9368e-06 0.00070469 0.00064397
-0.010945 0.0037198 0.010945 0.0037198 0.016888 -0.0020735 0.03147 0.010306 0.033302 -0.001874 0.075132 0.028405 -0.0036635 0.0022002 0.010944 0.0054682 -0.05229 -0.034234 0.0579 0.042516 0.13776 0.049346 0.21875 0.18286 0.26493 -0.036784 0.35313 0.15183 -0.066357 0.0041932 0.068335 0.031727 0.0013179 -0.0016413 0.01377 0.007584 -0.00011514 -0.069348 0.22937 0.14231 0.30445 -0.020807 0.62613 0.23147 -0.050783 -0.03414 0.052202 0.039252 0.0021504 0.0019045 0.0052119 0.0023403 0.038583 0.085191 0.041027 0.086619 -0.029338 0.034661 0.056755 0.03906 -0.0010611 0.0005407 0.001354 0.0016286
0.00027206 0.00050406 0.00099946 0.0061499 0.001387 0.023331 0.068761 0.092193 0.00058608 0.035407 0.030606 0.068183 0.0017073 0.0081417 0.007132 0.0097147 0.0011389 -0.0042948 0.012748 0.013767 -0.13211 -0.0043238 0.3811 0.35699 0.13203 0.017523 0.35371 0.29835 0.016812 -0.0059053 0.030264 0.023097 0.016898 -0.035314 0.05204 0.059867 -0.037309 0.065564 0.35032 0.33794 0.1794 0.045891 0.33524 0.21425 -0.013203 -0.0078988 0.035371 0.045913 0.00036862 0.0045785 0.0052848 0.0082608 -0.0098125 0.0023256 0.037813 0.05314 0.007653 -0.015129 0.036664 0.045848 0.0041964 -0.0004753 0.00533 0.010483
-0.0064037 -0.0052565 0.0064609 0.0078552 0.038335 0.014743 0.062737 0.057216 -0.0029312 0.023445 0.036961 0.038157 0.00089859 -0.0012579 0.00091174 0.0012579 0.041817 -0.019627 0.060165 0.056039 0.11053 -0.045775 0.48424 0.32472 -0.1432 -0.01628 0.43041 0.28549 0.030538 0.018152 0.051081 0.071762 -0.0014536 0.027894 0.035456 0.049912 0.1661 -0.0052749 0.30678 0.22975 -0.015431 0.036666 0.25656 0.255 0.0057284 0.010933 0.012208 0.014496 -0.0020008 0.0037344 0.007237 0.0044911 0.005014 -0.029097 0.067796 0.060486 0.025747 -0.02875 0.032134 0.064187 0.0011119 -0.0012484 0.0015425 0.0019316
-0.0030798 -0.0052933 0.0031956 0.0053087 0.01977 0.00041735 0.051602 0.090028 -0.0058184 0.050777 0.072089 0.073085 0.0002978 3.8474e-05 0.0002978 0.00016646 0.021487 0.013831 0.071238 0.044871 0.13134 0.016787 0.37383 0.37171 -0.14957 -0.046954 0.46231 0.29359 0.060864 -0.014304 0.060864 0.046644 -0.041525 -0.0044403 0.065796 0.026703 0.13273 -0.017563 0.28551 0.28998 0.040913 0.10224 0.16662 0.29971 0.014406 0.017355 0.014406 0.019462 -0.0066617 0.0027969 0.0088977 0.0054195 0.020541 -0.039697 0.053554 0.093687 0.020007 -0.029519 0.027801 0.033945 0.00077295 0.00012424 0.00077295 0.000604
-0.0028291 -0.00084409 0.0064525 0.01157 0.044154 0.035411 0.074221 0.060069 -0.0052817 -0.055566 0.029242 0.064518 -0.012274 -0.00075833 0.013148 0.002917 0.071474 0.00028301 0.10315 0.034835 0.10339 -0.046259 0.38872 0.19617 -0.0082223 0.10028 0.29965 0.32411 -0.035949 -0.0025938 0.06003 0.05458 0.050683 0.037881 0.06993 0.038934 -0.065139 0.061299 0.4954 0.29121 0.15596 0.034527 0.31986 0.23408 -0.050687 0.020439 0.057337 0.036591 -0.00057264 -0.00022486 0.00098094 0.00065389 -0.023795 -0.014146 0.033129 0.046319 0.025968 -0.010788 0.047901 0.027562 -2.794e-06 -0.0035457 0.0037398 0.0073094
0.0074276 -0.0081535 0.0077452 0.008404 0.031066 -0.014791 0.031926 0.017648 -0.02005 -0.010532 0.022128 0.026455 -0.0016651 -0.0019969 0.0034733 0.0035091 0.00047193 -0.011212 0.036197 0.016946 0.41011 -0.006588 0.41011 0.1083 -0.22266 0.060341 0.28212 0.10985 0.0083357 -0.0064668 0.020314 0.015255 0.0049551 0.0028234 0.036562 0.01018 0.45275 0.0091487 0.45275 0.1473 -0.079832 0.027068 0.16368 0.14203 -0.019809 0.047258 0.024515 0.053401 0.0040103 0.0011304 0.0057375 0.0029536 0.042163 -0.028175 0.04221 0.035673 0.011878 -0.01366 0.019657 0.014782 -0.00040049 0.00047129 0.00087288 0.00070994
-0.0057841 -0.0081804 0.00583 0.0082059 0.010216 -0.029616 0.056422 0.055204 0.021644 0.02859 0.043134 0.039906 0.0032272 0.0033378 0.0041825 0.006866 0.015902 -0.0068773 0.03797 0.033275 -0.039044 0.014133 0.30005 0.42069 0.14168 -0.06241 0.35837 0.15477 -0.033262 0.006081 0.094539 0.068532 0.018322 0.0081605 0.052217 0.06884 0.055115 -0.011487 0.43127 0.31636 0.15692 -0.019801 0.39871 0.1798 -0.017519 -0.0041819 0.031484 0.032368 0.0027502 -0.0048115 0.003667 0.0056331 -0.014642 -0.019253 0.03714 0.03006 0.023916 0.010467 0.050103 0.055147 0.0046971 0.002958 0.0061523 0.003342
-0.0045048 -0.005787 0.0054566 0.0060591 0.0083365 0.003837 0.02276 0.010558 0.0055311 0.01343 0.0070171 0.015129 -0.00035606 0.0033074 0.00060326 0.0033256 -0.0014257 0.010421 0.011713 0.02144 0.021853 0.024011 0.1023 0.073381 0.2656 0.08683 0.37005 0.25419 0.0028242 0.071057 0.014547 0.071121 0.00059077 -0.019992 0.0074657 0.030498 0.042412 -0.026469 0.14495 0.13091 0.4796 0.059076 0.61546 0.15019 0.0036859 0.0031212 0.010231 0.010904 -0.00037005 0.002876 0.0012567 0.0032063 -0.0034286 0.0050636 0.010917 0.026681 0.068427 -0.023508 0.077551 0.04176 0.0041108 -0.0036596 0.0047065 0.0036596
-0.0010909 0.0016075 0.0024278 0.0024377 0.016663 0.019902 0.070952 0.051107 0.0033942 -0.0071401 0.08745 0.023143 -0.0014191 0.00025541 0.003002 0.00095173 0.0089307 -0.012737 0.025958 0.024693 -0.045454 -0.10993 0.30348 0.46741 0.092793 0.035541 0.20583 0.21884 -0.011455 -0.028472 0.028765 0.039514 0.015498 0.0060674 0.024257 0.019274 0.12862 0.129 0.59203 0.32621 -0.042745 -0.045975 0.087856 0.11613 -0.029328 -0.01826 0.039283 0.048985 0.00149 -0.0013688 0.0020316 0.0024167 -0.0095868 -0.10123 0.072136 0.10997 -0.0014197 -0.0086649 0.06304 0.018782 0.003021 0.00028574 0.0036843 0.0017087
0.013094 0.007613 0.016017 0.0097027 0.0069606 -0.060867 0.17404 0.10534 -0.019811 -0.078423 0.084998 0.19701 -0.013183 0.0020517 0.016074 0.0084323 -0.062633 -0.088453 0.079101 0.12687 -0.073375 -0.14936 0.14072 0.1557 0.38958 -0.10739 0.4677 0.22283 -0.079628 -0.017358 0.096253 0.029712 -0.02886 0.0051025 0.035069 0.024967 0.10417 0.19785 0.13279 0.34359 0.12681 0.098491 0.29885 0.18663 -0.022674 0.0093704 0.047308 0.020995 -0.0072532 0.0023903 0.0094822 0.0069207 0.03091 -0.00016657 0.036297 0.0070477 -0.0071613 -0.0057202 0.046105 0.015959 0.0016757 0.0091979 0.0081078 0.010838
-0.0017128 -0.0042257 0.0031659 0.0044431 -0.017989 -0.055647 0.033688 0.060943 -0.012723 -0.043297 0.041514 0.064483 0.0055666 -0.0026623 0.0077416 0.0042625 -0.0059904 0.0062283 0.014657 0.019371 -0.25119 -0.12535 0.33626 0.35357 0.24593 -0.0033348 0.26114 0.3326 0.0076572 0.013885 0.027037 0.02118 0.0031469 -0.0068722 0.010395 0.015738 -0.17029 -0.024155 0.43715 0.13936 0.1758 -0.0090484 0.33884 0.12019 0.072243 0.0019037 0.078235 0.017224 0.011717 -0.0086969 0.012788 0.010535 -0.043869 0.04045 0.045227 0.042171 0.036539 0.0094264 0.04368 0.040796 0.0042848 -0.0001122 0.0078009 0.0035795
0.0035738 -0.0035476 0.0053423 0.0042303 0.066357 -0.025998 0.096951 0.036966 0.0011613 0.0030897 0.0049209 0.0076586 0.00050883 0.00029745 0.00050883 0.00033206 0.02615 -0.0065992 0.042182 0.023086 0.17735 -0.066984 0.33836 0.12851 0.37331 -0.045526 0.3748 0.061726 0.003222 0.00056271 0.003222 0.0010279 0.0043703 0.0062325 0.03142 0.015874 0.16394 0.010982 0.25577 0.12387 0.44157 0.057992 0.44208 0.065485 0.002116 0.0010099 0.00213 0.0010099 -0.0027317 0.0010358 0.0035547 0.0015664 0.075894 0.066445 0.078644 0.068621 0.002758 0.0033873 0.002758 0.0033873 0.00014104 5.1043e-05 0.00014104 5.1043e-05
-0.0003479 0.0039221 0.0020941 0.0053958 -0.0024749 0.008725 0.010455 0.015283 -0.0145 0.064779 0.095046 0.098975 -0.00166 -0.0061956 0.0053391 0.0084067 -0.018271 -0.0053135 0.025285 0.0087453 -0.16795 -0.15906 0.51936 0.46045 0.26148 -0.012188 0.34317 0.12661 -0.0018413 0.024034 0.026695 0.027671 -0.0072193 -0.0036421 0.015142 0.027002 0.024375 0.2122 0.18573 0.3566 0.022709 -0.017525 0.128 0.092833 0.016229 -0.0056133 0.016536 0.0091285 0.0036192 -0.0015524 0.0047796 0.0031124 -0.0026445 0.0024718 0.0038593 0.0075789 -0.0047844 0.0015856 0.0056628 0.0068542 -0.0080455 -0.01011 0.0092548 0.013298
-0.0018326 -0.00044521 0.0060082 0.0029256 -0.0071619 -0.0023457 0.039614 0.012473 0.0010303 -0.0016105 0.019216 0.017901 0.0070006 0.0084603 0.0077968 0.0093375 -0.040222 0.019336 0.044763 0.026934 -0.040037 0.0049243 0.26179 0.29291 0.27823 0.050419 0.39583 0.22573 0.037887 0.025829 0.03856 0.032938 -0.040553 0.018228 0.048923 0.032515 -0.17638 -0.088618 0.18151 0.12991 0.4402 -0.02008 0.45506 0.20437 0.023891 -0.010756 0.025389 0.023296 -0.0099958 0.003665 0.012749 0.0055964 -0.026931 0.026231 0.030139 0.026231 0.020034 -0.015749 0.02287 0.019393 0.0090355 -0.0078331 0.0090355 0.0078331
-0.00041432 0.0030947 0.0023965 0.0058168 0.025776 0.052172 0.062845 0.054792 -0.069068 0.043981 0.07039 0.047643 -0.0015252 0.010217 0.0064507 0.012906 -0.015269 -0.019402 0.077202 0.035049 0.3027 -0.11905 0.49857 0.2483 -0.041833 0.095105 0.15953 0.12716 -0.049241 0.025915 0.05005 0.045243 -0.03103 0.031158 0.060688 0.055897 0.067052 0.10079 0.44843 0.29676 0.20922 -0.044295 0.30697 0.15553 -0.075072 -0.0051555 0.075072 0.01597 -0.00040596 -0.0050376 0.0023177 0.0076052 0.018742 -0.0090705 0.032563 0.035591 -0.00046594 -0.0058167 0.010015 0.012388 -0.0048418 0.0042943 0.0052241 0.0046972
-0.0037371 -0.0063148 0.0037371 0.0064284 0.033913 -0.055215 0.034376 0.055215 0.027869 -0.0099781 0.027869 0.010176 0.00043363 -1.8383e-05 0.00043558 0.00012634 -0.01773 0.024519 0.018819 0.024943 0.26393 0.028283 0.2834 0.089875 0.2726 -0.033193 0.2726 0.048799 0.0033024 -0.00045384 0.0033737 0.00071105 -0.042792 -0.010156 0.043144 0.021343 0.17969 0.044693 0.57674 0.39465 0.25989 0.040569 0.25989 0.080636 0.0037204 0.00051324 0.0037204 0.00092824 -0.0049399 0.00052237 0.0059192 0.00081562 0.040504 -0.0063871 0.043964 0.0082321 0.038 -0.0030504 0.038 0.0038899 0.00068208 8.2966e-05 0.00068208 9.9613e-05
-0.002074 -0.013648 0.004641 0.015802 -0.026355 -0.064823 0.030735 0.078525 0.048137 -0.017982 0.062457 0.024318 -0.006249 -0.0035735 0.008023 0.01168 -0.020891 -0.0048979 0.022201 0.016249 -0.022843 0.019118 0.053471 0.044212 0.33335 -0.063414 0.48907 0.11509 -0.0076197 0.016825 0.057114 0.046367 0.086316 -0.01457 0.088885 0.068332 -0.11337 0.064224 0.17119 0.28923 0.41831 0.093687 0.452 0.21908 -0.0050223 0.018366 0.022763 0.03354 0.0038222 0.0032356 0.0045015 0.0033692 -0.0025101 0.028893 0.020797 0.033772 0.052528 0.035478 0.057613 0.04282 -0.0021769 -0.0011536 0.0024131 0.0024331
-0.0020978 -0.0031588 0.0027976 0.0046742 0.022534 0.020685 0.028461 0.039786 0.0010722 0.0084639 0.0062089 0.0096911 0.0006657 0.00029844 0.00091506 0.0005312 -0.016315 0.0047539 0.043226 0.076015 0.29182 0.010044 0.35494 0.50464 0.02191 0.010651 0.035365 0.02551 0.0071651 0.0049592 0.0072644 0.0053414 0.063058 0.010973 0.12082 0.0447 0.16998 -0.12073 0.62117 0.22019 0.026567 0.026438 0.031166 0.031481 0.0054824 0.0040541 0.0059004 0.0043017 0.0028993 -0.00073626 0.0044873 0.0035646 0.02454 0.031713 0.11917 0.0454 0.0029774 0.0042713 0.0030207 0.0044231 -2.6682e-05 4.1711e-05 7.6695e-05 0.00015072
0.0012484 -0.0016727 0.0034871 0.0021938 0.0066194 -0.0015936 0.020167 0.013083 0.055491 -0.037859 0.055722 0.041021 0.00021181 -0.00013873 0.00021393 0.00020276 -0.0016795 -0.0032435 0.034693 0.021394 -0.037111 0.0041374 0.13391 0.050241 0.41777 -0.05685 0.49285 0.092637 0.0013283 0.0014554 0.0013283 0.0014554 0.019397 -0.0022479 0.032498 0.01491 -0.00068312 -0.050848 0.15883 0.084265 0.41147 0.054602 0.55074 0.10922 8.6734e-05 0.00053265 0.0025558 0.0019689 -0.00077254 0.00052775 0.0011539 0.0010655 0.020233 0.013245 0.040099 0.027388 0.054567 0.044741 0.055971 0.04581 0.00023497 0.00013077 0.00024002 0.00013077
-0.00092425 -0.00080887 0.003594 0.0026183 0.068029 -0.0091354 0.068721 0.014034 0.00027425 0.0026759 0.0063256 0.0044452 -0.00073422 0.00023642 0.0010799 0.0010315 -0.021381 0.0036604 0.025601 0.0093066 0.41098 -0.11834 0.47164 0.21798 0.13557 -0.084378 0.2414 0.26445 -0.049428 -0.009725 0.052865 0.024941 -0.023294 0.060812 0.061542 0.072896 0.050736 -0.020298 0.14025 0.13388 0.35571 -0.1031 0.38889 0.149 -0.058709 0.0065281 0.06567 0.01508 -0.0031981 1.0641e-05 0.0080997 0.0042669 -0.0010471 0.0044587 0.0064826 0.012942 0.034629 -0.00062129 0.039994 0.028315 -0.0042982 -0.0027234 0.0045018 0.0038836
-0.0080619 -0.0099263 0.008078 0.0099263 0.024879 0.025236 0.045426 0.034734 0.0029859 0.0090609 0.041684 0.038868 0.00067261 -0.012824 0.0028215 0.012824 0.016784 0.041937 0.027105 0.051174 0.050889 -0.10878 0.33191 0.18365 -0.11327 0.083976 0.54331 0.321 -0.038372 0.022709 0.076551 0.05461 -0.020985 -0.025956 0.056786 0.04167 0.15412 -0.037294 0.50039 0.17176 -0.028065 -0.072873 0.20879 0.15393 0.034123 0.021615 0.039886 0.026913 -0.00061921 0.0057347 0.0028408 0.0076513 0.017365 -0.018295 0.052461 0.044749 0.0053217 0.01637 0.056388 0.037261 0.0024701 0.0014714 0.0033452 0.0017436
0.0020751 -0.0028918 0.0038738 0.0033801 0.0051571 -0.0051174 0.069078 0.035025 -0.025196 0.034774 0.083854 0.056312 0.0064528 0.0092492 0.0091764 0.010314 -0.00088712 0.0019218 0.0054577 0.0037984 0.31683 0.015915 0.45306 0.22868 -0.024698 0.17239 0.27013 0.34009 0.013878 0.0036653 0.022176 0.021823 -0.0060757 0.012907 0.033419 0.068811 0.33187 -0.042173 0.49635 0.12297 0.015462 -0.033329 0.061129 0.08087 -0.012109 -0.02205 0.019248 0.027185 -0.00061456 0.0033816 0.0026852 0.003954 0.047745 0.031731 0.058779 0.042035 -0.0080705 0.001598 0.019354 0.031333 -0.012604 -0.0045498 0.012883 0.0050586
0.0048723 0.0038547 0.0053899 0.0058953 -0.038023 -0.031409 0.044029 0.038737 0.060425 -0.013437 0.071833 0.016376 -0.011916 -0.0022937 0.011916 0.0027281 0.0011614 -0.00057428 0.017412 0.011292 -0.17861 0.019801 0.24108 0.096673 0.29451 -0.080967 0.44507 0.11486 -0.092447 -0.010332 0.092552 0.015121 0.004162 -0.0085844 0.034699 0.030351 -0.23311 0.10918 0.36662 0.14845 0.25916 -0.011661 0.44939 0.2084 -0.087319 0.024789 0.087887 0.025194 0.00014519 -0.00024563 0.0059808 0.0037851 -0.040405 -0.0093574 0.049358 0.028232 0.03216 0.0048573 0.037227 0.01997 -0.008994 -0.0039422 0.0096955 0.0047898
-0.012201 -0.0058577 0.012201 0.008013 -0.008124 -0.020779 0.012637 0.028325 0.0027955 -0.023864 0.011181 0.027896 0.011713 -0.0040685 0.012671 0.0072055 -0.077282 -0.0032816 0.079822 0.017946 0.07158 -0.076259 0.11453 0.36092 0.26484 0.12881 0.32352 0.36933 0.025888 0.035105 0.038642 0.051633 -0.11031 0.019334 0.11031 0.021031 0.056595 -0.0054431 0.069639 0.025577 0.4651 0.032764 0.4651 0.04961 0.056085 0.038039 0.069216 0.03902 -0.018885 0.0037163 0.018885 0.0040624 0.0017345 0.00088278 0.018026 0.0050175 0.081332 0.0035718 0.081332 0.0079467 0.0047337 -0.0013024 0.0057625 0.0033871
-0.0053072 -0.0011546 0.0066621 0.0027265 0.0013374 0.0060173 0.044565 0.011125 0.016745 0.0022242 0.020544 0.010656 0.00032578 0.0013346 0.0028548 0.0023735 -0.037379 0.012447 0.048157 0.012908 -0.13157 -0.092918 0.41797 0.1409 0.23341 -0.04883 0.23341 0.13044 -0.025612 0.015221 0.034113 0.03411 -0.04648 -0.0082637 0.053577 0.039443 -0.22022 0.015517 0.43828 0.1212 0.42657 0.020293 0.42657 0.059718 -0.02791 0.007353 0.02791 0.014812 -0.0032417 0.0012579 0.0062775 0.002327 -0.023324 -0.014467 0.045421 0.028739 0.045163 -0.011341 0.049437 0.016813 1.104e-05 -0.0040555 0.0078103 0.016199
-0.0050636 -0.0027746 0.005827 0.0056285 0.013187 0.0061359 0.026756 0.0127 -0.0035195 0.0040293 0.02758 0.015262 -0.0012415 -0.0068575 0.0026459 0.0098834 0.0032686 -0.0040065 0.037506 0.018208 0.15394 -0.02698 0.43055 0.11168 -0.15621 0.080858 0.3239 0.15008 -0.0027269 0.0062978 0.0056944 0.0089022 -0.045993 0.0082717 0.066123 0.024566 0.23881 -0.038642 0.37392 0.10529 0.089653 0.15962 0.38468 0.38136 -0.027495 0.061245 0.053619 0.088929 -0.0073688 0.0030165 0.01098 0.0043604 -0.0094854 0.0021314 0.075154 0.041498 0.023721 -0.12548 0.039619 0.17287 0.0025036 -0.014072 0.0072794 0.024125
0.001262 0.00088423 0.0054415 0.0033964 -0.0036417 0.0099169 0.020179 0.019496 -0.044126 0.020772 0.052844 0.024389 0.0030227 -0.00087499 0.0038706 0.0023173 0.020798 0.01422 0.059034 0.071687 0.11684 -0.09256 0.43766 0.29839 -0.1879 0.067423 0.30021 0.17014 -0.0034191 0.0046665 0.032491 0.020885 -0.044925 -0.0092283 0.064138 0.051739 0.028164 -0.14425 0.39326 0.39501 0.098563 -0.05003 0.31848 0.21394 -0.019296 0.030628 0.032711 0.043822 -0.00041024 -0.0037305 0.0041043 0.0045981 -0.012465 0.014988 0.042356 0.035622 0.04287 0.012165 0.092673 0.041133 -0.0059928 -0.0022343 0.0059928 0.0028426
-0.003095 0.0067755 0.0057442 0.0074013 -0.0181 0.023863 0.044115 0.027997 -0.010964 0.082975 0.051106 0.091874 0.008862 -0.0035632 0.011866 0.0037943 0.0016818 -0.018477 0.027686 0.093026 0.27404 -0.064725 0.33342 0.16553 -0.14982 -0.048005 0.21243 0.15802 -0.030429 -0.00017201 0.070629 0.090771 -0.066807 0.039831 0.080496 0.055339 0.19756 -0.0050533 0.42923 0.18263 -0.076402 -0.076376 0.46669 0.35279 -0.024153 0.023851 0.058657 0.062023 -0.003417 -0.0013104 0.0072122 0.0043235 -0.0056335 0.017583 0.030288 0.045212 0.0035394 0.027281 0.030202 0.037552 0.0061743 0.0051848 0.0087889 0.0087329
-0.011889 -0.0025084 0.011891 0.0026273 -0.016982 -0.0016834 0.020326 0.0038518 0.072222 -0.0059813 0.076425 0.013853 0.0050143 -0.00048936 0.005073 0.00081062 -0.069421 -0.01501 0.069459 0.015366 -0.084606 -0.015232 0.084606 0.030076 0.45936 -0.042597 0.45936 0.058715 0.04629 -0.0063289 0.047784 0.010502 -0.012042 -0.026659 0.031223 0.049412 -0.09044 0.074334 0.11474 0.31997 0.38752 0.07466 0.45176 0.12297 0.050694 0.0012721 0.052253 0.0083975 -0.0015822 0.0071936 0.0022745 0.0076046 0.0080636 0.032284 0.010974 0.04856 0.06291 0.045521 0.06291 0.051339 0.0042424 0.0016011 0.004832 0.0019453
0.0071684 -0.0018653 0.0086909 0.0049918 0.019927 0.0026512 0.037047 0.019364 0.0084745 -0.011788 0.012073 0.015484 0.00024474 0.00085376 0.001017 0.0017232 -0.032484 0.0082886 0.044628 0.02484 0.26389 -0.014899 0.39637 0.068172 -0.14031 0.04695 0.16235 0.47536 0.029124 0.0018591 0.045057 0.044901 0.0042015 0.017667 0.030661 0.058395 0.05544 0.099459 0.16772 0.25475 -0.074323 -0.12476 0.2768 0.50569 0.0048392 -0.015041 0.016542 0.034468 0.0071868 0.00016964 0.0086527 0.0014948 -0.031531 -0.024175 0.040299 0.052152 -0.0028064 -0.025742 0.014065 0.099112 0.0032796 0.0046294 0.0039523 0.0057233
0.0023661 0.00026972 0.0047898 0.005419 0.0038296 0.0024914 0.055652 0.0077977 0.018822 0.0047135 0.028347 0.0062629 0.00026044 -0.00010291 0.00037983 0.00025789 0.0045138 -0.0055338 0.048197 0.042524 0.10294 0.0224 0.53774 0.21312 0.1067 0.006041 0.16394 0.031087 0.0014471 0.0017092 0.0047106 0.0033163 0.036395 -0.014732 0.079922 0.037865 0.0017969 0.082235 0.70202 0.11304 0.11498 -0.044801 0.15196 0.062755 -0.011511 -0.02358 0.012509 0.028631 0.010144 -0.0040232 0.011369 0.0065209 -0.01622 -0.025554 0.07017 0.030589 -0.033591 -0.11373 0.053053 0.12888 -0.0009589 -0.003882 0.0024476 0.011431
0.0055065 0.014736 0.0062851 0.014776 0.025624 -0.002825 0.029087 0.041247 -0.036817 -0.01241 0.08853 0.083553 0.00094335 -0.0075633 0.0064971 0.0093662 -0.021013 -0.026132 0.026563 0.032823 0.28687 -0.0014453 0.34174 0.29614 -0.25338 0.046895 0.38062 0.21155 0.032688 0.039639 0.041786 0.070594 -0.026155 0.0057648 0.046114 0.041643 0.21616 -0.065927 0.424 0.12386 -0.033634 -0.0207 0.27089 0.2813 -0.0058389 -0.009168 0.054352 0.088338 -0.0034702 0.00096814 0.0052635 0.0014364 0.051814 -0.011035 0.058228 0.013366 0.0048692 0.028687 0.021929 0.03311 -0.005501 0.00041911 0.0088269 0.0049084
-0.013697 -0.011405 0.013826 0.011442 -0.028184 -0.012719 0.0311 0.028874 0.021705 0.0082748 0.023243 0.020708 0.00046916 0.0079437 0.0012322 0.0079437 -0.10757 0.043982 0.10804 0.073402 -0.12011 -0.012766 0.16699 0.22345 0.4207 0.032877 0.4207 0.15388 0.0029763 0.033713 0.0091826 0.034862 -0.11239 -0.012897 0.11702 0.022813 -0.12467 0.040548 0.23608 0.23554 0.23697 -0.072189 0.39808 0.26968 0.034885 -0.069807 0.038189 0.069858 0.011149 -0.012438 0.011586 0.012467 -0.03499 0.087188 0.06157 0.10004 -0.027577 0.045117 0.048363 0.045543 -0.00024544 0.002114 0.00097336 0.0035768
0.001045 -0.0014883 0.005673 0.017593 0.046394 0.0024125 0.1238 0.038767 0.0073791 0.0044211 0.012922 0.019015 -0.00049915 0.00071452 0.00068353 0.0040512 0.041974 -0.01823 0.0508 0.020505 0.095151 -0.084511 0.48736 0.10379 0.35925 -0.026192 0.37832 0.075013 -0.0017893 0.00037284 0.0037004 0.0058423 0.018304 0.0053226 0.045954 0.014752 0.18552 0.041122 0.37004 0.095089 0.32091 0.011256 0.35958 0.050202 0.0058069 0.0032121 0.0058354 0.0047121 0.00034461 0.00069201 0.0064069 0.0014113 0.061953 0.018737 0.08013 0.02734 0.014522 0.011506 0.014652 0.012125 0.00033651 0.00020411 0.00033651 0.00020411
0.0004132 0.00077179 0.0046374 0.0011577 0.015262 0.0007993 0.018998 0.0090423 -0.019738 -0.022961 0.027526 0.038892 -0.0022465 -0.0027908 0.0029445 0.0071332 -0.028318 -0.013869 0.046164 0.021668 0.30953 0.039055 0.30953 0.14283 -0.27231 0.12934 0.28249 0.15814 -0.005354 0.0050695 0.0072974 0.0062729 -0.039271 -0.00050449 0.054473 0.016547 0.41765 -0.042882 0.41765 0.058957 -0.23405 -0.0023359 0.27215 0.21923 -0.015577 0.055779 0.01923 0.059013 -0.0025396 -0.000423 0.0043134 0.0027853 0.041463 -0.019805 0.0572 0.029723 0.057853 0.07075 0.077821 0.13812 -0.0048139 -0.00067766 0.007384 0.011261
-0.0010682 -0.011151 0.0028362 0.012054 -0.011089 -0.083018 0.042756 0.093125 0.03016 0.0024936 0.036283 0.033683 -0.00064633 -0.00017168 0.0032125 0.0060122 0.0023225 -0.02683 0.030521 0.050177 0.17825 0.24242 0.2497 0.31873 -0.086998 -0.042864 0.41644 0.1498 0.0025828 -0.045752 0.01075 0.064303 0.04793 0.010736 0.074699 0.017665 0.27978 0.016415 0.35648 0.10945 -0.30381 0.073332 0.39367 0.13248 0.0019749 0.0036063 0.0093081 0.010116 0.0048638 0.0011604 0.0066644 0.0039275 0.040347 0.01299 0.055191 0.021806 -0.047916 -0.0095845 0.056856 0.033846 0.00030262 0.0033853 0.0016647 0.0037727
-0.010655 -0.018387 0.010704 0.018389 -0.011493 0.028477 0.10178 0.13008 0.065723 0.0063613 0.065723 0.073749 0.00050458 -0.00062353 0.0005358 0.00062353 0.0091368 0.04731 0.05327 0.081177 0.13974 -0.051666 0.29112 0.34534 -0.0034156 -0.0015902 0.26043 0.2432 0.013083 -0.0039502 0.013184 0.0093914 -0.0031374 -0.039254 0.035799 0.072215 0.048075 0.048449 0.2976 0.32342 -0.11021 -0.17333 0.44312 0.30854 0.053956 -0.03657 0.079648 0.084176 0.010695 0.0036694 0.023236 0.0081571 -0.0069955 -0.051862 0.046385 0.11997 0.0031715 0.014719 0.086034 0.078683 -8.9741e-05 0.002854 0.0095707 0.011614
-0.00154 -0.0017604 0.0064062 0.0059472 -0.013364 -0.011365 0.022011 0.03007 0.03065 0.0042855 0.045848 0.015373 -0.00061557 0.012236 0.0020464 0.012236 -0.038844 0.0045958 0.054515 0.038262 -0.016068 0.00019983 0.095995 0.13133 0.40112 0.098652 0.46129 0.25159 0.020787 0.0038091 0.023498 0.016748 -0.0092128 -0.0048006 0.043305 0.045586 0.0019261 0.06762 0.28086 0.3449 0.21344 -0.14196 0.43319 0.19549 0.048722 -0.031423 0.05102 0.031534 -0.010323 0.013734 0.012856 0.014573 -0.0042743 0.044131 0.039032 0.051659 -0.019461 -0.0043988 0.034792 0.011748 0.0032568 -0.012563 0.0032811 0.012743
0.0028488 0.0028285 0.0064886 0.004546 0.0016307 -0.010576 0.026287 0.025603 -0.025556 -0.042364 0.026427 0.043804 -0.00029537 -0.0044481 0.00089587 0.0051082 0.007043 0.027284 0.031956 0.045952 -0.13211 -0.078693 0.25762 0.20368 0.21612 0.14008 0.34898 0.24228 -0.021903 0.03104 0.024313 0.041741 0.0070692 -0.004866 0.025699 0.043917 -0.27837 0.1235 0.37917 0.14076 0.34053 0.023386 0.464 0.066148 -0.032606 -0.0051938 0.033085 0.0086757 0.00043004 -0.0015237 0.003367 0.0069429 -0.026257 0.024362 0.041121 0.037915 0.01192 0.0076516 0.055488 0.044249 -0.0047844 -0.0081966 0.0051491 0.0088576
-0.0077658 -0.016003 0.0080652 0.01607 0.055485 -0.063147 0.076434 0.08343 0.0021534 -0.0043913 0.0026704 0.0043913 0.0001825 -0.00051692 0.00018349 0.00051692 0.014616 -0.0047839 0.1153 0.085047 0.35986 0.22281 0.65122 0.26434 0.0167 -0.0078071 0.051222 0.028989 -0.00039257 -0.0025712 0.0029152 0.0041692 0.025913 0.054861 0.052411 0.087561 0.073445 -0.029299 0.44652 0.12218 0.073937 -0.0032025 0.15629 0.048087 0.0047014 0.00054096 0.0071093 0.0034277 0.0032159 -0.0057002 0.0089356 0.014129 -0.036512 0.019643 0.062816 0.028211 0.056914 -0.01314 0.065245 0.016074 -0.0030458 -0.0044121 0.0031572 0.0054314
-0.000755 0.0027805 0.0062037 0.012818 0.051978 0.072479 0.089116 0.084563 0.022268 -4.4795e-05 0.032198 0.02737 -0.002503 -0.00041123 0.0074841 0.0058536 0.050185 -0.0020526 0.066788 0.034177 0.11945 -0.023212 0.36765 0.34461 -0.11616 0.013146 0.35501 0.26015 0.029737 -0.0092467 0.047613 0.064012 0.089906 0.013395 0.096916 0.018107 0.15752 -0.066003 0.52999 0.099593 -0.086227 0.003739 0.2351 0.24963 0.017432 0.017282 0.040013 0.079658 0.0064771 0.0031938 0.0065249 0.0033251 0.011227 0.036079 0.067936 0.039456 -0.00050422 -0.021055 0.042169 0.034128 -0.0023391 -0.001575 0.0061847 0.0090992
-0.013994 -0.0071098 0.013994 0.0071098 0.078587 -0.026228 0.084086 0.03164 0.0043642 -0.0041694 0.010496 0.0085299 -0.0026579 0.00092906 0.0033511 0.0013004 -0.055967 -0.010088 0.074855 0.010982 0.46644 0.020375 0.47861 0.083352 0.081898 -0.052922 0.18621 0.15417 -0.030594 -0.042577 0.055605 0.05515 -0.056985 0.014498 0.063305 0.022131 0.41566 0.023886 0.42352 0.076522 0.097186 -0.052197 0.14375 0.11915 -0.036107 0.014502 0.098929 0.070737 -0.0069842 -0.0081049 0.017821 0.0081762 0.049721 0.014101 0.049846 0.039492 -0.03381 -0.0080439 0.064946 0.041267 0.011137 0.0044472 0.012908 0.0055371
-0.010309 0.0026129 0.010617 0.0044051 0.11499 0.023236 0.1157 0.060694 0.0056906 -0.093089 0.025811 0.097952 0.001863 -0.00040836 0.0026342 0.003232 -0.033785 0.027871 0.061329 0.054147 0.077612 -0.025999 0.13218 0.18971 0.35024 0.038445 0.44275 0.23226 -0.024313 -0.0055701 0.03592 0.026905 -0.01356 -0.0029487 0.041231 0.025959 0.0053298 -0.0079812 0.080203 0.048671 0.3897 -0.05767 0.52204 0.14956 -0.023619 -0.011796 0.040054 0.019397 -0.0038235 0.013342 0.0081518 0.015074 -0.006769 0.095962 0.020677 0.1205 0.023333 0.071101 0.048247 0.084795 -0.010898 -0.0062384 0.012112 0.0089803
-0.0017382 0.0014983 0.0024548 0.0022617 0.004566 0.059168 0.040149 0.070134 0.0095152 0.011266 0.024332 0.044207 -0.0040214 0.0089172 0.010246 0.017071 -0.0074883 -0.040899 0.015226 0.055795 0.2224 -0.047522 0.35512 0.17237 -0.15611 0.025906 0.20349 0.31197 -0.0013828 0.012751 0.021746 0.081496 0.0034942 -0.00086794 0.0096619 0.0060828 0.22376 -0.0037504 0.41229 0.073485 -0.17446 -0.16504 0.5138 0.18887 -0.014055 -0.049568 0.031135 0.068168 0.0016696 0.00091034 0.0031936 0.0028593 0.029063 0.012961 0.056759 0.022224 -0.017216 0.036883 0.037643 0.060196 0.00048498 0.012379 0.0020025 0.013786
