0.00078592 1.0894e-05 0.0010061 0.000133 -0.0029324 0.00068503 0.0080203 0.0023285 0.0061926 0.0018448 0.0074693 0.0094818 0.0010694 -0.0013384 0.0010694 0.0013638 0.00205 -0.00025249 0.0065911 0.0026769 0.22385 0.21679 0.27634 0.22367 -0.16517 0.27907 0.19804 0.27907 -0.0017444 0.00386 0.0041661 0.0066036 -0.010479 -0.0037368 0.014615 0.0047438 0.26479 -0.17158 0.26873 0.197 -0.0048964 -0.14697 0.44749 0.33535 -0.039414 0.03862 0.046267 0.052596 0.00019957 0.00010568 0.0013952 0.00078415 0.0058683 0.003813 0.0058683 0.003813 0.005364 -0.0057068 0.0058393 0.0091565 0.0060532 -0.0069301 0.013091 0.0086417
1.3437e-06 -1.3706e-05 0.00099168 0.0017547 0.0093227 -0.0020823 0.012559 0.0048597 0.0075893 0.007493 0.0081694 0.010033 0.0082115 0.009653 0.0082158 0.0097024 -0.002556 0.0035758 0.0058601 0.0073553 0.25857 0.19687 0.26938 0.20837 0.20419 0.30555 0.20478 0.30652 0.0017817 0.0018263 0.0020375 0.002099 0.0093893 -0.0058807 0.011313 0.006061 0.47089 -0.14913 0.47677 0.15473 0.040523 -0.016259 0.040523 0.016259 0 0 0 0 0.0010496 -0.00033335 0.0015169 0.00045652 0.028892 -0.0062043 0.030354 0.0078773 0.050718 -0.0070356 0.050718 0.0082838 0 0 0 0
-0.00028053 -0.0051593 0.0028061 0.0061057 0.0023738 -0.0025254 0.0081837 0.0041349 0.03992 0.023835 0.040134 0.025576 0.00061776 0.00028953 0.00061776 0.00028953 -0.0018244 0.0070749 0.0055565 0.012903 0.31052 0.20156 0.31805 0.22466 0.21301 0.20878 0.21335 0.21015 0 0 0 0 0.001436 -0.0069217 0.0095702 0.0088096 0.44718 -0.20505 0.45278 0.20908 0.10301 -0.042858 0.10301 0.042858 0 0 0 0 -0.0015757 4.9318e-05 0.0016323 0.00024167 0.01094 -0.0034757 0.011185 0.0035966 0.076177 -0.0067218 0.076177 0.0077146 0 0 0 0
0.00050161 0.00017514 0.00068035 0.00032548 0.0072996 0.0038835 0.007305 0.0047177 0.074938 0.025702 0.075019 0.025796 0 0 0 0 0.011069 0.0052142 0.011502 0.0054303 0.44821 0.19269 0.44821 0.19561 0.097625 0.038024 0.097625 0.039213 0 0 0 0 0.0035775 0.0030885 0.0051392 0.0037213 0.4168 -0.20174 0.4252 0.20509 0.12337 -0.060394 0.12421 0.061805 0 0 0 0 -0.00031656 -0.00027257 0.00057802 0.00053185 0.0028453 0.00019595 0.003349 0.0012082 0.073104 -0.027996 0.073168 0.028236 0 0 0 0
0.0076034 -0.00041954 0.007688 0.0017007 -0.0081492 0.0011669 0.019975 0.0041755 0.066035 0.0038106 0.066035 0.0050881 0 0 0 0 0.018172 -0.006947 0.019789 0.022984 0.29399 0.17533 0.34886 0.24843 0.193 0.084604 0.193 0.084604 0 0 0 0 -0.0001468 0.0014667 0.0045866 0.0060874 0.48208 -0.19545 0.51967 0.20223 0.056312 -0.016535 0.056312 0.017498 0 0 0 0 -0.00094307 -0.0010251 0.0013314 0.001049 0.070107 0.015548 0.074979 0.017793 0.011565 0.0041956 0.011565 0.0041956 0 0 0 0
-5.6821e-05 -5.6821e-05 5.6821e-05 5.6821e-05 0.0030126 -0.032311 0.01052 0.032311 0.00022527 -0.00022527 0.00022527 0.00022527 0 0 0 0 -0.0081938 -0.040413 0.0184 0.042332 -0.053329 -0.18839 0.13995 0.22078 0.39908 -0.16162 0.39908 0.16162 0 0 0 0 0.013831 0.00029748 0.025757 0.026156 -0.040785 0.057638 0.1946 0.22385 0.31107 -0.080435 0.40091 0.38519 -0.017296 -0.047288 0.020702 0.058276 0.0016057 0.00073276 0.0020698 0.0014135 -0.010707 0.016456 0.018977 0.01671 0.006398 0.014542 0.020397 0.040154 -0.0016448 -0.0014302 0.0019835 0.0019069
-0.00012521 -0.00028768 0.00015451 0.00032069 0.032248 0.0071853 0.046129 0.054172 -0.037596 -0.0025261 0.04643 0.027179 0.00015512 -0.00015499 0.0016586 0.00038503 -0.0015836 -0.0041036 0.0015836 0.0041036 0.33719 -0.031703 0.34853 0.17572 -0.33631 0.078804 0.37728 0.2852 0.0039307 0.0075454 0.012571 0.010135 0.0005556 -0.0041596 0.0042971 0.021549 0.14725 -0.13979 0.26016 0.35696 -0.11871 -0.22734 0.14796 0.23114 -0.0030677 -0.0062774 0.021058 0.0078289 0.00026882 0.0014198 0.0003715 0.0016281 9.7245e-07 0.013106 0.0016476 0.013106 -0.001942 0.011474 0.0023011 0.011491 0.0024576 -0.00065685 0.0027648 0.0015457
-3.4757e-05 -7.0753e-05 0.00011958 0.00012196 -0.0032288 -0.0018115 0.015095 0.0099191 -0.0068817 -0.0070822 0.031941 0.020717 -0.00082824 -0.0020499 0.0032655 0.0033994 -0.0010559 0.0036118 0.0037994 0.017677 -0.15616 -0.089932 0.21258 0.16433 0.15013 0.07278 0.52281 0.36998 -0.015187 0.013207 0.016263 0.037859 -0.0026866 -0.0018304 0.0029444 0.0019053 -0.19248 0.012938 0.23605 0.046867 0.39242 0.016849 0.41791 0.13906 -0.015497 0.050826 0.021937 0.054637 -0.00073349 -0.0019131 0.0020783 0.0019918 0.011323 0.012094 0.043386 0.024613 0.0098128 0.0016657 0.012749 0.0078931 0.0064568 -0.0038289 0.0066187 0.0038289
-0.0013568 -0.00057502 0.002024 0.0007246 0.048699 0.0057062 0.050316 0.028088 -0.042737 -0.00062526 0.046626 0.035462 0.00014022 0.0006226 0.00018933 0.00080906 -0.0021002 -0.0001117 0.012297 0.0018085 0.31297 0.0484 0.37427 0.18928 -0.29131 0.021173 0.3858 0.23508 0.00066926 0.0017975 0.0012001 0.0021065 0.0020652 -0.00058897 0.008961 0.0026657 0.23768 -0.029717 0.30351 0.23787 -0.23311 -0.043151 0.26593 0.28356 -1.5252e-05 -0.0029337 0.00018644 0.0029337 0.00025607 -0.000539 0.0014935 0.000559 0.040385 -0.0074923 0.043079 0.021506 -0.03956 -0.0028123 0.050838 0.039269 -0.00015684 -0.0011844 0.00024549 0.0015267
0.00024535 0.00029452 0.0007937 0.0016925 0.0056517 0.01386 0.007041 0.01544 -0.0064691 -0.0066657 0.013477 0.016206 -0.0030726 -0.0019962 0.0046584 0.00382 0.00081091 0.002485 0.0016882 0.0059436 -0.12563 -0.19428 0.1403 0.20138 0.14987 0.03239 0.55803 0.28178 -0.042377 0.010689 0.065983 0.014649 -0.034349 -0.016766 0.034349 0.016893 -0.010077 -0.050541 0.094865 0.092486 0.35361 0.036372 0.54686 0.069099 -0.044333 0.021283 0.04572 0.025224 -0.005139 -0.0016434 0.0052288 0.0017132 0.020005 0.011928 0.020005 0.011928 0.045978 0.0051714 0.046928 0.013489 -0.0078029 0.0046606 0.0078187 0.0046606
-0.00074068 -0.0014749 0.00078775 0.0014956 0.0025338 0.0027043 0.012146 0.015086 -0.015276 -0.010915 0.030106 0.020772 0.0033841 0.0016882 0.0039519 0.0042275 0.0011978 0.006634 0.004288 0.014028 -0.14295 -0.14219 0.17168 0.18872 0.11724 0.051999 0.53773 0.30978 -0.00041979 0.0019271 0.038832 0.039443 -0.003931 -0.0032537 0.00428 0.0036027 -0.14515 -0.025867 0.19704 0.066757 0.38261 0.022146 0.4961 0.12975 -0.042091 0.044359 0.042091 0.044359 -0.00047792 -0.00023976 0.0014289 0.0009975 0.0066354 0.0098374 0.03994 0.022515 0.033795 0.0060826 0.034387 0.014969 0.0014651 -0.00015027 0.001942 0.0010602
0.00081827 0.0024647 0.00089678 0.0025491 0.0019933 0.0073569 0.0042923 0.0080789 -0.0047739 -0.0065963 0.0088121 0.0111 -0.0025469 -0.0029269 0.0032402 0.0052025 0.00022847 -0.00076348 0.0012451 0.0012062 -0.12464 -0.20848 0.13571 0.21639 0.11227 0.0452 0.54254 0.30049 0.0027465 0.022089 0.04795 0.026173 -0.021998 -0.033272 0.023411 0.034068 -0.0015674 -0.052215 0.093399 0.088012 0.39715 0.0046271 0.52326 0.069682 -0.055433 0.012938 0.056421 0.013506 -0.0010472 2.1891e-05 0.0016692 0.00058497 0.014936 0.0077122 0.014936 0.0077122 0.053174 0.0060758 0.057641 0.0094789 -0.0086722 0.0027007 0.0086722 0.0027012
-6.9214e-05 -8.9026e-06 0.00068825 0.00062102 0.032219 0.01414 0.036997 0.037172 -0.027886 0.0058342 0.046096 0.039425 1.4481e-05 0.00035193 0.00013223 0.00035193 0.00182 0.001985 0.0033279 0.0022226 0.18329 0.042126 0.3915 0.2602 -0.15667 0.086542 0.32959 0.2415 0.00054106 0.0014161 0.00079683 0.0014161 0.0019676 0.00044571 0.0032822 0.00084694 0.28257 -0.00048863 0.36099 0.19073 -0.24697 -0.036217 0.34871 0.31039 0.00018898 -0.0003304 0.00094609 0.0010066 0.00028364 -0.00010784 0.00060163 0.00024996 0.022085 -0.029652 0.022133 0.046039 -0.01912 -0.014429 0.026252 0.064079 -1.8499e-05 -0.00022676 0.00016837 0.00031862
-8.3937e-06 -0.00036213 0.00031254 0.00036213 0.011655 0.0086856 0.017159 0.011641 -0.018263 -0.0067645 0.02957 0.017896 0.0076516 0.01217 0.010463 0.013284 0.00024024 -0.00043467 0.0015371 0.0019328 0.23001 0.082953 0.33478 0.19695 0.12391 0.34188 0.19018 0.44849 0.0077155 0.0095534 0.0078896 0.0095534 0.0045464 0.0010571 0.0047355 0.002848 0.44845 -0.021208 0.44845 0.078233 0.00046227 -0.00026802 0.00046227 0.0014757 0 0 0 0 0.0015499 0.00063467 0.0015739 0.00074878 0.062764 0.0017135 0.062764 0.008011 0.00089763 -0.00053498 0.0011367 0.00072905 0 0 0 0
-0.00064779 -0.00083512 0.00064779 0.00088435 0.0049629 0.010322 0.012144 0.011072 0.0027562 0.017789 0.057347 0.026626 0.0069635 0.0067277 0.0069635 0.0067333 0.0019619 -0.0061544 0.0062176 0.0062396 0.21366 0.11026 0.30796 0.23607 0.1985 0.29789 0.25558 0.33803 0.00087962 0.00086544 0.00087962 0.00086544 0.021864 -0.006884 0.03156 0.011749 0.47713 -0.066084 0.47713 0.091128 0.0023175 -0.0015067 0.0023175 0.0015067 0 0 0 0 0.00099566 0.0023703 0.0063391 0.0031995 0.067385 0.0031194 0.067407 0.0068052 0.0020276 -4.9788e-05 0.0020276 0.00052696 0 0 0 0
-1.168e-06 -5.3783e-05 8.5289e-05 6.8499e-05 -0.0046961 0.0021751 0.016515 0.010113 -0.0048488 -0.0080998 0.033942 0.017516 -0.0016469 -0.0036506 0.0033963 0.003769 -0.0012594 0.0020904 0.0031025 0.016099 -0.17892 -0.040562 0.23503 0.13522 0.18805 0.11756 0.49079 0.40423 0.0013037 0.076508 0.014925 0.085726 0.0022585 -0.0035351 0.0033564 0.0035351 -0.17024 0.0026559 0.26049 0.059038 0.38095 0.0021057 0.38871 0.15835 0.007039 -0.014755 0.0072666 0.01625 -0.0016713 -0.0027948 0.0024114 0.0039174 0.017575 0.0023875 0.023184 0.018842 0.0030489 -0.0062101 0.0058051 0.0062101 0.0015554 -0.0035362 0.0056373 0.0035462
-0.0010353 0.0035414 0.001471 0.0043502 -0.0099443 0.012173 0.023172 0.017801 0.066916 -0.0047088 0.066916 0.0094436 -0.0090311 -0.0045054 0.0090502 0.0045252 -0.0094484 0.0031609 0.01788 0.047496 -0.17781 -0.096669 0.23573 0.26508 0.26394 -0.083102 0.68324 0.23582 -0.030408 -0.036701 0.032796 0.038623 -0.013484 -0.011621 0.015099 0.011621 0.012634 0.13822 0.11359 0.22944 0.035591 0.049007 0.18335 0.29741 0.0041644 0.039652 0.0047754 0.046984 0.0021574 0.0019569 0.0035323 0.0042234 0.0067979 0.0097893 0.020444 0.014473 -0.0016048 0.01428 0.0017145 0.014567 0.00012276 -2.3054e-05 0.0009335 0.0029212
-0.0019424 -0.00033343 0.0034546 0.0035581 0.021424 0.0028803 0.038331 0.0071493 0.024895 0.011451 0.025313 0.011451 -0.0052857 -0.0041059 0.0054208 0.0041775 -0.016935 -0.014177 0.017959 0.014995 0.25461 0.052385 0.29507 0.13287 -0.0090514 -0.027011 0.30689 0.22232 -0.024209 -0.025945 0.024209 0.025945 0.0066347 0.015521 0.014652 0.020312 0.35002 -0.0052012 0.46391 0.20062 -0.32497 -0.13754 0.33397 0.24644 -0.0057243 0.0035796 0.0059601 0.015062 0.00017123 -2.456e-05 0.00020967 0.00052011 0.00075906 -0.0029254 0.0021367 0.0042799 -0.0020106 0.00026499 0.0026088 0.0046599 -0.00031376 0.0026062 0.00068225 0.0027578
-2.2735e-05 -0.00018441 0.00020811 0.00029372 0.035021 0.024262 0.059376 0.08035 -0.044134 -0.0075529 0.045105 0.032065 -0.0002246 -0.00031482 0.00055073 0.00039857 -0.00094816 -0.0023992 0.0010256 0.0023992 0.20193 -0.036032 0.33812 0.35792 -0.21742 0.018091 0.29016 0.31415 0.0029134 0.0041875 0.0079871 0.0065269 -0.001063 -0.0011006 0.001653 0.0023606 0.22562 -0.043653 0.28965 0.33666 -0.18016 0.005712 0.24337 0.35211 0.0013676 0.0052822 0.0044033 0.006731 0.00070232 0.0007644 0.0010481 0.0032128 -0.0010861 -0.016276 0.0058806 0.018884 -0.0050927 -0.026245 0.0054132 0.026678 0.00062167 -0.0032779 0.0007033 0.0033712
-0.0010751 -0.0014247 0.0052579 0.004467 0.00045367 -0.0031168 0.019501 0.0055918 0.062137 -0.00083963 0.062137 0.0061057 0 0 0 0 0.010648 -0.0026383 0.017924 0.0099859 -0.014273 -0.10564 0.18202 0.12285 0.41776 -0.099144 0.49671 0.12387 0 0 0 0 -0.0074174 0.0037499 0.022961 0.025135 0.037136 0.058373 0.25091 0.18241 0.42641 0.063149 0.42641 0.098345 0 0 0 0 -0.00042243 -0.00018187 0.0039861 0.0027468 0.0075048 -0.0016096 0.027747 0.011461 0.040594 -0.021163 0.0455 0.022642 0 0 0 0
0.002066 -0.00051137 0.0026783 0.00052255 0.00070216 -0.011342 0.006368 0.012034 -0.0097205 0.0011273 0.01988 0.0034043 -0.0036793 -0.00051851 0.0044544 0.00099162 -0.023948 -0.014959 0.041948 0.015663 -0.018544 -0.06816 0.3736 0.33371 0.096861 -0.12746 0.29554 0.16706 -0.011856 0.0023393 0.046323 0.0032008 -0.024524 -0.0055902 0.034285 0.0070934 0.024133 -0.018027 0.48305 0.22594 0.049426 0.059957 0.49679 0.20867 0.0061324 -0.001115 0.047719 0.0095872 -0.0030311 0.00027876 0.0058511 0.00081495 0.031761 -1.4872e-05 0.087271 0.0094158 -0.02835 -0.0053663 0.03915 0.010196 0.0037462 -0.0027288 0.0052813 0.0029697
0.00041731 0.00034072 0.0012922 0.00081452 -0.010327 -0.0061856 0.011049 0.013224 0.0052075 -0.0042189 0.025382 0.018884 0.002984 -0.0009062 0.0036988 0.0012904 0.001691 -0.014448 0.0053212 0.015703 0.2397 0.081944 0.41792 0.2304 -0.24475 0.36651 0.33062 0.47109 0.033094 0.046349 0.03444 0.055918 0.0049526 0.0091576 0.017568 0.016842 0.14246 -0.030511 0.18696 0.10544 0.19359 -0.0025935 0.22536 0.10482 0.0038858 0.0064824 0.0038858 0.0064824 -0.0041062 0.00035054 0.0043495 0.0045978 0.014848 0.0038846 0.02102 0.027242 0.044914 0.0094551 0.044914 0.0094551 0 0 0 0
-0.0099916 -0.0002151 0.010165 0.0019642 0.045393 0.032636 0.068358 0.064765 0.020896 0.042825 0.020896 0.04337 2.3709e-06 2.3709e-06 2.3709e-06 2.3709e-06 0.01951 0.00083846 0.028109 0.021553 0.069173 -0.1904 0.21667 0.20651 0.36891 -0.15492 0.36891 0.15492 0 0 0 0 -0.042459 0.028758 0.042705 0.043227 0.13813 0.027162 0.20029 0.25269 0.42171 0.12536 0.42171 0.12536 0 0 0 0 -0.0029315 0.0059987 0.0029315 0.0059987 0.015151 0.080025 0.020356 0.080025 0 0 0 0 0 0 0 0
0.00030736 -0.00040432 0.0013645 0.0007183 0.026006 -0.01514 0.02646 0.025589 -0.012309 -0.019359 0.044484 0.059484 0.0073381 0.0021069 0.0092144 0.0059419 0.0039525 -0.0068264 0.006277 0.0069466 0.26374 -0.058176 0.27264 0.27069 -0.16529 -0.02695 0.3557 0.29704 0.010113 -0.012485 0.04478 0.069442 -0.0012477 -0.0032223 0.0024151 0.012954 0.12072 -0.057146 0.13138 0.41525 0.066193 -0.10421 0.37466 0.38299 -0.021641 0.0037942 0.057342 0.054533 -0.00034519 0.0027506 0.00061094 0.0044821 -0.0011632 -0.00085032 0.005737 0.029598 -0.00553 -0.032675 0.014886 0.041253 -0.0021695 -0.0098527 0.0022096 0.009913
-0.0039677 -0.0027213 0.0044513 0.003223 0.010039 -2.2555e-05 0.013097 0.0037923 0.013177 0.0017347 0.013177 0.002672 0.00063853 0.00021806 0.00065072 0.00032797 0.0031973 -0.0022277 0.014547 0.0095666 0.13557 0.13752 0.35325 0.19184 0.10578 0.28404 0.27824 0.36909 0.005229 0.045469 0.01451 0.0459 0.0044708 0.00067489 0.0047515 0.0010534 0.22892 -0.12947 0.262 0.15569 0.13535 -0.18853 0.38464 0.34279 0.0072076 -0.0172 0.039412 0.052898 0.00036712 -3.6823e-06 0.00040133 0.00013988 0.01264 0.0016361 0.01264 0.0019231 0.041677 -0.00046381 0.041677 0.013943 -0.0017741 0.00060721 0.0036641 0.0077396
-0.00051609 -0.012105 0.0013087 0.012105 0.0065218 -0.012883 0.0065218 0.012883 0 0 0 0 0 0 0 0 -0.020537 -0.0044839 0.0211 0.022256 0.38157 -0.12969 0.4071 0.15504 -0.0011707 -0.003279 0.0018735 0.003279 0.00044404 -0.00044404 0.00044404 0.00044404 -0.0063887 0.00030956 0.018359 0.027126 0.24469 -0.088244 0.32658 0.42596 -0.16987 -0.31527 0.17782 0.34378 0.03036 -0.054336 0.037828 0.054336 -0.00076168 0.00044942 0.0014474 0.00059465 -0.0044852 0.020367 0.019755 0.027649 0.0019704 -0.013764 0.01823 0.018671 0.0022657 0.0024363 0.0052944 0.0032868
-0.00088345 -0.0065387 0.0037204 0.0077357 0.0032603 -0.052495 0.0082881 0.052889 -0.0049387 -0.029751 0.014234 0.029751 0.0024228 -0.00082832 0.0034077 0.0026424 -0.0097965 -0.0084156 0.011819 0.021625 0.016046 -0.10026 0.081582 0.24302 0.17401 -0.080148 0.29692 0.31843 0.00069798 0.0019012 0.044141 0.020177 -0.001683 0.020813 0.016652 0.070905 0.0014146 0.19988 0.32161 0.5121 -0.018558 0.05646 0.33198 0.38085 0.043579 0.019755 0.043821 0.01989 0.00055892 0.0036318 0.0029996 0.013416 -0.0031951 -0.0094568 0.036246 0.075031 0.0219 0.034334 0.033888 0.044177 0.0015132 -0.0021211 0.0021713 0.0047004
0.0042884 -0.00090435 0.004769 0.00092997 -0.011714 -0.027011 0.023625 0.032706 0.015095 0.0076221 0.023728 0.023929 -0.0017307 0.00038388 0.0030266 0.00067803 0.018799 -0.0031226 0.020259 0.0039358 0.14145 0.041749 0.37885 0.11192 -0.15414 -0.085293 0.40338 0.37295 -0.0011795 -0.0029234 0.038762 0.018906 0.0013336 0.00013894 0.018334 0.003516 -0.027949 -0.045723 0.47665 0.087085 -0.0096557 -0.015921 0.36787 0.29268 0.041213 -0.010199 0.091436 0.02464 -0.0017053 0.0013504 0.0052537 0.0013705 -0.028625 -0.0030301 0.082593 0.0088184 0.047949 -0.0014941 0.048659 0.0051834 -0.0073475 -0.00025624 0.010118 0.0010882
0.0064744 0.0014928 0.0089847 0.002362 -0.035588 0.010798 0.051631 0.046998 0.037463 -0.025057 0.064226 0.038627 0.0017211 -0.00035577 0.0025793 0.00062135 0.041939 0.0035545 0.052039 0.0072888 0.03832 -0.020024 0.41578 0.23867 -0.0092861 0.093487 0.53341 0.26136 -0.0022478 -0.0010307 0.021671 0.012036 0.017884 -0.0020994 0.060005 0.0079254 0.18861 0.030308 0.42962 0.091784 -0.13222 0.0086545 0.34795 0.072737 -0.02227 -0.02048 0.038398 0.020725 0.0050199 -0.00034266 0.0080989 0.00074106 0.02459 -0.0053903 0.063722 0.013707 -0.026932 -0.0052777 0.037374 0.0088972 -0.0015692 -0.00032647 0.001934 0.00064514
-0.0025621 9.0938e-05 0.002575 0.00050176 0.035705 0.00016356 0.038538 0.0042545 -0.014915 0.0067491 0.031523 0.013893 0.0012608 0.000704 0.0013004 0.00093918 -0.020188 0.0050195 0.020213 0.0053119 0.32876 0.033788 0.36426 0.057382 -0.01384 0.13788 0.40554 0.34587 -0.0089897 -0.0075284 0.029818 0.05023 -0.024758 0.0039633 0.026656 0.0048523 0.25133 -0.06427 0.4117 0.1036 0.077521 -0.14814 0.23292 0.32591 0.0053599 0.016714 0.028182 0.05149 -0.0037227 -0.00010824 0.0045 0.00060725 0.010636 -0.00081118 0.036409 0.0058536 0.010797 0.00087809 0.010797 0.0015715 0.0021534 -0.0024257 0.0022353 0.0024387
-0.0049343 -0.0027161 0.0059856 0.0027603 0.041322 -0.008136 0.04402 0.0094996 -0.0062911 0.0076211 0.0068338 0.0086161 -0.0004338 0.00092002 0.0056317 0.0063651 -0.010682 -0.015425 0.010946 0.015425 0.48632 -0.012787 0.51092 0.11028 -0.09684 0.096107 0.10305 0.10205 -0.0045008 0.0049235 0.0057454 0.0058222 0.013585 0.019233 0.016832 0.024325 0.30037 0.031844 0.37191 0.17133 0.050589 -0.095759 0.27739 0.28656 -0.0030117 0.0024592 0.01001 0.0074404 -0.0012374 -0.002268 0.0019058 0.0050904 0.043427 0.001757 0.046978 0.0066995 -0.0032194 -0.00030429 0.09369 0.034045 0.0019512 -0.004173 0.0046675 0.004173
-0.0023371 -0.0048415 0.002902 0.0055468 0.035874 0.023354 0.042276 0.046183 -0.026154 0.054471 0.02959 0.067336 -5.8267e-05 0.0020252 0.0028299 0.0058945 0.012813 0.012422 0.014405 0.014759 0.19721 0.064419 0.27862 0.2142 -0.068805 0.14204 0.14141 0.47615 -0.036946 0.0062486 0.071255 0.01969 -0.0080769 -0.0053504 0.013586 0.0092346 0.31359 -0.0034883 0.39962 0.29095 -0.099615 -0.0059014 0.24359 0.34153 0.012786 0.012303 0.059653 0.019478 0.0030608 0.0024046 0.00593 0.0029054 0.037004 -0.014319 0.039467 0.021942 -0.0055462 -0.0202 0.026322 0.032918 -0.00024415 0.00038017 0.011769 0.0017239
0.0024535 -0.0018493 0.0042594 0.0018533 0.0051875 -0.024963 0.059644 0.039885 0.0019485 0.0095175 0.051143 0.031295 0.0030443 -0.0018105 0.003892 0.0023715 -0.002363 -0.00054843 0.0060378 0.0027194 0.18714 0.11704 0.40775 0.17692 -0.058528 -0.025034 0.3828 0.34708 -0.035099 0.0139 0.066906 0.024983 -0.0025768 0.0010791 0.0051052 0.0017411 0.26003 -0.00077954 0.42763 0.066898 -0.23917 0.1107 0.31238 0.13377 0.05675 -0.015934 0.11037 0.027154 -0.0018221 0.0020194 0.0024102 0.0021665 0.03033 -0.00072033 0.083662 0.021157 -0.021518 -0.0012878 0.03447 0.0082054 0.0052832 -0.00032046 0.0094517 0.0015216
0.00033052 -0.0013592 0.00048903 0.0013592 0.014972 0.0035715 0.080118 0.013172 -0.018842 0.01548 0.030631 0.035905 -0.0022355 -0.0012306 0.0029567 0.0017214 0.0085558 -0.012096 0.0089256 0.012096 0.20711 -0.048444 0.55006 0.19153 -0.09442 0.016547 0.25803 0.38781 -0.056107 -0.016288 0.058625 0.029256 -0.012141 -0.019563 0.022733 0.025527 0.17439 -0.0024942 0.34054 0.26728 -0.052877 -0.10772 0.26676 0.23688 -0.0074129 0.0044168 0.017639 0.022806 -0.0033131 -0.00018129 0.0048178 0.0045327 0.030371 -0.045079 0.033447 0.051515 -0.018028 -0.019418 0.03262 0.029043 -0.0019728 -0.0027317 0.002215 0.0034532
-0.0065495 -0.0065813 0.011707 0.0067064 -0.01988 0.00068485 0.020117 0.011066 0.022948 0.0045112 0.052899 0.017332 0.0031248 0.00024038 0.0031248 0.0011152 0.006169 0.0014263 0.02172 0.066616 -0.04577 -0.078751 0.12843 0.18087 0.40671 0.10574 0.43213 0.25779 0.00092845 0.00081552 0.00092845 0.00081552 0.00067332 -0.0027162 0.008142 0.0068072 -0.12279 0.035008 0.12368 0.11125 0.46871 -0.0089761 0.46871 0.10363 0 0 0 0 -0.0012746 -0.0032468 0.0017563 0.0038804 0.0042212 -0.014395 0.011358 0.014446 0.063194 -0.00043379 0.063194 0.0042089 0 0 0 0
-0.00040948 0.00013863 0.00072211 0.00042574 -0.022472 -0.003699 0.022472 0.0046274 0.012414 0.0010607 0.030777 0.014745 -3.1865e-05 -0.0029028 0.001414 0.0059432 -0.0073913 -0.034459 0.0073913 0.034459 0.15065 0.0058305 0.1932 0.24017 -0.078293 0.047175 0.31198 0.16406 0.0091202 0.015108 0.011504 0.022792 0.0019703 0.014966 0.015051 0.051128 0.3093 -0.088404 0.35487 0.47446 -0.11142 -0.050628 0.49542 0.10101 0.0055061 0.0026383 0.006738 0.0035654 -0.0051255 -0.0033087 0.0073409 0.0071873 -0.003539 -0.022455 0.086825 0.04935 0.022847 0.0079296 0.05511 0.034902 0.0012727 -0.0011411 0.0015786 0.0024734
-0.003508 0.00038917 0.0035144 0.00050145 0.038227 -0.0025349 0.043382 0.0031578 -0.014348 -0.0025255 0.033116 0.0083788 0.0021662 -0.0016221 0.0021876 0.0035599 -0.025922 0.0055956 0.02811 0.0074154 0.30105 0.07395 0.41343 0.084411 0.031187 0.16019 0.33314 0.40363 -0.0071397 0.011656 0.02312 0.052691 -0.017637 0.000976 0.029204 0.0049576 0.16132 -0.1014 0.36698 0.12033 0.17023 -0.17193 0.23158 0.33263 -0.00042629 -0.0013509 0.037892 0.054501 -0.0018853 -0.00026837 0.0040959 0.0004171 0.010397 0.0017456 0.033231 0.0042202 0.013195 0.0010793 0.013195 0.0016583 0.00034608 -0.0016539 0.00081504 0.0017175
-0.0040053 -0.001689 0.0054922 0.0017108 -0.014048 0.0058941 0.062274 0.050411 0.026057 -0.022186 0.051324 0.03223 -0.00086462 0.00028722 0.006417 0.00078514 0.0074639 6.6874e-05 0.048754 0.010308 0.085266 -0.0035177 0.49433 0.18506 -0.033601 0.044927 0.48521 0.17999 0.013436 -0.0080224 0.044804 0.015243 0.016384 0.00059729 0.059607 0.0079796 0.17109 -0.0034975 0.49888 0.055943 -0.19864 -0.048565 0.29173 0.060541 0.01942 -0.012722 0.025185 0.014888 -0.0016464 0.00014174 0.0059718 0.001148 0.013877 -0.0054079 0.068916 0.030555 -0.0238 -0.01466 0.047294 0.019638 0.0022547 0.00022695 0.0022562 0.00044302
-0.0040636 0.0028952 0.013476 0.0058822 0.0095808 0.028033 0.022447 0.046182 0.012041 0.038175 0.036246 0.062418 0.0046995 0.0011008 0.0089171 0.0046738 -0.0082498 -0.037145 0.026859 0.038218 0.081313 -0.17804 0.20136 0.2513 0.19742 -0.049213 0.4618 0.2514 0.030252 -0.014825 0.040379 0.01567 -0.00068864 0.016082 0.0079243 0.017247 -0.041982 0.13353 0.23174 0.17518 0.30026 0.099555 0.44743 0.32596 0.0090779 -0.0085905 0.037506 0.019626 0.00098459 0.00064413 0.001694 0.0032464 0.041963 0.021129 0.077732 0.031817 0.0078869 0.004791 0.013105 0.0096627 -0.0054624 0.0028971 0.0076452 0.0036277
-0.00028748 0.00032202 0.00030054 0.0003668 -0.00052093 0.0017041 0.0031851 0.0025481 0.024535 0.0035961 0.070601 0.046323 0.0012073 0.00027721 0.0047661 0.0014087 -0.001938 0.0013604 0.002261 0.0014434 -0.011909 0.010758 0.014938 0.019055 0.16345 -0.080426 0.62239 0.33402 0.021113 0.00080205 0.026951 0.0061848 -0.0038254 0.0027118 0.0046172 0.0028093 -0.016476 0.0085592 0.01992 0.016956 0.13301 0.075115 0.4947 0.42174 0.022611 0.0019706 0.029516 0.0076542 -0.00097708 0.00096307 0.0021325 0.0011959 -0.00056565 0.0027265 0.0032785 0.0037732 0.014867 0.013149 0.087811 0.037322 0.0034485 -3.7782e-05 0.0039097 0.00099807
0.002297 0.0006619 0.0054986 0.0013342 0.017848 0.0074267 0.041352 0.014411 -0.0024854 0.0024657 0.05185 0.014365 0.0029761 -0.0017562 0.0034941 0.0018646 -0.0018663 -0.027652 0.016888 0.029355 0.24659 -0.020623 0.4377 0.089109 -0.091987 -0.038444 0.57096 0.096763 0.020701 -0.0048312 0.020838 0.0049135 -0.0025895 -0.0048563 0.0040174 0.0088871 0.1791 -0.047536 0.46852 0.12077 -0.034443 -0.1301 0.27129 0.14298 0.015417 -0.0042714 0.022909 0.0063162 -0.0021735 0.0020028 0.0030615 0.0020437 0.014238 0.012638 0.058475 0.014942 0.0062589 0.0090108 0.0067145 0.010294 0.00053804 0.0016043 0.0049192 0.0019267
-0.007443 -0.0088999 0.0085348 0.010339 0.026986 -0.032186 0.032485 0.051377 0.08877 -0.086461 0.08877 0.086461 0 0 0 0 -0.011087 0.0017684 0.030049 0.019223 0.013833 -0.0583 0.073654 0.13522 0.34557 -0.076163 0.50779 0.24303 0.086609 -0.050016 0.086609 0.050016 -0.012351 0.0084907 0.02296 0.039469 0.0065935 0.17246 0.18442 0.27078 0.30687 0.070665 0.42537 0.18576 0.02056 -0.019887 0.05458 0.026244 -0.00063664 -0.0038337 0.0024958 0.0051569 -0.0053974 -0.040898 0.016666 0.046681 0.041524 -0.018564 0.08593 0.021258 -0.00011181 -0.0029087 0.0042715 0.0033868
0.0019643 -0.0015697 0.0051696 0.0021438 0.029974 -0.0084227 0.057669 0.013207 0.0011372 -0.0031545 0.037688 0.04 0.011198 -0.011408 0.011198 0.011408 -0.014843 -0.025991 0.017297 0.026123 0.46139 0.026682 0.52921 0.13476 -0.090835 0.079807 0.093645 0.079807 0.0034717 -0.0031422 0.044049 0.032712 0.011758 0.018598 0.018771 0.038924 0.33358 0.0081428 0.37558 0.22207 -0.006066 -0.054043 0.27197 0.22394 -0.0047687 0.0033709 0.0095389 0.007144 -0.0039601 0.0053944 0.007016 0.0059233 0.017146 0.0034838 0.065969 0.01194 0.0085197 -0.0070079 0.091317 0.027089 0.0029598 -0.0014706 0.003047 0.0015794
0.0053518 -0.0026892 0.014246 0.0026892 -0.00055645 -0.0068133 0.052568 0.036424 0.0081954 0.017691 0.075433 0.030066 0.0011856 -0.0025568 0.0019302 0.0025568 -0.008691 0.011228 0.071858 0.0164 -0.076388 -0.13867 0.56124 0.2049 0.20412 -0.0086186 0.29689 0.14052 0.0030892 -0.0024957 0.015921 0.021177 -0.028856 0.018109 0.044201 0.025735 -0.038293 0.2076 0.3164 0.38439 0.12133 0.0053692 0.29165 0.20663 0.013534 0.0033918 0.06264 0.031883 -0.00014779 0.0001067 0.0002279 0.00017845 -0.023994 0.0040469 0.024835 0.0061234 -0.0036045 0.0072041 0.067705 0.026457 -0.00079123 -0.0044113 0.0065887 0.0099014
0.0001771 0.00039834 0.00036982 0.00089158 0.053923 0.012003 0.05422 0.013344 -0.024356 0.034496 0.045122 0.056064 0.00010838 0.00060709 0.00026521 0.00069674 0.0012665 0.0047558 0.0012665 0.0047558 0.085014 -0.013398 0.090852 0.063714 0.056088 -0.18123 0.28845 0.4967 -0.012805 0.0072784 0.013011 0.011377 0.00012939 0.0015064 0.00043107 0.0015983 0.0040987 0.0079909 0.015319 0.012666 0.29722 0.12914 0.45022 0.52207 -0.078776 0.010601 0.078816 0.029024 -0.00016534 3.0893e-05 0.00018908 0.00010427 -0.00060831 -0.00066894 0.00085601 0.00066894 0.038499 -0.016322 0.056697 0.037471 -0.0089091 -0.00055686 0.0089494 0.0043495
-0.00018178 0.00021075 0.00018471 0.00024552 0.0009071 0.00028079 0.0020108 0.0019017 0.017704 0.00087071 0.060127 0.0097727 -0.0059043 0.001614 0.0059498 0.0016952 -0.0011649 0.00019392 0.0020673 0.00080524 -0.0024885 0.012821 0.015399 0.018497 0.21871 -0.00075677 0.3406 0.078235 -0.08902 0.01157 0.089648 0.014854 0.0016899 0.0021778 0.0052226 0.0023512 -0.068283 0.3164 0.55259 0.44656 0.18755 0.040031 0.33707 0.094028 -0.093581 0.014814 0.093733 0.018594 0.00012582 -7.0321e-05 0.00024978 0.00058159 -0.022896 0.0098254 0.11718 0.06551 0.026398 -0.0011514 0.047465 0.011372 -0.010072 0.00087562 0.010072 0.0012461
0.00031145 0.0010558 0.00065954 0.0011271 -0.0084543 -0.0068201 0.060522 0.0097827 0.042741 -0.0093355 0.057598 0.023264 0.0075187 -0.0094345 0.008757 0.011027 0.0040339 -0.00082681 0.0063427 0.0054049 -0.096441 -0.17019 0.1557 0.17405 0.40959 -0.0035457 0.48017 0.12403 -0.0066897 0.0092232 0.013807 0.015079 -0.0089048 -0.0087861 0.021932 0.024148 0.066189 0.093807 0.13861 0.23999 0.37244 -0.0019813 0.42551 0.24507 -0.01279 -0.0025946 0.023378 0.019144 0.0095435 0.0031048 0.0096054 0.0042011 -0.019917 0.033437 0.031076 0.035745 0.045548 0.0052907 0.065852 0.0085675 -0.0095318 -0.00049239 0.011892 0.0025781
0.00090325 -0.0013624 0.0020942 0.0048854 0.0075106 0.002905 0.060258 0.030622 0.0552 -0.014791 0.055979 0.014904 0 0 0 0 0.0016306 0.0041402 0.01231 0.010675 -0.12792 0.11135 0.22009 0.16882 0.43171 -0.073308 0.58649 0.13774 0 0 0 0 0.0087246 -0.0023486 0.0087544 0.012071 -0.0015552 -0.047984 0.079722 0.14691 0.18359 -0.086338 0.39325 0.31518 0.0034607 -0.033297 0.0052602 0.033297 -0.00022502 -0.0015435 0.00038508 0.0016564 -0.0015842 -0.0041379 0.0029433 0.0055411 0.0014925 -0.0031702 0.0015909 0.003206 0.00039697 -0.00073818 0.00039697 0.00074114
0.0015447 0.00033275 0.0018842 0.00068403 -0.0092234 0.0016065 0.068208 0.018905 -0.004354 0.0040074 0.070948 0.018993 0.0056563 -0.0018258 0.0075271 0.0018333 0.024408 -0.014036 0.037043 0.018541 -0.30987 0.027632 0.33361 0.055417 0.17727 0.0063705 0.60195 0.091396 0.033092 -0.0059546 0.038418 0.0065598 -0.0047109 6.2672e-05 0.084873 0.058065 0.01742 -0.06216 0.30216 0.33429 0.012927 0.078283 0.34565 0.12068 0.021864 0.0003839 0.02844 0.0036237 0.0019796 -0.0012374 0.003846 0.0035869 -0.014765 0.030979 0.041076 0.053365 0.015007 -0.0043552 0.067749 0.028699 0.0040584 0.0010159 0.0045617 0.0012409
0.00044621 8.6526e-06 0.0014397 0.00021011 0.022663 -0.00483 0.022704 0.011348 0.0074093 0.005174 0.075728 0.059875 4.9406e-05 7.1919e-05 0.00013854 0.00011001 0.0040311 5.6373e-05 0.012489 0.0027272 0.06151 -0.0088899 0.062217 0.026593 0.070236 -0.25978 0.43948 0.411 -0.0040583 -0.0010075 0.0053769 0.0044836 0.0038738 -0.0018499 0.01421 0.003049 0.0050422 -0.015977 0.014368 0.016598 0.27781 0.22466 0.41544 0.47504 -0.066592 0.012174 0.066757 0.034812 9.9034e-05 -0.00041758 0.0015026 0.00049376 -0.0015621 -0.0059931 0.0024147 0.0059931 0.02812 -0.045241 0.053915 0.056347 -0.0053305 -0.0050733 0.005395 0.0051749
0.0012733 2.279e-06 0.001452 0.00019985 0.058017 0.0044589 0.058017 0.0058305 0.0292 0.001732 0.0292 0.0033243 0 0 0 0 0.011972 0.0047094 0.012469 0.0047562 0.52228 0.084709 0.52437 0.087858 0.048642 0.012764 0.048642 0.018693 0 0 0 0 0.0041389 0.0038421 0.0044093 0.004591 0.33963 -0.026213 0.44927 0.15281 0.18759 -0.039927 0.18759 0.041262 0 0 0 0 0.0037007 0.0032755 0.0037414 0.0033979 0.0099477 -0.0059476 0.048623 0.013937 0.052564 -0.0014769 0.052667 0.003036 0 0 0 0
0.0053293 0.00095184 0.0053293 0.0011393 -0.018553 -0.0027162 0.023229 0.0071038 0.020774 0.01435 0.097759 0.032561 -0.00028457 -0.00055336 0.00068537 0.00070048 0.029974 0.0051306 0.03038 0.0091201 -0.13864 -0.018011 0.159 0.036063 0.1558 -0.088259 0.53865 0.31869 0.00091281 -0.0020825 0.0031032 0.0020825 0.028474 -0.00011896 0.028624 0.0041555 -0.13856 -0.0002103 0.16702 0.055163 0.12317 0.11867 0.5795 0.29366 0.0019441 -0.0011079 0.0027957 0.0029414 0.0040386 0.00089463 0.0041141 0.0013735 -0.0093138 -8.7195e-06 0.037981 0.010359 0.0062596 -0.019707 0.09117 0.048635 -1.7178e-06 -0.0001265 0.00062195 0.00026645
6.9775e-05 0.0036582 0.00037789 0.0047044 0.031444 0.047799 0.035805 0.055973 0.027509 0.022264 0.056563 0.024562 0.00037394 7.0251e-05 0.00075728 0.00081037 0.013122 -0.00078356 0.013677 0.025259 0.096257 0.044332 0.27675 0.17898 0.21258 -0.089557 0.34381 0.099702 -0.017957 0.0012248 0.021943 0.0043818 0.048755 0.036172 0.049062 0.036172 0.20855 0.077549 0.43827 0.30512 -0.096346 0.0030443 0.5366 0.16738 -0.037875 -0.0023076 0.063255 0.0085935 -0.0014644 -0.00086654 0.0044207 0.0028257 0.012821 0.0080306 0.075028 0.043193 -0.0042615 -0.019741 0.051247 0.019741 -0.0057339 -0.00077743 0.011106 0.00087211
0.00052401 -1.1453e-05 0.00052514 0.00021851 0.03677 -0.023928 0.063137 0.057954 -0.0068915 0.033285 0.053609 0.046142 -0.0029597 0.0080852 0.0032604 0.008101 0.0095912 0.0038866 0.0095912 0.0038866 0.28653 0.080058 0.28653 0.23411 -0.010953 0.10868 0.3427 0.49477 0.028249 -0.022896 0.050482 0.045382 0.014774 0.0032732 0.014774 0.0034681 0.22523 -0.097209 0.22523 0.15212 0.10368 -0.22539 0.32127 0.26739 -0.031971 0.018789 0.047394 0.05996 -0.0015457 0.0078525 0.0037985 0.0079716 0.0042194 0.0096165 0.01008 0.011484 0.005644 -0.0058878 0.006978 0.00902 0.0010375 -0.0034608 0.0025542 0.0035089
0.0010202 0.00089585 0.0011071 0.0012369 0.024191 0.010099 0.026197 0.011226 -0.012666 -0.005689 0.024585 0.0070938 0.0049693 -0.002365 0.006163 0.0025475 0.037972 0.021461 0.038017 0.021461 -0.094564 -0.037273 0.15911 0.088894 0.15665 -0.0027728 0.52907 0.29798 0.021505 -0.0081342 0.022208 0.0085787 0.024238 0.010478 0.025676 0.010596 0.016709 -0.0096174 0.31329 0.12636 -0.03441 0.044576 0.57744 0.29262 0.009479 -0.0050843 0.009479 0.0051873 0.00069 0.00065099 0.0018327 0.001142 0.040603 0.02824 0.071303 0.058934 -0.051119 -0.0021629 0.05781 0.021643 0.0007969 -0.00029311 0.00079963 0.00037882
0.00054347 0.0001246 0.00066385 0.00040656 0.021728 0.0031091 0.086165 0.027603 -0.0090797 0.013164 0.010442 0.013894 0.0013117 0.0026362 0.0026695 0.003945 0.0089901 0.023745 0.011028 0.024498 0.35442 0.074102 0.40619 0.30245 -0.055397 0.22838 0.115 0.47534 0.010342 0.030107 0.013521 0.043579 -0.0036699 0.0027778 0.014149 0.011505 0.38198 -0.034291 0.38356 0.03884 -0.0042834 -0.0004346 0.013522 0.01499 -0.00097348 -0.0011111 0.0033818 0.004005 -0.0064751 0.0032243 0.0066606 0.003252 0.060649 -0.0055188 0.062582 0.0065052 -0.0028533 -0.00054882 0.0029421 0.0011672 0.00016461 -0.00011903 0.00020649 0.00016479
0.0002132 -0.00032018 0.00084252 0.0029888 0.036568 -0.017626 0.041064 0.058836 -0.020465 -0.027691 0.077132 0.051715 0.0038161 0.0013488 0.007107 0.008028 0.0018933 0.0063485 0.0024045 0.0063485 0.2013 0.049784 0.36192 0.23243 -0.11054 0.082225 0.36135 0.37611 0.034406 -0.0036287 0.059072 0.085273 0.0028979 0.0053248 0.0028979 0.0053248 0.20982 0.032227 0.33167 0.30813 -0.13664 -0.033651 0.27349 0.30137 0.040563 0.0045724 0.056083 0.038475 0.00012033 0.00024714 0.00021628 0.00037707 0.011888 -0.0054144 0.07359 0.016779 -0.0065805 0.021691 0.026426 0.054247 0.0068513 0.0017817 0.016374 0.0067574
0.0021594 -6.542e-05 0.002179 0.00050102 -0.013206 0.0023019 0.068312 0.032401 0.023549 -0.021202 0.049885 0.02565 -0.0073716 0.00024917 0.0088732 0.00044791 -0.028147 0.0033709 0.047355 0.0099447 0.16952 0.0058977 0.57512 0.16027 -0.056313 -0.010169 0.41513 0.15529 -0.024892 -0.00075298 0.043697 0.017092 -0.05966 0.0047952 0.063067 0.005965 0.15172 -0.012303 0.48277 0.11076 -0.16134 -0.1003 0.24552 0.11975 0.031371 0.0074191 0.04912 0.012065 -0.0042308 0.00072726 0.0069828 0.0032818 -0.016612 0.0012974 0.05886 0.042589 0.01522 0.023429 0.038162 0.024105 0.003512 0.0016694 0.0046028 0.0020228
-0.0081656 -0.0051549 0.0097597 0.0076618 0.003034 0.0074199 0.008148 0.024106 0.011664 -0.011297 0.013269 0.025997 0.0070672 -0.0025981 0.011007 0.0066275 -0.034851 0.0029829 0.084762 0.04603 0.12526 0.1696 0.15438 0.26711 -0.016935 0.24342 0.25688 0.35932 0.059064 0.022513 0.076553 0.036104 0.0018431 -0.032194 0.015612 0.049487 0.092878 -0.22437 0.24617 0.28221 0.24923 -0.083166 0.45425 0.2925 -0.0095729 -0.022194 0.061962 0.025556 -0.00086528 0.0025708 0.0016409 0.0026438 -0.0097455 0.020647 0.044663 0.022171 0.047276 0.0018809 0.075452 0.042262 0.0036922 -0.001153 0.0056098 0.002864
-0.00035854 -0.00030706 0.00072353 0.00071925 0.0054488 -0.0052343 0.0067972 0.0060558 -0.021714 0.012706 0.080298 0.023537 -0.0001072 2.2764e-06 0.00031249 0.00017791 -0.0016177 0.0021881 0.0019389 0.0022261 -0.0024948 0.0098083 0.011607 0.012904 0.003233 0.053758 0.57006 0.11439 0.0014819 0.0069614 0.0022018 0.0071608 -0.002267 0.0016298 0.0023127 0.0016298 0.21434 0.16714 0.27426 0.24473 -0.108 0.12064 0.58736 0.21142 -0.035934 0.013226 0.036585 0.013226 -0.00029851 0.00039398 0.00029851 0.00040704 0.066335 -0.020824 0.067911 0.033282 -0.035171 0.00052347 0.098325 0.031867 -0.013117 0.0038235 0.013276 0.0038235
0.0019251 -0.00071466 0.0019317 0.00084776 0.014656 0.003671 0.028188 0.011721 0.056827 0.0076081 0.056827 0.0081791 0 0 0 0 0.0048986 0.0040734 0.0049258 0.0043428 0.44432 0.088138 0.46303 0.13375 0.081369 0.025051 0.081369 0.031367 0 0 0 0 0.0066219 0.0015798 0.0076431 0.0028943 0.50033 -0.10138 0.50595 0.12288 0.025083 -0.0057619 0.025083 0.011928 0 0 0 0 0.0010285 0.00025441 0.0010403 0.00052841 0.049693 -0.0011037 0.051567 0.0061812 0.02665 -0.0025051 0.02665 0.0031311 0 0 0 0
-0.0053891 -0.0013116 0.0053891 0.0013206 0.026192 0.0096097 0.028112 0.01036 0.065343 0.01018 0.065343 0.010839 0 0 0 0 0.01259 0.0044983 0.043446 0.013436 0.43313 0.11765 0.43386 0.12085 0.11776 0.036933 0.11776 0.045013 0 0 0 0 0.02446 0.0095953 0.031762 0.013835 0.43765 -0.16137 0.52302 0.16976 0.094262 -0.029731 0.094262 0.032598 0 0 0 0 -8.4865e-05 -0.00052015 0.0018957 0.0013909 0.021287 -0.004598 0.032584 0.014228 0.064979 -0.0071381 0.064979 0.0078337 0 0 0 0
-0.00026053 -0.00030829 0.00027181 0.00030829 -0.00093123 -0.0011812 0.0015015 0.0036211 0.034333 -0.020343 0.074571 0.059779 -0.0069197 -0.0023893 0.0071379 0.0049911 -0.0016847 -0.00357 0.0016847 0.0035916 -0.0087637 -0.0251 0.026621 0.033771 0.34719 -0.01935 0.4485 0.48076 -0.086664 0.02444 0.089018 0.044549 0.0012656 0.0032488 0.0030141 0.0073542 0.02064 0.035617 0.049707 0.12358 0.1493 -0.12049 0.36887 0.46646 -0.016198 -0.039542 0.019465 0.040838 -0.00065441 -0.0043937 0.0011041 0.0053882 -0.0051413 -0.02345 0.0068181 0.027441 -0.00086534 -0.00067901 0.0025145 0.0073734 -0.00011563 0.00044031 0.0002917 0.00055703
0.00020742 -0.0001673 0.00030101 0.0002715 0.0087116 -0.0030066 0.054889 0.014007 -0.022757 0.020476 0.032027 0.024883 0.00065907 -0.0010845 0.0006594 0.0010845 0.0052482 -0.0058662 0.0052482 0.0058662 0.064997 0.014843 0.48596 0.1315 -0.10506 -0.016629 0.28995 0.26658 0.001936 -0.0037853 0.00632 0.011195 -0.009231 -0.021593 0.022339 0.021818 0.093004 1.9368e-05 0.50812 0.29246 -0.06387 -0.0077056 0.36932 0.25655 0.0012827 -0.009951 0.008011 0.011552 0.0042475 0.0014191 0.0068949 0.0068904 0.024299 -0.0080691 0.032182 0.029007 -0.040743 0.00015925 0.048109 0.047781 0.00017245 -0.0013039 0.0017876 0.0045744
-2.8056e-05 -0.00022117 0.00012588 0.00057705 0.0010417 -0.0013504 0.0027409 0.0021765 0.04588 -0.01599 0.12682 0.017025 0.00012716 -4.5513e-05 0.00029627 0.00030536 -0.011265 0.0098484 0.012091 0.010463 0.015133 -0.00070817 0.019507 0.01189 0.33349 0.011053 0.64475 0.12874 -0.0063575 0.01985 0.0082955 0.020368 -0.029579 0.025497 0.040502 0.026715 0.037553 0.14608 0.058873 0.16083 0.31349 0.095127 0.34573 0.37768 -0.0093206 0.019718 0.014849 0.051999 0.0015689 0.0015571 0.0049809 0.0019144 -0.011068 0.0055728 0.021364 0.0096498 0.053805 0.0026149 0.054483 0.0043436 -0.00017352 -0.00015307 0.00029799 0.00018201
-0.0036812 -0.00111 0.0036961 0.010036 -0.021279 -0.019756 0.028747 0.16351 -0.017815 -0.028666 0.052976 0.15942 -0.0030223 0.00046275 0.0049782 0.00085676 -0.031401 -0.058768 0.031401 0.058768 0.077563 -0.089032 0.22851 0.41658 -0.016043 -0.015516 0.29977 0.39609 -0.011241 -0.018438 0.020109 0.026407 0.0019552 0.0055522 0.024676 0.017943 0.27803 -0.0047403 0.35474 0.19001 -0.10469 0.15529 0.2627 0.30959 -0.0066951 0.02013 0.0095315 0.022736 -0.00026304 0.0018569 0.0029531 0.0018682 0.016238 0.012832 0.026136 0.017426 0.010697 0.0019683 0.025249 0.035602 -0.00080199 -0.00015798 0.0016943 0.0014723
-0.0026154 -0.004889 0.0039578 0.0049017 0.0064506 -0.036287 0.075787 0.042689 0.012643 -0.0062673 0.017762 0.011614 -0.00066643 -0.002261 0.0065354 0.0032326 0.001209 0.0063822 0.025545 0.028499 0.24843 0.13935 0.45449 0.22879 0.099636 0.21958 0.1972 0.22993 -0.010136 0.02975 0.029508 0.040579 0.01197 0.0059996 0.013074 0.011889 0.31177 0.029957 0.61553 0.089417 0.0017919 -0.0059151 0.013901 0.006895 -0.010551 -0.001829 0.018265 0.0059184 0.0046902 0.0010899 0.004732 0.002208 0.031137 -0.0093469 0.084893 0.012779 0.0038128 -0.01228 0.0069171 0.019978 -3.711e-05 0.00088394 0.0016772 0.004203
-0.00067805 -2.6329e-05 0.0017662 0.0006592 0.001534 0.0026835 0.0019598 0.0028316 0.041629 -0.02197 0.064369 0.053751 -0.010392 -0.0028277 0.010519 0.0075921 0.0013219 0.00020407 0.014642 0.003271 0.013425 0.0071172 0.016794 0.0086485 0.34678 0.031168 0.50648 0.33719 -0.073573 0.010672 0.07462 0.070153 0.0029489 0.00031985 0.014334 0.0024307 0.011499 0.0031071 0.011836 0.0083528 0.30538 -0.065179 0.42581 0.43598 -0.053039 -0.018858 0.069598 0.032899 0.00071078 -0.00028513 0.0020253 0.00030707 0.00072649 -0.0014859 0.0014893 0.0020187 0.0216 0.026165 0.024917 0.038951 -0.001958 0.0081023 0.0072847 0.013007
0.00022024 -0.00019608 0.00042522 0.00086899 0.013257 -0.0002956 0.013375 0.0022853 0.038001 -0.02952 0.049226 0.03022 0.00027558 5.9957e-05 0.00027558 0.00027558 0.0027772 1.836e-05 0.0031605 0.0018503 -0.0063187 -0.073418 0.10068 0.082475 0.28598 -0.096918 0.5129 0.10656 0.001052 -0.00076839 0.001052 0.00088443 -0.002399 -0.0063392 0.007102 0.0069073 -0.035124 -0.044888 0.2136 0.11978 0.37026 0.035845 0.61798 0.083848 0.00087762 0.0006278 0.00099366 0.0011097 0.00059682 -0.00083985 0.0027913 0.0037517 -0.01804 -0.010312 0.025794 0.016068 0.081413 0.013984 0.083108 0.01436 4.0776e-05 2.7436e-05 0.000303 0.00014302
0.00075451 -0.00043053 0.0007673 0.00060162 0.014886 0.0071148 0.015041 0.0072431 0.061377 0.029343 0.061377 0.029362 2.2472e-05 1.0598e-05 2.2472e-05 1.6535e-05 0.0050777 0.00058149 0.0095412 0.0040083 0.46326 0.11657 0.46488 0.12451 0.072196 0.02948 0.072196 0.033656 0 0 0 0 0.0045173 0.0022544 0.0054279 0.0067984 0.39986 -0.14827 0.50976 0.1652 0.11777 -0.029672 0.11777 0.035263 0 0 0 0 -0.00012159 -0.00087082 0.0012279 0.0013933 0.062572 -0.0078095 0.11431 0.020188 0.025967 0.003443 0.025967 0.0040542 0 0 0 0
-0.00039007 -0.0013586 0.00066297 0.0013595 0.0037361 -0.017221 0.0068736 0.017348 0.037159 -0.021368 0.11731 0.022994 0.00059561 -0.00044986 0.00059561 0.00050577 -0.013858 0.015546 0.020418 0.026684 -0.022985 0.022168 0.041283 0.037238 0.30269 -0.0072669 0.60696 0.15972 0.0033776 0.0087579 0.0074311 0.011674 0.019294 -0.0053284 0.020205 0.011225 -0.065015 0.19904 0.21458 0.21468 0.34161 0.10448 0.38467 0.25556 0.0098496 0.035388 0.010027 0.036859 0.00047806 0.00060743 0.0015911 0.00062105 -0.017302 0.014838 0.061873 0.015588 0.055119 -0.00024829 0.058431 0.001897 -3.0705e-07 -7.5557e-05 0.00035511 9.9272e-05
-0.007026 -0.0025388 0.013606 0.0054147 0.0047251 -0.0052615 0.06028 0.040146 0.0074201 -0.012631 0.032008 0.037498 0.0019557 -0.0026422 0.00216 0.0028017 -0.0087978 0.0042959 0.086368 0.023474 -0.14975 -0.11792 0.52349 0.2376 0.2536 -0.02847 0.26904 0.08652 -0.010894 0.014591 0.015084 0.019961 -0.036813 0.019938 0.050443 0.031698 -0.011463 0.14975 0.33585 0.40833 0.085476 0.071825 0.27888 0.25547 0.0034595 -0.020422 0.027293 0.021789 -0.00081777 0.0034451 0.0017139 0.0034636 -0.010005 0.02982 0.014961 0.030103 -0.003519 0.038382 0.032422 0.03866 -0.0060405 -0.0021802 0.010263 0.0043601
-0.0088007 -0.0085337 0.0089927 0.0088233 -0.023609 0.011467 0.025718 0.021118 0.0018935 -0.011577 0.0061406 0.018766 -9.4335e-05 -0.0028156 0.00024541 0.0031702 -0.0032691 -0.00093253 0.0043316 0.0044522 -0.037145 -0.044411 0.10281 0.094978 0.098859 0.12074 0.50328 0.32961 -0.0016808 0.0081463 0.0045507 0.022896 -0.001106 -0.0019862 0.001227 0.0020073 -0.034839 0.014676 0.079804 0.029111 0.15546 0.085371 0.705 0.19426 0.0019631 0.0050344 0.0020272 0.0050979 -0.00033022 -0.00037507 0.00033022 0.00037507 -7.9397e-05 -0.00077093 0.013032 0.0030937 0.020763 -0.0099165 0.092323 0.057359 -1.0634e-05 -0.00072088 0.0001108 0.00072088
-0.00016976 -9.0744e-05 0.00049504 0.00018769 0.0012636 0.0019615 0.0042888 0.0033188 0.060241 0.020596 0.060544 0.020718 -0.0024213 0.0016319 0.0024213 0.0016319 -0.0008689 -0.00369 0.0021586 0.0056181 0.38516 0.11826 0.38813 0.12596 0.060608 0.03297 0.060608 0.03637 -0.00022211 0.00017743 0.00022211 0.00017743 0.0033221 0.0015312 0.0037811 0.0053491 0.41761 -0.15609 0.63179 0.1786 0.023857 -0.0078845 0.023857 0.010524 0 0 0 0 -0.00018289 -0.0010961 0.00079799 0.0012335 0.072631 -0.0045355 0.12609 0.026866 0.0041358 0.0018418 0.0041358 0.0021115 0 0 0 0
0.00029525 0.001221 0.00087463 0.0013767 0.049903 -0.012781 0.084395 0.025737 0.061154 -0.046076 0.061154 0.046076 0 0 0 0 -0.0012482 0.0059247 0.010155 0.038317 0.35285 0.13398 0.42075 0.28967 0.24852 -0.12069 0.44945 0.20276 0.0046044 -0.0042744 0.0046044 0.0042744 -0.0067655 0.013132 0.031181 0.028274 0.1695 -0.0041015 0.32187 0.15765 0.064463 -0.055884 0.24563 0.081198 0.062474 -0.049547 0.067963 0.049547 -0.00063141 -0.0049812 0.001341 0.0052753 0.005712 -0.016298 0.060148 0.019856 0.020773 -0.010151 0.034435 0.011873 -7.703e-05 -0.0046313 0.013881 0.0058365
-3.2048e-05 0.00036928 5.4703e-05 0.00036928 -0.00013447 0.0022326 0.00070647 0.0024794 0.026643 0.013064 0.062674 0.063451 -0.0030346 -7.2559e-05 0.0030346 0.0018137 -0.00014107 -0.0016175 0.0010407 0.0020755 -0.0052925 -0.013179 0.0055176 0.013629 0.17151 0.013549 0.55259 0.42063 -0.008027 -0.0037298 0.008027 0.0047849 -0.00082656 -0.0042735 0.00089479 0.0042735 0.0042041 -0.027834 0.018498 0.029526 0.14702 -0.032845 0.57881 0.3311 -0.0007084 -0.00098204 0.0029954 0.0066248 0.00016584 -0.00014251 0.00040859 0.0023138 0.010347 0.0087398 0.010511 0.028282 0.0087495 -0.010532 0.055758 0.06942 4.2176e-06 0.0014244 0.00086548 0.0023159
0.0030616 0.011378 0.0057543 0.014497 0.028555 0.032428 0.029186 0.032534 0.0060627 0.039363 0.11705 0.039363 -0.005603 0.0036667 0.0059001 0.0040621 0.004345 -0.0010106 0.0051027 0.007172 0.43384 0.078506 0.45578 0.10622 0.046069 0.047982 0.092027 0.05208 -0.055457 0.069161 0.055471 0.069161 0.0034102 -0.0022703 0.004046 0.0074071 0.39582 -0.1465 0.52291 0.16449 0.12958 -0.033677 0.12958 0.03823 -5.5083e-05 0.00010329 5.5083e-05 0.00010329 -0.00023755 -0.0011387 0.00095558 0.0014774 0.059208 -0.0072164 0.1156 0.021513 0.029343 0.0054769 0.029343 0.0070891 0 0 0 0
0.00098933 0.0026418 0.00099027 0.0032915 0.016582 0.002482 0.016582 0.033429 0.0038555 0.0017921 0.0049368 0.0098443 -0.00019364 -0.00015885 0.00028682 0.00025199 0.016377 -0.0072403 0.021831 0.093376 0.019923 -0.014979 0.2144 0.57889 0.1373 0.015511 0.16542 0.10795 -0.0098422 -0.015385 0.010178 0.016209 -0.0028012 0.0061181 0.066039 0.075041 0.22202 0.026015 0.55085 0.36294 -0.053668 -0.097703 0.087371 0.16234 0.0039432 0.004979 0.010668 0.021807 0.005314 0.0034225 0.0065431 0.012905 -0.0018465 0.0032419 0.022747 0.035638 -0.012006 -0.019357 0.024141 0.05058 -0.00058502 -0.01022 0.001954 0.010488
0.000329 -2.4378e-05 0.0015392 0.0057585 0.042318 -0.010648 0.044216 0.033192 -0.016112 -0.017133 0.071437 0.076067 -0.0038569 0.0071671 0.0049188 0.0076987 0.0028572 0.0093757 0.0028681 0.0093757 0.27631 0.11856 0.36286 0.14639 -0.086504 0.059246 0.45474 0.30199 -0.035287 0.0092744 0.03772 0.056188 0.0026165 0.005882 0.0032066 0.0064741 0.20834 -0.024679 0.33946 0.13565 -0.048668 0.0052701 0.38993 0.27875 -0.032184 -0.012543 0.037442 0.044107 7.5231e-05 -0.00059587 0.00025887 0.00059587 0.028584 -0.0085047 0.058499 0.019038 -0.0079918 -0.004121 0.073137 0.014231 -0.0041935 -0.00012299 0.0056012 0.006906
-0.0006102 -0.00027666 0.00067507 0.00035098 0.034949 0.0045291 0.058932 0.0084079 0.044761 0.0033078 0.044761 0.003343 0 0 0 0 -0.023158 -0.0066696 0.0233 0.0068989 0.46381 0.1087 0.50253 0.11369 0.084534 0.023051 0.084534 0.026847 0 0 0 0 -0.001249 -0.00016446 0.032621 0.010639 0.4143 -0.1286 0.47899 0.16446 0.11 -0.034025 0.11 0.034578 0 0 0 0 0.0012577 0.00028883 0.003026 0.0014279 0.020158 -0.011896 0.042891 0.017916 0.058923 -0.00080074 0.058923 0.0038339 0 0 0 0
0.0011412 -0.00041846 0.0011412 0.00042049 0.019334 0.0010102 0.020139 0.0034373 -0.004507 -1.7344e-05 0.004871 0.0015833 -0.002855 -0.00010465 0.0049082 0.00075662 0.017323 -0.00034033 0.017323 0.0037672 -0.016687 -0.1713 0.24615 0.17885 0.10909 -0.11645 0.16239 0.13466 -0.019452 -0.0017485 0.035066 0.0038348 0.017348 0.0035515 0.0193 0.0044599 0.072009 -0.003877 0.4682 0.22076 0.016806 -0.10817 0.52704 0.45695 -0.01925 0.0023446 0.042618 0.005004 0.0021157 0.0016826 0.0035917 0.0018256 -0.026555 -0.018969 0.10781 0.033201 0.035121 0.018493 0.1006 0.067074 -0.0043644 -0.00011932 0.0075319 0.0020041
0.00019647 0.0013887 0.000253 0.0013887 0.038312 0.013635 0.0391 0.016791 -0.010285 0.0022817 0.047685 0.034052 0.0027832 -0.0020992 0.0073366 0.0071065 0.0019466 -0.00026912 0.002395 0.0042439 0.20932 0.065935 0.36401 0.1663 -0.043448 -0.013406 0.35631 0.41645 -0.018464 0.0024182 0.033896 0.049998 0.002476 -0.0072605 0.0030073 0.0072605 0.22066 -0.018039 0.27131 0.16364 -0.086744 -0.10548 0.46248 0.27524 -0.035632 -0.026983 0.045902 0.048666 0.00028694 -0.0021183 0.00031038 0.0021183 0.030834 -0.039585 0.038333 0.073623 -0.038462 -0.024797 0.040597 0.024797 0.00017273 -0.0021291 0.00032408 0.0021291
0.00058654 0.00056358 0.00070639 0.0012552 0.024367 -0.0093575 0.039371 0.026868 0.012239 0.030685 0.05431 0.041429 -0.0011328 0.0018459 0.0064632 0.01141 0.0033674 0.0064215 0.023148 0.025853 0.2728 0.11496 0.38564 0.27168 0.035204 0.024489 0.34946 0.46035 -0.068504 -0.013469 0.10054 0.034203 0.00074324 0.014369 0.011868 0.015615 0.23545 0.0078055 0.28741 0.17758 -0.061512 -0.065559 0.27597 0.23341 0.0038111 0.014869 0.096399 0.020116 -0.00081048 0.0013902 0.00083648 0.0013902 0.015105 -0.001594 0.022044 0.014205 -0.00039903 0.011447 0.06916 0.052865 0.0082405 0.0012392 0.0084231 0.0014692
-0.001251 -0.00037462 0.0015941 0.00090625 0.0080566 -0.00068821 0.024511 0.0092687 0.093861 -0.061612 0.094058 0.063763 0 0 0 0 -0.0006873 0.0016077 0.010835 0.031759 0.22617 0.10621 0.24359 0.17462 0.14671 0.0097931 0.50391 0.14762 0.05454 -0.013038 0.05454 0.013038 0.0093969 0.028923 0.037019 0.039985 -0.04861 -0.06485 0.13021 0.14158 0.28845 -0.097233 0.52077 0.30853 0.056911 0.003318 0.056911 0.024773 -0.0046605 -0.0022545 0.0065065 0.0049394 -0.0021378 -0.0030287 0.018782 0.019062 0.0024118 0.0019588 0.021405 0.01466 0.027119 -0.0071562 0.027119 0.0078165
0.0018372 0.002507 0.0018942 0.0033238 0.019806 0.0080432 0.020206 0.0089645 0.062161 0.011772 0.062161 0.012161 0 0 0 0 0.0076367 -0.00031591 0.015553 0.0053975 0.49442 0.099846 0.49585 0.1108 0.057989 0.027171 0.057989 0.0282 0 0 0 0 0.0054674 0.0022712 0.0085037 0.0048071 0.37727 -0.15581 0.44343 0.17126 0.17023 -0.043231 0.17023 0.04579 0 0 0 0 -0.00027106 -0.00078119 0.0009583 0.0017094 0.051129 -0.0099656 0.093274 0.018827 0.041094 0.0062784 0.041094 0.0070329 0 0 0 0
-0.00039515 0.00028299 0.00047235 0.00053539 -0.0109 0.020973 0.023921 0.021864 -0.0050013 0.047977 0.0068038 0.053855 -6.6309e-05 0.0067233 0.00046528 0.0080807 -0.0014279 -0.00044058 0.0020086 0.0019529 -0.024282 -0.079245 0.099617 0.10013 0.19104 0.041144 0.52028 0.27681 -0.017463 -0.0066987 0.018239 0.01353 -0.0027549 -0.00098639 0.0028762 0.0023672 -0.017897 0.024691 0.059307 0.035442 0.18663 0.055852 0.68034 0.24364 0.0020001 0.0043596 0.0024378 0.0043596 -0.00094875 -0.00032923 0.00095891 0.00035245 0.0023261 0.00084046 0.010727 0.0013385 0.03284 -0.012805 0.1017 0.046332 5.4681e-05 7.8992e-05 0.00021754 0.00027443
-0.00053431 -0.0010443 0.0018066 0.0013498 -0.011772 -0.020558 0.013207 0.020647 0.062808 0.0080836 0.07329 0.018203 -0.0016302 0.0015724 0.0017089 0.001632 0.0099302 0.030102 0.027666 0.055047 0.04315 0.086373 0.12313 0.2812 0.32263 0.0055919 0.44571 0.20512 -0.020131 -0.0085416 0.052988 0.031127 0.047068 0.0026606 0.047362 0.019407 -0.14867 0.15043 0.36735 0.17441 0.29297 0.033294 0.45671 0.078893 -0.043751 -0.0056222 0.054231 0.029179 0.0048541 -0.0010358 0.0048751 0.0012567 -0.024746 -0.013772 0.048878 0.018493 0.036537 -0.010899 0.061674 0.014681 -0.0023432 -0.00031449 0.012421 0.0022494
-0.0026516 -0.0030852 0.0036188 0.0043372 0.0121 -0.026711 0.021558 0.03685 -0.048208 0.018135 0.059736 0.02233 0.00030347 -0.00037333 0.00032372 0.00045407 -0.007855 -0.0016743 0.010475 0.0057808 0.00037415 0.0092856 0.016129 0.018185 -0.058664 0.083877 0.5544 0.19668 0.0026652 0.00705 0.0034304 0.0072913 -0.003551 0.0034688 0.0038495 0.0034688 0.10397 0.033692 0.12775 0.058834 0.013974 0.1699 0.66091 0.3393 -0.034178 0.019405 0.036641 0.019405 -0.0012462 0.0010588 0.0012972 0.0010588 -0.0011129 0.0028369 0.0034035 0.0038185 0.03556 0.00203 0.11726 0.040898 -0.010356 0.0043599 0.010689 0.0045639
0.0030267 -0.00099319 0.011638 0.0026711 -0.012706 -0.0045482 0.039265 0.043309 0.040407 -0.0038762 0.041663 0.024731 0.0081197 -0.0074958 0.0081197 0.0074958 -0.0047054 0.012126 0.083484 0.021685 0.26354 0.13997 0.43772 0.26886 -0.050046 0.031024 0.2473 0.14975 0.0036342 -0.0088748 0.016477 0.0091488 -0.031008 0.016619 0.051738 0.035728 0.10283 -0.096985 0.35576 0.29359 -0.084986 -0.090008 0.44744 0.24025 0.0078839 -0.031855 0.028572 0.035827 3.5038e-05 -0.00019882 0.0045675 0.0030353 -0.0061639 0.022992 0.10431 0.085437 -0.032496 -0.01937 0.040386 0.087733 0.0034999 0.0001225 0.0038108 0.0076269
0.0011687 0.0024283 0.0015677 0.0030612 0.010808 0.018551 0.01101 0.018715 0.014011 0.016968 0.016556 0.019979 0.0035923 -0.00024089 0.0064305 0.0045583 0.0044804 0.0041675 0.0045339 0.0071719 -0.045141 -0.087593 0.061972 0.096649 0.36258 0.061921 0.4223 0.18015 -0.028008 0.025961 0.041835 0.05253 -0.0083879 -0.0064336 0.015145 0.012971 0.17047 0.11176 0.25277 0.25242 0.19693 0.083412 0.4356 0.45817 -0.0057595 -0.013612 0.030634 0.03587 0.0027159 0.0035091 0.0042086 0.0046572 0.0068159 0.0027531 0.012267 0.0093393 0.039215 -0.010607 0.049339 0.023983 -0.0027327 0.0078093 0.0074295 0.010155
-0.0093073 -0.0041609 0.012191 0.0072616 0.001292 0.043178 0.044828 0.10098 0.013283 -0.028434 0.18882 0.083629 0.0022947 0.00041388 0.0026364 0.0036164 -0.073168 0.026255 0.083553 0.027515 -0.1969 -0.14993 0.38277 0.25335 0.21148 -0.039727 0.31847 0.17746 -0.0011248 0.0047959 0.0053541 0.010997 -0.12996 -0.021575 0.1393 0.03942 -0.067553 0.10393 0.37735 0.35591 0.10342 -0.094152 0.23734 0.24915 -0.0020404 -0.044866 0.038898 0.046794 -0.015196 0.0052816 0.018997 0.0057255 -0.028995 -0.0064245 0.052623 0.015467 -0.0088986 0.026803 0.050402 0.04732 -0.009306 -0.0038827 0.013053 0.0055936
-0.0014131 0.0010184 0.0015496 0.0011807 0.00012331 0.021752 0.021879 0.022439 0.032041 0.0093206 0.083267 0.024347 -0.0011452 -0.0053155 0.0094257 0.0061886 -0.012327 0.0050989 0.012327 0.0060422 0.22868 0.034336 0.39491 0.11277 -0.15282 0.001104 0.59528 0.29637 0.010625 0.020199 0.051675 0.052877 -0.011749 0.0023856 0.011799 0.0050786 0.21767 -0.037767 0.26862 0.082019 -0.086522 -0.011132 0.36229 0.16296 -0.0067027 0.0021474 0.0067027 0.0030389 -0.0014208 0.00046287 0.0014249 0.00057199 0.015189 -0.0055023 0.029718 0.011481 0.0081511 0.0036474 0.027259 0.0082637 -0.00045951 -0.00051179 0.0010353 0.00082739
0.0005646 -0.00072876 0.0037792 0.0023103 -0.022451 0.00058012 0.068795 0.031944 0.06687 0.010447 0.068133 0.0359 0.014408 -0.0099177 0.014408 0.0099177 -0.033696 0.02444 0.050679 0.027823 0.21481 0.11942 0.34178 0.2629 -0.0080346 -0.0032441 0.24702 0.10549 0.011339 -0.038343 0.055285 0.039437 -0.021957 -0.0016147 0.025306 0.016678 0.03786 -0.051733 0.40911 0.34648 -0.11955 -0.26333 0.28943 0.31949 0.021557 -0.0092162 0.041035 0.031181 0.0011191 0.00207 0.0031142 0.0046384 0.016674 0.018952 0.15719 0.12375 -0.019603 0.1453 0.042226 0.14962 0.011915 0.015736 0.011915 0.015736
-0.0061184 -0.0013708 0.0061275 0.001378 -0.022442 0.00047649 0.088662 0.0090627 0.041012 0.0059067 0.049269 0.010455 -0.0012321 -0.00051479 0.0025069 0.00067426 -0.02573 -0.0027333 0.029101 0.0043608 -0.20788 0.021412 0.60373 0.10464 0.32881 0.00041449 0.34323 0.064489 -0.031319 -0.018163 0.038578 0.019835 -0.022536 0.0020141 0.028034 0.0046685 -0.0069166 0.065186 0.39398 0.10705 -0.047579 -0.029945 0.27088 0.26671 -0.020166 -0.019808 0.048649 0.039225 -0.0041459 0.00067299 0.0047412 0.0011213 -0.0015016 -0.0064174 0.062108 0.022475 -0.017271 -0.0051337 0.031555 0.052723 0.0024295 0.0025077 0.0066999 0.0032517
-0.0018409 0.00081987 0.0026265 0.0013475 -0.024908 -0.014907 0.046234 0.0156 0.0025829 0.012846 0.04853 0.023619 0.0046428 -0.001935 0.010204 0.0027775 -0.0087709 0.0081162 0.010717 0.0085207 -0.086027 0.012888 0.33617 0.14338 -0.011489 0.0092347 0.59873 0.15573 0.036807 0.007562 0.069181 0.011711 -0.048054 -0.022699 0.048416 0.02398 0.13313 -0.053279 0.50322 0.057369 -0.026151 0.074625 0.35093 0.19982 -0.019177 0.0031891 0.069545 0.029959 -0.0071472 -0.0009616 0.0071844 0.0014394 0.023666 0.016271 0.051696 0.016403 0.010442 0.0071568 0.019285 0.0083056 -7.9139e-06 0.0048039 0.0030164 0.004807
-5.9588e-05 0.00032573 0.0001034 0.00032573 -0.00063832 0.00084832 0.0012547 0.0017404 0.028184 -0.005088 0.084922 0.04604 -0.000537 -6.6744e-05 0.000537 0.00029148 -0.00071931 -0.0029784 0.0011167 0.0031305 -0.010171 -0.022153 0.010171 0.022514 0.16243 -0.037332 0.61316 0.3012 -0.0012228 -0.0040503 0.002596 0.0043692 -0.0013356 -0.0050386 0.0017892 0.005494 0.01337 0.0050543 0.026023 0.062839 0.15205 0.019997 0.62972 0.2499 0.0015659 0.0073517 0.0064311 0.012363 0.00020308 -0.00065362 0.0004525 0.0062394 0.0038701 -0.022706 0.0055934 0.033502 0.0027615 -0.045781 0.018435 0.04762 0.00033153 -0.0019182 0.0014504 0.0019611
-0.0017395 0.0087081 0.0017611 0.0087463 -0.039175 0.068008 0.039482 0.099695 -0.0069366 0.00074699 0.062636 0.075278 0.0032341 -0.00097938 0.0032611 0.00099384 -0.061122 -0.074455 0.061122 0.074455 0.089666 -0.26208 0.36074 0.46313 -0.061948 0.11313 0.28483 0.41356 -0.011293 -0.0042009 0.022043 0.030723 -0.044613 -0.004403 0.045439 0.01292 0.22523 0.04585 0.30931 0.11934 0.053453 -0.054496 0.22906 0.18011 -0.025991 0.012227 0.029289 0.021869 -0.0036627 0.0022564 0.005742 0.0022614 0.013219 0.018281 0.023978 0.018998 -0.0032253 0.019164 0.0047869 0.020563 -0.00018565 -0.0017616 0.00098545 0.0053072
0.00012523 -0.00071525 0.00085957 0.00077919 0.0030476 0.0088022 0.019759 0.0096011 0.0068914 0.0088763 0.0085806 0.0088763 -0.003544 0.0010731 0.0083168 0.0014509 -0.00028518 -0.0025634 0.0028351 0.00304 0.13165 0.0087327 0.24048 0.079656 -0.045648 0.061728 0.16051 0.10093 -0.022409 -0.019285 0.068441 0.054816 -0.00036445 -0.0014539 0.0022957 0.0021955 0.34784 -0.056711 0.35016 0.095917 -0.15658 0.20196 0.35164 0.61882 0.057375 0.09541 0.067908 0.10593 3.7495e-05 0.00024652 0.00022842 0.00034341 0.062489 3.5654e-05 0.062489 0.0061418 0.038769 -0.0024765 0.038769 0.0043436 0 0 0 0
2.5675e-05 -0.0022727 0.00035949 0.0048539 -0.032374 -0.01517 0.041627 0.054057 0.0071958 -0.0085632 0.050076 0.068336 0.0010619 -0.0011926 0.0066288 0.0060088 -0.020962 0.02802 0.022321 0.082504 -0.042746 -0.051977 0.082389 0.20182 0.2205 0.053432 0.28442 0.33955 0.0096006 0.017852 0.013467 0.023218 0.0091115 -0.070997 0.027551 0.088454 -0.069809 -0.20931 0.20786 0.50026 0.35069 -0.037211 0.36726 0.2191 -0.00013995 -0.0015459 0.0017134 0.0034113 -0.004818 -0.00011885 0.0052598 0.002976 0.012215 0.020512 0.02055 0.03159 0.039116 -0.019666 0.042536 0.090269 0.0031024 -0.0077427 0.0054278 0.011535
0.00013654 -0.00012471 0.00051616 0.00093404 0.011344 -0.0016165 0.01223 0.0064568 0.029591 -0.031347 0.071502 0.031416 0 0 0 0 0.0018808 -0.00091997 0.0025619 0.0026509 -0.020283 -0.054488 0.11727 0.059659 0.23719 -0.087268 0.56937 0.11862 0.00070708 -4.5313e-05 0.0017305 0.0016651 -0.0022488 -0.0037591 0.0040129 0.0049316 -0.060497 -0.047674 0.21573 0.10477 0.31377 0.03782 0.61844 0.10009 0.00063651 -0.00049504 0.0013513 0.0021103 -0.0003968 -0.0012039 0.0022018 0.0031399 -0.021026 -0.013354 0.028425 0.017286 0.073814 0.011485 0.074196 0.012395 0.00024555 0.00020665 0.00024555 0.00020665
-0.0042406 -0.00023692 0.0042406 0.0076345 -0.047662 0.013005 0.047708 0.14426 -0.0078072 0.069166 0.070103 0.075928 0.0042608 0.00015035 0.0042885 0.00045519 -0.043913 -0.064999 0.043913 0.064999 0.14233 -0.085923 0.28047 0.47805 -0.040759 -0.069416 0.38673 0.3755 0.0098853 -0.0038439 0.020234 0.043861 -0.0020573 0.018165 0.031923 0.020484 0.24106 0.011661 0.29481 0.15612 -0.085841 0.10531 0.28708 0.18015 -0.022792 -0.018183 0.059293 0.027737 -0.0025457 0.0013352 0.0072375 0.0015633 0.0017772 0.019189 0.016603 0.019503 0.0028258 -0.012143 0.011449 0.030665 -0.0051215 0.0024391 0.0064545 0.005043
-0.0012425 -1.2632e-05 0.0012425 0.00065537 0.001386 0.0071709 0.0090597 0.0075332 -0.0022341 0.011612 0.021182 0.011612 -0.00054985 0.0011575 0.0076215 0.0022596 -0.0034244 -0.0057504 0.0034244 0.0057504 0.1049 0.037722 0.16382 0.097703 -0.034238 0.068764 0.21904 0.11234 -0.0074377 0.023957 0.099167 0.06586 -0.0019161 -0.0039812 0.0039948 0.0044521 0.29972 -0.080493 0.30336 0.091071 0.04251 0.31098 0.43711 0.58233 0.067057 0.08115 0.067057 0.081242 0.0021537 -0.0011334 0.0022275 0.0011672 0.011638 0.00061945 0.011638 0.0037179 0.10125 -0.015051 0.10125 0.015066 0 0 0 0
-0.00013238 0.00096168 0.00054121 0.00096211 -0.0060146 -0.027895 0.084272 0.028727 0.01694 -0.0073185 0.057456 0.017746 -0.0057699 0.0072857 0.013936 0.010914 -0.037325 -0.0057637 0.038935 0.006612 -0.20576 -0.046747 0.23888 0.059679 0.39017 -0.084793 0.55844 0.12291 0.026747 -0.0040518 0.031606 0.010455 -0.061357 0.0018599 0.061357 0.0080231 -0.075297 0.043299 0.24602 0.052557 0.32665 0.10263 0.41517 0.11984 0.007602 -0.0024362 0.020988 0.0076643 -0.010836 0.0057789 0.010836 0.0057789 0.025762 0.015585 0.075985 0.015858 0.0082487 0.0039746 0.014097 0.0053246 -0.0034097 0.0013941 0.0048723 0.0020172
3.86e-05 0.00012924 0.00079692 0.00023519 0.026151 -0.0021519 0.026214 0.0074109 -0.0089174 -0.00010723 0.036986 0.026977 0.0041651 0.00015427 0.0044954 0.0048677 0.0039739 -0.0027348 0.0068556 0.003821 0.18573 0.0016142 0.19801 0.24256 -0.11919 0.05399 0.24606 0.45927 0.048277 -0.019447 0.058043 0.040995 0.0023814 -0.0071987 0.0038643 0.0071987 0.24183 -0.027691 0.24962 0.40553 -0.15484 -0.1842 0.32158 0.32898 0.012559 0.022973 0.050244 0.07866 -0.00019787 -2.4138e-05 0.00029224 0.0017593 0.0011645 -0.0041775 0.003816 0.02116 0.018909 0.0039099 0.027282 0.023783 -0.00072233 -0.0025364 0.006159 0.0081052
-0.0061472 -0.00046922 0.013545 0.0053959 0.005877 -0.0016966 0.016184 0.0058299 0.04246 -0.0044208 0.043277 0.0053958 0.00076164 -1.8839e-05 0.00076164 0.00021544 0.059135 -0.019542 0.064474 0.026967 -0.12011 -0.17151 0.18808 0.28853 0.43644 0.085072 0.44228 0.16819 0.0018416 0.00058457 0.0018416 0.00087665 -0.0011378 -0.0089347 0.014813 0.031378 0.0083831 0.076591 0.040486 0.15866 0.33903 -0.23195 0.3409 0.2684 0.050552 -0.054275 0.050552 0.054275 -0.00045524 -0.0010042 0.001288 0.0016007 -0.0010016 0.010954 0.007176 0.011887 -0.0035052 0.0010003 0.014072 0.011357 0.007394 -0.0042776 0.007394 0.0042776
-0.00037099 -0.0022029 0.00072194 0.0053146 0.0014736 -0.0033366 0.0092341 0.040691 0.055321 0.035961 0.083022 0.054779 0.018763 -0.006939 0.018763 0.006939 0.010698 0.0042888 0.016789 0.024969 0.14387 0.079294 0.39451 0.21246 0.12186 -0.015437 0.35916 0.14462 0.023118 -0.01973 0.075218 0.024197 0.010307 -0.01336 0.023445 0.024335 0.33996 -0.1106 0.4658 0.23652 -0.023663 -0.15953 0.33152 0.1683 -0.011093 -0.014734 0.041534 0.021201 0.0041258 0.0034223 0.0051556 0.0035055 0.017865 0.054718 0.053036 0.054983 0.0029728 0.036054 0.035804 0.037816 0.00019845 -0.0010898 0.0066177 0.0039559
-0.00018406 0.00019348 0.00018479 0.0001937 0.0002267 0.00099422 0.0016274 0.0018998 0.026811 0.010178 0.087005 0.032131 0.0029303 -0.00010221 0.0051649 0.0020501 -0.0017155 0.00082202 0.0017155 0.0011773 -0.00049695 0.0053865 0.014801 0.0082261 0.13937 -0.11263 0.52854 0.38661 0.031211 0.0011634 0.033162 0.0046439 -0.0023157 0.0009019 0.0023761 0.0021234 0.00012071 0.010183 0.0216 0.020903 0.13122 0.15398 0.57864 0.36994 0.034868 0.0039657 0.036901 0.010875 -0.00025116 0.0003629 0.00025116 0.00036335 0.010112 0.0036501 0.012404 0.0059383 0.0059395 -0.013653 0.089002 0.048077 0.005471 0.0005175 0.0057995 0.0011114
-0.0015675 -0.0004633 0.0017545 0.00089655 0.0013468 -0.0011041 0.013005 0.0047377 0.051675 -0.01542 0.061783 0.015503 0.00021155 4.0771e-05 0.00022052 7.801e-05 0.00083996 0.00094008 0.0057497 0.0031112 -0.14692 -0.10156 0.18954 0.10757 0.48303 -0.039504 0.48303 0.061514 0.00040965 -3.0129e-05 0.00040965 0.00031203 -0.010106 -0.010431 0.01228 0.011981 -0.025536 -0.056142 0.17576 0.090831 0.44151 0.010608 0.44151 0.044402 0.0008403 -0.00023676 0.0008403 0.00052942 -0.0019711 -0.0029335 0.0025637 0.0034098 0.02216 0.0085452 0.02216 0.0085452 0.048766 0.0011282 0.048766 0.0094572 0.00024726 -0.00011086 0.00024726 0.00012821
-0.0012825 -0.00039651 0.0016059 0.00084923 0.0055266 -0.000107 0.0073866 0.0039179 0.045905 -0.017484 0.073632 0.018006 6.0435e-05 4.1805e-05 0.00022867 0.00010872 0.0020397 0.0015475 0.0057064 0.003243 -0.14531 -0.088832 0.17318 0.10245 0.44885 -0.024984 0.47942 0.053743 0.0010584 0.00041388 0.0010584 0.00051624 -0.0036748 -0.005261 0.0075502 0.0066415 -0.068692 -0.089253 0.20099 0.12266 0.45275 0.010338 0.45275 0.044756 0.00043868 -0.00044268 0.00055089 0.00096264 -0.0036616 -0.0045796 0.0039133 0.0048163 0.01808 0.0051698 0.01941 0.0060911 0.055006 0.0030802 0.055006 0.011122 0.00029861 -0.00015071 0.00029861 0.00017117
-0.0039556 -0.0021073 0.0039556 0.0021073 0.0062636 -0.0013919 0.010743 0.0023284 0.050031 -0.0090841 0.051288 0.009743 -0.00020406 0.00021615 0.00032425 0.00021615 -0.011375 -0.0096 0.011752 0.0096 0.021543 -0.1018 0.056672 0.12037 0.36009 -0.080042 0.37827 0.16404 -0.0023861 0.00062845 0.0026951 0.0021491 -0.0054298 -0.010362 0.0074019 0.0113 0.00061343 -0.020693 0.03954 0.042513 0.54895 0.082423 0.56238 0.12808 -0.023921 0.020188 0.026597 0.022241 -8.8304e-05 -4.01e-05 0.00023097 0.00023479 0.0092452 0.010654 0.010789 0.01153 0.071628 -0.0027954 0.07885 0.02159 0.0025815 -0.0013102 0.0041038 0.0026463
-0.00023093 0.00029317 0.00023093 0.00029317 -0.00071924 0.0010371 0.0016956 0.001735 0.031835 -0.036519 0.087479 0.05712 0.0045979 -0.00057443 0.006144 0.0011131 -0.0019503 0.0017907 0.0019503 0.0018288 -0.010862 0.014329 0.015563 0.014329 0.2303 0.011482 0.56568 0.32675 0.011773 -5.0956e-05 0.053971 0.0090576 -0.0024345 0.0021488 0.0027514 0.0021488 -0.0085317 0.0091099 0.024498 0.021989 0.2252 0.036408 0.60581 0.26853 0.0051063 -0.0010411 0.042521 0.011863 -0.00069864 0.00036797 0.00075447 0.00040394 -0.0021941 0.0023113 0.0023613 0.0028865 0.035771 -0.016825 0.068058 0.045667 -0.0051717 0.00086008 0.010121 0.0018669
-0.0019882 -0.0031057 0.002015 0.0031079 -0.0014068 -0.0061435 0.0073507 0.0099241 0.090823 0.024213 0.095056 0.037978 -0.0051894 0.0041094 0.0052994 0.0041979 0.014573 0.032626 0.022523 0.05084 0.066654 0.014391 0.1361 0.34967 0.31612 -0.023626 0.48885 0.14741 0.016716 0.0080277 0.060962 0.074963 0.013768 0.016652 0.088344 0.045886 -0.101 0.14697 0.13047 0.16913 0.32167 0.03211 0.48124 0.070783 0.036683 -0.017943 0.12245 0.068218 0.0047451 0.00099057 0.013626 0.002536 -0.026444 0.007887 0.027604 0.016099 0.03294 -0.0039079 0.07352 0.0090715 0.011674 -0.0054484 0.024759 0.010126
0.0022453 -0.0024535 0.010867 0.0094138 0.016631 -0.0063083 0.063531 0.037802 0.0067798 -0.014372 0.016453 0.022064 0.0018492 -0.0019066 0.0023005 0.0022415 -0.043657 -0.031161 0.099127 0.036519 0.30641 0.016374 0.43996 0.16666 -0.054216 0.062169 0.22478 0.23819 0.016893 -0.012094 0.017423 0.012161 0.024052 0.032373 0.10038 0.077637 0.26931 0.037313 0.39068 0.20815 -0.12126 0.0054191 0.4342 0.19658 0.0025791 -0.024094 0.028478 0.027503 -0.0067332 0.0077826 0.0067604 0.0079841 -0.0055743 0.00017465 0.049438 0.046374 0.020083 -0.026055 0.088275 0.054236 -0.0062719 -0.0044926 0.0080347 0.0065527
2.6546e-05 -1.2034e-05 0.00010766 0.00011744 -2.9656e-05 -0.0011601 0.0032179 0.0027536 0.056386 -0.0053142 0.081644 0.056201 -0.014215 0.0015952 0.014215 0.0023434 -0.0011991 -0.001877 0.0013456 0.0020272 -0.0022257 -0.014017 0.0077425 0.016747 0.28162 -0.018392 0.44515 0.36727 -0.076772 -0.0030601 0.077445 0.033446 -0.0013677 -0.0023632 0.0013677 0.0024303 -0.0066673 -0.018485 0.011664 0.02496 0.28799 0.011771 0.49009 0.45975 -0.07384 -0.00047577 0.073957 0.043569 -7.3391e-05 -0.0002468 0.00014785 0.00042082 3.5959e-05 0.0025769 0.0031316 0.0073618 0.047775 -0.029367 0.059719 0.068167 -0.0089378 0.0025796 0.0091998 0.0065539
0.00031263 0.00091408 0.00058244 0.00094832 0.03142 0.015907 0.032086 0.016315 -0.010644 0.0073174 0.058124 0.039849 0.0053283 0.002589 0.010775 0.0061622 0.0033486 0.002761 0.0069499 0.0029497 0.19694 -0.031562 0.32445 0.23232 -0.079228 0.042338 0.39399 0.21489 0.019411 0.01094 0.042514 0.085978 0.0043198 -0.00036419 0.0073787 0.0038944 0.23303 0.050441 0.23405 0.33294 -0.11207 -0.06874 0.38411 0.40905 0.0045306 -0.013885 0.038434 0.047175 0.00042728 -0.0013484 0.00068212 0.0013484 0.040764 -0.0080724 0.047231 0.048736 -0.027443 -0.010642 0.063582 0.061702 -0.00022003 0.0031436 0.006327 0.011715
-0.00030684 0.00047466 0.0044217 0.00091333 0.021157 0.013587 0.081714 0.015565 0.0069783 0.004828 0.025863 0.010636 -0.00062876 -3.4689e-05 0.00063451 0.00022948 0.0068395 0.0048317 0.043955 0.0089815 0.20723 0.10804 0.45028 0.16568 -0.067415 -0.0092885 0.10125 0.066765 -0.0051822 -0.0039144 0.0051822 0.0043055 -0.029096 0.014768 0.031646 0.014833 0.19419 -0.13951 0.74841 0.19969 -0.089783 -0.03346 0.099904 0.060036 -0.0042222 -0.0050086 0.0053604 0.0050086 -0.00041194 0.00041924 0.0015169 0.0015431 -0.0049404 0.012579 0.038276 0.023154 0.0042313 -0.012892 0.014997 0.018323 -0.00045551 -0.0007494 0.00045551 0.0007494
0.0045365 0.0032377 0.0049517 0.003566 0.0038167 0.003178 0.0068165 0.0044367 0.053456 0.012892 0.053456 0.013302 0.00041154 3.6836e-05 0.00056831 0.0004918 0.0088268 0.0040064 0.0094202 0.0055895 -0.088709 -0.085703 0.10357 0.092712 0.45612 -0.064315 0.51743 0.12168 0.0038011 0.00060536 0.0038011 0.0018024 -0.0063253 -0.0087143 0.0075789 0.0088859 -0.02974 -0.022032 0.094142 0.0958 0.4599 0.017483 0.46406 0.081933 0.0040169 -0.00020107 0.0057774 0.0033732 -0.00057354 -2.5639e-05 0.0012284 0.0014482 0.0066577 0.0053315 0.0097049 0.0076739 0.060266 -0.0040652 0.079765 0.020949 0.00041997 -0.00017465 0.0005195 0.00046029
-0.0011169 -0.0018155 0.0011169 0.0018155 -0.0030792 -0.0047019 0.0030792 0.0061877 0.010971 0.025855 0.013346 0.027858 0.0032431 0.0062481 0.0034345 0.0063554 0.0086096 0.027694 0.010077 0.036959 0.058126 0.053154 0.1078 0.31871 0.18963 -0.0054367 0.34414 0.40811 0.0013395 0.011009 0.09131 0.055566 -0.0015813 -0.0099877 0.0034832 0.017022 0.010314 0.02811 0.028361 0.046007 0.24945 0.10586 0.31535 0.59315 -0.018399 -0.017245 0.078248 0.049917 0.000284 0.00086528 0.000284 0.00086528 0.0033315 0.0059241 0.0034797 0.0059241 0.036441 0.005054 0.057079 0.028172 -0.00406 0.0065719 0.0060446 0.0082528
-0.0035189 0.0042169 0.0045857 0.015429 0.0057995 0.067857 0.053555 0.096721 0.039193 0.030581 0.061074 0.052814 -0.0022799 -0.0054289 0.0026448 0.0057637 -0.029364 0.0034267 0.030027 0.0061253 0.070996 -0.15916 0.26075 0.21552 0.021111 -0.11631 0.16521 0.24858 0.012278 0.02269 0.013818 0.025157 -0.016883 -0.049092 0.027052 0.05529 -0.14645 0.17306 0.46093 0.3248 0.33858 -0.012127 0.43493 0.10431 0.0043446 0.0011885 0.0050886 0.0039364 -0.00057724 -0.0022692 0.0036767 0.0098936 0.027721 -0.034098 0.11158 0.090974 0.022569 -0.0089097 0.090919 0.015668 0.0005985 -0.00098104 0.0018363 0.0015714
-0.0015006 0.00086589 0.0016274 0.00092383 -0.0039132 0.0031084 0.0040041 0.0031084 0.027386 0.007648 0.10898 0.02065 0.0066046 0.00051727 0.0086171 0.00092503 -0.017077 0.0052106 0.031056 0.0090353 -0.032947 0.02758 0.032947 0.02758 0.15062 -0.044862 0.6467 0.33543 0.045331 -6.2553e-05 0.056924 0.006452 -0.010682 0.0088916 0.032309 0.0092899 -0.076679 0.089504 0.13455 0.093821 0.10569 0.040675 0.55387 0.20716 0.039177 0.0015277 0.052472 0.0059676 7.3183e-05 -0.00010569 0.0003473 0.00037062 -0.0098845 0.012121 0.051442 0.025949 0.0056223 -0.0054987 0.075911 0.049653 0.0039089 -0.00036995 0.0068401 0.00055258
-0.0001312 0.0016887 0.0027785 0.003093 0.075628 -0.0020875 0.075628 0.011125 0.00021117 6.8538e-05 0.00021117 0.00011478 0 0 0 0 0.0059889 -0.00068924 0.0068077 0.0029408 0.49005 0.066004 0.49171 0.097736 0.0018958 0.00021175 0.0018958 0.00093851 0 0 0 0 0.016385 -0.00045371 0.016385 0.0048029 0.48577 -0.060625 0.48664 0.077277 0 0 0 0 0 0 0 0 0.005133 -0.00067992 0.005133 0.00081868 0.06832 0.0040502 0.068679 0.0052851 0.00021117 -6.8538e-05 0.00021117 0.00011478 0 0 0 0
-0.0036911 0.0016655 0.0039029 0.0017121 -0.0096364 0.0043713 0.0096364 0.0043713 0.021356 0.011519 0.083903 0.017744 0.0072146 0.0010419 0.013855 0.0019943 -0.012691 0.0033258 0.015549 0.0040791 -0.098982 0.055479 0.1159 0.057206 0.13437 -0.022827 0.68742 0.15612 0.043676 -0.0014982 0.084308 0.0071161 0.0013983 -0.00076117 0.0028894 0.0023174 -0.10785 0.12089 0.24955 0.1328 0.086597 0.080553 0.49164 0.25131 0.0034882 -0.0034489 0.054626 0.0084126 0.0010006 -0.00055855 0.0010624 0.00057244 0.017738 -0.0019863 0.027567 0.0085341 -0.023924 0.0053278 0.063272 0.054991 -0.0042278 -0.00085021 0.0076854 0.0016247
0.0002489 -3.9238e-05 0.00054133 0.00016786 0.012761 -0.0037203 0.012761 0.0038052 0.070616 -0.013853 0.070616 0.014194 0 0 0 0 0.0021795 0.00018349 0.0051852 0.0016136 0.066976 -0.0062374 0.068708 0.010981 0.48723 -0.037577 0.48723 0.049915 0 0 0 0 0.0016698 -0.00018273 0.0039021 0.00059018 0.06357 0.0051746 0.06357 0.0065162 0.4893 0.036789 0.4893 0.051232 0 0 0 0 0.00041659 0.00017118 0.00067142 0.00018518 0.015191 0.0068763 0.015191 0.0068763 0.067889 0.014827 0.067889 0.014864 0 0 0 0
-0.00026518 -0.0017015 0.00054995 0.0017015 0.026157 -0.031035 0.026633 0.03911 0.019212 -0.0023385 0.024971 0.020386 0.0014175 0.0010446 0.0014812 0.0019177 -0.0089321 -0.0012579 0.0089321 0.0084141 0.087155 -0.016652 0.12213 0.047088 0.30437 -0.055421 0.49307 0.07913 4.0333e-05 -0.00059664 0.0011997 0.0023024 -0.012924 -0.010441 0.020504 0.12107 0.13459 -0.048196 0.20798 0.44163 0.2201 -0.012854 0.49635 0.20903 -0.0018767 0.00049183 0.0018767 0.00299 -0.00073564 -0.00011638 0.0009156 0.00021868 0.023551 -0.0041432 0.024433 0.0080082 0.029241 -0.05685 0.029815 0.069957 0.0040615 -0.013178 0.0042787 0.016379
0.0063902 -0.0028296 0.0066059 0.0045465 -0.033202 -0.0028484 0.07003 0.032561 0.014431 -0.0021473 0.015006 0.0033115 0.022331 -0.0031536 0.022331 0.0031579 -0.0049835 -0.0071614 0.0070197 0.0088932 -0.086658 -0.23098 0.52315 0.46272 0.10298 -0.097325 0.14212 0.18058 0.1716 0.04939 0.1716 0.049565 -0.0014638 -0.0071445 0.016044 0.029427 -0.0040476 0.033413 0.078291 0.24259 0.26982 -0.020612 0.28442 0.2347 0.082888 -0.070711 0.082888 0.096729 -0.00060441 -0.00052463 0.0026384 0.0026542 0.0055297 0.0047052 0.0070764 0.0092124 -0.011881 0.0091015 0.018457 0.016367 0.0079846 -0.0048637 0.0079846 0.0048761
0.00034663 -0.00021652 0.00048035 0.00027665 0.018326 -0.0082134 0.018326 0.0082134 0.065072 -0.017432 0.065072 0.017457 0 0 0 0 0.00078073 -0.00023401 0.0041773 0.00088076 0.064854 -0.0049734 0.064854 0.0082565 0.48724 -0.049389 0.48724 0.053957 0 0 0 0 -0.00067113 0.0003842 0.0033826 0.0012538 0.063337 0.010466 0.063337 0.012613 0.48946 0.044422 0.48946 0.045441 0 0 0 0 0.00061297 0.00036414 0.0011258 0.00050158 0.018743 0.010079 0.018743 0.010079 0.06287 0.023835 0.06287 0.023928 0 0 0 0
-0.0013544 -9.3809e-05 0.0013675 0.0003937 0.00047557 -0.0090261 0.008203 0.015323 0.016498 0.019315 0.064381 0.060838 -0.00059642 -0.00049958 0.0007201 0.0020501 -0.010069 0.00034006 0.010109 0.0019731 -0.017565 -0.0016689 0.042114 0.041443 0.17621 -0.046577 0.58715 0.23089 0.00090229 0.0039421 0.0017862 0.0039421 -0.008108 -0.0011397 0.008108 0.0016372 0.012365 0.012562 0.051725 0.016521 0.20137 0.094194 0.66063 0.24158 -0.0080121 0.0040622 0.0090543 0.0062225 -0.00048848 -0.00029354 0.00058167 0.00033886 0.0020828 -0.00058111 0.0097587 0.001669 0.024717 -0.026734 0.057705 0.056457 -0.0036613 -0.00029994 0.0037343 0.0031974
0.0019803 0.0022916 0.0021365 0.002347 -0.0084769 0.027813 0.058303 0.057836 0.010621 0.002249 0.046662 0.042882 -0.0044898 -0.0062426 0.0046036 0.0098332 0.041346 0.0066349 0.041665 0.019544 -0.16254 -0.17401 0.27454 0.38518 0.16545 0.032665 0.25591 0.27058 -0.03398 0.010548 0.038651 0.053826 0.069626 -4.6503e-05 0.069922 0.013525 -0.22311 0.13787 0.27417 0.35952 0.16793 0.011839 0.38681 0.22152 -0.015918 -0.010302 0.059957 0.037129 0.009708 -0.00050004 0.0097796 0.002471 -0.033234 -0.013168 0.0615 0.053979 0.02392 -0.028799 0.06934 0.032187 -0.0041226 -0.0025367 0.0042244 0.0038583
-0.0043224 0.0043345 0.0078271 0.0086156 0.083426 -0.020465 0.11459 0.068721 -0.015236 -0.0044237 0.017635 0.009244 -0.00059731 -4.9738e-05 0.0020814 0.0010709 -0.034968 -0.0073824 0.075631 0.057393 0.47261 0.19312 0.53865 0.28869 -0.1286 -0.059738 0.15628 0.072811 0.007774 0.0012546 0.026921 0.0072834 0.013046 0.045695 0.042525 0.055556 0.097603 -0.076554 0.24618 0.19424 -0.09201 -0.2059 0.22292 0.22032 0.026629 -0.022822 0.038115 0.024755 -0.0015208 0.0017915 0.0022712 0.0018978 -0.018604 0.020289 0.018604 0.020919 0.0066966 0.033839 0.025523 0.043825 -0.0051229 0.008748 0.0061785 0.010521
0.0087472 0.0066594 0.010327 0.0094421 0.036119 0.021761 0.14796 0.027999 -0.015281 0.0063814 0.049607 0.010282 -0.011983 -0.0054798 0.012397 0.006106 0.00014955 -0.0074504 0.026074 0.021438 -0.066349 -0.17007 0.60503 0.26564 0.14184 -0.12313 0.40347 0.16482 -0.032758 0.021483 0.071432 0.046857 -0.059801 -0.051547 0.085797 0.062156 0.017515 -0.03585 0.14664 0.084207 0.1942 -0.029807 0.40165 0.09505 0.024049 0.0014548 0.024049 0.0075395 0.0026693 0.0027951 0.0035426 0.0035643 0.010402 0.0090814 0.011011 0.009742 0.027839 0.030125 0.077061 0.030227 0.0026568 -0.00034962 0.0026568 0.00072794
-0.0087236 0.0032397 0.0087568 0.0032554 0.045333 -0.0078771 0.052478 0.015757 -0.0043134 -0.0042344 0.0095344 0.0066632 0.0011686 0.00055218 0.0032195 0.0027648 -0.01339 -0.0076495 0.055592 0.099201 0.02582 0.31213 0.47824 0.38913 -0.067217 -0.020208 0.14091 0.047534 0.010111 0.0047735 0.010183 0.0048726 0.0017283 -0.022866 0.025321 0.07548 0.19427 -0.28229 0.35854 0.42834 -0.060061 -0.0080692 0.17757 0.026865 0.002553 -5.2193e-05 0.0033528 0.0014057 -0.0030977 0.0028392 0.0071346 0.0054709 0.011372 0.0080002 0.032266 0.023718 -0.0047297 -0.016642 0.021521 0.029629 0.0012967 -0.0024471 0.0021645 0.0033719
0.0086916 0.00088706 0.0087069 0.0038408 -0.040297 -0.01284 0.05991 0.052491 0.043283 0.026769 0.057416 0.050121 -0.0090183 0.00089581 0.0091207 0.0071683 0.031568 0.0040135 0.073305 0.0216 -0.22894 0.037821 0.30007 0.25196 0.21366 -0.039064 0.35051 0.39692 -0.03761 0.011593 0.040218 0.030789 0.027368 -0.0013441 0.054094 0.050272 -0.18712 -0.038741 0.20757 0.23808 0.2168 0.058082 0.39436 0.26907 -0.04347 -0.0044048 0.044003 0.028426 0.0023834 0.0032838 0.0086728 0.0070014 -0.030922 0.023121 0.04605 0.051854 0.03492 -0.0029105 0.053567 0.032269 -0.0081186 -0.0016132 0.0082505 0.0042733
-0.0042275 0.00081454 0.0050124 0.003601 0.036676 0.045882 0.054512 0.057301 0.023509 -0.0029152 0.082709 0.021816 -0.0019418 0.00012759 0.0052741 0.00035418 0.053088 0.032467 0.077905 0.052292 -0.1012 -0.065637 0.60829 0.38591 0.15911 -0.09889 0.25673 0.1099 -0.016861 -0.0013183 0.037874 0.0042344 0.016336 -0.0014058 0.11512 0.078134 -0.099432 -0.14794 0.32875 0.20571 0.22772 0.036203 0.23992 0.051756 -0.021765 -0.0048848 0.047599 0.0088835 -0.00078641 -0.0038744 0.004 0.0039459 0.024114 0.0046566 0.025608 0.0084125 0.02002 -0.0037087 0.032311 0.019863 -0.0019169 -0.00089248 0.007224 0.001619
0.00026325 0.0026402 0.0011994 0.0045539 0.023177 0.017087 0.023348 0.022745 0.018944 0.0086592 0.060376 0.014568 0.0034457 -0.00068676 0.0034457 0.00068676 -0.028471 -0.0041807 0.047579 0.021138 0.11584 -0.074883 0.15807 0.18262 0.24255 0.11991 0.49259 0.28862 0.0088637 0.0031296 0.0088637 0.0031296 -0.0047998 -0.0057366 0.021455 0.031635 0.0083611 0.016912 0.049909 0.070294 0.41664 -0.15691 0.51275 0.17491 0 0 0 0 -0.0036873 0.00088768 0.0043874 0.0023782 -0.00421 -0.0085574 0.0076236 0.011568 0.067172 0.030026 0.074656 0.034683 0 0 0 0
