-0.0020937 -0.00084764 0.0034798 0.0030223 0.056563 -0.028854 0.057156 0.029044 0 0 0 0 0 0 0 0 -0.018428 -0.0068988 0.020362 0.0081885 0.46063 0.065573 0.47896 0.10147 0 0 0 0 0 0 0 0 -0.012978 -0.00028773 0.017526 0.016278 0.21893 -0.22371 0.22142 0.23609 0.098349 -0.37657 0.11424 0.40449 0.024765 -0.019014 0.024765 0.019014 0.00014158 0.0005329 0.00096758 0.0016313 0.00212 0.012317 0.0030517 0.013267 0.0021353 0.0036703 0.02366 0.0082095 0.010074 -0.0028033 0.010075 0.0030462
0.00014196 7.8911e-05 0.00021441 0.00018126 0.0017345 0.0015392 0.0018959 0.0016628 0.026546 0.022063 0.026546 0.022092 0.0052818 0.0043287 0.0052839 0.0043369 0.0006466 0.0061742 0.0014866 0.0066849 0.25129 0.1883 0.25448 0.22425 0.22001 0.26558 0.22044 0.26631 -0.00023072 -0.00011313 0.00028314 0.00021486 0.00041004 -0.0065957 0.0012553 0.0081132 0.49959 -0.10485 0.50666 0.10944 0.011816 -0.013793 0.014149 0.016175 0 0 0 0 4.2333e-05 4.8953e-05 0.0001748 0.00014382 0.012328 -0.01082 0.012474 0.012694 0.052057 -0.06722 0.052239 0.067879 0.00078116 -0.0008497 0.00078198 0.0009026
0.0019703 -0.000877 0.0027752 0.0011195 -0.011482 -0.01635 0.022129 0.01941 0.053366 -0.014976 0.053366 0.0152 -4.7084e-06 -1.842e-06 4.7084e-06 4.7084e-06 -0.006338 -0.00052923 0.0079715 0.0046266 0.24716 0.12752 0.26273 0.13106 0.036832 0.026258 0.49794 0.16724 0.00024383 0.00019037 0.00037945 0.00073007 0.0020159 0.0023492 0.0058189 0.0052844 0.30036 -0.052601 0.33109 0.093466 -0.18806 -0.13823 0.51181 0.14146 0.029695 -0.010199 0.029823 0.010245 -0.00071753 -0.00050128 0.00079879 0.00099768 0.00071179 -0.0047495 0.0081376 0.008153 -0.0035825 -0.0082768 0.019204 0.0089757 0.01448 -9.8633e-05 0.014483 0.00074616
-9.529e-05 0.00053065 0.001429 0.00091311 -0.0094499 -0.021185 0.030651 0.023584 0.057437 -0.014289 0.057519 0.015042 0 0 0 0 -0.0098119 -0.0031585 0.011055 0.0081424 0.26995 0.093739 0.29405 0.099916 0.042534 0.0041829 0.54933 0.1817 0.00022132 -7.7436e-05 0.00022132 0.00022132 -0.0048179 0.0034237 0.0065588 0.0072724 0.22008 -0.089122 0.27396 0.1111 -0.049324 -0.18945 0.50414 0.19053 0.0092088 -0.0022774 0.0092088 0.0031726 -0.0011572 -0.00041268 0.0015395 0.0010946 -0.0073051 -0.0023249 0.012095 0.0081725 0.030615 0.0041647 0.041323 0.010185 0.0011344 0.00062887 0.0011503 0.00064475
-0.00072394 0.00045782 0.0011164 0.0011137 0.013734 0.0032295 0.016291 0.0075571 0.046232 0.022479 0.047199 0.023085 -6.3888e-07 2.3775e-06 2.3775e-06 2.3775e-06 -0.0090964 -0.00072837 0.0093199 0.0063367 0.30586 0.18364 0.31522 0.20434 0.20783 0.15452 0.20855 0.15612 0 0 0 0 -0.0033602 -0.0065995 0.0040003 0.0068663 0.51519 -0.15698 0.51519 0.15827 0.025822 -0.01474 0.026567 0.015877 0 0 0 0 -0.00079807 0.0016315 0.0012218 0.0019499 0.028936 -0.0086596 0.030334 0.0108 0.053448 -0.012815 0.053606 0.013026 0 0 0 0
0.0024883 -0.0070339 0.003996 0.0071719 -0.010544 -0.0057 0.015668 0.0094582 0.057129 -0.017661 0.057129 0.01793 0 0 0 0 -0.0014711 -1.7286e-05 0.0071911 0.0030681 0.22695 0.15124 0.25346 0.1559 0.026382 0.039192 0.43717 0.23424 0.013508 -0.0065294 0.0137 0.0075797 0.0057883 0.0018311 0.0092521 0.0041797 0.35909 -0.017741 0.37699 0.057522 -0.32239 -0.010614 0.41106 0.06845 0.085463 -0.035292 0.085463 0.0353 0.00062199 0.0011189 0.0022581 0.001774 0.037603 -0.016855 0.046547 0.019787 -0.044248 -0.033893 0.047665 0.034025 0.0073636 -0.0018303 0.0075207 0.0018317
0.0003198 -0.00052665 0.00059158 0.00080275 0.0041689 -0.0042166 0.0058734 0.014315 0.010073 0.067424 0.011536 0.067475 0.0034633 0.014804 0.0034689 0.014804 -0.00061853 0.00071727 0.0014218 0.0011818 0.44731 0.17508 0.45146 0.17682 0.064926 0.1067 0.068675 0.1086 0.0014766 0.0026686 0.001545 0.0028092 0.0015675 0.00099057 0.0026581 0.0014928 0.46513 -0.13952 0.4688 0.15019 0.039283 -0.020989 0.039283 0.021624 0 0 0 0 0.00023117 0.0001378 0.00027552 0.00036694 0.0082948 -0.0055056 0.0092117 0.0086006 0.064584 -0.023973 0.064895 0.024554 0 0 0 0
-0.00031617 8.2102e-05 0.00061016 0.00060566 0.0816 -0.010922 0.083854 0.028156 0.0012128 -0.00078593 0.0018725 0.0021366 0 0 0 0 -0.0032493 -0.00034478 0.0059966 0.0037713 0.26969 -0.06811 0.30307 0.10728 0.30338 -0.18142 0.3043 0.19087 0 0 0 0 -0.001246 0.00037742 0.0089201 0.005845 0.062752 0.019116 0.093764 0.065752 0.49456 0.12442 0.49563 0.12499 0 0 0 0 0.0005694 0.00021816 0.00065035 0.00065249 0.066372 0.022461 0.075382 0.023716 0.015208 0.0068826 0.015497 0.008167 0 0 0 0
-0.0012734 -0.00054769 0.0015479 0.00083734 0.014331 0.00515 0.015947 0.0074713 0.066574 -0.01543 0.066698 0.016506 0 0 0 0 -0.010819 -0.0044441 0.013352 0.0089289 0.31366 0.13024 0.31995 0.13338 0.12322 -0.0088955 0.54921 0.17166 -0.0001809 -1.6565e-05 0.0001809 0.0001809 0.014703 0.0121 0.019942 0.013981 0.20347 -0.060519 0.26826 0.11324 0.001114 -0.16991 0.45208 0.18468 0.025223 -0.0076305 0.025223 0.0076305 0.0012391 0.0016707 0.0023844 0.002011 -0.0067595 -0.00018392 0.010938 0.0071929 0.020929 0.032468 0.067764 0.038435 0.014917 -0.0030328 0.014917 0.0030378
-0.0012761 -0.0010394 0.0013651 0.0015662 0.011164 0.029757 0.032665 0.030327 0.05952 -0.0065339 0.05952 0.0066136 0 0 0 0 0.010036 0.01334 0.014649 0.015158 -0.055439 -0.11776 0.36371 0.18102 0.41746 -0.043597 0.41746 0.048892 0 0 0 0 -0.0072954 -0.00033222 0.01066 0.0098616 0.12633 0.1237 0.19953 0.14789 0.25332 0.012913 0.52762 0.075007 0 0 0 0 -0.00052206 0.00032599 0.00076399 0.0015903 -0.0046282 -0.033044 0.05069 0.033649 0.054276 -0.0085603 0.068713 0.012497 0 0 0 0
-0.00048442 -0.00023415 0.00059033 0.00028938 0.020426 0.0053595 0.021234 0.0069095 0.061669 -0.021497 0.061696 0.021571 0 0 0 0 -0.0062933 -0.0018851 0.0082924 0.0048258 0.29642 0.14121 0.29832 0.14577 0.086358 -0.0076099 0.49592 0.22741 0.0089906 -0.0038876 0.0092136 0.0043343 0.015128 0.010915 0.020304 0.012043 0.30875 -0.046625 0.33614 0.096873 -0.20402 -0.11448 0.39079 0.15232 0.081018 -0.027719 0.081018 0.027771 0.00119 0.00090281 0.0029377 0.0019986 -0.0017621 -0.0056054 0.010417 0.0094383 0.0014419 0.0020196 0.013926 0.013519 0.0090729 -0.0026048 0.011836 0.003854
0.00019062 0.00022177 0.0017503 0.0009104 0.011484 0.013544 0.027768 0.013698 0.063933 0.019583 0.064062 0.019784 0 0 0 0 -0.00246 0.00047156 0.0095335 0.0040656 0.45056 0.13371 0.52185 0.14475 0.037275 0.01789 0.039373 0.020099 0 0 0 0 -0.007528 -0.005504 0.0099036 0.0060869 0.44119 -0.1329 0.46917 0.14327 0.058894 -0.028452 0.061082 0.032218 0 0 0 0 -0.0014703 -0.00045246 0.0019321 0.00084519 0.012474 -0.0059461 0.013443 0.0064066 0.062791 -0.025098 0.062967 0.025142 0 0 0 0
-0.0018125 0.00082647 0.0027961 0.001183 0.0257 0.014328 0.037627 0.015436 0.051825 0.021108 0.051847 0.021164 0.00010674 0.00011577 0.00011362 0.00012266 -0.00015238 0.0023346 0.0043689 0.0051825 0.43958 0.1493 0.54158 0.15751 0.022648 0.013409 0.023892 0.014088 0 0 0 0 -0.0030073 -0.0026829 0.0060828 0.0053379 0.39927 -0.17085 0.46257 0.17142 0.073658 -0.039841 0.073658 0.040066 0 0 0 0 -0.002289 -0.00050565 0.0022981 0.00083834 0.0042219 -0.0024385 0.0080279 0.0038001 0.06873 -0.012428 0.06873 0.015676 0 0 0 0
-0.0007541 0.00056779 0.0007699 0.00074387 0.027681 0.0094137 0.029143 0.01003 0.053969 0.011212 0.054132 0.011229 0 0 0 0 -0.0015049 0.0038926 0.0033551 0.0086482 0.49415 0.13296 0.53931 0.13385 0.016453 0.011418 0.019427 0.013097 0 0 0 0 0.0026878 -0.0037571 0.0034613 0.010047 0.41144 -0.1078 0.44104 0.14655 0.072278 -0.0341 0.074656 0.035059 0 0 0 0 0.00016916 0.0015199 0.00023489 0.0016401 0.0039218 -0.0035762 0.0053499 0.011726 0.064797 -0.026951 0.065596 0.027587 0 0 0 0
0.00079739 -0.0012363 0.0013803 0.0016825 0.0042631 -0.01954 0.0073062 0.023635 0.0073572 -0.025773 0.0087666 0.036939 0.00071378 -0.00046572 0.0029589 0.0028725 -0.0077682 0.0087115 0.013072 0.010798 0.30587 0.18574 0.31501 0.19892 -0.24654 0.22414 0.29805 0.24683 0.0012381 0.033068 0.0048727 0.050822 0.0080376 -0.0012487 0.021483 0.012025 0.26309 -0.1469 0.36143 0.20108 -0.18534 -0.14304 0.33498 0.17468 0.0085196 -0.030327 0.0094853 0.030631 0.0017482 0.0020775 0.0051298 0.003349 -0.010876 0.0068848 0.032392 0.021818 0.0049572 -0.013 0.021523 0.023743 3.6994e-05 -0.0011342 0.00030477 0.0012882
-0.000269 0.00012866 0.00052594 0.00029283 0.021439 0.018273 0.025265 0.02162 0.05173 0.024068 0.0519 0.032968 0 0 0 0 0.00045361 -0.00013984 0.0028889 0.0014586 0.47767 0.099453 0.50169 0.13476 0.0086937 0.0041247 0.014082 0.014644 0 0 0 0 0.0042814 0.0034718 0.0074496 0.0036457 0.45155 -0.069424 0.47454 0.19537 0.018019 -0.0013332 0.027169 0.015037 0 0 0 0 0.0015656 0.00025928 0.0020283 0.0024404 0.051371 0.041586 0.055246 0.041691 0 0 0 0 0 0 0 0
-0.0019737 -0.00027893 0.0020264 0.0021285 0.037282 -0.026795 0.039158 0.028399 0.031849 -0.013127 0.031849 0.013127 0 0 0 0 -0.010464 -0.0056437 0.01688 0.011401 0.025436 -0.017471 0.030943 0.033665 0.47222 -0.083507 0.47222 0.088918 0 0 0 0 -0.0067202 0.0098044 0.013591 0.010099 -0.027641 0.038009 0.045561 0.058647 0.49624 0.075407 0.49624 0.11469 0 0 0 0 -0.00035232 0.00064781 0.0014892 0.0015375 -0.0044469 0.013315 0.010593 0.022226 0.060672 -0.021045 0.061436 0.022522 0 0 0 0
-0.00043572 0.00098058 0.00051497 0.0011751 0.035375 0.002228 0.037173 0.0077703 0.045978 0.0045833 0.045988 0.0055646 0 0 0 0 -0.0026349 0.0048715 0.0043237 0.007527 0.48571 0.15349 0.53602 0.15629 0.030431 0.015111 0.030431 0.015111 0 0 0 0 0.00013062 -0.0042981 0.0027244 0.013373 0.41765 -0.12096 0.42657 0.15441 0.07494 -0.039163 0.075155 0.039378 0 0 0 0 0.00051197 0.0032806 0.0012879 0.0037355 -0.0038014 0.00096828 0.010717 0.012846 0.067016 -0.017798 0.067159 0.017862 0 0 0 0
-0.0014583 -0.0047394 0.0016712 0.0088678 0.011792 -0.0064346 0.021711 0.056129 0.064972 0.0269 0.065102 0.031617 0 0 0 0 -0.00041282 0.0056635 0.0075509 0.022172 0.43982 0.14901 0.47677 0.23616 0.11202 0.050978 0.11911 0.056013 0 0 0 0 -0.0059595 -0.0055113 0.011781 0.0083446 0.39492 -0.14329 0.42327 0.17164 0.16093 -0.056975 0.16516 0.059163 0 0 0 0 0.0012763 0.00050446 0.0027329 0.00169 0.033521 0.014748 0.03987 0.033217 0.0479 0.0085203 0.048226 0.0088904 0 0 0 0
-0.0020986 0.00043464 0.002167 0.0026243 0.017807 0.028512 0.024724 0.041686 0.063286 0.021449 0.063454 0.021617 0 0 0 0 -0.0010229 -0.0059509 0.010271 0.037809 0.41434 0.11929 0.45906 0.26092 0.12192 0.048308 0.12257 0.0493 0 0 0 0 0.00082299 -0.0010143 0.015396 0.0093174 0.41462 -0.12138 0.46416 0.17634 0.13621 -0.028668 0.13774 0.037172 0 0 0 0 -0.00033002 -0.001056 0.00077195 0.002046 0.073509 -0.0019815 0.080789 0.032744 0.01121 0.0068107 0.011224 0.0070259 0 0 0 0
0.0032354 -0.0016591 0.0032684 0.0020081 0.025132 -0.015188 0.0368 0.021195 0.044024 -0.033929 0.044024 0.033929 0 0 0 0 0.0091913 -0.0035257 0.010079 0.0058891 -0.03346 -0.055101 0.093262 0.064724 0.50894 -0.050494 0.51311 0.10255 0 0 0 0 -0.00087119 0.0003226 0.015611 0.012033 0.11173 0.056031 0.1695 0.14451 0.3948 0.014699 0.43395 0.1321 0 0 0 0 0.0010698 -0.00019386 0.0019589 0.0016227 0.0029648 0.0041129 0.02046 0.014216 0.058396 0.014949 0.075615 0.031703 0 0 0 0
-0.0042232 -0.0036054 0.0070642 0.0058151 0.032985 0.0017454 0.050101 0.037792 0.041147 -0.00092062 0.041185 0.0052996 0 0 0 0 -0.0038203 -0.0076017 0.01492 0.011145 0.097419 -0.076464 0.17394 0.094138 0.4355 -0.091863 0.4355 0.091863 0 0 0 0 -0.013814 0.0040279 0.016682 0.020717 0.079249 0.053464 0.13369 0.15262 0.48314 0.080965 0.48314 0.089118 0 0 0 0 0.0006211 0.00092348 0.0020151 0.0013772 0.031665 0.010468 0.039984 0.039599 0.041435 0.0059363 0.041435 0.0059363 0 0 0 0
0.00092178 -0.00067963 0.0019191 0.0029766 0.00045092 -0.00044236 0.012486 0.017756 0.072764 0.041151 0.072844 0.045142 -6.0084e-06 -2.3505e-06 6.0084e-06 6.0084e-06 -0.0015833 -0.0026485 0.010856 0.0088333 0.13219 -0.029542 0.20209 0.095964 0.43278 -0.091626 0.43517 0.12356 0 0 0 0 0.0026996 -0.0041429 0.014453 0.018962 0.13827 0.034377 0.18602 0.22941 0.42545 0.11032 0.42724 0.13262 0 0 0 0 -0.00013049 -0.00072456 0.00044819 0.00076497 0.082417 0.021561 0.082599 0.021637 0.0099617 0.0053491 0.010337 0.0058543 0 0 0 0
-6.0414e-05 0.0012615 0.0017846 0.0022463 -0.0062212 0.0075219 0.012232 0.010574 0.036332 0.012007 0.036992 0.015321 0.0031062 0.001005 0.0031062 0.0012148 0.0042475 0.0024308 0.017771 0.020263 -0.056499 -0.024515 0.08371 0.14633 0.48361 0.080287 0.48361 0.18405 3.8702e-05 3.8702e-05 3.8702e-05 3.8702e-05 0.013849 -4.4802e-05 0.01649 0.0032082 -0.06502 0.092108 0.088588 0.10789 0.41765 -0.06075 0.47744 0.11956 0 0 0 0 0.001349 0.00064551 0.0028409 0.00096565 0.0011137 0.0012442 0.0042723 0.0030796 0.010497 -0.023801 0.029644 0.025966 0.0067483 -0.0068134 0.0067483 0.0068134
-0.00060519 -0.00031548 0.0014405 0.00051206 0.062018 -0.018741 0.062811 0.018964 0.018048 -0.0064026 0.018457 0.0071046 0 0 0 0 -0.0026501 -0.00064735 0.0051573 0.0021758 0.062785 -0.034665 0.10789 0.042587 0.48097 -0.11661 0.48122 0.11731 0 0 0 0 -0.0019681 -3.9709e-05 0.0023897 0.0015666 0.077386 0.058458 0.10495 0.078515 0.46253 0.10022 0.46253 0.10022 0 0 0 0 0.00074008 0.001123 0.0016887 0.0011422 0.036437 0.029846 0.037353 0.030735 0.033323 0.014932 0.033841 0.015139 0 0 0 0
0.0016609 0.0010125 0.0024162 0.001579 -0.010857 0.0032406 0.013643 0.016942 0.035989 0.0050665 0.039515 0.011516 0.0057447 0.0010543 0.0057447 0.0018188 0.016798 -0.0021781 0.022122 0.011987 -0.064486 -0.0049979 0.10819 0.19197 0.45966 0.10352 0.4774 0.18386 0.00088095 0.00079476 0.00088095 0.00079476 0.012165 0.0020878 0.02016 0.0049309 -0.031659 0.070446 0.11229 0.0845 0.3997 -0.049819 0.49257 0.16183 0.00071429 -0.00080047 0.00071429 0.00080047 0.0011385 0.0014282 0.0043267 0.0018854 0.0018183 0.0043566 0.0082146 0.0059071 0.00068251 -0.012718 0.022628 0.016763 0.011197 -0.01004 0.011197 0.010089
0.00061492 -0.0015815 0.002258 0.003003 -0.0037267 -0.012836 0.012615 0.015567 0.053073 0.048095 0.053087 0.048963 0.0021731 0.0019385 0.0021915 0.0019553 -0.0093246 0.0078733 0.016578 0.013483 -0.010658 0.051161 0.10681 0.069501 0.49233 -0.016632 0.49233 0.019074 0 0 0 0 0.0013137 0.00013893 0.0048791 0.0036607 -0.077642 0.070799 0.127 0.082841 0.46362 -0.011499 0.47621 0.031215 -3.8756e-05 3.8756e-05 3.8756e-05 3.8756e-05 0.00044713 0.0003517 0.00068404 0.00052227 -0.0043318 0.0013188 0.0062612 0.0062355 0.038687 -0.036178 0.053634 0.036733 0.0016795 -0.0015732 0.001737 0.0015775
0.00047455 0.00012204 0.00049083 0.00049742 0.0057259 -0.00074077 0.0095817 0.0053652 0.072364 -0.015166 0.072665 0.016085 0 0 0 0 -0.0033585 0.0006333 0.0057087 0.017089 -0.014135 0.020281 0.030445 0.036086 0.49911 -0.081151 0.5006 0.095205 -0.00014193 0.00014193 0.00014193 0.00014193 -0.0033323 -0.0032415 0.0060766 0.0045191 0.040172 -0.015415 0.11375 0.085537 0.45551 0.064944 0.46758 0.099482 -0.00042862 -0.00010991 0.00042862 0.00010991 -0.00052124 0.00049424 0.00088167 0.00073886 0.012026 0.0035326 0.012447 0.0071127 0.060588 -0.0061905 0.061035 0.0090247 0 0 0 0
-0.00081097 -0.00020037 0.002599 0.0040166 0.031962 0.00093211 0.035911 0.010568 0.042952 -0.0053512 0.047043 0.0068256 -1.1674e-05 -3.1316e-06 1.955e-05 3.5969e-05 0.003692 0.00063375 0.010671 0.010045 0.012187 -0.021349 0.31858 0.22151 0.43278 -0.050403 0.45299 0.090084 -0.0013732 -1.5919e-05 0.0022248 0.0012424 0.0069653 0.010356 0.04186 0.052155 0.046376 -0.038671 0.24201 0.20949 0.35392 -0.066448 0.41981 0.12299 0.00046448 -0.00014367 0.0013236 0.00064005 0.00010387 0.00075323 0.0015204 0.0029704 -0.0047236 0.00049076 0.019797 0.014455 0.055957 -0.0095293 0.055957 0.0097285 0.00062083 -0.00091688 0.00062853 0.001022
0.00010933 -0.00065237 0.0028327 0.00074018 0.039915 -0.01121 0.04695 0.024349 0.038803 -0.0044273 0.039393 0.004858 0 0 0 0 0.0012462 -0.0027303 0.020304 0.011398 0.14508 -0.086627 0.21062 0.10412 0.44006 -0.067555 0.44149 0.07058 0 0 0 0 -0.005259 -0.0065496 0.0062442 0.0074422 0.17406 0.042101 0.17786 0.054135 0.46111 0.067746 0.46111 0.068242 0 0 0 0 0.00031291 0.00019569 0.00057001 0.00056221 0.055845 0.013268 0.055845 0.014627 0.031503 0.0013581 0.032031 0.0029996 0 0 0 0
0.0032654 0.0049539 0.0054894 0.0095974 -0.0087241 -0.021893 0.038501 0.042554 0.067422 0.0084195 0.069518 0.016474 0.00020034 -0.00012738 0.0004414 0.00025128 -0.0042562 -0.0090343 0.022461 0.032368 0.05746 0.017269 0.19734 0.21074 0.44174 -0.035836 0.49713 0.085086 0.0010221 0.00017338 0.0018842 0.0011893 -0.00018181 0.0087486 0.012425 0.029119 -0.055555 -0.010326 0.091624 0.063118 0.44995 -0.084917 0.45116 0.11788 0.012809 -0.015486 0.013048 0.017554 0.00062025 -0.00033104 0.002101 0.00069378 -0.0067175 -0.00095606 0.012277 0.0083629 0.019217 -0.015834 0.028493 0.018165 0.0070681 -0.0068019 0.0070681 0.006806
0.00036088 -0.00032388 0.0038345 0.0019961 0.043914 0.0096247 0.048566 0.039248 -0.018612 0.008993 0.019736 0.037854 0.00030559 -0.0013336 0.0047152 0.0017264 0.004538 0.002068 0.020363 0.014893 0.30031 0.00088899 0.40239 0.184 -0.15168 0.00341 0.1868 0.21639 0.0017175 -0.0108 0.029885 0.023405 0.0043289 -0.011968 0.016642 0.033774 0.18847 -0.13826 0.24125 0.43379 -0.065622 -0.19581 0.16947 0.45391 -0.0086813 -0.0015156 0.026319 0.075491 0.0034262 -0.0010618 0.0034319 0.0020405 0.015114 0.049363 0.019817 0.085565 -0.018826 0.01061 0.022954 0.031298 -0.0025967 -0.00046601 0.0026669 0.0024727
0.0013461 -0.00025044 0.0020786 0.0015027 0.0076935 -0.002532 0.021744 0.008825 0.057284 0.0045967 0.057359 0.019136 -0.00012008 6.7975e-05 0.00015663 0.00012758 0.016013 0.011093 0.024873 0.014406 -0.006886 -0.04591 0.21971 0.28979 0.39734 -0.027271 0.46997 0.15138 0.00019492 -0.00083922 0.0015865 0.0013138 0.0053181 -0.017576 0.01574 0.026304 -0.011383 -0.046595 0.071146 0.062587 0.45901 -0.064274 0.46004 0.08134 -0.00081255 0.0007169 0.0023246 0.0031298 -0.0003516 -0.0003804 0.00040029 0.00042386 0.0080107 0.0017995 0.0080107 0.0031392 0.059841 0.0081951 0.069162 0.012873 7.2853e-05 -4.9216e-05 0.00022175 0.0001781
0.0051371 0.0018385 0.0052742 0.0021363 -0.01617 0.021128 0.032137 0.025493 0.0031397 0.019842 0.015373 0.020505 -0.00075584 0.0010872 0.0017192 0.0013666 0.0005993 -0.0028121 0.034244 0.030516 -0.04811 -0.072692 0.31057 0.24695 0.1257 -0.034685 0.37265 0.54464 -0.047461 -0.0067079 0.066714 0.073862 0.019814 0.0096654 0.066999 0.047542 -0.19464 -0.044794 0.37989 0.10501 0.17904 -0.016613 0.34261 0.087209 -0.018818 0.0017288 0.019032 0.004896 0.0020061 0.0031862 0.0086473 0.0088732 -0.02465 0.001581 0.039194 0.009259 0.019703 -0.010888 0.030347 0.015762 -0.0014527 0.0016558 0.0028359 0.0021272
-0.0029727 0.0029601 0.0040633 0.0043974 -0.0030255 0.012747 0.012464 0.014625 0.014088 0.011838 0.014881 0.013314 -0.00094769 0.0047615 0.0042575 0.0049719 0.022993 -0.011895 0.027389 0.015161 0.060961 0.1522 0.37808 0.17549 -0.028211 0.17833 0.18818 0.2611 0.040115 -0.031549 0.10613 0.1238 0.0015917 0.011119 0.0045204 0.014517 0.26985 -0.087257 0.49337 0.10626 -0.30032 -0.071667 0.33897 0.25362 0.02976 -0.011485 0.033245 0.029253 0.0012267 0.0014017 0.0019037 0.0016716 0.043033 -0.004638 0.071579 0.0089049 -0.039484 -0.0076277 0.094451 0.016952 -0.0019075 0.0017681 0.0027934 0.0022577
0.00018658 -0.00046872 0.0003775 0.00051692 0.029619 -0.019349 0.047937 0.019349 0.081554 -0.078238 0.085413 0.078314 0.0013488 -0.0012098 0.0015397 0.0014231 0.0011941 0.019255 0.0075124 0.021037 -0.077739 0.015452 0.21171 0.10895 0.21625 -0.10137 0.51711 0.11873 0.069461 -0.07522 0.080351 0.075336 7.5783e-05 0.0093556 0.0061916 0.010002 -0.078959 0.099114 0.1782 0.11455 0.070337 0.069445 0.65632 0.19046 0.0066483 -0.0024624 0.039292 0.017147 0.0023107 0.00059402 0.00262 0.001675 0.0093167 0.0088048 0.031671 0.014866 -0.022194 -0.00013406 0.052631 0.017108 -0.0025129 -0.0028166 0.005195 0.0031533
-0.0012834 0.00060874 0.0016334 0.0011443 0.0090067 -0.00063677 0.0093534 0.0010594 0.07077 -0.002354 0.070821 0.0068475 0 0 0 0 -0.0091123 0.0093431 0.014086 0.012869 -0.0038278 0.064204 0.13448 0.069086 0.48313 -0.0070941 0.48449 0.027181 0 0 0 0 -0.00048037 0.00014802 0.0052709 0.0042762 -0.073887 0.038564 0.1152 0.056116 0.47874 -0.0027418 0.47967 0.050313 0.00023518 1.9374e-05 0.00034892 0.00034892 0.00027964 0.0003187 0.00067423 0.00055889 -0.012333 -0.00015714 0.016061 0.0031222 0.050833 -0.03494 0.05093 0.035026 0.0014014 -0.0012866 0.0014374 0.0013669
0.0008987 0.00012359 0.0010354 0.00025617 0.03379 -0.019594 0.043275 0.0227 0.051822 -0.026682 0.051822 0.026682 0 0 0 0 -0.001109 0.0011557 0.0064895 0.0035924 0.056456 0.00092297 0.12625 0.056074 0.49318 -0.078152 0.49363 0.084336 0 0 0 0 -0.0053665 0.0013465 0.01232 0.0034718 0.052937 0.051777 0.099311 0.067774 0.46243 0.055703 0.46379 0.064383 0 0 0 0 0.001281 0.00036319 0.0033793 0.0013546 0.0072006 0.009772 0.015311 0.015655 0.066183 0.023621 0.066183 0.02367 0 0 0 0
0.0014112 -0.0024901 0.0027951 0.0033319 -0.010206 -0.006334 0.043054 0.033635 0.016919 0.0014178 0.023544 0.0034646 -0.0019058 0.0018134 0.003328 0.0027389 -0.0023942 -0.0094796 0.005187 0.012694 0.1941 0.057169 0.69437 0.082649 -0.015974 0.13383 0.31165 0.13383 -0.0077935 -0.0017662 0.012545 0.0057526 -0.0044319 0.0053796 0.0050571 0.0053796 0.25912 -0.077282 0.31092 0.11045 0.037549 0.028817 0.3393 0.16937 -0.007059 0.015052 0.010325 0.015842 -0.0022457 0.005132 0.0026293 0.0070615 0.012479 0.014208 0.018164 0.03525 0.021754 -0.0065185 0.022295 0.021929 0.00093951 -0.0017874 0.0011979 0.0021161
-0.00016951 1.7191e-05 0.00072092 0.00056643 0.0020129 -0.0023406 0.0085153 0.0050192 0.052067 0.0053463 0.053416 0.020572 8.4414e-06 -3.2038e-05 8.4414e-06 9.6253e-05 -0.0025418 -0.00041263 0.0031743 0.0017904 0.010072 -0.007152 0.087752 0.033429 0.46766 -0.023777 0.47125 0.19288 0.00048432 -0.00047088 0.0013104 0.0016832 -0.0041647 0.00025113 0.0051364 0.00245 -0.026603 0.01934 0.053163 0.033474 0.47796 -0.042332 0.48512 0.17718 0.00078028 0.00039378 0.0046978 0.0024757 0.00032067 0.00010919 0.00073858 0.00065743 0.0020001 0.0026205 0.0073902 0.0034887 0.034377 0.0019958 0.051574 0.017561 0.0017701 -0.00022952 0.002054 0.00097765
-0.013176 -0.0018939 0.013176 0.0028484 -0.0030328 0.010877 0.037591 0.013478 0.023246 0.020505 0.023418 0.02128 0.0022345 0.0046799 0.0034066 0.0048063 -0.1072 -0.003029 0.1072 0.019014 0.28528 0.07226 0.32526 0.16894 -0.019296 0.03796 0.22464 0.2124 -0.0126 -0.037568 0.025752 0.038803 -0.14642 0.13655 0.14656 0.13664 -0.0060518 0.12736 0.40821 0.33188 -0.1701 -0.20455 0.17589 0.28441 0.0043227 -0.0037276 0.013731 0.020996 0 0 0 0 -0.12951 0.16555 0.12951 0.16555 -0.040748 0.019626 0.044511 0.039037 0.0013845 -0.00070384 0.0021835 0.0032745
-0.0020919 -0.0024643 0.0062778 0.0032555 0.032207 0.029821 0.054081 0.033858 -0.0028457 0.018832 0.021925 0.018892 0.0043563 0.0034329 0.0046802 0.0036693 -0.021542 -0.0032775 0.036691 0.010868 0.38001 0.025527 0.39139 0.099574 -0.071688 0.047649 0.20721 0.16921 -0.03128 -0.051607 0.041972 0.058194 -0.13559 0.12576 0.13559 0.12576 0.16632 -0.073941 0.30771 0.25084 -0.17423 -0.29555 0.17502 0.35173 -0.00061461 -0.0029532 0.010681 0.019599 -0.011123 0.010752 0.011185 0.010772 -0.10475 0.13634 0.10519 0.13825 -0.010812 0.027865 0.01288 0.042638 0.00018721 0.00043005 0.0016273 0.0026285
-0.0031397 0.00026338 0.0045859 0.005941 -0.0048914 -0.018891 0.013496 0.033118 0.039642 0.014712 0.053577 0.024917 0.018192 0.0095425 0.018192 0.0095425 -0.0052747 0.0021014 0.019179 0.030236 -0.061999 0.16193 0.10718 0.30777 0.18489 0.08 0.39453 0.24565 0.14213 -0.014938 0.14213 0.019727 0.0022083 -0.036886 0.0052069 0.039647 0.051809 -0.22329 0.13038 0.25842 0.077581 -0.090654 0.45214 0.28719 0.18803 0.0037852 0.18803 0.013171 -0.00014434 0.0031546 0.00034981 0.0031546 0.033637 0.040598 0.033637 0.040598 0.087659 0.11097 0.087659 0.11097 0.0041195 0.0035705 0.0041195 0.0035705
0.0014105 -0.0018501 0.0022269 0.0033841 -0.010118 0.0038293 0.015392 0.011941 0.0016977 0.001025 0.0035763 0.0027935 6.722e-06 0.00024918 0.00089653 0.00094274 0.0010125 2.3624e-05 0.0020536 0.0047046 0.1504 0.12754 0.28472 0.1622 0.0040893 0.30218 0.25199 0.30829 -0.036599 0.048129 0.05986 0.081734 -0.0090713 0.026688 0.010764 0.029026 0.25169 -0.0054881 0.43315 0.13814 -0.20646 -0.18784 0.37088 0.28503 -0.0032741 -0.028588 0.047914 0.053355 -0.0020993 0.0013583 0.00335 0.0026557 -0.01043 0.0019074 0.097322 0.031266 -0.0052596 -0.00374 0.061641 0.018046 0.0050808 -0.0040612 0.0069236 0.0049401
0.00034982 0.00072871 0.002912 0.00094784 0.0062954 0.008144 0.024183 0.014506 0.008953 0.011173 0.052063 0.01202 0.008069 0.001881 0.008706 0.0026238 0.032495 -0.0089434 0.033743 0.019573 0.23488 0.059008 0.3026 0.14904 0.021282 0.11994 0.45103 0.26719 -0.028198 -0.017887 0.0819 0.059181 -0.028328 0.029537 0.042264 0.055964 0.263 -0.13276 0.38451 0.27343 -0.057936 -0.18648 0.27465 0.27203 -0.00011348 0.0084185 0.019436 0.02262 -0.0010107 -0.0088454 0.0060918 0.010424 0.032924 0.015893 0.059421 0.064455 -0.0056278 0.030606 0.045249 0.054493 0.00010887 0.00042878 0.0033673 0.0066746
-0.00079968 -0.0033679 0.007061 0.0040225 -0.0055193 0.0081891 0.034419 0.019789 0.010077 0.017454 0.042353 0.022454 0.0057247 0.001393 0.0058454 0.0027539 0.0039714 0.014367 0.032781 0.017858 0.14232 0.13702 0.29475 0.18653 0.06785 0.19578 0.37887 0.2699 0.0024973 0.024357 0.03378 0.031782 0.025142 0.014571 0.059505 0.029535 0.069739 -0.079731 0.40117 0.35145 -0.075137 -0.23165 0.31541 0.32419 0.021687 -0.015507 0.045731 0.033437 -0.0041054 -0.0067791 0.0079354 0.0079063 0.0020735 0.011216 0.016763 0.020467 0.012729 0.0087797 0.017098 0.025768 0.0024366 -0.0044095 0.0049164 0.008717
-0.00019177 -0.001639 0.0021684 0.0032119 0.039134 -0.0049559 0.057134 0.025616 -0.023354 0.00089604 0.024827 0.016425 -0.00099429 -0.0013493 0.0037577 0.0038794 0.0049544 0.0041691 0.025708 0.024027 0.23826 -0.037311 0.37864 0.3139 -0.089401 0.027201 0.1658 0.34502 -0.014239 -0.00067964 0.022635 0.019586 -0.011069 -0.0041531 0.027145 0.015421 0.30758 -0.023895 0.37758 0.30459 -0.13771 -0.023522 0.20658 0.36077 -0.010684 1.6462e-05 0.019204 0.039366 -0.0023131 -0.00067711 0.0038873 0.0018647 0.046466 -0.010373 0.070002 0.019209 -0.017806 -0.017035 0.018801 0.027088 -0.0026726 -0.0012753 0.0049163 0.0059303
0.0005192 -0.00026099 0.00068635 0.000529 -0.0085386 0.0060509 0.018578 0.012693 0.08461 -0.024522 0.085148 0.025856 -0.00015361 -6.2487e-05 0.00019269 0.00017216 0.0039226 -0.0011539 0.0039302 0.0016391 0.016275 -0.00097689 0.050305 0.022918 0.43772 -0.035864 0.57647 0.077727 0.00061928 0.00016035 0.00070163 0.00085533 0.0036855 -0.00058149 0.0036855 0.0012821 0.02932 -0.013593 0.029697 0.021457 0.45082 0.032726 0.46568 0.13247 -0.00048039 0.00012266 0.00061135 0.00059534 0.00040511 -0.00017524 0.00041364 0.00023697 0.0031635 -0.0010228 0.0032434 0.0019312 0.061751 -0.0080619 0.063306 0.0082358 -0.00012804 -2.8702e-05 0.00012804 7.6008e-05
0.00043242 0.00026928 0.00043242 0.00033053 0.06644 -0.014553 0.067326 0.015359 6.3272e-05 2.4752e-05 6.3272e-05 6.3272e-05 0 0 0 0 0.0059385 -0.0041632 0.010939 0.010943 0.48328 0.024541 0.51447 0.10202 0.0017396 -0.0021715 0.0041103 0.0056404 0 0 0 0 0.0027727 0.0025785 0.0056819 0.0053726 0.48178 -0.016071 0.48812 0.052398 0.004455 0.0017861 0.004455 0.0023936 0 0 0 0 0.0022135 0.0023437 0.0022977 0.0023946 0.056947 0.022263 0.056958 0.022263 0 0 0 0 0 0 0 0
0.0002257 0.00091025 0.00491 0.0024409 -0.0088036 0.017263 0.041635 0.020705 0.032129 0.0087578 0.036885 0.018613 -0.0014291 0.0053463 0.0075283 0.0073889 -0.0021904 0.019231 0.02709 0.021116 0.12939 0.080133 0.31248 0.15377 0.054284 0.088469 0.45402 0.34528 -0.032747 -0.033698 0.047073 0.059688 0.030609 -0.00076692 0.035081 0.031568 0.034909 -0.095155 0.42184 0.36483 -0.15221 -0.16448 0.22452 0.27761 0.00092213 0.0053833 0.013684 0.016298 0.00057785 -0.0023292 0.0039468 0.0071779 0.0081696 0.0080333 0.016631 0.015255 0.0097696 -0.0011721 0.019865 0.021171 0.00098827 0.0028165 0.0027012 0.004823
-0.011988 -0.035389 0.012041 0.035431 -0.044256 -0.21013 0.054639 0.22081 -0.0085616 -0.16532 0.038515 0.16532 0.015265 -0.022512 0.015271 0.022521 -0.0092601 -0.042469 0.021682 0.042812 0.14885 0.089321 0.33274 0.17968 -0.10845 0.18625 0.19379 0.32763 0.017082 -0.041409 0.034862 0.041409 0.005998 -0.00073846 0.0075515 0.0040497 0.38152 -0.06526 0.39746 0.095473 -0.22916 0.076401 0.2342 0.17221 -0.016599 0.0016398 0.026919 0.014043 0.0021992 0.003672 0.0022586 0.0040227 0.041402 0.031442 0.046548 0.031934 -0.013847 0.0031931 0.022627 0.01236 -0.008878 0.002242 0.0093143 0.0024241
-0.0018357 0.00072269 0.0028111 0.001332 0.067755 -0.0058668 0.073037 0.010316 -0.00025034 0.00040001 0.0013707 0.0025145 0 0 0 0 0.0042196 -0.0026736 0.0042196 0.0029725 0.47758 0.024551 0.50347 0.095678 -0.0020745 0.00070781 0.0020745 0.0022549 0 0 0 0 0.0017627 -0.0005058 0.0039499 0.0021481 0.48326 -0.052756 0.49131 0.086825 -0.0010576 -0.00047491 0.0077102 0.0079875 0 0 0 0 0.00044986 -0.00015094 0.00046711 0.00021567 0.077973 -0.013313 0.08134 0.015901 0.00061529 -0.00025941 0.0013659 0.00065467 0 0 0 0
1.7666e-05 -0.0001105 0.00086856 0.0039525 0.047868 -0.011495 0.050933 0.015056 0.034877 -0.0031554 0.035072 0.0033504 0 0 0 0 0.0034438 -0.0033446 0.0040902 0.0041422 0.16087 -0.042237 0.19974 0.086346 0.47023 -0.030494 0.4728 0.033574 0 0 0 0 0.0022981 -0.00048643 0.0023462 0.0018967 0.21241 0.023585 0.21241 0.039828 0.42646 0.036506 0.4271 0.037149 0 0 0 0 0.00011452 -0.00013246 0.00075525 0.00065012 0.069 0.0060517 0.069385 0.012497 0.025314 0.0046732 0.025314 0.0048682 0 0 0 0
-0.0003457 0.00086404 0.00065325 0.0011349 -0.00085589 -0.0069635 0.015743 0.021419 0.071407 0.0019955 0.071456 0.0152 -1.994e-05 2.8389e-06 3.6087e-05 8.0734e-06 -0.0063975 0.010345 0.019575 0.021597 0.0045103 0.027801 0.26668 0.35664 0.38135 -0.048789 0.5014 0.18841 0.00056702 0.00041345 0.0016158 0.0013708 -0.007807 -0.0024606 0.019506 0.045531 0.0095212 0.014442 0.14213 0.22662 0.28468 -0.094173 0.41277 0.1311 0.012105 -0.017726 0.012933 0.018111 -0.0015084 -0.0024459 0.0018313 0.0036483 0.0032232 -0.0046051 0.01685 0.0067367 -0.0003469 -0.0076144 0.017793 0.0099019 0.0091462 -0.0083905 0.0092225 0.0087883
0.00045325 0.00025204 0.0007379 0.0016398 0.049733 0.00017199 0.058227 0.011208 0.039994 -0.0016743 0.040195 0.0060417 0 0 0 0 -0.0092907 0.017873 0.012916 0.019625 0.15438 -0.014368 0.20923 0.060755 0.45055 -0.033117 0.45424 0.035229 0 0 0 0 -0.025237 -0.01854 0.026115 0.019343 0.18528 -0.011072 0.2127 0.08487 0.45023 0.033245 0.45061 0.037264 0 0 0 0 -0.00095576 -0.0001706 0.0013154 0.00069539 0.044229 0.0095694 0.044493 0.012077 0.051116 -0.00097869 0.051344 0.0037428 0 0 0 0
0.00061621 0.00017079 0.0006326 0.00026671 0.078826 -0.015261 0.079333 0.016899 -0.00014846 6.443e-06 0.00029367 0.00016114 0 0 0 0 -0.0094788 -0.0034558 0.010272 0.013789 0.5154 -0.0058019 0.5326 0.094503 0.045665 2.0023e-06 0.047388 0.023296 0 0 0 0 -0.0033384 0.0016515 0.0077112 0.0060701 0.43309 0.019216 0.43466 0.062432 0.12785 -0.017122 0.12785 0.027525 0 0 0 0 0.0015368 0.0017351 0.0018643 0.0021586 0.057925 0.031409 0.057925 0.031409 0.0071595 0.0039873 0.0071595 0.0039873 0 0 0 0
0.00018964 -0.00052189 0.00027023 0.00055165 0.010525 -0.0081807 0.01062 0.0082762 0.076212 -0.031754 0.077248 0.032664 4.7886e-05 3.1396e-05 0.00016161 0.00031873 0.00037766 -0.00099455 0.0015437 0.0020156 0.027046 -0.013566 0.030841 0.017179 0.51249 -0.026641 0.51347 0.072176 3.2401e-05 0.00068544 0.00044616 0.00068544 -0.0003423 0.001973 0.003058 0.0043314 0.059543 0.017514 0.064541 0.035053 0.45771 -0.0033947 0.45999 0.12337 0.0014375 -0.0015365 0.0040438 0.0032282 -0.0018049 0.0025291 0.0019763 0.0025752 0.012978 0.010352 0.023084 0.021476 0.043769 -0.0037087 0.048899 0.012017 0.0026612 -0.00047626 0.0027798 0.00082606
0.0011376 0.0016532 0.0039088 0.0026742 0.0070825 -0.0085952 0.027627 0.011189 0.070691 -0.019596 0.072064 0.020365 0.00011429 -4.205e-06 0.00011429 5.9249e-05 -0.0069793 -0.010281 0.010718 0.011369 0.096006 -0.017187 0.1048 0.023052 0.44797 -0.069897 0.4832 0.071023 -0.000207 -9.85e-05 0.00063883 0.00061652 -0.0017448 -0.0013882 0.0019611 0.0022994 0.07167 -0.0063314 0.075616 0.018761 0.49137 0.083409 0.49655 0.085002 0.00034323 0.00010426 0.00058377 0.00058377 8.2445e-05 -0.0002486 0.00026647 0.00046815 0.02631 0.011092 0.027741 0.014163 0.059841 0.00080622 0.060092 0.0050438 -1.1472e-05 -2.1862e-07 2.946e-05 2.5958e-05
0.00027009 -0.00025787 0.00035035 0.00036103 0.040026 -0.0027149 0.040197 0.0039743 0.067092 -0.044229 0.071702 0.044338 7.8207e-05 6.9705e-05 0.00030111 8.2816e-05 -0.0020275 0.016386 0.0038957 0.018703 0.013463 0.026561 0.20709 0.15354 0.38963 -0.1238 0.47535 0.16162 0.053794 -0.029053 0.054258 0.029534 0.00035473 0.0034029 0.011231 0.012586 -0.02944 -0.028844 0.1542 0.087119 0.1628 -0.022958 0.59806 0.18844 0.091279 -0.039863 0.096256 0.040287 -0.0029951 0.00071727 0.0031188 0.001071 0.030786 0.037762 0.051382 0.053475 -0.026392 -0.016505 0.065008 0.027651 5.0853e-05 -0.0051077 0.011459 0.0052827
-0.0019892 -0.0038713 0.0061683 0.016994 -0.02847 -0.025591 0.055687 0.037153 0.03669 -0.0027847 0.05956 0.030571 -0.0054058 -0.0067111 0.0061844 0.010698 -0.021902 -0.0014026 0.039281 0.060522 -0.13452 -0.035359 0.21734 0.056805 0.18226 -0.058696 0.41119 0.091746 -0.018253 0.0057088 0.026204 0.012597 -0.012924 -0.0075703 0.02245 0.012857 -0.003134 -0.014164 0.2029 0.11642 0.13078 0.064544 0.3745 0.69055 -0.0069234 -0.005123 0.024204 0.035602 -0.00073031 0.0014044 0.0024625 0.003454 -0.0089103 -0.00212 0.012663 0.0055772 0.0051435 0.0048875 0.0087116 0.013409 0.0015862 0.0014537 0.0027082 0.0045893
-0.00155 0.00012363 0.0017598 0.00062265 0.01096 -0.0071952 0.018669 0.011239 0.082449 -0.028123 0.082449 0.028123 0 0 0 0 -0.0037908 0.0033575 0.0064798 0.0037873 0.07949 0.030996 0.20108 0.078117 0.45196 -0.043684 0.47247 0.076111 -0.0004018 -9.5063e-06 0.00075949 0.00089592 -0.017707 0.0019363 0.029044 0.007327 0.055375 0.038337 0.16015 0.1003 0.44543 0.049711 0.47713 0.11342 0.00047361 -0.00012405 0.00070651 0.00065127 0.0011066 -0.0010036 0.0054191 0.0022413 0.0075389 -0.0011801 0.011515 0.006713 0.071489 0.023328 0.075727 0.023484 3.0149e-05 3.4246e-05 3.4246e-05 3.4246e-05
-0.00078941 -0.0008617 0.0012458 0.00099639 0.080501 -0.014352 0.080501 0.014482 0.009698 -0.0027106 0.0098963 0.003045 0 0 0 0 -0.0017269 -0.0016407 0.0022549 0.0023665 0.52764 0.039578 0.52764 0.055 0.11323 0.0068069 0.11473 0.012601 0 0 0 0 0.0050459 0.0031852 0.0062646 0.0063207 0.36951 -0.005669 0.37093 0.092019 0.22886 -0.037612 0.23051 0.040776 0 0 0 0 0.003988 0.0024002 0.0040151 0.002442 0.020539 0.0024903 0.03477 0.013226 0.052839 -0.0038419 0.052918 0.0041369 0 0 0 0
-0.0040518 -0.0056779 0.0065071 0.0073227 0.045379 0.0067619 0.065757 0.016488 0.0025015 -0.056441 0.09487 0.06617 0.017069 -0.0016825 0.018927 0.018562 -0.0036143 -0.0017907 0.0064481 0.011303 0.4223 0.083537 0.50324 0.096495 -0.14323 0.08265 0.2311 0.10335 0.06853 -0.043946 0.16905 0.07753 -0.015002 0.018045 0.059451 0.029619 0.36594 -0.08954 0.39902 0.13177 -0.064686 -0.023075 0.20652 0.13132 -0.024318 0.0011835 0.033166 0.016429 0.0019457 -0.0048332 0.0083751 0.0051666 0.016154 -0.0064698 0.025284 0.015277 0.023515 -0.032463 0.026514 0.033673 -0.0027402 -0.0033902 0.0061011 0.0056007
0.00031422 0.00085457 0.00036791 0.0011143 0.012222 0.0040557 0.04712 0.0080249 0.0085531 -0.0036902 0.06385 0.021873 0.0011453 -0.0034072 0.0049688 0.00445 -0.0033675 0.009569 0.0061154 0.012406 -0.09909 0.0079538 0.22837 0.076114 0.164 -0.031413 0.47825 0.093542 -0.048952 0.0097438 0.054588 0.020096 0.00055999 0.01786 0.0073419 0.02071 -0.11445 0.056541 0.17043 0.082466 0.13473 0.084462 0.73157 0.15513 -0.050121 0.012276 0.052452 0.014682 -0.00054237 -0.00031714 0.0015829 0.0011428 0.01508 0.021574 0.044783 0.027775 -0.020145 -0.0077513 0.070452 0.037676 -0.0021574 -0.0032273 0.0035904 0.0038703
0.00089075 0.00013577 0.0013676 0.00072277 -0.010149 -0.0033447 0.010149 0.0094114 0.055603 -0.0030293 0.056632 0.0057899 0 0 0 0 -0.00058109 0.0013329 0.018794 0.030195 -0.035531 -0.10693 0.078913 0.17675 0.44069 -0.037644 0.44963 0.092109 0 0 0 0 -0.013186 -0.025609 0.016168 0.033335 0.025729 -0.0053226 0.03601 0.019415 0.4959 0.052675 0.51013 0.073973 0 0 0 0 -0.00088883 0.0013127 0.0013139 0.0018018 0.0011283 0.00080959 0.0094787 0.0059512 0.08796 0.022172 0.08796 0.024073 0 0 0 0
-0.0019929 -0.00097752 0.0023922 0.0017459 0.0061497 -0.0056733 0.0099915 0.0072688 0.063083 0.010185 0.075535 0.014149 0.00016412 1.8158e-05 0.00021052 8.172e-05 -0.0082626 -0.005638 0.008561 0.0075434 0.084361 -0.047764 0.092443 0.06647 0.47683 -0.032914 0.49687 0.09594 0.00071033 -0.0001186 0.0012151 0.00077724 -0.0013608 0.00070441 0.0039007 0.0029107 0.057015 0.035708 0.089821 0.041697 0.477 -0.0018368 0.47757 0.076017 -9.9812e-05 -8.1236e-06 0.00038921 0.0010561 0.00051154 0.00080124 0.001473 0.0013424 0.018737 0.015563 0.022648 0.01616 0.050353 0.011262 0.051919 0.012947 -0.00012243 2.2455e-05 0.00020808 0.00042734
-0.0017668 -0.00090381 0.0017831 0.0010423 0.0033233 -0.00093258 0.0093879 0.0054945 0.014164 0.011076 0.019153 0.013271 0.0069743 0.011968 0.0069975 0.012025 -0.0037866 -0.0052718 0.0044204 0.0052718 0.037222 0.0037209 0.052395 0.019284 0.47858 0.097412 0.48416 0.23056 0.0033094 0.0040727 0.0034864 0.0040727 0.0013318 -0.00053299 0.0016757 0.00084175 0.054754 -0.00075472 0.067089 0.016547 0.47046 -0.019887 0.47234 0.076415 0.0002059 -3.7395e-05 0.0002059 0.0002059 7.2272e-05 0.00015445 0.0004937 0.00031026 0.0084443 -0.00024938 0.0086128 0.0020622 0.067527 -0.005865 0.067533 0.0098313 -0.00016704 2.2014e-05 0.00020091 0.00010149
-0.0010253 -0.00027707 0.0011937 0.0035284 -0.0016268 0.0062771 0.0043909 0.0070911 0.074114 -0.014756 0.079053 0.015013 0.000336 2.3796e-05 0.00052423 5.7662e-05 -0.0029376 -0.0036034 0.0063854 0.0063808 0.066916 -0.04407 0.095109 0.075623 0.48108 0.028291 0.52292 0.092658 0.0003545 -0.00031092 0.0010942 0.0014405 -0.0030256 0.0026088 0.0067334 0.0057476 0.07089 0.03366 0.09117 0.0417 0.45582 -0.020121 0.45887 0.097319 0.00081697 0.00017946 0.00081697 0.00081697 0.00010557 0.00031569 0.0011076 0.0010782 0.012896 0.013085 0.014599 0.013085 0.057044 0.010677 0.057255 0.015757 0 0 0 0
0.00020065 -0.00013255 0.00027906 0.00017445 0.035861 0.0068918 0.036666 0.010514 0.071369 -0.020507 0.073 0.023051 0 0 0 0 -0.0032856 0.01068 0.0064587 0.011739 0.14762 0.029481 0.18631 0.13813 0.47052 -0.031111 0.47362 0.070821 -0.00018823 0.00012635 0.00050089 0.00050089 -0.0033791 0.0010173 0.012611 0.025959 0.20994 0.02881 0.26154 0.11161 0.34713 -0.060042 0.42247 0.11421 -0.00022663 -2.7365e-05 0.00081912 0.0014441 0.0010159 0.00072453 0.001579 0.0012096 0.0069962 0.0024045 0.060257 0.044971 0.053531 -0.014721 0.076652 0.021747 2.7373e-05 -9.3246e-05 0.00022397 0.00022696
0.00023398 0.00046558 0.0018402 0.0020747 0.014866 -0.0074497 0.031405 0.0096173 0.062448 -0.0027363 0.063565 0.0052306 -2.0394e-05 -8.4485e-05 0.00055134 0.00046577 0.0076411 0.0016373 0.0091549 0.0035019 0.088924 -0.024354 0.26356 0.06336 0.43397 -0.0021483 0.44566 0.043304 0.00055801 0.00014469 0.002345 0.00092224 0.010612 -0.0042445 0.012512 0.0082295 0.10464 0.021512 0.30312 0.064539 0.43108 0.0063468 0.45694 0.07826 0.00041676 -0.00014387 0.0023942 0.00072895 -1.9689e-06 0.00093394 0.00080657 0.0010017 0.013392 -0.00099025 0.032076 0.009081 0.068283 0.0038094 0.071428 0.0048165 -5.0555e-05 1.006e-05 5.3069e-05 6.0547e-05
-0.0014505 -0.00045731 0.0018973 0.0014068 0.034147 0.011336 0.040306 0.021461 0.059032 -0.032618 0.069969 0.043079 0 0 0 0 0.0022719 -0.0077334 0.011685 0.012691 0.23424 -0.0085451 0.30477 0.12046 0.16917 -0.14821 0.5612 0.31929 0.0060419 -0.0055664 0.0060419 0.0055664 0.001027 0.0034969 0.0076078 0.0058917 0.012589 0.037121 0.18161 0.079155 0.091414 -0.083003 0.49332 0.15476 0.11358 -0.04505 0.11358 0.04505 0.00084529 -0.00061148 0.0020689 0.0011589 0.0099059 -0.0092018 0.0165 0.010641 -0.015062 -0.0020327 0.018166 0.009029 0.015243 -0.00070679 0.015243 0.0018707
-0.0035788 0.00041715 0.0076624 0.0034557 0.021431 0.015844 0.029916 0.02741 0.06537 -0.021569 0.082886 0.052305 0.0031363 -0.0015633 0.0031363 0.0015633 -0.0069181 -0.0089768 0.034516 0.019083 0.20176 0.0083259 0.26981 0.12763 0.066966 -0.096898 0.36816 0.2698 0.16727 -0.007585 0.16727 0.022098 0.0095018 0.0098883 0.035037 0.017987 0.013624 -0.063859 0.21896 0.17462 0.32318 -0.038457 0.51797 0.25756 0.043688 0.022126 0.043688 0.022343 -0.0027591 0.0024004 0.0084397 0.002593 0.015868 0.019639 0.051918 0.0441 0.084061 0.10801 0.085777 0.10801 0 0 0 0
-0.00026095 -3.8641e-05 0.00070105 0.00046196 0.019855 0.0048267 0.10403 0.0096487 -0.018492 0.006538 0.018859 0.0065485 -0.00056376 8.7121e-05 0.00068112 0.00022384 0.00034007 -0.00091255 0.0019403 0.0029619 0.19782 0.058 0.71821 0.1057 -0.16535 0.057158 0.16535 0.062743 -0.0053682 0.0044294 0.0063051 0.0054234 1.2452e-06 0.00063984 0.0033637 0.0021522 0.17826 -0.025782 0.53306 0.083952 -0.11423 0.04335 0.11423 0.050129 -0.01052 0.0071479 0.011061 0.0077085 0.00031454 -8.5225e-05 0.00052804 0.00042007 0.025561 -0.01106 0.028997 0.012907 -0.0056779 -0.0015033 0.0060786 0.0024164 -0.0027632 -0.00012076 0.0037191 0.00097831
8.1772e-05 -7.7211e-06 0.0002525 0.000208 0.010254 0.0018711 0.052845 0.0089542 0.012365 -0.0095366 0.048507 0.032763 0.00094487 -0.0033981 0.0060511 0.0056985 -0.0047193 0.013798 0.0071292 0.01578 -0.07689 0.0056608 0.24486 0.092215 0.16264 -0.042552 0.52461 0.092825 -0.047589 0.0079771 0.053681 0.020487 -0.0029632 0.012976 0.0065865 0.015319 -0.1178 0.030232 0.16806 0.053608 0.15323 0.046729 0.70462 0.12112 -0.048089 0.0098534 0.053371 0.012046 -0.00096041 -0.00016969 0.0014041 0.00092374 0.011587 0.022601 0.043101 0.02744 -0.012559 0.0064666 0.087118 0.030315 -0.0048637 -0.00066286 0.0058407 0.0022113
0.00072794 -0.0040504 0.0011347 0.0050203 -0.0050197 -0.030019 0.0063452 0.032342 -0.0073022 -0.014099 0.010793 0.024209 -0.00097047 0.0035393 0.0018445 0.0039073 -0.017555 0.007142 0.025007 0.035315 0.33744 0.093018 0.39917 0.1834 0.066908 0.2312 0.13856 0.2728 0.00061576 0.027976 0.015543 0.043926 -0.022679 0.0027935 0.03518 0.024603 0.30747 -0.12413 0.36562 0.19286 0.050123 -0.1723 0.30986 0.20041 -0.014769 -0.015845 0.036044 0.019859 -0.0099996 0.046511 0.0099996 0.046511 -0.076872 0.13976 0.08025 0.14345 0.053436 0.0041166 0.066277 0.06964 -0.0020281 0.020425 0.010873 0.037067
-4.2293e-05 5.8162e-05 0.00021655 0.0003933 0.00093153 -0.0022876 0.001901 0.0025182 0.072541 -0.0045375 0.07438 0.0045957 0 0 0 0 -0.0024941 0.006369 0.0031884 0.011678 -0.018729 0.026858 0.024554 0.03259 0.50859 0.02373 0.50859 0.028121 0 0 0 0 -0.0007141 0.00092005 0.0036075 0.012707 -0.017152 0.041783 0.028446 0.076389 0.45318 -0.049336 0.48714 0.097087 0 0 0 0 -0.00087132 -0.00072678 0.00093195 0.0010988 0.0028187 -0.0065462 0.0035785 0.015892 0.03144 -0.024199 0.03597 0.029713 0.0045094 -0.0034284 0.0045346 0.0034566
-0.02034 -0.0057005 0.020347 0.0057041 0.030496 0.010883 0.041198 0.013211 0.020161 0.018284 0.030046 0.019526 -0.0034232 0.0018308 0.0059303 0.0026136 -0.12583 0.033648 0.12583 0.035134 0.23459 0.072262 0.30648 0.08277 -0.11491 -0.11074 0.26147 0.1699 0.0064053 -0.037424 0.016014 0.038643 -0.15668 0.086446 0.15668 0.086446 -0.0089644 0.13526 0.36801 0.35078 -0.21028 -0.12325 0.22391 0.16603 -0.0034149 -0.00033717 0.0038977 0.0048681 -5.8787e-05 5.8787e-05 5.8787e-05 5.8787e-05 -0.064207 0.19715 0.064207 0.19715 -0.044982 0.22843 0.045111 0.22856 -0.013788 0.010023 0.014179 0.011626
-0.00075944 0.00031439 0.001701 0.00056899 0.015009 -0.0039964 0.018352 0.010789 0.022259 -0.0061975 0.076438 0.029714 -0.0026558 -0.0037472 0.0083249 0.0050876 0.032413 -0.0039683 0.058181 0.03846 -0.11367 0.091417 0.29808 0.24092 0.10506 -0.03738 0.42761 0.14302 0.026202 -0.0064374 0.031471 0.013382 -0.00074182 -0.011399 0.0085492 0.01353 0.029802 -0.0020978 0.38542 0.44228 0.047661 -0.019924 0.40019 0.29376 -0.038665 -0.01242 0.041437 0.016909 -0.0018648 0.0026299 0.0021336 0.0033559 -0.00044432 -0.017799 0.024192 0.024117 -0.0048711 -0.012433 0.009174 0.01343 0.0019527 -0.001256 0.0031397 0.0028969
0.0046464 -0.0051169 0.005492 0.005495 -0.0095389 -0.011 0.039176 0.028168 0.080986 -0.06717 0.11381 0.067925 0.0080196 -0.00639 0.0080196 0.00639 0.0010221 0.012592 0.0093109 0.02406 0.044377 -0.035359 0.19669 0.27892 0.21896 0.0039731 0.44338 0.21348 0.11601 -0.067227 0.16566 0.096441 0.015637 0.024692 0.030054 0.039466 -0.15708 -0.0070283 0.34106 0.29735 0.27863 -0.021469 0.3923 0.12484 0.023829 -0.042154 0.10749 0.053784 -0.0011376 -0.0019368 0.0026694 0.0040533 -0.026522 0.009937 0.041061 0.016643 0.020688 0.007954 0.040201 0.030296 -0.0021916 -0.005789 0.0075471 0.0083498
0.0051656 0.0017187 0.007357 0.010207 0.018097 0.030715 0.027072 0.08352 -0.012398 -0.026782 0.021819 0.084263 -0.0053436 0.0017572 0.0056216 0.0048068 -0.034161 0.023989 0.083858 0.048117 -0.057532 -0.31113 0.070719 0.32948 0.14916 -0.03152 0.19827 0.23056 0.018215 0.048045 0.020697 0.051946 -0.13073 0.04772 0.13073 0.051209 -0.1568 0.15283 0.18761 0.21912 0.39204 -0.01288 0.47873 0.22177 -0.0013536 -0.016325 0.033521 0.026658 -0.033991 0.027467 0.033991 0.027467 -0.029673 0.086381 0.046746 0.095675 -0.0091753 0.038747 0.034629 0.071081 0.00515 -0.004649 0.0066968 0.0080056
-1.227e-05 0.00063645 0.00021621 0.00096306 0.010069 0.0034461 0.060679 0.0082634 0.021635 0.00039397 0.045868 0.031904 -0.0017944 -0.0012484 0.0048339 0.0050464 -0.0042602 0.01235 0.0052941 0.014785 -0.067363 -0.0067429 0.26737 0.12547 0.18461 -0.016257 0.49473 0.09717 -0.048802 0.0083993 0.056027 0.02675 0.0018861 0.0075904 0.0071814 0.0081941 -0.10012 -0.012202 0.15349 0.054401 0.17794 -0.012465 0.7095 0.10734 -0.056664 -0.0012887 0.06114 0.01237 -0.0028831 -0.0011007 0.0030066 0.0022324 0.017674 0.028784 0.055274 0.041051 -0.012982 -0.0019257 0.085683 0.034737 -0.0053144 0.00018357 0.0059782 0.0023561
0.0016186 -0.0011086 0.0019204 0.0012883 0.0099242 -0.0077426 0.011677 0.011853 0.078078 -0.022334 0.078752 0.022799 0.00014583 7.7266e-05 0.00027061 0.00047294 -0.0002677 0.0092304 0.0027835 0.0092304 0.11964 -0.012737 0.12101 0.079799 0.47067 -0.047377 0.48108 0.071364 -0.00023536 -7.9379e-05 0.00033435 0.00052186 0.0031476 0.0090913 0.0083706 0.0092772 0.038532 0.045305 0.047953 0.049789 0.48093 0.037657 0.48318 0.066812 0.00094682 -4.1168e-05 0.0021186 0.0015701 0.00015167 1.9447e-05 0.00076183 0.00056728 -0.0006509 0.0010456 0.0020731 0.0030856 0.073619 -0.0039605 0.074262 0.0096979 0.00016629 -0.00011723 0.00025622 0.00027638
-0.00076041 -0.0043533 0.001129 0.0045394 -0.00052052 0.0026671 0.0043625 0.0096965 0.05401 -8.0585e-05 0.06094 0.0051211 -1.3434e-05 -4.724e-06 1.3434e-05 1.3434e-05 -0.012718 -0.011363 0.012727 0.02383 0.045166 -0.060067 0.078831 0.12629 0.43888 -0.026488 0.45363 0.095452 0 0 0 0 0.0013618 -0.00015469 0.0028072 0.0031055 0.050878 -0.004702 0.050878 0.01043 0.47001 0.038788 0.55423 0.078267 0 0 0 0 9.7479e-05 -0.00012465 0.00070177 0.00067737 0.0061289 8.3867e-05 0.0061349 0.0018395 0.08335 0.023617 0.08335 0.023826 0 0 0 0
