0.00048456 -0.00019505 0.0033075 0.00031415 0.022043 0.00092193 0.022043 0.0017164 0 0 0 0 0 0 0 0 0.0067704 -0.0015558 0.03482 0.0026179 -0.042289 -0.21205 0.33383 0.22476 0.17237 -0.25843 0.17299 0.25843 0 0 0 0 -0.0073308 -0.012169 0.034869 0.012508 -0.0060978 0.022215 0.57915 0.2543 0.2244 0.19037 0.22647 0.2152 0 0 0 0 -9.4845e-05 -0.00058876 0.0081714 0.0022415 0.041619 -0.026168 0.06378 0.043046 0.022111 -0.0016605 0.022935 0.0022607 0 0 0 0
0.00017238 -9.1869e-05 0.0002119 0.00015021 0.015606 0.0048196 0.029364 0.0080051 0.046178 0.013151 0.047457 0.013261 0 0 0 0 0.00075369 -0.0018429 0.0023277 0.0018853 -0.039377 -0.072266 0.27205 0.12031 0.43943 -0.11831 0.43943 0.14676 0 0 0 0 0.023553 0.0075779 0.024613 0.0083913 0.01233 0.18865 0.30388 0.21201 0.33447 0.19325 0.33447 0.19325 0 0 0 0 0.0063522 0.0017425 0.0064688 0.001859 0.039902 0.0099161 0.048806 0.012201 0 0 0 0 0 0 0 0
2.7955e-05 -0.00010339 0.00020893 0.00019638 0.067843 -0.014195 0.070257 0.041333 0.0018202 -0.0018202 0.0018202 0.0018202 0 0 0 0 0.04695 0.0069435 0.047035 0.017382 -0.099305 -0.077455 0.20872 0.14227 0.4483 -0.15952 0.4483 0.15952 0 0 0 0 0.029001 0.016022 0.036862 0.021691 0.096608 0.28658 0.23345 0.34689 0.21748 0.20759 0.21748 0.20759 0 0 0 0 0.0030534 0.0022043 0.0048786 0.0033351 0.02018 0.014021 0.02018 0.014021 0 0 0 0 0 0 0 0
-0.0039653 -0.0034207 0.0040797 0.0034207 0.068749 0.0023241 0.079469 0.007353 0.016789 0.0025095 0.016789 0.0065614 0 0 0 0 0.00031356 5.9581e-06 0.0022836 0.002272 0.059342 0.029351 0.28953 0.20325 0.40691 -0.1404 0.40691 0.1404 0 0 0 0 0.02697 0.02602 0.030998 0.029891 0.079454 0.30855 0.24303 0.37439 0.23725 0.18861 0.23725 0.18861 0 0 0 0 0.0071878 0.0071001 0.0076546 0.0075368 0.0065345 0.0065345 0.0065345 0.0065345 0 0 0 0 0 0 0 0
0 0 0 0 0.0034528 -0.03326 0.01993 0.03326 7.775e-05 -6.9343e-05 0.00010838 0.00010838 0 0 0 0 -0.037744 -0.0323 0.037744 0.0323 -0.11577 -0.23372 0.26978 0.2544 0.4141 -0.15079 0.4141 0.15079 0 0 0 0 -0.034421 -0.028933 0.034897 0.029575 0.09396 0.049319 0.22565 0.068207 0.37186 0.14597 0.37186 0.15484 0 0 0 0 -0.0002803 -0.00020454 0.00036719 0.00023299 0.027245 0.0059919 0.034606 0.01187 0.040982 -0.0099227 0.041135 0.010076 0 0 0 0
-0.0017224 -0.0011529 0.0043992 0.0014125 0.061741 -0.0387 0.088317 0.041747 -0.012618 -0.0016114 0.047623 0.014542 0.001333 0.00029081 0.001333 0.00051857 -0.025791 0.0016676 0.029343 0.027282 -0.071012 -0.02093 0.33181 0.25895 0.43236 -0.088565 0.44827 0.13317 0.0016227 0.00041593 0.0017165 0.001148 -0.0029509 0.027747 0.0062158 0.042551 -0.040886 0.26011 0.066019 0.38282 0.20451 0.13486 0.25708 0.1527 0 0 0 0 -0.0018042 -0.0028272 0.0018085 0.005402 0.042246 -0.012684 0.05226 0.060717 0.00046649 -0.0051351 0.056998 0.011514 4.0063e-07 -6.954e-06 1.316e-05 1.316e-05
-0.0040905 0.00032185 0.0044541 0.00042096 0.026739 0.012834 0.029246 0.01464 0.020894 0.0086871 0.040549 0.020296 0.00048873 0.00031637 0.00048873 0.00031637 -0.03481 0.0083513 0.03589 0.0091324 -0.0050068 -0.047972 0.20814 0.15215 0.23978 -0.0846 0.58049 0.19573 0.017508 0.00066442 0.038577 0.07555 -0.018943 0.021974 0.019391 0.023824 -0.034132 0.072735 0.188 0.28781 0.21202 -0.0013818 0.52262 0.14712 0.022119 0.016008 0.022156 0.016036 0.00065141 -0.0046603 0.0020196 0.0052302 -0.0098839 0.017522 0.027066 0.048944 0.028212 0.033002 0.048195 0.033508 3.989e-05 3.989e-05 3.989e-05 3.989e-05
0 0 0 0 -0.056574 -0.0072781 0.056574 0.0078716 0.060563 -0.00059603 0.061324 0.0031088 -0.00025942 -0.00051939 0.00025942 0.00051939 -6.4675e-05 -6.4675e-05 6.4675e-05 6.4675e-05 -0.38543 -0.054123 0.38563 0.07059 0.2362 -0.073152 0.41719 0.24046 0.018036 -0.0017862 0.020148 0.025998 -0.014419 -0.017817 0.014419 0.017947 -0.25553 -0.055562 0.26406 0.16232 0.31188 0.084588 0.31228 0.10886 0.0097405 0.014291 0.0097405 0.014291 0.00039398 -0.00090028 0.0024468 0.0020084 -0.0065224 -0.0031427 0.037818 0.014838 0.046768 0.013868 0.046768 0.016223 0 0 0 0
-5.2841e-06 5.5601e-06 5.5601e-06 5.5601e-06 -0.040576 0.025851 0.046404 0.028827 0.025397 0.0014734 0.054419 0.023133 0.00043067 0.00013839 0.00043067 0.00021305 0 0 0 0 -0.33379 -0.074475 0.33379 0.11309 0.29921 0.062572 0.35675 0.12999 0 0 0 0 -0.0054375 -0.0092629 0.012786 0.020697 0.022308 0.13575 0.15868 0.21657 -0.0046211 0.033686 0.63366 0.12146 0 0 0 0 0.00078915 0.001385 0.00078915 0.001385 0 0 0 0 -0.0045384 0.022178 0.040271 0.022178 0 0 0 0
-0.0069807 0.0018331 0.0077819 0.0025606 0.019852 0.0031983 0.035455 0.0056974 0.048083 0.0077694 0.048238 0.0077694 0 0 0 0 -0.043169 0.014982 0.044669 0.016922 -0.036372 0.0053436 0.26221 0.15518 0.35164 -0.10636 0.55112 0.24147 0 0 0 0 -0.019976 0.018962 0.020192 0.033868 -0.063444 0.14691 0.15068 0.35794 0.24476 0.1103 0.33511 0.16761 0 0 0 0 -8.1769e-05 8.1769e-05 8.1769e-05 8.1769e-05 -0.004295 0.04861 0.020812 0.048856 0.012264 0.01226 0.031192 0.013351 0 0 0 0
-0.00083403 -0.00026382 0.0018841 0.00055523 0.068084 -0.0074854 0.069936 0.0093203 -0.0010893 -0.0018365 0.0010893 0.0018365 -0.0016024 -0.0046765 0.0016312 0.0046995 -0.011944 0.0019458 0.013728 0.0024359 0.37713 0.04261 0.3821 0.20437 0.033417 0.10095 0.05916 0.3338 0.0064409 0.016334 0.0087764 0.023622 -0.013994 0.002293 0.018966 0.0034412 0.50369 -0.065532 0.50628 0.07109 0 0 0 0 0 0 0 0 -0.0027411 0.00047363 0.00299 0.00050818 0.072711 -0.0092954 0.07404 0.010154 0.0038567 -0.0015968 0.0038567 0.0015968 0 0 0 0
-9.04e-05 6.9446e-05 0.00030322 0.00022464 0.074033 -0.0021286 0.075727 0.010234 -0.0025663 -0.012281 0.0025663 0.012281 -0.0010365 -0.0063421 0.0010365 0.0063421 -0.00045501 0.00017281 0.002317 0.0014149 0.34785 0.089621 0.36082 0.18434 0.041096 0.15793 0.047394 0.3505 0.0070986 0.024238 0.0085397 0.031333 -0.0017439 0.0016369 0.0031424 0.0019636 0.51217 -0.039491 0.51378 0.041648 0 0 0 0 0 0 0 0 -0.00049468 2.9473e-05 0.00064644 0.0001378 0.076952 -0.0078145 0.07736 0.008048 0.00028485 -0.00013972 0.00028485 0.00013972 0 0 0 0
-0.00043961 0.00026319 0.00052999 0.0004603 0.0065371 0.0007496 0.02221 0.0082342 0.043092 0.017153 0.044432 0.017386 0 0 0 0 0.031835 0.011211 0.034898 0.011841 0.2229 0.04667 0.36655 0.10348 -0.033662 -0.17751 0.23334 0.25021 0.03091 -0.019136 0.03091 0.019136 0.0070545 -0.00039943 0.021958 0.014473 0.35957 -0.16487 0.55062 0.1754 -0.17089 0.09665 0.26651 0.16842 0.043338 0.017437 0.043397 0.017827 -0.002902 0.001525 0.0029068 0.0058395 0.017093 0.022728 0.06287 0.050827 0.032467 0.0044679 0.03308 0.012233 0 0 0 0
-0.0019626 0.0012918 0.013646 0.004935 0.011418 0.0091788 0.045903 0.019137 0.050368 0.019754 0.05156 0.019866 1.2623e-06 2.5908e-05 1.3802e-05 2.5908e-05 -0.058629 -0.012474 0.093756 0.031415 0.48943 0.11347 0.53958 0.18473 0.026168 0.014492 0.026168 0.021635 0 0 0 0 -0.0072978 -0.013911 0.05694 0.029727 0.19672 -0.13661 0.27984 0.28074 0.27513 -0.055101 0.27513 0.11864 0 0 0 0 0.002058 0.00095486 0.0063923 0.0023632 0.054963 0.026105 0.075337 0.029915 0.0090842 0.0090842 0.0090842 0.0090842 0 0 0 0
0 0 0 0 0.01007 -0.02343 0.074008 0.027965 0 0 0 0 0 0 0 0 0 0 0 0 0.13784 0.0089357 0.69024 0.12561 0.00029501 -0.00029501 0.00029501 0.00029501 0 0 0 0 -0.024269 -0.019633 0.024269 0.019633 0.083169 -0.10447 0.53874 0.29096 0.085677 -0.12274 0.10748 0.2152 -0.0018529 -0.010766 0.0043208 0.027559 -0.0022024 -0.002291 0.0040748 0.0039467 0.032869 0.029057 0.042758 0.029215 0.006187 0.024818 0.006187 0.024818 0.00014276 0.0002611 0.00014276 0.0002611
0 0 0 0 -0.013671 -0.013602 0.025916 0.033897 0.020554 -0.0090445 0.020725 0.0094891 -0.00039231 -0.0012273 0.00039231 0.0012273 0 0 0 0 -0.26616 -0.071159 0.33589 0.17617 0.34125 -0.070674 0.34125 0.16167 4.6982e-05 0.004013 0.0026015 0.0093111 -0.001617 -0.0012621 0.001617 0.0012621 -0.1995 -0.070934 0.3645 0.15058 0.34506 0.094977 0.35692 0.21995 -0.0013641 -0.0042804 0.0033896 0.025468 -0.0065235 -0.0023779 0.0066781 0.0023779 0.039102 0.0079058 0.076011 0.019617 0.0065198 0.0033221 0.0065198 0.0033221 -9.636e-05 7.9712e-05 9.636e-05 7.9712e-05
0 0 0 0 -0.0039283 -0.013967 0.011865 0.013967 0.0047836 -0.006308 0.0047836 0.006308 -0.00023337 -0.0003992 0.00023337 0.0003992 0 0 0 0 -0.28727 -0.050397 0.32695 0.12419 0.29938 -0.097632 0.29964 0.17765 -0.011454 0.0025303 0.014627 0.011745 0 0 0 0 -0.31253 -0.1026 0.35925 0.15329 0.36564 0.090093 0.36804 0.15752 -0.0069768 -0.0015285 0.014051 0.019704 -0.00067795 -0.00023023 0.00067795 0.00054023 0.011761 0.00094551 0.079658 0.022 0.014857 0.0058932 0.014857 0.0058932 -1.429e-06 3.6529e-06 3.6529e-06 3.6529e-06
-0.0063788 -0.0039339 0.0063788 0.0039339 -0.015772 -0.019794 0.062158 0.031508 0.045157 0.031251 0.056264 0.033591 0.00019268 0.00094322 0.0002056 0.00099241 -0.05007 -0.016056 0.05007 0.016861 -0.054228 -0.0047416 0.40004 0.068157 0.38407 -0.096027 0.38407 0.12249 0 0 0 0 -0.037431 -0.0059717 0.03852 0.0084285 -0.018428 -0.007138 0.44032 0.059606 0.36859 0.071899 0.37278 0.091848 -0.00057371 -0.0056922 0.00057371 0.0056922 -0.0015127 0.00099782 0.0044205 0.002753 0.0016772 0.014973 0.011658 0.019299 0.035426 -0.0088859 0.035426 0.044341 6.3178e-05 0.0019359 0.00037825 0.0019359
0.00098816 -0.0048216 0.0016723 0.0048216 0.0090208 -0.03431 0.0090208 0.03431 0.0013302 -0.0053564 0.0015351 0.0053564 0 0 0 0 -0.015047 -0.034126 0.048077 0.083456 0.1101 -0.13349 0.5027 0.27747 0.15448 -0.13772 0.16813 0.38733 0.0067041 0.0091828 0.016502 0.040251 0.035118 0.028148 0.048632 0.033274 -0.067976 0.07334 0.47005 0.10581 0.26833 0.037722 0.26833 0.058265 0 0 0 0 0.0042389 0.0027968 0.0049466 0.0030359 0.0054033 0.032969 0.025101 0.033436 0.02148 0.04249 0.02148 0.04249 0 0 0 0
0.0052002 -0.001978 0.0053551 0.0020764 0.060669 -0.016789 0.072127 0.016789 0 0 0 0 0 0 0 0 -0.0016959 -0.0011612 0.0048022 0.0031634 0.51044 0.070239 0.51438 0.10416 0 0 0 0 0 0 0 0 -0.0040671 0.00013067 0.0051259 0.001512 0.33042 -0.021875 0.33758 0.28183 0.023415 -0.1775 0.047593 0.32161 0.0014432 -0.021939 0.0051123 0.040438 0.00018911 0.00040689 0.00041871 0.00042192 0.046062 0.0106 0.050781 0.011518 -0.000104 0.02788 0.0043236 0.02788 0.00022125 0.0031877 0.00022125 0.0031877
0.003639 -0.0023742 0.0039376 0.0024 0.070584 -0.012075 0.076427 0.014839 0.0022677 -0.0017373 0.0022677 0.0017373 0 0 0 0 -0.0017161 0.0027006 0.0063046 0.004951 0.50988 0.12473 0.50988 0.12798 0.0049227 0.0032937 0.0049227 0.0032937 0 0 0 0 0.014876 0.00056712 0.019641 0.0052466 0.30141 -0.1273 0.33652 0.21907 0.035697 -0.26654 0.043965 0.26654 0.0031417 -0.033139 0.0054227 0.033139 0.0056368 0.00076079 0.0062139 0.0011062 0.028389 0.064483 0.039291 0.067956 -0.0017606 0.066515 0.0092344 0.066515 -0.00038995 0.0080125 0.0011546 0.0080125
-0.00059964 -0.00059964 0.00059964 0.00059964 0.013818 -0.049824 0.045768 0.049824 0 0 0 0 0 0 0 0 -0.065692 -0.043559 0.065692 0.043559 0.44848 0.0058662 0.60417 0.2494 0.0059603 0.00068837 0.0059603 0.0034047 0 0 0 0 -0.020279 -0.013447 0.020376 0.014024 0.34087 -0.029888 0.39071 0.15972 0.12988 -0.08142 0.12988 0.08142 0 0 0 0 0.00096053 0.00062312 0.0011431 0.00081749 0.0025922 0.010444 0.039986 0.027581 0.051351 0.0066288 0.0514 0.024769 0 0 0 0
0.0039241 -0.0022555 0.0065231 0.0023197 0.050437 -0.022155 0.059018 0.022155 0 0 0 0 0 0 0 0 -0.005808 -0.0021936 0.0095167 0.0025358 0.49461 0.026971 0.51754 0.10931 0 0 0 0 -1.2252e-05 -1.2252e-05 1.2252e-05 1.2252e-05 -0.0057007 0.00038006 0.0075291 0.0016141 0.34325 0.013285 0.35389 0.28548 0.019052 -0.10638 0.026107 0.35122 -0.00085756 -0.012551 0.0061527 0.044198 -0.00022446 0.00015124 0.00027469 0.00022878 0.049344 0.0053397 0.049344 0.005434 0 0 0 0 0 0 0 0
-0.0024254 0.0019564 0.0076045 0.0051173 0.055084 -0.025531 0.055297 0.025835 0.0039881 -0.0033483 0.0039881 0.003407 0 0 0 0 0.022429 -0.018097 0.086185 0.05551 -0.013319 -0.015559 0.20341 0.18553 0.36853 -0.093521 0.36853 0.094053 0 0 0 0 -0.023037 0.023399 0.043137 0.037926 -0.033708 0.013564 0.3598 0.28936 0.42925 0.083186 0.42925 0.11314 0 0 0 0 -0.014746 0.0026695 0.014746 0.0043422 0.048773 0.012744 0.063038 0.031596 0.01539 0.0073032 0.01539 0.0073894 0 0 0 0
-0.00074659 -0.010373 0.0030281 0.010373 0.03808 -0.096416 0.038131 0.096416 0.0011221 -0.0011221 0.0011221 0.0011221 0 0 0 0 -0.020443 0.01393 0.023732 0.014896 0.35541 0.1745 0.51055 0.33992 0.18564 0.026174 0.18564 0.09774 0 0 0 0 0.020879 -0.016201 0.027737 0.018934 0.32763 -0.070095 0.44991 0.13657 0.096306 -0.039494 0.096306 0.039763 0 0 0 0 0.0082996 -0.0025913 0.0089234 0.0028976 0.0014934 -0.0012201 0.023893 0.0075263 0.05674 -0.018211 0.05674 0.018211 0 0 0 0
-0.0080521 0.0054643 0.0082587 0.0055224 0.0046108 -0.015643 0.04893 0.029342 0.038677 0.020108 0.049226 0.023358 0 0 0 0 -0.060709 -0.00027668 0.060709 0.012703 0.21331 0.058899 0.40954 0.19364 0.11754 0.06985 0.11754 0.06985 0 0 0 0 -0.030114 -0.010657 0.030114 0.03045 0.30107 0.0059091 0.73269 0.21447 0.012742 -0.0076232 0.012742 0.0076232 0 0 0 0 0.0016931 0.0026416 0.0016931 0.0026416 -0.036958 0.019334 0.088984 0.033589 0.045678 -0.016038 0.045678 0.016038 0 0 0 0
0 0 0 0 0.00040373 -0.0058107 0.0031302 0.0058107 0 0 0 0 0 0 0 0 0 0 0 0 0.10296 -0.044179 0.65041 0.19699 0 0 0 0 0 0 0 0 -0.015199 -0.029309 0.015199 0.029309 0.15001 -0.072671 0.56778 0.34416 0.012146 -0.063795 0.023677 0.21389 -0.00080945 -0.009282 0.0020058 0.033918 0.00054591 -0.0012108 0.0092738 0.0032302 0.027376 0.026265 0.027376 0.026426 8.1619e-05 8.1619e-05 8.1619e-05 8.1619e-05 0 0 0 0
0 0 0 0 0.0019496 -0.014943 0.072123 0.014943 0.0014586 0.00040677 0.0014586 0.00099641 0 0 0 0 -0.024545 -0.012918 0.024545 0.012918 0.11214 -0.057251 0.56421 0.36188 0.041469 0.046825 0.051062 0.2431 -0.0081748 0.0043234 0.01064 0.038798 -0.080963 -0.023242 0.080963 0.02667 0.3934 -0.065866 0.50082 0.15221 -0.0047253 -0.047201 0.0047253 0.047201 -0.014396 -0.0097038 0.015152 0.011682 -0.0083132 0.0032463 0.0089064 0.0036503 0.037703 0.039084 0.041516 0.039324 0.0011071 0.024995 0.0019339 0.024995 -0.0013532 0.005731 0.0013532 0.0058015
0 0 0 0 0.017231 -0.0042594 0.09591 0.018351 0.0015287 0.00032036 0.0015287 0.00046424 0 0 0 0 0 0 0 0 0.17074 0.0038133 0.63872 0.071376 0.00014705 -0.0007345 0.00067446 0.0011556 -4.2317e-06 -4.2317e-06 4.2317e-06 4.2317e-06 -0.012473 -0.0042633 0.012473 0.0042633 0.11371 -0.076323 0.61754 0.10885 0.026748 -0.17967 0.1769 0.25668 -0.0043537 -0.016562 0.0052081 0.016912 -0.0072303 -0.0051386 0.0073221 0.0056064 0.025656 0.0097285 0.04473 0.026531 0.010936 0.021447 0.011286 0.021677 0.0011866 0.003443 0.001232 0.003443
0.0013537 -8.0913e-05 0.0028521 0.00046313 0.049774 -0.050215 0.090144 0.050215 0.023525 -0.013668 0.023525 0.013668 0 0 0 0 0.023017 -0.0035045 0.024251 0.0043795 0.17812 0.2913 0.4827 0.38831 0.23436 0.071756 0.23436 0.11234 0 0 0 0 0.036869 -0.006575 0.038822 0.0078846 0.36498 -0.058516 0.4495 0.073517 0.0016973 -0.0013722 0.0016973 0.0013722 0 0 0 0 0.0081862 -0.0018305 0.0085385 0.0019574 0.045424 -0.0071059 0.063953 0.0083581 0.010316 -0.0029378 0.010767 0.0029378 2.7892e-05 -0.00052301 0.00015971 0.00052301
-0.0011317 -0.001077 0.0014097 0.0013847 0.00077919 -0.00041986 0.0019556 0.0014643 0.052521 0.04744 0.077055 0.04828 0.00010603 7.0405e-05 0.00010603 7.0405e-05 -0.00078866 -0.00046834 0.0013302 0.0010791 0.010714 0.0025424 0.013965 0.0064454 0.44981 -0.03929 0.61104 0.051333 0 0 0 0 0.00078908 0.00031453 0.0017022 0.0014873 0.11884 0.15929 0.12064 0.17183 0.26559 -0.011248 0.44774 0.22322 0.0015448 -0.0013205 0.0015448 0.0013205 0.0053999 0.0013369 0.0057193 0.0028026 0.0040457 0.00082697 0.011084 0.0080225 -0.0034315 -0.0042288 0.034809 0.016337 0.0079612 -0.001604 0.0079612 0.0016933
-0.0013179 -0.0017576 0.0059928 0.0050324 0.044697 -0.0094638 0.044808 0.025506 0.0017939 0.0067475 0.001941 0.0090869 0.0001346 0.00037515 0.0001346 0.00037515 -0.033759 -0.0063291 0.036916 0.0076741 0.48701 -0.029556 0.48968 0.1252 0 0 0 0 -4.2614e-05 -4.2614e-05 4.2614e-05 4.2614e-05 -0.01523 -0.0029925 0.020061 0.0055574 0.36204 0.067924 0.37536 0.3169 0.01714 -0.070874 0.031407 0.33014 -0.00054972 -0.0081149 0.0067404 0.040651 -0.0011879 0.00010048 0.001348 0.00041145 0.045261 0.0068212 0.045261 0.0068212 0 0 0 0 0 0 0 0
0.0062502 0.0021673 0.0068003 0.002306 0.0079388 0.0033066 0.023892 0.0083332 0.044327 0.014005 0.044327 0.014005 0 0 0 0 0.023462 0.006138 0.025338 0.0069767 0.32048 0.080889 0.40145 0.10286 0.043349 0.018985 0.043349 0.018985 0 0 0 0 -0.010474 -0.0045096 0.030608 0.012177 0.47056 -0.19439 0.58928 0.28902 0.0018222 -0.00019043 0.0018222 0.0012308 0 0 0 0 -0.0074009 0.0032096 0.011187 0.0040696 0.076147 0.037399 0.089154 0.039207 0 0 0 0 0 0 0 0
-0.00072223 -0.0011268 0.00083463 0.0012751 0.010972 0.012638 0.025937 0.017042 0.053271 0.074215 0.057099 0.075201 1.4006e-06 1.4006e-06 1.4006e-06 1.4006e-06 0.002541 0.0033765 0.0031561 0.0044927 0.47556 0.20629 0.57511 0.2105 0.017258 0.010733 0.017258 0.011365 0 0 0 0 0.016435 0.025211 0.018912 0.029678 0.27695 -0.12403 0.43736 0.17861 0.066438 -0.01175 0.066438 0.017828 0 0 0 0 -0.00096803 0.00029505 0.0027024 0.0051132 0.054867 0.024445 0.072159 0.035462 0.0028964 0.0020975 0.0028964 0.0020975 0 0 0 0
-0.006176 0.0069441 0.0076161 0.0077987 -0.0018114 -0.0025091 0.044184 0.025635 0.05003 -0.0041714 0.05003 0.00774 0 0 0 0 -0.015574 0.0085798 0.015574 0.011838 0.12862 0.078763 0.49175 0.23104 0.10315 0.046917 0.10315 0.046917 0 0 0 0 -0.019546 -0.011674 0.024555 0.02256 0.19721 0.033926 0.72889 0.25333 0.01867 -0.013607 0.01867 0.013607 0 0 0 0 0.0020616 0.0020858 0.0022808 0.0023717 -0.045103 0.017978 0.045165 0.017978 0.047141 -0.0062837 0.047141 0.018675 0 0 0 0
0.0028041 -0.0075111 0.0030711 0.008851 0.012626 -0.017233 0.013558 0.021806 0.0070953 -0.023743 0.0075899 0.026238 0.00061172 -0.0051528 0.00063733 0.0051528 0.032216 -0.0071045 0.032216 0.013264 0.22418 0.090476 0.25283 0.28535 -0.034829 0.24171 0.10876 0.46054 0.00098803 0.025584 0.0082014 0.057511 0.039458 -0.0058706 0.039827 0.009043 0.42902 -0.07671 0.5238 0.14628 0.00053734 0.00053734 0.00053734 0.00053734 -0.0020268 0.0051932 0.0023094 0.0051932 0.0041634 -0.00062188 0.0042476 0.0006799 0.073284 -0.00024604 0.092302 0.025838 0 0 0 0 0 0 0 0
0 0 0 0 -0.028128 -0.00053147 0.060029 0.001932 0.05177 0.0044987 0.052089 0.010246 0 0 0 0 0 0 0 0 -0.18629 -0.0019911 0.44608 0.0095563 0.35397 -0.08575 0.36816 0.10261 0 0 0 0 -0.0030452 -0.0046237 0.0047709 0.036929 -0.096762 -0.015217 0.44004 0.077695 0.32464 0.088882 0.34419 0.14924 0 0 0 0 -0.0001603 -0.00036477 0.0001603 0.00041674 -0.029001 0.030129 0.066801 0.033481 0.038241 -0.010891 0.051763 0.03571 0 0 0 0
-0.0064847 -0.0019412 0.0069708 0.0020009 0.038173 -0.013798 0.043345 0.023137 0.07398 -0.037839 0.07398 0.040563 0 0 0 0 -0.014624 -0.0059875 0.016652 0.0066017 0.25123 0.12582 0.26109 0.12994 0.16494 -0.20163 0.41122 0.36024 0.045131 -0.029775 0.045131 0.029775 -0.0021275 -0.0011306 0.0029159 0.001863 0.3124 -0.0048152 0.32443 0.11046 -0.092389 0.11478 0.32204 0.25066 0.11568 0.020861 0.11568 0.038276 6.5113e-05 -9.4525e-05 0.00027297 0.00017931 0.026441 0.0070298 0.043294 0.013161 0.061261 0.021786 0.071538 0.022828 0 0 0 0
-0.010374 0.0005836 0.010374 0.0036551 0.042866 -0.025994 0.048755 0.041358 -0.0062208 0.0025946 0.0089605 0.0080959 -0.00396 0.0020386 0.017356 0.004521 -0.075196 0.0059114 0.075196 0.018827 0.33458 0.018727 0.56651 0.1186 0.013909 0.03325 0.038306 0.15546 -0.00604 0.017482 0.0355 0.018042 -0.072386 -0.005506 0.072386 0.005506 0.36119 -0.013462 0.59413 0.019854 0 0 0 0 0 0 0 0 -0.0038343 0.0047777 0.0038343 0.0047777 0.032097 0.028729 0.085678 0.030699 0 0 0 0 0 0 0 0
-0.0041014 -0.0017202 0.0041014 0.0017202 0.010523 -0.025591 0.011418 0.025617 -0.00083863 -0.00083863 0.00083863 0.00083863 -0.0016754 -0.0071312 0.0027799 0.0071312 -0.09537 -0.0060496 0.09537 0.037792 0.34868 -0.11077 0.43808 0.23486 -0.079837 0.027299 0.10296 0.13452 -0.033292 0.00070974 0.081822 0.026556 -0.090198 -0.037486 0.090198 0.042066 0.3959 0.1225 0.46271 0.25433 -0.099747 -0.039195 0.11907 0.21025 0.036497 0.030935 0.081873 0.038918 -0.0042559 -0.00079455 0.0093634 0.0035586 0.036508 0.011224 0.036508 0.011224 -0.0013418 0.0013418 0.0013418 0.0013418 0.00084779 0.00084779 0.00084779 0.00084779
0 0 0 0 -0.062998 -0.047637 0.062998 0.047637 0.05988 -0.043028 0.075816 0.046671 0 0 0 0 -0.045644 -0.028149 0.045644 0.028149 -0.18951 -0.12682 0.20422 0.1325 0.46525 0.030212 0.52644 0.1337 0 0 0 0 -0.063976 -0.0415 0.064086 0.041611 0.11579 0.030937 0.12855 0.052381 0.26269 -0.059055 0.38942 0.25399 0.0031467 -0.002075 0.0031467 0.002075 -0.0012331 -0.00079351 0.0013827 0.00085787 0.029152 0.019777 0.033418 0.022493 0.02285 0.049247 0.043391 0.055567 0.0013133 0.0011198 0.0013133 0.0011198
-0.0078536 -0.0062979 0.0078536 0.0062979 0.018472 -0.0021632 0.036182 0.022151 -0.027903 0.0087268 0.053165 0.01796 0.0040934 0.0013564 0.0089702 0.0016091 -0.023825 -0.0054361 0.024871 0.0167 0.25523 0.029532 0.35747 0.10436 -0.27268 0.027695 0.35993 0.054869 0.036129 -0.01244 0.057427 0.01244 -0.014081 0.0017087 0.020496 0.0087029 0.3191 -0.061547 0.40784 0.10316 -0.34771 0.012397 0.39316 0.03777 0.036278 -0.0068653 0.03847 0.010093 -0.00097801 -0.00021577 0.0010809 0.00052797 0.044289 0.0053156 0.060421 0.010417 -0.046167 -0.0031389 0.059539 0.0060194 -0.00047507 0.0013591 0.0014094 0.0014012
0.0026013 -0.0013275 0.0050404 0.011568 0.037549 0.0036966 0.041062 0.02486 0.00101 -0.0015263 0.00101 0.0015263 0 0 0 0 0.030671 -0.02568 0.065576 0.039461 0.29105 -0.0087403 0.30972 0.27433 0.005754 0.10941 0.070255 0.43495 0.0030078 0.010281 0.003931 0.04671 0.036338 -0.0076693 0.064407 0.0086668 0.49159 -0.037984 0.50951 0.058065 0 0 0 0 -9.1575e-05 0.00021909 0.00016982 0.00021909 0.0030704 -0.00063228 0.003571 0.0015322 0.07679 0.015712 0.07679 0.022154 0 0 0 0 0 0 0 0
0.00048399 -0.00023461 0.0066278 0.001052 0.0060904 0.0042113 0.075336 0.013981 0.020374 0.0050748 0.024901 0.0061499 0.00046843 0.00016124 0.00046843 0.00022931 -0.021135 -0.0020786 0.027517 0.0071423 -0.019453 0.012035 0.54357 0.087538 0.27511 0.021968 0.2801 0.067734 0 0 0 0 -0.040465 0.024112 0.045023 0.024641 -0.017987 0.0095086 0.54231 0.14876 0.28511 0.011932 0.32876 0.077121 0 0 0 0 -0.0085686 -0.00055633 0.0090948 0.0013869 0.004177 0.00010814 0.06667 0.022927 0.045604 0.032494 0.048425 0.034962 0 0 0 0
-0.0032633 -0.00053304 0.0054807 0.010259 0.040992 0.0014366 0.041084 0.025043 0 0 0 0 0 0 0 0 -0.019943 -0.017685 0.06972 0.046815 0.33568 -0.046258 0.3498 0.23952 0.015232 0.061083 0.047807 0.34047 0.0023631 0.0054609 0.0025548 0.030536 -0.032092 -0.015759 0.033094 0.016242 0.52605 -0.0011586 0.52605 0.07729 0 0 0 0 0 0 0 0 0.0025427 0.0018715 0.0041231 0.0026558 0.054834 0.01941 0.055844 0.041699 0.0012459 -0.0047479 0.0012459 0.0047479 -6.6628e-06 -0.00039061 1.4069e-05 0.00039061
-0.0010044 -0.0063309 0.0088806 0.015771 0.02406 -0.035857 0.081588 0.052034 0.051746 -0.013279 0.052418 0.026337 6.4225e-06 1.1408e-05 6.4225e-06 1.1408e-05 0.026845 0.0073072 0.041736 0.066676 0.30108 0.25535 0.52735 0.30171 0.20011 0.091112 0.20011 0.11633 0 0 0 0 0.062947 0.068814 0.062947 0.070945 0.21761 0.047151 0.46267 0.23566 0.048662 -0.025684 0.048662 0.025684 0 0 0 0 0.00086945 0.0013424 0.00086945 0.0013424 -0.026896 0.019354 0.039634 0.020907 0.026619 -0.014129 0.030851 0.018453 9.9712e-06 -9.9712e-06 9.9712e-06 9.9712e-06
0.00019777 -0.00023474 0.00029626 0.00026211 0.035663 -0.0023176 0.040377 0.0028187 0.030351 -0.046456 0.056093 0.046719 9.0151e-05 -9.0151e-05 9.0151e-05 9.0151e-05 0.0008925 -0.0017765 0.0020027 0.0018885 0.2655 -0.016935 0.26687 0.020971 -0.13269 0.098887 0.57048 0.2391 0.090891 -0.012286 0.090891 0.016863 -0.00027832 0.00010228 0.0023258 0.0012232 0.29041 -0.020783 0.29041 0.025993 0.19643 0.13253 0.36808 0.21864 0.017814 0.01972 0.017814 0.01972 7.2423e-05 -4.9083e-05 0.00045391 0.00018845 0.043126 -0.0016624 0.044657 0.0018033 0.033947 -0.00131 0.059983 0.0026902 0 0 0 0
-0.0010135 -0.0063464 0.012797 0.0064659 0.044635 0.023152 0.087454 0.03917 0.0026484 0.0084742 0.0028919 0.011474 -7.4375e-05 0.0010922 7.5343e-05 0.0011217 0.036951 -0.0093201 0.085802 0.014761 0.37324 -0.045839 0.61105 0.14854 0 0 0 0 0 0 0 0 -0.0062138 0.0094769 0.046726 0.0162 0.35841 0.0691 0.41857 0.28511 -0.0077908 -0.041369 0.024922 0.20992 -0.0031262 -0.0067678 0.0037102 0.040793 0.001957 0.010166 0.0034166 0.010166 0.010125 0.022565 0.010125 0.022565 0 0 0 0 0 0 0 0
0.00020558 -0.00027283 0.0050449 0.0004658 0.044768 -0.0004748 0.068115 0.0029029 -0.045786 0.0035827 0.053729 0.0074097 0.0036569 0.00046921 0.0054889 0.0005403 -0.0094036 0.01284 0.029704 0.025198 0.31647 0.013166 0.43028 0.052159 -0.28709 0.0031658 0.34911 0.078798 0.022529 -0.0010838 0.02697 0.0060097 -0.076988 0.017817 0.077398 0.017817 0.31212 -0.023993 0.38766 0.050865 -0.25646 0.0066168 0.37463 0.091273 0.023429 -0.0010247 0.027593 0.0081297 -0.013214 0.0010386 0.013214 0.001041 0.030057 -0.0024801 0.052367 0.01046 -0.024576 -0.0006722 0.046915 0.0152 0.0037375 0.0013741 0.003934 0.0023125
-0.010491 -0.0033073 0.010495 0.0033114 -0.01842 0.0010929 0.026794 0.0057599 0.018963 0.003653 0.092939 0.011476 0.0011128 -0.00034145 0.0023092 0.0019378 -0.031483 -0.013595 0.031483 0.013815 -0.13401 -0.030537 0.21605 0.059865 0.142 -0.024928 0.69765 0.045115 0.015137 -9.1662e-05 0.026296 0.0028252 -0.010941 -0.0032487 0.010964 0.0038609 -0.12969 0.015544 0.16997 0.060811 0.1261 0.028024 0.56776 0.11427 0.016803 -0.0011906 0.028717 0.0042901 -0.0021146 0.0013388 0.0021438 0.0013388 -0.015862 -0.00013833 0.017064 0.017413 0.01509 -0.016294 0.046534 0.029009 0.0010355 0.0034763 0.0032455 0.0047451
0.0048867 -0.0039049 0.0060607 0.004522 -0.01763 -0.011559 0.01774 0.011559 0.0069825 0.0039015 0.022649 0.015403 0.00049737 0.00042618 0.00049737 0.00042618 -0.013781 0.0021739 0.1161 0.078402 0.14275 -0.15495 0.38938 0.3222 0.15761 0.075291 0.15974 0.076201 0 0 0 0 -0.095575 0.021447 0.095575 0.031941 0.42038 -0.062255 0.58274 0.24433 0.032126 0.0035783 0.032126 0.020041 0 0 0 0 -0.009224 -0.0025867 0.009404 0.0025867 0.0078338 -0.015309 0.052047 0.047501 0.045122 -0.049756 0.046442 0.049841 -1.5226e-05 -0.0017312 0.0012731 0.0017312
0.0014574 -0.00013983 0.0063067 0.00046057 0.026574 0.0018576 0.026574 0.0018576 0 0 0 0 0 0 0 0 -0.019546 -0.0073104 0.057065 0.011795 0.28617 -0.094672 0.61711 0.38517 0.020744 0.0023877 0.020744 0.011689 0 0 0 0 -0.014879 0.021961 0.02876 0.046942 0.36776 0.035836 0.44498 0.17907 0 0 0 0 0 0 0 0 -0.0023137 -0.0016277 0.0025177 0.0080036 0.036905 0.0020173 0.039508 0.018129 0 0 0 0 0 0 0 0
-0.0015252 -0.00046298 0.0021198 0.00062393 -0.00064048 -0.00068741 0.0023097 0.0013246 0.051915 0.031067 0.073465 0.040921 0.0038871 -0.0069566 0.0073622 0.011948 -0.0069004 -0.0018383 0.0082903 0.0034408 0.0105 -0.00046802 0.020111 0.021872 0.42052 -0.11954 0.50597 0.16731 -0.058878 -0.00015317 0.06972 0.019482 -4.801e-05 -0.00065272 0.0025683 0.0018482 -0.010862 0.001401 0.045218 0.030748 0.38537 0.10417 0.54856 0.14193 0.060275 0.041053 0.074212 0.043499 -0.00017101 -5.8762e-05 0.00037831 0.00023142 0.040394 0.008681 0.052091 0.012891 0.016989 0.0062012 0.043796 0.013536 0.018562 0.0056082 0.018583 0.0056271
-0.0075294 -0.0011731 0.0075294 0.002273 0.024106 -0.0093179 0.035806 0.025012 -0.029276 0.0023868 0.063096 0.0049938 0.0098699 -0.0014549 0.0098699 0.0014549 -0.032128 -0.0075225 0.032128 0.0091151 0.17784 0.023361 0.3331 0.076939 -0.19478 0.0047767 0.49902 0.045453 0.021315 -0.0081625 0.032471 0.023211 -0.010656 -0.0042923 0.010656 0.0044559 0.15756 -0.037159 0.37491 0.068363 -0.15007 -0.014549 0.58779 0.026345 -0.0074912 0.0016311 0.034564 0.0018443 -0.00042108 -8.8657e-06 0.00042267 0.00011825 0.016857 0.0037037 0.03948 0.0082037 -0.016612 0.0033234 0.074898 0.0097461 -0.0002591 -1.9026e-05 0.0046157 0.00051197
-0.00626 -0.0028863 0.00626 0.0028863 -0.034332 -0.0084803 0.035857 0.013325 0.023231 -0.0027178 0.096176 0.023702 0.0016731 -0.00090406 0.0030198 0.0021305 -0.047912 -0.021735 0.047912 0.02176 -0.12603 -0.010195 0.20277 0.067571 0.11109 -0.0011391 0.67182 0.060306 0.027013 0.00095897 0.044242 0.0053781 -0.019521 -0.0039069 0.019521 0.0042873 -0.14586 0.00593 0.19607 0.052029 0.12055 -0.012736 0.59585 0.093689 0.02673 -0.0028453 0.044415 0.0032195 -0.002964 0.0012638 0.0029982 0.0012657 -0.015328 -0.00052171 0.016633 0.015023 0.013125 -0.0088262 0.057917 0.026245 0.0016725 0.0027737 0.0038423 0.0038418
0.0073155 0.0095744 0.0099959 0.019522 0.027225 0.16285 0.038257 0.21834 0.020401 0.1119 0.032595 0.14882 0.0026996 0.011151 0.0031831 0.013494 -0.026816 0.033433 0.043203 0.050761 0.43752 -0.011896 0.63763 0.38665 0.0023836 0.00032794 0.0032604 0.0037324 0 0 0 0 -0.034541 0.026982 0.034832 0.026982 0.16506 -0.035751 0.22578 0.14195 0.095176 -0.059827 0.095176 0.059827 0 0 0 0 -0.0001837 0.0001837 0.0001837 0.0001837 -0.019222 0.012065 0.029188 0.015472 0.028825 -0.013817 0.030741 0.013985 2.3375e-06 -2.3375e-06 2.3375e-06 2.3375e-06
-0.01133 0.00038887 0.01133 0.0024946 0.0016142 0.00115 0.0035627 0.0025536 0.041346 0.0012518 0.056249 0.0053532 0.014859 0.00028326 0.014859 0.0010906 -0.029399 0.025568 0.075182 0.025568 -0.16036 0.095976 0.18323 0.10862 0.25197 -0.012229 0.42929 0.020237 0.11315 -0.0093094 0.1422 0.021637 -0.08552 0.050491 0.11 0.050491 -0.30013 0.19583 0.33809 0.20373 0.13239 0.013619 0.49996 0.11834 0.069886 -0.054415 0.09593 0.083891 -0.0031406 -0.001485 0.0031909 0.0057229 -0.036924 0.023951 0.04254 0.035184 -0.022461 0.033052 0.027095 0.045661 0.0067307 0.0039715 0.014296 0.0096563
0.00014515 -0.0048881 0.00047154 0.0048881 0.0022035 -0.046853 0.0088673 0.046853 -0.0038342 -0.041164 0.007085 0.042346 0.00068866 -0.0035595 0.0013172 0.0047488 -0.0406 -0.045352 0.048119 0.069966 0.33998 -0.1008 0.51906 0.28877 -0.16317 -0.02508 0.33028 0.17398 0.040063 -0.013487 0.040063 0.034915 -0.0085571 0.015654 0.010478 0.054899 0.30216 0.093027 0.33982 0.1298 -0.11952 0.074369 0.249 0.081766 0.029125 0.018575 0.029125 0.023239 0.0029756 0.0052647 0.003005 0.005393 0.02255 0.014181 0.025165 0.016922 0.023878 0.018785 0.03474 0.023481 0.00097665 0.0011754 0.00097665 0.0011754
-0.020489 7.9263e-05 0.02394 0.0044187 0.02956 -0.024841 0.059709 0.069309 0.041957 -0.047889 0.046188 0.056447 0.0038116 -0.0019322 0.004548 0.0047784 -0.088052 -0.0036802 0.12433 0.045944 -0.15319 -0.016709 0.3714 0.31803 0.30843 -0.046538 0.34379 0.099842 0.058014 0.015628 0.067537 0.038663 -0.017613 -0.0085454 0.050911 0.035599 -0.19383 -0.1275 0.21043 0.14325 0.33617 0.0016883 0.4157 0.054149 0.13464 0.0089314 0.13464 0.0089314 -0.0076887 -0.0051991 0.0081243 0.0055097 -0.00017877 0.00094601 0.0027501 0.0027561 0.054029 -0.0035525 0.067457 0.018905 0.012837 0.0024737 0.012837 0.0024737
-0.0014788 -0.0024622 0.0045743 0.0057958 -0.029646 -0.0044638 0.067313 0.025953 0.044872 0.014969 0.062096 0.020569 0.001754 0.0015826 0.001754 0.0015826 -0.0043854 -0.0082328 0.029149 0.018716 -0.15479 -0.0024782 0.52627 0.10563 0.30011 0.0062807 0.34914 0.11727 0 0 0 0 0.01806 0.0091949 0.034076 0.012166 -0.145 -0.02108 0.48824 0.10057 0.21894 -0.072573 0.30204 0.15543 0.027536 -0.011703 0.027536 0.012281 0.011896 0.00030372 0.014029 0.0022566 -0.016928 -0.0022749 0.063941 0.011897 -0.0016241 0.012038 0.025624 0.013443 0.010905 0.0026562 0.010905 0.0026562
0.0027396 -0.0012622 0.0055251 0.0015153 0.010885 -0.0078563 0.031515 0.0092281 0.056468 -0.010099 0.056468 0.010111 0 0 0 0 -0.0028384 -0.00043956 0.0051432 0.0024167 0.040593 -0.070719 0.21001 0.07508 0.49362 -0.015358 0.49362 0.06656 0 0 0 0 -0.0011094 -0.00058638 0.0015082 0.0007201 0.20566 -0.024141 0.26261 0.1041 0.39304 0.031714 0.39304 0.036803 0 0 0 0 -0.00021836 5.6512e-05 0.00027529 0.0001686 0.053748 0.02621 0.054919 0.029932 0.030297 0.011904 0.030297 0.015123 0 0 0 0
-0.0063585 0.0034726 0.014013 0.0048813 0.012673 -0.0044162 0.018758 0.0082425 0.057912 0.014804 0.057912 0.014869 0 0 0 0 -0.065214 0.0062775 0.15137 0.030936 0.10006 0.0241 0.17483 0.13315 0.42252 -0.028595 0.42252 0.059402 0 0 0 0 0.027885 -0.012436 0.11466 0.023505 -0.04767 -0.020041 0.29256 0.13304 0.44399 0.052417 0.44399 0.10837 0 0 0 0 0.011282 -0.0036429 0.015374 0.0059917 0.034942 0.053535 0.071865 0.061394 0.015769 0.010953 0.016037 0.011253 0 0 0 0
-0.0017828 -0.0016426 0.0037426 0.0018791 0.013362 -0.0054862 0.035489 0.0071767 0.056809 0.00021653 0.057211 0.0073975 2.1317e-07 0.0006266 1.989e-05 0.0006266 -0.0065132 -0.0011869 0.0087892 0.0038148 0.038872 -0.061393 0.22594 0.064837 0.48223 -0.0317 0.48223 0.057069 0 0 0 0 -0.00023577 -0.00068183 0.0012566 0.0011865 0.14116 -0.035107 0.20418 0.10038 0.43273 0.039878 0.43273 0.058026 0 0 0 0 -0.00023495 8.7451e-05 0.0002667 0.00019134 0.051984 0.028574 0.053004 0.031683 0.030652 0.011315 0.030652 0.011925 0 0 0 0
-0.0030399 -0.0043308 0.0088062 0.005503 0.0038316 -0.015421 0.012313 0.017622 -0.0014302 -0.0027015 0.0034281 0.012147 0.00046954 -0.0012251 0.0018292 0.0045275 -0.063446 0.0097454 0.066552 0.015911 -0.085564 -0.018083 0.13953 0.082274 0.14139 0.020712 0.58793 0.12617 0.017744 -0.0030416 0.01919 0.0083943 -0.062167 -0.0046605 0.064371 0.004877 -0.114 0.0050683 0.17621 0.010399 0.16716 0.011188 0.68742 0.076771 0.018418 0.00081897 0.029266 0.011033 -0.0072775 -0.00013944 0.010369 0.0013242 -0.016319 -0.0005661 0.030983 0.0069691 0.029989 0.0010541 0.10503 0.0073254 0.0011968 -0.00040123 0.00413 0.00090304
-0.0028822 -0.0033512 0.0028822 0.0033512 0.018242 -0.012835 0.1083 0.097786 -0.00021876 0.029714 0.0044723 0.072877 -0.0011405 0.0017718 0.0023835 0.014064 -0.035841 -0.034298 0.098522 0.040637 0.41167 0.0066059 0.54493 0.19261 0.00021021 0.00021021 0.00021021 0.00021021 -0.035054 -0.00097254 0.035054 0.010195 0.0007976 0.024637 0.080651 0.035363 0.3178 0.12133 0.43802 0.25301 -0.011931 -0.036432 0.017918 0.25786 -0.0262 -0.0023832 0.026619 0.046049 0.00055185 0.004238 0.0014265 0.004238 0.00084833 0.00084833 0.00084833 0.00084833 0 0 0 0 -0.0013817 0.0010095 0.0013817 0.0010107
0.0027551 -0.0039539 0.0095303 0.012227 -0.021542 0.029149 0.045049 0.041688 0.061742 -0.0017946 0.070974 0.025263 0 0 0 0 -0.0083939 0.013616 0.027726 0.037719 0.081208 -0.16826 0.32209 0.32891 0.31716 0.027752 0.32373 0.064416 0 0 0 0 -0.043356 0.050548 0.04347 0.052181 -0.065664 0.045617 0.26855 0.27544 0.39796 -0.057297 0.39796 0.11068 0 0 0 0 -0.00021477 -6.0441e-05 0.00021477 6.0441e-05 -0.070635 0.040342 0.071377 0.043567 0.061218 -0.034459 0.080167 0.069932 0.0017431 -0.0015884 0.0017431 0.0015884
0 0 0 0 -0.019065 -0.0048518 0.019065 0.0048518 0.0071344 0.003218 0.029206 0.011002 4.1418e-05 3.8007e-05 4.1418e-05 3.8007e-05 0.031549 -0.041653 0.033564 0.044263 -0.15963 -0.23355 0.26339 0.23404 0.15685 0.028445 0.17869 0.040148 0 0 0 0 -0.027953 0.019877 0.089781 0.12005 0.14835 -0.20626 0.58247 0.4042 0.22828 -0.054344 0.22847 0.088462 0 0 0 0 0 0 0 0 -0.05582 0.04987 0.063822 0.052342 0.061578 -0.029688 0.065786 0.043322 0.00072694 -0.0020647 0.00085205 0.0020647
0.004629 -0.00018491 0.0079114 0.00044688 0.030669 0.0032625 0.031057 0.0033134 0 0 0 0 0 0 0 0 -0.0080722 -0.003605 0.074695 0.017383 0.37319 -0.14123 0.56878 0.34975 0 0 0 0 0 0 0 0 -0.029026 0.033132 0.029746 0.066677 0.38352 0.08709 0.42526 0.20318 0 0 0 0 0 0 0 0 -0.0023922 0.0084561 0.0029454 0.0084561 0.021896 0.022576 0.033578 0.025176 0 0 0 0 0 0 0 0
0.00022075 0.00016648 0.0003608 0.00021875 0.076682 -0.0018255 0.08367 0.010868 0.0075059 -0.00063592 0.0075059 0.0013946 0 0 0 0 0.013384 -0.015355 0.015174 0.01791 0.39991 0.03837 0.55312 0.083443 0.17726 -0.014495 0.17726 0.024719 0 0 0 0 -0.024388 0.076203 0.031132 0.085455 0.28042 0.17056 0.31888 0.36098 0.21379 0.010963 0.21379 0.044844 0 0 0 0 0 0 0 0 0.0002221 0.0028487 0.0023079 0.0032884 0 0 0 0 0 0 0 0
0 0 0 0 0 0 0 0 0 0 0 0 0 0 0 0 -0.014102 -0.042914 0.015563 0.042914 0.15175 -0.094459 0.47044 0.43103 0 0 0 0 0 0 0 0 0.031842 -0.010312 0.10156 0.15802 0.18182 0.070891 0.28492 0.51802 0.063958 -0.12372 0.1633 0.2827 -0.0026516 -0.0035456 0.0030852 0.0035456 0.0085073 0.0056105 0.0089339 0.0074214 0.00036291 -0.00073992 0.00036291 0.00073992 -0.036947 0.0073584 0.048656 0.040996 -0.0034346 -0.020446 0.014673 0.020688
-0.00045199 -0.0041419 0.0032138 0.0042973 0.023175 -0.04339 0.023175 0.043728 0.049251 -0.034678 0.049444 0.03479 0 0 0 0 -0.0063966 0.058687 0.042346 0.11414 0.10022 -0.0091537 0.13564 0.17999 0.46478 -0.039278 0.46478 0.059636 0 0 0 0 0.023486 -0.041087 0.026195 0.044473 -0.034659 0.24808 0.1283 0.36793 0.29578 0.049408 0.34609 0.17376 0.0022509 -0.011667 0.0022509 0.011667 0.0039881 -0.0020486 0.0051069 0.0056862 0.033564 -0.052353 0.033586 0.05356 0.018233 -0.036366 0.019079 0.042194 0.0014299 -0.0032505 0.0014627 0.0035479
-0.0005161 0.010705 0.0029687 0.016607 0.05035 0.074825 0.06775 0.094398 0.043889 0.00076606 0.043889 0.0030268 0 0 0 0 -0.013488 -0.037847 0.025262 0.13742 0.19038 -0.084274 0.26506 0.32874 0.27919 -0.012261 0.27988 0.032613 0 0 0 0 0.0056974 0.027131 0.0098388 0.0272 0.14038 0.1747 0.54758 0.19919 0.27616 -0.020904 0.31167 0.031109 0 0 0 0 0.0027236 0.013324 0.0028046 0.013324 -0.032919 0.0090971 0.041225 0.011037 0.033707 -0.006013 0.054111 0.013598 0 0 0 0
-0.0037679 -0.0036845 0.0037679 0.0036845 0.035271 0.012444 0.075919 0.029015 0.0096905 0.010014 0.0096905 0.010014 0 0 0 0 0.0014941 0.026847 0.022356 0.041378 0.21711 0.059978 0.67768 0.10604 0 0 0 0 0 0 0 0 0 0 0 0 0.14688 0.0047679 0.663 0.05822 0 0 0 0 0 0 0 0 0 0 0 0 0.0045852 0.034111 0.021827 0.034111 0 0 0 0 0 0 0 0
5.3504e-05 -0.00021844 0.00047914 0.00031016 0.074059 -0.050468 0.086905 0.066933 0.045055 -0.039975 0.045055 0.039975 0 0 0 0 -0.0011865 0.00012233 0.0024943 0.00088657 0.13774 0.065838 0.18358 0.081508 0.27744 -0.16382 0.39974 0.57661 0.063408 -0.063712 0.063408 0.063712 -0.0015331 -0.00039003 0.0022441 0.00088412 0.33479 0.058435 0.35064 0.11517 -0.088299 0.029896 0.13133 0.054652 0.0010597 -0.037048 0.075258 0.038195 0.00010434 -2.8021e-05 0.00020306 0.00024418 0.048901 -0.014999 0.056702 0.025601 -0.011792 -0.0041488 0.024254 0.0085531 0.0039369 0.010154 0.01015 0.010721
