-0.0018061 3.4236e-05 0.0035747 0.0013964 -0.0068417 -0.0041535 0.014116 0.0075698 0.043958 -0.0078712 0.049544 0.01609 2.5928e-05 0.00016913 0.00015156 0.00019588 0.0037249 0.0033421 0.019375 0.011966 0.24175 0.12771 0.38717 0.18983 -0.041255 0.080583 0.45078 0.20865 -0.0031127 0.00011065 0.005005 0.0054472 -0.018293 -0.016195 0.026393 0.023878 0.17954 -0.056317 0.22017 0.41702 -0.073896 -0.12873 0.23187 0.35515 -0.0021592 -0.036108 0.01335 0.068605 0.0013385 0.00087211 0.0038545 0.0014186 0.024342 0.048217 0.028541 0.048634 -0.029138 0.037137 0.031744 0.037137 0.0064628 -0.00036263 0.012886 0.0038541
-0.01148 0.0031572 0.011501 0.0032925 0.047698 0.018529 0.077118 0.039433 0.0056479 -0.0068704 0.035074 0.022371 -0.002224 -0.0035248 0.0024731 0.0058183 -0.019154 0.0045006 0.019154 0.009001 -0.098795 -0.058148 0.51312 0.30787 0.17667 -0.15623 0.22934 0.35542 0.012608 0.0097404 0.01262 0.027871 -0.0067111 0.0028536 0.0067111 0.0028536 -0.15711 0.19414 0.29468 0.23831 0.20811 0.15299 0.21392 0.23504 0.00046485 0.00144 0.00046485 0.0016229 0 0 0 0 -0.019048 0.019237 0.041545 0.019237 0.004305 -0.021058 0.039669 0.035213 0.00025623 -3.2135e-05 0.00025796 6.6509e-05
3.4095e-05 -3.1078e-05 3.4095e-05 3.1078e-05 -0.00017974 -0.00036773 0.00017974 0.00036773 -3.1228e-05 -0.0011873 3.1228e-05 0.0011873 -1.0117e-05 -3.9226e-05 1.7011e-05 5.2152e-05 -0.0033331 -0.033898 0.0043881 0.037723 -0.14675 -0.29968 0.16766 0.3406 0.25103 -0.20045 0.25103 0.20062 9.2608e-05 -0.00026488 0.00028969 0.0005912 0.0030459 -0.0047305 0.012091 0.0083451 -0.1758 -0.052881 0.23102 0.14626 0.44004 0.081083 0.44004 0.1421 0.0044347 -0.0019756 0.0044347 0.0019756 -0.00020598 -0.0015319 0.0031098 0.0025456 -0.014704 0.044803 0.047232 0.049992 0.05003 0.010158 0.05003 0.024393 0.00089853 -0.0002209 0.00089853 0.00025613
-0.0097952 0.00016131 0.010801 0.0029697 -0.0014329 -0.0033821 0.043307 0.01884 0.030891 0.045174 0.054746 0.080954 -0.0012139 0.0091948 0.0070781 0.011416 -0.04304 -0.0095365 0.059963 0.061108 -0.11931 0.18301 0.26789 0.23654 0.44041 -0.055072 0.45369 0.1506 4.1796e-05 0.003452 0.00089466 0.003452 0.02374 0.03646 0.027159 0.039819 -0.15991 0.26949 0.1941 0.26949 0.16989 0.19335 0.2179 0.21918 4.066e-05 0.00024962 0.00015131 0.00024962 1.5403e-06 1.5403e-06 1.5403e-06 1.5403e-06 0 0 0 0 0 0 0 0 0 0 0 0
-0.00061749 1.8797e-06 0.00061749 0.00016739 -0.060762 0.0018822 0.06089 0.0075069 0.057461 -0.0014904 0.063225 0.0050689 3.0659e-05 -2.8607e-05 0.00016808 0.00014934 -0.0044393 0.00080381 0.0044393 0.00085634 -0.43015 0.0011938 0.44103 0.056808 0.37675 -0.04156 0.39742 0.084397 -0.0013281 -0.00011641 0.0018488 0.00098899 -0.0031175 0.0013712 0.0031175 0.0013712 -0.2167 0.19026 0.2167 0.19434 0.13942 0.16228 0.17941 0.21827 -0.0030676 -0.00019287 0.0032847 0.00093577 -0.00023256 0.00014194 0.00023479 0.00014194 -0.0054384 0.0011479 0.0054384 0.0012963 -0.0057412 0.0013611 0.0057412 0.0015731 -0.0005969 -4.9278e-06 0.0005969 0.00013169
0.0056584 0.0027328 0.0068234 0.0046387 0.03684 0.051242 0.03684 0.05673 0.0089068 0.0067824 0.012313 0.01041 -0.00065233 0.0026507 0.0010772 0.0031084 0.057118 0.034627 0.058529 0.036857 -0.2282 -0.14432 0.34065 0.17478 0.31465 -0.18251 0.31465 0.1831 0.0024801 -0.00235 0.0024801 0.00235 0.025736 -0.030092 0.03776 0.039868 -0.084297 0.030421 0.33632 0.40548 0.25526 0.1747 0.25667 0.18493 0.0028985 -0.00078583 0.0028985 0.0010534 -0.0018592 -0.0015605 0.0042261 0.0050246 0.048326 -0.051868 0.048399 0.053501 0.015224 -0.016867 0.015834 0.019055 0.00062878 -0.00016036 0.00062878 0.0002366
-3.8985e-05 -8.4977e-05 0.00019019 8.5591e-05 -0.039391 -0.0087842 0.039391 0.0087994 0.032776 0.0046301 0.032811 0.0053372 6.6087e-06 9.0774e-06 5.839e-05 2.6219e-05 0.0094074 -0.0065975 0.0096894 0.0068503 -0.29523 -0.14911 0.33476 0.15714 0.29174 -0.13962 0.30472 0.18815 0.00095627 -0.00049418 0.0014756 0.00072714 0.031956 -0.031511 0.043433 0.044161 -0.19226 -0.0069921 0.38149 0.20552 0.3012 0.19927 0.31277 0.21298 0.0010611 0.0005584 0.0010611 0.0005584 -0.0028064 -0.0011311 0.0058647 0.0067736 -0.0050928 0.0041237 0.022123 0.036615 0.039722 -0.047227 0.039935 0.060226 0.0014249 -0.00070115 0.0014263 0.00091866
-0.0047111 -0.0015543 0.0047346 0.0030826 0.01585 0.0076138 0.027021 0.022474 0.054358 0.008931 0.055195 0.02536 -0.00022392 0.0010482 0.00036139 0.0010482 0.017043 0.048625 0.02499 0.053104 -0.17315 0.071543 0.24973 0.10478 0.43888 -0.074903 0.43931 0.087915 0.00032009 0.0011606 0.00066883 0.0011606 0.00067073 0.000936 0.00092894 0.0010831 -0.14103 0.37217 0.16534 0.37234 0.18359 0.20769 0.18359 0.20799 0.00024117 0.00024117 0.00024117 0.00024117 0 0 0 0 5.9616e-05 0.00025136 0.00018159 0.00032873 0 0 0 0 0 0 0 0
0.00052337 0.0050945 0.0016121 0.015651 0.017728 0.021026 0.051978 0.040999 0.017932 0.056927 0.02229 0.090016 0.0024463 0.00093677 0.0024463 0.0012746 0.028476 -0.044569 0.037427 0.059578 0.34163 0.032637 0.56511 0.13914 0.019077 0.0189 0.019077 0.0189 0.0015181 0.001634 0.0016269 0.001634 -0.032836 0.016158 0.037693 0.028999 0.23562 -0.18326 0.25731 0.26291 0.19419 -0.30862 0.19722 0.3283 0.0032461 -0.002452 0.0032461 0.0030725 -0.0066328 0.0029638 0.0067889 0.0032857 -0.00026305 0.042676 0.039173 0.045493 0.024384 0.027712 0.028311 0.036014 0.0033092 0.00088126 0.0033092 0.00088953
-0.0029582 0.0004285 0.0044616 0.0015513 0.020653 0.0059489 0.036806 0.049227 -0.0124 -0.045993 0.040479 0.051676 0.008233 -0.0027603 0.008233 0.0029672 -0.015279 -0.00012111 0.027769 0.015188 0.16734 0.068443 0.44457 0.3529 0.067534 0.29996 0.18487 0.34274 0.022478 0.019929 0.03068 0.025612 -0.011109 0.030664 0.037071 0.0524 0.33429 -0.056927 0.47361 0.16581 0.018305 0.010926 0.01986 0.021265 0.00085262 0.0017051 0.00085262 0.0017051 0.00059895 0.00082145 0.00064192 0.00082145 0.0055251 0.071764 0.023336 0.071764 0.0030367 0.0035329 0.0030367 0.0035329 0 0 0 0
0.00036872 -0.0006829 0.00045705 0.0006829 -0.015555 -0.039479 0.021846 0.039479 0.022406 -0.032977 0.023306 0.034183 -4.7901e-05 -2.6923e-05 0.00017327 0.00019162 -0.002746 -0.035246 0.020491 0.044171 -0.13276 -0.19585 0.17153 0.31379 0.459 -0.088786 0.4782 0.15959 0.0010104 4.5659e-05 0.00132 0.0016096 -0.032481 0.0012102 0.037818 0.024384 0.20336 0.072993 0.24671 0.17412 0.24748 0.16275 0.24889 0.19038 0.0050974 -0.0017429 0.0050974 0.002425 -0.0052898 0.0027419 0.0079649 0.0029701 0.024233 -0.0071493 0.034299 0.014808 0.040492 -0.012095 0.040492 0.012095 0.00088607 -0.00039847 0.00088607 0.00039847
-0.0024177 -0.0028894 0.0037311 0.0038721 0.0083916 -0.0053966 0.01421 0.0086417 0.060144 0.009075 0.065009 0.013134 -0.0025732 0.0015942 0.0063793 0.0034979 -0.017055 0.028676 0.030223 0.028676 -0.074987 0.10423 0.27864 0.18411 0.40229 -0.1729 0.44374 0.19556 -0.0054485 -0.0039253 0.018621 0.016292 -0.028083 0.014666 0.031292 0.020459 -0.066821 0.16773 0.26207 0.3174 0.21333 0.14581 0.27926 0.25221 -0.00023117 -0.00189 0.013191 0.06856 -0.0039786 -0.00055295 0.0078083 0.00091243 -0.04105 -0.017059 0.071122 0.020999 0.020462 -0.054681 0.021584 0.061832 0.0060634 -0.0011998 0.0061459 0.0031575
-0.0021139 -0.0014808 0.0028956 0.0016671 0.032192 0.006067 0.047065 0.017725 -0.00016458 -0.015669 0.014315 0.01784 0.0028227 -0.0016343 0.0028227 0.0018649 0.0023238 0.0094839 0.036536 0.021678 0.21772 0.026376 0.39184 0.13751 -0.078803 -0.0053381 0.36924 0.078408 0.018863 0.0050281 0.01889 0.0063659 0.050203 0.014671 0.061872 0.063687 0.026662 -0.10214 0.29906 0.4488 0.079075 -0.09489 0.44556 0.28899 0.0051158 0.0023314 0.0051543 0.0024022 0.0034093 0.0016918 0.0040293 0.0017102 -0.012166 0.019462 0.07788 0.024475 0.006543 0.025258 0.069913 0.029317 0.00034113 0.00049394 0.00034375 0.00049394
-0.00046295 -0.0011813 0.0044818 0.007682 0.014953 0.024039 0.021876 0.084444 0.028432 0.010594 0.032176 0.057218 0.00040425 -2.755e-05 0.00040425 8.9325e-05 -0.081762 -0.010201 0.084867 0.041147 0.24712 0.04206 0.35487 0.32981 0.1917 0.12912 0.21041 0.21943 0.0021672 0.00057369 0.0021672 0.0010421 0.017863 0.026651 0.034389 0.073624 0.3124 -0.086584 0.59614 0.18207 0.041737 -0.00022031 0.041737 0.020035 0.0016108 0.00040913 0.0016222 0.0012043 0.0011172 -0.0097849 0.0026594 0.012829 0.019986 -0.028731 0.042346 0.038298 0.017137 -0.08731 0.02577 0.091932 0.0031154 -0.010955 0.0031975 0.011345
-0.0071457 -0.00086676 0.008859 0.002352 0.023683 -0.038384 0.036097 0.038384 0.044463 -0.055039 0.0445 0.055039 0.00032376 -0.00062906 0.00032479 0.00062906 -0.021926 -0.0036359 0.023321 0.020618 0.30251 0.18555 0.31814 0.19395 -0.013251 0.34018 0.11604 0.48354 0.012721 0.017676 0.013151 0.070371 -0.031589 0.047921 0.040122 0.04858 0.34269 0.033532 0.40203 0.19731 0.079834 -0.017327 0.086915 0.041356 -8.7806e-06 0.0075278 0.0014642 0.0075278 -0.00027164 -0.0024852 0.0032637 0.0071199 -0.022175 0.013951 0.026138 0.022212 0.046743 -0.022099 0.048601 0.025008 0.00015049 -0.00016203 0.00015049 0.00016203
-0.0022792 -0.0026489 0.0027613 0.0029145 0.0061122 -0.0065511 0.030944 0.012849 0.034896 -0.036265 0.034896 0.037545 0.003669 -0.008434 0.0036758 0.0084522 -0.0015359 0.0022718 0.0033414 0.0035582 0.30981 0.16724 0.31385 0.17112 -0.058525 0.41666 0.079798 0.42163 0.0033375 0.034921 0.0093513 0.045675 0.0027574 0.020527 0.011574 0.020527 0.39869 0.014746 0.40765 0.16186 0.08308 -0.013876 0.093402 0.05118 -0.0029436 0.018939 0.0033412 0.018939 -0.0026131 0.006309 0.0041644 0.0063996 -0.0048363 0.0033951 0.012742 0.0047325 0.048189 -0.014094 0.048274 0.014564 0.0001035 -7.7919e-06 0.0001035 2.4096e-05
-0.00044297 0.00064604 0.0015159 0.0015281 0.0034764 -0.020713 0.017147 0.054282 0.0035032 -0.014315 0.0064734 0.039357 0.0029211 0.0012572 0.0055046 0.0052246 -0.016666 0.011325 0.019506 0.012095 0.26449 0.18933 0.27847 0.20904 -0.072135 0.42674 0.1524 0.42674 0.034553 0.03854 0.034945 0.040586 -0.052355 0.043719 0.065837 0.043804 0.378 -0.077562 0.42841 0.13385 0.029051 -0.0046889 0.032464 0.020402 6.369e-05 0.00026119 0.00045513 0.00036876 -0.0013486 0.00059666 0.0017279 0.00074954 0.003114 0.0054642 0.047701 0.014399 0.031414 -0.008156 0.031861 0.0082911 0.00012806 -8.6467e-06 0.00012806 1.8485e-05
0.0044286 0.0032738 0.0071356 0.005554 -0.016124 -0.017923 0.042931 0.041374 0.0088954 0.028589 0.034505 0.031781 0.0074838 -0.0029977 0.008576 0.0030361 -0.052403 -0.0093823 0.064968 0.03231 0.020089 -0.073011 0.24057 0.301 0.32229 -0.073374 0.34773 0.17944 -0.009615 0.014336 0.032279 0.033953 0.0066896 0.0043071 0.028738 0.011412 -0.1194 0.3188 0.29336 0.33487 0.28631 0.17161 0.32847 0.17161 -0.0046786 -0.0022455 0.024351 0.019795 0.0015768 0.00051635 0.0038313 0.003803 0.012321 0.0019217 0.012321 0.010968 0.00039673 0.00013865 0.00039673 0.00018103 -0.00020762 0.00043958 0.00040507 0.00043958
-0.0022355 -0.005758 0.0076325 0.0076167 0.016074 -0.097221 0.026749 0.097629 0.029798 -0.063561 0.029854 0.063574 0 0 0 0 -0.012918 0.032258 0.021149 0.037196 0.17325 0.24979 0.27222 0.34218 0.24554 0.23832 0.246 0.2577 0 0 0 0 0.008255 0.035398 0.027082 0.041237 0.15035 0.03417 0.58827 0.23732 0.032401 -0.015619 0.032401 0.016387 0 0 0 0 0.0008108 0.00059388 0.0008108 0.00059388 -0.030216 0.014769 0.047814 0.020214 0.037436 -0.01031 0.037436 0.01054 0 0 0 0
0.0011026 0.0011334 0.0029719 0.0042004 -0.03027 -0.041746 0.062041 0.057707 0.057204 -0.028912 0.057204 0.029118 0 0 0 0 0.0016699 -0.0022637 0.041829 0.015503 0.03486 0.26416 0.46817 0.31034 0.076151 0.12612 0.4708 0.33115 0.0048802 -0.0052436 0.0048802 0.0052436 -0.022868 0.0089416 0.023042 0.010677 0.15231 0.049951 0.38348 0.098953 -0.072668 0.12791 0.083857 0.13334 0.0051934 -0.0033853 0.03104 0.042644 -0.0005176 -0.00097382 0.0019309 0.0011667 0.010323 -0.015293 0.073079 0.021544 0.00067863 -0.022772 0.0028685 0.022772 -0.0010691 -0.0039126 0.0011621 0.0044756
-0.00038003 -0.00076676 0.00073898 0.0008309 0.02851 -0.012386 0.07822 0.018561 0.0087767 -0.011392 0.026064 0.014687 -0.0010454 -0.0009508 0.0010836 0.0009508 -0.0040435 -0.0022327 0.008107 0.0062394 0.042033 -0.087576 0.55664 0.13186 0.23885 -0.07486 0.29475 0.12773 -0.0049512 -0.0061293 0.0071345 0.0074923 -0.011497 0.022049 0.022053 0.025277 0.025208 0.17441 0.46028 0.20506 0.23917 0.1333 0.31897 0.14248 0.0031269 0.0024668 0.011848 0.0084719 -0.00031137 0.0074956 0.0038096 0.0075083 0.00066733 0.041776 0.022956 0.046261 -0.0075829 -0.0013575 0.0088593 0.0036482 0.002362 0.0012937 0.0029298 0.0013055
0.00099051 0.0011106 0.0011219 0.0013303 0.0086891 0.0046682 0.065785 0.017256 -0.036641 -0.0086528 0.037103 0.01185 -0.0022649 -0.00096305 0.0064962 0.0031645 -0.0075669 -0.069835 0.0084301 0.070239 -0.029466 -0.36662 0.24717 0.40928 0.063194 -0.06757 0.26455 0.27349 -0.0072728 0.064092 0.028016 0.071829 -0.0012184 -0.012544 0.0031918 0.013584 0.058341 0.17563 0.25022 0.37865 0.23764 0.041147 0.26152 0.27865 -0.0069179 -0.017282 0.011085 0.05608 -0.00060533 0.0028887 0.0024043 0.0041471 0.030908 0.02285 0.030908 0.026345 0.035117 0.020043 0.035117 0.023971 0.00018318 0.00071183 0.00019463 0.00071662
0.00062437 -0.017615 0.0018807 0.017619 0.01359 -0.075945 0.055621 0.089806 0.0059469 -0.018488 0.011247 0.020116 -0.006491 -0.0034913 0.0083234 0.0035864 0.023199 0.025674 0.024358 0.049303 -0.085027 0.12218 0.17838 0.28486 0.352 -0.08105 0.39517 0.21475 -0.034981 0.026501 0.046578 0.048027 0.031495 -0.021847 0.035177 0.027849 -0.11437 0.12479 0.27383 0.27266 0.33795 0.088745 0.3436 0.27094 -0.00057269 0.0089512 0.0069253 0.040277 0.0031066 0.0044933 0.0031192 0.0050312 0.020491 0.0098798 0.020717 0.022947 -0.0051712 0.026528 0.01656 0.057713 -0.00022035 -0.0021913 0.001373 0.00855
-0.0024685 -0.0080411 0.0033917 0.008247 0.037694 -0.027054 0.042941 0.047182 -0.0011472 -0.0077754 0.044195 0.01772 0.00016539 -6.6675e-06 0.00016539 7.5908e-05 -0.016786 0.054465 0.020232 0.068941 0.36056 0.12792 0.40065 0.18413 -0.11583 0.026418 0.46592 0.044733 0.0023985 -0.00020624 0.0023985 0.00051675 -0.0099888 -0.002961 0.018407 0.018963 -0.025196 -0.22901 0.27244 0.32389 0.054256 -0.13214 0.30086 0.22832 0.024177 -0.023018 0.024177 0.023018 0.00046299 0.006353 0.0038391 0.0063801 0.0010811 0.016578 0.073612 0.030767 -0.01938 -0.035353 0.029872 0.035378 0.0048967 -0.0034229 0.0057681 0.0034239
-0.0021799 -0.00068539 0.0022252 0.00073199 0.016166 -0.0024227 0.066495 0.015688 0.021287 0.0066976 0.023512 0.0073263 -0.00019145 -0.00020464 0.00019145 0.00020464 -0.090412 -0.020517 0.091847 0.020861 0.42402 0.039962 0.5398 0.11472 -0.010116 -0.0055859 0.02366 0.019631 -0.0046838 -0.0038862 0.004901 0.0054675 -0.053518 -0.049013 0.069969 0.049158 0.29309 -0.16129 0.34476 0.2156 0.13141 -0.27558 0.1613 0.27717 -0.0081162 -0.0014795 0.0086237 0.0075878 -0.0012326 0.00030379 0.0015795 0.0019765 0.018531 0.0018154 0.021697 0.0098561 0.022651 -0.023215 0.026609 0.023616 0.00095378 -0.0043293 0.0018519 0.0043293
0.0025909 -0.0062582 0.0032414 0.0064599 -0.029487 -0.04565 0.032935 0.072094 0.070202 0.0083339 0.070386 0.033427 4.5165e-05 9.2119e-05 0.00012236 0.00032878 -0.043953 -0.0091986 0.045534 0.022226 0.21222 0.16142 0.22712 0.3268 0.3262 0.059515 0.3262 0.14751 0.0012586 0.0012788 0.0015843 0.0014679 -0.033559 0.012615 0.052182 0.015699 0.45253 -0.095159 0.50844 0.11965 0.061928 -0.012208 0.061928 0.013462 0.0054852 -0.001598 0.0054852 0.0019048 -0.0045085 0.00031573 0.0061211 0.0012892 0.048486 -0.0087536 0.067615 0.016345 0.021982 -0.0079733 0.022139 0.0083928 0.0010557 -0.00037342 0.0010557 0.00037942
0.0019737 0.0012004 0.0038188 0.0014159 0.010594 -0.0014282 0.014595 0.0056347 0.022338 0.0083455 0.022338 0.0083455 0.0057011 0.0023889 0.005704 0.0023947 -0.0035459 0.0029019 0.025138 0.0045717 0.26423 0.089213 0.34803 0.1543 0.069004 0.14603 0.39397 0.18886 0.0042285 0.00057552 0.004361 0.0012789 -0.013662 0.0054916 0.024304 0.0064793 0.29959 -0.1307 0.54263 0.24083 0.10927 -0.069583 0.17433 0.20737 0.0024806 -0.024273 0.013107 0.026907 -0.0018281 0.00053852 0.0022185 0.00073501 -0.0099568 0.01978 0.019342 0.020183 0.044224 0.0081089 0.048728 0.022761 0.00032298 0.0026688 0.0024548 0.0030723
0.00026686 0.003079 0.0051509 0.0040716 -0.01851 -0.0061594 0.021358 0.014395 0.03902 0.017286 0.088824 0.017424 0.0011161 0.00013339 0.0011161 0.00014029 -0.051784 0.0017002 0.062052 0.018509 -0.073066 -0.066571 0.21935 0.10493 0.32165 -0.043096 0.39372 0.1262 -0.010839 -0.0040368 0.029985 0.0081844 -0.073965 -0.015895 0.075479 0.026194 0.11193 0.024368 0.37564 0.15861 0.14709 -0.021191 0.51231 0.37784 -0.021404 -0.023018 0.054876 0.030585 -0.00513 -0.0045816 0.0051681 0.0099798 0.020399 0.023774 0.033349 0.047945 -0.0058819 0.045143 0.02288 0.068576 0.0042801 0.0043452 0.0091185 0.0051243
-2.5182e-06 -0.008816 0.0054162 0.0088304 0.045987 -0.092924 0.045999 0.093091 -0.011499 -0.010557 0.030215 0.026248 0.0028419 0.0021263 0.0055159 0.0059217 -0.02166 0.0020219 0.022405 0.012507 0.25024 0.043488 0.25064 0.30672 0.00082734 -0.063961 0.35386 0.46405 0.0014832 -0.025366 0.018736 0.030038 -0.018459 0.0096787 0.02757 0.025853 0.26256 0.014203 0.27902 0.20937 0.064535 0.093334 0.35351 0.22967 0.015516 0.017296 0.032816 0.058142 -0.0028521 0.014071 0.003438 0.014074 0.0079125 0.061262 0.015052 0.063737 0.013287 0.068117 0.02949 0.068117 -0.0026402 0.0049935 0.004391 0.0094917
0.00021791 -0.0077107 0.0046673 0.0077107 -0.059398 -0.037629 0.070787 0.039336 0.03552 -0.03308 0.042685 0.063492 0.0023824 0.0059704 0.003329 0.013659 -0.00066542 0.014977 0.078748 0.035728 -0.18678 -0.017734 0.45627 0.38343 0.30413 0.021841 0.36544 0.13304 0.013149 -0.018123 0.021887 0.025855 0.013296 0.0089563 0.05434 0.015225 -0.2756 0.076274 0.33854 0.13074 0.18237 -0.035681 0.23515 0.14007 0.02259 -0.0098985 0.02275 0.069022 -0.0021855 0.00030833 0.0021855 0.00031101 -0.029147 -0.0057148 0.044694 0.012443 0.015136 0.0054151 0.015136 0.0055641 0.0073086 0.0024361 0.0073086 0.002445
0.0033477 -0.0065945 0.005402 0.0079576 0.0028367 -0.077471 0.0040482 0.084109 -0.023876 -0.039958 0.055164 0.062513 0.0028742 -0.0028598 0.0053686 0.012373 -0.008226 0.0011191 0.017536 0.018177 0.12106 -0.11292 0.24905 0.39531 0.14065 0.097153 0.50708 0.22992 0.0098533 0.02183 0.0098533 0.02183 -0.02435 0.045137 0.029444 0.049003 -0.16535 0.091464 0.21378 0.13606 0.29022 -0.142 0.30275 0.25492 0.027989 -0.019331 0.028014 0.021218 0.0014956 0.0015128 0.0019193 0.0015128 -0.012134 0.034433 0.07436 0.044568 -0.0061504 0.068512 0.053012 0.069571 0.0063833 0.0068271 0.0063833 0.0068271
-0.0092422 -0.0041874 0.0092457 0.0041957 0.016809 0.0030488 0.019461 0.0068865 0.010426 0.014909 0.048401 0.015739 0.0059078 -0.0024145 0.0059078 0.0024183 -0.033174 -0.043045 0.033947 0.043054 0.14702 -0.25012 0.14702 0.2773 0.28906 -0.11938 0.36173 0.17444 -0.026803 0.012434 0.050335 0.023476 -0.0012296 -0.0042072 0.0044784 0.0047872 0.1246 0.016481 0.1246 0.026277 0.4899 0.10071 0.49027 0.10309 -0.025093 0.011545 0.028609 0.012957 0.00030694 0.0030162 0.0019234 0.0032883 0.037672 0.011731 0.04087 0.01289 0.053118 0.013378 0.053185 0.013824 -0.0010182 0.0005636 0.0010427 0.00058148
-0.0011559 -0.00034414 0.0011559 0.00057433 -0.013352 -0.0023778 0.025221 0.0068557 0.046428 0.00722 0.096831 0.015913 0.0014615 -3.5258e-05 0.0014615 9.2497e-05 -0.006494 -0.0020745 0.0084271 0.0050322 -0.019047 -0.062614 0.33242 0.12231 0.27486 -0.0531 0.47099 0.14021 0.0090153 -0.0001021 0.0090153 0.0018092 -0.0052104 -0.0020402 0.0083218 0.0031793 -0.063309 0.082302 0.30854 0.13106 0.35965 0.097805 0.50117 0.10148 0.0072863 0.0006022 0.0072863 0.0030172 -0.0011172 -0.00024966 0.0017994 0.0011814 -0.010073 0.0058174 0.076261 0.018076 0.058518 0.0035515 0.061476 0.010217 0.00087164 -2.5943e-05 0.00090513 0.00016047
0.00077837 -0.00066849 0.00084842 0.00066849 -0.030917 -0.016335 0.041561 0.018036 0.025484 0.0035478 0.049529 0.013782 0.0026033 -0.001164 0.0026233 0.0011693 0.0029892 -0.062491 0.052905 0.062757 -0.030183 -0.25352 0.19581 0.26438 0.25012 -0.062758 0.43063 0.19613 0.030986 -0.010681 0.043592 0.018085 -0.012059 -0.0051422 0.019126 0.016754 0.095239 0.04089 0.11138 0.055442 0.46114 0.12844 0.47652 0.12869 -0.028563 0.011221 0.05338 0.019525 0.0030019 0.0056677 0.0055839 0.005718 -0.0070082 0.016593 0.045461 0.030331 0.059817 -0.0091019 0.065282 0.016496 -0.0018845 0.00042057 0.0028336 0.0015019
-0.0027189 -0.0022703 0.0037401 0.0026389 0.00076391 -0.021772 0.011435 0.026854 0.0046451 0.0026601 0.0073479 0.013895 0.0019853 -0.0035368 0.0019857 0.0035383 -0.0063965 -0.032471 0.022734 0.034567 -0.022824 -0.17861 0.10806 0.48267 0.30163 -0.086569 0.32379 0.18337 -0.026261 0.001215 0.032974 0.008401 -0.017267 0.035022 0.01969 0.035558 -0.028378 0.19182 0.084703 0.31958 0.37296 0.10065 0.37496 0.18144 -0.042695 0.00354 0.049888 0.0045457 -0.00033558 0.0011681 0.00043395 0.0012036 -0.019417 0.012832 0.019585 0.013395 0.020854 -0.0078951 0.024449 0.015358 -0.0038978 -0.0012686 0.0063279 0.0015845
0.0029087 -0.00418 0.005412 0.0044133 -0.0042278 -0.00051987 0.057581 0.022563 0.026811 -0.0063935 0.026838 0.0064808 -0.0010726 0.00044305 0.0018354 0.00060823 -0.023024 -0.0088225 0.047542 0.047772 0.4214 0.070128 0.46704 0.22255 -0.011789 0.0074035 0.29336 0.082805 -0.015706 -0.0028993 0.021717 0.023326 -0.0092791 0.033077 0.038856 0.035948 0.20546 0.019163 0.42924 0.29698 -0.0084248 -0.021539 0.19994 0.26354 -0.0048925 -0.0014664 0.015461 0.044247 0.00021288 -0.00059228 0.0078093 0.0019307 0.02243 -0.052204 0.060275 0.073828 0.012141 -0.0085999 0.019623 0.026364 0.00061838 -0.00019122 0.00061838 0.00035303
-0.00015466 -0.00042281 0.00076067 0.00065033 -0.00087259 -0.0046652 0.0011455 0.0046652 -0.032835 -0.025121 0.040296 0.02953 0.0083801 0.0049508 0.0088945 0.0051165 -0.01713 -0.0139 0.037457 0.048504 -0.16442 -0.21837 0.34287 0.3177 0.21274 -0.0091744 0.4072 0.21293 0.0065529 0.0039823 0.0065529 0.0039823 0.04609 -0.049322 0.049645 0.053742 -0.15277 -0.093775 0.18774 0.2613 0.346 -0.077394 0.37059 0.17797 0.0080665 -0.010216 0.0080665 0.010455 -0.001072 0.0048717 0.0048389 0.0071388 0.0049871 -0.00097012 0.010595 0.010909 0.010418 -0.0079388 0.010445 0.0082686 0.0059354 -0.0062793 0.0059354 0.0062793
-0.00022694 -0.0062686 0.0018916 0.0070454 -0.026579 -0.021069 0.027893 0.033865 0.051196 -0.00072257 0.0554 0.0070945 0.00032558 0.00011178 0.00032558 0.00013499 0.00085514 -0.0035252 0.0074825 0.021272 -0.047714 0.099067 0.25713 0.2004 0.33547 0.0010646 0.34747 0.075649 0.0021549 0.0014717 0.0021549 0.0014717 -0.037199 0.035481 0.044405 0.040434 -0.14101 0.03717 0.50114 0.30144 0.35188 0.012059 0.35321 0.089456 0.0015637 0.0012616 0.0015637 0.0012616 -0.00081297 0.00098349 0.00089794 0.00098349 -0.020963 0.036231 0.035669 0.036231 0.029332 0.020619 0.029634 0.020619 0.0001615 0.00024793 0.0001615 0.00024793
-0.0021249 -0.0037565 0.0021291 0.0037565 -0.021777 0.016781 0.030631 0.029336 -0.016489 0.03159 0.043605 0.036365 0.0077654 0.0093171 0.0094169 0.010526 -0.00075836 -0.014026 0.043279 0.062301 -0.084192 0.015876 0.25989 0.42051 0.20981 0.19476 0.31895 0.3163 -0.01592 -0.0054905 0.030957 0.012765 -0.043728 -0.0028024 0.050096 0.043378 0.33127 -0.012233 0.42101 0.21294 -0.011527 0.021753 0.28691 0.14097 -0.0087549 -0.0097876 0.050264 0.025995 0.0010406 0.0021857 0.0017389 0.0033487 0.016129 0.037106 0.032876 0.037111 -0.0033852 -0.0013615 0.020977 0.012547 -0.0028559 0.0052059 0.0033324 0.0062225
-0.00013001 -8.3112e-05 0.0010173 0.0034767 -0.0086586 0.0031646 0.074373 0.015176 0.04271 -0.0095477 0.042808 0.011004 0.00012787 8.5188e-06 0.00012787 3.4742e-05 0.0031239 0.013854 0.014371 0.015375 -0.27861 0.0048706 0.41301 0.12528 0.37765 -0.024773 0.37765 0.033404 0.00028398 -4.3997e-05 0.00028398 0.00011247 -0.011047 -0.0013707 0.013191 0.0070314 -0.23729 0.011469 0.34643 0.10408 0.35084 0.0013092 0.35084 0.04507 0.00039308 6.5106e-05 0.00039308 6.5106e-05 0.00035421 -0.0022562 0.0020231 0.0023904 -0.0069717 0.00062363 0.023379 0.0080225 0.025143 0.01876 0.028501 0.020643 2.0007e-07 -5.3728e-06 2.0007e-07 5.3728e-06
-0.00050903 -0.0086975 0.0043736 0.0093416 0.012679 -0.025222 0.068999 0.03764 0.028578 -0.006453 0.028685 0.0091858 0.0003578 0.00014261 0.0003578 0.00014261 0.0065649 0.046032 0.023196 0.065035 -0.084879 0.073848 0.47083 0.37982 0.38922 -0.042006 0.38922 0.072443 0.0022783 0.0013158 0.0022783 0.0013158 0.0052035 0.012314 0.0074345 0.012416 -0.071933 0.29327 0.19514 0.29327 0.12312 0.14469 0.15114 0.14469 0.00161 0.0010588 0.00161 0.0011507 0.00037758 0.0001245 0.0004653 0.0003509 2.1756e-05 0.0021732 0.00095577 0.0021732 0.00073176 0.0012229 0.00074244 0.0012229 2.1373e-05 0.00014232 9.4551e-05 0.00014232
-0.0017013 -0.0032623 0.0021676 0.0032623 0.052816 -0.0053396 0.052816 0.020021 0.0031155 0.011187 0.03925 0.015054 0.0056772 -0.0021106 0.0056868 0.0021106 0.00088669 0.036083 0.016433 0.037097 0.443 0.11884 0.48251 0.12058 -0.015086 0.020692 0.04935 0.021265 -0.013062 0.0055728 0.043409 0.01927 -0.013525 -0.0055862 0.03834 0.031121 0.36329 -0.02365 0.4974 0.22634 -0.022934 -0.10679 0.13744 0.23628 -0.016728 -0.0090759 0.027779 0.024461 -0.0025221 0.0095686 0.0048583 0.0097437 0.017589 0.0017788 0.023403 0.01877 0.0015403 0.014327 0.018969 0.030908 6.3326e-05 0.0082174 0.0010682 0.0090544
-0.00025546 -0.010728 0.00052225 0.010728 -0.0016381 -0.084381 0.0045008 0.084381 0.0067527 -0.079118 0.010829 0.079118 0.0014131 -0.001143 0.0014131 0.0011461 0.0021073 0.018548 0.0023483 0.021317 -0.22013 0.08591 0.24059 0.15835 0.24888 0.10745 0.29881 0.34908 0.011969 0.0033038 0.011969 0.004083 -0.01525 -0.028563 0.017926 0.033629 -0.11301 -0.057583 0.32888 0.43403 0.24846 -0.10337 0.37169 0.1429 0.0025202 -0.0099476 0.0033657 0.01149 -0.00072572 0.00046096 0.0014422 0.0028902 -0.0035315 0.011391 0.0069517 0.023528 0.0071552 -0.0089066 0.015556 0.025373 0.00045253 -0.0064736 0.0012717 0.0087549
0.0023858 -0.0073234 0.0030581 0.017048 0.021037 -0.055594 0.024402 0.060151 0.017756 0.013692 0.019115 0.021976 -0.00024045 0.0010636 0.00067612 0.002917 -0.00076471 0.0069612 0.010139 0.064989 0.066117 0.074454 0.12652 0.14583 0.41118 -0.08144 0.41188 0.10465 -0.0013256 0.0037838 0.0016503 0.0037838 0.0073597 0.041954 0.019681 0.050492 -0.15127 0.25858 0.32813 0.2841 0.37574 0.089437 0.37574 0.090618 0 0 0 0 0.0014183 -0.0010536 0.001491 0.001148 0.0015909 0.004916 0.017173 0.013617 0.013646 0.012184 0.013802 0.012609 1.7883e-05 -2.1188e-05 1.7883e-05 2.1188e-05
0.011276 -0.0026047 0.016062 0.0050415 0.011349 -0.015125 0.018834 0.027969 -0.013645 -0.020874 0.017057 0.020889 -0.00050618 -0.008087 0.005043 0.010313 0.023878 0.00096493 0.06884 0.029842 0.21741 -0.041548 0.36874 0.41705 0.040265 0.15541 0.10553 0.38637 -0.040771 0.018547 0.041485 0.062658 -0.039896 0.010899 0.061411 0.019725 0.44371 -0.083667 0.44371 0.09176 -0.028008 -0.019064 0.038166 0.019562 -0.029943 0.0028799 0.079834 0.039088 -0.015368 0.0028928 0.015368 0.002896 0.055592 -0.015895 0.061416 0.018162 0.005913 -0.016611 0.043527 0.023847 0.0042439 0.0027852 0.0042439 0.0027957
0.0048056 0.01355 0.0076296 0.017433 0.015975 0.03129 0.018089 0.031383 0.0029303 0.0028675 0.0033889 0.0034528 -1.5586e-06 5.8001e-06 5.8001e-06 5.8001e-06 0.0021328 -0.027144 0.006506 0.030026 -0.19068 -0.29415 0.22945 0.29515 0.28386 -0.14385 0.28709 0.14385 0.001051 -0.00017407 0.001051 0.00017407 0.0017957 0.030402 0.0049671 0.031705 -0.21714 0.2951 0.22848 0.3089 0.29139 0.13408 0.29989 0.22687 0.0013954 -5.31e-06 0.0015785 0.0007016 0.0028116 -0.00079096 0.0028116 0.00085336 0 0 0 0 -0.00010428 0.00078214 0.0012295 0.0012295 -2.4498e-05 9.1167e-05 9.1167e-05 9.1167e-05
-0.0022838 -0.0063749 0.008638 0.0065058 0.033089 -0.042581 0.035355 0.042873 0.0056905 -0.0092511 0.0082585 0.013041 -0.0010122 0.0012487 0.0010122 0.0021386 -0.014637 -0.0073024 0.027264 0.018637 0.042125 -0.14264 0.36613 0.16413 0.33052 -0.22636 0.35326 0.23122 0.0060094 -0.021318 0.0071784 0.021648 -0.002287 0.0015274 0.007659 0.0095989 -0.032833 0.099656 0.4859 0.12999 0.27 0.122 0.29296 0.13628 0.0054546 -0.0039984 0.009249 0.013604 0.00079378 0.0010205 0.0010876 0.0010354 0.034274 0.025846 0.097835 0.02811 0.0016815 0.011866 0.0089304 0.012166 -0.00092123 0.0023051 0.0010426 0.0023088
-0.0010955 -0.0034304 0.0012042 0.0034304 -0.010011 -0.081497 0.011312 0.081497 0.0019967 -0.07985 0.0079547 0.079889 0.0045281 -0.0032562 0.0045281 0.0032822 -0.014538 0.019832 0.02097 0.055329 -0.089123 0.062784 0.22523 0.23879 0.18771 0.040241 0.37227 0.43596 0.021024 0.0092594 0.021024 0.010222 -0.0048403 -0.0096263 0.010914 0.011843 -0.23438 0.052269 0.31333 0.24686 0.33337 -0.012148 0.3479 0.15469 0.0031961 0.00062392 0.0031961 0.00063015 -0.0022616 -0.0051595 0.0048385 0.0057706 0.0031598 -0.0057179 0.040147 0.050084 -0.0026486 -0.016178 0.065638 0.030863 -0.00037252 -0.0048083 0.00065655 0.0052118
0.002396 -0.0069773 0.0039873 0.0069773 -0.040786 -0.037825 0.040865 0.037825 0.039692 0.026134 0.057091 0.042386 0.00045457 0.00058779 0.00047928 0.00058843 -0.015269 -0.02048 0.052778 0.047363 0.31236 0.032327 0.5625 0.32236 0.1035 0.084352 0.1035 0.084352 -4.3276e-05 1.3303e-05 4.3276e-05 4.3276e-05 0.0087422 -0.025926 0.024381 0.031327 0.26429 -0.17337 0.33621 0.20242 0.20971 -0.19667 0.20971 0.19667 0.00041145 -0.00016028 0.00044495 0.00017627 -0.0011629 0.00053665 0.0039186 0.0032234 0.0093806 -0.0054458 0.0095294 0.0073509 0.0357 -0.028671 0.0357 0.028671 0.0035532 -0.0042972 0.0035532 0.0042972
0 0 0 0 0 0 0 0 -0.0021879 -0.0035216 0.0021879 0.0035216 -0.0013966 -0.0036881 0.0014131 0.0056422 -0.0046014 -0.053009 0.02126 0.053009 0.15013 -0.16508 0.46123 0.41789 0.062427 0.011878 0.094074 0.24172 -0.0022411 -0.00080199 0.0074733 0.017634 -0.012543 0.036193 0.041797 0.039873 0.082965 -0.10227 0.44176 0.21469 0.14501 -0.070083 0.18344 0.3856 -0.023779 -0.017963 0.032917 0.066065 -0.003551 0.00068192 0.0035589 0.00073735 0.022754 0.0043301 0.069901 0.0072977 0.019593 -0.003142 0.029085 0.0050564 -0.0054763 -0.0025481 0.0079131 0.010122
-0.0024796 -0.0072357 0.0045837 0.0083979 0.0274 -0.043766 0.031083 0.044765 0.053692 -0.041995 0.053701 0.042366 4.3874e-07 2.0323e-05 9.7854e-06 2.0323e-05 0.013684 0.010223 0.020162 0.071724 0.17884 0.29275 0.19216 0.46836 0.22439 0.12993 0.47047 0.35329 0.00087929 -0.0010171 0.0011342 0.0015658 0.024032 0.041549 0.045298 0.071877 0.19577 0.094604 0.20675 0.19865 0.041517 0.046782 0.20353 0.077754 0.0012457 -0.0019532 0.0031995 0.0031138 0.00038425 -0.00046113 0.0017836 0.0026163 0.0053978 -0.013847 0.0063595 0.019778 0.0082353 -0.011438 0.012707 0.014035 -0.00033392 -0.0047291 0.002091 0.0047982
-0.0089778 0.00055557 0.0089778 0.0010811 0.0098218 -0.00077613 0.053441 0.016729 0.011633 -0.004768 0.013874 0.0055034 0.00093853 0.0016387 0.0024756 0.0029608 -0.034052 0.0036962 0.034052 0.0038627 0.18624 0.016258 0.55683 0.098673 -0.052863 0.0083065 0.12727 0.088616 0.011908 -0.01941 0.015158 0.0202 -0.0069406 0.0029146 0.0071041 0.0032382 -0.0020346 0.020567 0.67298 0.16225 -0.037347 -0.14319 0.25659 0.18338 0.0031965 -0.0041097 0.0098084 0.010991 -0.00024091 4.5745e-05 0.00027092 0.00012781 -0.044331 0.0099068 0.050545 0.027118 0.00046487 -0.026502 0.050841 0.030594 0.0056406 -0.0025064 0.0058118 0.0034449
-0.0067627 -0.0045232 0.0067627 0.0061396 0.00073789 -0.019807 0.077991 0.06363 0.0089197 0.0019024 0.02863 0.04461 0.0026696 -0.0024969 0.0030656 0.0035773 -0.067502 -0.043405 0.067502 0.043405 0.19505 -0.167 0.33706 0.27547 0.18737 -0.091969 0.29575 0.23397 0.013294 0.011205 0.01706 0.013683 -0.021475 0.024673 0.039097 0.033766 0.0064214 0.28059 0.21839 0.32869 0.33516 0.16122 0.34235 0.16806 0.013861 0.016412 0.024617 0.029052 -0.0072252 0.011759 0.0072528 0.011773 -0.0025058 0.016533 0.018308 0.039 0.048185 0.0090428 0.048776 0.017178 0.0016756 0.0023154 0.0016988 0.002332
-0.0029545 -0.0034877 0.0049963 0.0034996 0.0016568 -0.0062891 0.055289 0.040225 0.038775 0.029142 0.038948 0.029428 0.00016136 6.4141e-05 0.00016136 0.00012632 -0.045395 -0.035143 0.055415 0.043131 0.47489 0.043113 0.56069 0.13806 0.05569 0.0074363 0.05569 0.013254 5.4155e-05 5.4155e-05 5.4155e-05 5.4155e-05 -0.033337 0.0072068 0.046093 0.04596 0.25803 -0.12149 0.28602 0.1974 0.2056 -0.24634 0.2056 0.24634 0.0031336 -0.0047787 0.0031336 0.0047787 0.00086949 0.0001907 0.00093991 0.0010687 0.0054411 -0.0041587 0.0063352 0.0060448 0.018244 -0.016816 0.018278 0.016816 0.005627 -0.0072462 0.005627 0.0072462
1.7716e-05 1.1327e-05 1.7716e-05 4.2151e-05 -0.001368 -0.0011094 0.001368 0.0011094 0.00045975 -0.00080164 0.0010651 0.0013753 0.00020906 2.4206e-05 0.00020906 6.6952e-05 0.019019 -0.064395 0.032462 0.064978 -0.20294 -0.2652 0.25381 0.2652 0.20025 -0.14296 0.26316 0.15731 0.00065158 -0.00098814 0.00065158 0.0012114 0.018056 0.047607 0.051305 0.054166 -0.18188 -0.043154 0.25942 0.26591 0.33373 -0.057529 0.49628 0.17813 0.016977 -0.026559 0.020556 0.028069 -0.0030231 -0.0040937 0.00329 0.0043795 -0.024058 0.0015233 0.053786 0.045566 0.0081092 -0.015734 0.053311 0.065905 0.0090882 0.0072362 0.0090971 0.0072362
0.0059255 0.0056073 0.0069876 0.0062538 -0.011149 -0.0021391 0.017482 0.0092573 -0.0044249 -0.0064081 0.016411 0.012168 0.0040076 0.0026993 0.0042469 0.0034642 -0.0010141 0.0056715 0.011854 0.0092647 -0.20258 -0.065841 0.20357 0.076563 0.37082 0.036955 0.57781 0.16213 -0.013795 0.01718 0.040274 0.027836 -0.0080134 0.00047985 0.0081838 0.0032701 -0.14429 0.11641 0.17606 0.12726 0.29152 0.042511 0.43272 0.20953 0.011178 -0.0011591 0.017189 0.011254 -0.0006128 0.00047427 0.0011414 0.00060756 -0.0006257 0.0037402 0.011302 0.0069702 0.015639 0.01321 0.049128 0.027037 0.00091364 0.000411 0.001433 0.00090146
-0.0034345 -0.0023848 0.0041136 0.0026224 0.011022 -0.014707 0.020374 0.014707 0.0017094 -0.028802 0.025439 0.028802 2.7597e-05 -2.7597e-05 2.7597e-05 2.7597e-05 -0.024658 -0.0052827 0.030332 0.026843 0.0040159 -0.18744 0.31214 0.22532 0.1831 -0.025206 0.40931 0.1287 0.0016038 -2.7986e-05 0.0016038 0.00076112 0.00060775 0.031272 0.025281 0.034697 -0.15773 0.16216 0.4834 0.1809 0.29758 0.049953 0.36616 0.20073 0.0010364 -0.00025226 0.0010364 0.00071305 -0.0059749 -0.0021326 0.0059896 0.0021562 0.02546 0.0085163 0.045862 0.012921 -0.019381 0.012691 0.047173 0.033457 0.0028512 -0.0018939 0.0028512 0.0018941
-0.0041691 0.0010022 0.0063279 0.0016409 0.048324 -0.019937 0.068049 0.045091 0.01741 -0.029311 0.017678 0.029904 0.00043211 -0.0005787 0.00043211 0.00062217 -0.0063168 -0.0020444 0.047711 0.0073794 0.087026 0.15542 0.39708 0.20931 0.20071 0.15523 0.39067 0.3757 0.0034418 -0.002159 0.0035159 0.0028279 -0.0075592 -0.0024497 0.045548 0.0063322 0.28241 -0.019615 0.54886 0.041859 0.0297 -0.019651 0.0297 0.021986 0.0043575 -0.0014461 0.0043575 0.001561 -0.0028628 -0.0007369 0.0041522 0.0011154 0.039881 0.0012315 0.0685 0.0052245 0.0055832 -0.00077412 0.0055832 0.0019916 0.00080996 0.00010023 0.00080996 0.0001054
-0.0075067 0.00066874 0.013017 0.002458 0.016049 -0.026977 0.0615 0.053518 -0.004905 -0.0075552 0.022209 0.011739 0.0021701 -0.0050174 0.0028609 0.005187 0.0092878 0.030817 0.092779 0.039715 0.11213 -0.099635 0.56518 0.2073 -0.051594 -0.06052 0.17249 0.19681 0.0081067 -0.00188 0.014503 0.009329 -0.073529 -0.040438 0.073529 0.044501 0.13492 -0.23058 0.33549 0.28114 0.12829 -0.18134 0.34394 0.25795 0.0019588 0.011322 0.018152 0.014703 -0.010861 0.00010679 0.010947 0.0019435 0.027603 0.025607 0.033575 0.02748 0.021914 0.030435 0.038759 0.036546 0.0024256 0.0018049 0.0024695 0.0021641
0.0043071 -0.006046 0.0056023 0.0096889 0.025668 -0.028246 0.027336 0.034488 0.008905 -0.0015517 0.010971 0.013544 0.0017162 0.0019857 0.0020221 0.002063 0.0053915 0.011401 0.014005 0.015286 0.27622 0.12223 0.44237 0.27427 0.07342 0.18999 0.17714 0.32395 0.0087003 0.005537 0.0088804 0.0058722 0.0040674 0.0052743 0.009194 0.0053448 0.37997 -0.066041 0.52962 0.12919 0.035649 -0.0029838 0.041319 0.032712 0.0005441 0.00067871 0.00058276 0.00089548 -3.9439e-05 0.0016644 0.00086402 0.0022797 0.042053 -0.0013698 0.053322 0.0099103 0.013663 -0.0027862 0.013862 0.0033682 3.3536e-05 3.3536e-05 3.3536e-05 3.3536e-05
0.00026155 0.00029744 0.0017832 0.00081569 0.011271 0.01051 0.1048 0.04228 0.019567 0.013798 0.021728 0.015264 -7.4928e-06 4.0428e-05 2.7302e-05 7.322e-05 -0.0058272 -0.00072554 0.010436 0.0036938 0.23681 0.048892 0.62512 0.10102 -0.02505 -0.071691 0.050837 0.078607 -0.018033 -0.043358 0.018654 0.044319 -0.0079632 0.0017073 0.0080018 0.0033275 0.026924 -0.093699 0.45087 0.30184 -0.066654 -0.21042 0.17958 0.32589 0.01246 0.029269 0.015502 0.030853 -0.00059483 0.00048639 0.00062367 0.00054538 -0.036796 -0.0051038 0.053589 0.031813 0.051115 0.036168 0.051182 0.042784 -9.4016e-05 2.743e-05 0.00014667 0.00024014
0.00043757 -0.00098868 0.0024443 0.0011187 0.022863 0.0052749 0.085958 0.0267 0.013277 0.0074208 0.013476 0.0082984 0.00027561 -3.9779e-05 0.0003087 0.00014577 -0.013804 -0.034305 0.095924 0.04516 0.32544 0.035071 0.46826 0.091253 -0.015172 -0.045825 0.033303 0.060551 -0.017633 -0.039125 0.017855 0.040043 -0.0065396 0.00026359 0.04094 0.026482 0.20848 -0.10645 0.2791 0.2628 -0.21923 -0.25923 0.24288 0.48512 0.043192 -0.0078049 0.055317 0.063936 -0.0074875 0.0054453 0.010191 0.0054719 0.014841 -0.022145 0.029694 0.042232 0.033774 0.042997 0.034027 0.044614 0.00023077 0.0052301 0.0021046 0.0053294
-0.00083154 0.0010348 0.00090189 0.0014399 -0.027817 0.00024972 0.088101 0.046138 0.0022692 0.0050043 0.015562 0.035802 0.0018729 -0.0030512 0.0038983 0.0064043 -0.0013441 0.00025789 0.0013844 0.0013128 -0.28515 0.12212 0.45942 0.14556 0.27556 0.077346 0.44321 0.24804 -0.02821 0.049446 0.039554 0.062448 -0.0010618 0.0011322 0.0010618 0.0011322 -0.21374 0.20609 0.21492 0.20713 0.2085 0.14477 0.21578 0.1494 -0.0017152 0.0048085 0.0033402 0.0048359 0 0 0 0 -0.00073409 0.0012062 0.00073409 0.0012062 0.00053997 0.0014354 0.00095302 0.0014354 -2.2764e-06 2.2764e-06 2.2764e-06 2.2764e-06
-0.0017586 0.00040597 0.001759 0.0010323 -0.020026 0.03043 0.033286 0.049825 0.0087108 0.030794 0.017798 0.036382 -0.0045855 -0.0088669 0.005848 0.013909 -0.002095 0.00076042 0.0022828 0.0021144 -0.2511 -0.084824 0.25433 0.17997 0.22682 -0.0047903 0.25456 0.22349 -0.020231 0.043803 0.021345 0.044155 -0.0020457 -0.00025217 0.0021751 0.00075819 -0.391 0.10779 0.39186 0.10943 0.38286 -0.025516 0.40682 0.045956 0.0014589 0.00025562 0.001506 0.00084278 -1.9577e-05 7.1104e-05 0.00022031 0.00011254 -0.047257 0.011003 0.047257 0.011003 0.031045 -0.0056494 0.054939 0.013645 0.00033096 0.00010984 0.00033096 0.00016279
0.0016235 -0.0040638 0.0023833 0.0042859 0.018458 -0.020829 0.024635 0.020881 0.0011722 -0.0010603 0.0015548 0.0013786 -9.224e-06 -2.5326e-05 1.4125e-05 2.5326e-05 0.0020357 -0.047721 0.021271 0.053992 0.082424 -0.32606 0.14097 0.33262 0.21651 -0.14927 0.26287 0.15915 1.7603e-05 -0.00070344 0.00080931 0.0016423 -0.014174 -0.013807 0.035681 0.028458 0.089411 -0.045919 0.26512 0.21403 0.46248 0.072052 0.4634 0.084195 -0.00027305 0.00013052 0.00069405 0.0017757 -0.0049829 0.013427 0.0049927 0.013427 0.045896 0.061848 0.055909 0.062784 0.02955 0.012189 0.031571 0.016027 0.00024093 -0.00043714 0.00034931 0.00067063
-0.0039394 -0.0030182 0.0052001 0.0033778 0.046075 0.0087474 0.051706 0.05102 0.037588 0.058313 0.040851 0.072134 0.0012292 0.0022408 0.0015107 0.0029195 0.052551 0.01501 0.084961 0.022352 0.30463 0.086946 0.38765 0.19124 0.16231 -0.057098 0.21681 0.21512 0.010838 -0.022142 0.01101 0.022142 0.027136 -0.009454 0.05135 0.010773 0.39995 -0.086509 0.49884 0.11739 -0.093039 -0.035158 0.28997 0.098982 0.071212 -0.0054797 0.071212 0.05029 9.3356e-05 0.0021352 0.0072809 0.0038619 0.037574 0.011077 0.04722 0.023515 0.0064342 -0.035904 0.033905 0.040121 0.0024942 -0.0079561 0.0026837 0.0082021
0.0036245 -0.0043399 0.0053429 0.00633 0.003196 -0.003836 0.0033621 0.0040755 -7.1666e-05 -0.00017094 7.1666e-05 0.00017094 -6.2973e-05 -6.2973e-05 7.8383e-05 7.8383e-05 -0.015013 0.017307 0.016204 0.020946 0.030586 -0.063436 0.30844 0.37554 0.067681 -0.18109 0.21357 0.22517 0.00066331 0.00041116 0.00066331 0.00055449 -0.003917 -0.0133 0.010014 0.065693 -0.15981 -0.067024 0.25057 0.43157 0.27137 0.074224 0.31256 0.39889 0.00092003 -0.00016341 0.00092003 0.0005879 -0.0023394 -0.0022506 0.0028017 0.0026619 0.013101 0.017525 0.045215 0.035848 0.004059 0.012161 0.0041898 0.012161 0 0 0 0
-0.0038382 0.0053159 0.0052576 0.007879 0.0034394 -0.0018227 0.029106 0.020749 0.018163 0.0018202 0.071576 0.03283 0.00041335 -2.6662e-05 0.00055573 0.00017523 -0.039043 0.0068315 0.046011 0.010515 0.077896 0.094025 0.51509 0.11409 0.00037714 0.14171 0.43301 0.32929 0.0097744 -0.0076041 0.010014 0.0085935 -0.063925 -0.01585 0.06399 0.016838 0.26961 0.055733 0.38932 0.093739 -0.19775 0.13412 0.21402 0.14776 0.039616 -0.028423 0.051316 0.034805 -0.0051753 -0.0022678 0.0080384 0.0050746 0.030287 0.015973 0.030287 0.018218 -0.0020667 0.0023462 0.0027037 0.0026416 -0.0091636 0.0032479 0.011857 0.0056641
-0.0089893 -0.013524 0.013215 0.01358 0.030126 0.017982 0.059333 0.049934 0.04254 0.025801 0.044832 0.031153 -0.00021492 -0.00025722 0.00022427 0.00027791 -0.008111 -0.01985 0.015258 0.021871 0.37498 -0.082571 0.37866 0.30777 0.17629 -0.19214 0.19494 0.20284 -0.0035957 -0.0066383 0.0050619 0.0070097 0.023948 0.019098 0.038004 0.028906 0.047174 -0.066134 0.080089 0.09539 0.43451 -0.011395 0.46233 0.11251 -0.01697 -0.0012713 0.019233 0.017239 0.010028 -0.0032621 0.010761 0.0040501 -0.013234 0.00046161 0.017331 0.011127 0.053044 -0.045306 0.057073 0.04555 0.0019159 -0.0030288 0.0026935 0.0032035
-0.00070612 -0.00068701 0.0020885 0.0015326 -0.0064045 -0.00050116 0.081579 0.030562 0.046965 0.018532 0.058668 0.022009 0.00077619 0.00017431 0.00077619 0.00023128 -0.01859 -0.0070388 0.025478 0.0090446 0.32574 0.033765 0.55455 0.26965 0.036779 0.033303 0.066012 0.039266 -0.005574 -0.0047103 0.014791 0.0086985 -0.013142 -0.0020191 0.021241 0.010721 0.39954 0.0089276 0.52154 0.19731 -0.0077288 0.0077296 0.018813 0.017115 -0.02674 -0.0078349 0.043027 0.012993 0.012808 0.0036184 0.014446 0.0083529 -0.0015924 -0.0024894 0.10525 0.026125 0.01107 -0.014429 0.019262 0.021951 -0.0054135 -0.0036901 0.011862 0.0054899
0.00072304 0.0040743 0.0044602 0.0056953 -0.047525 0.007904 0.05512 0.007904 0.048982 -0.014008 0.048982 0.014245 0 0 0 0 -0.0052533 -0.026657 0.0054026 0.027018 -0.23635 -0.23417 0.23772 0.26303 0.25132 0.026322 0.4427 0.067994 -0.013775 -0.021004 0.021222 0.021004 0.002741 0.020254 0.012154 0.043959 -0.17364 0.1621 0.23573 0.32876 0.22454 0.0033921 0.43235 0.1121 -0.0086975 0.012379 0.031364 0.022113 0.00029914 -0.0026959 0.0011221 0.0027619 -0.0037797 0.0017849 0.066648 0.071395 0.00065809 0.0009685 0.031458 0.024238 0.0027766 -0.005178 0.004309 0.0061559
-0.00074976 0.00027683 0.0017815 0.00067449 0.020238 -0.019823 0.073404 0.036082 -0.013018 -0.064929 0.013604 0.065478 -0.0010548 -0.0051971 0.001192 0.0057648 -0.0036121 0.0010378 0.004805 0.0020463 0.042043 0.070216 0.42995 0.27561 0.063298 0.22789 0.076754 0.2415 0.006569 0.024982 0.0068229 0.025443 -0.0023685 0.00077252 0.0028031 0.0010347 0.19075 -0.03758 0.72724 0.1308 0.0093197 0.00049341 0.011944 0.0072277 -0.00039555 -0.001155 0.00062173 0.0015382 -9.0444e-05 9.0444e-05 9.0444e-05 9.0444e-05 0.013005 0.0071992 0.096432 0.024688 0.002731 -0.0052085 0.0091575 0.0052085 -0.0040034 -0.0062786 0.0061356 0.0075715
0.00050097 -0.00032975 0.00078378 0.0012408 -0.012569 -0.01583 0.022189 0.024233 0.018614 0.021185 0.026804 0.034896 0.0017527 0.0048812 0.0059189 0.0050799 0.0070234 -0.014067 0.012758 0.027306 0.25212 0.063958 0.27692 0.21724 0.16698 0.14356 0.16773 0.1523 0.0066704 0.0042254 0.0066704 0.0042392 -0.061201 0.057122 0.06167 0.069105 0.43007 0.095344 0.60266 0.34868 0.032805 0.056385 0.032805 0.056536 0.0038322 0.0045982 0.0040222 0.0048628 6.6599e-05 0.00078904 0.00016865 0.00080723 0.0006128 0.0022121 0.0036039 0.0033266 0.0021074 -0.0003974 0.0021074 0.0003974 0.00021853 -3.4239e-05 0.00029408 0.00010475
0.0023744 0.00086647 0.0024573 0.0011729 -0.00055719 -0.007925 0.094817 0.047024 0.020575 0.0067102 0.020593 0.01122 -0.00010979 -9.5489e-06 0.0001334 0.00019209 0.009635 0.0021487 0.012369 0.0031247 0.17508 0.053599 0.65861 0.12406 -0.050867 -0.091034 0.069666 0.10096 -0.019853 -0.031716 0.024456 0.037259 0.0045506 0.0019518 0.0087066 0.0036462 -0.011616 -0.067263 0.46941 0.26579 -0.033489 -0.10522 0.2163 0.31905 0.022089 0.035298 0.022397 0.03559 0.0010631 -7.7939e-05 0.0010784 0.00047951 -0.056723 0.0084593 0.056723 0.024623 0.061103 -0.0065656 0.064016 0.020624 8.2672e-05 7.5463e-05 0.00010529 0.00010783
-0.00016761 0.00019173 0.0010903 0.00057883 -0.022547 0.00030849 0.029823 0.0028346 0.073429 -0.0012338 0.073975 0.00579 0.0012727 -0.00027712 0.0012727 0.00027712 -0.0097592 0.0016317 0.0097592 0.0022677 -0.14802 0.00060782 0.18313 0.0198 0.48084 -0.032536 0.51819 0.055467 0.010982 -0.0017935 0.010982 0.0021682 -0.0086609 -0.00015176 0.0086609 0.0043834 -0.027509 0.064309 0.21852 0.097978 0.32919 0.059447 0.48068 0.10116 0.010373 -0.0027464 0.010373 0.0027464 -0.00093818 0.0002192 0.0011545 0.00041937 0.019358 0.0020295 0.063006 0.0076456 0.020816 -0.0034857 0.082322 0.0090094 0.0013596 -0.00018086 0.0013596 0.00018086
-0.011307 0.0030725 0.012398 0.004939 0.014753 0.0039955 0.038699 0.017494 0.054651 0.024369 0.054651 0.036394 0.00018256 -0.00047368 0.00031684 0.00051221 -0.027159 -0.017693 0.037941 0.023677 -0.0053977 -0.051737 0.19294 0.06209 0.52824 -0.056607 0.52824 0.11438 -0.036761 -0.010904 0.052552 0.022175 -0.036526 0.026903 0.056762 0.040584 0.13638 0.059158 0.26467 0.098074 0.30844 0.025391 0.34926 0.16891 -0.014447 -0.014751 0.036547 0.035055 -0.010389 -1.9671e-05 0.017837 0.0022318 0.020203 -0.00019073 0.037659 0.01324 0.011792 -0.014694 0.04145 0.034925 -0.00038494 -0.0055367 0.0026672 0.0088772
0.0078497 -0.014484 0.0091177 0.01509 0.014377 -0.03142 0.017231 0.037735 0.005943 0.014137 0.018404 0.023369 0.0035526 0.0023556 0.0035526 0.0023702 0.011016 0.02152 0.018405 0.023858 0.30351 0.075915 0.45122 0.35076 0.15256 0.13999 0.16905 0.19648 0.0014234 0.00040366 0.0014234 0.0011736 -0.0025455 0.0095505 0.0047982 0.011516 0.42203 -0.025321 0.51236 0.084328 0.032873 0.0050236 0.033232 0.015607 0.00062162 0.00034899 0.00062162 0.00034899 0.0027656 -0.0038188 0.0035264 0.0062009 0.048134 -0.010772 0.068494 0.024803 0.013092 -0.0047381 0.013092 0.004993 0 0 0 0
0.0036209 0.0035807 0.0041185 0.004086 -0.036 0.0071182 0.038452 0.0085943 0.041153 -0.0068401 0.041153 0.0072988 3.1263e-05 4.3288e-05 3.1263e-05 4.6803e-05 0.00060057 0.0014985 0.00088442 0.0014985 -0.32866 -0.028649 0.32866 0.047507 0.33587 -0.034073 0.33587 0.043442 0 0 0 0 -0.00014006 -0.0025419 0.00064109 0.0026682 -0.36262 -0.012967 0.36421 0.054007 0.3684 0.018674 0.3684 0.024888 -0.00010184 -0.00069948 0.00028965 0.00069948 -0.00023767 -0.00592 0.00056485 0.0081694 -0.012508 -0.011591 0.021742 0.042153 0.039721 0.011478 0.039721 0.013482 -0.0010315 -0.00062399 0.001204 0.00084935
0.0073023 0.0031077 0.0073225 0.0033232 -0.058448 -0.017889 0.058929 0.018129 0.073175 0.02918 0.074117 0.03047 -6.7056e-05 4.8487e-05 0.0002776 4.8487e-05 0.044406 -0.061246 0.051744 0.063927 0.19586 0.12189 0.62765 0.29177 0.10237 0.055531 0.10496 0.05928 -9.5257e-05 0.00014862 0.00035449 0.00014862 0.035246 0.014492 0.048404 0.044442 0.285 -0.21914 0.40148 0.24334 0.12642 -0.053158 0.12642 0.055239 0 0 0 0 -0.0030949 -0.0080859 0.0040687 0.0083265 0.021222 -0.019148 0.04129 0.019317 0.072349 -0.0044304 0.072365 0.0057908 0 0 0 0
-0.016881 -0.00011707 0.016881 0.00061178 0.027346 -0.0023088 0.029007 0.0042648 0.053437 -0.0037625 0.053687 0.0083728 -0.0029496 -0.0027112 0.0036554 0.0034741 -0.10939 -0.032387 0.10939 0.033582 0.21927 0.046184 0.45066 0.19128 0.21289 -0.12364 0.31877 0.3218 0.021528 0.018472 0.03934 0.04148 -0.030214 0.058597 0.035867 0.061523 0.022091 0.079995 0.21613 0.19835 0.33548 0.14305 0.35519 0.15636 0.00031312 0.00055619 0.00031312 0.00055619 -0.0010343 0.0014777 0.0010865 0.0014777 -0.039008 0.030663 0.040519 0.079601 0.059359 0.0033903 0.059371 0.051106 0 0 0 0
0.00027511 6.8383e-05 0.00034732 7.1836e-05 -0.047985 0.001856 0.051111 0.011171 0.052229 -0.0019121 0.053482 0.0093281 0.00050182 -7.8235e-05 0.00050182 0.00010373 0.001522 0.0018271 0.0024391 0.0022142 -0.31355 -0.10509 0.34656 0.11902 0.38231 -0.0039112 0.39486 0.069598 0.0028698 0.00043103 0.0028698 0.00098661 -0.01211 -0.040393 0.014611 0.050634 -0.14861 -0.060986 0.22777 0.2255 0.3779 0.014161 0.38573 0.072969 0.0027697 0.00089689 0.0027697 0.0014623 0.0014591 0.00094102 0.001937 0.002036 -0.010796 0.0068097 0.034286 0.015262 0.05772 0.0053041 0.058534 0.0089668 0.00033262 0.00022479 0.00039155 0.00022479
-0.0015034 -0.007318 0.0042204 0.007545 0.063397 -0.014305 0.06425 0.014667 0.010296 0.0006413 0.010296 0.0021685 0 0 0 0 0.0050096 0.02877 0.018381 0.029008 0.52356 0.08969 0.54507 0.17818 0.034149 0.0022905 0.034149 0.014048 0 0 0 0 -0.048894 0.057671 0.075589 0.057671 0.3256 -0.016054 0.46247 0.13503 0.080598 -0.024829 0.081988 0.025588 0 0 0 0 -0.00027025 0.0001983 0.00038436 0.0002171 -0.016086 0.02283 0.053847 0.028876 0.036318 -0.018243 0.036655 0.019087 2.1535e-05 -9.5442e-05 7.4241e-05 9.5442e-05
0.012507 0.012131 0.014575 0.014844 -0.034233 -0.0075301 0.063797 0.024617 0.06103 0.011393 0.061226 0.018727 0 0 0 0 0.053694 -0.063819 0.065419 0.077532 0.14955 0.066554 0.59988 0.29056 0.091541 0.040244 0.091928 0.04043 0 0 0 0 0.029163 0.02732 0.055051 0.065136 0.36913 -0.23269 0.43944 0.25109 0.049414 -0.018185 0.049414 0.018185 0 0 0 0 -0.0017046 -0.0091602 0.0048525 0.0095531 0.083371 -0.0091314 0.08708 0.016097 0.021506 0.0036192 0.021506 0.0037501 0 0 0 0
0.0012921 -0.0022663 0.0029476 0.002289 0.058061 -0.014549 0.070154 0.015909 0.027963 0.0015532 0.027963 0.002546 0 0 0 0 0.0083561 0.018865 0.016911 0.022443 0.47783 0.12281 0.51218 0.20333 0.15386 0.011831 0.15573 0.038525 0 0 0 0 -0.055639 0.048789 0.065594 0.048789 0.36171 -0.066152 0.39119 0.12231 0.17609 -0.047514 0.18154 0.047514 0.00044134 -9.5242e-05 0.00044134 0.00024461 -0.0083402 0.0036521 0.0083486 0.0036532 -0.0029028 0.014496 0.034675 0.022705 0.051695 -0.015707 0.051953 0.015751 0.00031863 -0.00011632 0.00032248 0.0001419
0.0022234 0.0013831 0.0032888 0.0016681 0.017213 0.011691 0.0793 0.030655 -0.0056398 -0.023 0.0099854 0.0259 -0.0027187 -0.0089994 0.0028681 0.009367 0.0059138 0.0036831 0.012693 0.0064665 0.039852 0.048855 0.48695 0.3036 0.040916 0.14507 0.085296 0.31063 0.0056224 0.024878 0.0064385 0.024892 -0.00021461 0.0012158 0.0010042 0.0012158 0.13163 -0.022171 0.67932 0.13887 -0.049844 -0.063132 0.056641 0.066504 0.022119 -0.011689 0.022119 0.023387 -2.6558e-05 -1.1163e-05 2.6558e-05 1.1163e-05 -0.0058937 -0.0016978 0.074944 0.023309 -0.010989 -0.017485 0.080218 0.045094 0.0029706 0.0028465 0.0032544 0.0036631
-0.0071592 -0.0029537 0.0096971 0.003719 0.028594 -0.017162 0.042226 0.062147 0.031226 0.067224 0.041576 0.105 0.0016665 0.003161 0.0018311 0.0043533 -0.0085997 0.0086153 0.068819 0.035239 0.35248 0.10065 0.40782 0.18002 0.12057 -0.11486 0.19764 0.21061 0.0035192 -0.0061738 0.0035341 0.0061738 -0.0021123 -0.0046915 0.051465 0.022346 0.36575 -0.059671 0.44841 0.12975 -0.041814 -0.028723 0.36184 0.14585 0.037934 -0.0086535 0.037965 0.022808 -0.0075363 0.0024644 0.012295 0.0030619 0.028676 -0.0091379 0.035954 0.017197 -0.0056908 -0.039036 0.024701 0.050984 0.0016856 -0.0078354 0.0016966 0.010587
-0.00050874 0.00041163 0.0017217 0.0012382 0.0063703 -0.013295 0.081096 0.014392 0.038369 0.017918 0.079441 0.0267 0.011108 0.0083574 0.011398 0.0092427 -0.013061 0.0024551 0.014127 0.0048638 -0.0748 0.15554 0.24238 0.1604 0.39866 -0.064214 0.4098 0.15681 0.016975 -0.01771 0.026908 0.023437 -0.0043087 0.0068434 0.010254 0.0078059 0.18508 0.22137 0.34105 0.2758 0.081987 0.2046 0.35906 0.22619 -0.010988 0.021274 0.0173 0.022144 0.0014331 0.0014915 0.0036116 0.0020006 0.035025 0.034979 0.038026 0.034993 -0.0017027 0.016471 0.00732 0.016506 7.9241e-05 0.0015111 0.00017545 0.0015224
0.0020058 -0.0045611 0.0077083 0.0085302 0.050718 -0.029013 0.058298 0.031781 0.0017058 -0.00037775 0.0017058 0.00044993 0 0 0 0 0.0067703 0.039783 0.018593 0.055944 0.4996 0.092169 0.5455 0.15693 0.0063161 0.00040202 0.0063161 0.0027012 0 0 0 0 0.016763 0.039644 0.03437 0.040067 0.20402 0.041579 0.56797 0.16048 0.030407 -0.01538 0.030407 0.01538 0 0 0 0 0.00031167 0.0001253 0.00043019 0.0001284 -0.027092 0.028289 0.041756 0.035929 0.031782 -0.019522 0.036777 0.023718 5.3082e-07 -6.0526e-06 5.3082e-07 6.0526e-06
0.0035025 0.0021813 0.010176 0.0066664 0.058332 0.015019 0.062867 0.045684 0.0095946 0.011652 0.0097534 0.019493 0.00033634 -0.00011062 0.00033634 0.00097629 0.017194 -0.0047749 0.057494 0.015221 0.39298 -0.022257 0.45945 0.12089 -0.060594 -0.047238 0.38315 0.20288 0.0026403 -0.0031823 0.0026403 0.0031823 -0.0080319 0.011907 0.062512 0.013997 0.23175 -0.067504 0.26579 0.19619 -0.023597 -0.26848 0.17897 0.34933 0.0076522 -0.036106 0.0081976 0.048587 -0.00097184 -0.00030601 0.0040204 0.0020016 0.0054531 0.00047306 0.0060135 0.0060772 0.030889 0.054358 0.040322 0.054358 0.0013962 0.011229 0.0018908 0.011229
-0.0020937 -0.0017323 0.0037734 0.0033514 0.03367 -0.0082178 0.045383 0.023969 0.00085118 -0.00030928 0.00085118 0.00030928 0 0 0 0 0.048439 -0.045647 0.05789 0.082127 0.090716 -0.030145 0.3097 0.16504 0.20998 -0.14114 0.20998 0.14201 0 0 0 0 0.082643 0.065274 0.09502 0.086107 -0.24358 -0.032421 0.49007 0.17298 0.40702 0.099693 0.4079 0.1028 0.00027568 -1.2648e-05 0.00027568 0.00027568 0.0065744 -0.0074152 0.0085056 0.0097638 0.02757 0.0026867 0.085249 0.04446 0.008448 0.0053606 0.008448 0.0059898 0 0 0 0
0.0013182 0.0089755 0.0027281 0.014288 -0.025201 0.025245 0.0412 0.041543 0.041766 0.019759 0.042535 0.020705 0.0014137 0.0037446 0.00169 0.0039799 0.048607 -0.051648 0.050573 0.058012 -0.28792 -0.19394 0.34865 0.22157 0.39686 0.018161 0.40735 0.079235 0.0025562 0.0014267 0.0025562 0.0017845 -0.020196 0.016266 0.02269 0.026141 0.049937 -0.012107 0.11778 0.11755 0.3655 -0.10393 0.36837 0.21013 0.008489 -0.014304 0.0093948 0.018193 0.0015694 -0.0014307 0.0016212 0.0019549 -0.01423 -0.0016522 0.019023 0.0059754 0.0056923 0.0016162 0.012089 0.019167 0.003679 -0.0071497 0.0044388 0.0078393
0.0064806 0.0067673 0.0077036 0.0067907 0.01657 0.020791 0.071672 0.047324 -0.0179 0.0028665 0.0179 0.054172 6.9944e-05 0.00048687 0.0052431 0.013286 0.017224 0.0062562 0.032293 0.019359 0.036707 0.037527 0.45184 0.31404 0.044091 0.11942 0.095662 0.27932 0.0054395 0.014323 0.0055742 0.014323 0.0013143 0.0040898 0.0019577 0.0040898 0.071566 -0.018276 0.55039 0.17437 -0.042928 -0.14571 0.35925 0.25722 -0.0049076 -0.011582 0.0049467 0.01184 0 0 0 0 -0.032558 -0.012378 0.07599 0.033723 0.012934 -0.027812 0.079675 0.061814 0.0010531 0.0020298 0.0033076 0.010591
0.0030416 0.0022272 0.0051758 0.012758 0.014117 -0.012584 0.021525 0.025744 0.0079746 -0.0091019 0.0090739 0.011748 0.00089379 -0.0010474 0.0013316 0.0017385 0.020182 -0.030043 0.020448 0.030227 0.37801 -0.074618 0.39018 0.24098 -0.029101 0.083909 0.068506 0.1265 0.0064887 -0.008007 0.0070096 0.01093 0.0098568 0.010246 0.016411 0.010486 0.53864 0.0073489 0.53864 0.10973 -0.01956 0.039425 0.026854 0.049746 -0.0088313 0.015668 0.0096435 0.017953 -0.004074 0.0034264 0.0066824 0.0034645 0.062405 0.022082 0.062439 0.022248 0.00065762 0.00050784 0.00084376 0.0007972 -0.00025892 0.00028736 0.00025892 0.00030743
-0.00012632 -0.00019192 0.00019314 0.00021285 -0.01751 -0.013935 0.060551 0.025063 0.027456 -0.0026833 0.04491 0.0060102 3.0913e-05 0.00015809 0.00010068 0.00015809 -0.04666 -0.044482 0.055084 0.044482 0.18293 0.063224 0.24413 0.12353 0.068929 0.028179 0.37263 0.095879 0.00031676 -6.4526e-05 0.00062457 6.4526e-05 -0.0017497 -0.037182 0.013914 0.0379 0.48421 -0.085883 0.48421 0.30258 -0.066597 0.027534 0.35523 0.070444 0.00064544 -0.00015777 0.0011512 0.00038167 0.00019902 0.0026255 0.0031982 0.0028453 0.058295 0.027961 0.058324 0.027961 -0.01508 0.0051367 0.037653 0.0069269 0.0017013 -0.00054791 0.0017039 0.00054791
-0.0032914 0.0029634 0.0052586 0.010301 0.026684 0.0025575 0.063631 0.043473 0.034053 -0.0062124 0.034053 0.0078942 0 0 0 0 -0.0024865 -0.035982 0.057322 0.080188 0.22471 0.025138 0.57085 0.29334 0.060801 0.029919 0.060801 0.029919 0 0 0 0 0.018422 -2.5603e-05 0.061646 0.067474 0.42768 -0.16469 0.4698 0.22817 0.0073952 -0.00040617 0.0073952 0.0012399 0 0 0 0 -5.6008e-05 0.006474 0.0035893 0.0067108 0.084254 0.014461 0.089502 0.022078 0.00047332 -3.2736e-06 0.00047332 0.00026665 0 0 0 0
-0.0019535 -0.0018757 0.0038469 0.0055897 -0.02316 -0.016997 0.038671 0.03112 0.067421 0.012964 0.067421 0.018811 9.7399e-05 -2.9595e-05 9.7399e-05 8.6163e-05 -0.0039105 0.029103 0.032027 0.033021 -0.0045302 0.13816 0.51749 0.21342 0.079448 0.034388 0.35158 0.36827 0.016514 -0.021502 0.016514 0.021502 -0.0043221 0.0002186 0.0047389 0.0030534 0.16493 0.01071 0.53416 0.062359 -0.10157 0.12483 0.11416 0.12658 -0.011612 -0.0063292 0.069263 0.056263 -0.0052641 -0.00054914 0.0052682 0.0018186 0.025419 0.016127 0.048109 0.020673 0.00052349 0.00051817 0.00062104 0.00057318 -0.0031575 0.0021182 0.0033429 0.0024401
-0.0045759 -0.001049 0.0046283 0.0011466 -0.0083468 -0.0049976 0.040298 0.0089044 0.048475 0.005272 0.048475 0.0054236 0 0 0 0 -0.042418 -0.0094302 0.043026 0.0094302 0.25833 0.054174 0.51476 0.14282 0.096195 0.018365 0.096195 0.026665 0 0 0 0 -0.060004 -0.02271 0.064019 0.02341 0.42263 -0.14411 0.60521 0.14411 0.050626 -0.01275 0.051754 0.015183 0.00012769 -0.00041701 0.00014374 0.00046652 -0.0092251 -0.0011951 0.0098489 0.0040188 0.043743 -0.0039555 0.057813 0.026385 0.020268 -0.059526 0.020335 0.059672 0.0012204 -0.004723 0.0012326 0.004723
-0.00034032 0.00065932 0.0010643 0.0031045 0.01557 0.072412 0.026393 0.082944 0.0071718 0.10401 0.042266 0.10627 0.0054815 0.0028996 0.017335 0.0093461 -0.020383 0.068712 0.024889 0.068712 0.24042 0.028549 0.51478 0.24447 0.12825 0.072825 0.20253 0.27316 -0.034197 0.026302 0.062066 0.035968 -0.0069999 0.0051866 0.0072477 0.0051866 0.12421 0.044586 0.61023 0.13753 0.05076 0.01808 0.05076 0.025902 -0.004059 0.0049587 0.009261 0.0049587 1.9105e-05 -3.916e-05 3.0709e-05 3.916e-05 -0.012764 -0.0022001 0.078873 0.020013 0.02684 -0.019218 0.028943 0.020523 7.5589e-05 6.9827e-05 8.4555e-05 8.0072e-05
8.7933e-05 -0.00025674 0.00017569 0.00027861 -0.00065496 -0.0010038 0.00099042 0.0010038 0.00058007 -2.9542e-05 0.00066965 0.0003955 2.6916e-06 2.6916e-06 2.6916e-06 2.6916e-06 0.017976 -0.014114 0.060788 0.074655 0.21725 -0.16535 0.44534 0.31402 0.015878 -0.003556 0.015878 0.0080786 0 0 0 0 -0.055543 -0.003494 0.079634 0.074473 0.19538 -0.035737 0.39655 0.53896 0.20353 -0.039119 0.20353 0.16836 0 0 0 0 -0.0099681 -0.0023884 0.012677 0.004494 0.028006 0.026227 0.0283 0.026227 0.0012652 0.0016301 0.0012652 0.0016301 0 0 0 0
0.0024835 -0.00078326 0.0046573 0.0011396 0.042584 -0.015509 0.066781 0.016858 0.050974 -0.016231 0.051015 0.021923 -0.0054366 0.0013643 0.0066281 0.0017515 0.025356 0.0033613 0.031119 0.015266 0.29775 0.14895 0.4745 0.20776 0.21899 -0.076773 0.34445 0.16943 -0.018968 -0.023724 0.035223 0.03542 0.0013353 0.0030306 0.063729 0.030422 0.21876 -0.089205 0.38314 0.16519 0.13098 -0.064379 0.2892 0.1873 -0.058431 -0.031464 0.067067 0.088411 -0.00026542 0.0012834 0.011346 0.0029004 0.0082343 0.0017631 0.01412 0.010716 0.0085128 -0.064804 0.015252 0.069484 -0.0013859 -0.0024454 0.0022324 0.0038768
0.0036195 0.0017744 0.0046959 0.0021795 0.017453 0.046745 0.023147 0.050427 0.016776 0.052486 0.027254 0.054311 -0.0002243 0.0087734 0.0081016 0.00926 -0.043156 0.049309 0.056449 0.056671 0.35742 -0.046758 0.39214 0.16068 0.015565 0.11519 0.27554 0.41097 0.00014974 0.0027398 0.008791 0.0038021 -0.031845 0.022471 0.031892 0.022471 0.21061 0.049629 0.57543 0.12688 0.04715 0.0069135 0.048243 0.020558 0.0041623 0.0016038 0.0041623 0.0016977 -0.00075082 0.00026635 0.00075082 0.00026635 -0.005272 0.0051981 0.068109 0.01531 0.028329 -0.0054109 0.028681 0.008041 0.00028896 0.00022993 0.00028896 0.00026909
0.00028825 -0.0014235 0.012045 0.0063355 0.045822 -0.026009 0.057153 0.038934 0.0005351 5.9395e-05 0.0005351 5.9395e-05 0 0 0 0 -0.00059218 0.040772 0.045929 0.071875 0.47512 0.090038 0.55096 0.1926 0.0034308 -0.00044063 0.0034308 0.0016467 0 0 0 0 0.033306 0.029248 0.039189 0.031296 0.13269 0.065592 0.57622 0.20429 0.030778 -0.021221 0.030778 0.021221 0 0 0 0 0.0015398 0.00010444 0.0015398 0.00014912 -0.028952 0.024797 0.028952 0.024797 0.027715 -0.01309 0.039568 0.02055 2.2542e-05 -1.0534e-05 2.2542e-05 1.0534e-05
-0.001039 -0.001994 0.001039 0.001994 -0.031426 -0.032442 0.051863 0.072616 0.027331 -0.073412 0.032418 0.073412 -0.0016776 -0.0051801 0.0021121 0.0084868 -0.01824 0.012441 0.01824 0.029764 0.023894 0.086344 0.33381 0.36441 0.069568 0.12288 0.35141 0.51028 0.0016144 0.015363 0.0030507 0.017975 -0.0016169 0.00047421 0.0016169 0.0012919 0.1206 0.089256 0.44268 0.12064 -0.075537 0.11255 0.21544 0.13184 0.011583 0.00092567 0.012001 0.0061719 -0.00011303 9.913e-06 0.00011303 9.913e-06 0.013243 -0.0012698 0.056948 0.0041569 0.00091825 -0.00011082 0.00091825 0.00014853 -2.1855e-05 2.7013e-06 2.5588e-05 2.7013e-06
0.0020024 0.00013092 0.0037975 0.0010345 0.062659 0.01003 0.062659 0.01003 0.00062225 0.00020998 0.00062225 0.00029585 -0.00076826 -0.00070433 0.00076826 0.00070433 0.021693 -0.0031065 0.031463 0.005069 0.40655 0.0084286 0.40655 0.059025 -0.047188 -0.053494 0.047188 0.053494 -0.024352 -0.022487 0.046002 0.051613 -0.0082518 0.002165 0.041917 0.016821 0.33324 -0.07319 0.41119 0.25779 -0.059358 -0.082057 0.28012 0.43147 0.024401 0.033493 0.024401 0.033671 0.00013254 0.0021369 0.0034313 0.0034551 0.050849 0.029425 0.055864 0.029476 0.009439 0.010339 0.009439 0.010417 2.0595e-05 9.2055e-05 2.0595e-05 9.2055e-05
0.0040177 0.0032105 0.0048795 0.0044223 0.013069 0.086425 0.057714 0.086534 0.013324 0.049275 0.016001 0.05013 1.2727e-05 0.0064717 0.00073256 0.0068148 0.043028 0.010645 0.044064 0.012238 0.11154 -0.0073306 0.63554 0.20417 -0.046405 -0.080659 0.079178 0.091609 -0.013871 -0.01535 0.033241 0.043281 0.021573 0.0040332 0.032283 0.005768 -0.035658 -0.02719 0.46857 0.21378 0.00098193 -0.047567 0.27891 0.34758 0.020359 0.02579 0.020375 0.025821 0.0042244 -0.00095787 0.0059677 0.0041677 -0.052698 0.013873 0.053476 0.021715 0.052166 -0.023587 0.068077 0.031376 -0.0010791 -0.0010909 0.0015085 0.0011368
-0.0069186 -0.0039565 0.0069427 0.0040329 0.027723 -0.018426 0.033349 0.018763 0.001587 0.00054925 0.0021483 0.0012419 0 0 0 0 -0.031604 -0.0095555 0.032355 0.044003 0.33728 0.0011642 0.42861 0.16799 0.0062565 -0.038839 0.030131 0.051816 0.001696 -0.0024184 0.0021529 0.0024342 -0.0051738 -0.010208 0.03563 0.02503 0.18086 -0.098534 0.47432 0.18232 -0.063755 -0.28711 0.32559 0.3884 0.01848 -0.00093591 0.019527 0.0094265 0.0014418 0.0054808 0.009763 0.0091434 -0.009674 -0.008523 0.054932 0.055116 0.05031 0.043737 0.052128 0.044096 0.00012658 0.00038079 0.0005989 0.0004016
-0.0049315 -0.0018347 0.012439 0.003166 0.02051 0.0027542 0.02051 0.0037479 0.055944 0.012071 0.055944 0.012071 -3.1216e-05 -2.759e-05 3.3618e-05 2.759e-05 0.020525 -0.00051468 0.088438 0.015091 0.13354 0.10691 0.37315 0.15678 0.33714 -0.0091132 0.38115 0.11908 -0.019922 -0.033036 0.027039 0.046939 0.035208 0.016261 0.052812 0.034678 0.25972 -0.039164 0.41929 0.29939 0.058553 -0.0028466 0.19415 0.3463 0.02189 0.035417 0.021905 0.035417 -0.0057402 0.0031751 0.0076295 0.0061825 0.059666 0.013944 0.063958 0.027542 0.0021343 0.0030124 0.0021343 0.0031621 0 0 0 0
-0.0064244 -0.00087161 0.011939 0.0083198 0.011996 0.038668 0.033419 0.046156 0.076593 0.049474 0.077483 0.054269 -0.0055155 -0.003083 0.0076444 0.0032032 0.0046504 0.0057566 0.036568 0.026448 0.2909 0.095091 0.37291 0.17813 0.096486 -0.23519 0.28493 0.31369 0.0035143 -0.0012948 0.054951 0.0512 0.010118 0.0054683 0.012475 0.009069 0.11524 -0.12596 0.13777 0.18417 -0.11473 -0.13811 0.38186 0.40088 0.042531 -0.054952 0.042574 0.06421 0.00032547 0.00099059 0.0010544 0.0010332 0.01238 0.014051 0.014177 0.014815 0.031208 0.11003 0.051147 0.11003 -0.00093616 0.016534 0.0019516 0.016534
-0.00032373 -0.0049864 0.0029794 0.0060275 0.018645 -0.033249 0.019671 0.035246 0.015023 -0.017908 0.015907 0.018213 0.0024906 -0.0053083 0.0051669 0.0053095 -0.045152 -0.035416 0.050416 0.049407 0.35993 -0.048451 0.35993 0.34022 -0.057908 -0.061162 0.15778 0.25344 0.081924 0.0069437 0.085451 0.023118 -0.015193 0.010379 0.020802 0.032952 0.31004 -0.1347 0.32672 0.23096 0.11133 -0.10384 0.29726 0.28021 0.056971 0.025062 0.057162 0.02579 -0.0061625 0.011281 0.0061625 0.011281 0.010386 0.062372 0.02447 0.069788 0.05677 0.058195 0.070542 0.062281 0.00034624 -8.1093e-05 0.00067016 0.00045369
-0.00060335 0.0017762 0.0013437 0.0031967 0.0037059 0.0039757 0.005891 0.010712 0.011203 -0.022919 0.015997 0.026013 0.003212 -0.0052226 0.0032452 0.0052754 0.044659 -0.026163 0.052082 0.14461 0.15948 -0.0013741 0.23696 0.33741 -0.11444 0.096646 0.13742 0.12784 -0.0018529 -0.020406 0.044134 0.022299 0.022811 -0.014959 0.027406 0.042845 0.49375 0.027175 0.50472 0.22838 -0.2666 0.031566 0.27202 0.045688 -0.0041909 -0.0052882 0.039655 0.0077611 0.0017407 -0.0015922 0.004481 0.013471 0.058276 -0.0030275 0.058296 0.042056 -0.033853 0.0035813 0.035673 0.0058338 -0.0014379 9.7132e-05 0.0070612 0.00040279
0.0020813 0.0038283 0.0061803 0.0048365 0.023418 0.012936 0.026893 0.02876 0.0085682 0.014739 0.0097359 0.023242 0.00037221 0.0014541 0.0018255 0.0024002 -0.012266 -0.014387 0.038921 0.027741 0.31412 -0.01034 0.32067 0.13654 -0.13483 0.16769 0.28285 0.58119 0.045168 0.0062448 0.045284 0.016351 -0.037126 0.040582 0.0657 0.040582 0.36114 -0.0035912 0.39867 0.04021 0.0094449 0.0063923 0.019263 0.010626 0.0024099 0.0011977 0.0026754 0.0014452 -0.012945 0.00074411 0.012945 0.0010209 0.04013 -0.0059621 0.049288 0.0081839 0.010862 -8.7382e-06 0.010862 0.0041799 0.00024644 0.0004128 0.00024644 0.0004128
-0.0084066 -0.0018278 0.0084643 0.0018778 0.036773 -0.013574 0.060457 0.015933 0.0018732 -0.0015161 0.0021778 0.0022574 4.6898e-06 -0.00012595 4.6898e-06 0.00012595 -0.014213 -0.016006 0.024367 0.036299 0.33139 0.024533 0.46534 0.12726 -0.046003 -0.093712 0.062944 0.10506 0.019752 -0.019538 0.019913 0.019685 -0.0075716 0.0016195 0.033106 0.019714 0.22635 -0.097482 0.45197 0.17653 -0.20954 -0.23728 0.30628 0.32523 0.0696 0.011088 0.069788 0.02487 0.0063158 0.0051813 0.0089906 0.0066303 -0.017198 0.012675 0.059301 0.039498 0.04213 0.045587 0.042234 0.045615 0.0001213 0.00027108 0.00015434 0.00027108
-0.00046723 -0.00030704 0.00062588 0.00055538 -0.053332 0.002316 0.054823 0.0052949 0.024255 -0.043034 0.042639 0.044533 0.00085507 0.00096183 0.0052654 0.0096266 -0.028671 -0.04946 0.033826 0.071973 -0.12799 0.063658 0.23146 0.25975 0.31511 0.080283 0.39829 0.13593 0.0030387 0.016343 0.0076932 0.019868 0.01091 0.011636 0.035531 0.10948 -0.18959 -0.081395 0.32178 0.34631 0.19944 -0.08801 0.39164 0.218 0.022729 -0.028538 0.026427 0.03176 -0.0037453 0.015832 0.0037474 0.016093 -0.012441 0.081431 0.012441 0.081957 -0.0066272 0.055437 0.010343 0.067561 -0.00015666 0.0024368 0.0014952 0.010111
-8.3351e-05 -1.8647e-05 8.3351e-05 1.8647e-05 -0.044362 -0.018565 0.065382 0.062062 0.034351 0.030972 0.062783 0.057344 0.0058304 -0.00024058 0.0083691 0.0016781 -0.00089252 -0.00015171 0.00089252 0.00029957 -0.18333 0.16974 0.38296 0.36223 0.26607 0.15696 0.35886 0.2441 -0.0023279 0.012224 0.016387 0.031793 -0.0045475 -0.0004693 0.0045475 0.0013565 0.17086 0.0033119 0.47543 0.31494 0.0066548 4.821e-05 0.0066548 0.0020823 0 0 0 0 -0.00042163 -0.00011201 0.00042163 0.00011201 0.0015433 0.00014065 0.0022785 0.00084586 0 0 0 0 0 0 0 0
-0.0028367 -0.00019666 0.0028367 0.00050055 -0.0010496 0.00072883 0.084569 0.0067493 0.017926 0.01025 0.056037 0.022129 0.0058821 0.0036408 0.013682 0.0068312 -0.062749 -0.059824 0.063417 0.062276 0.20234 0.061393 0.52162 0.15225 -0.043466 0.079528 0.33175 0.27623 0.043568 -0.032775 0.052474 0.043832 -0.025067 0.064741 0.057433 0.094107 -0.015515 0.23111 0.3522 0.40865 0.050706 0.016481 0.13095 0.14721 0.066879 0.03398 0.072464 0.035439 -0.0014651 0.0012266 0.0015027 0.0012266 -0.04477 0.035267 0.044789 0.049023 -0.010553 -0.0052464 0.052556 0.067465 0.011222 -0.00033943 0.011222 0.0030112
-0.0032998 -0.0082503 0.0033214 0.0082599 0.027433 -0.042153 0.027565 0.042556 0.00038139 -9.335e-05 0.00071284 0.00034739 0 0 0 0 -0.032 0.010289 0.040961 0.042747 0.42067 0.06965 0.49725 0.19845 0.01266 0.00059411 0.01266 0.0039109 0 0 0 0 0.0050211 0.013324 0.015627 0.025065 0.25323 -0.030086 0.64088 0.17505 0.011182 -0.00090173 0.011182 0.0043491 0 0 0 0 -0.0024671 -0.00037266 0.0026396 0.0016413 0.035111 -0.00021366 0.10995 0.015123 0.0014821 0.00018203 0.0014821 0.00018203 0 0 0 0
-0.018956 -0.00014635 0.019039 0.0010662 0.050304 -0.008911 0.067902 0.01627 -0.029195 0.0067931 0.046085 0.01849 0.01857 -0.017074 0.019031 0.018201 -0.086622 -0.044311 0.096174 0.053488 0.42479 0.1322 0.50332 0.18055 -0.11201 0.11384 0.13529 0.11747 0.013763 0.027494 0.030631 0.045438 0.006532 0.088492 0.04249 0.10028 0.094916 0.09347 0.34361 0.38316 0.093437 -0.056206 0.19958 0.22197 0.00027056 0.013022 0.0091544 0.01325 -0.0017385 0.0012566 0.0017385 0.0012566 -0.051564 0.059656 0.051673 0.059656 -0.0071807 0.017054 0.037389 0.045412 0.0033955 -0.0028414 0.0049195 0.0051286
-0.0033516 0.00018088 0.0037363 0.0020453 0.014878 0.010874 0.15985 0.025985 0.051054 0.0044225 0.051054 0.0044413 0 0 0 0 -0.014331 -0.0098542 0.030785 0.015472 0.29711 0.23191 0.68417 0.2891 0.099056 0.030786 0.099056 0.030786 0 0 0 0 0.072795 -0.02333 0.094179 0.080247 0.25808 -0.081046 0.31218 0.16922 0.093702 -0.044111 0.095539 0.045139 0.00022694 -0.00016893 0.00022694 0.0007455 0.017586 -0.00074555 0.017592 0.013256 -0.025348 0.0094075 0.025348 0.021757 0.053023 -0.019487 0.053023 0.021471 0.00020141 3.1152e-06 0.00020141 3.1152e-06
-0.018611 0.0023366 0.018912 0.0031434 -0.0017491 -0.00099408 0.079016 0.020968 0.018217 -0.090575 0.048247 0.096968 0.0055182 0.0072455 0.0087019 0.016248 -0.065225 -0.091181 0.066224 0.09325 0.04551 -0.0059485 0.27159 0.22238 0.23401 0.12133 0.25199 0.2429 0.076322 0.0099055 0.077093 0.064113 0.048019 0.081707 0.055397 0.11426 0.010275 0.068958 0.60221 0.13927 0.20086 -0.027258 0.36572 0.13132 0.019912 -0.0012134 0.030301 0.022658 0.001128 -0.0067144 0.012063 0.016478 0.0022811 -0.011473 0.051789 0.015202 0.018562 -0.0052516 0.053904 0.01375 0.004628 -0.0029465 0.0054149 0.0031043
-8.4615e-05 0.00032498 0.00015084 0.00033644 -0.049895 -0.0012072 0.05341 0.0063496 0.045373 0.0033752 0.058007 0.0098418 0.00051435 1.0275e-05 0.00051435 0.00015961 0.0025388 -0.040523 0.015126 0.046257 -0.27792 -0.2388 0.29113 0.35522 0.33404 0.022598 0.39944 0.06391 0.0033879 0.0012783 0.0036651 0.0017459 -0.0016838 -0.013544 0.0099951 0.02801 -0.018478 0.091426 0.22485 0.14527 0.3493 -0.011887 0.37469 0.071201 0.0024434 0.001369 0.0025204 0.001369 -0.0037861 0.0037345 0.0060734 0.0058765 -0.02379 0.010534 0.082153 0.035419 0.050754 0.0021561 0.05962 0.011434 0.00019908 0.00019784 0.00019908 0.00019784
-0.00017188 -0.0029978 0.0033098 0.003172 0.0052092 -0.01774 0.044928 0.017797 0.071399 -0.031916 0.071436 0.031989 0.00014202 -5.2326e-05 0.00017624 0.00027867 0.0073651 -0.0013671 0.0084649 0.0051378 -0.01509 -0.11606 0.32728 0.13148 0.45031 -0.04123 0.45031 0.18973 0.033278 -0.0011411 0.033946 0.014706 0.014389 0.01073 0.017151 0.01422 0.020542 0.11988 0.14851 0.15508 0.35776 -0.034548 0.35776 0.25852 0.042749 -0.032547 0.04296 0.032576 0.012989 0.011816 0.013013 0.011816 -0.037803 0.052927 0.037864 0.052927 0.0062682 0.0065075 0.011585 0.0090613 0.0073818 -0.0047768 0.0073818 0.0049336
0.003741 -0.00028395 0.0041637 0.0020299 0.0016789 -0.005755 0.024665 0.04283 -0.0041559 0.0403 0.017029 0.067535 0.00053217 0.00596 0.0019871 0.0084504 0.022232 -0.050975 0.025214 0.0875 0.36293 -0.11118 0.3791 0.25382 -0.016127 0.028314 0.085272 0.19426 0.00067439 -0.025886 0.040717 0.026006 -0.00072985 0.076168 0.034819 0.080058 0.44463 0.12314 0.55927 0.17806 -0.023262 0.034874 0.026348 0.034874 -0.0017508 0.029989 0.026223 0.029989 0.00038062 -0.00035396 0.0025889 0.0018298 0.015966 0.014695 0.022673 0.016595 6.0244e-05 -4.1074e-05 6.0244e-05 4.1074e-05 0 0 0 0
-0.01017 -0.0024553 0.012094 0.0095148 0.046965 -0.0043394 0.070247 0.041413 0.00025188 8.5058e-05 0.00025188 0.00013809 0 0 0 0 -0.074891 0.0061578 0.097379 0.061778 0.49529 0.072994 0.5768 0.25636 0 0 0 0 0 0 0 0 0.040826 0.031419 0.068663 0.034961 0.081636 0.090068 0.49444 0.21835 0.030339 -0.019235 0.030339 0.019235 0 0 0 0 0.0047122 -0.0047668 0.0075774 0.0051637 -0.017926 -0.0042446 0.026133 0.02861 0.021487 -0.016162 0.040462 0.01884 9.1511e-05 -0.00017737 9.1511e-05 0.00017737
-0.0025705 -0.007505 0.0025914 0.0075533 -0.036719 -0.010559 0.047118 0.052135 0.059804 0.02157 0.060005 0.034353 -4.4711e-05 6.3569e-06 4.5418e-05 2.5748e-05 0.0037828 0.023513 0.014831 0.041187 -0.07373 0.093525 0.21278 0.25893 0.36557 -0.042551 0.37219 0.077248 -0.00041047 -0.00034866 0.00071341 0.00051424 0.003185 0.016592 0.0071837 0.017751 -0.2688 -0.05475 0.38677 0.10894 0.39235 0.08205 0.39826 0.08792 -0.0041278 -0.0032858 0.0051856 0.0036924 -0.0054114 -0.0046028 0.0055279 0.0046078 0.040664 0.011754 0.086246 0.042178 0.0036183 0.0023377 0.0093209 0.0066101 -0.0024348 -0.0018841 0.0026208 0.0020103
-0.0040395 -0.0026216 0.0047212 0.0036732 0.021762 0.0079112 0.040446 0.011297 0.038882 -0.0062289 0.052583 0.0078241 0.00011589 0.00027016 0.00013229 0.00031928 0.017895 0.0081484 0.021311 0.012716 -0.047639 -0.047999 0.32164 0.10264 0.36928 -0.045471 0.40332 0.055291 -0.00014831 0.00019234 0.0010773 0.00053016 0.032771 0.021155 0.032954 0.022855 -0.16783 0.11361 0.48518 0.12142 0.36296 -0.0031342 0.36296 0.040153 0.00033411 -0.00046033 0.00033411 0.00052081 0.0061627 -0.00045005 0.0061627 0.0039685 -0.040399 0.010375 0.061112 0.010387 0.0468 -0.0043337 0.0468 0.0048585 9.0705e-05 4.9295e-05 0.00011715 5.6436e-05
-0.0066097 -0.003569 0.0070244 0.0036776 -0.020298 -0.018529 0.034951 0.025249 0.048795 -0.0053659 0.060209 0.023835 0.00099638 1.5827e-05 0.00099638 0.00014674 -0.054684 -0.026294 0.059502 0.027937 -0.070909 -0.060569 0.22776 0.14203 0.46894 0.032125 0.54983 0.12444 0.0072061 -0.0014286 0.0072061 0.0027232 -0.017004 0.012317 0.040408 0.061541 -0.084908 0.1068 0.17855 0.14581 0.32171 -0.10669 0.32588 0.24507 0.024618 -0.031382 0.024618 0.034713 0.0010988 -0.0024456 0.0048712 0.0037695 -0.0095941 -0.011304 0.017953 0.012026 0.003811 -0.0036889 0.0056706 0.0078515 0.0021102 -0.004651 0.0027363 0.0048968
-0.0021238 0.0076959 0.002239 0.008339 -0.0039786 0.061527 0.0094895 0.070509 0.01524 0.038708 0.058853 0.063371 -0.0021925 0.002745 0.0053043 0.0044136 -0.0041088 0.010217 0.0051663 0.022858 -0.0050602 -0.044563 0.37888 0.41364 -0.071751 0.12562 0.20527 0.15074 -0.027777 -0.017331 0.053964 0.025512 -0.087021 -0.0075154 0.087113 0.030412 0.35958 -0.047454 0.58079 0.16755 -0.078389 0.031431 0.13936 0.072874 -0.088023 0.0088196 0.092948 0.016123 -0.00052582 0.0011426 0.00077027 0.0014081 0.013183 0.067077 0.04508 0.068473 -0.0084377 0.0066972 0.013339 0.014973 -0.013492 -0.0026873 0.013717 0.0045151
-0.007465 0.0013002 0.007465 0.010706 -0.0056974 0.076083 0.046341 0.096016 -0.020042 0.072662 0.04233 0.087932 -0.00042925 0.0025947 0.0014813 0.0037979 -0.036354 0.010239 0.036417 0.010523 0.15543 0.038557 0.33478 0.20267 -0.23475 0.31845 0.23923 0.44025 -0.033501 0.041723 0.033538 0.041723 -0.0093251 0.0036374 0.0093251 0.0037968 0.18259 0.0058524 0.5636 0.082699 0.0076993 0.0046085 0.013112 0.0073315 -0.026717 0.039156 0.026717 0.039156 -0.00027176 0.00010198 0.00027176 0.0001454 0.01926 -0.0092904 0.093117 0.019326 0.0036515 -0.0018723 0.0036944 0.0020853 -1.2617e-05 1.2617e-05 1.2617e-05 1.2617e-05
0.0023868 -0.0003073 0.0023868 0.00064006 0.064553 0.00041622 0.064553 0.0045953 0.0010269 -4.6645e-05 0.0010269 0.000373 -0.00013662 -5.0254e-05 0.00014843 6.2064e-05 0.023742 -0.0072231 0.027323 0.0094426 0.4187 -0.013425 0.41944 0.077733 -0.008141 -0.015429 0.0091604 0.016448 -0.037197 -0.040512 0.040767 0.0448 0.090757 -0.006826 0.12169 0.045888 0.22828 -0.026551 0.36388 0.27585 -0.15649 -0.2197 0.25935 0.42707 0.026376 0.033066 0.045698 0.054992 -0.00066069 0.0069993 0.0022025 0.0070371 0.050165 -0.00066223 0.054543 0.040794 0.020079 0.026346 0.022135 0.026362 5.9963e-05 0.00010516 5.9963e-05 0.00021303
-0.003138 0.00064085 0.0081141 0.0032123 0.06195 0.019984 0.063795 0.027496 0.0026049 0.018369 0.0038593 0.025688 -0.003711 0.0032206 0.0038257 0.0056697 -0.011803 -0.0047742 0.07023 0.0077983 0.42973 0.039278 0.42973 0.049501 -0.091144 -0.083387 0.091144 0.083737 -0.0078476 0.014055 0.055754 0.069714 -0.00038006 0.0022527 0.072851 0.014312 0.32536 -0.077979 0.43943 0.23439 0.020013 0.021695 0.25708 0.36294 0.007495 0.0081257 0.007495 0.0081257 -0.002459 0.005608 0.00744 0.0080857 0.052049 0.028702 0.055303 0.035923 0.0012633 0.0012633 0.0012633 0.0012633 0 0 0 0
-0.00027691 0.0025667 0.0091196 0.0071825 0.015604 -0.0029027 0.034933 0.032012 0.034817 0.061057 0.042972 0.062269 0.0032539 0.0024948 0.0035116 0.0026534 -0.023344 0.036001 0.04902 0.036944 -0.028658 0.20546 0.40997 0.41373 0.36864 -0.064536 0.37577 0.12592 0.0002906 0.00064094 0.00037836 0.00064094 0.0013111 0.0046398 0.0036315 0.005449 -0.14806 0.25843 0.18955 0.27603 0.17497 0.12464 0.18086 0.14789 0.00092539 -0.00033345 0.00092539 0.00033345 3.0602e-06 3.0602e-06 3.0602e-06 3.0602e-06 -0.00059539 0.0011705 0.0013247 0.0016102 9.2824e-05 0.00091972 0.0016793 0.0013408 6.2139e-05 3.8303e-05 6.2139e-05 0.00020955
-0.0068458 0.0017269 0.011253 0.00482 -0.0088628 0.028602 0.036983 0.032836 0.047366 0.04435 0.088702 0.04435 -0.0056796 0.0089407 0.0086745 0.010559 -0.00061845 -0.00025072 0.061912 0.031035 0.27568 0.10523 0.6106 0.11764 0.089618 0.036265 0.092554 0.038872 -0.01488 0.019755 0.014899 0.019755 -0.036546 0.023622 0.046371 0.024478 0.19721 -0.0063221 0.6117 0.15123 0.10716 -0.045417 0.10716 0.045417 -8.9858e-05 0.00027114 0.00017862 0.00027114 -0.00055096 -0.00057589 0.00055096 0.0005811 -0.047638 0.0051411 0.054049 0.012432 0.068423 -0.01555 0.068423 0.01555 -2.7812e-06 -2.1185e-05 7.6799e-06 2.1185e-05
-0.00085358 -0.0002704 0.0011063 0.00068016 -0.006785 -0.013551 0.030984 0.014444 0.045455 -0.0058678 0.071561 0.0076861 0.0012112 -6.3854e-05 0.0012112 0.00012909 -0.0046565 -0.0012676 0.0067903 0.0029019 0.010512 0.053975 0.21113 0.085427 0.25816 0.0305 0.52009 0.063691 0.0065947 -0.00036293 0.0065947 0.00114 -0.0080583 -0.0019765 0.014525 0.010496 0.1266 0.019987 0.3847 0.10598 0.16633 0.021133 0.61153 0.071058 0.0025443 -0.00062441 0.0047656 0.0016086 -0.0042226 0.0013947 0.006618 0.0028144 0.020123 -0.010345 0.043154 0.018102 0.026869 -0.0055945 0.085403 0.010078 0.00010392 0.00011172 0.00038505 0.00014411
4.3805e-05 0.00017462 0.00025957 0.00043697 -0.057569 0.0033121 0.057569 0.018385 0.050359 0.020872 0.05779 0.027723 -0.0020727 0.0017642 0.0061223 0.0018537 0.026963 -0.018741 0.037227 0.021037 -0.18415 -0.1015 0.46729 0.13095 0.22226 0.0038478 0.22226 0.05707 -0.0082403 0.0037614 0.018493 0.0041974 0.031822 -0.053842 0.077946 0.055694 0.22385 -0.13613 0.49134 0.33236 0.092922 -0.0040233 0.37197 0.050619 -0.006196 0.00081771 0.0085043 0.00086471 -0.004258 0.0064872 0.0052427 0.0082104 0.069317 0.041706 0.079107 0.04694 -0.0047538 0.0022896 0.04718 0.0051949 -0.0017371 -0.0013102 0.0027444 0.0025469
0.00081487 -0.00044563 0.0012447 0.00055012 -0.0030633 -0.00079154 0.0079945 0.0065329 -0.0043394 -0.0049925 0.051577 0.018139 0.010135 -0.00043689 0.010746 0.0037638 -0.014629 0.00032885 0.036058 0.022658 -0.081603 -0.02557 0.12275 0.067569 0.12708 0.053899 0.55881 0.20058 0.078183 0.017988 0.082198 0.018415 -0.033773 -0.002417 0.042508 0.014864 -0.062035 -0.014864 0.11433 0.047246 0.19561 -0.072314 0.60659 0.37982 0.025535 0.0048328 0.031606 0.0074554 -0.00015658 -0.00068262 0.0041793 0.0015872 -0.014675 0.00076125 0.018645 0.0058005 0.02935 0.0012376 0.030878 0.011346 0.0002512 -0.00055137 0.0022126 0.002005
-0.00064953 -0.00020763 0.00064953 0.00038639 -0.0046693 -0.020689 0.053275 0.070184 0.0089473 0.031279 0.026924 0.10141 -0.0011267 0.0044206 0.0047493 0.0085279 -0.020748 0.0076619 0.020748 0.022679 0.086315 0.1357 0.44367 0.41608 0.044801 0.11318 0.33216 0.44181 -0.011901 0.0035058 0.015511 0.004583 -0.0001537 0.0001537 0.0001537 0.0001537 -0.00047736 0.024047 0.47082 0.14756 0.065022 -0.01968 0.066873 0.026425 -0.0047468 0.001603 0.0047468 0.001603 0 0 0 0 -0.041309 0.010449 0.041309 0.010449 0.041662 -0.012295 0.045126 0.012999 -3.2393e-05 1.3924e-06 3.4605e-05 7.8787e-06
0.0016833 -0.00067023 0.0073603 0.0014572 0.016717 0.00058812 0.016717 0.0029453 0.058284 -0.0021415 0.058284 0.0059715 -5.9236e-06 -1.3252e-06 5.9236e-06 1.3252e-06 0.024252 -0.00028263 0.060225 0.00347 0.11911 -0.018468 0.13887 0.034037 0.41082 -0.014918 0.41127 0.069164 -0.0032529 -0.0039616 0.0032529 0.0039616 0.039345 0.00087746 0.072231 0.0056188 0.26313 -0.029496 0.44887 0.25518 0.18256 -0.03816 0.39846 0.23713 -0.017761 -0.027399 0.036185 0.059091 0.0074699 0.0020474 0.0089106 0.0041969 -0.0022372 0.036266 0.026061 0.036668 0.050176 -0.010941 0.055608 0.043883 0.0024131 0.0045612 0.0026299 0.0045684
-0.0092157 -0.0092473 0.021434 0.012841 0.01613 0.015873 0.049983 0.024796 -0.078658 0.072529 0.10239 0.076883 0.012661 0.0056954 0.012731 0.0083534 0.045899 -0.0029529 0.10866 0.10571 0.13047 0.097983 0.21317 0.19856 -0.12669 0.36248 0.29964 0.49104 0.043947 0.060823 0.049347 0.061117 0.048342 -0.010374 0.060339 0.05345 0.35856 -0.050342 0.36724 0.24801 0.023667 0.0011767 0.023667 0.018126 -0.00096229 0.00031749 0.00096229 0.00038832 0.0077435 0.0075617 0.0085434 0.0084045 0.025394 0.023313 0.025394 0.024659 0.0012395 0.0006541 0.0012395 0.0006541 0 0 0 0
-0.0023572 -0.0043175 0.002362 0.0043402 0.005669 -0.0064321 0.0060495 0.0064321 0 0 0 0 0 0 0 0 -0.060835 0.011465 0.080161 0.061838 0.31316 -0.022736 0.57275 0.2603 0.0058118 -3.7175e-05 0.0058118 0.001108 0 0 0 0 -0.029563 0.0042772 0.07342 0.043693 0.16342 0.0068983 0.62849 0.22479 0.010322 -0.0091076 0.011964 0.010281 0.00029669 -0.00029669 0.00029669 0.00029669 -0.00055035 -0.0014693 0.00072789 0.0019106 -0.019965 -0.0042011 0.074631 0.031598 0.018432 -0.016842 0.047183 0.021674 0.0041057 -0.0012376 0.0041057 0.002245
0.0025196 0.0027018 0.0042667 0.0097117 0.014671 -0.023152 0.060135 0.04801 0.035321 0.042947 0.060163 0.061394 0.0013193 0.00095727 0.0013393 0.00096202 0.00068858 -0.0033362 0.02415 0.047434 0.0052164 -0.13613 0.10466 0.21707 0.39612 -0.053927 0.39639 0.099274 0.00087431 0.00042666 0.00087431 0.00042666 -0.0013921 -0.048131 0.02778 0.052275 0.17962 -0.053831 0.23758 0.095604 0.46967 0.075932 0.46967 0.083095 0.00019867 -2.7193e-05 0.00019867 0.00019867 0.0020261 0.0016499 0.002923 0.0041992 0.076665 0.014032 0.077762 0.047878 0.024538 0.013068 0.024695 0.013243 0 0 0 0
-0.017926 -0.010393 0.017948 0.010402 0.025387 0.052656 0.098691 0.077885 0.015655 0.0077291 0.030669 0.032841 -0.010311 0.0014084 0.012986 0.01251 -0.055016 -0.051054 0.087361 0.090163 0.14964 -0.14099 0.27012 0.33545 0.28158 -0.054387 0.29487 0.21251 1.8056e-05 0.031578 0.011777 0.031578 -0.0046386 0.013349 0.052375 0.067789 0.29536 0.10189 0.32579 0.30214 0.2745 0.15246 0.2745 0.16862 0.0014315 0 0.0014315 0 -0.0038856 0.010803 0.0053467 0.012449 0.041681 0.035384 0.042198 0.037107 0.0031033 0.0053578 0.0032639 0.0053828 4.9503e-05 4.9503e-05 4.9503e-05 4.9503e-05
-0.0004954 -0.00019625 0.00049646 0.00027859 0.037743 0.0068586 0.12171 0.0097783 0.0020238 -0.00064555 0.0021531 0.00096403 -7.7794e-06 -3.4227e-05 0.00014142 0.000119 -0.010943 -0.041338 0.012362 0.042483 0.28504 0.063637 0.60217 0.24639 0.020026 -0.0041451 0.023571 0.0074532 -0.012618 -0.0077244 0.014818 0.0082516 0.0042305 0.034653 0.010971 0.044072 0.28933 -0.043943 0.57795 0.18286 0.022566 0.0014419 0.025317 0.0093647 -0.025809 -0.003118 0.026743 0.01337 -0.0035705 -0.0025524 0.0036206 0.0026574 0.035816 0.01216 0.087223 0.034002 -0.0046605 -0.0067871 0.0094678 0.0082523 -0.0013288 -0.00084523 0.0028578 0.0017462
-0.0065369 -0.0018445 0.0090124 0.0018624 -0.0027711 0.0046886 0.020597 0.0084896 0.069527 0.023768 0.069566 0.02478 -0.00061109 0.00049889 0.00061109 0.00064659 -0.019142 0.0077791 0.041652 0.010208 0.36597 0.10088 0.59855 0.13364 0.0836 0.032953 0.08598 0.040402 -0.00017871 0.00037714 0.00017871 0.00050398 -0.022005 0.014205 0.041812 0.0193 0.29769 -0.040112 0.55741 0.13426 0.091489 -0.030467 0.091489 0.032048 -1.9327e-05 -8.8677e-07 1.9327e-05 1.9327e-05 -0.0061284 0.00049113 0.0062012 0.00089015 -0.0069604 -0.0048812 0.044046 0.0089261 0.054669 -0.011552 0.054669 0.011571 8.9032e-06 -4.192e-05 7.9385e-05 6.0287e-05
0.0023353 0.00020098 0.0023353 0.0010195 0.070391 0.014851 0.070391 0.015965 0.0016754 0.00086782 0.0016754 0.0011193 -1.017e-05 -4.4826e-06 1.017e-05 4.4826e-06 0.035017 0.035766 0.03577 0.05021 0.44869 -0.0046832 0.5445 0.1087 0.010796 -0.0087571 0.015876 0.0087571 -0.0059064 -0.0086158 0.0062234 0.0088849 0.071888 -0.026863 0.080262 0.04219 0.16795 0.037889 0.39687 0.25188 -0.086767 -0.27498 0.15255 0.28692 -0.019287 -0.044944 0.040194 0.067948 0.0034013 0.0005864 0.0069796 0.0093151 0.039558 -0.021774 0.040614 0.03777 -0.0052704 0.047576 0.026296 0.048542 0.0061787 0.0089472 0.0061895 0.0089571
-0.0041129 -0.0017766 0.0043771 0.0035019 0.014541 0.028452 0.021747 0.046279 0.02611 0.0028242 0.026153 0.0051348 0.00015211 5.3089e-05 0.00015211 0.00011615 -0.00067611 -0.013724 0.0095067 0.018179 0.037945 -0.077148 0.065741 0.1404 0.21265 -0.067458 0.21265 0.090728 0.00059619 -0.0012375 0.00099852 0.0016332 0.015041 -0.052929 0.032961 0.085464 0.30313 -0.12494 0.35002 0.65075 0.22474 0.1095 0.2296 0.24057 0.0019077 0.000364 0.0019077 0.00068354 0.0016006 0.00031945 0.0020224 0.001985 0.031426 -0.038962 0.050848 0.07554 0.055221 -0.046896 0.056071 0.049533 0.00022172 7.79e-05 0.00024955 0.00031638
-0.0011448 0.0053377 0.0029728 0.0073499 0.036627 0.03123 0.051793 0.033738 0.024105 0.0069568 0.024105 0.0070054 0 0 0 0 -0.001454 0.011138 0.018214 0.018332 -0.009854 0.04467 0.50135 0.23131 0.26957 -0.0099799 0.2708 0.047657 0.00051525 4.4368e-05 0.00051525 0.00016511 0.0080028 0.0016951 0.015066 0.012992 -0.050265 -0.081255 0.61409 0.14226 0.24327 0.013723 0.24327 0.016602 0 0 0 0 -0.0017688 4.1013e-05 0.0020449 0.00057304 0.022553 0.015526 0.09453 0.021929 0.014758 0.003352 0.014758 0.0037273 0 0 0 0
0.00012977 0.00087166 0.0036011 0.0012429 0.011463 -0.0034728 0.012042 0.0051758 0.01468 0.00077848 0.01468 0.0047296 0.0043453 -0.00044829 0.0044968 0.0017725 0.0049885 0.0048144 0.026106 0.0085016 -0.01205 -0.052616 0.11974 0.067181 0.18877 -0.053226 0.19482 0.18521 0.0055664 8.9865e-05 0.033874 0.020806 0.0061121 0.0016712 0.030581 0.0090264 -0.14831 0.0072272 0.15573 0.065179 0.57039 0.091334 0.6066 0.27932 -0.03449 0.039682 0.063368 0.053085 0.0024362 0.00047495 0.0050251 0.0016947 -0.033403 0.0063509 0.033403 0.0083358 0.051365 -0.049038 0.10707 0.066806 0.0017333 -0.0047222 0.0022321 0.0047822
0.0090239 0.0037589 0.0090239 0.0057004 -0.044921 -0.0035743 0.056983 0.010191 0.050831 0.0061456 0.050831 0.0095974 -1.2987e-05 -1.6065e-05 0.00010645 7.5763e-05 0.011675 0.0072599 0.013148 0.0081354 -0.33047 -0.012011 0.34503 0.060601 0.35958 -0.013373 0.36195 0.056273 -0.00025273 -0.00056075 0.001048 0.00072154 -0.0020269 0.00056186 0.0031663 0.001733 -0.29169 0.026087 0.40303 0.074933 0.31621 0.014219 0.3564 0.0635 0.001156 0.00028975 0.001156 0.0021424 -5.7882e-05 7.2197e-05 0.00020709 0.00020654 -0.039339 0.0051538 0.049464 0.0089659 0.042202 -0.0019895 0.04425 0.0050848 0.00018451 -4.7829e-05 0.00018451 9.902e-05
0.011519 0.0050878 0.012578 0.0085951 -0.011448 0.046037 0.029346 0.10441 0.013145 0.053269 0.037054 0.085431 0.0018796 0.0029141 0.0022632 0.0052429 0.0063822 -0.069037 0.042158 0.071103 0.33596 -0.19216 0.34766 0.33019 -0.00075069 0.054083 0.19185 0.26744 0.0014003 -1.5018e-05 0.0014003 0.00079139 0.012507 0.07931 0.032733 0.084074 0.34655 0.2051 0.49277 0.22045 -0.0010792 0.0053581 0.0029747 0.0053581 0.00015922 0.00015922 0.00015922 0.00015922 0.0037289 -0.0018551 0.0090758 0.0049871 0.018418 -0.030196 0.024703 0.030916 0.0058423 -0.0043223 0.0058423 0.0043962 0 0 0 0
0.002657 -0.01279 0.0069276 0.012791 -0.0029575 -0.05216 0.012892 0.05216 -0.034793 -0.0058954 0.034793 0.025269 -0.003217 0.0031503 0.0044015 0.0042097 0.028951 -0.0088977 0.06681 0.027525 0.27403 0.03579 0.43181 0.20429 0.065896 0.15438 0.076041 0.16306 -0.047024 0.051718 0.049121 0.051718 0.043501 -0.0059369 0.044113 0.012744 0.32861 0.083073 0.66974 0.1541 0.049521 0.038503 0.053974 0.059747 -0.0045319 0.012441 0.012334 0.022992 0.0032369 0.0021153 0.0033374 0.0021153 0.042387 0.012857 0.061246 0.025517 0.015939 -8.7344e-05 0.020058 0.0043791 -0.0049373 -0.0014611 0.0056959 0.0018584
0.0036051 0.012118 0.0041753 0.015952 0.0076719 6.6015e-05 0.048239 0.030617 0.046706 0.018412 0.048478 0.027681 0.00016713 0.00011049 0.00016779 0.00011254 -0.012935 -0.045005 0.026065 0.050361 0.032531 -0.15621 0.10317 0.16065 0.42687 -0.064689 0.42687 0.066678 0 0 0 0 0.010053 -0.017234 0.017414 0.025877 0.21617 -0.034278 0.28157 0.10328 0.43441 0.0887 0.43441 0.091298 0 0 0 0 0.00033904 0.0008957 0.0024425 0.0040782 0.084049 0.028322 0.086091 0.039 0.015692 0.0049703 0.015746 0.0051795 0 0 0 0
0.0042817 -0.015729 0.004368 0.015736 -0.0022816 -0.056515 0.049032 0.078527 0.010934 0.058432 0.015566 0.07696 0.0016822 0.0037268 0.0021564 0.0041504 0.001806 -0.012557 0.013317 0.0167 0.50177 -0.052386 0.50177 0.17855 0.052879 -0.086028 0.057137 0.099252 -0.0020981 -0.015029 0.010109 0.017858 -0.025392 0.0034859 0.032753 0.015612 0.40815 0.031392 0.40815 0.12635 0.057048 -0.14832 0.070972 0.14832 -0.020223 -0.030306 0.035884 0.035004 0.0012725 0.0076346 0.0059665 0.0081041 0.01369 0.042508 0.028383 0.042523 -0.023496 -0.003435 0.027512 0.021252 -0.0049969 -0.0074662 0.015474 0.011536
0.0020306 0.00049421 0.0020306 0.00068159 0.060785 0.0024042 0.060785 0.0042423 0.0083665 0.00074019 0.0083665 0.0013444 -5.2592e-06 -9.8621e-06 5.2592e-06 9.8621e-06 0.016696 -0.0026417 0.016696 0.0062386 0.44959 0.035577 0.44959 0.065871 0.02773 0.0054093 0.028385 0.0092628 -0.0019827 -0.0020318 0.0022696 0.0020318 0.0053459 -0.0076526 0.023593 0.010706 0.45476 0.023372 0.5526 0.19108 -0.001692 -0.072625 0.045783 0.072625 -0.026388 -0.032188 0.035367 0.041529 -0.0055791 0.0011384 0.0069186 0.002042 0.046623 -0.043034 0.049537 0.050073 -0.011789 -0.021124 0.025104 0.049282 0.0069536 0.0068637 0.0069551 0.0068665
-0.0053094 -0.00023355 0.0053094 0.00085214 0.029344 0.0028698 0.060418 0.006685 0.011666 0.002493 0.011691 0.0026413 -1.2485e-05 -3.7496e-05 4.0011e-05 4.0011e-05 -0.074037 -0.0093543 0.074037 0.015345 0.32338 0.043202 0.38247 0.080882 0.015157 0.005907 0.015157 0.012661 -0.00056746 -4.2088e-05 0.0017776 0.00027538 -0.12254 -0.018074 0.12294 0.020791 0.49767 -0.13654 0.50326 0.4072 0.014784 -0.0094473 0.022826 0.018946 0.00011855 0.0002359 0.00046795 0.0005853 -0.008082 -0.00026125 0.0096105 0.0034697 0.048874 0.024341 0.050179 0.027016 0.0019065 0.00035254 0.0023315 0.00059353 0 0 0 0
-0.00094602 0.00028214 0.00099131 0.00028287 -0.027577 0.0033632 0.07114 0.011327 0.018701 -0.003652 0.037162 0.0087002 0.00065625 -0.00046564 0.0048641 0.0011028 -0.011271 0.00066623 0.011271 0.0023102 -0.28297 0.012296 0.45174 0.088272 0.23974 -0.017796 0.4391 0.080199 -0.031026 0.011575 0.043637 0.022324 -0.060053 -0.048925 0.064639 0.064049 -0.17215 -0.092453 0.26575 0.13615 0.32209 0.058194 0.39419 0.12301 -0.011291 0.01418 0.014387 0.01418 -0.0075246 -0.0010037 0.014828 0.010442 0.0050685 0.08556 0.026993 0.086284 0.013072 -0.0044247 0.036552 0.043253 0.00049613 -0.00017855 0.0024997 0.0028964
7.1511e-05 -0.0015928 0.0014535 0.0033388 0.080415 0.013163 0.080578 0.036676 0.0052435 0.0057669 0.029043 0.010092 -0.0056311 0.00073583 0.0056323 0.00087173 -0.014824 -0.0051976 0.029366 0.07634 0.51799 0.077365 0.54166 0.39077 0.071572 -0.012687 0.10383 0.045628 -0.061392 0.011252 0.061392 0.011537 -0.0014818 0.068328 0.029314 0.080951 0.24868 0.032187 0.26535 0.16436 0.139 -0.045264 0.1498 0.050192 -0.050286 0.0019091 0.050286 0.0042282 -0.0027778 0.0013628 0.0027804 0.0013912 -0.0012512 -0.0047552 0.016654 0.015816 0.010217 -0.054155 0.026484 0.054155 -0.0011447 -0.0058624 0.0068159 0.0062554
0.001454 -0.0007042 0.0032024 0.0026036 0.0076676 0.0033757 0.025585 0.0081217 0.037304 0.0037709 0.037575 0.0072183 8.5013e-05 9.9949e-05 8.5013e-05 0.00011731 0.024002 -0.032462 0.044809 0.039448 0.27835 -0.0044199 0.49643 0.18112 0.070878 0.0091442 0.070878 0.025151 0.0001108 2.0124e-05 0.0001108 0.0001108 -0.028973 0.043424 0.048928 0.063206 0.51088 0.037657 0.51474 0.29211 0.015946 0.0053367 0.026074 0.013728 0 0 0 0 -0.00062094 0.0017448 0.0014248 0.0018544 0.0045851 0.017079 0.0057299 0.017107 0.0020532 0.0010628 0.0020532 0.0011547 0 0 0 0
-0.008004 -0.0071417 0.00881 0.0076746 0.035249 -0.015739 0.059075 0.031691 0 0 0 0 0 0 0 0 -0.075382 -0.0084283 0.089319 0.05412 0.34194 0.051204 0.50072 0.29377 0.0027025 0.00035361 0.0027025 0.0013451 0 0 0 0 -0.062569 -0.013314 0.094154 0.07063 0.45287 -0.032597 0.49255 0.21862 0 0 0 0 0 0 0 0 0.0050245 0.0052835 0.0073749 0.0054727 0.017262 0.0087486 0.071359 0.020307 0.00022074 -0.00010578 0.00022074 0.00010578 0 0 0 0
-0.010725 0.0091836 0.014829 0.0091836 0.058475 0.028328 0.07928 0.030544 0.029159 0.013033 0.029426 0.013429 0 0 0 0 -0.082016 0.011044 0.082644 0.0111 0.40182 0.10916 0.61314 0.10916 0.034075 -0.00027553 0.034075 0.013172 0 0 0 0 -0.014199 0.0067375 0.014199 0.0076164 0.12809 0.040152 0.5674 0.17872 0.10941 -0.032401 0.1098 0.037534 0.00019607 -2.6837e-05 0.00019607 0.00019607 -0.00010754 -3.1645e-05 0.00010754 4.2412e-05 -0.038647 0.018109 0.053224 0.020706 0.045605 -0.012492 0.045605 0.012845 0 0 0 0
-0.00031395 7.5808e-05 0.00040388 0.00023761 0.022691 0.003142 0.082112 0.0077989 0.0043305 0.00066264 0.0043305 0.0012765 0 0 0 0 -0.0056342 -0.0013746 0.0056573 0.0013746 0.18629 0.028315 0.53917 0.070475 0.013308 0.0010951 0.016291 0.0043575 0 0 0 0 -0.0072879 -0.0039304 0.012988 0.0043158 0.25686 -0.092893 0.66101 0.37581 0.013787 -0.0039132 0.014883 0.014637 0 0 0 0 0.0010762 -0.0096299 0.0068238 0.011032 0.037951 -0.014572 0.066464 0.026434 0.0065465 -0.0078207 0.0065465 0.0085227 1.8058e-05 -2.8563e-05 1.8058e-05 2.8563e-05
0.00074878 -0.0077588 0.0058549 0.0086711 0.067394 0.012192 0.12295 0.030218 0.0070173 0.0031822 0.0070173 0.0031822 -0.0045716 -0.00026905 0.010747 0.0013665 0.073892 0.066891 0.10416 0.093433 0.1518 0.074428 0.53813 0.15158 -0.014175 -0.081175 0.079308 0.081669 -0.029483 -0.0018665 0.099084 0.0085768 0.011324 0.0047834 0.080785 0.040368 0.091897 -0.0028772 0.31013 0.44259 -0.12249 -0.065144 0.36672 0.32738 0.022085 -0.0016444 0.067944 0.035558 0.00091746 0.0035079 0.0033376 0.0035793 0.0064808 0.0054714 0.018539 0.008416 -0.0082732 0.018997 0.015492 0.018997 0.0026315 0.0012229 0.0026315 0.0012229
-0.009958 0.00062847 0.011171 0.0029031 0.024341 0.020957 0.029651 0.04103 0.0054062 0.012506 0.0062324 0.014425 0.00018052 0.00030731 0.00018078 0.0003211 -0.03082 0.011183 0.031576 0.011212 0.14215 -0.034073 0.35726 0.12495 -0.066166 -0.13305 0.31636 0.22465 0.00076089 7.8037e-06 0.00083509 0.00044107 -0.0010369 3.9882e-05 0.0010369 0.00044711 -0.015923 -0.11822 0.42462 0.23337 -0.0060462 -0.084444 0.58167 0.21237 -0.0029568 -0.023362 0.017913 0.035451 -0.00019411 2.8301e-05 0.00019411 2.8301e-05 -0.022088 0.035843 0.080079 0.041896 0.005815 0.033475 0.039059 0.042151 0.0062269 0.0064167 0.0062464 0.0064167
0.00077891 0.016885 0.0060497 0.018296 0.014035 -0.0047109 0.056192 0.048583 0.013655 0.027224 0.049823 0.065062 0.0047637 0.0063999 0.0049043 0.0064824 -0.0063086 -0.019478 0.013948 0.025844 -0.0097297 -0.08578 0.11994 0.20161 0.40202 -0.0038818 0.40675 0.14441 0.0012848 0.0013365 0.0019184 0.0017759 0.0084381 -0.046177 0.025097 0.048858 0.097505 -0.099023 0.14057 0.12872 0.49448 0.054729 0.49612 0.079817 0.0021401 0.00085065 0.0021401 0.00085065 0.0057734 0.0015328 0.0058926 0.002757 0.034634 0.0060181 0.049194 0.023313 0.062402 0.023931 0.062402 0.024413 4.846e-05 1.8532e-05 0.00010038 0.00010038
