0.0070204 0.0030813 0.0070277 0.0031635 -0.0033273 0.026998 0.01677 0.028509 -0.027763 0.042585 0.029051 0.04316 -0.00017559 -0.00011204 0.00037033 0.00021583 0.013056 0.012258 0.016979 0.015029 0.26025 0.13944 0.27687 0.17753 -0.23497 0.19484 0.28786 0.24125 -0.022394 0.030205 0.022792 0.032363 0.0195 -0.030608 0.019631 0.030621 0.27901 -0.23927 0.28037 0.28501 -0.22752 -0.21101 0.29342 0.26958 -0.016058 -0.017853 0.020027 0.017853 -2.3754e-05 -4.6842e-05 0.00015497 0.00013623 0.018686 -0.035465 0.019205 0.035661 0.0033393 -0.027889 0.015678 0.032644 -0.0046828 -0.0033996 0.0046947 0.0034213
0.0023341 0.0015378 0.002481 0.002232 0.0033266 0.02879 0.015937 0.030078 0.0090803 0.03273 0.021999 0.035012 0.00047313 0.00083386 0.0030118 0.0033158 0.026408 0.0046554 0.032306 0.010686 0.31202 0.11197 0.37164 0.16195 -0.14406 0.12747 0.15901 0.21099 -0.029791 -0.0094871 0.047159 0.043313 0.022479 -0.0016937 0.026387 0.023185 0.27177 -0.14703 0.3743 0.25164 -0.24394 -0.28973 0.26642 0.2962 -0.0061969 -0.0068756 0.021937 0.010866 0.0032353 -0.0023828 0.003956 0.0027922 -0.004588 -0.035955 0.013503 0.039197 0.0061501 -0.0041519 0.014866 0.016006 0.00023561 0.0007033 0.0016319 0.0023009
0.0068067 0.0015022 0.010915 0.003304 0.0022809 0.00066392 0.009974 0.0056974 -0.0033108 0.0095596 0.017789 0.020472 0.0024397 0.00096912 0.0041787 0.0022411 0.031852 0.016012 0.03729 0.017811 0.21693 0.14575 0.28916 0.24376 -0.17783 0.24657 0.2598 0.33052 0.021776 0.040727 0.047832 0.072368 0.0024872 0.0011103 0.023701 0.018595 0.047972 -0.061582 0.47287 0.16079 0.058785 -0.2747 0.2318 0.31782 0.017162 -0.0018973 0.045932 0.057913 0.00086289 -0.00027151 0.0028805 0.0011814 0.02473 0.013024 0.050672 0.035825 -0.024938 0.01994 0.053507 0.034706 0.0016067 -0.0038214 0.0052222 0.0052706
0.0030753 -0.00054738 0.0073985 0.0040429 -0.0047087 0.037701 0.04342 0.078972 -0.0015108 0.021581 0.014121 0.037529 -0.0010934 -0.00079108 0.0021355 0.0021229 0.051785 0.010865 0.063859 0.019399 0.188 0.053996 0.31036 0.24611 -0.09544 0.28471 0.15305 0.30407 -0.038178 0.046907 0.047065 0.050023 0.031156 0.011187 0.037659 0.025839 0.11823 -0.02029 0.47879 0.41093 0.18206 -0.012185 0.2141 0.2538 -0.043326 0.0046864 0.046047 0.020146 0.0053259 -0.00098859 0.0056349 0.0030231 0.0016629 0.0065163 0.027189 0.045217 0.027312 -0.012969 0.036494 0.050247 -0.002881 0.0002551 0.004719 0.0098865
0.0042652 -0.0028943 0.0050899 0.0032025 0.014588 -0.0030174 0.042223 0.042209 0.0027001 -0.010589 0.034198 0.056735 -0.001911 -0.0055121 0.0041578 0.012968 -0.0017283 -0.0093787 0.023891 0.017211 0.22493 -0.031941 0.4711 0.41359 0.00058267 -0.053886 0.29007 0.26133 -0.02148 0.0043531 0.052427 0.044129 -0.0032643 0.011315 0.015367 0.014041 0.18112 -0.040211 0.25305 0.28564 -0.073154 -0.228 0.18918 0.31524 -0.019684 -0.024551 0.036208 0.032146 0.0014418 -0.00096302 0.0017682 0.0019294 -0.01253 0.0010347 0.071153 0.043531 -0.0097005 0.0064144 0.023016 0.031807 0.0033869 0.001877 0.0047539 0.0068956
0.0042457 0.0013283 0.0072487 0.0039995 -0.012243 0.0024173 0.058168 0.037948 -0.008631 -0.0063551 0.062951 0.023412 -0.0005539 -0.0001961 0.0018082 0.0016744 -0.010249 -0.012174 0.027354 0.035646 -0.026432 -0.10591 0.11668 0.17266 0.1163 0.14197 0.43049 0.31002 -0.012415 0.0056295 0.021313 0.015565 -0.012515 0.041188 0.046284 0.07621 -0.015921 0.18768 0.19532 0.27452 0.14862 -0.073436 0.41099 0.49849 -0.042905 -0.00080344 0.049536 0.020458 -0.0017453 0.0017006 0.0051812 0.0088666 -0.046654 -0.025922 0.052468 0.041435 0.0089186 -0.0096217 0.02276 0.012912 -0.0015222 0.00029184 0.0024025 0.0018502
0.0069037 -0.00010481 0.0077718 0.0026795 0.012821 0.0037462 0.044483 0.035729 -0.014807 0.0077976 0.032428 0.01495 0.0011558 -0.00404 0.0047147 0.0052332 0.057995 -0.0066794 0.058099 0.033406 -0.1231 -0.19517 0.29932 0.45609 0.089583 -0.036332 0.34462 0.30079 0.020156 0.011463 0.033019 0.030078 0.0072765 -0.0066006 0.014738 0.014247 -0.11177 -0.045512 0.18908 0.17907 0.3568 -0.015455 0.41752 0.12941 -0.023185 -0.018347 0.044204 0.063585 0.0036248 -0.00065986 0.0042635 0.0018566 -0.021169 -0.011409 0.036014 0.025573 0.022776 -0.010883 0.054231 0.020535 -0.002419 -0.0018416 0.0025617 0.0022455
0.0091627 0.0070014 0.0092775 0.0072251 0.0076915 0.0087287 0.015825 0.017072 -0.0025325 0.0025566 0.019139 0.0133 0.00066267 0.0015837 0.0020299 0.003171 0.011411 0.014071 0.028239 0.023225 0.093457 -0.039675 0.3566 0.38177 0.011687 0.12962 0.3842 0.37889 0.036232 0.044557 0.063012 0.064066 0.018726 3.4221e-05 0.027859 0.023593 -0.07954 0.063258 0.25563 0.21392 0.26258 -0.033546 0.34384 0.27205 0.017418 -0.0026184 0.0538 0.032906 0.0037083 -0.00065195 0.0056202 0.0017345 0.0053319 -0.020102 0.020972 0.026231 0.018284 -0.01504 0.028938 0.032909 -0.0015681 -0.0074026 0.013208 0.0086287
-0.00029555 0.00044102 0.00046337 0.0006195 0.056194 0.038537 0.057828 0.052331 0.0098919 0.04865 0.03762 0.05672 -0.0040278 -0.0012087 0.0054799 0.0022493 0.069776 0.044624 0.075301 0.063845 0.12702 0.13855 0.22145 0.22183 -0.011894 0.027461 0.50081 0.37114 0.048597 0.03538 0.075121 0.065361 0.014344 0.0032761 0.025631 0.024732 0.18659 -0.11399 0.2811 0.27698 -0.048229 -0.11213 0.33517 0.29047 0.029524 -0.022354 0.053033 0.033438 -0.00078989 -0.0024199 0.0019636 0.0035097 -0.0071597 -0.011801 0.042163 0.026919 0.012078 -0.029271 0.031375 0.045444 0.0053585 -0.0077705 0.0079762 0.0095283
0.008255 -0.0016002 0.011541 0.0027968 -0.0094669 0.037767 0.05118 0.051583 0.0056792 -0.009562 0.032674 0.022418 -0.0010312 0.0018489 0.004639 0.0022062 0.011669 0.021423 0.035957 0.036981 0.12896 0.044196 0.32672 0.29702 -0.14194 0.16682 0.39385 0.27464 0.0025348 -0.0044701 0.022592 0.01706 -0.0017003 0.0098837 0.029217 0.053812 0.0085205 -0.070841 0.27332 0.2213 0.0061181 -0.13453 0.42601 0.3667 -0.024447 0.0096789 0.037875 0.023475 0.0029581 0.0010315 0.0080422 0.0075403 -0.036756 0.055319 0.05247 0.086726 0.036285 0.021211 0.058927 0.071221 -0.016058 4.9505e-05 0.017447 0.0060665
0.00064382 -0.00082165 0.0029792 0.0031406 0.00087502 0.033713 0.011939 0.037464 0.0034203 0.017156 0.029121 0.039133 8.0995e-05 -0.0035286 0.00186 0.0041658 0.041824 -0.0081166 0.042987 0.01201 0.079017 0.043558 0.26084 0.28285 -0.12269 0.039536 0.22767 0.18016 -0.0013871 0.0073327 0.018538 0.018272 0.0025623 0.0014318 0.018811 0.017124 0.13586 -0.1285 0.40587 0.4376 0.0028846 0.029734 0.4434 0.34837 0.0073769 0.036637 0.02262 0.042371 -0.0045282 0.00021511 0.0054975 0.0012356 0.0044923 -0.014914 0.053299 0.075943 0.034852 -0.022512 0.077625 0.040637 -0.0010981 -0.0044018 0.012163 0.0087315
0.001575 0.00082226 0.0034028 0.0012233 0.0052514 0.0079977 0.0067923 0.011443 0.046516 -0.0036917 0.083274 0.060033 0.0075493 -0.0089015 0.011254 0.018038 0.0019988 -0.010433 0.010469 0.01203 0.20871 0.073185 0.26718 0.22307 -0.10508 0.069546 0.27012 0.32469 0.050303 0.027318 0.080325 0.068964 -0.0019728 -0.01742 0.018395 0.019858 0.26701 -0.19477 0.28955 0.20288 0.038472 -0.17279 0.42006 0.39152 0.020573 -0.011565 0.055146 0.055557 0.0014598 -0.00079716 0.0016226 0.0016173 0.0034828 -0.00065963 0.018868 0.0074115 0.031799 -0.013906 0.039611 0.030549 -0.0036863 -0.0037719 0.0040359 0.0039872
0.00064715 -0.0002834 0.0011032 0.00072706 0.026912 0.0047308 0.029692 0.022068 -0.014245 0.052912 0.026043 0.055486 0.0063562 0.001496 0.0075495 0.0040983 -0.0085563 0.0085199 0.011348 0.016246 0.23755 0.093598 0.32495 0.2851 -0.10211 -0.0045938 0.19482 0.22698 0.015733 -0.0035161 0.028944 0.022935 -0.012864 -0.00095694 0.015004 0.011133 0.15134 -0.12765 0.23752 0.37685 0.081466 0.057926 0.46968 0.38773 0.0012505 0.052195 0.024398 0.053842 -0.0004335 -0.00014865 0.00091579 0.001985 0.0049618 -0.0062191 0.042834 0.024867 0.050265 -0.012088 0.074386 0.026298 0.0054903 -0.0038791 0.0080737 0.0062913
0.00080589 5.6572e-06 0.0017704 0.0024754 0.0038128 0.0056562 0.018329 0.0096151 0.014828 0.04013 0.031171 0.04013 0.0022376 0.0018735 0.0061107 0.003591 -0.00078273 0.0024078 0.0085867 0.010874 0.082295 0.038196 0.223 0.16952 0.28395 0.096207 0.35421 0.24988 -0.01015 0.031066 0.035628 0.037678 -0.0017039 -0.0019241 0.0093917 0.0079693 0.01799 0.013309 0.32451 0.14375 0.46672 -0.061697 0.48278 0.16745 -0.058287 -0.020436 0.068237 0.042505 0.0047675 -0.00030039 0.0048846 0.0013933 -0.0021693 -0.01475 0.034881 0.032508 0.022225 -0.018653 0.040295 0.042748 -0.0037319 -0.0046577 0.0045806 0.0076469
-0.0017691 0.00040325 0.0023334 0.0024571 0.019289 0.014979 0.020655 0.018144 -0.007105 0.014197 0.018017 0.014941 0.00043013 0.0013916 0.00088909 0.0020058 0.0012576 0.0010031 0.0053183 0.0065692 0.19327 0.086794 0.25849 0.21863 0.0056964 0.088891 0.29313 0.35071 -0.011808 0.012669 0.023981 0.060843 -0.00083328 0.020367 0.014399 0.029873 0.32026 -0.024027 0.37826 0.23962 -0.056371 0.22085 0.35249 0.33286 -0.011396 0.057583 0.023025 0.074925 -0.0011742 -0.0007271 0.0021461 0.0023012 0.015291 0.0043143 0.030769 0.020821 0.070938 -0.032032 0.078342 0.033939 -0.00085294 -0.0034214 0.0053166 0.0062159
0.0029197 0.0037515 0.0096181 0.0050779 -0.0088457 0.0047226 0.041344 0.023144 0.035898 -0.010054 0.040177 0.026671 -0.00015888 -0.0040276 0.0082818 0.0067712 0.018372 -0.022772 0.028914 0.065187 0.12565 -0.11771 0.41092 0.25723 -0.00068745 0.11966 0.2471 0.30323 -0.0057039 -0.033736 0.059838 0.068845 0.012027 0.0028884 0.023255 0.02656 0.16125 -0.0019168 0.35247 0.13029 -0.10059 -0.31054 0.23491 0.45548 -0.010444 -0.015898 0.048005 0.056977 -1.0995e-05 -0.0039511 0.0022658 0.0039657 0.0061508 -0.023703 0.028027 0.027632 -0.008878 -0.001825 0.013158 0.0063646 0.0031329 -0.0020002 0.0037608 0.0028998
-0.0012322 -0.0036903 0.0036928 0.0073998 0.017154 0.039078 0.032509 0.040456 0.019889 0.022492 0.051062 0.035935 -0.0073196 0.0018226 0.023028 0.0054148 -0.022323 0.0068307 0.040591 0.02438 0.13194 -0.073853 0.41736 0.34187 0.10319 -0.027368 0.39327 0.19914 0.026245 0.022989 0.10797 0.039637 0.018046 -0.0017287 0.033732 0.029715 0.0634 0.11242 0.26798 0.23682 0.15641 0.025926 0.37689 0.33845 0.0093965 0.00077922 0.072312 0.033938 0.0092675 -0.0030953 0.0095966 0.0035697 -0.010399 -0.031025 0.053505 0.072736 0.036625 0.022843 0.058397 0.056295 0.0022035 0.0011841 0.0081995 0.0077194
0.0011203 0.00011807 0.0018214 0.0017445 0.010884 0.018663 0.040327 0.030744 0.020968 0.045179 0.025621 0.047219 -0.0045027 0.0035728 0.012478 0.0047724 0.017951 0.0064493 0.032941 0.015384 0.02383 -0.0017787 0.23398 0.21691 0.27947 0.015838 0.40967 0.29296 -0.010223 0.025465 0.042426 0.045462 0.043539 0.0058889 0.045976 0.012157 0.0050096 -0.03433 0.31444 0.23128 0.396 0.0057987 0.41995 0.22315 -0.025558 -0.00076383 0.041112 0.031115 0.0028385 0.0015223 0.0063604 0.0043462 -0.0050526 6.015e-05 0.023373 0.017363 0.040757 -0.026846 0.045134 0.033549 -0.0056005 -0.0043073 0.0063068 0.0061307
-0.00047407 -0.0044404 0.004089 0.0081264 -0.016892 -0.015229 0.042346 0.029131 -0.0054673 -0.00086671 0.0076718 0.018602 0.00089119 -0.00051492 0.0014636 0.0018328 -0.0021112 0.0056417 0.013474 0.011258 0.23723 0.12048 0.30812 0.18561 -0.13816 0.21301 0.51897 0.24833 0.0017048 0.023584 0.033863 0.052302 -0.0042547 0.0029234 0.039755 0.032612 0.13885 -0.040426 0.38859 0.17034 0.0094888 0.017767 0.37589 0.18895 0.011763 0.013292 0.039503 0.031416 0.0003521 0.0034513 0.0032764 0.0048145 0.01323 0.002961 0.029096 0.027663 0.013357 0.0021502 0.092696 0.034935 0.0079478 0.0025417 0.0087581 0.0044986
0.00066483 -0.00060656 0.004664 0.0019664 0.017824 0.0069 0.032633 0.025929 0.0042312 0.010575 0.017353 0.018305 0.0018609 0.0028266 0.0047397 0.0057907 0.022572 0.0036977 0.029183 0.018973 0.14078 0.007377 0.28702 0.33581 0.12864 0.053331 0.23889 0.57257 0.0017723 0.022824 0.028475 0.069043 0.0057336 0.010408 0.014503 0.014169 0.18588 -0.019874 0.25814 0.14158 0.1823 -0.001503 0.33404 0.30611 0.0055347 0.0085978 0.027545 0.030288 0.00092169 -0.00047201 0.0018746 0.001869 -0.0012013 0.0060387 0.028707 0.041343 0.014846 -0.032296 0.031379 0.047821 0.0036587 -0.011065 0.0051529 0.011074
0.0016104 0.0018376 0.0036743 0.003161 -0.0023831 0.0074783 0.015308 0.016183 -0.002873 0.00067786 0.013731 0.01577 0.001044 0.0010556 0.0027516 0.0027254 0.011196 0.021146 0.027025 0.024659 0.11308 0.0024134 0.38394 0.28633 0.048165 0.28968 0.36345 0.35982 0.00021394 0.046863 0.029242 0.063496 -0.0082346 -0.015704 0.035508 0.023348 0.10021 0.024095 0.30013 0.23925 0.24876 -0.067246 0.33594 0.21365 -0.0040027 -0.0056299 0.035769 0.061196 0.00079863 -0.0028027 0.0028096 0.0037314 0.017932 -0.027794 0.02629 0.029062 0.015279 -0.035666 0.060476 0.044192 -0.0030808 -0.006985 0.0045245 0.0084024
0.00070148 1.355e-05 0.0021666 0.0025053 0.0014974 0.0071865 0.0039058 0.010272 0.00012584 -0.0057137 0.0067666 0.012554 0.0011951 -0.0019185 0.0013043 0.0024313 -0.006774 -0.0092981 0.019669 0.024379 0.17146 0.069053 0.43361 0.32604 -0.070771 0.23025 0.32714 0.36627 0.0048277 0.04255 0.021011 0.04409 -0.010386 0.047678 0.027701 0.052392 0.12855 0.011921 0.3412 0.31313 -0.01826 -0.13589 0.17173 0.25875 -0.014938 -0.024857 0.051463 0.060215 0.0059447 -0.0042898 0.01136 0.0079255 -0.018075 0.023112 0.030684 0.046528 0.017794 0.019639 0.035767 0.027675 0.0015806 0.0072957 0.0065073 0.01007
0.0016752 -0.00075748 0.0029518 0.0028263 -0.011891 -0.0026101 0.028594 0.021731 0.063649 0.034091 0.065025 0.037731 -0.0041079 0.0098114 0.0079633 0.011204 0.012671 -0.00097528 0.022075 0.014727 -0.04594 0.0045439 0.12474 0.072267 0.42009 -0.12 0.46671 0.27309 0.0083625 -0.026053 0.049072 0.039048 0.025048 -0.020434 0.028012 0.024244 0.1335 0.11104 0.20045 0.21523 0.10351 -0.020894 0.36785 0.44238 -0.024531 -0.041785 0.037267 0.054432 0.0077717 -0.006942 0.0081712 0.0071626 0.026588 -0.025147 0.035776 0.033126 -0.0052075 0.013881 0.040571 0.043191 0.0015944 -0.0010463 0.0036367 0.0028866
0.0042795 0.00015188 0.0059741 0.0024832 0.021204 -0.00094233 0.037615 0.051347 0.015493 0.0096412 0.038455 0.030365 -0.006036 0.0035661 0.0062819 0.008114 0.028824 -0.0086846 0.03274 0.012332 0.12574 -0.12827 0.23679 0.46911 0.021924 -0.18129 0.24623 0.44252 0.0068575 -0.0059326 0.0435 0.050729 0.01643 0.014988 0.031596 0.0209 0.092501 0.054869 0.2617 0.4238 -0.028455 -0.067693 0.18302 0.27805 -0.012482 -0.014466 0.029418 0.055487 -0.0051129 -0.00084726 0.0094192 0.0055377 0.0053961 -0.03155 0.018723 0.044052 0.0039847 -0.022218 0.024982 0.030717 -0.0013288 -0.0033939 0.0031545 0.0048381
1.6741e-05 -5.5857e-05 0.0038379 0.0018668 0.011778 0.017842 0.027145 0.023896 0.055403 0.015011 0.059617 0.028314 0.0015577 0.0018285 0.0038173 0.0027537 0.006369 0.012991 0.02531 0.029009 0.16616 0.069002 0.27539 0.18246 0.29353 0.038543 0.32521 0.13805 -0.017594 -0.026356 0.067279 0.036805 0.012263 0.0063076 0.025336 0.043898 0.15086 -0.0020598 0.47449 0.30043 0.015397 -0.19384 0.26602 0.3852 0.0047018 -0.023743 0.051975 0.095271 0.0021739 -0.0080823 0.0096485 0.01053 -0.0020505 -0.037796 0.037997 0.071403 0.0088783 -0.059181 0.03821 0.066067 0.0029379 -0.004781 0.0047703 0.0061952
0.0091907 0.0013946 0.0092963 0.0019806 0.0037522 0.006545 0.020389 0.014469 0.048114 0.0080918 0.071958 0.036544 0.00078009 0.0040945 0.0062396 0.006654 0.043343 0.0017888 0.051116 0.0081334 0.28406 0.085644 0.33651 0.14541 0.13482 -0.0388 0.51953 0.23049 0.029708 -0.0065399 0.078648 0.064572 0.027222 -0.0015444 0.029988 0.0069634 0.1409 -0.096438 0.23818 0.2166 0.1199 -0.0013923 0.33578 0.33998 0.03296 -0.066322 0.088079 0.073014 0.001975 -0.002222 0.0035741 0.0022849 0.02964 -0.02762 0.046552 0.031391 -0.0070421 -0.059069 0.027625 0.064621 -0.0030652 -0.0050219 0.0042434 0.007235
0.00016633 -0.0045138 0.0034216 0.0045824 0.015349 -0.019595 0.03417 0.024545 -0.0092102 -0.026674 0.02802 0.029375 0.0018201 -0.00091234 0.002521 0.0018591 0.015671 -0.005376 0.017489 0.014672 0.23662 0.096423 0.2492 0.15279 -0.088283 0.25219 0.19814 0.29504 -0.0060014 0.0051909 0.014042 0.017021 0.023113 -0.012222 0.026022 0.013237 0.37572 -0.091204 0.40604 0.20671 -0.17593 -0.22851 0.3247 0.26689 -0.010077 -0.010911 0.041515 0.034539 0.0032098 -0.0025325 0.0050242 0.0025361 0.010711 -0.051773 0.0194 0.051773 -0.018236 -0.091135 0.018745 0.091234 -0.0041553 -0.015491 0.0044484 0.015541
0.00091783 5.5801e-05 0.0019644 0.0032182 0.015204 0.0095635 0.043615 0.045012 0.016803 0.0050763 0.056137 0.061843 -0.0013579 0.0042481 0.0052292 0.008174 0.0019418 0.0005838 0.0097788 0.020263 0.037144 -0.083353 0.21629 0.25034 0.23907 -0.019988 0.47099 0.22282 0.0029043 0.005041 0.023919 0.035285 0.0030868 -0.0054809 0.015823 0.022826 -0.04754 -0.0043231 0.24737 0.15428 0.36786 -0.049726 0.50563 0.20893 0.011284 -0.0003369 0.046198 0.088541 -0.00042079 -0.0013499 0.0020561 0.0028041 -0.0038237 -0.0011397 0.023094 0.027403 0.022667 -0.0031079 0.029522 0.031676 0.0057355 -0.0041326 0.0075894 0.0068471
0.0020984 0.00060462 0.0026621 0.0011985 -0.0043658 0.0088826 0.027201 0.015925 0.018103 0.026495 0.037468 0.030304 0.0021611 0.0051649 0.01204 0.006055 0.00339 0.0019518 0.020461 0.012944 0.058853 -0.032644 0.36865 0.22217 0.21729 0.046461 0.31178 0.30262 -0.0037553 0.0024173 0.053634 0.030909 0.041412 0.0088562 0.047182 0.013924 -0.072244 0.016082 0.26919 0.24474 0.34199 -0.00016108 0.38257 0.37922 0.01769 0.036586 0.040338 0.04424 0.0051163 0.00010759 0.0065889 0.0034684 -0.0080968 0.0053218 0.038404 0.020552 0.051885 -0.012554 0.052071 0.02828 -0.00176 -0.0041809 0.004906 0.0055224
0.0010101 0.0019566 0.0012942 0.0023073 0.045355 0.0056738 0.063458 0.026848 -0.0011337 -0.0050472 0.052859 0.04573 0.0044912 -0.00097114 0.0098586 0.012072 0.004753 -0.0063751 0.006766 0.0072653 0.27858 0.024132 0.37485 0.10762 -0.12757 -0.019262 0.41769 0.37097 0.095781 -0.0085538 0.096824 0.044561 0.00077608 -0.0049147 0.0047415 0.0058829 0.25861 0.018754 0.32774 0.20084 -0.095839 0.064845 0.33827 0.20636 0.043264 -0.041317 0.049523 0.049434 -6.9607e-05 -0.00010738 0.00057732 0.00057103 0.02864 -0.0318 0.044101 0.071881 -0.010379 -0.030074 0.044537 0.046945 0.0032951 0.0033635 0.006781 0.0068153
0.00030396 0.0011455 0.00076023 0.0015153 0.032319 -0.0012734 0.054386 0.01636 -0.00081959 -0.0032601 0.095274 0.04224 0.0075201 -0.00095796 0.010394 0.0097886 0.0017198 -0.0055014 0.0068092 0.0072767 0.26178 0.038158 0.37812 0.1312 -0.13641 -0.0049417 0.41206 0.3739 0.041253 0.012625 0.060393 0.093625 -0.0037042 -0.0049643 0.0074867 0.0062829 0.28464 -0.029818 0.31216 0.15087 -0.11738 0.045268 0.36984 0.20279 0.021108 -0.032249 0.052976 0.052251 0.00060819 -0.00039597 0.00082638 0.00059471 0.016613 0.014467 0.049459 0.05293 0.0080057 -0.00077581 0.042427 0.033938 0.0007365 0.0016714 0.0032277 0.003707
0.0024356 0.0005673 0.0037241 0.0029661 0.002574 0.0068222 0.040546 0.054628 0.030606 0.035328 0.049426 0.052736 -0.0049174 0.0061886 0.0049746 0.0063981 0.030498 0.0087434 0.033239 0.022205 0.094744 -0.022979 0.23868 0.43892 0.15451 0.047351 0.31242 0.26328 -0.021578 0.0047948 0.022808 0.012262 0.02391 0.0084276 0.040481 0.057768 0.034342 0.094948 0.19009 0.50395 0.11948 -0.10133 0.24614 0.35968 -0.019991 -0.026172 0.046437 0.041229 0.0039525 -0.0038754 0.0041298 0.0043762 -0.0013269 -0.035423 0.012913 0.043053 0.00039054 -0.01492 0.019535 0.049354 0.0015255 -2.1807e-06 0.0069982 0.0064413
-0.0014312 0.00014431 0.0024322 0.0020484 0.015081 -0.0017553 0.040282 0.016444 0.021214 0.035488 0.049177 0.054164 -0.0017189 0.0027051 0.0034008 0.0034798 -0.0025644 -0.0036546 0.024058 0.016395 0.1874 0.086378 0.33646 0.14844 0.27258 0.05649 0.49075 0.30926 -0.011927 0.039106 0.027873 0.049896 -0.0067929 0.0036038 0.02001 0.011494 0.24548 -0.038636 0.27971 0.10909 0.18641 -0.074879 0.30675 0.29516 -0.006874 -0.03187 0.031202 0.055545 -0.00088714 -0.00063887 0.0020241 0.0016517 0.02214 0.0033299 0.034511 0.026382 0.025384 0.00023639 0.040352 0.096372 -0.0022589 -0.0024833 0.0042262 0.0046933
-0.002481 0.0017998 0.0026485 0.0024774 0.015071 0.00030466 0.022741 0.011479 0.035541 0.009678 0.061586 0.034032 0.0034205 0.0010454 0.0075692 0.0035854 -0.0062199 -0.0023559 0.019393 0.012155 0.0026047 -0.015397 0.11252 0.075856 0.30763 -0.20973 0.378 0.37488 0.013215 -0.019016 0.031598 0.06203 0.0083008 -0.00034284 0.015666 0.014305 -0.021357 0.17024 0.1692 0.20217 0.26862 0.15973 0.33842 0.46855 -0.0059491 -0.0010597 0.02365 0.05577 -0.00053906 0.0001206 0.00174 0.00076721 -0.00866 -0.02392 0.075255 0.050416 0.00060322 -0.023617 0.024349 0.032278 -0.00036136 -0.0067158 0.0036143 0.0072702
0.00061783 0.0006741 0.00068203 0.0012706 0.024932 -0.00053752 0.064862 0.029348 0.021283 -0.008807 0.052507 0.043444 0.0039341 0.0056119 0.0078875 0.011574 -0.0011976 -0.0066477 0.0047773 0.0074709 0.25061 -0.019655 0.34402 0.15987 -0.085223 0.012754 0.47347 0.2617 0.10766 -0.0479 0.1091 0.064932 0.00088545 -0.0042806 0.0068133 0.0046419 0.28625 0.013862 0.38023 0.29043 -0.14654 -0.0026789 0.24056 0.20884 0.021441 -0.026522 0.043109 0.051337 9.0566e-05 -0.00049912 0.00060116 0.0006907 -0.00019582 -0.014067 0.034619 0.0498 0.022035 -0.015722 0.065223 0.052932 0.0040784 0.0011539 0.0084204 0.0073084
-0.0033826 -0.00019227 0.0034815 0.0011054 0.04139 -0.0018241 0.058545 0.02338 0.010868 0.018374 0.030217 0.042952 -0.0025485 0.0081222 0.0035983 0.008264 -0.02285 0.0071415 0.04322 0.022432 0.2875 0.084758 0.3269 0.15947 0.092853 0.019882 0.4788 0.2643 0.022258 0.0025351 0.041475 0.028922 0.0051955 -0.0043356 0.019733 0.014058 0.16825 -0.050509 0.22222 0.18879 0.10416 -0.065188 0.46357 0.30695 0.030562 -0.013455 0.039336 0.042683 0.00074776 -0.00034333 0.0025568 0.0012904 0.028406 -0.0037194 0.042785 0.019985 0.017612 0.0080139 0.054496 0.054331 0.00049895 -0.00045706 0.0041237 0.0086234
0.00013594 -0.0011729 0.0011442 0.0024819 0.013499 -0.0034464 0.025088 0.01945 0.026123 0.028347 0.039043 0.047906 0.0016922 0.0013967 0.0054331 0.0048352 -0.013123 -0.00685 0.021572 0.019564 0.26707 0.050912 0.34938 0.22374 0.13543 0.049473 0.25276 0.46085 0.017502 0.041733 0.033055 0.15557 -0.0030408 0.018276 0.014688 0.025413 0.080714 0.03274 0.14554 0.2227 0.33823 -0.072601 0.3586 0.285 0.028414 -0.0091639 0.071317 0.041407 0.0011266 -0.00089816 0.0021372 0.0025013 0.002272 0.0027704 0.017803 0.021846 0.01908 -0.016278 0.040979 0.039914 0.0053382 -0.01212 0.0097046 0.013075
0.0010481 -0.00025165 0.0013376 0.0010612 0.017383 0.016424 0.032825 0.023609 0.021007 -0.0039728 0.04047 0.025412 -0.0004357 6.946e-05 0.0042503 0.0080093 0.029557 -0.0019004 0.03008 0.019662 -0.045358 -0.086585 0.28307 0.21635 0.4177 0.049648 0.42283 0.18098 -0.034491 -0.007864 0.048353 0.048586 0.010951 0.00027594 0.026542 0.02179 0.11789 0.040572 0.34494 0.27077 0.10684 -0.1304 0.27227 0.37588 -0.015918 -0.045609 0.033506 0.045878 0.0010655 -0.0011519 0.0017125 0.0018411 0.013012 -0.010602 0.019856 0.018283 -0.0060157 -0.01924 0.029644 0.03195 0.0025805 0.00076968 0.0031505 0.0026014
