-0.0010361 -6.867e-05 0.0020706 0.0015418 0.01031 0.0020317 0.027204 0.027501 -0.0082253 0.0223 0.031659 0.030971 -0.0005193 7.1044e-05 0.0031714 0.0021101 -0.018736 0.0080415 0.022481 0.016654 -0.041454 -0.1772 0.33378 0.30577 0.19856 -0.072575 0.35294 0.2336 0.0060545 0.018169 0.016172 0.021305 -0.0075373 0.0096296 0.01906 0.021299 -0.12342 0.30333 0.28825 0.31836 0.23229 0.098628 0.383 0.15296 -0.0049836 -0.00066577 0.0097855 0.01609 0.00045477 0.0011997 0.0024763 0.0015933 -0.011067 0.0023244 0.016436 0.030213 0.0060496 0.010194 0.0467 0.035416 -0.00095417 0.00082972 0.0015103 0.0037497
0.00020135 0.00038314 0.00023539 0.00038314 -0.0018158 0.0015708 0.0021062 0.0015708 -0.012043 0.0068462 0.012063 0.0068462 -0.018902 0.007795 0.018902 0.0078895 0.024427 -0.034765 0.026824 0.037109 -0.10683 -0.20427 0.25073 0.22093 0.096597 -0.15855 0.16785 0.17342 -0.073184 0.031573 0.073184 0.031599 0.01248 -0.017305 0.053536 0.055 -0.14542 -0.036323 0.34716 0.46881 0.30799 0.10037 0.44919 0.17503 -0.022346 0.010249 0.02237 0.010486 -0.0020065 0.0096855 0.0059231 0.013555 0.012003 0.052032 0.071733 0.061228 0.013472 -0.014435 0.033714 0.057827 0.00053366 0.0012101 0.001739 0.0046123
0.00047613 -0.00046507 0.0023294 0.0030148 -0.012204 0.019655 0.018599 0.041545 -0.02172 0.063895 0.022545 0.06393 -0.00097571 0.012121 0.0035866 0.012148 -0.0013505 0.0067774 0.0097238 0.014107 -0.19064 -0.099197 0.23402 0.24954 0.16511 0.013939 0.28669 0.44902 -0.0026324 0.006642 0.010284 0.03658 0.038309 -0.050879 0.053398 0.053761 -0.1683 -0.10682 0.26089 0.26446 0.27664 -0.05283 0.28156 0.40089 -0.0068616 0.001731 0.015321 0.015091 0.0019361 0.0035583 0.0048571 0.0049993 0.018514 0.011774 0.038443 0.03165 0.012461 -0.0041292 0.020195 0.025023 -1.2414e-06 -0.0017579 0.00092215 0.0023275
0.00121 -0.00021681 0.0019358 0.0010887 -0.0077591 0.004371 0.018148 0.02187 0.0037798 -0.0004513 0.01536 0.018446 -0.0074792 0.0087678 0.0091671 0.010325 -0.014087 -0.029742 0.032057 0.038307 0.16747 -0.1611 0.45016 0.48944 0.072383 0.02635 0.15865 0.20076 0.0034897 0.0049817 0.025687 0.0188 -0.016879 0.011871 0.035237 0.059329 0.14393 -0.011474 0.36184 0.35007 0.072438 -0.15867 0.15732 0.29082 0.016003 -0.0072776 0.026171 0.026992 -0.0045904 -0.0024694 0.0072015 0.0036952 0.02353 0.018193 0.02918 0.024255 0.010573 0.025078 0.017438 0.038994 0.00067505 -0.00072934 0.0015477 0.00078659
0.00057309 -0.0027267 0.0014171 0.0028937 -0.0047 -0.01559 0.011868 0.032526 -0.015828 0.0041072 0.025765 0.071147 0.00098619 0.002223 0.0024826 0.0048354 0.0081951 -0.0072421 0.012386 0.022887 -0.27771 -0.042978 0.31332 0.20056 0.2803 0.06828 0.29459 0.26843 -0.01032 0.014664 0.016447 0.0271 0.032236 -0.046167 0.057363 0.062333 -0.077991 -0.14775 0.27806 0.3622 0.23824 -0.10699 0.25493 0.38177 0.0012654 -0.012077 0.0073764 0.013113 0.00080737 0.0027964 0.0062386 0.0052798 0.015947 0.022295 0.039601 0.040157 -0.0010216 0.0019415 0.019064 0.020254 0.002058 -0.0040917 0.0037804 0.0058306
-0.0017839 0.00094798 0.0020148 0.0012643 -0.024432 0.017877 0.06048 0.04399 0.03069 -0.011593 0.036551 0.045164 -0.00071997 0.00013684 0.0022569 0.0015646 -0.022856 -0.010372 0.023982 0.010826 -0.19116 -0.21956 0.30035 0.37584 0.26649 -0.066329 0.44765 0.25502 -0.010632 -0.0012209 0.022358 0.015752 -0.074419 -0.0089318 0.074786 0.014124 0.0045667 0.10381 0.22661 0.1995 0.13574 0.040338 0.28909 0.31902 -0.01585 -0.028116 0.045024 0.063618 -0.0063124 0.00022142 0.0064341 0.0012252 0.0072812 0.014612 0.022528 0.022763 0.004263 0.02109 0.024849 0.036809 0.0048985 0.0038826 0.0051651 0.0050735
0.00042253 -0.0014793 0.0012227 0.0022555 -0.022026 -0.013639 0.054139 0.073109 0.030882 -0.0032225 0.042545 0.061053 -0.0020098 8.8033e-05 0.0037497 0.0035327 -0.061879 -0.045223 0.064229 0.049243 0.34168 -0.055774 0.42233 0.38192 0.01315 0.027683 0.041927 0.059793 -0.0023231 -0.0038123 0.008789 0.0097448 -0.042064 0.030463 0.073554 0.075986 0.1389 -0.060783 0.37862 0.27468 0.084622 -0.23929 0.19267 0.39608 0.005207 -0.017803 0.019641 0.041957 -0.0025455 0.00085607 0.0063207 0.0058784 -0.0020883 -0.0018552 0.037108 0.024583 0.02022 0.013236 0.03862 0.027786 0.0025427 0.0025833 0.0035842 0.0039056
-0.0010199 0.002434 0.001864 0.002929 -0.020931 -0.016295 0.04053 0.041528 0.028234 0.01683 0.043053 0.083683 -0.0007689 9.1565e-05 0.0022273 0.0010842 -0.0025708 -0.025801 0.050317 0.031464 -0.14291 -0.14777 0.24207 0.5187 0.30254 -0.030398 0.39191 0.16123 -0.0082006 -0.0003259 0.014495 0.011152 0.0066616 -0.0021726 0.042701 0.025461 -0.020927 0.10416 0.17357 0.22447 0.17857 -0.012098 0.32417 0.31199 -0.0023987 -0.029528 0.034714 0.041583 0.0017484 0.0024335 0.0058668 0.0031069 -0.006554 0.020662 0.019962 0.028329 0.010001 0.0048186 0.060113 0.035034 0.00021857 0.0043245 0.010185 0.0047174
-0.0017583 0.0011752 0.0050272 0.0044034 0.0036822 0.023624 0.044263 0.045275 0.011823 0.0485 0.036248 0.051261 0.002538 0.0077257 0.010498 0.0093002 -6.4012e-05 0.0090709 0.014904 0.02593 -0.13962 0.022868 0.43181 0.43809 0.22384 -0.099304 0.27254 0.16671 -0.0016253 -0.0013714 0.0066201 0.020216 0.0011656 -0.013591 0.016347 0.035227 -0.089387 0.09098 0.31088 0.37362 0.15679 0.072519 0.20277 0.25687 -0.0081098 -0.028369 0.021483 0.057571 -0.0019677 0.0011769 0.0024129 0.0071512 -0.019731 -0.051063 0.02699 0.058038 -0.033589 -0.1026 0.038327 0.10349 -0.0022335 -0.003287 0.0027726 0.0033281
-0.0066351 0.0015824 0.010251 0.0054979 0.02865 -0.031365 0.04173 0.097133 0.0079537 -0.0014886 0.023462 0.013791 -0.0032336 0.00036345 0.0056245 0.0031993 -0.024766 -0.026508 0.037171 0.052717 0.36309 -0.015159 0.4797 0.22396 -0.065561 -0.010506 0.15879 0.099219 0.0061986 -0.0030534 0.024542 0.012809 -0.007831 0.00815 0.029025 0.031166 0.24275 -0.057779 0.34173 0.26442 -0.093183 -0.1987 0.28647 0.36105 0.033287 -0.011889 0.051138 0.051391 0.0017747 0.0036346 0.0041492 0.0042894 0.0010853 0.038711 0.044589 0.044403 0.024022 0.037249 0.027925 0.040084 -0.000918 0.0010629 0.0037106 0.0016514
0.014683 0.01064 0.01894 0.010797 -0.010925 0.01178 0.012587 0.015977 -0.041198 0.067077 0.041198 0.067077 -0.012214 0.021908 0.012285 0.021947 -0.0079085 0.0021649 0.059805 0.038434 -0.14452 -0.20102 0.27883 0.264 0.12463 -0.11903 0.19227 0.15869 -0.019556 0.01658 0.019556 0.01658 -0.056663 -0.030919 0.098129 0.07277 -0.17916 -0.11624 0.33837 0.32634 0.40295 0.013139 0.44362 0.16204 -0.0066784 -0.00032537 0.0066784 0.0023345 -0.00246 -0.0049001 0.0094324 0.0053335 -0.0055398 -0.0028182 0.050668 0.030547 0.032217 0.011312 0.037201 0.014761 -0.0016558 -0.0010246 0.0016558 0.0010246
0.0012289 0.019285 0.0012289 0.019285 0.0031822 0.14841 0.0041613 0.14841 -0.0076385 0.14187 0.017934 0.14187 -4.4752e-06 -0.0011741 4.4752e-06 0.0011741 0.024923 0.0050664 0.024923 0.0052143 -0.17019 -0.12486 0.20849 0.16828 -0.049001 -0.017784 0.59022 0.1653 -0.00082654 0.0010721 0.00094258 0.0030224 0.025 0.00015443 0.025 0.00070865 -0.12316 0.037526 0.17117 0.10183 -0.071269 0.00072512 0.47496 0.34599 -0.0097567 -0.00070647 0.0097657 0.0035969 0.0038158 -4.5494e-05 0.0038158 0.00016286 -0.01413 -0.0072329 0.034479 0.025571 -0.0050857 0.022367 0.084079 0.025755 -0.0034323 0.0007062 0.0034407 0.00071342
0.0059429 -0.00078479 0.0070113 0.0034958 0.0047944 0.0020643 0.020517 0.012722 -0.03194 0.018407 0.057481 0.022711 -0.0085993 0.0027601 0.008768 0.0031251 0.010465 0.0061454 0.023388 0.043607 0.16833 -0.021544 0.44456 0.54288 0.055402 0.058846 0.23376 0.28088 -0.12909 0.044983 0.13968 0.045544 -0.0016497 -0.018538 0.029248 0.04293 0.19232 -0.0031571 0.2774 0.29961 0.099674 -0.030178 0.16663 0.16786 -0.057478 0.021692 0.077377 0.036437 -0.00040796 -0.0017997 0.004099 0.0060075 0.029207 -0.025715 0.035426 0.043858 0.0050996 -0.002929 0.016643 0.0086813 -0.0035436 0.0015883 0.0069978 0.0043689
-0.0025108 -0.0022316 0.0079799 0.006094 0.01862 -0.018136 0.037432 0.048705 -0.020665 0.01636 0.054521 0.020917 -0.0061494 0.0026022 0.0062319 0.0027176 -0.026896 -0.02521 0.054923 0.056347 0.28979 -0.042019 0.45723 0.26424 0.01848 0.0013097 0.15277 0.10409 -0.18251 0.022682 0.18273 0.023788 -0.018018 0.0083776 0.041514 0.035409 0.23089 -0.0076728 0.29598 0.3521 0.043443 -0.11787 0.24607 0.36629 -0.12694 0.01084 0.12858 0.02374 -0.00089415 -0.0001055 0.0027869 0.0015673 0.028513 0.018442 0.029981 0.031723 -0.0050847 0.0068727 0.029316 0.018888 -0.0084639 0.00462 0.012208 0.0048542
0.0034474 -0.00090833 0.011115 0.0065844 -0.0053259 -0.030742 0.022617 0.037049 0.033376 -0.015679 0.036361 0.017507 -0.00038925 -0.00013923 0.00038925 0.00025696 -0.037995 -0.0047558 0.067758 0.026249 0.057605 -0.14166 0.22906 0.43941 0.24562 -0.10913 0.35715 0.22374 -0.0041063 -0.00040258 0.0044709 0.0011675 -0.013098 0.015555 0.051093 0.053581 -0.11161 0.12164 0.17539 0.28547 0.32579 0.059421 0.43451 0.13524 -0.0027926 -0.0006031 0.0027926 0.00069801 -0.00079754 -0.0025272 0.0040999 0.0032576 -0.002896 0.0084398 0.032019 0.023292 0.036403 0.0093998 0.050551 0.023724 -0.00029397 -9.762e-05 0.00029397 0.000151
-0.00043115 0.0008245 0.0024134 0.0026553 -0.0077255 0.0053928 0.020422 0.014721 0.0061203 0.0089912 0.012149 0.01522 -0.001205 0.0011545 0.0024448 0.0032559 -0.017106 -0.022312 0.026158 0.024549 -0.024732 0.036343 0.33328 0.47495 0.12629 0.045347 0.23249 0.34308 -0.0083973 0.0025185 0.019345 0.017273 -0.042476 -0.033071 0.044062 0.04856 0.33733 -0.14564 0.37525 0.39889 0.01738 0.0022304 0.03311 0.039092 -0.0015391 -0.0060965 0.009902 0.0099916 -0.0089744 0.0055635 0.011677 0.013151 0.01622 -0.030185 0.056248 0.054159 0.011844 -0.0577 0.051662 0.091806 0.00066203 -0.0026088 0.002665 0.0039827
0.0015271 0.0009646 0.0043346 0.0027223 -0.0069922 -0.00040823 0.036615 0.029047 0.033838 -0.011349 0.036423 0.012902 -0.00033854 0.00017008 0.00033854 0.00019532 -0.02354 -0.0049077 0.071539 0.033516 -0.10644 -0.093052 0.29453 0.1461 0.38852 -0.049839 0.4128 0.057744 -0.0023441 0.00083748 0.0023441 0.0012246 -0.050025 -0.00487 0.063191 0.046194 0.060826 0.080616 0.28978 0.42022 0.32146 0.099338 0.34319 0.10788 -0.0016623 0.00067764 0.0018585 0.0018211 -0.010753 0.0033423 0.013663 0.010233 0.045497 0.0021726 0.061698 0.046679 -0.0028279 -0.021784 0.023327 0.03652 -0.00015917 -0.00015689 0.00021545 0.00019006
-0.00060912 0.00011345 0.0025373 0.0055074 0.0054511 0.017504 0.024027 0.028375 -0.016706 0.0049392 0.038022 0.027891 0.0014274 0.001609 0.0040046 0.0036073 0.041429 -0.033883 0.086258 0.05633 0.035071 -0.072916 0.42116 0.39758 0.068608 0.18361 0.1839 0.29198 0.010665 0.01924 0.032634 0.03591 -0.038432 0.049627 0.072592 0.057126 0.35715 0.065377 0.50004 0.25118 0.0004329 0.038215 0.045429 0.084609 0.0041154 -0.00040536 0.016082 0.020024 -0.00061868 0.00026616 0.0012185 0.0011354 0.020002 0.0056508 0.091137 0.028199 -0.012575 -0.016416 0.014897 0.028735 -0.001093 -0.0023661 0.0026695 0.0077341
-0.0008255 -0.0015135 0.0049518 0.0051303 0.0019779 0.0078466 0.013683 0.038315 0.0039599 0.008259 0.020093 0.038996 0.0024807 -0.0010826 0.0030929 0.0093624 -0.025069 0.022843 0.043928 0.038035 0.1119 0.011917 0.28672 0.12667 -0.039813 0.019908 0.17777 0.17009 0.0062203 0.0043874 0.025559 0.03071 -0.0048333 -0.0018241 0.040329 0.062124 -0.029941 -0.042749 0.49091 0.3046 0.1035 -0.016225 0.30215 0.58998 0.0058712 0.0097323 0.033907 0.049697 0.00039741 0.00082907 0.00094378 0.0015661 -0.04337 0.044643 0.06403 0.063965 0.047929 0.040861 0.051017 0.04171 -0.00055351 0.0016392 0.0012119 0.0021461
0.0029041 -0.0018829 0.0045109 0.004085 -0.002428 0.017521 0.017718 0.041663 -0.0044401 0.021373 0.025534 0.064076 0.0014062 0.0050632 0.0097926 0.013401 0.018402 -0.024604 0.033929 0.085837 0.17311 0.025883 0.31894 0.30907 -0.14619 0.19491 0.29937 0.41151 -0.019657 0.020402 0.077505 0.093666 -0.0083305 0.031673 0.037909 0.059891 0.30024 0.051552 0.41922 0.14951 -0.15286 0.02002 0.22562 0.16454 0.031582 -0.004636 0.053709 0.093046 0.0001543 0.0061437 0.0091144 0.0068829 0.033593 -0.013752 0.06446 0.060509 0.0022183 0.0021883 0.0074815 0.0052452 -0.0022087 0.0035332 0.0067603 0.0052119
-0.00033302 -0.0017194 0.0014866 0.0049989 -0.028273 -0.0037524 0.033504 0.083057 0.015982 0.040265 0.02725 0.058535 -0.0019831 0.010407 0.0033165 0.011019 -0.068136 -0.011149 0.072341 0.034743 0.24476 0.011852 0.37412 0.50257 -0.023405 0.10715 0.10188 0.30585 0.0024585 0.0083207 0.015508 0.046027 -0.019319 -0.031161 0.062197 0.080021 0.30559 -0.056267 0.32576 0.39446 -0.011907 -0.070064 0.071713 0.09769 -0.0051807 -0.0085987 0.013196 0.034167 -0.00013467 0.0019552 0.0079957 0.0054632 0.002722 0.0082619 0.02984 0.051521 0.01346 -0.039863 0.028764 0.071544 -0.00094939 -0.0042344 0.0074096 0.009435
-0.00013582 0.00033664 0.00016963 0.00033664 -0.001248 0.0029369 0.0037827 0.0052867 -0.011924 0.02431 0.012134 0.024319 -0.00561 0.012338 0.0057017 0.012357 0.0005144 -0.012237 0.0024233 0.013881 -0.14122 -0.060644 0.43175 0.41758 0.21377 -0.13309 0.25249 0.162 0.0016367 -0.0059986 0.026643 0.022544 -0.00033741 -0.03707 0.024069 0.063163 0.078008 -0.012209 0.30825 0.33711 0.17382 0.16625 0.31444 0.27037 -0.0011868 0.014205 0.023482 0.023896 0.00068164 0.0041358 0.0048908 0.006831 0.032172 0.027902 0.038842 0.050386 -0.00077936 0.0006826 0.021427 0.011044 -0.0071145 -0.0031358 0.0089906 0.0053631
-0.0024492 -0.0015526 0.0044128 0.0034395 -0.0084297 0.0043587 0.032142 0.073537 0.010624 0.029581 0.023321 0.043588 -0.0012908 0.0039571 0.0035616 0.011128 -0.036638 -0.0316 0.05108 0.053366 0.27346 -0.0094351 0.47593 0.54322 -0.033202 0.038274 0.11721 0.27494 0.0015193 0.022744 0.013527 0.048287 0.0041471 -0.016341 0.043149 0.055562 0.21758 -0.048683 0.33442 0.25404 0.066105 -0.10647 0.11284 0.1243 -0.016035 -0.029635 0.024429 0.030791 0.0034048 0.0018566 0.0041238 0.0029217 -0.019354 -0.0078426 0.02847 0.020462 0.024169 -0.015706 0.086929 0.049101 -0.0031344 -0.0032746 0.007705 0.013337
-0.0047594 -0.00068101 0.0077637 0.0090242 0.029711 -0.0028204 0.071879 0.03154 0.023393 -0.0093483 0.03198 0.0106 -0.00047719 -4.2676e-05 0.00047719 4.2676e-05 0.0052756 0.025736 0.013134 0.089104 -0.032259 0.078466 0.2009 0.21337 0.35166 -0.083949 0.39812 0.1147 -0.0023528 -0.00055966 0.0029177 0.0010114 -0.0018296 -0.0094363 0.022202 0.031704 -0.24173 -0.013353 0.2651 0.1597 0.43684 0.066974 0.46811 0.092598 -0.0014155 -0.00037904 0.0014155 0.0011403 0.00011393 -0.001626 0.0045696 0.0048229 -0.0063184 0.0020221 0.042864 0.040265 0.042227 0.0093567 0.046815 0.011124 -0.00029979 -4.5127e-05 0.00029979 4.5127e-05
0.0011213 0.00069988 0.0016854 0.0014361 -0.0086835 -0.063316 0.064142 0.071551 0.027063 -4.3667e-05 0.057572 0.026715 -0.00043199 -4.8098e-05 0.00043199 7.146e-05 -0.04837 -0.033007 0.058372 0.079194 0.12979 -0.076352 0.34408 0.32978 0.23341 -0.11262 0.31692 0.1823 -0.0030579 -0.00061523 0.0030579 0.00079888 -0.041864 -0.013079 0.052251 0.028806 0.18362 0.1961 0.3617 0.38058 0.24273 0.136 0.25404 0.14786 -0.0019775 -0.0008348 0.0019775 0.0008615 0.0044028 0.014594 0.0049161 0.015136 0.007401 0.0096523 0.0094957 0.015051 -0.00088645 -0.003916 0.0014573 0.0040432 -0.00033363 -0.00038326 0.00033363 0.00038326
-0.01225 -0.0023166 0.012494 0.0026714 -0.0036281 0.018877 0.025833 0.029378 0.016371 0.003327 0.043625 0.054094 -0.0010199 -0.0060207 0.0082404 0.015195 -0.039199 -0.0091404 0.067042 0.017659 -0.040212 0.018304 0.20075 0.18381 0.2513 0.15744 0.3489 0.39936 0.010088 0.025265 0.045345 0.052694 -0.011646 -0.0042823 0.071586 0.016129 0.051409 0.050492 0.2118 0.24433 0.19677 -0.098954 0.43077 0.39879 0.0077303 -0.0023018 0.027618 0.021572 -0.002396 -0.00045752 0.010753 0.0025088 0.0075027 -0.014936 0.026966 0.042734 -0.026945 -0.018691 0.10712 0.097665 0.0059419 -0.0030658 0.0088127 0.016722
-0.0052917 9.9862e-05 0.0086335 0.0083497 0.021219 -0.0060437 0.067826 0.029393 0.033489 -0.0076092 0.041543 0.0095822 -0.00050381 -8.0412e-06 0.00050381 8.5629e-06 0.0068863 0.015586 0.019159 0.091662 -0.031622 0.053101 0.2168 0.1985 0.35456 -0.10284 0.39396 0.10831 -0.0028893 -0.00072023 0.003775 0.0010708 -0.0091806 0.00056823 0.037885 0.055531 -0.20914 -0.0005306 0.30271 0.2007 0.42735 0.074645 0.45072 0.095156 -0.0023486 -0.00063444 0.0023486 0.00116 0.0012239 -0.00076011 0.0053566 0.0046092 0.0037989 0.0064995 0.058953 0.039826 0.032914 0.0041695 0.037074 0.0058119 -0.00029957 -1.0675e-05 0.00029957 1.0675e-05
-0.0032799 -0.0039946 0.010675 0.0056151 0.032564 -0.020965 0.033705 0.02529 -0.0013428 0.0021817 0.0019705 0.002594 -0.0006122 0.00023913 0.0006122 0.00034573 -0.0065188 -0.024205 0.039757 0.041691 0.31438 0.0116 0.45334 0.12736 -0.0056393 -0.0058819 0.013819 0.010848 -0.0020055 -0.00040302 0.0020055 0.001399 -0.0031046 0.044615 0.089537 0.065052 0.24477 -0.091398 0.36089 0.25298 -0.06161 -0.23831 0.40693 0.3892 -0.0025707 -0.00041706 0.0026172 0.0015761 -0.010816 0.0028555 0.012068 0.0059744 -0.0097282 0.028807 0.055784 0.062924 0.030901 0.046367 0.03413 0.066936 -0.0021678 -0.00095265 0.0021776 0.00098095
-0.0040445 0.00088972 0.0070776 0.0073086 0.043235 -0.020759 0.045169 0.026069 -0.0010689 0.0019911 0.0017395 0.0028323 -0.00037006 7.6912e-05 0.00037006 0.00022809 0.012274 -0.011186 0.042621 0.036793 0.28095 0.018895 0.43935 0.15894 -0.0098296 -0.0018881 0.020223 0.020335 -0.0014674 -0.00098104 0.0016865 0.0011699 -0.030145 0.0303 0.078769 0.074359 0.22797 -0.059393 0.41163 0.30959 -0.058453 -0.23985 0.34295 0.40523 -0.0032149 0.00032976 0.00332 0.0032924 -0.0057719 0.00083063 0.010224 0.010231 -0.014858 0.026661 0.049239 0.056748 0.028613 0.043317 0.041611 0.066962 -0.00084462 -0.0003627 0.00086182 0.0003884
-0.007212 0.0011051 0.012066 0.0057254 0.019082 0.0062728 0.066334 0.058915 0.028871 -0.0075756 0.037657 0.0085128 -0.00041286 -2.3175e-05 0.00041286 2.6253e-05 0.007408 -0.0068714 0.033207 0.07169 -0.061194 0.10707 0.22967 0.24469 0.35203 -0.11182 0.37586 0.11326 -0.0021088 -0.00058555 0.0029401 0.0013902 0.014072 0.013727 0.06775 0.067962 -0.25036 -0.026931 0.25896 0.13729 0.42058 0.10774 0.44564 0.11227 -0.0032925 -0.00071582 0.0033561 0.001113 -0.0016681 -0.0038838 0.0051638 0.0057061 0.0022195 -0.0017842 0.047476 0.025502 0.033878 0.0042309 0.039618 0.0064127 -0.000818 -0.0001369 0.000818 0.0001369
0.00098293 0.00029615 0.0038707 0.0044214 0.015787 -0.01454 0.027367 0.019655 -0.0039249 0.002585 0.0039249 0.0028509 -0.0013309 0.00029702 0.0013309 0.00029702 -0.022646 -0.012321 0.036228 0.03776 0.32961 -0.085092 0.42387 0.19797 -0.031612 0.012253 0.031612 0.020432 -0.040783 -0.022579 0.040783 0.0246 -0.025606 0.052852 0.07267 0.064231 0.017547 0.095356 0.49634 0.37844 0.062829 -0.1227 0.31274 0.24464 -0.11076 -0.076976 0.11081 0.077301 0.0051635 -0.0066597 0.0083747 0.012769 -0.0047438 0.00081848 0.030784 0.016362 -0.092985 -0.068348 0.093135 0.068571 0.00013775 -0.00015858 0.00014534 0.00016617
