8.4105e-05 -0.0050945 0.0043141 0.0069207 -0.0031081 0.0085377 0.032678 0.01771 0.0067351 0.037144 0.015244 0.042527 -0.0001429 -0.00053791 0.001659 0.0042906 -0.0041929 0.011564 0.013587 0.029417 0.36955 0.14823 0.41244 0.29383 -0.23424 0.082785 0.23827 0.11191 -0.00091943 -0.0057508 0.021763 0.014211 0.0057057 -0.0020707 0.008456 0.011854 0.27059 -0.1402 0.30897 0.17461 -0.17489 -0.055475 0.28655 0.3183 -0.025362 0.0080846 0.038585 0.019897 -0.00036013 -0.00054664 0.0020156 0.0010644 0.018033 0.006904 0.028823 0.016674 -0.0083766 -0.024366 0.065512 0.04233 0.0026161 0.00079771 0.0061616 0.0029415
0.0024727 0.0039544 0.0030025 0.0050526 -0.0010088 -0.018197 0.022684 0.029613 0.0015648 -0.0069066 0.012111 0.018441 0.00072256 0.0011126 0.0010877 0.0013159 0.014152 -0.0051462 0.021529 0.041504 0.17407 0.20218 0.37499 0.3705 -0.12741 0.071463 0.23806 0.16219 0.012492 3.6526e-05 0.016688 0.015029 0.0071361 -0.001393 0.0099394 0.0075594 0.28707 -0.13059 0.34853 0.21123 -0.29258 0.010198 0.36247 0.22029 0.011782 -0.013 0.027578 0.030861 0.0011755 -0.00015285 0.0017708 0.00098507 0.031371 -0.0048177 0.04268 0.012993 -0.02513 -0.016716 0.057837 0.023705 -0.00028146 4.1492e-05 0.0020564 0.0016975
-0.001175 8.0225e-05 0.0019224 0.0010948 0.027408 -0.011946 0.055315 0.020112 -0.025216 0.015389 0.03353 0.035553 -0.0019924 0.0019208 0.0033403 0.0042604 -0.0033359 0.0012238 0.014846 0.012318 0.18984 -0.034432 0.28217 0.28145 -0.10729 -0.012535 0.34033 0.29198 -0.01376 -9.5909e-05 0.040068 0.028606 0.0051073 -0.0074005 0.014058 0.010363 0.1727 0.008059 0.43259 0.33406 -0.17794 -0.13073 0.32355 0.30102 0.012222 -0.00035786 0.024801 0.023179 0.00034433 0.0006869 0.0013383 0.0031053 -0.0021353 0.017461 0.054924 0.044717 -0.0039407 -0.0088616 0.016614 0.02085 0.00064083 0.00069667 0.0043416 0.0038109
0.0026408 0.0041225 0.0027995 0.0042149 0.0088472 0.0015935 0.021742 0.021907 0.0080306 0.0025007 0.018541 0.015972 -0.0015185 0.00060514 0.0027847 0.0021132 0.017848 -0.018506 0.026577 0.023659 0.20837 0.10078 0.26098 0.24819 -0.16093 0.12728 0.31567 0.24132 0.0285 0.039833 0.04361 0.05832 0.035354 -0.012994 0.04296 0.019232 0.18459 -0.16432 0.261 0.30199 -0.021308 -0.16898 0.32395 0.47295 0.074416 -0.0026336 0.11651 0.054148 0.014691 -0.0029664 0.014733 0.003588 0.005769 0.0028339 0.012192 0.017888 0.0057407 -0.011486 0.012207 0.017434 0.0020987 -0.0021521 0.0035803 0.0045249
0.0070833 0.0026851 0.0074582 0.0044491 -0.009911 0.016106 0.021888 0.025345 -0.015313 -0.0064217 0.031705 0.03655 7.4483e-05 -0.001562 0.0013475 0.0028407 0.039785 -0.018558 0.042739 0.024169 -0.15159 -0.26343 0.29644 0.3247 0.24611 0.053015 0.30993 0.3121 -0.010221 0.027389 0.018821 0.03574 -0.0021983 0.019719 0.010161 0.024602 0.017863 0.17671 0.10143 0.21207 0.30645 0.088771 0.43343 0.24831 -0.042803 -0.0007956 0.046215 0.036773 0.0013725 -6.058e-05 0.0020071 0.0012975 0.0035048 -0.0051444 0.011572 0.0087723 0.012407 -0.0094909 0.022263 0.024278 -0.0015104 0.0063768 0.0073079 0.013588
-0.00023995 0.004761 0.01154 0.005327 -0.036171 -0.0081923 0.039932 0.04524 0.0042163 -0.0093423 0.016526 0.0233 8.8328e-05 0.00027946 0.0012372 0.0015308 -0.014629 -0.028048 0.083586 0.052183 -0.29435 -0.15596 0.29905 0.25055 0.24908 -0.047835 0.32785 0.25467 0.0035041 0.0028233 0.030557 0.01896 -0.0051539 -0.022176 0.034485 0.034258 -0.183 0.14587 0.30035 0.32628 0.2165 -0.0074953 0.30054 0.29169 -0.0022593 -0.01484 0.021793 0.035269 0.0002772 0.00014897 0.0062741 0.0072691 -0.010659 -0.0094842 0.022017 0.017308 -0.0082589 0.024393 0.022189 0.033712 0.0010259 0.0013795 0.00235 0.0051438
0.0019058 -0.0020175 0.0058064 0.0068112 -0.019061 -0.02311 0.06828 0.065456 0.013682 -0.056645 0.0421 0.063756 0.0034777 -0.007365 0.0070537 0.0080878 0.0052314 0.012706 0.012627 0.026337 0.13071 0.019816 0.42817 0.29946 -0.042977 0.25832 0.25903 0.43569 -0.0063824 0.0069712 0.048755 0.042918 0.012419 -0.01326 0.02012 0.026993 0.15969 -0.03139 0.42235 0.17312 -0.0090539 -0.038915 0.28469 0.17158 -0.0044357 0.002232 0.027881 0.015122 0.0030356 0.010468 0.0099272 0.019037 -0.012892 0.018182 0.059804 0.048925 0.014122 0.00079966 0.044945 0.025077 -0.00019041 -0.000544 0.002109 0.0015249
0.0016031 0.0002896 0.004503 0.0091322 -0.012054 -0.063521 0.035402 0.072785 0.00045233 -0.04644 0.023717 0.058476 -0.00069748 0.00089348 0.0055676 0.0039558 -0.0021153 -0.016769 0.032319 0.054953 0.0063744 0.13327 0.34966 0.38337 0.11201 0.24617 0.24099 0.37367 -0.0086472 0.0062547 0.026758 0.015679 0.010354 -0.00047999 0.015985 0.02435 0.20633 -0.12616 0.4643 0.22697 -0.0036071 -0.098126 0.22624 0.14453 0.0024404 0.0022284 0.037685 0.037449 0.00037276 -0.00066736 0.0024627 0.0038616 -0.014722 0.025703 0.036993 0.034001 0.0354 -0.013375 0.045976 0.039783 -0.001794 0.00031216 0.0048379 0.0029104
-0.0013207 0.00026538 0.0029313 0.0023534 0.00019777 -0.001942 0.016301 0.012187 -0.00011747 -0.011337 0.014916 0.020921 0.00076217 -0.0020438 0.0024944 0.002465 -0.012683 0.01309 0.017048 0.018185 0.10069 -0.019296 0.20852 0.15366 -0.042369 0.23404 0.52916 0.37182 -0.0146 0.019922 0.025663 0.034203 -0.01116 -0.022203 0.030984 0.034629 0.11436 -0.0076202 0.29208 0.21783 0.05284 -0.16567 0.3896 0.31393 -0.011402 0.0057251 0.074986 0.020139 -0.0027801 0.00085582 0.0043375 0.0044043 0.0066418 -0.0075932 0.031251 0.023159 0.021189 -0.012498 0.062993 0.034533 -0.0033194 0.0022204 0.0048657 0.0045455
0.00046587 -0.0020504 0.0013615 0.0025056 0.012063 0.027006 0.025627 0.034532 -0.015952 -0.029504 0.030931 0.031859 -6.8099e-05 -0.0031462 0.002087 0.0040283 0.0072098 0.00049546 0.012891 0.012121 -0.036913 -0.26898 0.24728 0.34676 0.17829 0.061654 0.40902 0.33641 -0.015023 0.027059 0.025034 0.032514 0.0010801 0.013497 0.013871 0.020015 0.022584 0.16366 0.097425 0.2166 0.28533 0.079518 0.3954 0.28664 -0.049639 0.0046592 0.054249 0.04353 -3.8222e-05 0.0009141 0.0012449 0.0024219 0.0069723 -0.0028276 0.014843 0.010683 0.011875 -0.0081969 0.025852 0.021676 -0.0029205 -0.0029532 0.011536 0.0054386
2.7058e-05 -0.0012834 0.0033614 0.0034112 -0.0004584 -0.014708 0.030505 0.04707 -0.0024767 0.014608 0.01699 0.027667 0.0022042 0.001395 0.0039177 0.0019963 -0.002732 -0.0092442 0.02172 0.016794 -0.0026926 -0.11494 0.39065 0.64427 0.020346 -0.045308 0.27892 0.24605 0.019355 -0.0010915 0.024079 0.015416 -0.00035425 0.0025322 0.026232 0.015586 -0.058641 0.10191 0.20296 0.18058 0.096822 0.0028146 0.27639 0.17244 0.020311 0.00098002 0.029499 0.018731 0.00096358 -0.01511 0.0023476 0.015153 -0.0069181 -0.12471 0.021473 0.12481 -0.0056475 -0.12788 0.014345 0.12788 0.00047255 -0.019999 0.0013419 0.019999
0.00042383 -0.0045281 0.004517 0.0070291 0.0072222 0.0023073 0.052207 0.05106 -0.013297 0.015165 0.045274 0.033064 0.0026688 0.0034052 0.0082668 0.0083698 -0.031849 0.00055273 0.038522 0.022717 0.41922 0.044752 0.48918 0.1518 -0.19446 0.076222 0.44991 0.20843 0.0016828 -0.006053 0.012393 0.017814 -0.020074 -0.0017646 0.024886 0.025756 0.13103 -0.13641 0.23676 0.21304 0.011533 -0.21913 0.11737 0.22965 -0.0027916 0.00039853 0.011926 0.015828 0.0008103 0.0015606 0.0018726 0.0031167 0.0078195 0.021896 0.015681 0.022002 0.0088676 0.02901 0.015872 0.035155 -0.0025779 -0.0041245 0.0027806 0.0047559
0.00353 -0.002796 0.0049592 0.0054666 0.016442 -0.010874 0.064249 0.042147 -0.032294 0.012485 0.046205 0.021732 0.0023003 -0.0012176 0.0036616 0.004824 0.016285 0.0028445 0.035385 0.016471 0.19001 0.084392 0.34136 0.3222 -0.21715 0.0084617 0.4323 0.113 0.027789 0.010464 0.044528 0.051456 0.005374 0.0058882 0.033554 0.034783 0.23182 -0.076251 0.31366 0.33019 -0.17624 0.10269 0.26615 0.28452 0.0016303 -0.0047637 0.028037 0.026345 0.000843 -0.0031491 0.0024971 0.0040206 0.027152 -0.01336 0.043726 0.02562 -0.021893 -0.034971 0.036044 0.035201 0.0004457 -0.0020873 0.0012465 0.0022633
0.0029076 -0.0051112 0.0039303 0.0070925 -0.063883 -0.030306 0.081496 0.08661 0.022332 0.048651 0.048382 0.081952 -0.0024347 0.007796 0.011258 0.012311 -0.0066136 -0.03953 0.035383 0.048947 -0.15636 -0.2334 0.19067 0.30227 0.31867 -0.062351 0.47152 0.22125 -0.014117 -0.021709 0.036504 0.04025 0.0047463 0.011111 0.018688 0.035408 -0.047828 0.23724 0.070358 0.24383 0.13435 0.06831 0.27173 0.38715 -0.015935 -0.025996 0.027041 0.039989 -6.849e-05 -0.00061214 0.001944 0.0020679 0.0003807 0.0073514 0.015127 0.0173 -0.0079689 -0.017277 0.017325 0.023287 -0.0025329 0.00048721 0.0031943 0.0033866
0.0019909 0.0021908 0.003708 0.0025807 -0.0013321 0.0088663 0.020516 0.017448 0.008821 -0.013324 0.023318 0.023186 0.0015755 -0.0050392 0.0038541 0.0067374 0.00046188 -0.0086692 0.01385 0.011255 -0.12556 -0.08925 0.20551 0.14954 0.26597 0.08968 0.36549 0.2084 -0.016577 0.05401 0.030257 0.069667 0.011064 -0.00057188 0.02247 0.016462 -0.011962 0.22011 0.3087 0.30195 0.080322 -0.15623 0.44347 0.38746 0.030041 -0.037721 0.057415 0.10228 -0.0031473 -0.0020198 0.0040141 0.0027184 0.012802 -0.064674 0.051069 0.065392 -0.0068565 0.0045483 0.048486 0.029555 0.00039886 -0.002013 0.0019886 0.0022232
-0.0014281 0.0019167 0.0036728 0.003083 -0.0049427 -0.0018392 0.042431 0.02525 -0.0065163 -0.0023045 0.011586 0.008292 0.003583 -0.0018543 0.0060497 0.0033363 0.0073201 -0.016514 0.023782 0.03053 0.010844 -0.0083814 0.26724 0.26702 -0.062307 0.047206 0.19616 0.2447 0.0090585 0.021717 0.036651 0.049645 -0.021432 -0.0054406 0.034089 0.022412 0.38508 0.028304 0.46934 0.18967 -0.21548 0.09741 0.45466 0.25686 0.0069161 -0.004577 0.024939 0.017916 -0.0039447 0.00025531 0.0047975 0.0029344 0.023941 -0.02678 0.033849 0.036187 -0.0021902 -0.033638 0.014593 0.036792 -0.0011285 -0.0014656 0.0014228 0.0031647
0.00042888 -0.0024392 0.0069843 0.0034689 0.025991 -0.002111 0.04782 0.038217 -0.031648 0.019653 0.054544 0.023268 0.0014017 -0.0013112 0.0028472 0.0039797 0.019559 -0.0045796 0.034367 0.018444 0.35417 -0.0018184 0.49712 0.13245 -0.21189 0.096892 0.46341 0.19732 -0.013312 0.00030988 0.017732 0.021381 0.018726 0.0072557 0.046471 0.027502 0.18686 -0.069051 0.29013 0.17911 -0.10912 -0.18062 0.17075 0.23424 -0.0032722 -0.012212 0.012882 0.018843 -0.0012827 -0.001811 0.0021623 0.0020342 0.0045236 -0.0042855 0.015402 0.016984 -0.00083396 0.00057821 0.019952 0.010397 0.002408 0.0014125 0.002825 0.0029765
0.0016695 -0.0045954 0.0052955 0.0054205 -0.070119 0.00055977 0.080569 0.058062 0.0046948 -0.027603 0.025979 0.033528 0.0029272 -0.001824 0.0039854 0.0030776 0.020797 -0.019194 0.052785 0.038781 -0.26923 -0.12994 0.37958 0.4501 -0.012625 0.11106 0.35769 0.30508 0.016662 0.061128 0.03143 0.07074 -0.0077878 -0.040646 0.044063 0.045561 -0.097473 -0.10953 0.15184 0.21145 0.22793 0.015827 0.34451 0.15085 0.011622 -0.011994 0.036198 0.036698 -0.0021895 0.0033407 0.0028954 0.005121 -0.0075779 0.020028 0.016212 0.027356 0.039488 0.0096624 0.042445 0.035773 -0.00034417 -0.0035474 0.0025296 0.0043352
-0.0059769 0.001034 0.007039 0.0052119 0.0059288 -0.0095751 0.0094375 0.024169 0.011516 -0.0014747 0.021865 0.018366 0.00091711 0.00051403 0.0059786 0.0047613 -0.038855 0.022164 0.043451 0.032529 0.18396 0.075875 0.26542 0.19527 0.055458 0.19331 0.15925 0.3319 -0.027384 0.012255 0.034365 0.036339 -0.015412 -0.043052 0.027011 0.050566 0.16436 -0.06472 0.23612 0.47766 0.25907 0.031847 0.38894 0.33803 -0.033076 0.021447 0.037759 0.024856 0.00022197 0.003285 0.0018257 0.003702 0.0063041 0.0089049 0.010329 0.016007 0.022967 -0.042867 0.050044 0.046124 0.00032019 -0.0087696 0.0058236 0.014301
-0.00053336 -0.00047391 0.0053833 0.0042822 0.0084593 -0.016987 0.051337 0.031325 -0.0059916 0.0015005 0.036009 0.043107 -0.0012912 0.00088183 0.0079972 0.0043591 -0.013215 -0.0028979 0.026553 0.042799 0.19687 -0.0067949 0.39422 0.19077 -0.16798 -0.021494 0.38231 0.30079 0.017401 -0.0013152 0.04331 0.025227 -0.010137 -0.013052 0.029556 0.032903 0.22796 -0.013557 0.2919 0.22597 -0.14604 0.013731 0.42952 0.27752 -0.014472 0.0040427 0.035021 0.037277 -0.00024803 0.00063838 0.0033658 0.0035507 0.0021695 0.0033632 0.023522 0.022769 0.013404 -0.046308 0.077182 0.072337 -0.00091984 0.0021734 0.005028 0.0080899
0.0013381 -0.0022103 0.0014903 0.0034435 -0.011857 0.0060167 0.022495 0.013002 0.0058312 0.039037 0.018034 0.040638 -0.0015206 0.0058407 0.003835 0.0062211 0.0056194 0.0082565 0.014957 0.023008 -0.0089128 -0.0020315 0.15752 0.2743 0.083662 -0.028704 0.39736 0.28529 -0.046532 -0.019909 0.066568 0.038752 -0.00746 0.0014733 0.032702 0.031821 -0.13012 -0.091535 0.255 0.19495 0.18544 0.024267 0.64753 0.20224 -0.0078563 0.0063684 0.037857 0.03058 -0.0034049 -0.0031648 0.0053291 0.0039085 0.0058233 -0.012723 0.037589 0.033201 0.023604 0.0007087 0.068102 0.05141 -0.0071646 -0.0012625 0.0094473 0.0053548
-0.00011384 0.0027498 0.0013955 0.0033666 0.0060694 0.028522 0.02807 0.053124 0.036023 0.036026 0.069268 0.043107 -0.003745 -0.0014271 0.0050769 0.0045578 0.0044671 -0.0028611 0.0075833 0.012819 0.034344 -0.021592 0.084239 0.074881 0.1838 -0.14612 0.4635 0.44031 -0.036139 0.0023084 0.037566 0.013661 -0.0021005 -0.00032013 0.021553 0.0095508 -0.016804 -0.022432 0.088719 0.10285 0.15042 -0.045569 0.58986 0.32544 0.0046633 -0.0031657 0.027761 0.025655 0.00064837 0.0020158 0.0033485 0.002389 0.024172 0.013974 0.038647 0.018279 -0.019399 -0.0038147 0.041952 0.015546 0.0026886 -6.6882e-06 0.0045964 0.002693
-0.0053857 0.0065243 0.016525 0.0086034 0.008579 0.030158 0.04185 0.042058 -0.0046813 0.0063666 0.035407 0.038805 6.4769e-05 -0.0013697 0.0047202 0.0031626 -0.0046576 -0.014568 0.05212 0.037559 0.32317 0.032128 0.37142 0.17546 -0.22754 0.042437 0.39093 0.17674 -0.04159 0.01978 0.047376 0.027145 -0.0002982 -0.0011898 0.017283 0.017185 0.22945 -0.032024 0.34178 0.19926 -0.23922 -0.1081 0.37008 0.2134 -0.010856 -0.019879 0.025934 0.030115 -0.00011191 -5.0429e-06 0.001668 0.0016224 -0.0043705 -0.0035566 0.023197 0.019136 -0.0159 -0.038187 0.034157 0.045381 -0.0097542 -0.016456 0.0098511 0.016537
0.0009221 -0.0053652 0.0028764 0.0062537 0.012825 0.0013212 0.02877 0.057963 0.0038886 0.0097112 0.030649 0.030451 -0.0010863 0.0043407 0.0023052 0.0058274 0.010127 -0.0034688 0.035384 0.040576 0.24076 0.046473 0.29259 0.271 -0.064301 0.11633 0.412 0.35234 0.0037733 -0.017709 0.019164 0.032359 0.0077627 0.040714 0.036876 0.060298 0.15984 0.0018996 0.33914 0.24598 0.0688 -0.087474 0.25293 0.38477 -0.044845 0.03474 0.09362 0.073738 0.00036024 0.003575 0.011902 0.012096 -0.020847 0.0043993 0.041146 0.071188 -0.0022833 -0.01256 0.0088893 0.022747 0.0021294 -0.0068946 0.0047949 0.0092169
0.00018216 0.00088645 0.0027432 0.0026594 0.0067541 0.00092636 0.020467 0.022139 0.0034558 -0.026023 0.039302 0.052827 -0.0044 4.2703e-06 0.0075442 0.0070055 0.033759 -0.0078489 0.04862 0.03157 -0.15923 -0.17644 0.21626 0.25154 0.20281 0.018161 0.51108 0.23186 -0.052754 -0.016474 0.070031 0.046535 -0.00085968 -0.014007 0.036131 0.062176 0.03339 0.054629 0.18576 0.33127 0.12122 -0.096338 0.42413 0.30113 -0.045462 0.0062507 0.051181 0.044613 -0.0031091 0.0012536 0.0057853 0.0029407 0.0036789 -0.0044226 0.013047 0.016097 0.0014223 0.0034102 0.021948 0.015402 0.0021319 0.00047289 0.0040552 0.0019985
0.0034392 0.00057532 0.0044313 0.0042817 -0.0096015 -0.014416 0.022277 0.032262 -0.0060803 0.0040939 0.024417 0.023812 0.00032645 -0.0022537 0.0026052 0.0033881 -0.0026864 -0.016426 0.021822 0.025348 0.11058 -0.055314 0.23322 0.20703 0.059858 0.039752 0.56795 0.33356 -0.0054992 0.0051436 0.027589 0.022322 -0.027947 -0.0040127 0.028957 0.022544 0.076261 0.054635 0.20495 0.13714 0.16296 0.048569 0.54169 0.20221 0.027803 0.015803 0.035576 0.031698 -0.0046339 0.002608 0.0054795 0.0042186 0.027372 -0.0058452 0.033376 0.017184 0.0051122 -0.022543 0.025349 0.029691 -0.00061585 -0.0019923 0.0025385 0.0023014
0.00028742 0.001365 0.0036916 0.0036185 0.0054307 0.0034973 0.019009 0.023423 0.0015051 0.023196 0.015104 0.02642 -0.0036924 0.0055945 0.0039575 0.0069543 0.025117 -0.011501 0.065498 0.033998 -0.049814 -0.23622 0.21543 0.32579 0.12752 -0.061086 0.52729 0.31269 -0.055014 -0.027652 0.062323 0.04477 -0.030077 0.0169 0.059876 0.035453 0.029906 0.084955 0.11586 0.33666 0.092989 -0.064752 0.38213 0.26276 -0.030921 0.0090159 0.044302 0.035618 -0.00097427 -0.00014624 0.0062902 0.0036313 -0.005349 0.0075106 0.017774 0.012923 0.0079678 0.00048392 0.030213 0.011866 0.0029187 0.0023679 0.0076275 0.0054056
0.00054595 0.001655 0.0013314 0.0018985 0.0046218 0.0049607 0.015617 0.0097521 0.0089256 0.015041 0.046548 0.027113 -0.003463 -0.0029082 0.0073594 0.0052269 0.012514 0.0047931 0.024045 0.030543 -0.11686 -0.12876 0.21576 0.33154 0.2007 0.0049759 0.45192 0.2966 -0.038058 -0.0093381 0.064527 0.02832 -0.0027677 -0.012194 0.0468 0.045731 0.080539 0.023378 0.27714 0.28686 0.012435 0.014535 0.42817 0.31765 0.0084045 0.0016133 0.025754 0.024494 -0.003002 -0.0018474 0.0054015 0.0030479 0.024237 -0.002412 0.041933 0.016513 0.0058124 -0.018227 0.077524 0.056973 -0.0030908 0.0031202 0.0062603 0.007066
0.002712 -0.0019767 0.0038752 0.0040562 -0.015662 0.009864 0.031567 0.016721 0.012111 0.011907 0.040346 0.028649 -0.0010906 -0.00043602 0.0026234 0.0014744 -0.0028591 -0.0028921 0.017699 0.012016 -0.065072 -0.043124 0.23753 0.17539 0.10405 0.10688 0.48132 0.36552 0.0022545 0.00051354 0.0094429 0.015957 0.0012152 -0.0033756 0.012985 0.017738 0.051288 -0.018791 0.34263 0.2977 0.1276 -0.0057711 0.333 0.40733 -0.02757 0.041383 0.034978 0.044463 -0.0031028 0.005017 0.0055807 0.0058395 0.015333 0.002592 0.036812 0.018403 0.034419 -0.015921 0.040232 0.021083 -0.0028828 -0.0029896 0.0095888 0.0053862
-0.00023499 -0.00032426 0.002407 0.0035273 -0.0079623 -0.0078392 0.016877 0.026418 0.015329 0.0040693 0.060584 0.019755 0.00021768 -0.0011932 0.0023768 0.002964 -0.015404 0.014796 0.045607 0.02913 -0.062363 0.022277 0.11166 0.095036 0.15151 -0.068262 0.45028 0.41291 -0.02222 0.011037 0.033004 0.029925 0.020976 -0.0045163 0.057143 0.036615 -0.099609 0.031826 0.14908 0.17639 0.20489 0.10005 0.42825 0.48879 -0.028498 0.015041 0.040833 0.056667 0.0059903 -0.0052028 0.0086842 0.0068151 -0.016761 0.0012782 0.043036 0.03533 0.035224 -0.014791 0.067266 0.048999 -0.0073577 -0.00082701 0.009984 0.012463
0.0016785 0.0088687 0.0052102 0.0094023 0.026712 0.043219 0.055995 0.053357 -0.011746 0.0095205 0.03558 0.037816 0.00086854 -0.0010199 0.0047621 0.0028498 0.03248 -0.019068 0.056926 0.029833 0.047185 -0.14573 0.20919 0.25357 0.02268 -0.086785 0.44268 0.26632 0.018702 0.016966 0.047418 0.043523 0.061317 0.00056518 0.083131 0.05279 -0.2003 -0.0027857 0.23554 0.19737 0.31943 -0.021873 0.48753 0.273 0.021444 -0.0062763 0.034583 0.034593 0.017563 -0.0065482 0.017576 0.0066115 0.0021155 0.0093716 0.02133 0.029173 0.015557 0.037134 0.020738 0.040319 0.00065642 0.00017271 0.0055997 0.0063525
-0.0030244 0.0093506 0.0059192 0.010007 0.010496 0.032282 0.031595 0.052184 0.0058256 0.0043701 0.016267 0.019014 -0.00078901 0.001316 0.0017172 0.0027903 -0.03956 -0.00075157 0.058171 0.050351 0.090335 -0.071429 0.41787 0.28292 -0.034069 0.10006 0.20527 0.26399 -0.0072973 0.012166 0.021444 0.036751 -0.070196 -0.009193 0.08531 0.055723 0.14297 -0.16149 0.49446 0.31577 0.071157 -0.013073 0.33963 0.20995 0.0046155 -0.010136 0.039699 0.034535 -0.00346 -0.002965 0.0097686 0.0053118 -0.018614 0.047975 0.034657 0.068254 0.028423 -0.039758 0.073178 0.060115 0.0028454 -0.0027363 0.0067858 0.0065528
0.0002719 -0.00086206 0.0019298 0.0028822 0.034156 -0.029701 0.038923 0.036325 -0.026037 -0.026884 0.036517 0.042508 -0.0022751 0.0041596 0.0058068 0.0065301 -0.0063492 -0.00045912 0.012486 0.012609 0.33874 -0.030091 0.37192 0.20651 -0.26801 -0.11077 0.41592 0.3986 0.011027 0.0052661 0.056953 0.029471 0.00042741 0.0026238 0.020097 0.018105 0.10985 0.050435 0.38628 0.21694 -0.073593 -0.021224 0.20761 0.08101 -0.0039919 -0.0071003 0.060736 0.023644 -0.00047359 -0.0017606 0.0012888 0.0022779 -0.003093 -0.022462 0.016285 0.027743 0.0050192 0.0019024 0.0089334 0.010549 -0.00085693 -0.00022164 0.0032235 0.0015652
0.00030083 -0.00406 0.011453 0.0080213 -0.014094 -0.040417 0.13457 0.10894 -0.015411 -0.057925 0.075506 0.099519 0.0007867 -0.0037544 0.0040684 0.0066692 -0.030011 0.017465 0.057566 0.027431 0.059203 -0.064008 0.46421 0.26316 -0.0036189 0.099706 0.24199 0.29322 0.0028036 -0.0055794 0.022712 0.045896 -0.0056196 -0.016898 0.02843 0.0618 0.02918 -0.033424 0.57098 0.23542 -0.071172 -0.10868 0.23306 0.15029 0.0078659 0.0059459 0.018831 0.016348 0.0060214 0.00081232 0.0098464 0.0042308 -0.0038084 0.031139 0.037297 0.051014 0.00010209 0.037557 0.037778 0.055362 0.0016662 0.0017181 0.0036739 0.004908
-0.00067235 -0.0014906 0.0048271 0.0052991 -0.003309 -0.015801 0.042275 0.038532 0.026554 -0.028921 0.058966 0.049882 0.0065586 0.0060394 0.021076 0.0098521 -0.027633 0.01609 0.031414 0.037215 0.10993 0.010035 0.25847 0.14855 0.23576 0.093448 0.53494 0.2052 -0.051446 0.001754 0.074338 0.051853 -0.005654 -0.0093674 0.015343 0.017739 0.072911 0.045451 0.33111 0.14746 0.17694 -0.070764 0.49858 0.22394 -0.014875 -0.033792 0.039899 0.038763 0.00058438 -0.00079722 0.0017571 0.0022489 0.0018602 -0.0043193 0.014532 0.016655 0.0015682 0.003065 0.011067 0.028035 0.00027402 -0.0015987 0.0030096 0.0024757
4.397e-05 0.0010616 0.0026156 0.0015635 -0.0078895 0.0035644 0.031365 0.037567 0.013599 0.029061 0.057445 0.053122 -0.0038944 0.0072155 0.0093404 0.0096996 -0.0019136 -0.0030164 0.016103 0.035116 -0.17444 -0.080517 0.2418 0.14066 0.2504 -0.017707 0.3673 0.41607 -0.0097299 -0.0048777 0.048469 0.034339 0.031075 0.012985 0.06533 0.060847 -0.21606 0.15035 0.31548 0.24256 0.24681 -0.0010254 0.36608 0.18401 -0.015525 0.00080084 0.044076 0.051276 0.0014837 -0.0011338 0.013752 0.0063914 -0.026557 0.02894 0.10099 0.096659 -0.00751 -0.00080938 0.047708 0.068106 0.0028622 -0.00076335 0.009222 0.004799
-0.0020282 0.0019588 0.0035749 0.011455 0.023086 0.042287 0.024658 0.05604 -0.0076028 0.02898 0.023271 0.045185 0.0023716 0.0048315 0.0048435 0.0085965 0.004285 -0.0086187 0.02118 0.035548 0.26911 0.0099472 0.43353 0.18978 -0.23207 0.031204 0.2702 0.22382 0.0066415 0.0097706 0.046761 0.044204 0.021121 0.018837 0.038562 0.033928 0.18903 0.00097179 0.40615 0.23977 -0.034833 0.07956 0.35992 0.23661 0.028052 0.029987 0.13028 0.1302 0.00052019 0.00025296 0.011461 0.0065617 -0.0054575 0.0028723 0.041268 0.033674 0.02504 -0.040642 0.061076 0.10079 -0.0078445 0.00047946 0.0087533 0.0047238
0.0022195 -0.0011574 0.0050396 0.004977 0.0077545 0.01584 0.043014 0.035977 0.0091355 0.012511 0.080655 0.048024 0.0050883 0.001542 0.0064328 0.0050356 0.034484 0.0015126 0.044263 0.033691 0.12897 -0.01276 0.44068 0.23939 -0.014273 0.071587 0.3957 0.2747 0.017811 0.0069833 0.039531 0.025414 0.019543 0.00013804 0.032054 0.021511 0.088921 -0.015412 0.25604 0.29421 -0.026806 -0.28057 0.30051 0.37478 0.00043329 -0.019028 0.013663 0.021912 0.0011385 -0.00092107 0.0018316 0.0017546 0.0036406 -0.011197 0.019411 0.01659 -0.0059121 -0.0037843 0.021177 0.011755 -0.00031896 -0.00053134 0.0017099 0.0022693
-0.00090421 -0.00058084 0.0017688 0.0012731 -0.0015447 0.0089341 0.012873 0.011398 0.0026152 0.03161 0.03041 0.033534 0.00185 0.0059217 0.0036698 0.0065482 0.0073041 0.020837 0.02786 0.027291 0.021403 0.0022221 0.2541 0.275 0.042433 -0.037214 0.38433 0.30345 -0.035419 -0.0044201 0.049527 0.026418 0.0036365 -0.019984 0.015385 0.056482 -0.13952 -0.1037 0.30046 0.23333 0.25842 0.047539 0.51842 0.26015 -0.060984 -0.015202 0.081795 0.031654 0.0015596 0.00081684 0.008726 0.0063163 -0.0055996 -0.0030924 0.033666 0.019402 0.019883 -0.01859 0.07327 0.051153 0.0012473 0.00076657 0.0072346 0.0073086
-0.00015816 -0.00083284 0.001813 0.0026531 0.022695 -0.0078806 0.042743 0.02538 -0.019948 0.010123 0.028272 0.025837 0.00052898 0.00081617 0.0041598 0.0051555 0.0030697 0.00046337 0.010281 0.013904 0.23451 0.0047809 0.42136 0.17709 -0.23059 -0.030149 0.24215 0.18015 0.028405 0.017959 0.052311 0.038749 0.0064005 -0.0059664 0.018275 0.021748 0.23844 0.025812 0.31911 0.32334 -0.21844 0.026436 0.2807 0.39384 0.068081 0.01032 0.1142 0.07235 -0.00046263 0.0060851 0.0039964 0.0065759 0.0089834 -0.031891 0.032465 0.048347 0.015117 -0.024073 0.048185 0.044467 0.0036518 0.0018716 0.0098126 0.01495
-0.001134 0.0099447 0.0047218 0.010489 -0.0098183 0.040034 0.040782 0.051198 -0.0036947 0.017438 0.033718 0.04144 0.00024304 0.00031881 0.0020063 0.0022148 -0.017963 0.0050197 0.04991 0.038192 -0.21895 -0.15306 0.423 0.38943 0.028787 0.069668 0.21658 0.2679 0.0027249 0.0089367 0.020258 0.03309 -0.040243 -0.033235 0.044324 0.04957 -0.11976 -0.066086 0.34835 0.24959 0.16788 -0.064128 0.36704 0.25682 0.024505 -0.00026792 0.040856 0.043984 -0.0020466 -0.0028448 0.0052967 0.0065313 -0.024261 -0.01742 0.038129 0.030154 0.035092 -0.015948 0.050208 0.065224 0.0033449 0.0033675 0.0082175 0.0064275
-0.0025982 -0.0024112 0.0059109 0.005176 0.021864 -0.0044253 0.046146 0.044166 0.0015445 0.00089893 0.035112 0.031461 -0.0022474 -0.0040682 0.00316 0.0056735 -0.034169 -0.009604 0.037799 0.017616 -0.04911 -0.10223 0.37946 0.28526 0.1422 -0.13259 0.33252 0.30959 0.020435 0.023845 0.03755 0.052152 -0.033244 -0.0085034 0.057712 0.025276 0.080734 0.029111 0.2335 0.19683 0.19408 0.073746 0.3869 0.41013 0.015513 0.00012329 0.082871 0.11385 0.0047353 0.001484 0.0093096 0.0052949 0.0099374 0.026178 0.038804 0.04528 0.014606 0.037039 0.058736 0.077162 0.00044041 0.0049808 0.0071103 0.010714
-0.0012421 -0.0010899 0.0044474 0.0058021 -0.008139 -0.032609 0.033775 0.046561 0.013732 -0.016099 0.045773 0.036031 0.0053035 0.0002405 0.0062158 0.0043288 -0.033873 -0.01829 0.038464 0.052989 -0.27187 -0.097032 0.28807 0.27148 0.24749 -0.14335 0.40332 0.23413 0.051682 0.0015986 0.053461 0.026648 -0.014643 -0.0034305 0.036882 0.034552 -0.12643 0.11595 0.22591 0.31721 0.19998 0.16245 0.26985 0.32435 0.036994 0.00312 0.046781 0.04411 -0.0048496 0.0027047 0.005 0.0051871 0.00021644 0.018144 0.026729 0.049457 0.013333 -0.0057516 0.040575 0.028411 -0.0032707 -0.0035323 0.005097 0.014231
0.00061709 -0.00080093 0.0011414 0.0019999 0.0011164 -0.010785 0.016658 0.016248 0.030839 -0.0064484 0.074247 0.069586 -0.0026973 -0.0027464 0.0040197 0.0060097 0.015285 0.0031398 0.018558 0.011666 -0.015134 -0.027549 0.09818 0.11292 0.13545 -0.041901 0.6028 0.3887 0.020395 -0.0061643 0.022692 0.023997 -0.0014781 -0.0017043 0.022423 0.018256 -0.044492 0.04002 0.13961 0.1407 0.11822 -0.035816 0.54885 0.25246 0.019754 0.0030779 0.021901 0.018707 0.0017938 0.00063006 0.0030945 0.0015966 0.00066313 -0.0078705 0.011961 0.010741 -0.0019101 -0.019158 0.026703 0.03338 0.00036759 -0.00022016 0.001211 0.0015103
5.7393e-05 0.00053591 0.0011565 0.0024934 -3.5888e-05 0.0070035 0.01822 0.013163 -0.0088055 0.037389 0.018212 0.038588 -0.00025237 0.0035504 0.0040184 0.0043765 -0.0017891 -0.00016378 0.0096825 0.019209 -0.063817 -0.064241 0.21402 0.24966 0.12903 0.029793 0.38071 0.2605 -0.033501 -0.013687 0.067259 0.032865 -0.0075923 0.0026699 0.019735 0.016918 -0.081984 -0.095263 0.26293 0.2041 0.13235 -0.01368 0.61909 0.31755 -0.0095896 -0.00054179 0.031301 0.020238 -0.003138 -0.0058355 0.0047799 0.0086601 0.012161 0.016001 0.028519 0.028883 0.014671 -0.033062 0.059708 0.065534 -0.0040176 -0.00082269 0.0052925 0.0041845
-0.0042241 -0.00031262 0.0067447 0.0084493 -0.0062979 -0.0068076 0.044652 0.033596 0.014243 -0.0078029 0.034666 0.04337 -0.00081439 0.0037764 0.0080048 0.008814 -0.014781 0.014645 0.035391 0.034244 0.11309 0.14208 0.27132 0.36337 -0.044041 0.17948 0.22038 0.39061 -0.037716 -0.0096221 0.05809 0.04025 -0.018649 -0.0040117 0.036456 0.029657 0.21275 -0.043473 0.39398 0.2271 -0.13462 -0.17011 0.27902 0.29249 -0.10165 -0.033691 0.12856 0.055447 -0.0052415 0.0030032 0.008632 0.0078809 -0.00021533 -0.0024108 0.031901 0.044548 0.0013205 -0.00018987 0.042638 0.070095 -0.029226 -0.0089387 0.029507 0.0097004
0.00073818 -0.001434 0.0055567 0.0059101 -0.013304 -0.024052 0.059735 0.048289 0.019094 -0.018203 0.05515 0.038378 0.0021836 -0.0040177 0.014045 0.010614 -0.0071408 0.0059714 0.027911 0.035177 -0.23516 0.065242 0.27302 0.22703 0.26214 0.063955 0.42646 0.13038 0.08154 0.014143 0.13093 0.042042 -0.01457 -0.010578 0.032734 0.024691 -0.22907 0.023979 0.32821 0.26377 0.24705 -0.035246 0.35595 0.2634 0.043709 -0.018629 0.071964 0.049569 -0.00059369 -0.00064651 0.0031272 0.003632 -0.0036414 -0.0091901 0.01953 0.017811 0.010818 -0.0091746 0.021936 0.021215 -0.0010247 -0.0010686 0.0032271 0.0025108
