0.0016548 -0.003059 0.004899 0.0083342 -0.026174 0.00089895 0.063122 0.053258 -0.0068647 0.024173 0.042057 0.050471 0.0012146 0.0076777 0.0034966 0.0091119 0.0050789 3.766e-05 0.025974 0.029672 -0.26268 -0.15875 0.48165 0.3646 0.24865 -0.050146 0.24974 0.16379 -0.028535 0.00085567 0.029995 0.013561 -0.01341 -0.016017 0.040725 0.029077 -0.16474 0.037476 0.29087 0.13149 0.252 0.020645 0.39013 0.11399 -0.030706 -0.0019255 0.031506 0.015728 0.0025563 -0.00090135 0.0028082 0.0027369 -0.003461 0.015065 0.037846 0.033897 0.010493 0.019934 0.046195 0.030361 -0.0036516 -0.0021293 0.0037362 0.0021293
0.0025672 0.0023698 0.0040494 0.0049472 0.011545 0.02871 0.023444 0.043559 -0.0075614 0.0085455 0.023252 0.020283 0.0031786 0.0014553 0.0064172 0.0036335 0.012912 0.0083022 0.034359 0.037515 0.11525 -0.0019944 0.43056 0.40737 -0.13956 0.13449 0.21846 0.26199 0.024794 -0.0028775 0.035024 0.02411 0.0059957 -0.0082417 0.023746 0.024118 0.23273 -0.039797 0.30536 0.29897 -0.21064 -0.048626 0.3183 0.27666 0.016121 -0.0047924 0.030013 0.010349 0.0028326 -0.0018823 0.0046989 0.0023913 0.0072615 -0.0062198 0.035049 0.021864 0.006637 -0.025113 0.026188 0.053494 -0.0015208 -0.0019527 0.0045431 0.0031392
-0.00074476 -0.0010865 0.0047132 0.0029253 0.016717 -0.020405 0.043135 0.036692 0.016938 0.0076579 0.032482 0.031702 -0.0012468 0.00050902 0.0045106 0.0049894 -0.037859 0.02346 0.046799 0.041356 0.3213 0.05506 0.3621 0.23663 -0.1059 -0.065149 0.34082 0.2605 0.027281 0.013558 0.062324 0.033974 -0.014029 0.010287 0.019103 0.020546 -0.0076655 -0.0071591 0.29151 0.28677 0.045649 -0.064566 0.41712 0.34551 0.016828 -0.012173 0.036771 0.079164 -0.00083082 -0.0017049 0.0026179 0.0032948 -0.032476 -0.015959 0.038791 0.024025 0.047145 0.019538 0.052654 0.062896 -0.00021296 -0.0024051 0.0045397 0.0072434
-0.006304 -0.0019908 0.0080516 0.0043496 0.026953 0.01122 0.041184 0.050099 -0.026559 0.01983 0.038681 0.034096 -0.010022 0.0012287 0.010063 0.0012821 -0.028805 0.014369 0.040251 0.043338 0.39652 0.033331 0.4179 0.19485 -0.2414 -0.00088185 0.28968 0.30804 -0.054525 0.0095814 0.054647 0.020892 -0.030256 0.011054 0.04689 0.024486 0.15995 -0.14302 0.27926 0.2093 -0.17069 -0.20467 0.23861 0.26087 -0.02751 0.0016192 0.03136 0.024997 0.00041044 0.00081294 0.003482 0.0023154 -0.0061547 0.0092679 0.015314 0.021072 -0.0042551 0.0046031 0.014545 0.025491 -0.0027145 0.0015467 0.0033158 0.0035101
0.0036935 0.0025702 0.0070425 0.0063006 0.012954 0.033242 0.021444 0.050392 0.00070365 0.013236 0.016673 0.029361 -0.00097039 0.0015674 0.0051914 0.003753 0.028749 0.0027313 0.042222 0.041468 0.21616 0.046773 0.42098 0.36117 -0.19439 0.14338 0.29086 0.28215 0.010566 -0.0042128 0.047477 0.02408 0.033632 -0.010914 0.044565 0.022033 0.21748 -0.1226 0.27314 0.2662 -0.16965 -0.09398 0.31987 0.21893 -0.0067952 -0.011504 0.028306 0.020561 0.0038526 0.0015466 0.0054234 0.003222 0.001663 -0.010789 0.024778 0.01911 0.0094058 -0.033492 0.037106 0.057069 0.001094 0.00082539 0.0065595 0.0029454
0.0021019 -0.00070716 0.0071004 0.0013847 -0.024299 0.0080643 0.061694 0.018803 0.037366 0.010019 0.042917 0.043801 -0.0044093 0.0034749 0.0046929 0.0040667 0.0014598 -0.0021306 0.036677 0.0088896 -0.00037805 -0.267 0.19871 0.30818 0.20483 -0.059056 0.46788 0.1884 -0.02091 0.0071003 0.03333 0.036966 0.0042569 0.023313 0.015834 0.032289 -0.11865 0.21722 0.1655 0.23901 0.35351 0.050765 0.41947 0.13192 -0.025679 -0.0029794 0.035193 0.051393 0.002195 0.0052034 0.0056536 0.0069866 -0.020962 0.01327 0.051017 0.044972 0.0096282 -0.0038383 0.021949 0.02717 -0.00263 -0.0017802 0.0028049 0.0033086
0.00067718 -0.0011156 0.0044452 0.0031582 0.0064771 -0.011439 0.023913 0.025403 -0.0094701 -0.010404 0.02399 0.017576 -8.5184e-05 0.0022161 0.0020737 0.0037596 0.0011113 0.0012628 0.016533 0.01686 0.057356 -0.0045865 0.24566 0.20052 0.10233 0.2449 0.40459 0.29177 -0.0031609 0.0016452 0.042051 0.064748 -0.040931 -0.014317 0.044682 0.0284 0.1554 -0.055643 0.30085 0.17288 0.024472 -0.27361 0.30844 0.47867 -0.031973 -0.033735 0.066507 0.05488 -0.0093779 -0.00081614 0.010047 0.0033239 0.02683 -0.0040245 0.03274 0.023901 -0.00032548 0.0065418 0.030417 0.050586 0.00040733 -0.00043974 0.0052975 0.0056798
0.00055989 0.0090898 0.0014216 0.0090898 0.01192 0.055684 0.030732 0.055684 -0.0039943 0.094255 0.022744 0.094255 -0.00035404 0.010265 0.0017292 0.010265 0.0052587 0.0063917 0.015513 0.012389 0.24319 0.020899 0.45283 0.072939 -0.10045 0.056132 0.46533 0.22523 -0.035337 0.017692 0.037907 0.040188 0.0013335 -0.014864 0.021882 0.02954 0.10954 -0.017107 0.25174 0.28732 0.082222 -0.13831 0.35591 0.31133 -0.015559 0.014356 0.029911 0.021142 0.001747 0.0018315 0.0023498 0.0029125 0.00034483 0.013569 0.025184 0.032337 0.017969 0.014759 0.063429 0.028019 -0.0068876 -0.003722 0.0069135 0.0090352
-0.0037641 0.00020762 0.0053284 0.0052843 -0.029365 -0.02739 0.057713 0.05268 0.048132 -0.0077524 0.056126 0.020897 -0.0048136 0.00073524 0.0049996 0.0017046 -0.015269 -0.0086673 0.039166 0.038678 -0.20514 0.0715 0.33212 0.25661 0.34497 -0.059724 0.39297 0.1762 -0.036784 -0.00091958 0.036823 0.012608 0.022049 -0.020221 0.025679 0.041294 0.042394 0.13936 0.38532 0.24046 -0.010275 0.11295 0.30847 0.20577 -0.02508 -0.022707 0.027767 0.022969 0.0011719 -0.011578 0.0011973 0.011644 0.019636 -0.13359 0.020652 0.13381 -0.0065862 -0.11756 0.018096 0.11783 0.00026422 -0.0073651 0.0019995 0.0073889
0.0050043 0.00081059 0.0052456 0.0054117 0.0075867 0.0016175 0.035956 0.044145 0.0040664 0.027017 0.056329 0.057407 -0.0025718 0.0033882 0.0038427 0.0052674 0.0016946 -0.0022096 0.028494 0.050179 -0.05714 -0.063223 0.26099 0.27724 0.20973 0.040489 0.3551 0.2951 -0.022489 0.01749 0.024664 0.055687 0.00073626 0.0036306 0.023208 0.02725 0.084363 0.089696 0.24767 0.40782 0.19589 0.053424 0.41841 0.30221 -0.06873 -0.014768 0.070661 0.029654 0.001017 -0.00075171 0.0034404 0.004014 0.0094759 0.0034593 0.033557 0.053912 0.0083721 -0.0109 0.046444 0.03644 -0.0027421 -0.00013353 0.0044127 0.0021447
0.00089443 0.00035173 0.0049583 0.0032404 0.0093355 -0.0048801 0.022641 0.013946 -0.013389 -0.024794 0.036756 0.04249 0.0035343 0.0011115 0.0045294 0.0028917 -0.0088265 -0.010146 0.019802 0.032939 0.061958 -0.091418 0.31347 0.24204 0.021986 0.044724 0.28518 0.30735 -0.0016995 0.026172 0.021959 0.032606 -0.014911 -0.0026952 0.028284 0.03418 0.15554 0.0051928 0.49574 0.35086 -0.068491 -0.04262 0.34179 0.33448 0.025995 -0.037849 0.040391 0.060752 -0.00021761 -0.0012249 0.0038443 0.0037149 0.024967 0.015429 0.043564 0.031434 -0.016897 -0.0054437 0.032313 0.029557 0.00014251 0.00041515 0.0024583 0.0033903
0.0021316 0.00053254 0.0025188 0.0012533 -0.024258 0.0044073 0.035005 0.010642 0.0018836 0.050586 0.054218 0.05135 0.0012092 0.0062459 0.0055423 0.0065168 0.010043 -0.043493 0.020707 0.04736 -0.13335 -0.18052 0.18878 0.19745 0.2066 0.0014955 0.41092 0.30414 -0.023397 -0.0083153 0.055749 0.050186 0.0033933 -0.0043223 0.013409 0.018291 0.18266 0.045176 0.22195 0.36472 0.025979 0.062705 0.35573 0.43297 0.037404 0.013208 0.053163 0.045149 -0.0007162 0.00038235 0.0037293 0.0019673 0.029473 0.021069 0.038563 0.028937 0.0060173 -0.0067498 0.025564 0.044702 0.0045994 0.00094607 0.0083224 0.0089242
-0.0011249 -0.00083673 0.0034386 0.0011136 0.014111 0.0088423 0.060842 0.032123 -0.003123 -0.010499 0.059472 0.035587 -0.0017953 -0.00037442 0.005056 0.0031446 -0.017263 -0.045362 0.025792 0.050833 0.21052 -0.10173 0.38931 0.37438 0.037685 0.048969 0.3607 0.42857 -0.027013 -0.0054962 0.037605 0.087295 -0.031273 0.023879 0.044389 0.030639 0.31062 0.038162 0.33202 0.14693 0.065612 0.01461 0.15564 0.17875 0.00049389 0.020006 0.022429 0.059787 -0.0050725 0.0013758 0.0067353 0.0035861 0.023807 0.010812 0.048133 0.035992 0.036037 0.03166 0.046334 0.047482 -0.004688 -0.0018128 0.0066942 0.0089369
0.0029087 -0.0017198 0.0037497 0.003725 0.022633 -0.01164 0.033399 0.031274 -0.040575 0.0020452 0.052363 0.037452 0.0044127 0.0012452 0.005708 0.0043462 0.0098339 -0.004459 0.028356 0.024308 0.098851 0.18683 0.24134 0.33858 -0.069989 0.13369 0.41487 0.42922 0.026036 0.034432 0.040468 0.03514 -0.00032244 0.013229 0.041555 0.026201 0.08559 -0.098799 0.34558 0.26498 -0.052519 -0.023907 0.32055 0.2193 -0.0059663 -0.053915 0.053963 0.055467 0.0022864 -0.00088893 0.0063457 0.0033866 0.014931 0.0034797 0.048466 0.036523 -0.049231 -0.038817 0.069534 0.055883 -0.0045241 -0.006808 0.005203 0.0069017
0.0033633 9.9528e-05 0.0056372 0.0037629 -0.010046 0.021475 0.060782 0.043032 0.026083 -0.088501 0.044377 0.12464 -0.0058476 -0.0038509 0.0064599 0.0068557 -0.035931 -0.00066288 0.048132 0.048964 0.18738 -0.083995 0.476 0.26459 -0.039003 0.17034 0.33229 0.27184 -0.020017 -0.0070481 0.030744 0.042612 -0.0069452 -0.011168 0.098663 0.02764 0.19897 0.017041 0.41793 0.26765 -0.082428 -0.14282 0.17153 0.20935 -0.017459 0.0029073 0.031865 0.039121 -0.0029597 -8.5958e-05 0.0042241 0.0042972 0.0052 0.0025789 0.048672 0.026959 -0.010595 -0.012712 0.027561 0.021349 0.00095616 0.0029561 0.003683 0.0041783
-0.0034798 -0.0015914 0.0039443 0.0030944 0.019324 0.0021206 0.044303 0.025302 0.0022407 0.012837 0.021581 0.034871 0.00032736 0.0035935 0.0025978 0.0049649 0.021649 0.017885 0.039012 0.049515 -0.0074203 0.02024 0.2672 0.30302 0.12048 0.068856 0.33647 0.46999 -0.012847 -0.0077112 0.02436 0.055681 0.035951 -0.004406 0.040992 0.019564 0.014957 -0.012519 0.18996 0.30911 0.23768 0.070705 0.39008 0.32162 -0.058733 0.01007 0.060063 0.040135 0.0034936 8.0122e-05 0.0042193 0.0019093 -0.00041818 -0.00068195 0.021577 0.03156 0.017809 -0.0084023 0.061957 0.048802 -0.00032683 2.9494e-05 0.0020837 0.0020543
-0.0011668 -0.0030654 0.0035295 0.0035817 0.019103 0.0037908 0.026965 0.024325 -0.0029123 -0.0040721 0.027584 0.019115 -0.00097612 -0.004068 0.010187 0.0046061 -0.0092075 0.0083047 0.030723 0.020142 0.18516 0.075829 0.25033 0.2519 -0.10784 0.32442 0.17999 0.38177 0.010947 0.040278 0.033689 0.054504 -0.026318 0.013984 0.037898 0.038696 0.28901 -0.040026 0.31208 0.19156 -0.094063 -0.24229 0.23578 0.35671 -0.012855 -0.060962 0.027179 0.081156 -0.0033283 -0.0077262 0.0051097 0.0096414 -0.01441 -0.073116 0.032805 0.083042 -0.028056 -0.1182 0.036358 0.11826 -0.001469 -0.0031588 0.0017649 0.0032559
0.0078224 0.0043649 0.0078481 0.0044954 0.03607 0.022356 0.074821 0.037722 0.0179 -0.0011476 0.041192 0.046474 -0.0031449 -0.0043236 0.0061203 0.0059076 0.040483 0.024049 0.047497 0.030659 0.21446 0.043756 0.31339 0.11907 -0.11939 0.00093337 0.39001 0.31547 -0.025587 0.0093783 0.047363 0.0761 0.021633 -0.022625 0.044894 0.04214 0.15083 -0.11571 0.31325 0.18333 -0.13373 -0.23926 0.37186 0.37251 0.025198 0.0097743 0.044367 0.020082 0.0029648 -0.0039071 0.0033388 0.0040143 0.036952 -0.053264 0.044654 0.064159 0.011336 0.024796 0.069061 0.050053 -0.0027777 -0.0026133 0.0057706 0.0034352
0.0015552 0.00016077 0.0032713 0.0037081 0.018719 -0.0073015 0.029539 0.03601 -0.0251 0.0003464 0.056136 0.041577 0.0033985 -0.00053193 0.0055904 0.0034935 -0.020498 0.001101 0.03229 0.026774 0.14729 0.10485 0.19739 0.23685 -0.062072 0.11623 0.3751 0.41114 -0.002772 0.025173 0.027144 0.038679 -0.0065304 0.013316 0.05038 0.030219 0.14643 -0.036188 0.31427 0.34622 -0.13566 -0.10254 0.36171 0.27389 -0.06923 -0.083972 0.069953 0.084894 0.0072489 -0.010871 0.0099527 0.010886 -0.0068387 -0.025229 0.049781 0.040127 -0.059887 -0.087728 0.062161 0.08855 0.00071625 -0.00053801 0.00095125 0.00073377
0.004895 0.0023011 0.0049744 0.0025227 0.048837 0.031425 0.04982 0.036095 0.011949 -0.0070967 0.055253 0.022627 -0.0027696 -0.0041891 0.0047881 0.0062714 0.031927 0.026703 0.057914 0.033093 0.27733 0.0051197 0.31067 0.14249 -0.13154 0.021481 0.3551 0.31759 -0.017738 0.0092494 0.05338 0.061163 0.02944 -0.033496 0.050523 0.046115 0.19146 -0.080774 0.33505 0.20582 -0.17529 -0.2475 0.33711 0.30967 0.047793 0.0077534 0.065576 0.018976 -1.9899e-05 -0.00010237 0.00039945 0.0001905 0.042445 -0.072723 0.05498 0.073234 0.023348 0.021385 0.055586 0.068312 -0.0024297 -0.0036922 0.0050021 0.0040581
-0.0047328 -0.0023378 0.010556 0.0047838 0.022228 -0.0086828 0.069089 0.057963 -0.0038729 -0.077053 0.040801 0.11946 -0.0024169 -0.0038786 0.0029496 0.0083577 -0.023289 -0.011318 0.039572 0.046428 0.11305 0.010825 0.44443 0.30203 -0.045863 0.10544 0.28079 0.26829 -0.010153 -0.002692 0.024236 0.026147 -0.0029054 0.0028381 0.046129 0.032017 0.15005 -0.05995 0.52707 0.29794 -0.062742 -0.093203 0.18347 0.21721 -0.026692 -0.00043054 0.04556 0.035059 -0.0010124 7.7442e-05 0.0050347 0.0033993 0.0041807 0.0013617 0.041613 0.026679 -0.0082155 -0.015288 0.028901 0.025854 -6.0143e-05 0.0036945 0.0041031 0.0048105
-0.00015558 -3.2118e-05 0.011273 0.0039571 0.0020711 -0.0084595 0.046304 0.070674 0.021895 -0.1011 0.029818 0.10642 -0.0051944 -0.0043311 0.005773 0.0072365 0.031989 -0.037347 0.037451 0.054585 -0.077479 -0.3121 0.13171 0.43495 0.094193 0.10642 0.44324 0.1724 0.011815 0.027747 0.055295 0.039812 0.014282 0.03754 0.023533 0.048494 -0.093007 0.2412 0.1509 0.35995 0.15556 -0.056591 0.33617 0.16859 0.024139 -0.027029 0.05711 0.034099 0.002644 0.00031787 0.0038344 0.0023418 -0.016534 0.014351 0.025637 0.021284 -0.00034753 0.015536 0.012265 0.025399 0.00096731 -0.0013827 0.0026972 0.003615
0.009907 0.002716 0.0099416 0.0028553 0.039765 0.0097402 0.047806 0.023747 0.021849 0.007293 0.048213 0.047817 -0.0036421 -0.0045786 0.0057819 0.0089231 0.057091 0.018922 0.058778 0.019212 0.13058 0.04142 0.32046 0.29486 0.11529 -0.024822 0.35784 0.25961 -0.01888 0.010156 0.03323 0.046391 0.033662 0.0077833 0.043663 0.01761 0.11539 -0.064056 0.29657 0.18402 -0.023905 -0.095585 0.37244 0.50356 0.0027689 -0.023045 0.068125 0.068902 0.0013585 0.0004012 0.0057799 0.0020601 0.036376 0.0010691 0.041793 0.022209 -0.0067182 0.016504 0.029881 0.038247 -0.0014036 -0.0047879 0.010883 0.0085922
0.0038529 -0.0003172 0.0040518 0.0013055 -0.015115 -0.014047 0.034944 0.020972 0.0016176 -0.0088863 0.089828 0.034383 0.0056543 0.0048584 0.0094449 0.013202 0.00041871 0.0014655 0.020677 0.0536 -0.061275 -0.064333 0.20666 0.24716 0.34816 -0.04701 0.39159 0.25113 0.01029 -0.0019174 0.033522 0.045295 -0.0035552 0.011484 0.023154 0.031733 -0.21971 0.13372 0.2651 0.20884 0.34601 0.05738 0.40463 0.21205 0.040744 0.026509 0.061951 0.045324 -0.0015479 0.0034488 0.0064436 0.0046058 -0.024307 0.01189 0.046725 0.028965 0.043261 0.0095351 0.045701 0.02021 -0.0029014 -0.0056298 0.0049354 0.0077925
0.00073514 -0.0011713 0.0029918 0.0048059 -0.0086571 -0.015594 0.043702 0.048765 0.025024 0.0095813 0.041764 0.040418 -0.0051517 0.0013017 0.0069086 0.0058933 -0.021059 -0.011603 0.054001 0.059493 -0.051888 -0.16404 0.23772 0.29518 0.075659 -0.059531 0.40043 0.29649 0.040261 0.011547 0.073855 0.064871 -0.015713 -0.0056026 0.038785 0.066616 -0.11857 0.04865 0.29904 0.16928 0.19781 0.021656 0.46086 0.37211 0.023801 -0.02331 0.032191 0.061917 -0.0027306 -0.0018463 0.0051619 0.0042256 0.016161 0.012644 0.031117 0.025517 0.00084679 -0.030902 0.025026 0.032737 5.1287e-05 0.00084166 0.003139 0.0037236
-0.00041174 0.0036502 0.0044889 0.0043824 0.013109 -0.019973 0.040422 0.058606 0.01288 0.0062748 0.023956 0.054458 -0.0012119 -0.0041223 0.0035969 0.01168 -0.0056332 0.00049024 0.032359 0.02274 -0.0056521 0.065492 0.29475 0.26099 0.06954 -0.15012 0.30645 0.5181 -0.011762 -0.0015544 0.03188 0.033771 -0.014816 -0.0064789 0.03351 0.035896 0.0090667 -0.002091 0.21953 0.25306 0.18593 0.19978 0.27702 0.37933 -0.035804 -0.0056412 0.046343 0.037252 -0.0027124 -0.0015457 0.0051138 0.0047184 -0.0085388 -0.031686 0.040555 0.045861 -0.011223 -0.090305 0.027296 0.090668 -0.0034421 -0.013649 0.0038638 0.013703
0.0043071 0.018015 0.0048321 0.0181 0.039631 0.085592 0.046896 0.094863 -0.0052963 0.043179 0.046048 0.061185 0.0017362 0.0015857 0.006293 0.011914 0.020087 0.018405 0.040299 0.0481 -0.10944 -0.13648 0.25015 0.26279 0.096886 -0.1556 0.46929 0.40861 -0.0056894 -0.030851 0.035553 0.058864 -0.036841 -0.009373 0.054612 0.044233 -0.11381 -0.011074 0.2413 0.22382 0.15088 0.035895 0.40585 0.23586 -0.00046675 0.0036026 0.026921 0.034015 -0.0036283 -0.0010192 0.0059076 0.0041167 0.0030995 -0.015763 0.035233 0.023246 -0.0059698 -0.011549 0.02853 0.024462 0.0013005 0.0008224 0.0059059 0.0065808
0.00025463 -0.0018125 0.0060301 0.0088564 -0.026513 -0.024279 0.039242 0.038988 0.0027382 -0.026594 0.038114 0.033169 -0.00080323 0.0013832 0.0041733 0.0033092 -0.012296 0.014397 0.036203 0.077826 0.20046 -0.0042449 0.42853 0.24295 -0.028119 0.2137 0.31313 0.22208 0.026309 0.025439 0.033835 0.031932 -0.056252 0.019591 0.069824 0.025352 0.23026 -0.029143 0.58887 0.10427 -0.045975 -0.063896 0.18632 0.17184 0.019798 -0.016278 0.031139 0.026571 -0.0013747 1.1754e-05 0.0073418 0.0049347 0.015748 -0.010259 0.095039 0.018848 -0.0078133 -0.016531 0.015128 0.022725 0.0022662 -0.0032221 0.0040884 0.0054545
0.0091293 0.0008391 0.0091883 0.00096839 0.0079844 -0.0091147 0.032737 0.049446 0.025651 -0.0055013 0.052427 0.04953 0.0018156 -4.2413e-05 0.0049159 0.0042754 0.043784 0.0095434 0.043945 0.010257 0.21825 0.013099 0.22955 0.14757 0.021641 -0.046506 0.18067 0.29505 0.0047107 -0.021375 0.031049 0.028111 0.032833 0.0076542 0.038595 0.0087727 0.1562 0.01435 0.2399 0.37221 0.022527 -0.02454 0.23336 0.66798 -0.0061853 8.1429e-06 0.030708 0.09085 0.003795 0.00049668 0.0044076 0.0016674 0.017218 0.0094056 0.033137 0.024044 0.0039236 0.012979 0.031311 0.03895 -0.0042209 0.0035044 0.0082814 0.0089654
0.0034847 0.00044345 0.0059139 0.0051526 0.020433 -0.0011948 0.057099 0.01999 0.036213 -0.0092822 0.046048 0.040711 0.0023545 -0.0011374 0.0051723 0.0070255 0.0024968 0.0108 0.026469 0.037234 -0.059825 0.11427 0.37454 0.22744 0.38236 -0.038103 0.41277 0.37038 -0.0092995 -0.019104 0.043442 0.054382 0.020957 0.014066 0.0644 0.058523 -0.14205 0.093031 0.29851 0.21272 0.17679 -0.022816 0.27321 0.17788 -0.040662 -0.03221 0.047778 0.051889 -0.0058261 0.00036237 0.0077846 0.0047171 -0.0018741 0.00020811 0.020358 0.016229 0.0034138 -0.0091519 0.02203 0.025338 -0.00081094 -0.001676 0.0042627 0.0071499
-0.0048851 -0.0061824 0.0077832 0.0087166 0.014259 0.021903 0.049556 0.038775 -0.0089154 -0.0019046 0.03507 0.037049 0.0021524 0.00061564 0.0064438 0.0032519 -0.018382 -0.018632 0.035762 0.033576 0.23692 0.001884 0.42184 0.24383 -0.11394 0.13876 0.40019 0.3515 0.0099017 0.010713 0.04186 0.032121 -0.02031 -0.0064601 0.033774 0.021692 0.13852 -0.058929 0.23336 0.25645 0.014069 -0.15352 0.24167 0.31882 0.1154 0.037155 0.13954 0.08356 -0.0016286 0.00017592 0.0025128 0.0093591 0.024697 -0.016027 0.03315 0.036768 0.0082111 -0.010187 0.044258 0.026913 0.015178 0.0016361 0.015717 0.013548
-0.0022748 0.001584 0.0034434 0.0039713 -0.031024 -0.01287 0.038839 0.033154 0.0050875 -0.019054 0.015496 0.030814 0.0012188 -0.0036559 0.0032582 0.0074917 -0.012003 -0.012693 0.02511 0.0362 -0.17786 0.05681 0.40287 0.18129 0.13799 0.082226 0.29716 0.30003 0.02748 0.01305 0.069152 0.055868 0.0033396 -0.025089 0.013034 0.042804 -0.1888 -0.0651 0.2373 0.13477 0.29015 0.053557 0.46718 0.3257 -0.013601 0.0046365 0.080052 0.071887 0.00023117 -0.0011573 0.0015856 0.0040241 0.0021038 0.0085618 0.021069 0.020913 0.034354 -0.002025 0.061225 0.055626 -0.0047944 0.00070021 0.007217 0.0088693
0.0039492 0.0031051 0.007737 0.009161 -0.0073628 -0.0068106 0.042461 0.03375 0.0099276 0.033134 0.054887 0.037631 -0.0032148 0.0017676 0.0040714 0.00365 -0.015691 0.0039154 0.034732 0.034249 0.17787 0.12958 0.29581 0.27098 -0.064199 0.1039 0.23804 0.23305 -0.023829 -0.012183 0.072572 0.036912 -0.0032599 -0.0045676 0.052823 0.032228 0.11433 -0.030736 0.31001 0.37685 -0.078543 -0.11471 0.48954 0.30325 -0.079851 -0.048235 0.09558 0.049942 0.0011589 0.0014309 0.0082129 0.0075004 -0.0083854 -0.00090952 0.053528 0.041536 -0.058195 -0.057208 0.061243 0.058487 -0.00019413 0.00019413 0.00072507 0.00072507
0.0084104 0.0029197 0.0093136 0.0044573 -0.016712 -0.01352 0.027763 0.030288 -0.0051161 -0.0059941 0.026175 0.021561 0.00078654 -0.003266 0.010366 0.0049077 -0.0073641 -0.01716 0.042032 0.036354 -0.051231 -0.05536 0.15906 0.13867 0.25776 0.046527 0.43168 0.38177 -0.02304 -0.0067846 0.043875 0.063169 0.004955 0.00062053 0.023702 0.020686 0.14458 0.028207 0.23562 0.22257 -0.095886 -0.10253 0.47978 0.3808 0.013369 -0.011857 0.03329 0.053143 0.0018744 0.0025346 0.0062981 0.0048411 0.0059096 -0.014966 0.063458 0.03128 -0.0048072 0.0017685 0.042068 0.035514 -0.0037928 -0.00056801 0.005406 0.009424
0.00024961 -0.00033655 0.00045796 0.00052543 0.068663 0.057057 0.06923 0.060442 0.021462 0.034731 0.052382 0.04791 0.0068846 -0.0055525 0.0087081 0.01712 0.089739 0.052155 0.090192 0.053005 0.13323 0.0024355 0.35584 0.2164 0.23881 -0.033254 0.40666 0.28783 0.015533 0.012258 0.053378 0.078584 0.052921 0.016569 0.084911 0.044673 0.010175 0.020462 0.21348 0.2327 0.31951 0.076015 0.35554 0.279 -0.028863 -0.017066 0.051497 0.080008 0.0071265 -0.0038102 0.0071374 0.0095584 -0.0063273 0.0066106 0.033641 0.035779 0.047536 -0.011945 0.076256 0.041722 -0.0087008 -0.0059205 0.0089442 0.0085015
0.00032274 -0.0019888 0.0024657 0.0028043 0.011567 0.010113 0.01995 0.020693 0.02189 0.010666 0.037624 0.027373 0.0015152 0.0021026 0.0038697 0.0038311 0.018728 -0.0021024 0.021516 0.02612 0.12302 0.02553 0.33649 0.29558 0.062513 0.083712 0.50265 0.42371 -0.010687 -0.008955 0.02427 0.021471 0.024791 -0.012225 0.030311 0.016567 0.15538 -0.056621 0.18415 0.22875 0.065825 -0.046083 0.28314 0.35084 7.5792e-05 -0.0078107 0.029687 0.043332 0.0059706 -0.00013437 0.0059852 0.0015722 0.026889 -0.0013774 0.031696 0.016578 0.0076254 -0.0051525 0.042773 0.041111 -0.0014061 -0.0038159 0.0049411 0.0096948
-0.0046793 0.0058307 0.010764 0.014307 -0.0064789 -0.0027722 0.046203 0.036849 -0.008696 0.023314 0.043467 0.040216 -0.018872 0.0070553 0.019055 0.0075256 -0.038107 -0.029915 0.055978 0.055299 -0.088401 -0.13694 0.29508 0.36592 0.16464 -0.046532 0.52676 0.21754 -0.11463 0.043108 0.1194 0.043495 -0.020108 -0.0071059 0.046877 0.039986 -0.036511 0.10094 0.18817 0.22392 0.19106 0.071162 0.39459 0.16358 -0.040523 0.0082191 0.068602 0.045051 -0.0019968 -0.00030033 0.0035784 0.0041842 -0.0072308 -0.029696 0.028472 0.03557 0.011844 -0.070112 0.035839 0.080663 -0.0035996 -0.0057556 0.0058502 0.0078459
-0.0098493 0.001509 0.011572 0.0065003 0.0071227 0.010963 0.015983 0.019657 -0.0051861 0.011082 0.01648 0.031545 0.00059416 0.0063495 0.0023118 0.0076937 -0.063037 -0.010334 0.076958 0.037503 0.23432 0.13127 0.26677 0.23039 0.019098 0.21386 0.12213 0.32812 -0.0060648 0.022208 0.019828 0.0529 -0.041592 0.0053048 0.053033 0.055087 0.41882 -0.077738 0.50317 0.26329 0.012376 0.15016 0.16188 0.2023 0.0083145 0.024809 0.023162 0.042656 -0.0015224 -0.0052583 0.0028756 0.0085692 0.059066 -0.0031009 0.064656 0.031523 0.019681 -0.025263 0.032696 0.043085 0.00015209 -0.0025942 0.0033101 0.0043542
0.0049732 -0.0028963 0.006187 0.0062045 -0.034466 -0.0037065 0.045222 0.040196 0.0011106 0.022469 0.020296 0.059146 0.0012505 0.0023845 0.0051155 0.0049742 -0.0017406 -0.00029488 0.050501 0.095153 0.074693 0.050306 0.42028 0.37772 -0.15065 0.079814 0.27111 0.32679 -0.010748 0.0004394 0.02994 0.024548 -0.0011818 -0.014204 0.028521 0.030599 0.14558 -0.13734 0.42368 0.31605 -0.059983 -0.01725 0.19573 0.25821 -0.0052442 -9.9082e-05 0.028569 0.036674 -0.00026064 0.0013395 0.0037225 0.0079678 0.015022 -0.024102 0.035263 0.036816 0.0073952 -0.022443 0.048492 0.039621 -0.0024156 0.00090148 0.0091564 0.0056727
-0.0010226 0.0027245 0.0030683 0.0032298 0.009606 -0.011237 0.031744 0.035902 0.011502 -0.015258 0.058452 0.060807 0.0078323 0.0036968 0.014052 0.010034 -0.0024606 -0.013926 0.030167 0.036316 -0.042605 -0.097536 0.33963 0.34883 0.02354 -0.072656 0.3117 0.28082 0.018251 -0.035217 0.046942 0.047286 0.0068001 -0.0088836 0.037956 0.044798 -0.16551 0.080443 0.32806 0.25558 0.28134 0.014035 0.37212 0.29436 -0.01048 0.025656 0.034488 0.066684 -0.00061518 0.00079724 0.003405 0.0023945 -0.0068944 0.026326 0.076493 0.091784 -0.021089 -0.042696 0.064414 0.083157 -0.010085 -0.023721 0.010189 0.023763
-0.0041873 -0.00088211 0.015296 0.016362 -0.043884 -0.027013 0.059642 0.049804 0.052926 0.022182 0.061228 0.047348 -0.0019453 -0.00164 0.0096824 0.0086729 -0.066011 -0.041769 0.084336 0.047391 0.20325 -0.078898 0.43919 0.2144 0.020016 0.02968 0.27404 0.27396 0.019214 0.0017596 0.082649 0.063199 -0.052302 0.0062356 0.065611 0.053191 0.12922 0.025683 0.28698 0.24346 0.1317 -0.29192 0.28148 0.37025 -0.011268 -0.020554 0.080471 0.048122 0.0021604 0.0024986 0.0045815 0.0040492 -0.022413 0.065969 0.035036 0.077074 -0.028667 0.045294 0.032399 0.060274 0.0035883 -0.0050254 0.0051092 0.0062017
-0.0006916 -0.0034477 0.0019099 0.0079591 -0.029046 -0.0025417 0.085324 0.047244 0.02441 0.026416 0.039992 0.052169 0.0010859 0.0066568 0.003554 0.0096108 -0.00044088 -0.040479 0.013937 0.049001 0.25251 0.033407 0.43689 0.21994 0.088172 -0.030574 0.2993 0.25824 0.0085592 0.02899 0.07756 0.084564 -0.015529 0.046497 0.025459 0.071947 0.15242 -0.052363 0.46987 0.29453 0.094502 0.018775 0.26133 0.23872 0.033553 -0.037239 0.078736 0.057684 -0.0031124 0.0043073 0.005451 0.0089356 -0.01611 0.025751 0.019557 0.026977 0.034918 -0.01871 0.059101 0.026498 0.00021218 -0.0039478 0.0073138 0.0056103
0.0049684 -0.0038595 0.008446 0.0055455 -0.0037686 0.011178 0.036453 0.034598 0.017222 0.0057689 0.029793 0.041265 -0.0010774 0.0038312 0.0035065 0.0042903 0.13516 -0.032844 0.13719 0.043759 -0.13681 -0.0042585 0.29169 0.25814 0.06458 0.08025 0.19818 0.24163 0.0031769 0.013663 0.053762 0.056296 0.08778 -0.025791 0.088097 0.028071 0.13523 -0.010431 0.42567 0.30575 0.11912 0.070593 0.38892 0.3933 -0.028773 -0.0042164 0.066371 0.041177 7.2634e-05 1.6914e-05 0.00023125 0.00054947 0.051826 -0.019661 0.077876 0.045583 0.003433 -0.064139 0.066495 0.081319 -0.0083726 -0.017111 0.0086866 0.017153
0.0028838 0.0025614 0.0038635 0.0031087 0.011426 -0.014977 0.028527 0.044798 -0.011982 -0.0071534 0.028059 0.045235 0.0026635 -0.0015008 0.007577 0.010304 0.026217 0.0047455 0.034207 0.01148 -0.0057708 0.036913 0.22078 0.28596 0.071482 -0.012699 0.27425 0.28634 0.037848 0.022956 0.067939 0.048563 -0.007336 -0.005901 0.044559 0.038778 0.071162 -0.030518 0.21946 0.36278 0.076892 0.099851 0.30992 0.60712 0.0067552 -0.027365 0.041038 0.039533 0.00024032 0.0019284 0.0046415 0.0053891 0.028875 0.0094723 0.048782 0.029342 -0.016382 -0.018432 0.063628 0.0738 -0.00015731 0.0016504 0.0025949 0.0037738
0.0028317 0.0014295 0.0054307 0.0040649 -0.019693 0.01411 0.0334 0.027885 0.031021 0.034105 0.055565 0.046671 -0.0040096 -0.0025789 0.0056329 0.0066894 0.015135 -0.032705 0.03534 0.05967 0.12325 0.10365 0.3166 0.35116 -0.16737 0.11971 0.39665 0.27795 -0.024782 -0.020231 0.035488 0.080405 -0.01364 0.0019548 0.03143 0.022087 0.28975 -0.064263 0.33587 0.24394 -0.17454 0.0046067 0.32516 0.19273 0.0034853 0.038024 0.032406 0.077348 -0.00019251 0.0020399 0.0039031 0.006945 0.016506 0.010723 0.027521 0.033598 0.025 -0.0065803 0.033635 0.020592 -0.0090382 -0.0020597 0.0094092 0.0070492
-0.00058325 0.00054135 0.0043881 0.0016212 0.02347 0.0092808 0.056373 0.017542 0.022726 0.025467 0.036209 0.030779 -0.0040341 0.0028259 0.0077848 0.0040189 -0.051167 0.0064737 0.067353 0.016647 0.4193 0.033075 0.53793 0.17798 -0.03438 -0.029795 0.23585 0.13485 -0.0077457 0.0013823 0.056806 0.036098 -0.0582 -0.0085407 0.068078 0.020989 0.34354 0.018304 0.43304 0.13347 -0.017848 -0.030623 0.19702 0.16105 0.0087621 -0.0084326 0.016653 0.020852 -0.0073055 0.00066374 0.0077049 0.0028139 0.053331 -0.0068381 0.059591 0.020423 -0.0048974 -0.0068828 0.010577 0.012134 -0.0014781 0.0021676 0.0020875 0.0034735
0.0036769 0.0011348 0.0070446 0.0048999 -0.0019749 0.028802 0.048412 0.082111 -0.023058 0.023165 0.035928 0.044617 -0.021947 0.0037054 0.021956 0.004038 0.035153 -0.026785 0.051466 0.080398 -0.16893 -0.19061 0.3939 0.36023 0.1244 -0.10309 0.34622 0.23697 -0.15277 0.022164 0.15288 0.033594 -0.00048951 0.0062859 0.029473 0.034119 -0.058031 0.026237 0.19872 0.21466 0.18639 0.075044 0.32776 0.31053 -0.1242 0.0065761 0.1242 0.021476 -0.001783 -0.00099547 0.0085281 0.0086945 -0.0012302 -0.01634 0.030261 0.03131 0.00171 -0.024989 0.024747 0.047538 -0.0078298 -0.0013528 0.011881 0.0058375
-0.0059813 -0.0076419 0.013192 0.011263 0.029768 -0.022891 0.058336 0.036713 -0.018733 0.0030487 0.040885 0.01071 -0.0052605 0.00025418 0.0054275 0.0018543 -0.066041 0.0024698 0.07015 0.026462 0.36668 -0.033907 0.50453 0.18448 -0.20021 0.00467 0.28928 0.091136 -0.031926 -0.0073753 0.042343 0.015318 0.025965 0.0090194 0.05574 0.023737 0.04565 0.19382 0.32573 0.25675 -0.18592 -0.20286 0.23386 0.20286 -0.0092591 -0.0072399 0.033707 0.013519 0.0073598 -0.020239 0.0074803 0.020253 0.0019348 -0.11036 0.028079 0.11132 -0.026325 -0.043986 0.04329 0.044007 0.0024749 -0.0015786 0.0035406 0.002614
0.00052491 0.006027 0.0028136 0.0093179 -0.041243 0.015322 0.05326 0.039557 0.00031021 0.00444 0.018855 0.017812 0.0011527 0.0071169 0.0037723 0.0085644 0.02035 0.0019915 0.068318 0.056744 0.057723 0.072834 0.44843 0.2606 0.041732 0.1702 0.2084 0.23788 -0.024619 0.0055136 0.030798 0.01905 0.029013 -0.0078946 0.072958 0.089992 -0.060111 -0.11307 0.5171 0.43072 0.13676 0.00029933 0.22125 0.10753 -0.029663 0.0092442 0.035264 0.018457 -0.0050457 0.00080941 0.0058044 0.0044916 -0.012442 0.014184 0.035783 0.017278 0.051876 -0.017688 0.055196 0.023622 -0.0033068 -0.0011796 0.0056617 0.0036134
-0.0038138 -0.00041487 0.0093527 0.0020761 0.0087169 0.003984 0.03279 0.01984 -0.0079798 0.0088254 0.028492 0.031981 0.0014429 -0.0052196 0.002033 0.0069864 -0.0079874 -0.0017349 0.025933 0.021063 0.20356 0.13221 0.27395 0.19964 -0.15105 0.14591 0.32944 0.35379 -0.027213 0.021331 0.037907 0.039191 0.004802 -0.011808 0.029697 0.025112 0.23608 -0.057288 0.40605 0.2293 -0.12469 0.058002 0.3891 0.27604 -0.022041 0.0016622 0.05984 0.049042 -0.0014798 0.0028976 0.008303 0.0048976 0.03577 0.0019175 0.04737 0.035496 -0.014391 -0.025755 0.038093 0.028903 -0.0038222 -0.0020618 0.009128 0.0041631
-0.0018993 -0.0037593 0.007388 0.0082978 -0.0040244 0.011338 0.039266 0.053395 -0.0014645 -0.0066359 0.025944 0.036611 -0.0073093 0.004489 0.007312 0.0063622 -0.0065967 -0.027963 0.042668 0.044959 0.20336 0.033721 0.36802 0.21489 -0.16443 0.14295 0.29107 0.20954 -0.06444 -0.035548 0.071734 0.049876 0.0030218 -0.0053213 0.11185 0.031125 0.17512 -0.084786 0.27627 0.35568 -0.18897 -0.17676 0.32098 0.27326 -0.12314 -0.061397 0.1235 0.063114 -0.00064845 0.010934 0.0079687 0.01291 0.019351 -0.037204 0.070758 0.098541 -0.079444 -0.059459 0.083969 0.066528 6.3198e-05 -0.00019865 0.00015427 0.00041919
0.0064921 0.0013019 0.015753 0.0073756 0.0052548 -0.015406 0.042374 0.046217 -0.010768 0.021769 0.052023 0.041105 0.00094097 -0.0013202 0.004734 0.0099416 -0.021156 0.0051133 0.071187 0.0357 0.06024 0.066229 0.44268 0.24514 0.061963 0.085067 0.36631 0.29549 -0.051017 0.032407 0.054731 0.053991 0.01724 -0.0087365 0.060265 0.043701 0.041648 -0.15005 0.37687 0.24979 0.15012 -0.086279 0.31119 0.30527 -0.019036 -0.0098991 0.035196 0.035227 0.0016147 -0.0025078 0.0097478 0.0043441 -0.017012 -0.001149 0.051476 0.038606 0.024701 -0.022695 0.089973 0.076449 -0.00095895 0.0013348 0.0047143 0.011816
-0.0014084 0.0038435 0.00286 0.0054743 -0.0081475 -0.0048625 0.051842 0.048628 0.026635 -0.0051355 0.05713 0.049174 -0.0024576 0.0019394 0.0092448 0.0079777 -0.00094869 -0.031377 0.014671 0.041321 -0.21931 0.011771 0.27341 0.15157 0.328 -0.015148 0.53211 0.30105 -0.040512 -0.0042647 0.1107 0.062304 -0.0033223 -0.016482 0.012105 0.031315 -0.057681 -0.0073391 0.12963 0.13178 0.23443 0.024763 0.39637 0.27227 0.011072 0.0061234 0.062535 0.069368 -0.00035058 0.0013288 0.0021712 0.0063005 0.0046234 -0.012584 0.011802 0.036292 0.029969 -0.0092269 0.031697 0.038522 -0.0022951 0.00051412 0.0064335 0.010707
0.0027327 0.00074245 0.0032558 0.0022221 0.019797 0.0052571 0.046437 0.038294 0.011482 -0.00085206 0.072477 0.053586 -0.0031398 0.00079807 0.00536 0.0041203 0.0039704 -0.0044034 0.021928 0.016307 0.17142 0.080432 0.43852 0.52608 -0.11185 -0.079227 0.20637 0.29975 0.015096 0.0055204 0.027026 0.019825 0.00052467 -0.0028009 0.044213 0.02996 0.1129 -0.093003 0.31652 0.33483 -0.052102 -0.091203 0.15701 0.22786 0.0010022 -0.0027695 0.027713 0.024997 0.0033702 0.0023235 0.0050908 0.003558 0.0064424 -0.0084778 0.028995 0.022634 -0.0051325 0.013598 0.022376 0.036101 -0.0064174 -0.0084148 0.0064871 0.0084514
-0.0074774 -0.0008121 0.010373 0.0038624 0.0034148 -0.0050473 0.02002 0.019664 0.028777 -0.0058223 0.033578 0.023171 -0.0044415 0.0016266 0.0066482 0.0060208 0.0044103 -0.0032735 0.030809 0.042987 0.029707 -0.050816 0.20293 0.41648 0.19199 0.082174 0.39319 0.37685 -0.0080783 0.019689 0.039074 0.069494 -0.021354 0.03038 0.072099 0.053132 -0.012989 0.069421 0.17587 0.20055 0.25624 -0.070495 0.42001 0.28255 -0.020392 -0.01986 0.038903 0.050249 -0.001075 -0.0081856 0.0049779 0.0087497 -0.017782 0.0022561 0.033825 0.059565 0.010877 -0.021113 0.038404 0.060053 -0.0024221 -0.0050881 0.004262 0.016293
-0.0032163 0.00029597 0.0064994 0.0074814 0.0002872 0.0022768 0.04524 0.05898 0.0083383 0.0040901 0.03559 0.052669 0.0044819 0.0016768 0.0094365 0.0057748 0.0034905 0.0069596 0.026837 0.04998 0.044636 0.14532 0.30587 0.46293 -0.030526 0.090823 0.60809 0.33915 0.052268 0.004295 0.061999 0.059654 0.0086198 0.0023479 0.019098 0.020801 0.028967 -0.15887 0.12546 0.2017 0.011592 -0.094757 0.17318 0.1563 -0.0034921 -0.018101 0.023272 0.034425 -0.00033016 0.00028021 0.0033215 0.0026537 0.0022669 0.025008 0.027729 0.027571 0.0019945 0.0063084 0.015712 0.015561 9.0111e-05 0.002737 0.0015995 0.0033519
0.0065108 0.0042218 0.0084134 0.0086357 0.0052086 0.00029286 0.04174 0.051202 0.0013644 -0.0062746 0.04366 0.068168 -0.00067217 0.00063205 0.0045005 0.008702 0.049486 -0.018652 0.050911 0.029048 0.036706 -0.026239 0.19459 0.24723 0.093991 0.067439 0.26281 0.35494 -0.0027727 0.00071682 0.029485 0.05209 0.046229 0.001599 0.054444 0.013676 0.21375 0.065094 0.35103 0.53551 0.052474 0.077535 0.28683 0.29726 -0.04733 0.0040897 0.074102 0.061417 0.0019563 8.0064e-05 0.0048777 0.0019387 0.023599 -0.02632 0.062697 0.048802 0.0076973 -0.03126 0.052156 0.042823 -0.0057032 -0.0040649 0.0062379 0.0049665
-0.0001932 0.00080859 0.0044562 0.0036545 0.029674 0.00045124 0.054945 0.036204 -0.013169 0.0069166 0.045396 0.028912 0.0018587 -0.00042863 0.005169 0.0027272 -0.0047543 -0.0020977 0.045693 0.020422 0.21467 0.00046042 0.46721 0.3284 -0.1214 0.0021735 0.35249 0.30364 0.0277 0.0025 0.041723 0.023825 -0.017613 0.0017702 0.047305 0.057143 0.23756 -0.035916 0.35225 0.18108 -0.057986 -0.067253 0.24521 0.28124 -0.048533 -0.032838 0.049725 0.045051 0.0036994 0.0026339 0.0083878 0.0078101 -0.00075067 0.017887 0.050461 0.035317 -0.0091124 -0.0070756 0.032112 0.034536 -0.014092 -0.0069358 0.014356 0.0069833
0.0058768 0.0012602 0.0058868 0.0020884 0.0060577 0.023992 0.050933 0.032468 0.039556 0.0113 0.050123 0.028432 -0.0074521 0.0010031 0.0108 0.0040159 0.033032 0.017367 0.034707 0.018592 0.13245 -0.14457 0.23336 0.41333 -0.054819 -0.11381 0.20056 0.35925 -0.032459 -0.018525 0.045005 0.033652 0.038304 0.0019392 0.044446 0.013285 0.11396 0.11458 0.21807 0.411 -0.14115 -0.058435 0.26858 0.42217 -0.046761 -0.016061 0.049503 0.044496 0.00293 -0.0027993 0.0037088 0.0042316 0.0030737 -0.001753 0.023915 0.033674 -0.018045 0.0015269 0.062947 0.031777 0.0061296 0.0042441 0.006636 0.0050022
-0.0033552 0.0020456 0.0053163 0.0064095 0.0078832 0.017299 0.032296 0.040162 0.029048 0.012353 0.053278 0.057892 -0.0085534 -0.0029345 0.011291 0.0058515 -0.049377 0.01006 0.094494 0.070399 0.083721 0.21743 0.26647 0.28242 -0.0043591 0.073735 0.38299 0.26126 -0.061163 -0.00050993 0.076616 0.076723 -0.016827 -0.024902 0.032374 0.0332 0.2863 -0.12179 0.34463 0.28032 -0.13493 0.075528 0.34881 0.27745 -0.032294 0.010012 0.045816 0.035646 -0.0048046 -0.00076261 0.0060311 0.0042594 0.036859 -0.0060287 0.049488 0.039539 0.0011887 -0.012409 0.036303 0.027037 0.00038098 0.0041547 0.0076582 0.0078109
0.004074 0.0043274 0.011961 0.0093227 -0.0019433 0.035771 0.05773 0.047565 -0.0019752 0.038658 0.026146 0.044035 -0.0070779 0.00089893 0.0080225 0.0041514 -0.054405 -0.028667 0.076191 0.050514 0.30963 -0.07066 0.47893 0.20455 -0.11046 0.017049 0.22778 0.09077 -0.050663 -0.0056794 0.063925 0.014945 -0.063621 0.002322 0.07152 0.02034 0.31632 0.02716 0.49595 0.18914 -0.15524 -0.06154 0.2723 0.13835 -0.028868 -0.0081813 0.036185 0.015564 0.0097494 0.0030012 0.013066 0.0078818 -0.014633 0.026122 0.047915 0.046037 -0.024853 -0.027637 0.035736 0.027936 -6.4832e-05 -0.0010867 0.003631 0.0020287
-0.0023285 -0.010913 0.0032247 0.011512 0.00098305 -0.063752 0.037962 0.06703 0.0098318 -0.032977 0.017007 0.038298 0.00015624 -0.00092165 0.0032686 0.0020875 0.0093974 0.011031 0.024741 0.032907 0.10008 0.1598 0.26202 0.28773 0.092615 0.07058 0.33908 0.32265 -0.017745 -0.004056 0.025838 0.03067 -0.00073491 -0.0054147 0.034616 0.02076 0.14808 -0.014058 0.36315 0.27276 0.058745 -0.018544 0.45871 0.3249 -0.0064957 0.043602 0.034235 0.049569 0.00041539 0.00016816 0.0018218 0.0012934 0.010236 -0.0045116 0.040293 0.045224 0.011981 0.021003 0.036651 0.044939 0.0010423 -0.0075069 0.0052232 0.008515
0.0004088 0.0046463 0.005356 0.0092764 0.020874 0.017232 0.088959 0.054707 -0.039557 0.036617 0.053625 0.044831 -0.0028344 0.0049226 0.0041203 0.0049301 0.015455 -0.0041745 0.068441 0.059121 0.025162 0.013096 0.41097 0.31084 -0.040281 0.0094735 0.29974 0.31413 -0.029378 0.0081937 0.048947 0.038568 0.019468 -0.028026 0.042063 0.05471 0.19789 -0.033979 0.27666 0.3019 -0.032851 0.18489 0.34257 0.33024 -0.038321 -0.0063066 0.057389 0.022696 0.0041214 -0.0025769 0.0053382 0.0048006 0.042157 -0.050572 0.059604 0.1125 -0.0074941 -0.042293 0.058299 0.06114 -0.0020588 0.00036529 0.0043688 0.0030062
-0.002929 -0.0016793 0.0053068 0.0054206 0.011974 -0.016237 0.022131 0.030333 -0.012129 -0.029063 0.050226 0.034996 0.0065878 -0.00080994 0.0088824 0.0027386 -0.0094507 0.023278 0.025694 0.038955 -0.079995 0.01003 0.26385 0.17811 0.012336 -0.023113 0.57866 0.31979 0.027878 -0.00047216 0.052428 0.037585 -0.025471 -0.0015997 0.044619 0.036172 -0.017661 0.07512 0.25169 0.24015 0.023358 0.12269 0.35171 0.39304 0.017492 0.0085636 0.048814 0.057015 -0.0078488 -0.0052458 0.01083 0.013153 0.015943 -0.020265 0.036005 0.051297 -0.012203 -0.015266 0.046816 0.039472 0.0023868 -0.0027316 0.0043704 0.0040428
