-0.0031548 -0.0024712 0.0048959 0.0041269 0.019712 0.0049606 0.035429 0.028434 0.01228 0.064757 0.041184 0.073685 -0.0016493 0.0031446 0.0058825 0.0045741 -0.0026175 -0.0046814 0.015446 0.024809 0.074816 -0.032482 0.28145 0.20412 0.19695 -0.14705 0.36579 0.32864 0.019352 0.0055254 0.042369 0.033359 0.01157 0.0035381 0.017942 0.029723 0.10518 0.15355 0.35311 0.26704 0.14152 0.1061 0.40703 0.34257 -0.0011755 -0.0029244 0.03392 0.026828 0.0054509 -0.00018955 0.0070166 0.0032561 0.012351 0.0051396 0.033192 0.032139 0.0056667 -0.0046466 0.03145 0.015595 -0.0057204 -0.00089604 0.0073225 0.0050859
0.00034575 -0.0020532 0.0037665 0.0024535 0.04754 -0.0043726 0.052849 0.029675 -0.0040661 0.023313 0.04095 0.042344 -0.003738 0.0050753 0.0059793 0.010017 0.0097172 -0.0015313 0.015691 0.0090174 0.33723 0.048532 0.37304 0.14115 0.066815 0.15132 0.14476 0.28874 -0.007714 0.014019 0.049824 0.046797 0.002798 0.005332 0.018186 0.014824 0.23968 -0.14962 0.27141 0.29177 0.15971 -0.23322 0.34157 0.36315 0.020891 -0.0084109 0.033738 0.03062 0.0014844 -0.0011939 0.0024948 0.001536 0.041621 0.006331 0.053256 0.017111 0.018716 0.013294 0.036017 0.024618 0.00020602 0.00097027 0.0039049 0.0035133
0.0031694 -0.0034818 0.0085255 0.005726 0.009852 -0.021802 0.027519 0.043525 -0.00031176 0.024761 0.031207 0.032579 0.0017244 0.0026916 0.0046372 0.0049725 -0.018872 0.0064454 0.032278 0.023982 0.37185 0.12714 0.4569 0.26092 0.041349 0.072369 0.14252 0.19528 -0.01009 0.0094799 0.020869 0.01774 0.0021537 0.014718 0.034608 0.024373 0.17003 -0.14465 0.33034 0.26433 0.092214 -0.19125 0.31456 0.33243 -0.0053628 -0.013492 0.032137 0.026471 -0.0027147 -0.0016137 0.0045331 0.0030492 -0.014167 -0.0099963 0.024898 0.019966 0.036142 -0.030996 0.041806 0.039621 -0.0023282 -0.0024648 0.0052405 0.0041144
-0.0018992 0.0012216 0.0059284 0.0031585 -0.011735 0.020753 0.02415 0.031934 0.002054 -0.011676 0.021395 0.019566 0.0018932 0.004232 0.003458 0.0059216 0.013636 -0.004671 0.029538 0.025082 -0.040157 -0.13329 0.32306 0.36897 0.16248 0.024455 0.30545 0.2974 0.012008 0.026878 0.022754 0.03018 0.032582 -0.012162 0.035483 0.016958 -0.16774 0.11511 0.19954 0.20027 0.31233 -0.052668 0.42863 0.33042 0.0027712 -0.017742 0.037281 0.033052 0.00084202 0.00066104 0.0018012 0.0028265 -0.0088829 0.0058699 0.028459 0.023868 -0.012655 -0.0098139 0.041592 0.019895 0.0021825 -0.0059469 0.0050331 0.0065517
-0.0027674 -0.0010499 0.003129 0.0023882 0.03485 0.0096232 0.038937 0.025319 0.013021 0.044357 0.062377 0.057048 0.001178 -0.0052402 0.010407 0.012655 -0.011724 -0.010443 0.022417 0.040183 0.31129 0.029264 0.34907 0.19231 0.030022 0.035656 0.29899 0.25508 0.02375 -0.00028694 0.041972 0.023204 -0.017635 0.029475 0.03851 0.034759 0.1037 -0.085138 0.35374 0.36005 0.080906 -0.32809 0.1552 0.37182 0.016658 -0.045121 0.048094 0.057012 -0.00028835 -0.0076699 0.0062912 0.0082009 -0.019248 0.017052 0.027786 0.073298 -0.00073618 -0.0082226 0.012501 0.015114 0.00010852 -0.00056855 0.0016433 0.00227
0.00077073 0.0069114 0.0053427 0.0091836 0.03024 6.323e-05 0.077282 0.065665 0.0040818 0.013611 0.040589 0.026684 -0.00046645 -0.00012486 0.0073457 0.0034509 -0.0052867 -0.021277 0.032002 0.057367 -0.013368 -0.19447 0.20513 0.38804 0.20724 -0.13436 0.43116 0.25282 -0.051302 -0.0064656 0.072503 0.034371 -0.0070284 0.0055759 0.02103 0.028755 -0.046693 0.13764 0.1796 0.23727 0.27831 0.036513 0.40057 0.25399 -0.047246 0.0041036 0.088516 0.023094 0.0011777 -0.0043901 0.0029186 0.0063377 0.0092394 -0.005564 0.01708 0.0358 -0.017125 -0.027377 0.032643 0.032588 0.0017405 -0.006186 0.014825 0.0065114
0.0014328 0.0011183 0.0014595 0.0012162 0.044683 0.006509 0.058779 0.023355 -0.0055557 0.034995 0.031359 0.058197 -0.00098223 0.00010458 0.0036344 0.0041285 0.04076 0.0018633 0.041097 0.003316 0.45242 0.085958 0.49229 0.1835 -0.15755 -0.083572 0.25964 0.30757 0.011923 -0.0047904 0.036786 0.053745 0.045025 0.0053859 0.045067 0.0069561 0.14739 -0.18477 0.21333 0.20159 0.019861 -0.19971 0.18939 0.26926 -0.0029658 -0.010726 0.01781 0.026199 0.0032032 0.00043579 0.0036053 0.00083119 0.00097106 -0.0096137 0.011523 0.011733 0.014262 -0.021067 0.030035 0.027098 -0.0013311 -0.0012428 0.0020574 0.0026505
-0.0014968 5.8499e-05 0.0028045 0.00087288 0.0056386 -0.003269 0.015668 0.012763 0.047845 0.013393 0.06032 0.020176 -0.0039723 0.0044633 0.0066872 0.006287 -0.017748 -0.0057622 0.028368 0.012652 0.046388 0.0038048 0.092457 0.068931 0.40523 -0.10165 0.48323 0.39661 0.012771 0.013207 0.040963 0.046701 -0.0070141 -0.0010693 0.017683 0.006994 0.09478 0.0089601 0.19375 0.068083 0.36393 0.14802 0.37833 0.22445 0.00011187 -0.012259 0.023122 0.020587 0.00037938 0.00081551 0.0013316 0.001524 0.045654 0.0076698 0.050762 0.011682 0.013215 -0.0037931 0.021858 0.018483 -0.00094017 -0.0042082 0.0039899 0.0058833
0.00086 0.0038256 0.0049458 0.0063266 -0.0060577 0.0202 0.03968 0.034751 0.028026 -0.017381 0.040817 0.073372 0.0023653 -0.001109 0.0062894 0.00499 0.0081161 -0.0071766 0.012729 0.019724 -0.13066 -0.079336 0.24812 0.40499 0.18983 -0.03943 0.37765 0.24035 0.027477 -0.0040156 0.035005 0.054623 0.0070106 -0.001145 0.017478 0.019579 -0.047484 0.1156 0.26232 0.26151 0.22067 0.21078 0.3319 0.34957 0.025198 0.025203 0.026632 0.028418 -0.00016728 0.0047735 0.0064532 0.0051974 0.014155 0.0024414 0.082239 0.039454 -0.0013967 -0.038376 0.043573 0.044902 0.0039866 -0.002316 0.0060793 0.0044902
-0.0019924 -0.0023319 0.0040896 0.0043783 0.034585 -0.032332 0.051429 0.060696 0.015421 -0.015388 0.030081 0.046662 0.00032704 0.0001889 0.0036582 0.0040538 0.0065982 0.01569 0.040461 0.030429 -0.017614 0.036954 0.34617 0.34528 0.28653 -0.11288 0.36819 0.35951 0.026823 -0.0013756 0.041956 0.027331 -0.0087061 -0.0028219 0.031786 0.02726 -0.0052316 0.034473 0.1683 0.20757 0.20985 0.061132 0.36601 0.32203 0.01716 -0.044614 0.039995 0.05564 -0.0018732 -0.0035495 0.0026727 0.0072652 0.019771 0.023017 0.060177 0.054759 -0.037309 -0.032409 0.048118 0.044972 0.0036225 0.0029289 0.0043298 0.0038401
0.0030548 0.0020037 0.0047523 0.0037868 0.0035514 0.00035545 0.024847 0.042524 -0.023072 -0.037827 0.04309 0.042464 -1.636e-05 -0.0031125 0.0021234 0.0044655 0.0032642 -0.0089477 0.045477 0.041684 0.13398 -0.11276 0.44512 0.24297 -0.21467 0.065444 0.28182 0.17481 0.0096604 -0.0033415 0.031904 0.013139 -0.030229 -0.018157 0.043513 0.032265 0.29815 -0.043064 0.44001 0.21701 -0.18528 0.029215 0.33627 0.18668 0.012614 -0.0037407 0.031476 0.016342 3.0469e-05 0.0016358 0.010055 0.0070847 0.030143 0.070182 0.042407 0.075877 -0.025083 0.036563 0.029281 0.042697 -0.0022902 0.0063079 0.0059289 0.0070132
-0.00018733 -9.3643e-05 0.0023268 0.0041935 0.0011452 -1.4028e-05 0.046498 0.025036 0.030519 0.051099 0.053801 0.06739 -0.0053055 0.0052332 0.0057948 0.005622 -0.019967 -0.01055 0.038987 0.038684 0.17945 0.040478 0.25112 0.20869 0.23718 -0.046728 0.43805 0.24784 -0.0077962 -0.014361 0.024101 0.023169 -0.011064 -0.0014093 0.043424 0.044252 0.12317 -0.057986 0.28723 0.25835 -0.069412 -0.38762 0.15167 0.40846 0.0085042 -0.056548 0.017537 0.063988 -0.00043615 -0.0023062 0.0046473 0.0025225 -0.0027651 -0.036799 0.019359 0.04725 -0.0065201 0.0075493 0.015007 0.017442 6.68e-05 0.00024341 0.0020138 0.0039391
0.005035 -0.0014851 0.0060572 0.0035683 -0.0021791 0.0072025 0.044664 0.026013 0.016608 0.033895 0.040793 0.045691 -0.00042594 0.00010377 0.0032015 0.0032948 -0.02928 0.018468 0.039647 0.03745 0.26088 -0.036783 0.37482 0.33219 -0.025117 0.054395 0.16851 0.28597 -0.0099759 -0.00026361 0.019686 0.032317 -0.053902 0.020923 0.060784 0.039408 0.1955 0.10383 0.52103 0.24555 0.021647 -0.092405 0.26384 0.26408 -0.031935 -0.0043163 0.040891 0.021307 0.00051996 -0.00046984 0.0050155 0.0056967 0.0092635 -0.021452 0.040951 0.07993 -0.008843 0.002403 0.037767 0.034653 -0.00032235 0.0022259 0.0017998 0.0026759
-0.0033371 0.0015019 0.0096274 0.0063183 -0.021357 -0.016787 0.026554 0.02253 0.023296 0.010776 0.037805 0.042844 6.1426e-05 0.0037394 0.0095608 0.0090107 -0.028136 -0.013701 0.057268 0.059323 -0.081473 -0.050584 0.19027 0.35181 0.25688 0.09774 0.34919 0.26206 0.038327 0.0089495 0.05615 0.048303 -0.0092345 -0.018657 0.025276 0.031271 -0.074061 0.16034 0.28492 0.38678 0.14219 -0.12982 0.2935 0.37386 0.0072515 -0.052224 0.025135 0.063358 7.4783e-05 -0.00024934 0.0020786 0.0020432 0.0097464 -0.04643 0.020522 0.062575 -0.012819 -0.028104 0.025524 0.031641 -0.00021188 -0.0030047 0.0013323 0.003284
0.0014894 -0.00060189 0.0024451 0.0015873 0.033445 -0.018575 0.062584 0.060123 0.010719 -0.023772 0.024723 0.046327 -0.0016538 -0.0012187 0.0034814 0.0038542 0.0047103 9.3514e-05 0.013725 0.017108 0.36727 -0.018462 0.46936 0.21922 0.083646 0.078388 0.24021 0.197 -0.033639 -0.0014326 0.042226 0.021758 0.0074138 -0.0039904 0.014272 0.010664 0.38579 -0.068248 0.45703 0.094882 0.014494 -0.10748 0.20192 0.18911 -0.010172 -0.011787 0.028807 0.037611 -0.0001288 0.00035083 0.0013969 0.0011849 0.042641 -0.017034 0.046214 0.022253 0.0018769 -0.025076 0.029726 0.039041 0.0011667 -0.0041819 0.0042524 0.0050149
0.00068457 -0.00057485 0.0024761 0.0018153 0.0078147 0.0061175 0.033718 0.040375 -0.0016593 0.014688 0.064337 0.085996 -0.0037958 0.010272 0.003903 0.011633 0.013545 0.015484 0.020318 0.021842 0.030647 -0.012602 0.20637 0.22109 0.12258 -0.032164 0.41439 0.32734 0.00072144 -0.010136 0.02415 0.053088 0.041698 0.011592 0.053452 0.053754 -0.23532 -0.091674 0.32626 0.269 0.14161 -0.11192 0.50758 0.20533 0.026394 -0.01132 0.033552 0.028287 0.0024613 -0.0036218 0.0056756 0.0042591 -0.0051712 0.031798 0.039399 0.050813 -0.0066325 0.0077389 0.036528 0.027463 0.0023059 -0.00017474 0.0028165 0.0033094
-0.0010619 0.00052132 0.0022849 0.0021925 0.017892 0.011398 0.020232 0.016131 0.02102 0.034646 0.029201 0.04458 -0.0011152 0.0039111 0.0052876 0.0041041 0.0041756 0.035762 0.022606 0.045878 0.33734 0.20673 0.3889 0.503 -0.086775 0.097928 0.20823 0.18329 -0.012076 0.0025435 0.035371 0.028809 -0.0040634 0.022059 0.037271 0.043836 0.024206 -0.019426 0.27025 0.25447 0.1107 0.03859 0.37125 0.17488 -0.04242 0.012989 0.045082 0.048483 0.00099029 -0.0009288 0.0051381 0.0040048 0.007761 0.0087872 0.024235 0.023467 -0.00042549 -0.0027355 0.023157 0.017031 0.0015357 -0.0036161 0.0044908 0.0076962
0.00045981 0.00036557 0.0023655 0.0017148 0.014851 -0.0018977 0.048907 0.022198 -0.010565 -0.020326 0.02956 0.025136 0.0071617 -0.0017438 0.0088274 0.0026775 -0.0054529 -0.0015623 0.020166 0.0084892 0.2443 0.021073 0.30943 0.18702 -0.054982 0.30819 0.23371 0.36079 -0.011162 0.029227 0.043149 0.057523 -0.010676 -0.0034443 0.028615 0.013583 0.40815 -0.043979 0.43688 0.24383 0.092829 0.019492 0.14008 0.22295 -0.039518 -0.0025393 0.055646 0.032024 -0.00018728 -0.00037138 0.0024278 0.00082035 0.063318 0.011457 0.069717 0.0203 -0.0048997 -0.0065814 0.017896 0.023358 -0.0046795 -0.0020422 0.0056758 0.0034007
0.0015235 -0.0018088 0.0030126 0.0021271 0.046787 0.014952 0.054958 0.032869 0.0076707 0.021386 0.032709 0.029687 -0.0076604 0.0029895 0.0088233 0.0032623 0.0053755 0.00031973 0.019397 0.014986 0.38492 -0.094617 0.46094 0.24474 0.058668 -0.033181 0.17943 0.15794 -0.035551 -0.01899 0.040338 0.032334 -0.00029563 0.00031563 0.010269 0.0099009 0.43143 -0.07836 0.45618 0.12788 -0.035646 -0.14663 0.10918 0.17945 -0.031595 -0.0028243 0.052064 0.024076 0.00055797 -0.0010621 0.0025106 0.0014798 0.028412 -0.015808 0.039942 0.0177 -0.0033436 -0.039267 0.017306 0.041313 -0.00070382 -0.0070264 0.002233 0.0072451
0.0043132 -0.0023142 0.0064139 0.0032155 0.0019553 -0.00088196 0.024683 0.029486 0.02719 0.010295 0.046479 0.031341 -0.0029858 0.00017566 0.0082187 0.0025083 0.021482 0.011227 0.027308 0.027791 0.27526 0.036337 0.48003 0.19164 0.058869 -0.038653 0.37193 0.25055 -0.031663 0.011745 0.041403 0.026288 -0.003191 0.01129 0.039766 0.053794 0.068051 -0.087484 0.34655 0.27491 0.12218 -0.11859 0.36077 0.19293 -0.014487 -0.026014 0.048797 0.052241 0.003198 0.0076706 0.0098793 0.010888 -0.048696 0.057699 0.069255 0.099511 0.013811 -0.0049159 0.039952 0.030513 0.003145 0.00033421 0.0038555 0.0042107
0.001642 0.0012341 0.0035816 0.0037494 0.017643 -3.4932e-05 0.021555 0.033717 -0.013318 -0.040538 0.026975 0.054157 -0.0026371 0.00015096 0.003924 0.0042505 0.0037175 -0.015167 0.030659 0.036184 0.1545 -0.1032 0.47865 0.33029 -0.21079 0.027994 0.30387 0.16571 0.012077 -0.0075404 0.026627 0.017326 -0.009978 0.0050645 0.040022 0.031539 0.24083 0.15812 0.36931 0.27215 -0.19552 0.0259 0.29233 0.15455 -0.0068355 -0.0091475 0.031264 0.016823 0.011241 -0.0013069 0.011664 0.0057759 -0.011744 0.011474 0.034605 0.032116 -0.024349 0.015506 0.026607 0.028969 -0.0034923 0.0043438 0.0056854 0.0068983
-0.0035982 0.00088212 0.0065634 0.0068123 0.03249 0.014948 0.055203 0.04865 -0.03101 0.0272 0.069808 0.081324 -0.0089198 0.016724 0.0089808 0.016845 0.019026 -0.0043473 0.046163 0.040181 0.18331 0.0883 0.44298 0.24971 -0.11437 0.067431 0.27954 0.18728 -0.012539 0.00061574 0.03305 0.02492 0.021677 0.0066191 0.067948 0.061313 0.16107 -0.24195 0.49465 0.31457 -0.08842 -0.092918 0.19542 0.20369 -0.0049038 -0.0058056 0.026875 0.024101 -0.011841 0.0036972 0.012513 0.01118 0.012219 -0.0029946 0.045839 0.034109 0.019103 0.020533 0.045724 0.034422 -0.0019224 0.00054273 0.0047364 0.0051102
-0.00033598 -0.0011302 0.0032818 0.0022667 0.018729 -0.013008 0.020416 0.019117 0.017749 -0.019549 0.049761 0.040053 -0.0068091 -0.0014832 0.010018 0.0088151 0.00046498 0.018505 0.026277 0.02819 0.24327 0.035719 0.35716 0.24932 -0.20279 -0.022295 0.35837 0.23854 -0.002214 -0.010132 0.036055 0.019017 0.00067776 -0.014428 0.029664 0.018282 -0.00092128 -0.10636 0.39516 0.17197 0.21879 0.027621 0.44687 0.22366 0.00043986 0.057023 0.04213 0.067011 -5.8304e-05 0.00039942 0.0032685 0.0014606 0.0027267 -0.0092279 0.021087 0.011259 0.049461 0.0037662 0.053748 0.023017 0.00030823 0.00037087 0.0037378 0.0071596
0.0017943 0.00063228 0.0039502 0.0034821 0.00056369 0.0024989 0.034836 0.056586 -0.03541 -0.01795 0.041859 0.025067 0.003396 -0.00082995 0.0053355 0.0035834 -0.0079926 -0.015891 0.048892 0.043063 0.084468 -0.14432 0.29404 0.31364 -0.18781 0.055244 0.25185 0.11605 0.0054884 -0.0021413 0.03582 0.02289 -0.061435 -0.022627 0.073794 0.034047 0.29686 0.04332 0.3571 0.21746 -0.16128 0.062861 0.31726 0.491 0.0014626 0.0062587 0.025786 0.017085 -0.0048557 0.00059941 0.0058183 0.0024186 0.030437 -0.015751 0.040243 0.03009 -0.0084193 0.0058235 0.042357 0.054516 0.0015778 -0.0039051 0.0045728 0.0072924
-0.010233 0.002511 0.011234 0.0069418 0.035888 -0.003927 0.053648 0.040808 -0.014312 -0.0068301 0.029627 0.027251 -0.00019632 -0.0013457 0.0045078 0.0027152 -0.055292 -0.0050435 0.068008 0.050941 0.20838 -0.025011 0.31737 0.20083 -0.0030003 0.10255 0.31951 0.21548 -0.0026713 -0.0057483 0.021951 0.014226 -0.011084 0.02343 0.04234 0.057131 0.20851 0.11324 0.59697 0.29817 -0.11202 -0.074661 0.25195 0.19296 0.0062919 0.0081625 0.0327 0.020335 0.00023602 -0.0044459 0.0037798 0.0051081 0.01194 -0.0068818 0.047487 0.041475 -0.0041293 0.025975 0.049097 0.040675 -0.0016783 -5.7992e-05 0.0054529 0.0065188
0.00084489 0.0006841 0.0015368 0.0022995 -7.4662e-05 0.022383 0.016377 0.029538 0.023285 0.051581 0.02637 0.057881 -0.0024434 0.019465 0.0027292 0.019968 0.0041136 -0.0046894 0.017986 0.028559 -0.0005757 -0.10281 0.21481 0.21695 0.46359 -0.0069832 0.46581 0.17697 0.022766 0.0025434 0.039319 0.02585 0.028829 0.0048148 0.041998 0.034681 -0.0025924 0.21648 0.18203 0.32 0.23266 -0.0055121 0.35957 0.19355 0.036928 -0.044785 0.047837 0.057197 0.00081155 0.0026299 0.0027314 0.0065355 0.025846 0.0040078 0.030565 0.024141 -0.0050964 0.007052 0.019327 0.020477 0.0050663 0.0030343 0.010285 0.0050292
0.0021007 -0.0014974 0.0026349 0.0017775 0.036296 0.014003 0.047076 0.036313 0.006595 -0.012695 0.026445 0.066546 -0.0014818 0.00046481 0.0054902 0.0023866 0.0056686 0.0025407 0.015564 0.01761 0.32326 -0.13504 0.48754 0.28682 0.11658 0.040769 0.21734 0.15049 -0.034638 -0.016726 0.043742 0.023579 0.0078629 -0.005752 0.013372 0.010795 0.38486 -0.017628 0.46165 0.12072 0.042489 -0.072049 0.18264 0.17686 -0.012411 0.00049782 0.031278 0.034109 5.2262e-05 0.00033791 0.0017964 0.001118 0.045934 -0.0089349 0.049184 0.010705 0.0055653 -0.013979 0.024741 0.033937 0.00024561 -0.0028918 0.0040276 0.0038915
0.0046309 0.0020359 0.010918 0.0068738 0.0149 -0.018491 0.029435 0.033871 -0.014774 -0.0089084 0.035555 0.0211 -0.0055359 0.00011302 0.0083375 0.0019628 0.007841 -0.034677 0.065543 0.049166 0.22232 0.041172 0.34464 0.2425 -0.16477 0.085812 0.19694 0.18271 -0.003846 0.012726 0.048302 0.028049 -0.033968 0.067668 0.048744 0.083283 0.27013 0.0093088 0.50836 0.35773 -0.18901 -0.010061 0.28846 0.1981 0.010592 -0.0030017 0.057763 0.02801 0.00074537 -0.0087581 0.0046721 0.0098238 0.018921 0.0072259 0.040177 0.047969 -0.0094634 0.025606 0.059571 0.046946 -0.011302 -0.0053169 0.013385 0.0082739
-0.0011324 0.0065045 0.0081918 0.0088016 -0.030665 0.098213 0.03424 0.1016 -0.026739 0.0856 0.029896 0.086434 0.00015864 -7.8452e-06 0.00038566 0.00027245 -0.020762 -0.0025002 0.041268 0.04106 0.29644 -0.00078738 0.36199 0.19923 -0.12581 0.19564 0.35711 0.29631 -0.03125 0.054833 0.057002 0.059366 -0.05683 0.057758 0.070113 0.069114 0.025467 0.017226 0.37058 0.31511 0.056405 -0.11989 0.28807 0.19935 -0.010465 -0.0018497 0.03792 0.015025 -0.00040637 0.0011079 0.0042683 0.0085256 -0.054554 0.0044728 0.07692 0.065969 0.037038 -0.013583 0.06807 0.056332 -0.004343 0.00094247 0.0077314 0.0034727
-0.00021726 -0.000423 0.0033934 0.0018328 0.0039483 0.0049304 0.017541 0.015666 0.089766 0.028463 0.09643 0.041192 -0.0017584 0.0011655 0.0036421 0.0042368 -0.0012914 -0.0031308 0.010636 0.011191 0.40744 0.084704 0.47357 0.11823 0.14993 -0.050502 0.22709 0.22072 -0.013936 -0.015666 0.02619 0.040382 0.0083907 -0.004082 0.016269 0.013728 0.2581 -0.093341 0.29938 0.17033 0.10966 -0.28719 0.20884 0.319 0.0038931 -0.03173 0.030428 0.03638 0.00041657 0.0017549 0.0026821 0.0020445 0.0061944 0.0073435 0.022413 0.013883 -0.0019007 -0.0078645 0.020496 0.027521 0.002607 -0.0037228 0.0029661 0.0048602
-0.00085218 0.011344 0.0015983 0.01159 -0.0097222 0.077317 0.017898 0.077522 0.0034646 0.031718 0.0075709 0.032157 -0.00099571 0.0015498 0.0019421 0.0016016 -0.01388 0.014379 0.048464 0.08733 -0.17246 0.021195 0.29345 0.34547 0.31431 0.16554 0.36983 0.37447 -0.023028 0.031853 0.043869 0.050517 -0.00365 -0.028395 0.037446 0.0342 -0.015844 -0.021105 0.24857 0.26531 0.21627 -0.013604 0.29452 0.21413 -0.013574 0.011322 0.033353 0.031841 -0.00096501 -0.0016423 0.0043117 0.0039716 -0.0009151 -5.2703e-06 0.021297 0.020906 0.03927 -0.0056552 0.0929 0.021606 0.0033644 -0.0011225 0.00784 0.0057378
0.0001957 8.6129e-05 0.00052977 0.00054749 0.025792 0.044354 0.030269 0.04702 0.065617 0.097212 0.073426 0.10472 0.0010156 0.0036427 0.0037094 0.0086753 0.043405 0.071785 0.064255 0.091717 0.14742 0.11611 0.30204 0.49304 0.14678 -0.09504 0.30619 0.32089 -0.016546 -0.0043854 0.043154 0.085691 -0.019074 -0.0016637 0.054282 0.070246 -0.0033298 0.023381 0.21121 0.15991 0.18904 0.081287 0.35492 0.25611 -0.038253 -0.039783 0.089188 0.075174 0.0046456 9.0453e-05 0.0092608 0.0061787 0.013195 0.0017603 0.042452 0.024966 0.0046859 -0.023661 0.059242 0.03624 -0.0087439 0.00045808 0.017469 0.0058189
-0.0021861 -0.00071929 0.00418 0.0049231 -0.014103 -0.0099471 0.036756 0.053569 -0.001454 0.0096776 0.078648 0.044071 0.01012 0.005292 0.014746 0.011361 0.0071717 -0.013527 0.03343 0.066147 -0.10902 -0.14181 0.2284 0.38327 0.18537 -0.02701 0.35272 0.25007 0.066766 0.018811 0.085069 0.088059 0.0026208 0.016968 0.071577 0.051882 -0.15919 0.065856 0.22677 0.29291 0.32106 -0.029255 0.35815 0.28255 0.022818 -0.038066 0.057823 0.04456 0.0039358 -0.0033528 0.0090567 0.0059391 -0.0054079 0.013112 0.04222 0.057508 -0.01282 0.019591 0.049321 0.071676 -5.4189e-05 -0.0093071 0.0019204 0.010591
0.0017518 -0.00074403 0.0029245 0.0017421 0.054638 0.012873 0.061711 0.037579 0.009456 -0.0036348 0.02237 0.05606 -0.00093639 0.00157 0.0036951 0.0049306 0.0070143 0.0007705 0.020694 0.013565 0.38159 -0.095681 0.46825 0.242 0.10487 0.027796 0.16258 0.15236 -0.015076 -0.012471 0.018261 0.02631 0.0027961 -0.0025265 0.011528 0.012767 0.41458 0.010104 0.46867 0.099494 0.052565 -0.055698 0.21932 0.15714 -0.0010362 -0.0095434 0.044058 0.036558 -0.00021023 0.00094021 0.0012636 0.0014924 0.0451 -0.014287 0.049397 0.017296 0.0082876 -0.022903 0.039048 0.027221 -0.00016282 -0.0036289 0.0033144 0.004932
0.0015198 -0.0063382 0.0062586 0.012932 -0.0088512 -0.018791 0.036756 0.039706 0.0014383 -0.0023561 0.040648 0.049848 -4.6066e-05 -0.0011956 0.011683 0.0052987 -0.021896 -0.004043 0.041508 0.035536 0.022745 0.047215 0.15747 0.18637 0.079475 0.083153 0.36 0.36278 0.027866 0.002257 0.050434 0.033631 -0.020929 0.020737 0.033321 0.033026 0.070348 0.099741 0.30648 0.31319 0.088518 0.12545 0.50052 0.36896 -0.015791 0.0010485 0.054075 0.084233 -0.0075007 0.0057365 0.0084731 0.005896 0.02092 0.010344 0.045408 0.058201 -0.037934 -0.040156 0.052441 0.067819 -0.0061073 -0.011915 0.0062627 0.011971
0.0021562 0.00048671 0.0033856 0.0017976 0.054037 -0.001853 0.054037 0.018399 -0.014613 -0.0051143 0.03358 0.016726 0.00083518 -0.00014665 0.003116 0.0028897 0.033891 0.0096721 0.037378 0.011256 0.34698 0.061599 0.35262 0.12633 -0.1072 0.01506 0.33855 0.23489 0.0042675 0.029583 0.048228 0.063183 0.028524 -0.00014623 0.02861 0.015406 0.27561 -0.043632 0.30328 0.15751 -0.048987 -0.070023 0.33485 0.38501 0.022581 0.0020932 0.038519 0.046124 0.0014617 -0.007896 0.0015958 0.0079335 0.039327 -0.11428 0.039389 0.11441 -0.0012581 -0.12712 0.064829 0.13268 0.0015052 -0.01424 0.0046217 0.016684
0.00049915 0.0013625 0.0010273 0.0025792 0.0026349 0.028165 0.012683 0.032779 -0.0026418 0.032022 0.011555 0.041429 0.0012866 0.00050792 0.0019861 0.0025114 0.00085344 0.011387 0.034251 0.029072 0.36348 0.066031 0.40524 0.18129 0.1327 0.23543 0.19572 0.33412 -0.035707 0.069399 0.055862 0.072501 0.0035949 0.0070801 0.023412 0.017393 0.15924 -0.007256 0.29386 0.16731 0.23513 -0.26264 0.25807 0.28808 0.027537 -0.011174 0.034852 0.026985 0.0020455 0.0014926 0.0021769 0.0024695 -0.0079783 0.016747 0.016669 0.020127 0.018227 0.017572 0.045555 0.024357 0.0017561 -0.0049869 0.010432 0.0072115
-0.0013242 0.0019318 0.0030954 0.0027836 0.014066 0.030766 0.032169 0.033697 -0.0018571 0.044862 0.024879 0.050096 -0.00023701 0.0056992 0.003554 0.006345 0.013682 0.001341 0.035387 0.023409 0.15435 -0.011647 0.33816 0.30492 -0.015566 0.051115 0.28266 0.22378 0.047173 0.034818 0.052619 0.051762 0.016712 0.013297 0.037605 0.047929 -0.012234 -0.030491 0.29415 0.40314 0.16481 -0.14656 0.40323 0.3538 0.08093 0.016315 0.089481 0.051016 0.0023829 0.0017582 0.0059607 0.011495 -0.02788 0.0050656 0.037227 0.046755 0.022783 0.0069293 0.038227 0.035417 0.012325 -0.0016306 0.014683 0.0099724
0.0059772 0.0021037 0.0082476 0.0041209 0.00028522 -0.017347 0.039862 0.019336 0.004307 -0.02433 0.047578 0.036083 -0.0015858 -0.0012645 0.0054079 0.0025962 0.036266 -0.023722 0.069473 0.035752 -0.098117 -0.23448 0.32882 0.46542 0.14304 -0.039242 0.37086 0.21194 -0.011042 -0.0028761 0.05545 0.02425 -0.025469 -0.012152 0.059892 0.04738 0.039884 -0.0064949 0.17368 0.22024 0.27243 0.045163 0.40156 0.21874 -0.026891 -0.0030079 0.033627 0.015612 7.5357e-05 -0.0017177 0.0017597 0.0031833 0.010414 0.022315 0.028411 0.02706 0.055319 0.020647 0.083158 0.028182 -0.0048048 0.0031293 0.0053115 0.0033292
-0.0050573 0.0068643 0.0065099 0.010748 0.025315 -0.001176 0.072555 0.05503 -0.018897 0.020833 0.056993 0.041767 0.00051394 0.0037958 0.005626 0.0053277 0.013528 -0.016407 0.06245 0.043297 0.11143 0.017652 0.3705 0.40407 -0.071749 0.025533 0.36824 0.30759 -0.00036406 -0.010398 0.074029 0.042586 -0.015996 -0.012186 0.026985 0.033096 0.28 -0.080504 0.31501 0.24343 -0.021664 -0.024607 0.2685 0.27444 -0.068348 -0.037207 0.084625 0.042911 0.0012654 0.0056302 0.0052326 0.0093323 0.028947 0.012979 0.042711 0.034776 -0.03494 -0.0030849 0.070819 0.044681 -0.014561 -0.0055062 0.01469 0.0059386
-0.00094754 -2.0824e-05 0.0033029 0.0042073 -0.03079 -0.03448 0.037034 0.046652 0.043118 0.0076634 0.069505 0.029572 0.002912 0.0046852 0.010231 0.013977 0.017829 -0.0077773 0.035807 0.041782 -0.095852 -0.073856 0.16113 0.26226 0.25779 0.042062 0.45584 0.29294 0.062242 -0.0029812 0.093568 0.070045 -0.024032 0.011364 0.043156 0.037082 -0.065802 0.050927 0.17257 0.27288 0.36121 -0.050844 0.41573 0.24305 -0.011409 -0.030427 0.036799 0.044873 -0.0016246 -0.0024648 0.0080971 0.00467 -0.014337 0.012084 0.044249 0.054484 0.0075727 -0.0023807 0.033199 0.053719 -0.0012691 -0.010292 0.001767 0.011305
-0.0043827 -0.0075311 0.0073979 0.012617 -0.012739 -0.017333 0.031577 0.036168 0.0060451 0.0010443 0.032845 0.025589 0.0018624 0.00054882 0.0067746 0.0071603 -0.013507 0.0055762 0.023994 0.025548 0.048922 -0.020075 0.17174 0.20366 0.046715 0.078577 0.37033 0.47089 0.024532 -0.0065487 0.045978 0.024009 0.0096383 0.0083918 0.044507 0.030097 -0.033506 0.14221 0.1794 0.30273 0.17962 0.10396 0.45935 0.35699 -0.022396 0.010563 0.055537 0.067075 -0.0048289 -0.00018057 0.0063196 0.0040909 0.013304 -0.017093 0.033665 0.049069 -0.011693 -0.027181 0.059069 0.051353 -0.0052328 -0.0093407 0.0057937 0.0099552
0.0053229 0.0022394 0.0077236 0.0033687 -0.0052126 -0.013533 0.024853 0.019601 0.0023066 -0.020628 0.031029 0.021394 -0.0058587 -0.0015019 0.0070715 0.0027725 0.0085413 -0.02633 0.034939 0.04002 0.29544 -0.049304 0.40173 0.17375 -0.18359 0.098048 0.26805 0.17864 0.0070801 0.023911 0.053042 0.037054 -0.025183 -0.0091217 0.032023 0.016507 0.45536 -0.018769 0.45536 0.11389 -0.11172 0.05043 0.24788 0.17374 -0.0091015 0.019215 0.078374 0.036589 -0.00062987 -0.00040822 0.001485 0.00099188 0.05317 -0.016882 0.054398 0.02347 -0.00089644 -0.043564 0.049031 0.065075 -0.00012818 -0.0074274 0.0061221 0.0090458
-0.0004299 -0.0042445 0.016232 0.0059995 -0.019294 0.019195 0.047988 0.031987 0.0085431 0.017936 0.033425 0.024075 -0.0055711 -0.00091278 0.0080285 0.0046291 0.035137 0.023906 0.066133 0.067232 0.19065 0.08437 0.39902 0.2936 -0.17736 0.012376 0.35712 0.2495 -0.076663 -0.0052433 0.083775 0.023149 0.0066821 -0.043227 0.028222 0.055471 0.18416 -0.16633 0.38521 0.26336 -0.10307 0.076432 0.28468 0.20764 -0.089808 -0.026528 0.10329 0.039379 -0.0032471 0.003288 0.0039132 0.0041642 0.044582 0.0038343 0.064806 0.025107 -0.015239 -0.0053139 0.057442 0.033606 -0.017929 -0.0024062 0.017945 0.0047532
-0.0029878 -4.8797e-05 0.0034912 0.0036046 -0.00046309 -0.0020413 0.018707 0.020714 0.057087 3.6005e-05 0.071992 0.033444 -0.00033058 0.00062345 0.0058633 0.0034818 0.0047984 -0.0038515 0.023205 0.011162 -0.0035657 -0.012826 0.10322 0.074294 0.46944 0.052885 0.53007 0.19825 0.00061231 -0.0095832 0.020148 0.031873 0.0071398 0.0015032 0.018865 0.0096179 0.0053849 0.011075 0.13764 0.052967 0.39869 -0.059813 0.45146 0.17195 0.0098705 -0.014888 0.059 0.038725 0.0012138 -3.1034e-05 0.0025705 0.0013299 -0.0041418 -0.0041146 0.023515 0.0095923 0.03303 -0.020644 0.033652 0.023829 0.000853 -0.003611 0.0028717 0.0039293
0.0013487 -0.0058445 0.0087121 0.0073776 0.027664 -0.0018532 0.074709 0.052255 -0.0014665 -0.018807 0.052451 0.040395 0.00013278 -0.001881 0.0056807 0.0029592 0.061189 -0.0032894 0.068371 0.015277 0.16314 0.025809 0.40189 0.22283 -0.020533 0.035639 0.35649 0.25633 -0.036162 -0.011376 0.05965 0.071798 0.03878 -0.00085089 0.045482 0.013159 0.10903 -0.07299 0.39014 0.22262 0.005603 -0.086209 0.39516 0.3672 -0.020191 0.0065511 0.041405 0.02998 0.00016787 0.00020486 0.0022371 0.0016252 0.027494 0.0006998 0.046653 0.046539 -0.0061138 -0.018151 0.042891 0.05094 0.00097897 -0.0027423 0.0046154 0.0060784
