-0.003609 0.0023931 0.0063155 0.006189 0.028499 0.014672 0.035755 0.035174 -0.01595 0.0098417 0.025923 0.017248 0.0013672 0.00021132 0.0014204 0.001089 -0.033524 0.0041684 0.046087 0.029707 0.25535 0.087659 0.36803 0.26438 -0.22019 0.10822 0.28532 0.30962 0.0092856 -0.0031929 0.012855 0.0066927 -0.032315 0.0041266 0.065213 0.067221 0.14729 -0.012655 0.39369 0.2978 -0.20423 -0.14413 0.2929 0.18963 -0.0021948 0.011829 0.026592 0.025543 0.00597 0.0028555 0.009649 0.006334 -0.0085574 0.014622 0.052155 0.06711 -0.0051666 0.031108 0.052444 0.045735 0.0050528 -0.0016338 0.01364 0.006375
0.0058365 -0.001077 0.006362 0.0015521 -0.026154 -0.022936 0.053748 0.026554 0.016525 0.029753 0.061207 0.062971 0.0030139 0.0013355 0.0094691 0.0030446 -0.0079329 0.0083382 0.016966 0.01165 0.2511 0.019974 0.41731 0.2296 -0.088545 -0.0041772 0.39699 0.20106 0.0026451 0.01854 0.041285 0.040033 -0.021033 0.014091 0.0377 0.051741 0.13137 -0.087974 0.33349 0.25666 -0.010556 -0.16323 0.36506 0.32977 -0.011105 -0.015791 0.053609 0.046137 0.0022872 0.00018583 0.0081935 0.0035581 -0.0063725 -0.013289 0.037459 0.035431 -0.0049183 0.0063207 0.021325 0.034604 0.00066133 -0.0050122 0.0036124 0.0052874
-0.0081936 -0.00039167 0.015592 0.0091564 0.038267 -0.013219 0.046365 0.017845 -0.017967 -0.012981 0.020263 0.022714 0.0019285 0.00084397 0.0073734 0.0042004 0.0064415 -0.025662 0.030026 0.078645 0.25134 -0.0016251 0.47796 0.26563 -0.16407 -0.027869 0.24026 0.35669 0.0018033 -0.0173 0.032806 0.050934 -0.0021288 0.0094728 0.025159 0.02628 0.25318 -0.095451 0.29457 0.23021 -0.19621 -0.16362 0.25125 0.25146 0.0056936 0.0018776 0.012255 0.012041 0.0024368 -0.0032005 0.0089267 0.0052091 -0.0043209 -0.0043423 0.012282 0.01361 -0.0017278 -0.00079725 0.014365 0.018541 -0.00070053 0.00010516 0.0020732 0.0023645
0.0026666 0.00011427 0.0032083 0.0010228 -0.0046645 0.0032044 0.016561 0.023329 0.0067452 -0.0052591 0.017652 0.032753 -0.0010025 -0.0021959 0.0038882 0.010108 -0.011718 -0.0041179 0.018851 0.0096837 0.21714 0.12113 0.24438 0.22501 -0.086938 0.3287 0.26285 0.37074 -0.0097277 0.018184 0.029179 0.037013 -0.0083302 -0.0025414 0.011349 0.010625 0.35182 -0.014751 0.36755 0.22117 -0.068409 -0.019525 0.31902 0.26854 0.012182 0.017449 0.036088 0.027844 -0.00060762 -0.00023413 0.002524 0.0010917 0.054034 0.014408 0.059186 0.024363 -0.023404 -0.006028 0.042653 0.021538 0.0032184 -0.0049186 0.0048882 0.0057334
-7.4876e-05 0.0021812 0.0041608 0.0081181 -0.012041 0.012075 0.04424 0.036911 -5.1526e-06 0.025645 0.037482 0.055894 0.0027774 0.0059353 0.006304 0.0068731 0.0013561 -0.013671 0.028925 0.049408 0.11017 0.095777 0.46331 0.28562 -0.116 -0.035448 0.46071 0.1875 0.049998 -0.0030165 0.067468 0.016338 0.02625 -0.00022349 0.038016 0.021938 0.044897 -0.10481 0.38532 0.24675 -0.10211 -0.060599 0.31028 0.21409 0.04988 -0.0053476 0.095179 0.041723 0.0028606 -0.0032339 0.0031548 0.00446 -0.019762 -0.024159 0.025837 0.044027 0.012444 -0.016882 0.033321 0.028034 0.0039766 0.0031126 0.0043673 0.0039788
-0.0032822 0.00045368 0.010971 0.0015356 0.029889 0.013813 0.046483 0.023887 0.023017 0.023505 0.023754 0.025622 -0.0013595 0.0020844 0.0030353 0.0023739 -0.013457 -0.0039451 0.039664 0.020783 0.35719 0.036787 0.37592 0.072121 -0.11951 -0.13302 0.18972 0.18411 -0.0067859 0.0074704 0.046165 0.071985 -0.021864 0.010026 0.049364 0.023522 0.25933 -0.087606 0.30353 0.1461 -0.017483 0.012577 0.49888 0.37863 -0.017049 -0.014098 0.071305 0.056843 0.0043191 0.0020523 0.0044358 0.0033539 -0.025355 0.028476 0.040505 0.040084 0.024267 -0.03776 0.066053 0.044541 0.0075941 -0.00016961 0.010916 0.0031117
0.001187 0.0037024 0.0028562 0.010164 0.017024 0.013239 0.057716 0.03299 -0.0028923 0.010351 0.05778 0.041812 0.0014582 0.0016164 0.010262 0.0075631 0.023499 -0.012317 0.036274 0.023723 0.20606 0.06361 0.47153 0.13843 -0.073869 -0.0016718 0.20686 0.21863 -0.018396 -0.012433 0.032658 0.044379 0.021368 -0.0057236 0.037394 0.021983 0.19539 -0.043937 0.56327 0.14445 -0.23779 -0.14572 0.29606 0.21044 0.029749 0.0036136 0.041645 0.048896 0.0039161 -0.00046561 0.0049552 0.0019857 -0.0029338 -0.033175 0.018148 0.033861 0.0028324 -0.0088838 0.020559 0.029663 0.00081016 0.0002479 0.004204 0.0076273
-0.002527 -0.00039701 0.0068115 0.0021122 0.010207 0.0024808 0.033447 0.024371 -0.0030396 0.0019255 0.019927 0.01248 0.0037793 0.00023757 0.0057537 0.0038351 0.0060463 -0.0064436 0.03341 0.01319 0.25231 0.068799 0.36157 0.30708 -0.13852 0.24024 0.28686 0.30196 -0.00039105 0.019706 0.03753 0.035271 0.041248 -0.013179 0.041375 0.013572 0.3031 -0.038706 0.40926 0.21611 -0.14905 -0.16099 0.20912 0.1995 0.0059605 -0.0068779 0.035368 0.041684 0.0048477 -0.00097053 0.0048951 0.0010879 0.016465 -0.01296 0.020294 0.016955 0.006445 -0.0044529 0.028882 0.03107 0.0025315 -0.0017814 0.0056641 0.011134
-0.00074177 -0.0010177 0.0040221 0.0019695 0.011453 0.016611 0.03898 0.020384 0.0086021 0.0020999 0.051579 0.02778 -4.0048e-05 -0.0012282 0.0097429 0.0040045 0.00045818 0.009657 0.025701 0.030495 0.069031 0.020575 0.34601 0.32715 -0.0031286 0.19387 0.48858 0.38161 -0.003126 -0.0063195 0.066474 0.051499 0.0050244 0.0076015 0.009729 0.014845 0.1065 -0.05544 0.20856 0.19098 -0.03499 -0.17408 0.3452 0.28385 -0.016492 -0.0086977 0.05673 0.028737 0.00069519 -0.00066825 0.0024013 0.0037764 -0.0030087 0.00659 0.013507 0.010907 -0.012719 0.007118 0.012719 0.010937 0.0033045 0.0010547 0.0039631 0.0027667
0.000303 -0.0015516 0.0036258 0.0052223 0.012444 0.0039628 0.035657 0.062076 -0.012848 -0.008585 0.037987 0.047649 0.00013906 0.00027156 0.0020797 0.0015802 0.024501 -0.0065828 0.031071 0.052685 0.13167 0.088335 0.38543 0.29388 -0.15052 0.10839 0.25337 0.24876 0.014387 0.00075055 0.016227 0.011095 0.04048 -0.038081 0.040897 0.038436 0.22839 -0.13101 0.39277 0.31668 -0.19687 -0.15127 0.34584 0.21212 -0.016034 -0.0081132 0.028387 0.019398 -6.9058e-05 -6.4567e-05 0.00017202 0.00019288 0.027686 -0.041042 0.033831 0.041386 0.0045434 -0.0075976 0.03268 0.028673 -0.0011231 0.0011135 0.0032789 0.0041295
-0.0003682 -0.00065297 0.0015997 0.00099506 0.013207 0.0094998 0.020925 0.019796 0.012099 0.014537 0.035003 0.023259 0.0001637 -0.00080814 0.011911 0.0082265 -0.0030714 -0.0014879 0.0084952 0.011169 0.23309 0.14924 0.25671 0.27711 -0.059101 0.20059 0.2118 0.44972 0.065279 -0.0016974 0.069354 0.053079 0.0056807 -0.0059337 0.014091 0.0099365 0.32279 -0.08588 0.38393 0.12036 -0.031947 -0.010005 0.35908 0.23763 -0.00059743 -0.02423 0.064323 0.049045 0.0033668 -0.0023458 0.0044773 0.0028195 0.053382 -0.0016036 0.056131 0.0094917 -0.0044642 -0.010979 0.011595 0.010979 -0.01046 -0.0021384 0.013663 0.005147
-0.010366 0.0018242 0.011441 0.0021542 0.004055 -0.0033018 0.068925 0.022498 -0.010668 -0.016583 0.091335 0.031191 -0.004098 -0.00027449 0.004098 0.00079866 -0.075175 -0.013522 0.082678 0.022079 0.21959 0.04764 0.30964 0.18018 -0.23226 0.14433 0.38167 0.18649 -0.019052 0.0032043 0.019052 0.0057304 -0.047303 -0.0089327 0.063826 0.035901 0.14928 -0.092098 0.4465 0.28916 -0.0022941 -0.078664 0.30899 0.3003 -0.084135 0.0044506 0.084135 0.017664 0.0015633 -0.0018715 0.0041413 0.0029919 0.019042 0.029687 0.029448 0.055647 -0.024663 0.005562 0.030847 0.045049 -0.0080021 0.00050772 0.008027 0.001709
-0.00075288 -0.00011458 0.0034266 0.0012468 0.024372 0.03579 0.047976 0.0421 -0.0029072 0.047076 0.053894 0.054693 -0.0014531 0.004287 0.0024872 0.0063683 -0.011443 -0.0017793 0.0185 0.0067319 0.43511 0.044523 0.46739 0.18147 -0.1107 0.012891 0.3402 0.15064 -0.043468 -0.0058859 0.048187 0.027925 -0.0021236 0.0034225 0.014396 0.012282 0.22717 -0.11262 0.33069 0.25072 -0.1071 -0.1976 0.19675 0.2419 0.0077967 -0.0095894 0.019216 0.016834 0.00090696 -0.00039195 0.0022462 0.0010549 0.0048427 0.016976 0.0086865 0.022558 0.0045417 -0.0052496 0.013134 0.013943 -0.0013722 -0.00058733 0.001962 0.0023009
0.0028626 0.0067435 0.0045366 0.013036 -0.032675 0.019719 0.055974 0.039653 0.012624 0.025566 0.043525 0.073035 -0.00056186 0.0066544 0.0035449 0.01945 -0.035938 -0.0049506 0.060639 0.095899 0.12934 -0.034323 0.33776 0.36975 -0.032509 0.14174 0.19956 0.54096 -0.015486 0.00045679 0.06138 0.07093 -0.036935 -0.042682 0.043875 0.046699 0.2038 0.029891 0.25247 0.25852 -0.070847 -0.22087 0.17458 0.23428 -0.022443 -0.043742 0.050494 0.049781 0.0010669 0.0016746 0.0023093 0.004672 -0.0069675 -0.026727 0.040671 0.053358 -0.034043 -0.046992 0.034267 0.05323 -0.000213 -0.00039157 0.00068949 0.00046842
0.0055663 0.00099222 0.0057879 0.0018252 0.0090818 0.0119 0.0096836 0.012819 -0.0042844 0.0012988 0.037184 0.033724 -0.0073782 0.00013311 0.0080892 0.0053669 0.029553 0.0043383 0.032758 0.03811 0.10746 -0.19195 0.17327 0.3619 0.088729 -0.096793 0.24845 0.30948 -0.015755 0.02863 0.031503 0.043332 0.079631 -0.01418 0.080344 0.025647 -0.1877 -0.018054 0.39161 0.20088 0.40657 0.056657 0.40657 0.13095 -0.025004 -0.0175 0.030656 0.024913 0.010021 -0.00351 0.010043 0.003617 -0.012179 -0.0018872 0.037265 0.018799 0.051102 -0.011966 0.058699 0.014256 -0.0075288 -2.3099e-05 0.017027 0.0049812
0.014266 0.0038162 0.014269 0.0039969 0.0057015 0.0061322 0.055284 0.021836 -0.0016401 0.0061164 0.064969 0.016339 0.0046715 0.0020219 0.0065169 0.0024892 0.027352 -0.010667 0.064561 0.036332 0.24773 -0.028484 0.40293 0.24821 -0.10842 0.007331 0.57065 0.21026 -0.016202 -0.026641 0.028782 0.03356 -0.0025423 0.0059243 0.043117 0.014405 0.13375 -0.09897 0.28324 0.22947 -0.011964 -0.15276 0.27363 0.21595 -0.033121 -0.030018 0.051515 0.037848 0.00086557 0.00067566 0.004152 0.0033899 -0.00016336 0.00028878 0.010677 0.011837 -0.001764 -0.0040265 0.010576 0.010778 0.00080047 -7.1359e-05 0.0020002 0.0014535
-0.00051001 -0.0024257 0.0054265 0.006402 0.014346 0.011475 0.059241 0.036868 0.0037052 0.015727 0.058964 0.041078 -0.0036567 -0.0018316 0.0056312 0.012498 -0.002691 -0.0023378 0.047392 0.042517 0.23533 0.075563 0.41223 0.13935 -0.069767 0.0081288 0.25276 0.23318 -0.016891 -0.0073397 0.035437 0.046688 0.020223 -0.007561 0.053605 0.027355 0.21968 -0.056033 0.56874 0.19143 -0.22462 -0.091144 0.30026 0.16974 0.022841 -0.0031483 0.037936 0.043989 0.0014957 -0.0042529 0.0057978 0.0047926 -0.0072576 -0.014251 0.053018 0.035476 -0.00091718 -0.039758 0.044672 0.048426 0.0015796 0.002348 0.0030172 0.0066913
0.0033057 0.0016759 0.004743 0.0026387 -0.0037438 -0.011715 0.015961 0.01746 0.00099387 0.014795 0.022961 0.023628 0.00020079 -0.00029228 0.0034349 0.0029524 0.0072061 -0.0023217 0.024913 0.011479 0.095069 0.20408 0.19855 0.30265 -0.013189 0.19142 0.25553 0.33313 -0.0037302 0.012915 0.037111 0.03643 -0.009969 0.0020421 0.024835 0.0081666 0.38073 -0.064029 0.48832 0.21334 -0.12101 0.011102 0.30872 0.21265 -0.035686 0.0078394 0.042906 0.018954 -0.00032282 0.00012155 0.0021664 0.0013093 0.031141 -0.018377 0.046666 0.032556 -0.013718 -0.018882 0.026653 0.031139 -0.00035703 -0.0026053 0.0015759 0.0027573
-0.0090974 -0.0042369 0.014674 0.0080804 0.019524 -0.0031766 0.030105 0.02397 -0.0016507 -0.0084769 0.042642 0.060261 -0.0034163 -0.0011051 0.0043429 0.0021518 -0.011181 -0.0084441 0.022187 0.016394 0.22142 0.14079 0.29061 0.22714 -0.15146 0.10127 0.24831 0.22491 -0.029844 -0.0058977 0.036638 0.0081085 0.0073672 -0.0062248 0.014164 0.0136 0.38888 -0.13872 0.48495 0.16522 -0.29696 -0.03507 0.31817 0.074786 -0.042809 -0.0017784 0.042847 0.0089334 -0.00081096 -0.00020908 0.0017283 0.0014057 0.0066199 -0.0093275 0.018004 0.010837 0.012911 -0.024406 0.052468 0.030689 -0.0074221 -0.0012064 0.0074221 0.0012064
0.00094921 -0.0015271 0.0037927 0.0071968 0.0084475 -0.016274 0.068301 0.054428 -0.009612 0.023728 0.033583 0.068495 0.0017338 0.0023347 0.0045007 0.0051404 0.012296 0.016248 0.039384 0.058224 -0.0022713 0.014081 0.3523 0.31986 0.048631 -0.067696 0.31346 0.31468 -0.0013086 0.015462 0.040888 0.039803 0.010452 -0.029424 0.033936 0.042223 -0.14084 0.061568 0.31887 0.30843 0.26519 -0.024184 0.414 0.24572 -0.042455 0.0041607 0.050213 0.04921 0.0019056 -0.0026934 0.0021041 0.0027529 0.030839 -0.043562 0.041016 0.049827 0.00066764 0.019551 0.021519 0.06274 -0.0010885 -0.0031044 0.0034031 0.0092725
-0.00084885 -0.0044471 0.0097407 0.0085221 0.0010633 0.020179 0.08313 0.037838 -0.0010554 -0.0072136 0.072903 0.021676 0.0096958 0.0033319 0.011146 0.0037588 -0.05059 -0.0052177 0.067692 0.036443 0.10682 -0.16519 0.30728 0.33673 0.042278 0.054376 0.44797 0.30573 -0.0081435 -0.018668 0.049365 0.059114 -0.030618 -0.0048476 0.042975 0.042442 0.22143 -0.028744 0.23583 0.15686 -0.095442 -0.1413 0.38361 0.28829 0.0077086 0.01532 0.036468 0.059742 -0.0023024 0.0013504 0.0024074 0.0016884 0.027703 0.075292 0.028885 0.090027 0.00043014 0.044311 0.074224 0.051525 -0.00046399 -0.00023237 0.00049782 0.0002843
-0.00012243 0.00043339 0.00083555 0.0011304 0.0063939 0.004734 0.014948 0.010649 -0.0042115 0.022182 0.016989 0.027077 0.0012581 0.0005289 0.004436 0.0058934 -0.021381 -0.0093911 0.040869 0.036913 0.083636 -0.015723 0.23124 0.32255 -0.041696 0.075531 0.36533 0.32858 -0.00045527 0.018723 0.017653 0.083716 -0.0018177 0.013311 0.020718 0.06158 0.027265 0.072125 0.22883 0.32851 0.057335 0.0074693 0.42252 0.44242 -0.0097792 -0.0062487 0.044369 0.10582 0.00059771 0.0020252 0.0057399 0.0088828 0.0040692 -0.014913 0.057805 0.052768 0.017608 0.018621 0.05161 0.04155 -0.0013323 0.0040594 0.0029846 0.0073905
0.0078682 0.0023648 0.013116 0.0048373 -0.0030537 -0.032079 0.021425 0.040597 -0.0083841 -0.01765 0.0579 0.046306 -0.0037766 0.0012291 0.0056243 0.0057298 0.014175 -0.023648 0.03107 0.03445 -0.056473 -0.24226 0.20226 0.4639 0.082365 -0.058929 0.26854 0.36543 -0.013127 0.0079594 0.034165 0.055417 0.015615 -0.00035554 0.024264 0.010827 0.014161 0.1592 0.20277 0.31098 0.0808 0.083227 0.36413 0.36404 -0.0013323 -0.017941 0.014656 0.049192 -0.0015196 0.0014879 0.0044496 0.0024875 0.0087716 -0.021981 0.017234 0.029022 0.00011642 -0.014455 0.030472 0.024866 0.0010876 0.001468 0.0012968 0.0020675
0.0026554 -3.9034e-05 0.0039703 0.0027187 0.030439 0.0010248 0.043257 0.036076 -0.035549 -0.052336 0.040555 0.068385 0.00309 0.0079768 0.0079788 0.011318 -0.03772 -0.0057507 0.043162 0.066187 0.061768 -0.061622 0.33397 0.3107 0.026023 0.049909 0.30488 0.31919 -0.0016451 -0.010792 0.056959 0.054373 0.028297 0.047369 0.051556 0.059298 -0.023694 -0.012456 0.35953 0.25476 0.034112 0.066976 0.39372 0.42651 -0.0022605 0.0072142 0.028829 0.04866 -0.0025731 -0.0066373 0.0047387 0.011417 -0.015198 -0.011451 0.029548 0.030857 0.021405 -0.029509 0.0393 0.048532 -0.0018507 -0.0023739 0.0018507 0.0042948
-0.0022477 -0.0051369 0.009204 0.0070793 0.0094075 0.008252 0.079978 0.029168 -0.044437 0.023899 0.046883 0.026955 -1.1876e-06 6.1093e-05 0.00013959 0.00024207 -0.020165 0.02593 0.030895 0.072656 0.15807 0.019268 0.37552 0.22265 -0.13754 0.12686 0.19912 0.35309 -0.031787 0.031682 0.034152 0.03267 -0.0070414 -0.030376 0.026043 0.09624 0.043254 -0.060615 0.32992 0.43099 -0.012116 -0.19804 0.23579 0.37228 -0.037191 -0.0029906 0.043898 0.01995 -0.0068667 0.0045328 0.0072188 0.011016 0.0099848 0.031161 0.02774 0.065123 -0.012145 0.012206 0.027694 0.065638 -0.0046659 -0.0046721 0.0046824 0.0046866
-0.0061439 -0.0048983 0.007026 0.0052768 0.00039186 0.039034 0.025876 0.041783 0.003233 0.033392 0.022748 0.053595 0.0046279 -0.0032009 0.0075586 0.0065162 -0.022313 0.0085065 0.032435 0.014913 0.03203 -0.029899 0.42523 0.36026 0.11576 -0.024912 0.30134 0.21932 -0.044618 -0.0053202 0.055685 0.045383 -0.04566 0.011333 0.049841 0.021629 -0.088119 0.087504 0.46556 0.19712 0.16774 0.0039223 0.32326 0.30044 -0.016459 0.015344 0.05456 0.059053 -0.0030676 0.0020045 0.0042737 0.0040696 0.022045 -0.01556 0.066308 0.040542 -0.029491 0.017858 0.033671 0.038394 0.0042474 -0.00091678 0.0077846 0.0056158
0.0022442 0.001386 0.0023371 0.002812 -0.025973 0.032248 0.042897 0.036189 0.024296 -0.020835 0.03081 0.036149 -0.0009531 -0.0013464 0.0022136 0.010946 0.00044037 0.013057 0.029096 0.061979 -0.13961 -0.14432 0.23739 0.30566 0.21774 -0.078071 0.3329 0.37126 0.00098646 0.0050911 0.024576 0.073535 0.013095 0.005565 0.033145 0.069396 -0.19157 0.17268 0.28804 0.27617 0.21029 0.03202 0.26195 0.36081 -0.0029027 -0.014768 0.031426 0.053949 -0.00074811 -0.0060161 0.0035385 0.010904 -0.027579 -0.011967 0.057585 0.050484 0.012687 -0.0015871 0.026452 0.020314 0.0042273 0.0080721 0.0075035 0.01192
0.0013293 -0.0045991 0.006861 0.0088252 0.0089965 -0.013143 0.07314 0.047748 0.0048922 0.0030804 0.020842 0.016467 -0.0069155 0.0048824 0.0083857 0.0051612 -0.016773 0.010903 0.040663 0.033141 -0.1088 -0.021371 0.38469 0.29691 0.31767 -0.067649 0.35308 0.098522 -0.025764 -0.012238 0.04181 0.038864 -0.00689 -0.016238 0.045407 0.040031 -0.027396 -0.1123 0.25928 0.22446 0.19052 -0.041969 0.40072 0.39418 -0.013287 -0.008559 0.033637 0.040557 -0.0054349 -0.0015509 0.0086334 0.0055847 -0.00067333 0.025512 0.022612 0.030885 -0.00017668 -0.013446 0.021133 0.025574 0.0010973 0.00016914 0.0019616 0.0014682
0.0036745 0.0025401 0.0054589 0.0047063 -0.035539 0.0075285 0.067795 0.029049 0.011648 -0.011515 0.033541 0.0396 -0.0086552 0.0019789 0.0086693 0.0025947 0.027823 -0.034315 0.058967 0.060193 -0.24019 -0.20493 0.35279 0.24827 0.23464 -0.080274 0.35625 0.27666 -0.02891 0.010362 0.038173 0.02913 -0.0052407 0.021397 0.023395 0.062261 -0.12693 0.11418 0.27789 0.18004 0.19939 0.16349 0.35315 0.26772 -0.0094445 0.011488 0.023672 0.044681 0.0011096 -0.002335 0.0033335 0.0094998 -0.010614 -0.013423 0.038699 0.050469 0.014501 -0.057588 0.042832 0.087689 -0.00012311 -0.0057876 0.0034609 0.01045
0.0052839 0.0030436 0.0086954 0.0037769 0.0013905 0.033963 0.041849 0.052771 -0.017205 0.010199 0.038967 0.06387 0.0044466 -0.0029611 0.0096164 0.0075049 -0.0058043 0.015664 0.051734 0.038312 0.22241 0.0043409 0.23414 0.30525 -0.2319 0.066042 0.31056 0.30548 0.012888 -0.0057094 0.036812 0.020728 -0.025393 -0.020088 0.062179 0.024605 0.17234 -0.14296 0.32672 0.2499 -0.14328 -0.11659 0.42674 0.28553 -0.016304 -0.002301 0.031329 0.023379 0.0088617 0.00497 0.0097522 0.0068227 -0.008687 -0.0010673 0.04419 0.060605 -0.0045658 0.0052041 0.029175 0.069712 -0.0022919 0.0012065 0.0061603 0.0074129
0.0031279 0.00074893 0.0042567 0.003255 -0.019337 0.0018562 0.035101 0.017933 0.044523 0.0064333 0.055965 0.013935 -0.00073663 0.00014143 0.0035635 0.0035306 -0.0094012 -0.01468 0.051284 0.031368 -0.17744 -0.006755 0.46663 0.16429 0.34106 -0.030587 0.39139 0.081911 -0.029769 -0.026435 0.035507 0.03491 0.051311 0.005212 0.054168 0.025344 -0.20364 -0.025068 0.3387 0.19368 0.16072 -0.11658 0.38735 0.19157 0.015653 -0.010013 0.042432 0.034495 0.0029218 -0.0031514 0.0031161 0.0038759 -0.0057407 -0.016754 0.011638 0.018018 -0.0023995 -0.0097925 0.0087078 0.013303 0.0018476 0.0019567 0.0033215 0.0031479
0.0063893 0.00031656 0.0064005 0.0036028 0.0087752 0.0021656 0.027513 0.013236 0.037439 0.011975 0.042879 0.021765 -0.0023765 -0.0088017 0.002595 0.0089442 0.0095473 0.00099852 0.038726 0.034916 0.10464 0.00039545 0.24889 0.09257 0.099045 -0.14634 0.38108 0.37717 -0.019551 -0.011344 0.048729 0.082866 0.020863 0.01183 0.022124 0.019052 -0.16488 0.12316 0.29068 0.31727 0.20369 -0.023414 0.43009 0.3357 0.026295 0.02306 0.06457 0.040626 -0.00016718 -0.0023943 0.0050125 0.0063799 0.0013806 -0.012295 0.046667 0.032769 -0.0075299 0.0073016 0.043056 0.029242 0.0012565 -0.0064855 0.0068291 0.0076625
0.00094331 0.0010715 0.0024922 0.0018628 -0.0080836 -0.004677 0.012993 0.009517 0.012832 0.034091 0.01947 0.043592 -8.0333e-05 0.0079676 0.0048106 0.0099799 -0.0067565 0.00046018 0.021312 0.0081877 -0.010184 -0.020564 0.062239 0.044003 0.3063 -0.10129 0.49537 0.35722 0.011304 0.0057956 0.078474 0.022495 -0.01041 -0.00403 0.01552 0.0081683 -0.0012757 -0.00084385 0.095005 0.047811 0.37928 0.1994 0.48314 0.25424 -0.0077033 -0.0094929 0.049716 0.026914 -0.00041724 -0.00014164 0.001359 0.0017039 0.0066901 0.01292 0.021297 0.015817 0.028998 -0.034921 0.057847 0.043562 -0.0027436 -3.3035e-05 0.0048871 0.0034249
0.0017138 -0.0013965 0.0053246 0.0046058 -0.006521 0.0049145 0.049998 0.031099 -0.012505 -0.026535 0.038249 0.037029 -0.00020276 -0.00091519 0.0010684 0.0015383 -0.0034412 -0.02052 0.052512 0.040251 0.023391 0.0554 0.25023 0.31048 0.087306 0.11861 0.31328 0.40698 -0.0044207 0.020259 0.071373 0.052211 0.0031129 0.025434 0.025474 0.05568 0.11937 0.019474 0.33302 0.31483 -0.017946 -0.011371 0.41638 0.33428 -0.010531 -0.016617 0.067017 0.040392 0.00216 0.0020401 0.004445 0.0055275 -0.015174 -0.017354 0.039642 0.042644 -0.017252 -0.009973 0.042755 0.06451 0.0015131 -0.0030352 0.0040758 0.0060397
0.0037927 0.00333 0.010769 0.0046795 0.0013877 0.030558 0.035578 0.049611 -0.014488 0.014594 0.025446 0.038173 -0.00014699 -0.00071852 0.0012976 0.0012365 0.00037661 0.0072401 0.063504 0.041566 0.25689 0.083041 0.41879 0.18297 -0.16956 0.10395 0.37626 0.27192 0.0037109 0.010308 0.078062 0.031206 0.034994 0.00036877 0.045359 0.064912 0.14367 -0.053011 0.43593 0.26403 -0.12195 -0.03812 0.24892 0.22513 -0.012907 -0.0021336 0.10688 0.031065 -0.0016754 -0.0025103 0.0043929 0.0063271 0.029115 -0.020032 0.043381 0.053655 -0.015098 -0.00049544 0.03797 0.051785 -0.0020857 -0.0011252 0.010153 0.0068995
0.00048 -0.0021616 0.0021204 0.003629 0.00050062 0.0053965 0.02149 0.045006 -0.00056263 0.007952 0.024211 0.027039 0.00029659 -0.0017065 0.0039253 0.0033498 -0.017846 0.030922 0.044076 0.046621 0.063494 0.042298 0.46115 0.23091 0.062612 0.074423 0.4168 0.24571 -0.04202 0.024768 0.077121 0.031247 -0.049909 -0.0038866 0.079858 0.043999 0.089089 0.022275 0.43666 0.18312 0.0089984 -0.039432 0.40638 0.20024 -0.047357 -0.013691 0.075282 0.016656 0.0022477 -0.00094343 0.0047147 0.0067898 -0.012062 -0.02252 0.039113 0.039972 0.012176 -0.0079096 0.04648 0.031717 0.0014167 -0.00095403 0.0066232 0.0042817
0.0045787 -0.0037059 0.008514 0.0058918 -0.015657 0.014656 0.064304 0.03266 0.025707 -0.0016629 0.028641 0.019483 -0.0016938 0.0016294 0.0023332 0.0019197 0.0063508 0.0068539 0.050287 0.037252 -0.17095 -0.10864 0.38019 0.31969 0.31337 -0.13143 0.32078 0.17415 -0.0057599 -0.00031947 0.012391 0.0072659 0.0050074 -0.01655 0.040649 0.02794 -0.15666 -0.024058 0.29213 0.24418 0.26129 0.1186 0.32048 0.28939 -0.010083 -0.014718 0.030152 0.047315 -0.0018773 0.0032853 0.0038314 0.0046312 -0.00088294 0.0044913 0.011877 0.011889 0.032712 -0.022995 0.059882 0.029728 -0.00049871 -0.0059193 0.0047421 0.0067312
0.0031752 0.0026375 0.0065166 0.0064578 -0.013793 -0.037614 0.044162 0.053564 0.011663 0.0020875 0.050365 0.030251 -0.0039179 -0.00066794 0.013655 0.0060196 0.034129 -0.017739 0.083567 0.059912 -0.14766 0.054276 0.38088 0.28348 0.17053 0.055881 0.47073 0.20818 0.017128 0.01262 0.038735 0.048036 0.015746 -0.0047393 0.04793 0.047257 -0.072611 0.021775 0.31188 0.23619 0.23117 0.0068863 0.40964 0.16541 -0.018516 -0.0013249 0.021021 0.026131 -0.0039758 0.00093798 0.014184 0.0026858 0.026012 0.0033626 0.054638 0.027611 -0.0088409 -0.0058849 0.081572 0.02754 -0.0049194 -0.00073087 0.006762 0.0061431
-0.0020421 1.8186e-05 0.0032534 0.0023302 0.0058794 0.027569 0.047607 0.044658 0.0093247 0.0057782 0.059799 0.069078 0.003359 0.0031207 0.0095893 0.0081589 -0.00017326 -0.0012668 0.020831 0.0074253 -0.13559 -0.14978 0.3795 0.2489 0.18856 -0.027918 0.34998 0.2675 0.027973 0.014957 0.051995 0.075638 0.006137 0.0015769 0.014747 0.012552 0.091389 0.093085 0.23744 0.25755 -0.030748 0.13296 0.28602 0.49541 0.0050726 -0.0026117 0.017421 0.092055 0.00068889 -0.00041568 0.0017107 0.0017608 0.025423 0.0072252 0.037417 0.018862 0.011799 -0.016094 0.02793 0.026311 -0.0019154 -0.0035318 0.0021827 0.0037828
-0.0044996 0.0013274 0.0091254 0.006607 -0.0073821 -0.0096778 0.090023 0.036194 0.039879 0.010017 0.057769 0.020088 -0.0047609 -0.0013991 0.0076684 0.0057628 -0.027517 -0.0089715 0.074562 0.024394 -0.14215 -0.069055 0.37267 0.29271 0.30505 -0.06179 0.35732 0.32983 -0.026671 0.004397 0.056731 0.031551 0.051485 -0.012956 0.075782 0.030915 -0.047388 0.0064673 0.27611 0.30298 0.1248 0.012631 0.23813 0.34434 -0.027955 -0.035885 0.057575 0.059289 0.0044635 0.00011035 0.004508 0.0045045 -0.0068036 -0.023053 0.024475 0.044359 -0.010771 -0.056865 0.018599 0.057232 -0.0010755 -0.0021617 0.0018487 0.0023659
-0.00049224 0.0010464 0.0021742 0.002247 -0.0026027 -0.035816 0.026819 0.046524 0.0041231 -0.028454 0.04826 0.036086 0.00020652 -0.0036584 0.0030394 0.0058305 -0.058346 0.0055067 0.082725 0.027719 -0.093654 -0.011168 0.4527 0.26507 0.15488 0.058631 0.29148 0.2531 0.0011149 0.029594 0.024711 0.060601 -0.0081051 -0.0089189 0.042276 0.024358 -0.03591 0.071396 0.44174 0.24195 0.19948 0.053169 0.40566 0.16611 -0.027265 0.0050717 0.054016 0.02645 -0.0015427 0.0034783 0.0072213 0.0052214 0.0044006 0.026489 0.064548 0.048938 0.0078156 -0.0042359 0.068743 0.023965 -0.0024035 -0.0018769 0.0039761 0.00501
0.0034058 0.0054996 0.0039181 0.0054998 0.018055 0.0019658 0.049874 0.044543 0.012462 -0.013895 0.013947 0.059977 -0.0042037 0.0013584 0.0060694 0.0039246 0.0026381 0.01678 0.027152 0.075247 0.12602 0.081882 0.28687 0.4129 -0.14259 -0.0043441 0.2648 0.39872 0.020708 -0.022352 0.04686 0.038727 -0.025222 -0.010534 0.040532 0.047395 0.11556 -0.050136 0.28603 0.35664 -0.086965 -0.0077853 0.28758 0.35118 0.013177 0.0038199 0.023098 0.024712 -0.0011475 -0.0024229 0.0091267 0.0057386 0.033038 0.0032194 0.050744 0.026296 -0.033539 0.0022599 0.056018 0.03885 -0.000588 0.0012141 0.0030557 0.0026574
0.0033522 0.0028809 0.010648 0.0063626 -0.029806 -0.016743 0.052305 0.039713 0.014087 -0.010113 0.036977 0.042017 -0.0026761 0.0033117 0.0053699 0.0043995 0.031096 0.0019423 0.04331 0.02711 0.012768 0.031938 0.46367 0.21298 0.0092415 0.014737 0.36069 0.24358 -0.036998 -0.005456 0.068691 0.04466 0.016676 -0.026461 0.034704 0.041339 0.1801 -0.11645 0.35077 0.30576 -0.20636 -0.11818 0.27358 0.3451 0.050673 0.0051275 0.060645 0.038773 0.00077693 -0.00055486 0.0063027 0.0041872 -0.0090823 0.018524 0.028094 0.030431 -0.0029846 -0.01706 0.0073044 0.02315 0.0058355 0.0005152 0.0075767 0.0051841
-0.0013376 -0.0023018 0.0029321 0.0046039 0.0035905 0.010507 0.042014 0.051024 0.01626 0.016564 0.039275 0.035512 -0.0062311 0.0028419 0.0064738 0.0049719 0.022468 0.0028354 0.030684 0.04343 0.12064 0.040671 0.4043 0.28421 0.11285 0.10526 0.36946 0.19689 -0.064197 -0.022402 0.070309 0.041648 -0.0033986 0.0035952 0.041734 0.026467 0.24989 -0.072756 0.43105 0.25559 -0.12526 -0.14852 0.29222 0.24765 -0.0029701 -0.0033825 0.054698 0.036121 -0.0021426 -0.0028572 0.0074025 0.0038506 0.0018579 -0.0023796 0.038892 0.029662 -0.0074652 -0.037391 0.037341 0.046169 0.0050459 -0.0002169 0.011046 0.010895
0.0024236 -0.0022636 0.0054639 0.0071669 -0.0254 -0.0021445 0.02842 0.019215 0.017818 -0.0024493 0.023695 0.021789 -0.0032145 -0.00027309 0.0058767 0.005855 0.017307 0.027309 0.041832 0.056911 -0.20585 0.055357 0.24124 0.23293 0.24599 0.052168 0.37547 0.18608 -0.047543 -0.0033776 0.056816 0.028345 -0.0024888 -0.030204 0.038778 0.043031 0.021608 0.024136 0.3233 0.40862 -0.038006 -0.035425 0.40168 0.36615 -0.018254 -0.0056785 0.027204 0.020036 0.0025845 0.0014731 0.0053576 0.0045856 -0.018503 0.014927 0.060776 0.061225 0.0069628 0.018383 0.029552 0.041491 -0.003346 0.0044546 0.0066202 0.0053823
0.00037889 0.0012144 0.0036396 0.0025124 0.015051 -0.023595 0.05953 0.037565 -0.0090423 -0.023234 0.054467 0.04712 0.0010732 0.0028136 0.0077205 0.0063309 -0.017595 -0.0053041 0.019721 0.014706 -0.012534 -0.061772 0.30542 0.269 0.12605 -0.049372 0.3404 0.39122 -0.018794 0.019235 0.059433 0.060771 -0.0034155 -0.0043075 0.011177 0.01577 0.059554 0.097716 0.23334 0.2461 0.066884 0.15138 0.23928 0.54103 -0.014444 -0.00372 0.042156 0.084754 -0.00066832 -0.001651 0.0013107 0.0021187 0.014789 0.0008152 0.039296 0.026423 0.015996 -0.027975 0.039605 0.046716 -0.005934 -0.007231 0.008372 0.0092893
0.0028214 -0.0051071 0.0056149 0.006623 -0.021733 0.01562 0.087125 0.033706 0.015091 -0.015444 0.047668 0.033428 -0.0055575 -0.00076462 0.0078861 0.0035961 0.0084249 -0.0051666 0.010396 0.014356 0.25539 -0.12682 0.37432 0.34759 -0.19445 0.10047 0.42692 0.26751 0.0029745 0.0069413 0.021891 0.016923 -0.029936 0.025606 0.040676 0.051716 0.15438 -0.044884 0.22036 0.37168 -0.018914 -0.090233 0.28238 0.16955 -0.013139 -0.01114 0.028584 0.020639 0.0028406 -0.0025613 0.0031256 0.0044032 -0.0097473 0.0073688 0.035755 0.038396 0.0094271 -0.0047326 0.032658 0.01215 -0.0015169 0.00092245 0.0065105 0.003213
-3.1355e-05 0.00011236 0.0022561 0.0026034 0.0046096 0.016634 0.022176 0.022268 0.016095 0.014044 0.05359 0.044046 -0.0027583 0.0031184 0.0088504 0.0063146 0.02097 0.025936 0.02956 0.053833 0.078768 0.0254 0.35552 0.27325 0.11943 0.01495 0.35426 0.27486 -0.038901 0.018156 0.063768 0.051819 0.0051319 -0.024321 0.020872 0.028026 0.070834 -0.0044653 0.50852 0.24261 0.14083 -0.0041302 0.31502 0.28976 -0.05862 -0.0097683 0.11319 0.039703 -0.0021347 -0.00029498 0.0024823 0.0013318 0.01658 0.029511 0.035425 0.044556 0.0075859 0.012996 0.058542 0.053155 -0.0074103 -0.0045044 0.0082324 0.0074489
0.0020466 -0.0020862 0.0023303 0.0061197 -0.0065674 0.0043635 0.027276 0.034483 0.0034047 -0.021667 0.018625 0.026849 0.0015668 -0.0017737 0.0041331 0.0041644 0.051488 0.014855 0.062949 0.027722 0.057156 0.05266 0.44354 0.18915 -0.12431 0.1379 0.43369 0.18577 -0.032871 0.018904 0.036003 0.022472 0.015576 -0.012285 0.058954 0.037255 0.07169 -0.090754 0.41163 0.21181 0.01414 -0.030709 0.47612 0.13997 -0.034649 0.015468 0.035573 0.020554 -0.0041814 0.0025586 0.0066974 0.011059 0.013424 -0.0050359 0.033271 0.040376 0.022022 0.012564 0.035934 0.036035 -0.0027749 -0.00083786 0.0048025 0.0043178
-0.00046833 0.00073165 0.0026354 0.0054119 0.044134 -0.0315 0.053277 0.041605 0.0042608 0.013848 0.057914 0.044687 -0.0036891 0.0053646 0.0099419 0.0062522 -0.040858 -0.013897 0.091647 0.041418 0.34834 0.079563 0.45455 0.14343 0.13512 0.060847 0.14896 0.10097 -0.024243 -0.015098 0.029782 0.021193 -0.0044775 -0.00063473 0.032726 0.016557 0.45931 -0.087139 0.51573 0.16273 -0.066163 -0.037554 0.12975 0.078367 -0.037235 -0.027376 0.07561 0.058463 -0.0019825 -0.0002634 0.0053986 0.0047179 0.033952 -0.014254 0.040547 0.01837 0.0088859 -0.030447 0.071184 0.033675 0.01134 0.0027046 0.014282 0.0050207
0.00027357 -0.00092334 0.0050766 0.0095643 0.0036518 0.0035028 0.046926 0.017929 0.018081 0.0078761 0.048269 0.023615 -0.0067412 0.0067196 0.0087197 0.0084377 -0.028069 -0.0057347 0.050939 0.06932 0.032972 0.1013 0.40002 0.26438 0.17733 -0.13025 0.27913 0.26933 -0.0030256 0.0084768 0.018177 0.014136 0.027104 -0.0032291 0.051292 0.044826 0.022499 -0.013734 0.46163 0.27951 0.12677 0.18193 0.28809 0.3245 -0.00097111 -0.008169 0.012895 0.042729 0.0021446 -0.0038541 0.0027567 0.0048316 0.012287 -0.015674 0.031833 0.045772 0.0059984 -0.014104 0.050005 0.039366 0.002812 -0.0039876 0.0088113 0.0096754
0.0014131 -0.0017256 0.0032285 0.0036397 -0.010869 -0.005331 0.072168 0.019423 -0.0097693 -0.00026047 0.05698 0.026235 0.008623 0.00018276 0.011461 0.0074823 0.0044404 -0.014439 0.028076 0.022019 -0.14232 -0.1225 0.34611 0.18454 0.10143 -0.013513 0.41577 0.23619 0.075643 -0.0080739 0.082821 0.034285 0.021049 -0.013443 0.03486 0.018197 0.042197 0.10598 0.52365 0.20448 -0.063336 0.036358 0.32254 0.29344 0.059505 -0.0016116 0.063781 0.029367 0.0014654 -0.0013607 0.0016481 0.0016942 0.023363 -0.012638 0.070424 0.022857 -0.008116 -5.7205e-05 0.059055 0.037425 0.0025852 0.0016242 0.0049775 0.007462
-0.0012685 -0.0011734 0.0036549 0.0029737 0.047781 -0.013076 0.053797 0.03117 -0.044593 0.024308 0.054483 0.054915 0.001426 0.0049939 0.002968 0.010446 -0.0067199 0.0041947 0.014492 0.013311 0.048485 -0.051558 0.40888 0.28897 0.21602 -0.055531 0.34324 0.23823 -0.00227 0.014715 0.0057485 0.020574 0.026932 0.011676 0.031245 0.043781 0.081305 0.15568 0.29409 0.36425 0.01401 0.0086129 0.29518 0.38829 0.0026799 -0.036066 0.023603 0.052331 0.0072543 -0.0044955 0.0073809 0.0045099 -0.009842 -0.018988 0.046987 0.033926 0.0041412 0.0055761 0.03784 0.04129 -0.0074235 0.001473 0.0079733 0.0024926
0.0037874 0.0011678 0.0071123 0.0041309 0.0088487 -0.0028967 0.047955 0.048719 0.00061852 0.042548 0.043106 0.048433 0.0050049 0.0012786 0.0050778 0.006044 0.0022571 0.013299 0.01866 0.028687 0.081732 0.027094 0.3112 0.30689 0.11075 -0.14883 0.28843 0.23979 0.014983 -0.028775 0.036244 0.037503 -0.042203 -0.0046478 0.060427 0.0428 -0.10125 -0.052406 0.37032 0.28638 0.19887 0.041336 0.45151 0.33475 0.01069 0.0055163 0.066175 0.04833 0.0015298 0.00029348 0.0031832 0.0031457 0.004121 0.040934 0.015735 0.054277 -0.011058 0.0043448 0.023357 0.035151 -0.0018419 -0.0032008 0.0043161 0.0063343
0.0027076 0.0015512 0.0047928 0.0061836 -0.0054353 0.028592 0.027591 0.083791 -0.008444 -0.019585 0.040051 0.02326 0.0032633 -0.0047162 0.0048888 0.0056654 0.04094 -0.02227 0.047864 0.024615 -0.11888 -0.12079 0.33771 0.25405 0.17959 0.14176 0.499 0.20214 -0.031416 0.031629 0.046353 0.049632 0.052372 -0.011923 0.052581 0.013035 -0.023125 0.036453 0.31515 0.31799 0.19919 -0.0087014 0.35917 0.19182 -0.037999 -0.01683 0.043852 0.032002 -8.9251e-05 -7.9705e-05 0.0001267 0.00019627 0.036384 0.0010625 0.044473 0.017554 0.002926 -0.0079672 0.068033 0.025491 -0.0035432 -0.0031946 0.0084347 0.0040076
-0.00016432 -0.00020506 0.0038921 0.0020466 0.010996 -0.022608 0.062347 0.044794 -0.00025455 -0.0051255 0.079508 0.033051 -0.0041484 -0.0035203 0.0065406 0.0065831 -0.019102 0.0030537 0.027547 0.016163 -0.11167 -0.12738 0.39579 0.1624 0.26815 0.0074514 0.37382 0.27912 -0.0051641 0.019967 0.041112 0.047797 -0.011642 0.00057778 0.034921 0.037288 0.020248 0.091049 0.29291 0.20521 0.073313 -0.14404 0.46854 0.28085 -0.014034 -0.057276 0.042553 0.058125 -0.004792 -0.0085391 0.0068432 0.00951 -0.0084884 -0.051618 0.013735 0.051696 -0.0079132 -0.010293 0.010228 0.010729 0.00019071 -5.7092e-05 0.00049925 0.00022937
0.0023949 -0.0037939 0.0036391 0.0041616 0.0020353 0.0038986 0.039957 0.042696 -0.0027338 -0.031781 0.050102 0.051614 0.0017827 0.0029177 0.0048528 0.004495 -0.010752 0.0040221 0.012707 0.0085236 -0.078816 -0.10481 0.43423 0.29097 0.18848 -0.065095 0.33324 0.40515 -0.0084976 -0.015316 0.04271 0.060309 -0.00042704 0.0042883 0.0096279 0.010147 -0.081316 0.068492 0.15878 0.21608 0.14941 0.0020381 0.36023 0.3491 0.017029 0.011906 0.035474 0.083588 -0.00091004 -0.0016917 0.001441 0.0020843 0.023948 -0.014002 0.044645 0.026849 -0.00479 0.058891 0.037325 0.065036 0.0011641 0.0059024 0.0021941 0.0070616
0.0018592 0.0012221 0.0040823 0.0025211 0.0096303 -0.0029548 0.047134 0.029544 -0.0037465 0.028852 0.037188 0.038527 -0.00060528 0.0069983 0.006295 0.0081116 0.02302 -0.0037471 0.028078 0.013713 0.14376 0.074396 0.34986 0.16953 -0.013191 -0.028228 0.2644 0.23287 0.026857 0.0053935 0.056381 0.029938 0.011975 0.0015512 0.022189 0.01009 -0.0075801 -0.054702 0.38225 0.23451 0.18402 -0.020103 0.60505 0.25958 0.0025545 -0.0025679 0.047873 0.032185 0.00066926 0.00047957 0.0027907 0.0010422 0.0070747 -0.02406 0.036198 0.044552 0.0060159 0.0045863 0.05644 0.029615 0.0011959 -0.0033197 0.0058697 0.005393
0.0053311 0.00091467 0.0053311 0.00097699 -0.0041353 0.062275 0.017232 0.064205 0.00074217 0.018516 0.0051697 0.021821 0.00032123 0.0036864 0.0016682 0.0036864 0.057959 0.0068957 0.057959 0.013759 0.14841 -0.0040547 0.33747 0.29238 -0.16954 0.17992 0.23263 0.26262 0.006169 0.0078012 0.012019 0.017322 0.044323 -0.0004148 0.044323 0.017175 0.17416 -0.030247 0.42061 0.22733 -0.14567 -0.086822 0.35333 0.38454 -0.0050794 -0.001784 0.027084 0.015416 0.0090829 -0.00010412 0.0090829 0.0016773 -0.0001579 -0.0013211 0.052676 0.042992 0.012695 -0.023263 0.062656 0.039717 -0.0021096 0.0037185 0.0051825 0.0073242
0.00099599 0.00042557 0.0027001 0.006331 -0.016638 -0.021427 0.02578 0.035702 0.03546 -0.014799 0.036289 0.068962 -0.00078869 0.0027916 0.0016596 0.0031038 -0.017053 0.011452 0.031887 0.058328 0.12923 0.084424 0.32054 0.36517 -0.063645 0.066849 0.19461 0.51642 0.0023331 -0.025436 0.049567 0.055625 -0.015406 -0.0043883 0.034825 0.040409 0.072065 -0.030287 0.26405 0.27583 0.0047714 -0.079539 0.25492 0.40961 -0.017817 0.0074394 0.032682 0.037656 -0.0017764 -0.00082196 0.0058996 0.0045312 0.023075 0.020073 0.051333 0.033002 -0.027318 0.017 0.036004 0.040071 -0.00017528 0.0010348 0.0022757 0.0017616
0.0018261 -0.0011177 0.0032874 0.0037917 -0.023966 0.01083 0.05908 0.031527 0.014157 -0.0082862 0.04709 0.023733 -0.0058827 -0.0055016 0.0061592 0.0068835 -0.04749 -0.012757 0.060478 0.059894 -0.014491 -0.089839 0.22597 0.30052 0.14163 0.1418 0.42395 0.36367 -0.027045 0.027396 0.055722 0.046288 0.0033384 0.02319 0.039569 0.0563 -0.013807 0.14336 0.34058 0.31391 0.079751 -0.017422 0.39541 0.22946 0.029911 -0.014315 0.069734 0.039952 0.0020607 -0.00040238 0.0057528 0.0037624 -0.020935 -0.02202 0.049223 0.042032 -0.010324 -0.015147 0.03978 0.049363 0.00136 -0.0048231 0.0048939 0.0067616
-0.002751 0.0047803 0.0089626 0.0057975 0.0069475 0.010137 0.048669 0.024984 0.0050232 -0.0018257 0.027508 0.034041 0.0059295 -0.0034354 0.0078592 0.0073317 -0.040269 0.0076714 0.10697 0.048302 0.14533 0.066365 0.35788 0.26175 -0.015353 0.12875 0.30807 0.3431 0.022789 -1.0095e-05 0.096593 0.12904 0.010209 -0.013364 0.037056 0.086838 0.094213 -0.054696 0.47612 0.24273 -0.04222 -0.029678 0.2099 0.36201 0.05342 -0.0073022 0.087367 0.046242 0.00071152 -0.00184 0.0039126 0.005995 0.0055613 -0.020638 0.011308 0.029225 0.018644 -0.023816 0.024667 0.029755 -0.00018296 0.00030577 0.0055936 0.0056012
0.00078447 -2.4599e-05 0.00078447 0.00011042 0.023367 0.028204 0.031035 0.029588 -0.015654 0.040785 0.019835 0.044188 0.00027026 0.0017946 0.0008262 0.0027123 0.0020022 -0.0001341 0.0020022 0.00059327 0.28017 -0.022017 0.45929 0.21372 -0.081987 0.041781 0.20442 0.25442 -0.0022202 -0.0035486 0.016043 0.021972 0.0011672 -4.0004e-08 0.0011672 0.0012775 0.29141 -0.036926 0.40866 0.15455 -0.12013 -0.064211 0.39109 0.2892 0.015109 0.013241 0.037823 0.016454 -2.1762e-05 -9.0619e-05 2.1762e-05 0.00034229 0.012936 0.0039433 0.047893 0.013393 0.004706 -0.020603 0.040177 0.044 0.0052463 0.0010894 0.0088933 0.0043172
-0.0051837 -0.0022521 0.009605 0.0034257 0.015733 0.0008838 0.043936 0.043111 -0.014759 -0.035779 0.059177 0.062866 0.0033858 0.00466 0.0071461 0.0091962 -0.0039387 0.0034779 0.013293 0.012735 -0.087203 -0.12788 0.39213 0.28697 0.19806 -0.090239 0.36852 0.42108 -0.011937 -0.016718 0.044304 0.05241 -0.00054574 0.002922 0.014702 0.0066389 -0.085006 0.0059474 0.18274 0.16294 0.16519 0.0060034 0.37503 0.31045 0.014428 0.0074554 0.039082 0.0805 -0.00043492 -0.00029914 0.0011791 0.0012255 0.017263 0.048231 0.037825 0.075295 -0.0095575 0.065343 0.038081 0.069873 0.0019673 0.0077397 0.0024569 0.008068
0.0041955 -0.0033372 0.0081711 0.005146 -0.0027467 -0.0065568 0.036559 0.045107 -0.00072631 -0.026986 0.056058 0.058594 0.0026907 0.006028 0.0057981 0.010011 -0.012286 0.0003761 0.016358 0.01093 -0.071436 -0.068346 0.45944 0.30236 0.15919 -0.069929 0.31425 0.41749 0.0094992 -0.022886 0.049839 0.055638 0.0084393 0.0053476 0.01979 0.0094405 -0.07852 0.038541 0.19882 0.2244 0.10551 0.070343 0.31827 0.35828 0.023537 0.022293 0.041634 0.1068 9.9401e-05 -0.0020495 0.0012851 0.0023906 0.038266 -0.024863 0.0503 0.029162 -0.0032494 0.0052527 0.042857 0.035732 -0.00059262 0.0011525 0.0012994 0.002802
-0.0036887 -0.0029256 0.0042911 0.0040923 0.00035135 -0.013585 0.0098002 0.022156 0.00089328 0.011357 0.019264 0.03227 0.0051187 0.0039694 0.0056321 0.0056609 -0.008411 0.036816 0.019206 0.057116 0.04193 0.01389 0.26916 0.29491 0.10041 0.053786 0.49739 0.24266 0.0037671 0.014069 0.05418 0.035868 0.0086962 -0.0018701 0.03631 0.080164 -0.17522 0.15813 0.40839 0.26843 0.19833 -0.003524 0.31448 0.22615 -0.020923 -0.0083785 0.052684 0.033008 -0.0042073 -0.0004155 0.0054166 0.0058924 -0.00050365 -0.027111 0.039593 0.061867 0.00039007 -0.014286 0.058074 0.03691 -0.0012521 -0.0030835 0.0081883 0.0068824
-0.0014805 -0.0034538 0.0042399 0.0061157 -0.01021 -0.0041183 0.035322 0.026581 -0.021019 0.037351 0.024164 0.041788 -0.00018584 0.00030312 0.00035659 0.00042548 -0.0066816 -0.011368 0.030731 0.032228 0.16222 0.13287 0.25428 0.17879 -0.040588 0.16336 0.24293 0.47576 -0.019549 0.027256 0.024241 0.06287 0.01079 0.012249 0.020702 0.017521 0.094673 -0.019667 0.38002 0.27274 -0.009643 -0.012414 0.43324 0.32268 0.016334 -0.012096 0.045265 0.029847 -0.0018333 0.0011572 0.0024703 0.0024143 0.0040163 0.010711 0.049274 0.025943 0.0042304 -0.0025278 0.038028 0.046569 -0.0018225 0.0042236 0.0062071 0.007058
-0.0031559 -0.0015535 0.0042948 0.005241 -0.0019645 0.0045995 0.015177 0.0095188 0.032794 -0.0037878 0.049557 0.047523 0.0051538 0.00538 0.0078826 0.0082275 -0.015887 -0.0039102 0.038542 0.039252 0.085472 0.042483 0.17365 0.35841 0.043352 -0.04061 0.32822 0.29173 0.00070242 -0.031232 0.050888 0.056196 -0.008801 -0.0013336 0.041507 0.025967 0.19691 0.062088 0.37231 0.23581 -0.11776 0.16241 0.4489 0.35243 -0.0010824 0.018627 0.050943 0.053994 -0.0002959 0.0037847 0.0040397 0.0047516 0.0084537 -0.0048445 0.033179 0.027777 0.0096866 -0.020601 0.051593 0.053154 0.0058199 -0.0022788 0.015407 0.0076046
0.00067417 0.00097965 0.0061006 0.002635 0.012156 0.0011774 0.07186 0.036599 -0.011357 -0.017619 0.068786 0.046219 0.0012204 -0.0014459 0.0039974 0.0024748 0.0061403 -0.010776 0.028411 0.029565 0.13957 -0.17983 0.40978 0.30613 -0.028558 0.033288 0.3231 0.31448 0.017676 0.018152 0.06166 0.024596 0.030672 0.01329 0.046009 0.029437 -0.18847 0.083131 0.32325 0.32738 0.20726 -0.098112 0.30767 0.20312 0.036729 -0.019711 0.072695 0.028711 -0.00049245 0.0013911 0.0024113 0.0035188 0.0015228 0.0091054 0.029708 0.01976 0.010539 0.0061173 0.058822 0.027553 0.0052658 -0.0041734 0.0067022 0.0047024
-0.0062803 -0.0042376 0.0067037 0.010082 -0.0091531 0.0095434 0.015138 0.016798 0.027854 0.032137 0.034522 0.071635 0.0024626 0.016611 0.0039065 0.025511 0.014789 -0.014504 0.044486 0.052349 0.040317 0.035465 0.2475 0.20371 0.075967 -0.02169 0.3933 0.36006 0.034728 -0.051386 0.046892 0.054719 -0.010243 -0.0029032 0.03436 0.027946 0.19784 0.025061 0.35956 0.22482 0.010785 0.08568 0.46357 0.3522 -0.020554 0.0095089 0.084815 0.045545 0.0016478 0.0020516 0.0035751 0.0039461 0.002187 0.012496 0.01724 0.020844 0.00096937 0.0061569 0.017086 0.021811 0.0010775 -0.0032365 0.004504 0.0049188
-0.001997 -0.00081564 0.0049873 0.0041725 -0.0013774 0.015145 0.028878 0.033377 0.02077 0.005968 0.042846 0.044898 0.002777 0.0057861 0.0055297 0.0068019 0.015435 -0.017584 0.03239 0.042907 -0.059806 -0.080503 0.34895 0.2946 0.16621 0.044205 0.30873 0.38267 -0.0040575 -0.0031244 0.054855 0.045607 0.0042104 0.0078972 0.016956 0.025375 -0.046668 0.031666 0.3592 0.33834 0.15353 -0.094198 0.30985 0.33461 -0.014183 -0.036257 0.039479 0.041993 -0.0011873 0.0031252 0.0032063 0.0036697 -7.6418e-05 -0.0057015 0.025015 0.021838 -0.0052686 -0.011033 0.010789 0.019563 0.0037213 0.0010155 0.0040048 0.0066105
-0.0070032 -0.0022679 0.010216 0.0057005 0.053205 0.0045111 0.059303 0.0096997 -0.00097799 0.0075584 0.0043255 0.0075584 -0.0037574 0.0018994 0.0037628 0.0019513 -0.022336 -0.014213 0.036565 0.037824 0.37568 0.088025 0.41376 0.096485 -0.086589 -0.06346 0.10623 0.11716 0.0039566 -0.022718 0.031076 0.031485 0.019119 0.053425 0.026277 0.088064 0.095101 -0.00062913 0.37783 0.43175 0.036284 0.0020925 0.43855 0.24336 0.0036459 0.037581 0.023491 0.048242 -2.0447e-05 0.00085248 0.00032506 0.0010015 -0.039816 0.036308 0.041151 0.048756 0.017715 -0.014454 0.068027 0.04384 -0.0019224 -0.0079 0.0048107 0.0099504
0.0024501 0.00037215 0.0028618 0.0014119 -0.013925 9.1928e-06 0.021239 0.0073846 0.054124 -0.016795 0.059331 0.0362 -0.0025492 0.0036202 0.0064385 0.0060729 0.0067251 0.0047679 0.023085 0.0084902 -0.10031 -0.012822 0.16929 0.058987 0.53315 0.072236 0.56591 0.1817 -0.045216 -0.043444 0.046431 0.055816 0.005971 -0.0038192 0.015191 0.01702 0.0063068 0.088253 0.19647 0.18104 0.1406 -0.1246 0.25942 0.32926 -0.002335 -0.008672 0.041644 0.038723 0.0025334 -0.0006265 0.0031354 0.0012863 0.0014505 -0.00065821 0.01789 0.012631 0.0088863 0.019278 0.016323 0.028932 -0.00010707 -0.00086664 0.0017915 0.0017226
-0.00026704 0.0014557 0.002357 0.0018721 0.023508 0.015345 0.042878 0.044433 -0.010152 0.031036 0.069425 0.048631 -0.0042938 -0.003985 0.0055044 0.0061701 -0.034204 -0.0028996 0.050668 0.026695 0.20944 -0.005432 0.37014 0.19362 0.0033849 0.07126 0.38135 0.31917 -0.01532 0.0036251 0.057785 0.043625 -0.014542 -0.0040392 0.056858 0.031884 0.22571 0.026736 0.52196 0.16873 -0.08403 -0.028435 0.28386 0.21519 0.0034278 0.0027883 0.050188 0.041931 0.0026529 -0.0042191 0.0031851 0.0043494 0.048017 -0.031596 0.062853 0.038049 -0.0069614 -0.003343 0.026991 0.024614 -0.0011027 0.0012261 0.0066435 0.0044151
1.7108e-05 1.2278e-05 0.00021945 0.00024574 0.0576 0.046801 0.058077 0.050519 -0.0071391 0.045498 0.046488 0.084732 -0.0022857 0.0029051 0.0080836 0.0046202 0.022075 0.011119 0.023068 0.012137 0.37601 0.040218 0.39339 0.2047 -0.092195 -0.043763 0.36467 0.29586 -0.052268 0.034602 0.073096 0.051174 0.010595 0.010604 0.022778 0.01828 0.095799 -0.17095 0.19238 0.21417 0.17537 -0.1625 0.3634 0.26827 -0.029782 -0.014174 0.070882 0.04946 0.00053023 0.00049995 0.0013629 0.0022156 0.0029278 0.0051606 0.0069312 0.015432 0.0081481 -0.00031119 0.012988 0.018578 0.0063559 0.001422 0.0093145 0.0092787
-0.0045106 -0.001416 0.0067696 0.004522 0.00063325 -0.019278 0.026221 0.031617 0.026909 0.039479 0.06597 0.05688 0.00043946 0.0063272 0.0063288 0.0089487 0.01564 -0.002177 0.044923 0.038445 -0.03967 0.033871 0.37537 0.30755 0.20741 -0.017822 0.4229 0.2507 -0.0043297 -0.013896 0.050501 0.034977 0.0053457 -0.0076268 0.023643 0.032276 -0.03118 -0.034586 0.39054 0.31429 0.15204 -0.11637 0.30081 0.25922 -0.026928 -0.032136 0.045244 0.044278 7.601e-05 0.0036171 0.0028034 0.0042594 -0.0039882 -0.0064259 0.025195 0.016868 -0.0051778 -0.010346 0.0096611 0.015938 0.0050684 -0.00066816 0.0059159 0.0054292
0.0019387 -1.6628e-06 0.0030055 0.0023344 0.056656 0.011017 0.058492 0.020916 -0.017474 0.037677 0.04081 0.055981 0.007771 -0.00081154 0.0085931 0.0080665 0.027437 -0.011665 0.035426 0.013574 0.40013 0.028112 0.42637 0.099013 0.012416 0.042556 0.22525 0.27963 -0.049355 -0.040371 0.077641 0.060688 0.049582 -0.016268 0.049886 0.016916 0.39529 -0.059744 0.41987 0.12172 -0.13675 -0.14351 0.21124 0.14441 -0.011946 -0.001067 0.062608 0.046525 0.0032615 -0.0010589 0.0033554 0.0015722 0.030349 -0.03464 0.036043 0.039844 -0.0147 -0.080503 0.023218 0.081849 0.0019188 -0.0082974 0.0045463 0.0093278
-0.00089808 -0.0011683 0.0021246 0.0017582 0.00083466 0.015139 0.014709 0.021433 0.02114 0.0063013 0.037718 0.030213 -0.00099398 0.0021246 0.00459 0.0048606 0.010007 -0.0025522 0.016813 0.028292 -0.070179 0.056421 0.4423 0.17967 0.12984 0.067554 0.2837 0.18558 0.0045784 0.014413 0.03737 0.042758 0.027912 -0.01803 0.028399 0.031253 0.15853 -0.092801 0.47186 0.27434 -0.0025967 -0.0041089 0.48077 0.19699 0.014586 -0.0065287 0.055726 0.020487 2.5006e-05 5.1882e-05 0.00015502 0.00026724 0.034962 -0.0065002 0.045538 0.034318 0.020164 0.0041245 0.069715 0.032807 -0.0011061 0.0013318 0.0049889 0.0023069
-0.0012011 -0.0023419 0.0032469 0.0042383 -0.0039247 -0.0052353 0.015972 0.0092659 0.0046022 0.022617 0.034589 0.03119 0.00011246 0.0048251 0.0075401 0.0067124 0.00096473 0.00084389 0.026048 0.02549 0.15631 0.12753 0.24255 0.16435 -0.0034302 0.14498 0.34371 0.43906 -0.0036561 0.00027681 0.025369 0.055678 0.031675 0.014955 0.035896 0.052304 0.0087297 0.02773 0.42055 0.2551 0.15694 0.072512 0.39611 0.2772 -0.031768 0.0082214 0.061063 0.039651 4.6301e-05 -0.00098891 0.0023701 0.0019295 0.02275 -0.010137 0.083044 0.034539 0.0022428 -0.027784 0.059601 0.044193 -0.0030993 -0.0028355 0.0088611 0.0063251
-0.0067101 -0.0071394 0.007218 0.0099119 -0.013856 -0.024005 0.026946 0.038588 0.012409 -0.025219 0.028892 0.031927 0.0023317 -0.0054397 0.0027675 0.0068839 0.0072617 0.03027 0.023842 0.045897 -0.28135 0.051594 0.3552 0.15911 0.16315 0.033295 0.29183 0.41661 0.0020232 -0.015545 0.025193 0.048997 -0.015825 -0.03068 0.035258 0.096911 -0.019363 -0.11937 0.17669 0.20769 0.13773 0.10933 0.20647 0.53167 -0.0006048 0.033462 0.023684 0.059021 -0.010945 -0.0057959 0.011097 0.0058183 0.0049841 0.0033605 0.015214 0.010591 0.02261 -0.0060327 0.045547 0.042716 0.00051065 -0.0024827 0.0024637 0.0031342
0.0094405 -0.00038454 0.0094741 0.0011484 0.020142 0.0091909 0.031516 0.018191 0.051818 0.031895 0.0578 0.03529 0.00015907 0.0040744 0.0040568 0.0070605 0.04315 0.0049982 0.043489 0.012862 0.4251 0.016202 0.44305 0.13535 0.083938 -0.11334 0.087685 0.1257 -0.015484 -0.025045 0.02943 0.025565 0.029224 -0.0040574 0.032954 0.012621 0.20267 -0.072089 0.23326 0.38692 0.1137 -0.25837 0.1516 0.39606 -0.05439 -0.044374 0.066951 0.053728 0.00081746 -0.0029464 0.000969 0.0031163 0.0052375 -0.068351 0.0073252 0.068586 0.0080454 -0.071391 0.010902 0.071457 0.0021093 -0.0079673 0.0024127 0.0080232
-0.00013246 0.00090492 0.0021111 0.0021299 0.028906 -0.0088252 0.032942 0.027098 -0.0052263 0.0082926 0.076453 0.034395 0.0059936 0.0051354 0.014293 0.0061509 -0.040203 0.0025272 0.084439 0.069085 0.18968 0.11393 0.28676 0.20392 -0.072756 -0.015039 0.60735 0.35677 -0.0023865 -0.01384 0.039885 0.023802 0.025493 -0.00442 0.035479 0.040308 0.079088 -0.10525 0.34664 0.23784 0.029573 -0.022876 0.23328 0.19786 -0.003367 0.010241 0.019123 0.022062 0.0073412 -0.0021931 0.0073582 0.0022346 0.014109 0.0047651 0.054737 0.014689 -0.0025566 -0.0056516 0.033994 0.03259 -0.00036814 0.0026838 0.0032889 0.0109
0.0047853 -0.0031812 0.0056677 0.0077729 -0.018781 0.015596 0.079774 0.04492 0.0074566 0.0092772 0.039791 0.044283 0.0055739 -0.0018931 0.0069128 0.0075129 -0.0033132 -0.0035437 0.014027 0.014885 -0.061273 -0.13488 0.41746 0.22917 0.1811 -0.036337 0.42814 0.26995 0.030734 -0.019524 0.059533 0.040272 -0.0164 -0.0019097 0.018712 0.0091032 0.071722 0.12128 0.16629 0.17729 0.016725 0.049938 0.293 0.49917 0.039192 -0.0067451 0.072619 0.048978 -0.00068854 0.00089345 0.0022993 0.0014994 0.015265 -0.015732 0.074458 0.035159 -0.019512 -0.035193 0.046141 0.057356 -0.00016699 0.0058472 0.0031465 0.0078447
-0.0089077 0.0011997 0.013472 0.0034835 0.034566 -0.0059947 0.040816 0.013696 -0.018532 0.013563 0.033101 0.01625 -0.0092545 0.0051559 0.0099072 0.0056929 -0.057387 -0.017293 0.088494 0.062104 0.31694 -0.11437 0.37109 0.16905 -0.10864 0.014359 0.12247 0.065143 0.016096 0.0020628 0.068136 0.040141 -0.044474 -0.010103 0.056053 0.044294 0.26895 0.12356 0.38003 0.3896 -0.15057 -0.15975 0.24596 0.37641 0.033246 -0.0024273 0.04408 0.055752 -0.00013347 0.0011721 0.00202 0.0020959 -0.0050884 -0.039009 0.05872 0.049774 -9.2359e-05 -0.036977 0.035296 0.062535 -0.00039208 -0.0016772 0.0085749 0.0065019
0.0051021 0.0027805 0.0058968 0.0051186 0.0075992 0.012333 0.076196 0.037701 -0.034568 0.058957 0.036403 0.062237 0.00022973 -3.1508e-05 0.00089885 0.0011119 0.032665 -0.019037 0.082649 0.036033 -0.031292 -0.016596 0.64817 0.14764 0.090258 -0.0055139 0.24563 0.10348 -0.051285 0.039287 0.053099 0.040892 -0.011269 0.015555 0.058641 0.034456 0.040702 -0.060261 0.55359 0.17865 0.18591 0.052048 0.20448 0.053741 -0.032761 0.00077898 0.042579 0.0090374 0.0038313 -0.0063831 0.004554 0.0064877 0.03788 0.0079753 0.072539 0.032382 0.00062125 -0.0086718 0.010097 0.012829 -0.0048798 -0.0020367 0.0079954 0.003598
0.00060899 0.00075306 0.00080453 0.0007777 0.011483 0.027376 0.02982 0.041486 0.016594 0.025463 0.026118 0.05055 0.0036427 0.0016589 0.0084404 0.0026993 0.017484 0.013681 0.030351 0.060474 0.10166 -0.016435 0.34576 0.3694 0.037247 -0.047948 0.21728 0.48802 -0.030952 -0.014487 0.037293 0.031879 0.0293 0.0052313 0.033274 0.06666 0.070382 0.091796 0.33009 0.37756 -0.10806 0.026534 0.2211 0.28836 0.010601 -0.0017985 0.016207 0.022931 0.0099078 -0.0047484 0.0099214 0.0048183 0.034724 0.0023398 0.065341 0.031942 -0.037083 0.0042923 0.044815 0.033507 0.0019873 -0.00032782 0.0025885 0.0020914
0.00018104 1.4415e-05 0.00060138 3.7347e-05 0.0018484 0.0021598 0.003517 0.0025181 0.0061589 0.039139 0.010571 0.039226 0.00171 0.014827 0.0033378 0.014843 0.010711 0.041329 0.027166 0.06969 -0.17961 0.23208 0.26918 0.41339 0.25356 0.13951 0.30297 0.33842 -0.018612 0.033579 0.047607 0.084172 0.010786 -0.027924 0.036268 0.044352 -0.13991 -0.10632 0.21336 0.26313 0.21153 -0.049811 0.26706 0.28455 0.0022885 -0.033611 0.052983 0.048362 0.00097037 -0.00079768 0.0023032 0.0039977 0.010632 0.0025413 0.025443 0.01885 0.0014934 0.021802 0.019124 0.029386 0.0012092 -0.0010972 0.006154 0.003937
1.6493e-05 0.001022 0.0039368 0.011441 -0.01836 0.010671 0.03953 0.040297 0.0074296 0.024197 0.025332 0.038436 0.0011011 -0.00348 0.0064876 0.0044245 0.046283 0.018123 0.069776 0.0207 -0.14087 0.021605 0.44777 0.19034 0.036421 -0.017387 0.38463 0.20993 0.012348 0.022247 0.025865 0.024169 -0.012285 -0.015351 0.053843 0.033353 0.090751 -0.016882 0.50676 0.23007 -0.094538 0.022616 0.34065 0.25795 0.050077 0.016465 0.069455 0.019432 0.0035893 -0.0016184 0.0038178 0.003298 0.0063259 -0.017371 0.063503 0.03177 -0.0044076 -0.01333 0.04949 0.04787 5.7758e-05 0.00073814 0.0015298 0.00099911
-0.0031932 0.00087231 0.0099329 0.005553 0.048816 -0.013754 0.062888 0.06438 -0.0074078 -0.038284 0.059059 0.05172 -0.009722 -0.0010929 0.015336 0.0082398 0.04416 -0.011047 0.076354 0.047168 -0.16961 -0.13709 0.40733 0.32571 0.1354 0.048053 0.42899 0.36468 0.019064 -0.023143 0.095115 0.053677 0.011267 0.01321 0.016562 0.023278 -0.10849 0.10632 0.13945 0.12207 0.076607 -0.13237 0.29085 0.36102 -0.010647 -0.0027728 0.042288 0.025031 -0.0024338 0.0045487 0.0057353 0.0079284 -0.016041 0.00073883 0.018427 0.013692 0.00070319 0.0023162 0.020935 0.0073602 0.0026231 0.003763 0.007363 0.0067905
0.0020878 -0.0010953 0.0056073 0.0034527 -0.011563 -0.022774 0.033634 0.03232 0.013078 0.023487 0.026982 0.032487 0.0007818 -0.0013012 0.0080628 0.0095281 -0.001298 0.013117 0.025653 0.025371 0.17106 0.12114 0.26525 0.30296 0.050664 0.14176 0.42703 0.38588 -0.031667 0.033395 0.055195 0.074654 -0.01778 0.018652 0.048698 0.044894 -0.085248 -0.045863 0.15778 0.14575 0.16841 -0.11273 0.45774 0.29876 -0.013357 -0.041763 0.045444 0.073325 -0.0025032 -0.0012444 0.0049473 0.0023563 -0.0088695 -0.0006525 0.020213 0.015999 0.013679 -0.019448 0.081091 0.064155 0.0014635 0.0062213 0.0060774 0.018904
0.0017663 -0.00065382 0.0058173 0.0075796 -0.0037199 0.025086 0.087865 0.033965 -0.011322 0.0087992 0.03079 0.026014 -0.00079151 -0.0014233 0.0061398 0.0047764 -0.0065757 -0.0090127 0.081866 0.059016 -0.14986 -0.17327 0.53275 0.22875 0.11028 -0.060615 0.28346 0.27841 -0.0073014 0.0052468 0.023755 0.018075 -0.065913 0.0069003 0.070857 0.047037 -0.0034122 0.12085 0.38279 0.39133 0.029694 0.034737 0.14502 0.24377 -0.0037642 -0.0062473 0.0095371 0.0091002 -0.0055823 0.0011893 0.015585 0.0081721 -0.0083404 0.0041824 0.030173 0.032035 0.0038647 0.013076 0.044887 0.040103 0.00080695 0.00048172 0.004105 0.0039334
-0.0015353 -0.00030899 0.0048666 0.0072588 0.026902 0.0068781 0.083681 0.035517 0.031852 -0.027143 0.05054 0.072548 -0.011216 0.0017612 0.016273 0.0088456 0.0092144 0.0092239 0.028208 0.028856 0.078936 -0.033279 0.29732 0.32054 0.022549 -0.10402 0.46492 0.34261 -0.016518 0.007811 0.07009 0.075462 -0.027635 0.031546 0.043851 0.05272 -0.095814 0.01786 0.16988 0.089713 0.010609 -0.034043 0.48762 0.3234 0.065046 -0.02714 0.093186 0.094267 -0.0061948 -0.0026971 0.012 0.0082321 -0.0025145 0.0073851 0.014757 0.021025 0.0087895 0.025194 0.037292 0.04837 -0.0020311 0.010291 0.0067146 0.012541
0.0014542 -0.00073472 0.0057384 0.010508 -0.0090419 -0.0072344 0.023891 0.028129 0.007945 0.016628 0.019652 0.02218 0.00043713 4.0166e-05 0.0050717 0.0038202 -0.0044531 0.0025706 0.018921 0.026242 0.0060964 -0.011363 0.11018 0.17161 0.10636 0.11197 0.25654 0.40451 -0.016355 0.028705 0.049058 0.050794 -0.005324 0.0042735 0.019912 0.024555 0.068495 0.064902 0.22046 0.31718 0.040119 -0.098694 0.40615 0.57717 0.010555 -0.0057686 0.050427 0.082666 -0.00075994 -0.0013761 0.005546 0.0069846 -0.0023954 0.026211 0.025268 0.047588 0.038788 0.054647 0.059101 0.070945 -0.001749 0.0010165 0.0059453 0.0074966
-0.0050249 0.0081939 0.0059314 0.011604 0.0038286 -0.0075553 0.021043 0.049194 0.016344 -0.015834 0.04654 0.03076 -0.00097306 -0.0056347 0.0048408 0.0076864 -0.035367 0.0054791 0.041086 0.057813 -0.23133 -0.053192 0.36756 0.21425 0.17421 0.081976 0.2907 0.31251 0.018163 0.046231 0.029548 0.087206 0.0074705 -0.030776 0.057338 0.072788 -0.14582 -0.073761 0.20122 0.15345 0.19859 -0.056048 0.55515 0.23769 0.01322 -0.05157 0.032563 0.066788 -0.011176 0.002908 0.013308 0.010764 -0.0036745 0.0042917 0.014032 0.0093397 0.013753 0.010571 0.028823 0.036514 0.00037363 0.0033255 0.0034605 0.0064832
-0.00069923 -0.00020726 0.0018946 0.0021584 -0.0068092 0.0037053 0.019119 0.012018 0.007512 0.030879 0.028428 0.048178 0.0081984 0.0046637 0.010028 0.015707 -0.0009393 -0.0038039 0.026679 0.047347 0.011078 0.055648 0.32334 0.3133 0.070039 0.10361 0.29819 0.38026 0.035781 0.035754 0.049862 0.078269 -0.031007 0.011388 0.033694 0.033999 0.15337 -0.1176 0.23808 0.24201 0.085449 -0.088174 0.46604 0.3518 -0.0089927 -0.038604 0.05533 0.049349 7.9997e-07 0.0023786 0.007418 0.0071201 -0.022108 0.022894 0.034576 0.046995 0.00091441 -0.02526 0.019846 0.030155 0.0017399 -0.0011417 0.004728 0.0056015
0.0012516 0.00042116 0.0023114 0.001636 0.040529 0.025373 0.055228 0.02977 -0.017399 0.054686 0.037042 0.081303 -0.0020929 -0.0044282 0.0047332 0.0059622 -0.0022159 -0.0026981 0.015503 0.008574 0.38161 0.050001 0.46857 0.13087 -0.28584 -0.13879 0.28651 0.16161 -0.026077 -0.012401 0.027399 0.013995 0.00013131 -0.0060049 0.01225 0.01143 0.20215 -0.12526 0.40028 0.18422 -0.20745 -0.14248 0.21044 0.14333 -0.029592 -0.018597 0.030102 0.019736 0.001434 -0.0013882 0.0018245 0.002111 -0.0025432 7.7001e-06 0.036238 0.031707 -0.02666 -0.020508 0.026678 0.020605 -4.4193e-06 4.4193e-06 9.1673e-06 9.1673e-06
-0.012089 0.001577 0.012218 0.0030701 0.007723 -0.0012502 0.014086 0.0049707 -0.019429 0.0051312 0.027675 0.024337 -9.7147e-06 -0.00031544 3.7913e-05 0.0010862 -0.077566 -0.015731 0.077991 0.041234 0.00077217 0.017187 0.13561 0.043169 0.0083741 0.015935 0.56132 0.12002 0.00020324 0.00022367 0.0006684 0.0034584 -0.041433 -0.0091597 0.042647 0.014563 -0.049841 0.092685 0.45735 0.1943 0.044862 0.060714 0.58129 0.1441 -0.0001685 0.00012123 0.00056905 0.0019906 -0.0042074 0.0047159 0.0043994 0.0062383 0.010687 -0.013171 0.021925 0.034122 -0.011646 -0.02437 0.045888 0.046572 -0.0005113 0.0001445 0.00053309 0.00045728
0.0050903 0.0040772 0.0062266 0.0047107 -0.020362 -0.0079417 0.054591 0.046494 0.026671 -0.0073807 0.059693 0.045126 -0.0055887 0.0023409 0.010774 0.0069395 0.014906 -0.0090923 0.026073 0.027261 0.013449 0.021753 0.24325 0.25518 0.13347 0.10454 0.36088 0.26281 -0.026275 0.0062637 0.087223 0.050622 0.0053246 0.002936 0.0085339 0.0055141 -0.017463 -0.022876 0.3257 0.20277 0.11558 -0.12385 0.59957 0.25009 0.054701 -0.0023547 0.11061 0.036809 0.0014484 -0.0014032 0.002925 0.002202 -0.0063536 -0.0055656 0.054238 0.0132 0.0047834 0.022321 0.031282 0.042079 0.0011994 -0.0018198 0.0076168 0.0089298
0.0024374 -0.0035005 0.0038551 0.0040877 0.013777 0.017806 0.048633 0.038048 -0.014941 0.02237 0.053297 0.056625 0.0028653 -0.0011742 0.0032822 0.0016779 0.00086656 5.9216e-06 0.01316 0.017647 0.12538 -0.17151 0.21666 0.20012 -0.013164 -0.078328 0.31586 0.50311 -0.0023441 0.0064852 0.017046 0.013571 0.0022238 0.0031173 0.01196 0.016561 0.078416 0.052749 0.15494 0.17591 0.13761 0.066559 0.42677 0.46362 -0.023226 0.012205 0.038765 0.016826 -0.0028212 0.0022677 0.005413 0.0048348 0.0043611 -0.0015444 0.019842 0.017043 0.0073472 -0.052935 0.050517 0.055567 0.0022151 -0.00013542 0.0025356 0.0022319
-0.00033495 0.0032955 0.0026713 0.003386 0.019728 -0.015688 0.053443 0.048777 -0.016358 -0.02563 0.068661 0.049557 0.0047705 -0.0025633 0.010191 0.00759 -0.01712 -0.0095804 0.024988 0.021993 0.0054195 -0.055261 0.28885 0.23934 0.050518 0.066417 0.27796 0.48058 0.0072328 0.0012 0.063459 0.047122 0.0024125 -0.012796 0.0081871 0.013739 0.11672 0.14409 0.28857 0.30489 -0.050151 -0.01528 0.2276 0.48525 -0.0063363 -0.02053 0.05717 0.038382 0.00080075 -0.001186 0.002077 0.0023401 0.026702 0.0077402 0.033059 0.041361 -0.040709 -0.02011 0.063033 0.054803 -0.0073082 -0.0025836 0.0073245 0.0051987
-0.00055957 -0.0023376 0.0042461 0.0046422 -0.0083315 -0.010465 0.03335 0.040432 -0.003155 0.011519 0.035474 0.025548 0.0018482 -0.0011822 0.0054443 0.0021318 -0.0048202 -0.0017937 0.024257 0.017794 -0.014438 -0.07195 0.12737 0.14016 0.027311 -0.076974 0.29579 0.28664 -0.0096821 0.0052566 0.043032 0.017355 -0.010719 0.0024726 0.026586 0.023365 -0.14879 0.02766 0.47088 0.28529 0.1584 0.12517 0.54452 0.31295 -0.0084631 -0.0084961 0.019593 0.01754 -0.002774 -5.4188e-05 0.0045255 0.0033372 0.00039311 -0.011004 0.057681 0.019422 0.017348 -0.0080245 0.065425 0.046252 -0.0053541 -0.00091174 0.0056354 0.00384
-4.4156e-05 -0.0014552 0.002521 0.0067152 -0.0062302 0.011177 0.027632 0.026735 -0.011048 -0.0092978 0.033776 0.02756 0.00071617 0.0015785 0.0025331 0.0042272 0.012314 0.0025018 0.032284 0.044803 -0.061381 -0.10097 0.24212 0.25538 0.25086 0.065737 0.34821 0.35607 -0.067877 0.048306 0.083121 0.060617 0.012973 -0.0092405 0.01894 0.02372 -0.065923 0.059433 0.21509 0.18231 0.29685 0.027986 0.5006 0.26814 -0.0011244 -0.00079686 0.07289 0.071453 0.0024011 -0.0041505 0.003279 0.0057803 0.015607 0.0062705 0.030585 0.049755 -0.0058481 -0.0050456 0.053764 0.070292 0.011525 0.00026471 0.012251 0.0056808
-0.0014567 -0.0080643 0.0075001 0.012456 -0.017131 -0.026588 0.043061 0.035654 0.0045408 0.0080002 0.017582 0.022174 -0.00019183 0.0006049 0.0022431 0.0020048 -0.013199 -0.023565 0.042595 0.046684 0.19538 0.098102 0.30745 0.18142 -0.085055 0.15038 0.26901 0.27334 -0.022429 -0.0033021 0.032666 0.0246 0.019624 -0.02654 0.020406 0.026692 0.36394 -0.14577 0.52796 0.24641 -0.1326 0.025583 0.21691 0.24082 -0.0028187 0.012449 0.060621 0.031709 -4.64e-05 -4.6318e-05 0.00019574 0.00020196 0.01919 -0.020179 0.020086 0.020898 0.029336 -0.056042 0.054008 0.059493 -0.00070736 -0.002813 0.0041687 0.0048963
0.0062884 0.00010104 0.0078982 0.0039806 0.0053249 -0.022062 0.054669 0.04212 -0.022466 -0.034241 0.052095 0.05188 0.0023805 0.00021256 0.0036512 0.0019636 0.024011 -0.013102 0.026508 0.041459 -0.0046496 -0.10501 0.31536 0.28331 0.016911 0.097612 0.41546 0.2654 0.015801 0.0047307 0.030077 0.012176 0.0040148 -0.0020263 0.013515 0.019802 0.25618 0.0029153 0.37164 0.21569 -0.078156 -0.012105 0.26985 0.44585 -0.010874 -0.00034042 0.034266 0.015264 2.9287e-05 0.00070911 0.001332 0.0020063 0.0053152 -0.0048472 0.021309 0.024762 0.02515 -0.022146 0.046863 0.067543 -0.0065366 -0.00034 0.0083084 0.0040651
-0.0032555 -0.0013449 0.0045078 0.0050955 -0.0021044 0.034875 0.026083 0.041967 0.027889 0.03271 0.06144 0.043541 -0.010319 0.0099452 0.011098 0.010478 0.0017459 0.0044099 0.02458 0.015701 -0.0080303 -0.057667 0.2304 0.23172 0.36505 -0.033128 0.41883 0.32191 -0.039037 0.010909 0.075757 0.049318 0.017698 0.004665 0.019027 0.014794 0.016502 0.08679 0.19028 0.26145 0.16476 0.042029 0.31845 0.43832 -0.0088877 -0.021139 0.040298 0.068307 -0.00018209 -0.0025358 0.0052029 0.0043434 -0.0051221 -0.015189 0.028067 0.033746 0.021592 -0.0499 0.036044 0.069581 -0.0079345 -0.0015097 0.0094225 0.0053286
-0.0020309 -0.00048197 0.003401 0.0024006 0.014472 -0.023498 0.052178 0.038923 0.0052933 -0.009996 0.082237 0.061746 0.0014526 0.0012262 0.0065248 0.005559 0.036746 -0.0035329 0.050802 0.044278 -0.17311 -0.09621 0.29769 0.25901 0.30313 0.019733 0.39206 0.25214 -0.0045075 0.0092147 0.060608 0.031245 -0.013206 -0.0027741 0.024031 0.02057 0.096355 0.1375 0.29756 0.16911 0.099938 -0.023408 0.43895 0.32514 -0.0097305 -0.01627 0.052773 0.042432 0.003389 0.0010678 0.0059336 0.0022064 0.013486 -0.0074747 0.063961 0.020888 -0.021629 -0.0037684 0.050786 0.025432 0.0046879 -0.0026164 0.008748 0.0057202
2.1632e-05 -0.00012819 0.00015198 0.0002799 0.046795 0.012089 0.049875 0.028529 -0.013681 -0.0066527 0.038374 0.016851 0.0089604 0.0082782 0.0095954 0.0087964 0.0045765 0.0031934 0.0051684 0.0055126 0.0080226 0.026779 0.43789 0.26856 0.30302 0.085903 0.37682 0.11569 -0.024614 -0.044641 0.044247 0.063453 0.054096 0.023992 0.054416 0.02551 0.042162 0.18222 0.24697 0.31162 0.021681 -0.023891 0.38828 0.29847 0.0086814 0.027071 0.061136 0.085468 0.0037289 0.0035261 0.0048832 0.0069602 -0.001084 -0.0080285 0.042814 0.058572 -0.006436 0.0016319 0.044678 0.059568 0.0023548 -0.0026731 0.0099666 0.009575
0.0026527 -0.0015293 0.0037903 0.0035654 -0.007169 -0.003198 0.06216 0.036492 -0.028784 0.074305 0.033331 0.081852 -0.0019348 0.0020597 0.0021245 0.0021514 0.02244 0.017281 0.04083 0.033433 0.055526 0.12382 0.25696 0.21262 0.0036391 -0.027555 0.50683 0.33967 -0.035503 0.015053 0.048443 0.062904 0.040232 -0.046389 0.047221 0.052732 0.055017 -0.14435 0.22537 0.23113 -0.017711 0.037554 0.39054 0.3747 -0.026507 -0.035302 0.087272 0.036651 0.00059697 -0.00073212 0.00080745 0.00076303 0.037445 -0.056125 0.038767 0.056193 -0.011003 -0.051117 0.090158 0.062856 -0.0035337 -0.0029366 0.0036122 0.0030029
-0.0017042 -0.0018087 0.0027526 0.0039436 -0.0016913 -0.010577 0.02049 0.015862 0.063459 0.011199 0.082358 0.034631 -0.0083476 -0.0024676 0.0087592 0.0091479 0.0054365 0.0052227 0.019972 0.019531 -0.032942 -0.035475 0.11062 0.096507 0.39759 -0.12076 0.6468 0.20329 -0.046985 -0.026921 0.047076 0.026921 0.0017428 -0.030033 0.036574 0.041055 0.22314 -0.01913 0.27748 0.1342 -0.0076494 0.010314 0.28336 0.28549 -0.037907 -0.028347 0.037907 0.028371 0.00036355 0.00023608 0.00073769 0.00050683 0.034906 -0.018777 0.037884 0.020043 -0.016247 -0.043454 0.029297 0.043544 -0.0010583 -0.00056144 0.001191 0.0011188
0.00057384 0.00011568 0.011076 0.0031915 0.029212 0.016281 0.064133 0.034194 -0.031447 0.01552 0.040794 0.044244 0.0030542 0.0081418 0.0048044 0.0091532 0.023793 -0.0040011 0.06086 0.04522 0.15336 -0.030321 0.45053 0.21705 -0.13547 -0.019031 0.39508 0.18521 0.013412 -0.012383 0.065755 0.028109 -5.9888e-05 -0.0086397 0.043246 0.032863 0.13094 -0.063693 0.249 0.29711 -0.16994 -0.22205 0.3066 0.37039 -0.013999 -0.040816 0.020186 0.053048 0.0018378 -0.0014695 0.0047479 0.0055618 -0.014056 -0.040081 0.015575 0.042546 -0.0026514 -0.006149 0.0064771 0.0071135 -5.391e-05 1.5223e-05 0.0004676 0.00017394
0.0026334 0.00079385 0.0033314 0.002006 -0.0018895 0.0045169 0.043447 0.041133 0.0073954 0.023329 0.058386 0.0494 0.0004873 0.00396 0.013388 0.0075532 -0.00016935 -0.0091242 0.029747 0.023637 0.095603 -0.14515 0.2814 0.27261 -0.0082095 -0.087837 0.46249 0.37649 0.049217 -0.0085139 0.068853 0.031934 -0.02815 0.014555 0.047843 0.037158 0.028302 0.054113 0.24419 0.27922 0.063067 -0.0473 0.35975 0.36112 0.0269 -0.015172 0.071754 0.05782 0.0032931 0.00058041 0.0058445 0.0077986 -0.01234 0.049208 0.037401 0.069243 -0.013119 0.016882 0.033115 0.028807 -0.0015998 -0.0012442 0.0022365 0.0019958
0.0098531 -0.00060203 0.012414 0.0070792 -0.022115 0.03112 0.039383 0.03753 0.035882 -0.025273 0.075036 0.051362 -0.00010397 -0.0020805 0.013239 0.0055975 0.061619 -0.020361 0.061644 0.020796 -0.10579 -0.060526 0.38668 0.2638 0.15644 -0.033223 0.5114 0.356 0.020797 0.018696 0.03348 0.027741 0.054891 -0.015428 0.055361 0.017181 -0.037604 0.011009 0.31096 0.21424 0.15759 0.0026498 0.32028 0.17487 0.018595 0.0055976 0.032859 0.053857 9.6755e-05 -0.00028898 0.00034241 0.00068909 0.035298 -0.0024945 0.056901 0.01577 0.033797 0.0057032 0.07362 0.03568 -0.0033714 0.0085315 0.0062395 0.01091
0.00046682 0.0029959 0.003818 0.003854 -0.0053727 -0.011397 0.023573 0.030626 -0.020877 0.017878 0.050427 0.046711 0.0069935 -0.0095495 0.010863 0.012428 0.0089357 -0.0090347 0.024664 0.028542 -0.090804 -0.095371 0.42031 0.27519 0.060989 0.10167 0.54482 0.29124 -0.004038 0.050068 0.043677 0.053595 0.0065546 -0.0036896 0.016904 0.012673 -0.099541 0.076754 0.13828 0.12137 0.085694 -0.16208 0.35725 0.30293 0.043982 -0.03444 0.059758 0.067193 0.0018217 0.0025685 0.0058634 0.006481 -0.0049151 0.0039486 0.034325 0.026118 -0.0091853 0.013253 0.024517 0.028814 0.00044018 0.0027622 0.003655 0.0046991
0.0032446 -0.00033707 0.0032463 0.0005497 0.010202 0.00072683 0.023831 0.035192 0.029173 -0.056063 0.034667 0.06057 -0.00032636 -0.0020427 0.002928 0.0045052 0.0021015 -0.0010444 0.0028688 0.0023327 0.15274 -0.053454 0.55508 0.18981 0.044312 0.060147 0.41796 0.16816 0.0046591 0.015501 0.018666 0.018432 -3.2137e-05 0.00019369 0.00059577 0.0024573 0.036999 -0.037712 0.44989 0.17007 0.26308 -0.04342 0.30048 0.07583 -0.019765 -0.013261 0.037632 0.021376 -3.5763e-05 -5.0521e-05 4.6051e-05 9.6381e-05 0.022741 -0.0013289 0.052517 0.023213 0.013709 -0.0044233 0.03202 0.019586 -0.0021609 -0.00499 0.010452 0.0074019
-0.0036878 -0.0012165 0.006118 0.0046426 0.0040084 -0.0092687 0.045302 0.028689 0.0058556 -0.022329 0.037074 0.042404 -0.00069057 -0.0027512 0.0062515 0.0045847 -0.032977 -0.0066854 0.041517 0.025487 -0.0012286 0.028207 0.22698 0.18199 0.13442 0.062281 0.23843 0.59638 -0.017133 0.038278 0.033191 0.082595 -0.060082 0.02872 0.11632 0.06656 0.043975 0.0039719 0.22425 0.15289 0.08286 -0.032443 0.33267 0.4725 0.024308 -0.016027 0.060666 0.079981 0.0016556 -0.003487 0.0051262 0.012256 -0.013444 -0.015963 0.035562 0.023867 0.017861 0.0041804 0.062684 0.048134 0.0045706 0.0025301 0.007304 0.013436
-0.00039348 0.0039723 0.0035696 0.0069863 -0.010376 0.0094335 0.032212 0.03381 -0.0014304 0.021334 0.015734 0.042315 0.0024196 -0.0005425 0.0050828 0.0082092 -0.0072883 -0.0093886 0.032149 0.054034 0.045265 0.12705 0.30222 0.40606 0.10282 -0.039316 0.31269 0.43113 -0.026774 0.0073426 0.044913 0.039519 -0.0067978 0.0048248 0.064707 0.030151 0.061793 -0.013248 0.25897 0.35036 -0.060203 -0.041367 0.31677 0.32078 -0.034778 -0.015961 0.039505 0.024909 0.010571 -7.2221e-06 0.016287 0.0035996 -0.024893 -0.020704 0.039456 0.038788 -0.0022136 0.0106 0.018226 0.013233 0.00018522 0.0018403 0.0019906 0.0021318
-0.001322 -0.00040937 0.0023772 0.0028658 0.0026898 0.0005981 0.017651 0.016848 -0.0091538 -0.0065967 0.019649 0.012529 -0.00019499 0.0062274 0.0057249 0.0071786 0.0031889 -0.010401 0.025798 0.035334 -0.078127 -0.081027 0.22418 0.23676 0.18271 -0.0010147 0.38367 0.20309 -0.0095474 -0.00044848 0.081302 0.056532 0.013326 0.014231 0.038647 0.064522 -0.13468 -0.028291 0.16156 0.16676 0.20781 0.043177 0.39496 0.58611 -0.018314 -0.00036296 0.031166 0.060623 0.0029145 0.0010537 0.0081292 0.0055779 -0.028429 0.0194 0.048976 0.033218 0.052753 -0.011031 0.085436 0.047763 -0.0056057 -0.0050408 0.006437 0.0058209
-0.0015769 0.011439 0.0034791 0.01145 -0.015652 0.058081 0.021272 0.058687 -0.005641 0.075106 0.018611 0.075332 -0.0019602 0.0051815 0.0021867 0.0051867 -0.029604 -0.014092 0.043405 0.059387 -0.07758 -0.033401 0.27053 0.18284 0.16032 0.084886 0.28933 0.46855 -0.0017043 0.0066158 0.035738 0.07433 -0.010688 -0.011348 0.035911 0.046837 0.0061427 0.067555 0.21961 0.21348 0.29865 0.040698 0.39777 0.38461 -0.035586 0.038231 0.05421 0.073713 -0.001643 9.8818e-05 0.0036563 0.0025509 0.026521 0.0036548 0.034406 0.019341 -0.0038106 -0.025012 0.039964 0.048187 -0.00051071 -0.0024957 0.0080305 0.0078448
-0.00036792 -0.00084252 0.0015728 0.0019463 0.0066588 0.0022866 0.025355 0.012795 0.016472 0.053652 0.040499 0.059487 -4.3585e-05 -0.0042828 0.0039385 0.0047411 0.0024659 -0.0040421 0.015328 0.0063751 0.38888 0.050596 0.44991 0.10128 -0.17344 -0.063714 0.28955 0.168 -0.017427 -0.0095462 0.017844 0.011141 -0.0056409 -0.00032403 0.0087524 0.0063154 0.35034 -0.066352 0.40663 0.12548 -0.22729 -0.16802 0.22819 0.16802 -0.033269 -0.019237 0.033413 0.019568 0.00046918 -0.0027984 0.0013404 0.0028393 0.017172 0.0045124 0.042281 0.034656 -0.0261 -0.016339 0.0261 0.021298 -0.0001463 -0.00014172 0.0001463 0.0001463
-0.0026039 0.0023897 0.006744 0.0050376 -0.0094109 0.0026849 0.022781 0.023703 0.022662 0.018987 0.056965 0.054207 0.0026718 0.002354 0.0032178 0.0058178 0.0018538 0.0068455 0.04708 0.052071 0.053378 -0.039956 0.18241 0.15215 0.21722 0.027137 0.5018 0.29398 -0.010397 0.032468 0.042131 0.069439 -0.029112 -0.01385 0.06221 0.099064 -0.056574 -0.032638 0.22545 0.23249 0.15495 -0.13618 0.3614 0.45644 0.041273 -0.079727 0.063491 0.10122 -0.0014344 0.0037603 0.0046441 0.0049655 0.0022903 -0.001605 0.019652 0.040786 0.011623 -0.022139 0.016841 0.033294 -0.00080614 0.0017404 0.0022475 0.0047399
-0.0035276 0.00032586 0.0043635 0.0020809 -0.00067025 0.0040486 0.023212 0.033197 0.028565 0.0021024 0.076246 0.044512 -0.00066191 0.0069791 0.006352 0.010226 -0.006699 0.00091857 0.015856 0.019073 -0.11677 0.037699 0.35271 0.209 0.23491 -0.11167 0.3011 0.21652 0.027179 -0.014332 0.037344 0.047945 -0.0060069 -0.0012396 0.010789 0.01338 -0.11892 -0.051194 0.31515 0.21493 0.34293 0.1235 0.38784 0.36822 -0.00092317 0.030292 0.032989 0.068231 -0.0011067 0.0026682 0.0027762 0.0035405 -0.0006927 0.0054047 0.021568 0.021829 0.028465 -0.028724 0.055843 0.040976 -0.0038489 -0.011261 0.0059606 0.011374
0.0015143 0.0037463 0.0016065 0.0038146 0.018516 0.03771 0.033144 0.043924 0.023343 0.020513 0.033527 0.047137 -0.0039675 -0.00044347 0.0049948 0.0063321 0.003383 0.023691 0.033694 0.055417 0.018389 0.069578 0.40991 0.28859 0.11479 0.015041 0.31398 0.21104 -0.039224 -0.0016473 0.050876 0.033794 0.010106 0.01209 0.035056 0.051557 -0.066952 -0.028903 0.51199 0.2107 0.13119 -0.013097 0.37237 0.27933 -0.033297 0.0079752 0.051806 0.033312 -0.00322 -0.0098132 0.0082198 0.010203 0.015205 -0.019868 0.052101 0.064913 0.0050568 0.0087717 0.03173 0.060011 -0.0072694 0.0012831 0.0084054 0.0058189
0.0012157 0.0059046 0.0050066 0.0082465 0.033797 0.0019444 0.045483 0.043034 -0.037099 0.0015593 0.057294 0.028106 0.0021957 -0.0022101 0.0036892 0.0040853 0.0065087 -0.02022 0.017095 0.023064 0.08929 -0.043138 0.24241 0.22317 -0.10088 -0.13962 0.3482 0.33584 0.0036645 0.028506 0.030668 0.050825 -0.0078038 0.0052893 0.008765 0.0075966 -0.042883 -0.076509 0.39691 0.26443 0.16283 0.088716 0.34946 0.44174 -0.023778 -0.0020006 0.05049 0.054884 -0.00014801 0.00012839 0.00098663 0.0010398 0.0064944 0.0059958 0.034966 0.031971 0.011971 0.0046224 0.042301 0.063054 -0.00032194 0.00098748 0.0047792 0.012727
-0.0024977 0.0033908 0.0044538 0.0053033 0.023884 0.010081 0.04603 0.025912 -0.0042824 0.024187 0.10431 0.079498 0.0069176 0.0026288 0.009161 0.0047672 -0.041874 0.025403 0.05583 0.054701 0.2577 -0.13343 0.3597 0.32407 -0.032131 -0.10561 0.52356 0.29003 -0.0034666 0.0053403 0.017955 0.024658 -0.021085 -0.019136 0.054178 0.053145 -0.050376 0.042321 0.26998 0.16611 0.24189 -0.0070645 0.3023 0.094382 -0.023568 -0.017723 0.042765 0.025822 0.0025734 -0.0017109 0.0047057 0.0032041 -0.01019 0.0043078 0.056529 0.025035 0.010925 -0.011468 0.038931 0.023164 0.0049102 0.0012375 0.0056514 0.0063156
0.0025971 -0.0030743 0.0042346 0.004696 0.00553 -0.0023468 0.033303 0.014658 0.0007423 0.0018166 0.025258 0.03319 0.00050426 0.0034847 0.002949 0.0073347 0.014232 -0.0089363 0.043449 0.012341 -0.018999 -0.017459 0.19138 0.064694 0.40798 0.11201 0.53026 0.30475 -0.027067 0.0024432 0.065592 0.040799 0.037853 -0.01382 0.038118 0.015671 0.014195 0.026775 0.16725 0.090557 0.25771 -0.13709 0.3981 0.32434 -0.012032 -0.016248 0.022814 0.024623 0.00097313 -0.0006036 0.0010191 0.0010033 0.025071 -0.0066811 0.030675 0.012195 0.0072749 -0.0096828 0.015199 0.01474 0.0015533 0.00027431 0.0021799 0.0024594
0.0019973 -0.0028109 0.0029646 0.0030867 -0.0022462 0.0038201 0.02151 0.01669 -0.004892 -0.0018222 0.011749 0.012764 -0.001231 -0.00045707 0.0027326 0.0017184 -3.431e-05 -0.0081742 0.008002 0.016056 0.02411 -0.063984 0.077595 0.11231 0.010192 0.083632 0.27745 0.23959 0.021741 0.012188 0.058808 0.040833 -0.024268 0.016836 0.029698 0.037486 0.081413 0.0080759 0.29698 0.37989 0.0061759 -0.017039 0.44118 0.60488 0.034316 -0.018158 0.049832 0.035249 -0.0013614 0.0018932 0.0039792 0.0095663 0.0081348 0.051145 0.040438 0.079799 -0.013021 -0.0069337 0.049147 0.075797 0.00079066 0.0098125 0.0059301 0.013871
0.00014413 0.00061936 0.0042675 0.005463 -0.01897 -0.02031 0.040346 0.033247 0.032407 -0.031719 0.036832 0.037866 -0.0052535 -0.0078207 0.0062346 0.010987 -0.00045921 0.015496 0.042512 0.053196 -0.16866 -0.0056614 0.18791 0.11603 0.25441 0.048249 0.35669 0.31464 0.0042602 0.041295 0.046492 0.060671 0.012029 -0.01541 0.054582 0.048524 -0.21389 0.10301 0.34447 0.19129 0.32355 -0.0018648 0.46162 0.23549 -0.02876 -0.02852 0.040261 0.048664 0.011179 -0.0029053 0.012374 0.0050032 -0.042626 -0.018444 0.049868 0.031942 0.040953 0.011856 0.050485 0.042064 -0.0033463 9.995e-05 0.0068714 0.004433
-0.00072991 0.00066011 0.00085085 0.00067016 -0.031332 0.04082 0.070876 0.046219 0.034111 0.035346 0.039765 0.039309 -0.00067405 0.0011695 0.0013962 0.0012746 -0.0070502 -0.010846 0.017667 0.02239 0.017499 -0.03043 0.51878 0.33231 -0.060151 -0.066126 0.24392 0.28626 0.013262 -0.012477 0.034951 0.040824 -0.018514 -0.023877 0.053031 0.071503 0.039159 -0.10754 0.34118 0.36193 0.1609 0.04779 0.23188 0.28584 -0.042101 -0.0076651 0.065243 0.030103 -0.001608 -0.0042724 0.0035031 0.0060924 -0.0038699 -0.016731 0.028712 0.033329 0.01966 -0.050948 0.042831 0.055243 -0.0055736 -0.0023008 0.0056816 0.0028525
-0.0022984 0.0077261 0.0049344 0.012348 -0.0062591 0.0081397 0.024245 0.028866 0.049669 -0.020245 0.060303 0.07767 0.0015724 -0.0082742 0.0086774 0.013559 -0.017144 -0.041492 0.042498 0.086489 -0.12651 -0.016228 0.22684 0.33789 0.18811 -0.089011 0.55418 0.4207 -0.003984 -0.01768 0.05493 0.051292 0.0029295 0.0062013 0.032298 0.037048 -0.04774 -0.01018 0.19869 0.24118 0.14452 0.11944 0.27245 0.18469 -0.0079532 0.019406 0.01761 0.021021 0.00088052 -0.00076172 0.0022152 0.0045365 -0.0069206 0.024358 0.026442 0.029364 0.050614 -0.0046737 0.06169 0.05364 -0.0052483 0.0012604 0.0059884 0.0050694
0.002033 -0.0019397 0.0031942 0.0040228 -0.0035448 -0.002729 0.024595 0.03129 0.0146 -0.0050778 0.041705 0.029552 0.0031893 -0.0037094 0.013272 0.011481 0.00034644 -6.9111e-05 0.015872 0.015101 0.094531 -0.12827 0.17589 0.20661 0.1344 0.079928 0.30188 0.42641 -0.0010979 0.017253 0.054675 0.075482 0.01217 -0.013452 0.024288 0.023623 -0.032408 0.064491 0.095414 0.10926 0.45611 -0.084702 0.477 0.32468 -0.030502 -0.0050537 0.064028 0.058507 0.0063873 -0.0091064 0.0066523 0.0092504 0.011621 -0.026869 0.025233 0.03215 0.012703 -0.018709 0.029374 0.02275 0.0092167 -0.0039824 0.0099087 0.007182
0.0074808 0.002182 0.0075336 0.0026415 0.012349 0.0032462 0.02695 0.026768 0.027472 0.0092244 0.047705 0.061149 -0.010638 0.011614 0.010677 0.014339 0.015097 0.025321 0.083672 0.078737 -0.041436 0.023463 0.37533 0.217 0.09079 -0.043121 0.26699 0.25827 0.0094841 -0.00085237 0.039736 0.068291 -0.04152 -0.0097891 0.073416 0.047757 0.042146 0.12022 0.31804 0.29448 0.064206 0.12568 0.49629 0.35912 0.06585 0.011905 0.074007 0.035131 0.0022606 -0.0017156 0.0034367 0.0031884 0.0083113 -0.002487 0.031851 0.034724 0.013715 0.0037943 0.087734 0.039398 0.0064251 -0.00032896 0.017892 0.0050333
0.0041397 -0.0015288 0.0073491 0.0055217 -0.014216 -0.0086084 0.024703 0.02409 -0.0034708 0.014963 0.028238 0.04048 0.0041901 0.00019252 0.0080769 0.012006 -0.024882 0.0022186 0.031327 0.025165 0.07949 0.021571 0.10402 0.10694 0.23543 0.00054448 0.36151 0.39331 -0.0090406 0.034661 0.055455 0.061896 -0.0092127 -0.0037694 0.026919 0.030352 0.10934 0.03112 0.15509 0.13895 0.13013 0.14396 0.30571 0.62984 0.0028594 0.0025496 0.043664 0.10743 0.0036649 0.0013935 0.0042558 0.0041523 0.005716 0.016096 0.074828 0.034747 0.03426 -0.0035742 0.070168 0.051492 0.0022051 -0.0017192 0.0037551 0.0038843
0.007827 0.00076256 0.0079032 0.0025272 0.013441 0.0031413 0.038955 0.021277 -0.0050623 -0.00015434 0.019926 0.029412 0.0010799 -0.0022957 0.0041818 0.0053624 0.047851 0.019137 0.047868 0.020307 -0.050084 0.050121 0.38005 0.22948 0.017444 0.055444 0.33988 0.34002 0.016644 0.0022879 0.031385 0.04411 0.065134 -8.548e-05 0.06528 0.030623 -0.23147 0.0042981 0.30309 0.35696 0.24305 -0.021207 0.41224 0.17964 -0.022227 0.012368 0.043392 0.046734 0.0015587 -0.00030451 0.0027406 0.0031346 0.0042283 -0.0026698 0.0085328 0.020323 0.0086657 -0.019812 0.016006 0.03227 0.0031212 -0.00076916 0.0060986 0.0073688
0.0034576 0.010708 0.0067302 0.013554 0.02645 -0.025581 0.060159 0.05126 0.040778 -0.048191 0.095566 0.12873 -0.0038198 -0.00061213 0.017571 0.011254 -0.028769 -0.022347 0.050706 0.090194 -0.10065 -0.0012438 0.32628 0.22207 0.13704 -0.03923 0.31505 0.4432 0.021498 -0.01138 0.068655 0.056115 0.00091777 -0.013939 0.023864 0.052267 -0.0092359 0.047822 0.16528 0.17098 0.29194 0.13526 0.43513 0.27276 -0.037819 0.02031 0.044522 0.030708 0.00024145 -0.0056741 0.0040924 0.016033 -0.0018324 -0.012202 0.028103 0.044382 0.014435 -0.081989 0.062146 0.1022 -0.0034835 -0.015516 0.0058516 0.01786
-0.0024696 -0.0055282 0.0084776 0.01594 -0.0062689 -0.01097 0.022964 0.028278 0.0093558 -0.0073864 0.031719 0.046151 -0.0012756 0.0063838 0.0063737 0.0070314 -0.041479 -0.0012012 0.050572 0.035157 0.0051545 0.0075857 0.16398 0.13561 0.13272 0.0086164 0.26352 0.31938 0.0013416 -0.015593 0.060667 0.060913 -0.0099655 -0.018185 0.023357 0.024903 -0.0082857 0.14013 0.22266 0.27676 0.33775 0.084698 0.48426 0.44665 -0.022081 0.039055 0.07587 0.078856 0.0012219 0.00042708 0.0030048 0.0071556 -0.038856 -0.0018146 0.13832 0.046731 0.046374 0.016604 0.058877 0.03896 -0.00055682 0.002706 0.0063485 0.0063559
0.0037138 -0.00016317 0.0054992 0.0057775 0.011746 -0.0028313 0.058284 0.055125 -0.0068301 0.012602 0.036256 0.049569 0.005164 0.00062078 0.0077871 0.0037592 -0.025432 -0.0071515 0.071698 0.055576 -0.057631 -0.049456 0.21706 0.135 0.065794 -0.11382 0.385 0.32467 0.023496 -0.018589 0.044764 0.043228 0.0052262 0.001561 0.046452 0.064346 -0.0026623 -0.028893 0.33797 0.16911 -0.07507 0.12055 0.37482 0.53502 0.060564 0.0043464 0.075027 0.069562 0.0050927 0.0025696 0.01093 0.0049163 -0.0055566 -0.0076148 0.047339 0.030689 0.0014972 -0.010247 0.12467 0.050898 0.015841 0.0043923 0.020828 0.0098183
-0.0013782 -0.0034947 0.0070195 0.0049596 0.00092101 0.014159 0.02037 0.025143 -0.013612 -0.013196 0.039585 0.032562 0.001806 -0.0044568 0.0066136 0.0070097 -0.0036694 -0.011773 0.016265 0.020937 -0.046678 -0.11424 0.19668 0.13373 0.23512 0.11201 0.4184 0.28885 -0.059534 0.042647 0.10539 0.098483 -0.0016323 -0.0080904 0.014191 0.018002 0.035037 0.00059154 0.23692 0.19167 0.24952 -0.033285 0.41327 0.44731 0.046395 0.028474 0.056886 0.063647 -0.00093688 -0.00024068 0.001295 0.0013623 0.06303 0.040686 0.064884 0.071206 -0.017582 0.072856 0.048694 0.089459 0.0070802 -0.0037989 0.01058 0.012182
0.00093682 0.0016504 0.0076764 0.0026041 0.016522 0.033685 0.054528 0.054011 -0.023646 0.030846 0.046941 0.044582 -0.0044451 0.003682 0.0046109 0.0038125 0.023879 0.0060392 0.04478 0.016683 0.084701 -0.045921 0.3438 0.2479 0.10386 -0.02579 0.30767 0.21724 -0.096754 0.033861 0.11203 0.04175 0.019714 -0.0077333 0.048096 0.026386 0.18818 -0.058493 0.43994 0.38994 0.044654 0.034283 0.27962 0.34246 -0.054474 -0.0097125 0.10932 0.023613 0.00068515 -0.00061671 0.0018306 0.0038715 0.030367 0.0031988 0.065247 0.040561 -0.007051 -0.026863 0.060247 0.057117 -0.01082 -0.0015548 0.012344 0.0069516
-0.0017882 0.0013029 0.0021618 0.0036032 0.040082 -0.059327 0.048825 0.07122 0.0010814 -0.027842 0.070013 0.036724 -0.0021732 -0.0020491 0.002341 0.0027296 -0.015204 -0.0043472 0.024519 0.024848 0.13898 0.033304 0.23289 0.17903 0.030162 -0.068752 0.53595 0.30291 0.0034201 0.010935 0.031282 0.062654 -0.0011909 -0.01058 0.016516 0.02159 -0.013208 -0.12827 0.13913 0.13453 0.32821 0.1141 0.40338 0.36495 -0.013792 -0.016114 0.042057 0.05766 -2.7159e-05 0.00027435 0.0010619 0.00093628 0.0029606 0.0078152 0.011037 0.010669 0.019849 -0.043085 0.02435 0.045874 0.0025108 -0.0038474 0.0029136 0.0092716
0.00010061 -0.0029662 0.0035187 0.0055307 0.005768 0.010091 0.031933 0.025141 0.0078731 -0.015518 0.016714 0.023922 0.00025613 -0.001415 0.0030169 0.0026832 -0.0016231 0.010675 0.011995 0.015507 0.098311 0.03497 0.3012 0.18215 0.15748 -0.028351 0.24115 0.39899 -0.018811 0.0050661 0.04199 0.061916 0.0009453 -0.0035569 0.015256 0.015759 -0.11965 -0.047218 0.26373 0.19978 0.40919 0.098376 0.45718 0.28891 0.0097056 0.0064996 0.032833 0.06848 0.0014962 0.00051052 0.0021817 0.002528 -0.01099 0.012654 0.02537 0.021255 0.0067045 -0.054557 0.044016 0.065648 -0.0018574 -0.0059761 0.0032167 0.0074196
0.0021668 0.0031453 0.0023863 0.0032409 0.02974 0.029251 0.032678 0.031247 0.017195 0.011992 0.061471 0.054293 -0.0047463 0.0014031 0.012212 0.0040702 0.0032555 0.04146 0.034782 0.05067 0.025315 0.046763 0.11894 0.15065 0.1526 -0.09393 0.54346 0.30196 0.032187 0.0085935 0.076802 0.033831 0.062995 -0.036347 0.062995 0.036416 -0.12907 0.054552 0.35447 0.20237 0.10229 0.02638 0.43853 0.32855 0.026167 0.0033747 0.041478 0.032813 0.0065104 -0.0027256 0.0065414 0.0029899 -0.0029971 -0.010463 0.040475 0.02799 0.01721 -0.0018821 0.044727 0.012304 0.0016523 -8.121e-05 0.0037712 0.0043902
0.0057201 -0.0010146 0.0078949 0.0047177 -0.029981 0.023068 0.056172 0.030204 0.01965 -0.0026114 0.022245 0.01868 0.001057 -0.0030896 0.007712 0.0097941 0.046524 -0.011193 0.046524 0.030959 -0.20559 0.01451 0.25928 0.23038 0.28713 0.035122 0.5623 0.27 -0.038494 -0.015717 0.060882 0.072261 0.037522 -0.011092 0.039098 0.022674 -0.13097 -0.052553 0.27845 0.25615 0.15015 -0.045461 0.30909 0.22054 -0.0098345 0.011908 0.020168 0.017016 0.005358 -0.00031988 0.0057409 0.0018525 -0.013148 0.0086756 0.048291 0.025807 0.021686 0.00476 0.029318 0.016788 -0.0016838 -0.0048154 0.0031573 0.0056421
-0.0011693 -0.0030524 0.0056353 0.0049511 -0.010975 -0.013507 0.044866 0.049039 0.054682 -0.041963 0.080932 0.065459 -0.0064328 -0.0036562 0.010569 0.012964 -0.016894 -0.011302 0.02782 0.022566 0.050194 -0.10658 0.26293 0.2641 0.20214 0.058836 0.38639 0.28928 -0.066183 -0.033605 0.11519 0.078759 -0.0017015 -0.010362 0.0093681 0.026199 0.13216 -0.050195 0.25314 0.28614 0.13631 -0.0091652 0.33475 0.43629 0.032513 0.048842 0.094206 0.099122 -0.00097562 4.4617e-05 0.0023239 0.0017403 -0.0035929 0.012013 0.017896 0.022374 0.061355 -0.025808 0.067405 0.048587 -0.00042961 -0.0065207 0.0049832 0.011291
0.00063393 0.0014096 0.0060851 0.0060115 0.0032314 0.0059254 0.031314 0.041477 -0.032486 0.01427 0.060192 0.032889 0.00037786 -0.0013358 0.0056746 0.0086246 -0.025704 0.0012981 0.05615 0.052344 0.27278 0.073608 0.38034 0.16999 -0.32594 0.20703 0.35884 0.24015 0.050051 0.097291 0.097258 0.11343 -0.00052127 0.030106 0.11085 0.055268 0.15614 -0.022186 0.28855 0.22828 -0.10719 -0.090709 0.19348 0.25422 0.064566 -0.02855 0.12996 0.17013 0.00092873 -0.004509 0.011876 0.011367 0.0014164 -0.019125 0.022555 0.037329 -0.035872 -0.01309 0.056223 0.066158 0.0094588 -0.011755 0.011806 0.017848
0.00084132 -0.0019957 0.0056454 0.011433 -0.019766 -0.024175 0.028025 0.06647 0.019605 0.020761 0.054683 0.058204 -0.00010012 0.00055367 0.0090479 0.010271 0.0085012 -0.00010694 0.01682 0.02734 -0.043017 -0.075351 0.17634 0.26887 0.13229 0.10238 0.32299 0.29128 0.006727 0.0060992 0.044345 0.059276 0.013082 0.0014489 0.025656 0.026501 -0.019831 0.19348 0.221 0.35731 0.20363 -0.013553 0.44818 0.39605 0.024705 0.045385 0.052876 0.11444 0.0028171 -0.001173 0.0042199 0.0048091 -0.0029476 -0.036056 0.034769 0.047388 0.040539 -0.027438 0.092659 0.041268 0.00095518 -0.0056245 0.0069914 0.012772
